41 18 36 1 4 
1 83 1 12 1 2 
25 14 53 7 1 
27 54 16 1 2 
1 61 38 
1 56 7 32 1 1 2 
2 61 3 22 7 4 1 
1 57 41 1 
3 33 17 26 7 4 1 9 
1 7 86 3 2 1 
1 98 1 
13 13 39 6 29 
1 72 26 1 
1 17 48 12 21 1 
1 40 26 6 2 24 1 
6 1 65 23 4 1 
1 37 12 33 1 11 3 2 
85 14 1 
24 10 54 7 1 3 1 
7 65 3 18 5 2 
2 92 4 1 1 
1 48 34 7 6 3 1 
6 4 83 6 1 
1 10 39 47 1 1 1 
1 22 19 7 18 4 10 9 6 2 1 1 
16 30 15 36 1 1 1 
22 39 14 6 10 2 7 
20 49 28 2 1 
50 9 9 12 6 11 3 
2 56 9 30 2 1 
1 65 1 32 1 
3 30 27 5 34 1 
1 33 3 58 4 1 
9 54 37 
2 14 78 5 1 
10 73 3 8 1 4 1 
4 32 41 16 6 1 
5 78 10 4 3 
3 83 4 2 6 1 1 
1 13 7 50 17 8 4 
2 45 15 6 4 6 10 7 3 2 
7 25 53 10 3 1 1 
5 62 21 11 1 
1 51 5 31 11 1 
1 39 44 4 4 3 5 
1 58 38 1 1 1 
3 5 46 17 12 17 
1 89 1 8 1 
1 97 2 
1 74 19 4 1 1 
1 22 65 5 1 6 
6 42 7 19 2 15 8 1 
1 52 29 2 12 4 
1 13 9 2 33 1 35 5 1 
5 38 46 4 7 
3 55 19 11 5 2 2 3 
92 4 4 
7 60 17 11 5 
1 89 5 2 2 1 
1 47 29 7 2 6 3 1 2 1 1 
2 91 5 1 1 
7 60 21 12 
4 86 7 2 1 
1 22 60 8 5 4 
4 96 
1 67 15 4 5 8 
15 35 17 29 3 1 
16 76 7 1 
3 97 
2 31 4 13 35 9 5 1 
13 38 44 2 3 
1 82 13 1 3 
1 86 5 6 2 
1 58 5 17 12 2 1 1 2 1 
1 59 40 
1 44 49 4 2 
1 45 47 2 5 
86 1 7 5 1 
4 69 24 1 2 
10 35 10 25 3 4 12 1 
1 91 6 2 
17 31 12 22 6 3 2 1 4 1 1 
1 80 10 4 1 2 1 1 
1 7 49 27 1 1 1 8 5 
1 11 13 64 11 
1 24 27 6 10 4 9 11 5 3 
27 4 17 17 8 3 3 16 1 2 1 1 
1 73 23 3 
18 77 1 4 
1 40 8 47 4 
1 85 13 1 
3 95 1 1 
12 8 16 18 6 40 
2 16 77 3 1 1 
7 25 60 2 6 
1 68 28 2 1 
2 8 90 
45 33 7 7 1 2 3 2 
3 20 54 5 4 2 7 1 1 2 1 
2 25 33 15 5 1 2 13 2 2 
2 3 41 34 10 1 9 
2 65 7 25 1 
4 91 3 2 
1 47 19 12 21 
3 96 1 
30 55 13 2 
1 17 80 2 
5 95 
4 89 7 
1 95 3 1 
5 36 31 25 2 1 
1 6 85 3 1 1 3 
11 43 8 37 1 
1 83 3 13 
1 69 15 8 7 
2 25 71 2 
1 83 11 1 3 1 
1 45 39 5 10 
4 52 34 8 1 1 
2 72 26 
1 21 27 32 9 6 2 1 1 
1 54 37 4 1 1 2 
2 76 5 11 6 
99 1 
28 63 5 4 
69 3 14 10 1 1 2 
1 47 16 22 10 4 
1 86 11 2 
36 64 
1 85 8 4 2 
1 69 6 11 10 2 1 
6 75 19 
5 89 1 4 1 
8 9 43 9 22 6 3 
2 53 4 40 1 
3 56 16 19 1 5 
21 32 32 14 1 
74 14 5 4 3 
3 37 8 49 3 
8 22 2 14 6 47 1 
1 88 9 1 1 
2 41 7 18 26 6 
1 36 13 18 17 5 3 3 1 1 1 1 
2 10 23 10 4 31 18 2 
1 38 61 
48 16 8 25 1 2 
2 90 4 2 2 
1 35 31 15 14 4 
1 88 1 4 3 2 1 
5 40 10 18 19 5 2 1 
30 50 18 1 1 
8 24 41 4 20 2 1 
1 65 17 3 9 4 1 
8 43 8 4 3 4 7 6 11 2 4 
4 81 9 2 1 2 1 
1 42 47 3 2 4 1 
9 62 27 1 1 
78 9 6 6 1 
21 16 53 6 1 2 1 
2 4 60 12 2 17 3 
1 89 5 4 1 
18 5 46 6 25 
1 8 6 3 11 70 1 
19 65 2 13 1 
1 87 10 1 1 
13 33 46 6 2 
3 11 3 62 12 4 2 3 
3 60 33 4 
3 27 31 4 4 1 25 4 1 
52 25 17 2 3 1 
25 16 22 16 14 6 1 
2 98 
5 88 1 3 3 
57 6 1 17 9 4 4 2 
26 48 12 9 1 3 1 
8 7 25 14 23 20 1 1 1 
1 58 9 13 15 4 
3 4 33 51 5 1 3 
10 56 30 4 
1 32 28 18 12 2 7 
1 23 56 3 12 1 3 1 
2 46 5 36 8 2 1 
2 76 1 10 4 1 3 3 
1 84 3 1 8 2 1 
1 3 23 46 8 4 10 3 1 1 
1 38 31 9 21 
16 41 28 9 2 4 
15 75 7 2 1 
2 20 42 30 6 
1 70 24 5 
1 70 16 3 1 9 
2 5 37 56 
1 21 10 1 64 3 
1 10 79 7 3 
1 79 19 1 
59 11 22 8 
2 11 57 23 5 1 1 
6 50 20 16 8 
1 36 6 43 13 1 
81 6 3 7 3 
1 83 5 4 1 6 
1 46 25 19 7 2 
1 95 1 3 
36 7 40 15 2 
4 38 35 8 5 1 9 
2 28 16 50 1 2 1 
2 48 19 26 4 1 
1 45 31 21 2 
1 84 13 2 
1 55 2 1 34 5 2 
5 17 14 64 
2 16 80 1 1 
3 10 8 16 31 14 6 6 3 1 2 
100 
27 29 33 6 3 2 
1 31 16 17 3 14 14 1 2 1 
17 65 11 4 3 
54 33 12 1 
3 24 73 
100 
3 49 28 1 14 2 3 
3 4 60 33 
1 97 2 
10 46 42 2 
24 46 20 7 1 2 
2 25 67 3 3 
7 66 5 1 1 7 1 5 7 
1 97 1 1 
5 32 41 1 21 
9 63 15 5 4 4 
20 42 38 
1 25 13 57 1 3 
22 16 23 20 9 10 
28 13 37 4 15 2 1 
34 12 29 17 2 2 3 1 
1 92 5 2 
1 5 91 1 2 
2 61 14 1 10 6 6 
1 50 22 21 4 1 1 
3 42 2 45 2 5 1 
10 75 6 9 
2 97 1 
1 10 18 3 31 1 29 6 1 
70 14 12 3 1 
5 76 15 1 3 
98 1 1 
1 34 36 13 16 
51 12 4 7 17 8 1 
1 29 30 35 4 1 
6 8 73 6 4 1 1 1 
2 89 4 4 1 
3 61 30 2 4 
2 84 14 
95 4 1 
25 19 9 26 12 8 1 
1 77 13 6 3 
6 92 1 1 
4 80 16 
1 54 40 5 
60 30 7 1 2 
20 72 8 
1 76 2 5 9 4 2 1 
3 86 8 3 
5 90 3 2 
44 25 15 3 12 1 
1 99 
1 72 23 2 2 
3 80 17 
50 21 15 9 5 
10 48 42 
1 95 3 1 
1 75 1 22 1 
1 96 3 
2 68 17 8 5 
31 20 35 8 6 
1 33 3 49 8 1 3 2 
8 73 19 
2 92 3 2 1 
14 33 18 35 
25 73 1 1 
37 58 3 1 1 
82 6 7 3 2 
5 47 48 
3 28 52 13 1 2 1 
4 27 28 19 1 17 4 
28 51 17 4 
79 5 11 1 1 1 2 
6 73 21 
1 92 6 1 
77 13 3 3 1 1 2 
4 4 84 5 2 1 
1 72 10 15 2 
1 36 20 8 2 26 1 1 4 1 
1 37 56 6 
1 71 27 1 
96 4 
77 5 2 2 10 4 
54 29 5 10 2 
1 42 33 19 3 2 
85 2 9 4 
42 39 19 
97 1 2 
6 31 10 52 1 
1 88 11 
74 4 10 2 6 4 
3 59 38 
96 1 2 1 
3 95 1 1 
14 86 
1 11 24 44 1 12 6 1 
55 32 3 9 1 
1 62 29 7 1 
2 33 49 13 3 
1 64 5 19 5 1 1 1 3 
8 69 21 1 1 
5 35 45 14 1 
11 32 14 22 11 7 3 
4 44 17 9 25 1 
1 85 14 
1 68 1 30 
1 3 69 27 
1 23 59 13 3 1 
1 65 1 2 7 24 
4 91 2 2 1 
1 75 24 
10 54 36 
20 7 11 42 17 3 
25 22 13 10 1 15 2 9 3 
5 83 3 3 2 1 1 2 
97 3 
2 70 5 21 1 1 
42 23 15 14 6 
3 27 3 4 45 13 5 
1 1 29 49 1 4 12 3 
5 37 8 41 9 
97 1 1 1 
99 1 
1 30 54 3 2 3 2 4 1 
1 4 35 51 5 3 1 
5 36 12 30 17 
1 32 5 51 6 1 1 3 
1 68 24 6 1 
1 54 12 6 6 19 1 1 
2 38 58 2 
1 29 20 2 2 44 1 1 
1 39 2 54 4 
1 21 61 4 1 4 7 1 
2 63 32 2 1 
1 33 42 23 1 
3 89 8 
2 41 53 2 1 1 
1 50 30 18 1 
2 87 1 4 5 1 
1 8 84 1 3 2 1 
16 31 2 30 1 3 9 3 3 1 1 
1 47 30 7 12 3 
3 61 36 
44 1 32 19 3 1 
42 46 12 
1 88 7 4 
25 51 19 3 2 
67 11 7 2 8 5 
1 42 34 20 1 1 1 
99 1 
1 71 28 
2 80 3 7 4 2 2 
23 37 25 7 7 1 
48 15 23 6 5 3 
3 91 6 
98 1 1 
29 45 5 20 1 
1 71 14 8 2 4 
1 5 11 39 36 1 4 2 1 
61 32 3 4 
100 
6 9 76 4 5 
19 61 2 11 4 3 
65 26 7 2 
85 8 2 5 
14 24 54 3 1 2 2 
1 6 46 47 
4 82 12 1 1 
3 10 16 64 2 5 
1 1 30 10 43 1 7 1 3 2 1 
2 79 7 8 1 3 
5 17 72 5 1 
4 2 57 33 1 2 1 
13 75 2 6 2 1 1 
1 92 7 
2 75 2 6 15 
7 6 33 37 3 3 6 2 3 
69 11 19 1 
3 62 32 1 2 
2 38 25 2 24 6 3 
3 3 6 22 60 4 2 
2 59 26 13 
1 3 41 25 2 5 6 9 4 4 
21 55 2 5 15 1 1 
5 11 63 7 5 2 5 2 
78 9 4 4 5 
1 55 44 
2 85 13 
5 29 50 8 1 7 
3 84 12 1 
5 23 68 4 
1 81 3 2 3 8 2 
6 76 17 1 
3 53 3 7 14 20 
5 79 16 
1 78 3 10 2 2 1 3 
1 99 
81 1 3 4 3 4 3 1 
1 26 13 4 34 11 4 3 4 
4 86 3 4 3 
2 56 20 5 12 2 2 1 
4 59 36 1 
1 17 48 12 15 5 2 
8 84 8 
12 52 12 17 7 
1 22 46 28 3 
17 67 8 5 2 1 
3 44 38 10 1 1 3 
1 95 3 1 
1 72 3 5 13 5 1 
24 27 41 7 1 
4 28 45 8 14 1 
5 39 22 14 9 11 
1 83 11 4 1 
2 74 14 10 
1 31 8 49 11 
49 17 13 16 1 3 1 
35 37 3 15 6 3 1 
1 16 52 16 4 10 1 
89 7 2 2 
19 35 31 11 2 2 
11 61 27 1 
84 11 5 
1 30 67 2 
1 83 4 3 9 
24 52 2 3 6 11 2 
1 20 47 9 15 5 2 1 
5 84 3 2 3 2 1 
25 38 11 3 5 6 5 2 5 
1 15 20 36 1 27 
1 12 85 2 
11 66 8 2 6 4 3 
44 36 4 4 9 1 1 1 
18 30 30 3 8 8 3 
1 75 24 
11 19 9 55 5 1 
3 67 26 4 
4 10 8 28 19 11 11 1 3 1 1 2 1 
67 5 22 5 1 
2 5 8 9 51 11 11 3 
1 41 26 20 4 4 4 
1 33 40 3 8 7 1 2 1 3 1 
94 6 
1 26 2 31 34 3 1 2 
3 5 36 53 3 
19 63 17 1 
3 77 8 3 8 1 
22 5 71 2 
77 18 4 1 
3 67 27 2 1 
7 27 43 6 10 2 3 2 
81 7 9 1 2 
77 19 4 
4 32 64 
4 34 62 
1 67 28 4 
1 52 5 38 1 2 1 
1 6 69 18 1 5 
37 33 9 16 1 4 
18 74 8 
3 42 44 10 1 
98 1 1 
14 53 10 12 2 8 1 
6 28 38 11 7 4 3 3 
7 41 24 1 27 
1 77 12 8 2 
1 57 28 10 4 
3 23 74 
2 69 24 5 
5 93 2 
3 81 11 4 1 
1 46 8 8 13 14 7 1 1 1 
1 82 5 7 5 
57 15 19 7 2 
1 77 22 
1 47 23 17 7 2 3 
6 44 48 2 
6 93 1 
1 37 1 30 17 8 5 1 
19 76 4 1 
2 31 58 1 2 4 1 1 
1 32 6 11 14 5 4 21 4 2 
2 52 22 4 13 1 2 4 
7 68 8 1 12 2 1 1 
1 84 2 11 2 
1 24 75 
1 98 1 
1 25 71 2 1 
2 78 19 1 
41 41 8 10 
85 9 2 2 1 1 
1 86 7 4 2 
1 30 63 3 1 2 
6 22 70 2 
1 43 23 23 1 5 2 1 1 
1 85 1 8 1 2 2 
84 1 2 13 
2 98 
1 35 31 24 9 
51 47 2 
1 82 17 
3 47 15 4 11 12 3 4 1 
4 20 29 9 9 17 7 4 1 
10 47 2 36 5 
1 64 35 
48 39 12 1 
1 46 53 
4 26 31 36 1 2 
1 1 85 3 3 1 4 2 
1 84 9 2 1 3 
1 19 8 18 28 14 8 4 
31 64 1 2 2 
1 63 28 6 2 
1 44 40 7 1 5 1 1 
2 43 55 
20 60 13 6 1 
1 85 13 1 
1 38 11 15 2 23 10 
3 76 5 13 2 1 
11 57 32 
1 79 8 12 
4 93 2 1 
1 37 5 27 26 3 1 
3 46 7 39 3 2 
1 14 41 40 2 2 
12 28 39 8 3 7 3 
10 21 29 29 3 1 1 5 1 
32 19 49 
8 4 72 12 3 1 
87 3 6 4 
1 25 60 4 5 3 1 1 
1 89 8 2 
1 21 56 4 14 1 3 
22 71 6 1 
1 15 83 1 
32 51 7 4 6 
63 21 1 4 4 6 1 
2 30 44 22 1 1 
28 35 19 8 10 
1 43 56 
89 10 1 
3 97 
1 6 51 11 22 1 2 3 2 1 
1 34 38 24 2 1 
4 51 38 5 2 
1 16 61 6 10 4 2 
1 77 21 1 
6 24 48 10 3 5 4 
5 47 7 28 13 
5 70 17 6 1 1 
6 79 15 
1 39 56 3 1 
2 45 50 1 1 1 
6 13 72 2 3 4 
13 34 3 35 3 11 1 
1 10 49 14 23 1 2 
1 72 1 21 4 1 
2 75 10 3 6 3 1 
2 71 8 16 3 
1 68 26 2 1 2 
1 92 7 
14 76 10 
14 72 7 1 1 4 1 
1 73 20 2 2 1 1 
9 7 10 47 14 2 8 1 1 1 
4 78 5 11 2 
1 18 10 40 22 4 4 1 
3 97 
4 71 18 4 1 2 
11 82 1 1 3 2 
1 38 25 3 21 3 8 1 
74 15 1 2 8 
7 86 1 1 1 2 2 
2 52 12 12 16 4 1 1 
2 41 57 
4 21 75 
2 71 27 
1 40 13 18 20 5 3 
8 36 30 13 3 8 1 1 
1 65 14 4 1 3 7 2 1 1 1 
1 15 48 29 7 
1 31 6 21 20 10 6 1 4 
1 14 83 2 
4 92 2 2 
1 22 7 26 5 37 1 1 
1 65 34 
16 36 23 10 10 3 2 
2 18 59 2 14 4 1 
1 86 12 1 
13 60 17 10 
33 20 12 4 17 1 4 7 2 
1 89 3 5 2 
6 73 20 1 
18 79 3 
2 17 28 39 6 2 6 
7 62 11 5 3 9 2 1 
2 88 7 3 
4 52 23 21 
3 80 15 2 
7 16 33 29 4 6 4 1 
2 54 43 1 
19 57 6 2 13 1 2 
2 13 6 27 4 24 8 1 4 4 2 4 1 
9 72 19 
18 50 19 12 1 
1 93 5 1 
8 67 14 4 7 
12 4 71 13 
2 92 4 2 
1 77 21 1 
1 46 39 4 1 1 5 1 1 1 
1 29 68 2 
8 77 12 1 2 
2 92 4 2 
22 71 7 
1 75 24 
2 42 56 
92 2 2 2 2 
44 20 17 11 3 5 
1 89 4 2 3 1 
20 56 7 10 2 1 3 1 
16 52 13 4 2 1 12 
3 47 12 20 10 4 4 
5 32 42 11 6 1 2 1 
3 14 51 24 6 2 
1 96 3 
1 51 48 
1 11 88 
7 2 51 36 4 
2 36 44 7 11 
71 28 1 
12 45 34 2 2 1 3 1 
1 43 8 30 18 
1 13 51 12 1 13 9 
1 8 57 18 10 6 
7 93 
3 95 1 1 
1 8 83 4 1 1 1 1 
1 14 13 6 8 41 1 14 1 1 
5 10 78 6 1 
100 
7 58 32 3 
3 76 20 1 
1 89 10 
1 74 9 6 3 4 2 1 
2 70 14 11 3 
1 39 29 26 5 
2 25 14 8 36 13 1 1 
29 3 15 30 9 3 2 8 1 
2 45 30 5 16 2 
1 78 20 1 
3 76 13 3 4 1 
1 82 17 
1 41 28 5 22 1 2 
6 66 22 1 4 1 
1 30 3 29 21 14 2 
2 17 16 22 12 18 13 
1 80 5 7 2 5 
71 12 14 2 1 
4 47 39 10 
1 87 4 5 1 1 1 
39 9 37 14 1 
2 4 78 8 5 2 1 
4 40 34 21 1 
5 68 19 8 
1 48 39 11 1 
8 51 40 1 
33 31 14 5 4 9 2 2 
1 44 55 
2 21 66 1 2 1 2 3 1 1 
2 60 29 1 6 1 1 
2 60 1 28 9 
1 28 71 
1 85 10 2 2 
1 63 31 5 
61 27 1 6 4 1 
1 60 12 21 6 
15 74 1 2 3 4 1 
2 77 5 4 12 
2 11 54 30 3 
100 
1 74 9 15 1 
39 1 45 10 1 2 2 
1 61 19 15 4 
68 5 27 
5 1 87 5 2 
7 17 52 8 14 2 
1 81 3 10 4 1 
2 13 67 8 5 5 
5 83 3 9 
1 27 50 14 1 1 3 2 1 
3 7 29 60 1 
1 49 23 14 10 2 1 
1 64 34 1 
2 84 10 3 1 
6 46 48 
1 61 21 1 1 2 2 3 3 2 1 1 1 
84 1 4 8 1 1 1 
29 39 3 9 20 
1 7 52 28 6 6 
1 90 9 
21 38 27 10 2 1 1 
9 66 17 7 1 
2 5 49 10 17 8 8 1 
1 23 5 67 4 
9 85 4 2 
1 61 35 3 
1 25 63 5 6 
2 60 16 11 9 1 1 
11 29 60 
99 1 
8 29 63 
2 86 3 9 
65 13 18 4 
1 9 12 33 31 11 2 1 
1 1 24 67 2 1 2 2 
1 10 58 27 1 2 1 
5 19 8 8 24 1 5 19 2 3 5 1 
1 13 33 16 13 19 3 1 1 
1 45 21 27 3 1 2 
19 80 1 
3 66 31 
2 66 19 5 3 2 1 1 1 
1 21 10 61 5 2 
7 3 29 45 14 2 
1 23 3 73 
2 75 15 8 
5 30 42 6 10 1 3 1 2 
1 7 66 21 1 1 3 
1 14 63 22 
8 38 31 7 8 2 3 3 
4 38 58 
40 3 7 30 12 3 4 1 
1 92 1 6 
8 51 14 11 1 7 1 3 4 
1 86 10 3 
9 33 2 24 24 8 
1 76 2 9 8 3 1 
13 14 19 48 3 2 1 
1 35 35 17 10 2 
5 28 58 3 1 2 3 
1 45 39 7 3 5 
4 89 4 3 
2 97 1 
28 43 19 1 2 3 4 
1 74 10 5 1 3 1 4 1 
1 34 41 6 14 4 
1 22 73 1 1 2 
12 64 7 7 5 2 1 1 1 
6 7 68 6 10 3 
1 38 28 15 7 5 2 4 
2 42 17 35 3 1 
1 73 17 7 2 
17 28 13 4 27 2 9 
9 7 74 7 3 
1 3 41 49 1 5 
1 20 6 16 26 22 5 1 3 
69 29 1 1 
63 27 3 7 
3 14 64 16 2 1 
2 93 3 1 1 
2 15 11 18 35 14 2 1 2 
1 40 38 10 10 1 
5 14 15 6 19 19 22 
46 52 2 
1 58 35 1 3 2 
1 3 28 29 9 26 1 2 1 
1 22 40 21 7 1 7 1 
1 20 17 4 42 11 2 2 1 
1 11 23 57 2 1 4 1 
12 54 7 1 7 12 2 1 1 2 1 
30 12 42 13 3 
2 88 3 5 2 
65 29 1 5 
33 67 
1 46 25 23 4 1 
10 16 12 52 4 2 1 3 
1 65 34 
13 71 12 4 
56 41 2 1 
1 97 2 
3 93 3 1 
1 13 54 1 6 2 1 7 9 2 4 
8 69 16 5 1 1 
6 86 3 2 2 1 
1 55 7 35 1 1 
5 64 22 4 1 4 
77 4 5 12 1 1 
2 15 79 4 
2 1 14 33 16 3 23 1 2 3 2 
20 30 7 19 5 15 3 1 
14 74 1 1 7 1 2 
6 23 25 2 26 2 11 2 3 
49 47 4 
1 5 67 22 3 2 
15 50 1 31 3 
43 17 35 3 1 1 
9 8 9 50 11 6 1 4 2 
6 1 61 20 2 1 2 1 3 3 
1 90 5 2 2 
42 31 26 1 
3 87 10 
29 16 47 8 
1 24 28 35 10 1 1 
15 41 11 25 2 1 4 1 
1 55 9 2 5 27 1 
5 35 47 11 2 
1 1 93 5 
2 18 77 1 2 
55 1 24 16 1 3 
85 9 1 4 1 
1 51 17 12 2 17 
1 77 22 
93 5 1 1 
5 83 10 2 
1 74 2 11 2 2 3 4 1 
14 19 65 2 
1 31 6 55 7 
1 96 1 1 1 
86 2 3 4 3 1 1 
1 82 8 4 4 1 
13 40 32 5 9 1 
2 97 1 
40 43 2 14 1 
3 24 36 27 3 6 1 
3 76 21 
2 76 19 2 1 
2 7 47 42 1 1 
1 52 3 7 33 3 1 
10 45 20 9 4 10 2 
1 31 44 4 9 8 3 
29 13 20 1 1 12 7 7 2 2 4 2 
4 67 18 2 5 3 1 
3 61 8 26 1 1 
10 85 2 3 
6 43 15 35 1 
6 60 28 1 5 
44 36 1 12 1 6 
6 6 87 1 
1 71 7 17 2 1 1 
1 81 11 4 2 1 
4 90 6 
3 24 73 
19 30 11 9 3 4 8 1 2 1 6 4 2 
1 60 25 11 1 1 1 
1 10 25 50 14 
1 16 60 23 
62 26 6 2 3 1 
1 77 21 1 
9 23 1 15 15 17 1 2 2 1 5 7 2 
1 97 2 
2 95 2 1 
1 86 11 1 1 
3 76 21 
1 39 50 9 1 
1 15 46 37 1 
1 59 40 
1 86 13 
8 91 1 
7 55 12 8 5 12 1 
6 29 8 15 33 3 6 
1 27 14 44 11 2 1 
5 12 70 12 1 
1 52 47 
3 79 13 5 
7 24 54 1 3 1 9 1 
1 75 4 1 6 1 7 2 2 1 
2 93 2 2 1 
1 61 34 2 2 
1 38 35 20 4 1 1 
2 94 2 1 1 
18 67 14 1 
8 1 27 45 14 2 3 
1 5 79 11 4 
1 7 43 7 39 2 1 
27 8 59 2 2 1 1 
2 38 57 2 1 
5 48 6 24 9 1 1 1 1 1 2 1 
2 73 25 
2 91 2 4 1 
2 51 11 3 1 30 1 1 
1 32 5 52 3 2 2 1 2 
33 23 12 23 5 4 
1 77 19 1 1 1 
14 72 4 10 
1 78 9 7 3 2 
27 2 65 5 1 
1 37 56 4 1 1 
1 20 10 68 1 
1 18 9 22 36 9 2 2 1 
2 36 9 9 40 1 1 1 1 
1 97 1 1 
1 54 13 30 1 1 
91 3 3 2 1 
99 1 
3 77 14 5 1 
1 95 4 
80 16 3 1 
86 8 1 1 4 
6 26 10 17 17 6 17 1 
1 5 70 23 1 
2 65 29 2 2 
24 25 31 13 3 1 2 1 
38 31 23 2 6 
25 59 12 1 1 1 1 
5 84 10 1 
19 27 28 8 13 1 1 2 1 
4 42 41 5 4 2 2 
1 97 2 
6 39 5 50 
50 33 2 11 4 
3 50 31 12 2 1 1 
10 35 52 2 1 
21 46 31 2 
1 37 11 19 17 10 1 3 1 
5 88 4 1 1 1 
95 5 
3 40 5 22 20 10 
1 32 30 29 5 3 
6 4 17 3 2 11 42 1 10 1 1 1 1 
1 64 32 1 2 
6 66 3 3 10 8 3 1 
1 83 16 
1 66 33 
34 18 22 16 10 
4 10 28 31 23 2 1 1 
1 84 7 7 1 
14 45 5 20 14 2 
21 63 14 2 
3 8 83 1 4 1 
2 6 28 56 4 4 
1 70 22 1 6 
2 66 17 5 7 1 1 1 
1 43 5 30 11 10 
1 2 40 48 6 3 
92 4 4 
77 14 5 1 1 2 
1 43 43 1 8 3 1 
1 56 43 
1 18 79 1 1 
12 68 15 1 2 2 
2 96 1 1 
1 27 54 18 
2 41 45 4 6 1 1 
7 45 22 3 19 4 
9 55 5 1 20 1 5 1 1 1 1 
62 9 25 1 2 1 
19 34 47 
10 42 35 5 8 
16 76 8 
3 82 1 4 4 4 2 
1 69 20 8 1 1 
2 61 27 8 2 
85 5 9 1 
1 93 6 
2 95 2 1 
5 90 4 1 
11 74 10 2 1 1 1 
16 9 33 33 8 1 
1 10 11 60 8 3 6 1 
1 32 58 9 
8 77 3 4 8 
1 58 31 6 3 1 
3 29 26 25 4 4 6 2 1 
6 57 29 8 
8 5 42 16 4 20 5 
1 87 11 1 
1 25 41 23 1 6 3 
1 23 76 
6 50 32 11 1 
1 38 31 27 1 1 1 
5 83 12 
4 73 16 6 1 
9 79 10 1 1 
1 29 9 53 8 
56 11 5 14 4 2 2 6 
10 88 2 
1 34 59 2 4 
7 46 37 2 3 2 3 
4 30 65 1 
31 46 8 1 7 7 
23 12 41 7 4 12 1 
3 10 77 9 1 
2 72 26 
1 39 13 46 1 
8 24 54 1 2 8 2 1 
4 73 14 7 1 1 
2 8 30 13 33 6 7 1 
1 15 9 66 6 2 1 
1 64 28 3 1 1 2 
1 26 51 8 8 6 
1 8 7 73 9 2 
100 
1 68 10 19 2 
2 23 46 14 2 2 10 1 
4 78 16 2 
1 11 43 42 2 1 
21 29 41 4 4 1 
2 40 17 32 1 5 2 1 
18 46 23 11 2 
3 24 42 21 9 1 
4 54 42 
1 91 1 2 3 1 1 
1 55 34 3 5 2 
7 58 11 17 5 1 1 
4 61 24 3 2 2 3 1 
49 37 13 1 
1 11 31 27 29 1 
4 49 26 4 4 5 6 1 1 
6 23 12 56 1 1 1 
2 74 6 16 1 1 
4 93 1 2 
53 20 11 13 3 
3 72 2 17 2 1 3 
1 24 69 6 
97 1 1 1 
11 56 30 1 2 
3 63 4 11 10 4 5 
15 53 4 14 11 3 
1 70 24 5 
5 41 52 1 1 
1 7 73 4 1 2 10 2 
2 5 3 25 6 39 16 2 1 1 
1 2 50 21 6 11 8 1 
1 51 38 8 1 1 
8 67 2 19 2 1 1 
1 76 21 1 1 
3 38 4 39 5 3 7 1 
2 92 1 3 1 1 
96 3 1 
2 46 44 6 1 1 
6 13 11 19 15 36 
42 25 33 
1 61 22 5 2 4 1 1 1 2 
3 71 9 17 
1 16 63 5 3 8 2 1 1 
1 91 1 7 
2 40 58 
1 81 6 1 4 6 1 
1 71 25 1 1 1 
2 60 12 10 7 9 
22 32 46 
2 80 11 4 1 2 
5 28 1 45 9 7 3 1 1 
1 1 39 1 53 2 1 2 
5 12 83 
1 49 15 3 6 11 8 7 
1 46 39 13 1 
21 58 12 6 2 1 
1 74 3 18 4 
20 20 60 
77 17 1 4 1 
1 45 3 10 2 29 8 1 1 
1 75 3 16 5 
2 43 55 
4 45 30 18 2 1 
6 92 2 
1 99 
4 66 30 
32 1 9 25 10 1 1 12 6 3 
2 68 28 1 1 
1 46 10 14 16 13 
4 85 4 4 1 1 1 
6 36 40 16 1 1 
2 6 43 2 8 8 23 5 3 
2 42 25 16 2 5 5 3 
1 98 1 
3 22 21 27 20 4 2 1 
100 
1 31 2 37 22 1 1 5 
13 43 19 16 4 1 2 2 
1 80 8 4 1 2 1 3 
100 
71 19 6 3 1 
3 11 7 55 21 3 
6 66 8 5 7 2 2 4 
8 32 22 6 27 1 4 
100 
3 43 6 35 2 5 6 
1 17 57 15 2 7 1 
2 24 36 24 3 7 4 
19 38 39 4 
4 24 52 7 3 6 4 
2 53 41 1 3 
4 66 9 16 3 2 
1 84 5 6 1 1 2 
1 46 26 19 3 1 2 1 1 
1 87 12 
1 18 11 48 11 11 
19 54 3 16 5 2 1 
10 11 61 12 1 2 2 1 
2 56 12 30 
2 83 7 2 1 5 
1 94 2 3 
2 81 2 14 1 
1 57 30 11 1 
2 51 47 
1 62 20 1 2 13 1 
1 74 24 1 
6 53 5 12 13 11 
89 7 4 
1 47 17 8 16 2 4 4 1 
5 67 2 25 1 
1 57 34 3 5 
2 73 25 
1 91 1 7 
3 7 22 27 11 2 10 11 2 4 1 
1 81 7 10 1 
1 84 10 4 1 
1 66 27 5 1 
1 73 5 13 2 1 2 1 1 1 
3 74 15 3 2 1 1 1 
5 33 47 7 8 
2 66 1 9 8 7 4 2 1 
42 20 35 3 
64 35 1 
1 31 8 6 4 23 22 5 
1 19 42 12 5 17 1 1 2 
8 78 3 5 2 1 2 1 
6 40 26 21 6 1 
13 69 18 
1 31 58 9 1 
1 64 7 5 10 12 1 
1 23 47 18 11 
1 68 27 3 1 
1 40 10 2 28 10 1 5 2 1 
1 90 1 8 
12 55 30 3 
1 76 7 11 5 
1 32 6 4 16 1 22 13 3 2 
1 83 3 3 7 1 2 
1 14 31 28 24 1 1 
8 11 2 30 44 4 1 
12 76 1 5 2 1 3 
1 35 4 14 30 11 5 
2 26 50 15 7 
4 77 14 2 1 2 
1 48 18 6 11 2 10 2 1 1 
100 
4 86 6 2 2 
4 62 21 9 2 1 1 
1 15 28 14 19 8 13 2 
2 33 38 1 16 5 5 
3 31 37 5 16 1 6 1 
1 56 3 8 16 11 2 2 1 
46 33 11 8 2 
2 45 51 1 1 
1 40 44 2 12 1 
1 28 51 1 11 7 1 
1 7 69 8 7 2 4 2 
6 2 33 40 16 1 1 1 
1 63 36 
14 65 1 19 1 
1 17 39 19 5 16 3 
1 17 37 38 5 1 1 
1 10 36 48 4 1 
2 18 73 7 
3 66 31 
3 81 5 6 5 
3 93 1 3 
18 42 39 1 
1 66 1 15 13 1 2 1 
1 76 9 10 4 
1 66 29 4 
3 53 8 36 
76 21 2 1 
1 41 46 9 3 
3 72 22 2 1 
2 93 4 1 
3 27 3 10 36 4 14 3 
1 18 76 4 1 
1 62 23 5 1 6 2 
3 83 3 6 5 
6 77 6 10 1 
93 4 3 
20 13 15 45 3 1 1 2 
1 47 51 1 
2 28 57 3 9 1 
1 96 1 2 
5 83 4 8 
1 92 6 1 
1 90 9 
1 44 24 25 6 
1 74 20 2 1 1 1 
4 33 40 20 3 
79 1 16 2 1 1 
30 24 16 6 3 14 7 
12 63 25 
27 64 2 7 
8 82 2 5 1 2 
23 40 28 8 1 
1 17 13 12 11 25 16 1 4 
2 7 37 5 42 4 2 1 
8 73 10 5 4 
1 82 4 5 8 
1 12 36 13 38 
3 33 64 
1 17 43 19 4 3 7 5 1 
2 18 39 17 6 8 1 1 5 2 1 
2 48 35 2 6 1 6 
1 66 26 4 3 
1 38 59 1 1 
6 12 62 14 2 4 
1 37 44 14 2 2 
7 73 3 16 1 
1 87 4 8 
1 37 57 3 2 
3 2 40 30 19 3 3 
1 34 35 7 1 13 9 
36 60 2 2 
72 8 14 5 1 
1 25 30 23 20 1 
1 14 59 8 3 7 2 1 1 2 1 1 
3 55 38 2 2 
2 52 35 3 5 1 2 
1 31 24 25 12 3 4 
1 41 17 19 14 4 2 1 1 
1 88 11 
9 40 7 35 9 
2 13 75 9 1 
1 93 1 3 2 
1 53 1 3 29 12 1 
4 77 16 1 2 
1 64 23 10 2 
2 55 10 22 9 1 1 
97 1 1 1 
1 2 83 11 1 1 1 
6 24 18 14 16 7 14 1 
1 43 12 9 15 11 9 
5 37 52 6 
95 4 1 
1 95 1 2 1 
4 89 5 1 1 
2 86 3 8 1 
27 28 43 2 
2 58 19 19 1 1 
2 97 1 
1 82 10 3 4 
1 32 40 25 2 
7 68 25 
26 21 45 4 4 
2 68 14 3 10 2 1 
5 67 21 4 2 1 
78 6 15 1 
1 82 16 1 
1 58 12 6 12 8 2 1 
2 83 15 
1 96 1 1 1 
29 33 35 2 1 
5 72 21 1 1 
1 18 46 10 12 1 5 4 3 
7 9 5 35 10 30 3 1 
2 64 27 1 5 1 
3 5 47 15 17 10 2 1 
3 86 10 1 
1 57 31 5 4 1 1 
1 35 58 5 1 
2 26 18 15 22 1 6 6 1 1 1 1 
20 38 3 27 9 3 
1 3 22 8 49 15 1 1 
1 59 18 15 2 2 1 1 1 
2 56 25 11 6 
1 86 3 6 1 1 1 1 
1 55 5 23 12 3 1 
1 5 60 21 5 2 1 2 3 
1 48 44 3 1 2 1 
1 29 15 47 6 1 1 
2 77 15 2 3 1 
1 65 1 30 2 1 
2 40 28 16 8 5 1 
1 61 37 1 
3 74 22 1 
9 55 31 5 
2 77 11 8 1 1 
1 18 79 1 1 
9 27 29 22 9 4 
1 86 13 
1 21 48 11 2 1 10 6 
16 43 37 1 2 1 
1 11 5 21 41 5 9 5 1 1 
10 69 6 13 1 1 
61 1 4 31 1 1 1 
1 80 13 6 
1 97 1 1 
46 8 9 4 19 6 6 2 
1 69 24 1 5 
2 72 25 1 
17 15 4 25 7 13 13 2 1 2 1 
3 82 6 9 
4 31 48 1 2 4 6 1 2 1 
1 76 23 
2 26 22 39 2 1 1 1 2 1 2 1 
3 29 60 6 2 
5 94 1 
1 58 3 6 11 7 11 1 1 1 
3 70 14 7 3 2 1 
1 49 29 4 7 5 4 1 
3 88 9 
99 1 
1 38 18 13 14 13 3 
48 11 15 24 1 1 
2 39 57 1 1 
5 22 39 23 1 7 3 
17 14 36 17 12 3 1 
19 68 10 3 
2 46 48 2 2 
10 5 7 46 17 5 2 6 1 1 
9 27 57 2 3 1 1 
1 35 23 19 12 7 2 1 
20 63 14 1 1 1 
1 76 23 
5 81 13 1 
1 75 17 4 1 2 
2 70 22 2 3 1 
1 23 57 6 4 5 4 
98 2 
12 52 12 6 2 3 12 1 
100 
6 32 59 2 1 
1 19 71 7 1 1 
65 4 1 16 7 4 3 
1 66 33 
1 6 69 2 21 1 
2 67 23 5 1 1 1 
2 83 11 2 2 
1 85 5 2 7 
1 42 3 39 6 4 2 1 2 
1 62 34 3 
3 42 16 16 10 1 6 1 3 2 
5 45 13 12 7 2 15 1 
2 28 42 16 6 1 1 1 1 2 
5 56 8 9 6 3 1 5 6 1 
1 39 53 7 
2 48 7 25 17 1 
100 
4 59 15 8 13 1 
1 26 27 8 8 5 18 3 1 1 1 1 
79 21 
1 71 24 1 1 2 
2 21 26 29 6 4 2 3 7 
60 12 8 7 12 1 
1 51 48 
1 95 3 1 
11 8 56 21 3 1 
2 73 20 4 1 
28 35 30 2 4 1 
1 91 8 
1 42 46 1 9 1 
56 14 15 8 6 1 
4 79 4 5 6 1 1 
4 82 14 
7 64 26 2 1 
14 48 23 15 
94 3 2 1 
2 35 15 12 28 6 2 
51 45 2 2 
6 52 3 15 2 3 6 1 6 2 1 2 1 
13 53 30 4 
14 66 11 8 1 
1 89 8 1 1 
31 33 16 5 6 1 2 2 4 
18 7 67 5 1 2 
2 77 5 12 3 1 
1 45 52 1 1 
23 32 22 22 1 
1 41 20 28 2 2 1 1 2 1 1 
3 79 7 4 1 2 2 1 1 
3 83 14 
1 2 15 14 55 11 1 1 
1 23 23 17 13 20 3 
1 96 1 1 1 
21 6 37 6 11 10 1 7 1 
1 42 35 13 5 1 1 2 
1 62 26 7 2 1 1 
2 7 15 53 4 14 5 
3 32 27 11 21 1 1 3 1 
2 78 4 13 3 
1 60 3 15 16 2 3 
19 66 9 6 
5 46 33 11 5 
1 93 6 
93 4 2 1 
5 18 28 13 3 23 9 1 
3 1 70 25 1 
6 48 7 34 3 1 1 
3 33 32 4 4 1 11 3 2 2 2 1 1 1 
4 61 35 
2 8 51 20 13 3 3 
1 95 2 2 
100 
6 60 22 12 
1 87 2 2 5 1 2 
1 40 46 7 4 1 1 
1 79 12 5 1 1 1 
2 93 1 3 1 
2 26 24 4 14 9 9 8 4 
1 2 3 49 9 12 7 9 4 2 1 1 
1 31 28 1 34 4 1 
1 37 8 28 3 16 3 2 1 1 
1 50 30 9 1 1 5 1 2 
22 23 42 5 5 3 
1 25 44 15 15 
2 63 28 7 
1 90 9 
5 3 89 1 1 1 
1 86 12 1 
14 11 75 
2 83 7 2 1 2 2 1 
1 86 1 5 7 
1 88 4 2 3 2 
90 4 6 
24 9 40 9 8 4 4 1 1 
5 75 11 9 
3 51 21 20 3 1 1 
1 93 6 
1 94 2 3 
30 3 5 19 9 11 11 8 2 2 
31 11 35 18 1 2 2 
56 15 9 15 4 1 
3 92 5 
1 5 53 21 10 1 1 6 1 1 
2 34 58 4 2 
1 83 3 11 2 
1 96 3 
5 86 9 
15 75 10 
2 10 50 31 7 
1 95 4 
17 28 12 24 7 2 7 1 1 1 
2 89 8 1 
3 52 33 2 2 4 4 
1 41 58 
5 80 11 4 
1 2 88 1 8 
2 59 6 23 3 1 3 3 
2 97 1 
3 56 30 10 1 
3 52 22 9 14 
1 23 47 13 5 7 4 
6 16 66 10 1 1 
6 83 11 
1 79 19 1 
1 95 4 
1 16 52 19 7 2 2 1 
1 29 59 8 3 
2 33 42 9 1 5 1 6 1 
1 99 
4 46 45 3 1 1 
1 2 62 34 1 
14 56 7 15 4 2 2 
85 5 6 3 1 
1 52 11 16 1 4 15 
1 23 23 52 1 
8 86 1 2 2 1 
19 6 63 3 5 3 1 
3 50 32 2 4 6 2 1 
53 27 20 
1 36 5 24 21 12 1 
1 83 11 1 2 2 
20 22 27 22 8 1 
18 67 3 8 3 1 
2 38 9 47 1 2 1 
20 65 4 2 3 6 
5 43 5 8 31 7 1 
1 86 13 
2 20 12 35 14 1 1 3 1 4 1 2 3 1 
4 77 6 2 9 2 
7 17 16 25 22 1 9 3 
6 13 11 52 11 1 3 1 1 1 
99 1 
16 50 13 6 12 2 1 
10 33 1 11 30 15 
4 26 24 10 31 5 
97 2 1 
6 88 6 
1 2 83 10 4 
1 50 49 
1 90 7 2 
6 30 38 19 6 1 
29 22 6 28 11 4 
1 24 16 19 39 1 
21 60 18 1 
52 20 4 7 13 1 3 
4 33 61 1 1 
9 30 37 7 17 
50 32 18 
6 15 6 44 11 10 6 2 
1 28 58 10 3 
7 79 13 1 
7 23 61 5 1 1 1 1 
48 18 1 11 22 
98 2 
13 29 4 17 26 5 6 
3 73 23 1 
87 2 11 
1 23 67 9 
1 5 30 9 31 17 4 1 2 
1 89 5 1 1 1 2 
84 4 9 3 
1 59 13 27 
2 1 23 52 15 1 2 3 1 
4 11 12 38 15 7 1 7 3 2 
3 71 9 10 6 1 
3 94 3 
1 86 5 4 3 1 
1 82 11 2 3 1 
2 95 1 2 
3 96 1 
2 78 8 6 3 1 1 1 
7 10 7 1 38 12 24 1 
1 89 10 
1 97 1 1 
13 28 3 9 9 7 25 1 4 1 
1 37 42 8 8 4 
1 57 38 2 2 
3 64 15 14 4 
60 32 5 1 1 1 
20 12 8 56 2 2 
1 89 10 
7 11 32 25 21 3 1 
1 14 77 1 3 3 1 
3 45 32 10 6 3 1 
6 16 60 2 14 1 1 
1 82 10 4 2 1 
66 33 1 
29 60 6 1 1 3 
14 48 30 1 1 4 2 
1 6 9 32 4 9 19 17 3 
4 44 13 17 5 14 3 
2 29 2 21 44 1 1 
4 84 9 2 1 
1 3 14 3 59 19 1 
1 46 20 1 16 5 2 2 5 1 1 
3 36 13 26 5 2 2 6 5 2 
1 13 29 57 
9 31 30 30 
2 33 9 28 27 1 
3 49 9 9 1 5 15 4 5 
1 40 59 
10 65 15 4 3 2 1 
2 68 15 3 4 2 1 3 1 1 
4 60 13 23 
1 84 12 2 1 
2 67 11 3 11 1 4 1 
92 7 1 
15 31 54 
10 50 35 1 2 1 1 
5 50 25 20 
66 21 4 6 1 1 1 
1 40 51 8 
1 3 71 10 10 1 2 1 1 
4 4 21 14 33 6 15 1 2 
23 13 17 31 1 11 3 1 
5 3 55 23 6 3 3 1 1 
1 98 1 
2 6 71 2 2 9 6 2 
34 30 11 22 2 1 
7 29 57 1 3 3 
2 31 23 41 3 
1 88 6 1 3 1 
76 15 3 4 1 1 
48 37 14 1 
9 61 27 3 
7 9 39 21 15 6 2 1 
1 92 1 2 4 
59 26 4 7 4 
1 16 41 5 19 11 2 3 2 
1 12 60 12 15 
2 26 36 6 7 6 13 2 1 1 
44 52 3 1 
27 62 2 5 2 2 
33 20 13 7 24 1 2 
3 20 41 13 8 1 5 8 1 
1 34 26 23 16 
2 57 41 
1 50 25 6 11 5 2 
3 74 6 12 1 1 3 
1 42 11 41 1 2 2 
1 62 6 22 8 1 
7 36 47 5 1 2 2 
2 14 55 17 4 6 1 1 
1 8 15 16 7 30 6 12 4 1 
2 13 68 4 4 4 3 2 
18 26 20 26 1 5 3 1 
14 50 6 17 7 1 1 4 
7 91 2 
8 46 40 1 1 1 1 2 
9 74 3 2 6 1 1 3 1 
1 23 55 9 12 
2 5 31 12 46 3 1 
4 36 32 2 20 3 2 1 
1 81 4 14 
1 13 55 8 5 13 3 2 
3 63 34 
2 6 45 38 9 
3 76 11 4 2 1 1 1 1 
17 25 29 24 5 
65 6 14 5 6 4 
3 35 59 2 1 
1 39 21 24 14 1 
1 55 23 2 19 
1 73 26 
8 39 51 2 
1 38 18 9 7 9 15 1 1 1 
26 49 14 4 7 
1 19 25 14 25 5 11 
7 27 13 9 20 8 3 8 2 1 2 
36 1 38 8 7 4 6 
1 24 64 8 2 1 
2 57 12 3 14 5 2 1 2 1 1 
1 37 19 17 5 9 5 3 2 1 1 
1 94 2 3 
2 57 14 21 4 1 1 
5 49 25 17 4 
2 72 21 1 1 1 2 
1 2 76 8 4 6 3 
1 19 44 33 3 
94 4 2 
1 29 17 45 2 6 
1 99 
3 92 1 3 1 
2 7 69 2 3 9 5 2 1 
1 21 59 7 11 1 
1 19 46 34 
1 64 11 19 3 2 
3 5 16 55 13 3 2 2 1 
11 78 6 4 1 
6 18 26 24 9 5 8 3 1 
1 90 9 
8 54 7 9 5 7 7 2 1 
1 65 6 9 5 13 1 
2 75 6 3 1 4 4 5 
1 37 18 2 21 9 2 3 7 
8 34 3 2 5 41 2 3 2 
1 87 5 5 1 1 
1 33 66 
1 32 33 24 7 1 1 1 
1 86 4 3 4 2 
1 80 7 9 2 1 
1 51 47 1 
1 98 1 
87 9 2 2 
28 66 6 
1 58 24 17 
1 80 19 
68 22 8 1 1 
1 63 1 20 13 2 
1 55 43 1 
6 56 38 
18 45 36 1 
2 65 19 13 1 
11 16 43 8 22 
5 29 16 33 11 6 
1 33 20 28 17 1 
1 19 71 4 5 
2 1 63 34 
1 15 4 78 2 
56 25 19 
1 44 1 49 3 2 
8 57 35 
2 27 55 3 4 5 4 
37 44 11 8 
1 54 8 37 
30 2 37 20 2 2 6 1 
5 94 1 
1 68 7 22 2 
3 43 53 1 
43 28 16 11 1 1 
8 59 20 9 3 1 
8 79 8 3 1 1 
3 22 27 45 3 
5 74 21 
1 28 67 2 1 1 
16 52 20 9 3 
74 4 21 1 
22 7 60 7 3 1 
42 35 23 
4 48 15 2 24 2 4 1 
1 37 32 13 3 8 3 3 
1 90 1 8 
2 23 20 34 14 3 2 1 1 
1 89 1 4 3 2 
1 65 3 7 24 
4 93 3 
1 46 21 19 13 
5 30 10 17 18 2 14 3 1 
2 16 55 3 17 6 1 
1 84 4 9 2 
1 40 14 27 8 4 3 2 1 
2 8 69 8 7 5 1 
5 53 20 15 3 2 2 
27 22 6 27 5 2 9 1 1 
1 72 20 7 
2 27 44 16 2 4 4 1 
1 44 40 2 3 9 1 
96 1 1 2 
3 43 10 39 1 1 1 1 1 
2 19 47 7 10 4 4 5 1 1 
1 20 8 65 3 1 2 
1 96 3 
32 19 13 3 8 15 9 1 
2 19 14 50 14 1 
67 3 17 1 6 5 1 
8 56 21 7 8 
7 58 25 6 1 3 
1 90 9 
4 58 37 1 
1 93 1 4 1 
27 58 13 1 1 
15 72 7 4 1 1 
1 88 11 
4 63 24 9 
1 41 36 8 10 4 
1 29 58 1 2 2 1 3 1 2 
3 90 7 
5 71 18 5 1 
1 93 6 
1 76 2 19 1 1 
1 71 27 1 
8 92 
2 21 37 9 4 22 2 3 
7 74 13 3 1 2 
2 29 50 4 2 12 1 
1 23 53 19 4 
1 33 18 36 9 2 1 
1 74 25 
4 25 35 26 10 
1 95 1 1 1 1 
6 93 1 
21 17 15 37 3 2 2 2 1 
17 79 4 
8 19 17 11 11 19 1 7 5 2 
2 62 20 13 2 1 
2 90 8 
2 79 19 
1 22 70 1 3 3 
2 32 63 3 
1 72 6 10 2 2 7 
1 93 6 
1 68 30 1 
1 15 6 66 2 5 1 2 1 1 
95 5 
3 5 77 3 6 1 5 
1 12 24 10 15 2 1 18 17 
1 7 57 12 18 5 
3 46 11 30 2 1 7 
2 98 
1 13 37 47 2 
1 93 1 3 2 
25 48 27 
84 11 2 1 2 
1 57 26 12 1 3 
1 87 4 2 6 
36 17 42 3 2 
2 97 1 
3 62 21 8 2 3 1 
1 77 6 1 5 8 2 
1 81 8 4 5 1 
16 81 3 
1 33 37 8 9 8 1 1 2 
1 49 38 9 3 
2 71 6 5 3 10 3 
10 29 32 21 6 1 1 
5 86 6 2 1 
14 62 24 
1 82 9 6 1 1 
18 7 31 40 1 1 2 
13 87 
1 39 23 23 12 2 
58 18 1 21 2 
2 88 10 
89 11 
2 78 19 1 
1 46 18 5 3 13 9 3 1 1 
1 12 10 25 48 3 1 
3 3 29 7 4 33 2 4 1 2 4 6 1 1 
1 42 55 2 
2 91 2 4 1 
2 59 32 5 1 1 
4 33 30 28 1 4 
6 82 6 4 2 
1 39 58 2 
19 74 6 1 
1 3 48 34 3 11 
1 69 30 
1 54 5 32 5 2 1 
56 19 17 2 6 
17 57 2 5 5 3 10 1 
1 82 16 1 
2 42 39 5 12 
1 80 8 8 2 1 
35 57 4 2 2 
92 5 2 1 
2 33 65 
49 24 14 1 2 4 2 4 
1 20 44 20 12 1 1 1 
1 16 67 3 2 6 1 1 2 1 
92 4 1 1 2 
78 2 12 2 4 1 1 
10 30 60 
88 3 2 3 1 2 1 
12 26 61 1 
40 53 6 1 
3 89 4 4 
1 13 62 17 3 4 
4 62 8 5 13 1 1 2 1 2 1 
1 55 44 
1 69 20 7 2 1 
2 53 45 
1 25 36 11 10 9 2 1 1 1 2 1 
1 7 52 7 11 21 1 
6 8 37 14 30 2 2 1 
1 77 19 3 
1 3 12 6 72 4 1 1 
5 75 5 3 5 7 
1 92 7 
3 68 19 6 2 2 
3 47 40 3 4 1 2 
1 92 6 1 
8 54 25 3 2 8 
3 8 55 26 1 6 1 
15 74 1 3 7 
6 4 32 2 33 22 1 
1 31 6 29 31 1 1 
1 84 7 1 1 2 4 
1 54 14 2 20 5 4 
5 65 4 11 3 7 5 
21 39 22 13 3 2 
4 63 9 9 4 10 1 
3 28 13 5 12 22 1 7 2 5 2 
1 7 75 17 
1 54 26 9 3 1 4 2 
95 1 4 
1 50 6 26 5 11 1 
1 32 20 26 21 
2 30 52 10 4 2 
1 76 4 17 2 
100 
1 85 9 2 3 
8 2 49 34 4 1 2 
1 63 21 11 3 1 
1 58 27 3 8 1 2 
73 23 3 1 
28 46 7 16 1 1 1 
1 49 30 19 1 
2 68 13 16 1 
1 34 38 10 11 3 3 
1 82 1 16 
19 65 12 2 2 
3 81 16 
1 4 43 5 29 5 10 1 2 
1 97 1 1 
1 27 34 37 1 
5 36 36 21 2 
1 73 7 9 10 
1 2 18 19 29 4 8 3 7 1 3 3 1 1 
6 34 44 7 2 1 5 1 
15 52 15 4 14 
2 92 3 1 1 1 
12 13 47 12 6 1 3 5 1 
1 81 12 5 1 
2 90 7 1 
1 66 9 3 14 4 1 2 
1 75 4 16 1 1 1 1 
30 12 46 6 4 2 
13 9 60 17 1 
1 53 21 22 1 2 
7 28 40 17 1 7 
1 83 8 3 3 1 1 
1 60 32 3 2 1 1 
42 1 49 3 4 1 
1 3 78 4 9 1 2 2 
22 72 5 1 
1 87 2 3 3 1 1 1 1 
8 11 39 7 8 22 5 
35 62 2 1 
2 17 47 22 5 6 1 
9 41 49 1 
6 43 6 30 8 2 3 2 
23 74 1 1 1 
1 40 10 44 1 4 
5 34 32 12 11 3 1 1 1 
4 17 65 14 
1 92 5 2 
2 54 44 
63 25 10 1 1 
1 3 41 5 3 30 6 9 1 1 
2 74 15 6 2 1 
2 9 87 2 
11 76 5 7 1 
2 71 7 4 5 2 7 2 
9 57 31 1 2 
3 90 5 2 
1 79 16 1 3 
47 52 1 
1 36 31 17 15 
39 37 4 10 4 1 5 
29 60 7 1 2 1 
5 73 22 
1 89 8 1 1 
1 3 13 58 21 4 
1 71 26 1 1 
1 24 23 8 1 9 24 9 1 
10 89 1 
1 19 53 2 15 2 2 2 3 1 
2 74 6 15 3 
1 60 3 34 2 
1 65 25 5 4 
1 35 56 7 1 
2 25 36 26 2 8 1 
10 7 79 3 1 
1 75 7 10 5 1 1 
1 88 6 3 1 1 
1 40 7 32 17 2 1 
31 63 4 2 
1 53 36 10 
7 7 5 25 53 1 2 
2 28 43 12 1 9 3 2 
3 45 32 4 16 
2 32 53 12 1 
1 51 41 5 2 
11 12 6 45 11 7 1 2 2 2 1 
16 46 10 8 13 3 1 2 1 
1 27 72 
2 28 48 4 9 2 7 
1 57 31 9 1 1 
6 72 13 9 
1 48 40 1 6 3 1 
1 27 11 6 23 14 2 12 2 2 
20 2 9 2 20 42 2 1 2 
77 17 6 
14 77 3 6 
8 74 3 15 
1 55 43 1 
8 3 49 1 23 7 5 1 3 
4 90 6 
26 34 27 10 3 
3 47 33 10 2 3 1 1 
1 60 13 8 5 11 1 1 
5 19 42 24 3 1 4 2 
10 20 35 26 1 3 4 1 
3 36 57 1 2 1 
3 44 27 14 8 3 1 
19 23 18 35 4 1 
1 42 6 20 31 
15 67 8 6 2 2 
20 62 14 3 1 
32 41 22 5 
3 82 1 6 8 
1 45 4 45 1 1 1 1 1 
1 82 3 12 1 1 
14 36 48 1 1 
2 39 48 2 7 1 1 
4 17 78 1 
1 73 16 6 1 2 1 
46 53 1 
1 72 27 
61 28 10 1 
1 79 3 8 7 2 
8 5 44 25 14 2 1 1 
7 63 20 5 1 1 1 1 1 
2 61 30 2 1 1 1 1 1 
1 29 40 27 3 
1 48 26 24 1 
64 15 10 5 2 4 
1 26 65 2 4 2 
4 61 29 2 4 
2 50 13 35 
29 13 38 17 3 
6 75 19 
34 46 10 1 3 3 1 2 
100 
6 82 5 7 
1 68 1 28 1 1 
9 16 12 50 11 1 1 
1 35 6 14 3 13 15 7 2 2 1 1 
28 12 25 2 8 15 8 2 
5 63 16 6 10 
2 58 40 
20 73 3 4 
1 66 23 7 2 1 
1 49 38 9 1 1 1 
29 24 36 7 4 
9 39 24 14 10 2 1 1 
2 89 7 2 
69 28 3 
1 60 34 5 
3 30 36 10 5 7 8 1 
84 10 5 1 
1 92 2 3 2 
25 35 36 3 1 
1 56 30 3 5 2 1 2 
5 73 11 2 9 
1 31 63 2 2 1 
3 61 34 2 
1 58 5 10 12 13 1 
86 13 1 
32 1 34 15 11 2 3 2 
1 95 1 1 2 
12 56 16 2 5 5 4 
2 91 5 1 1 
1 73 19 3 1 2 1 
5 83 4 5 3 
1 62 37 
2 20 20 9 20 6 19 4 
1 24 46 19 2 8 
15 32 23 9 19 2 
1 10 57 9 16 7 
1 44 11 12 15 15 2 
1 10 66 19 2 2 
1 80 15 2 2 
1 54 41 2 2 
2 42 9 46 1 
16 51 4 22 1 6 
6 36 58 
2 98 
1 27 48 2 8 2 9 1 1 1 
1 67 6 2 11 4 5 1 1 2 
32 58 2 8 
2 38 52 3 2 1 2 
6 28 60 4 1 1 
1 23 57 11 1 5 1 1 
2 16 82 
1 17 57 14 10 1 
2 28 59 4 5 2 
18 32 38 5 1 1 5 
31 25 15 29 
100 
1 26 67 3 1 1 1 
15 37 33 2 6 4 3 
2 62 28 1 2 5 
68 28 2 1 1 
1 67 30 1 1 
1 37 20 31 3 8 
1 83 2 13 1 
1 33 33 18 9 3 2 1 
12 6 13 33 6 3 27 
3 42 7 40 7 1 
98 1 1 
39 2 44 7 2 5 1 
2 44 22 27 1 4 
3 70 7 17 3 
17 83 
2 93 2 1 1 1 
1 79 8 10 1 1 
87 4 9 
1 5 88 3 1 2 
42 46 11 1 
1 92 7 
40 38 19 2 1 
2 44 53 1 
85 10 5 
9 71 19 1 
66 33 1 
1 9 79 7 4 
26 65 3 6 
1 54 15 13 17 
1 38 53 8 
5 7 75 11 1 1 
100 
1 9 50 6 22 8 1 3 
1 31 53 10 1 3 1 
10 61 27 1 1 
1 53 46 
1 52 1 22 17 1 6 
1 29 34 11 4 6 7 7 1 
6 26 13 25 21 3 4 1 1 
1 78 21 
27 70 1 1 1 
2 54 13 10 18 3 
1 12 76 11 
1 39 28 27 5 
1 49 38 7 5 
1 15 11 37 4 7 5 2 5 2 2 4 5 
9 89 2 
1 59 33 5 2 
1 66 27 4 1 1 
6 41 4 14 32 3 
1 23 43 28 5 
1 61 27 2 7 2 
3 38 33 26 
3 10 24 22 41 
17 3 32 17 9 14 3 4 1 
8 1 63 27 1 
27 56 3 12 1 1 
7 54 13 7 2 11 1 3 1 1 
6 63 18 2 1 2 1 1 3 3 
2 29 9 47 4 7 1 1 
2 54 2 1 36 3 1 1 
3 52 34 2 5 1 2 1 
1 72 23 1 3 
3 51 10 7 2 4 23 
1 11 19 40 20 2 4 1 1 1 
5 7 4 84 
9 25 11 2 27 3 4 7 3 9 
33 50 13 2 2 
1 45 41 5 5 3 
62 23 13 2 
97 2 1 
1 91 8 
1 4 71 7 13 4 
3 34 21 23 8 9 2 
1 88 1 7 3 
1 24 52 7 9 3 1 3 
2 14 44 20 1 8 2 9 
1 35 1 44 9 10 
2 72 15 1 1 8 1 
2 52 31 2 10 3 
1 81 10 8 
4 18 23 20 23 6 3 1 2 
8 31 27 21 10 1 2 
2 18 79 1 
3 85 5 3 4 
1 66 20 5 7 1 
1 75 1 22 1 
1 38 27 8 17 9 
1 71 17 9 2 
5 92 2 1 
1 62 28 8 1 
5 4 3 27 58 1 1 1 
6 54 31 3 4 1 1 
2 10 15 17 23 19 5 9 
1 34 42 6 9 8 
95 1 1 1 2 
1 18 34 2 26 10 1 1 6 1 
99 1 
68 1 8 8 1 8 5 1 
1 64 15 11 3 3 1 2 
9 6 17 29 26 1 6 3 1 2 
1 30 30 36 3 
49 22 12 2 14 1 
3 95 2 
1 99 
2 90 8 
79 5 8 4 1 3 
8 91 1 
1 86 4 9 
21 73 1 1 1 3 
6 91 2 1 
1 93 6 
1 44 2 44 2 5 2 
18 62 5 9 6 
82 16 1 1 
6 56 17 7 5 7 2 
65 6 12 4 13 
2 17 57 14 8 2 
88 9 3 
1 64 22 11 2 
1 15 39 7 31 2 1 4 
63 19 12 3 2 1 
46 8 2 41 2 1 
6 59 32 3 
1 2 81 6 4 3 3 
1 60 29 9 1 
1 38 57 4 
3 86 11 
5 8 2 18 1 11 12 18 21 1 3 
2 73 24 1 
5 10 19 46 18 1 1 
1 56 12 30 1 
1 46 3 25 11 10 4 
10 51 39 
61 13 18 7 1 
6 46 23 3 8 6 1 7 
1 21 14 8 1 15 13 9 5 3 3 4 1 2 
43 32 25 
1 85 6 1 5 1 1 
35 62 2 1 
1 59 12 25 3 
1 45 12 16 26 
1 48 7 12 16 9 4 3 
1 85 11 3 
1 98 1 
8 60 19 12 1 
2 45 23 20 7 3 
2 53 3 12 3 5 15 6 1 
11 20 30 2 7 2 2 24 1 1 
8 73 3 2 8 6 
1 59 4 32 3 1 
2 56 26 14 2 
3 83 14 
6 72 7 3 5 1 1 2 1 1 1 
1 94 2 3 
1 59 40 
12 41 40 5 1 1 
4 14 41 37 2 2 
1 57 30 2 5 1 1 3 
7 52 17 4 20 
9 73 2 15 1 
2 91 5 1 1 
2 95 3 
5 18 16 50 8 3 
1 43 52 1 3 
1 3 79 15 2 
6 44 50 
5 39 38 13 3 1 1 
1 70 9 13 2 4 1 
1 26 69 3 1 
1 56 3 35 1 3 1 
3 39 42 9 7 
1 35 51 9 4 
2 19 9 36 10 10 1 3 3 6 1 
97 3 
11 13 43 8 12 11 1 1 
3 96 1 
47 53 
3 46 29 7 14 1 
1 48 43 3 1 3 1 
35 39 15 4 5 1 1 
1 24 75 
3 5 54 6 4 15 6 2 3 1 1 
1 4 25 45 16 6 3 
4 45 32 8 9 1 1 
2 17 81 
6 82 2 3 5 1 1 
7 65 13 2 6 5 1 1 
1 13 11 21 30 17 7 
4 79 17 
5 15 78 1 1 
1 5 36 32 10 12 3 1 
25 57 8 1 6 1 2 
9 49 9 1 8 6 12 6 
1 15 42 4 25 10 3 
1 8 90 1 
1 97 1 1 
22 17 51 1 1 2 6 
4 95 1 
9 55 9 21 4 1 1 
4 16 5 47 5 14 3 6 
11 69 8 8 3 1 
4 73 23 
7 34 2 51 1 3 1 1 
1 69 22 8 
20 3 68 3 5 1 
5 53 36 4 1 1 
1 29 70 
6 54 39 1 
97 1 2 
2 17 27 40 9 3 1 1 
1 99 
2 16 77 2 2 1 
1 35 60 1 2 1 
9 1 69 18 3 
12 65 20 2 1 
100 
74 14 12 
3 57 9 4 4 1 4 16 1 1 
1 14 14 12 26 16 17 
24 7 27 27 5 5 5 
100 
1 31 8 35 22 3 
32 24 44 
20 12 27 4 3 13 15 2 4 
1 84 15 
1 33 53 1 12 
1 92 5 1 1 
6 56 4 32 2 
1 58 40 1 
1 48 38 10 3 
1 43 19 13 23 1 
1 81 8 10 
3 65 16 7 3 3 1 1 1 
24 52 2 17 5 
1 1 97 1 
1 14 54 5 9 4 4 7 1 1 
5 70 9 12 4 
1 11 7 27 4 18 2 11 11 8 
2 73 25 
1 61 30 7 1 
1 90 9 
2 51 12 24 7 3 1 
5 5 32 42 16 
28 34 32 3 1 1 1 
5 15 34 2 24 18 1 1 
2 29 12 25 1 6 2 9 2 4 1 3 2 1 1 
6 45 42 4 2 1 
1 47 20 30 2 
24 73 2 1 
25 31 24 10 4 1 3 1 1 
1 97 2 
1 45 29 23 2 
7 55 31 7 
1 42 22 17 18 
1 63 36 
2 30 15 6 20 5 8 8 1 3 2 
1 37 24 2 33 2 1 
2 53 34 11 
1 89 7 3 
1 1 39 8 5 16 30 
1 85 12 2 
1 28 24 35 7 5 
8 50 23 14 5 
1 3 88 6 1 1 
3 11 25 22 21 12 3 3 
27 50 12 3 7 1 
87 6 1 4 2 
3 29 36 27 1 4 
77 7 1 8 6 1 
1 7 67 17 8 
1 26 35 1 17 12 1 7 
2 3 54 33 5 2 1 
4 69 6 11 1 5 4 
5 60 35 
1 37 46 5 5 5 1 
1 20 17 25 32 4 1 
2 97 1 
3 53 38 5 1 
1 26 10 29 32 2 
2 15 11 8 43 17 2 2 
2 63 2 14 5 9 5 
77 6 11 2 4 
2 23 6 41 7 1 9 2 9 
1 39 36 5 11 7 1 
1 64 5 25 4 1 
89 5 4 1 1 
68 1 10 19 1 1 
70 25 4 1 
1 71 3 11 10 3 1 
1 52 42 2 2 1 
13 72 14 1 
1 43 31 25 
1 42 9 16 13 6 13 
15 49 13 12 2 3 1 2 1 1 1 
2 74 19 3 2 
42 18 11 23 6 
1 61 9 14 15 
12 44 1 27 1 14 1 
1 56 4 13 12 11 3 
11 13 60 6 8 2 
3 61 5 12 12 4 3 
4 10 86 
2 36 8 45 5 4 
1 53 43 3 
33 50 17 
1 78 3 15 3 
15 55 23 6 1 
1 44 27 14 12 2 
89 5 1 1 4 
3 22 12 40 11 1 8 3 
2 77 19 1 1 
3 49 28 7 4 6 1 2 
4 59 26 11 
2 58 32 5 3 
1 69 14 1 11 4 
9 53 10 12 9 3 3 1 
7 80 9 4 
1 37 12 50 
94 3 2 1 
49 29 19 1 2 
2 68 29 1 
1 87 8 4 
10 16 13 19 3 5 28 1 1 1 2 1 
1 53 35 5 4 2 
1 28 9 8 51 3 
1 50 2 31 2 13 1 
3 77 20 
1 54 5 12 7 5 7 7 1 1 
1 35 18 20 5 1 12 5 1 1 1 
1 61 38 
7 47 42 4 
1 86 5 6 1 1 
2 34 15 27 4 15 3 
1 70 26 3 
1 53 5 8 2 19 2 2 2 3 1 2 
1 95 3 1 
27 53 20 
1 90 5 3 1 
1 46 30 11 7 4 1 
3 47 19 22 9 
19 69 11 1 
1 61 28 2 5 2 1 
2 55 11 7 5 8 8 1 2 1 
10 61 2 27 
1 41 3 36 10 7 2 
1 46 43 6 4 
1 81 4 12 2 
1 49 14 11 7 17 1 
2 50 19 24 4 1 
1 55 38 5 1 
2 74 24 
7 55 23 10 4 1 
15 68 17 
1 51 1 14 9 6 7 9 1 1 
1 5 6 78 10 
58 6 35 1 
1 35 39 8 17 
30 39 28 1 2 
55 36 1 6 2 
1 93 5 1 
1 47 52 
1 25 15 21 2 34 1 1 
5 51 29 8 4 3 
1 96 2 1 
24 44 23 8 1 
5 31 50 10 4 
4 64 14 3 1 2 11 1 
1 41 40 7 2 3 6 
2 56 22 15 5 
1 6 33 12 14 26 8 
1 37 10 33 5 1 1 5 6 1 
1 45 13 17 1 15 4 4 
1 62 37 
3 60 35 2 
48 17 3 5 14 6 1 2 2 1 1 
61 18 3 5 5 5 3 
1 82 13 3 1 
3 87 3 7 
43 6 31 1 9 2 4 1 2 1 
1 40 59 
1 69 28 1 1 
95 1 3 1 
87 8 5 
1 46 19 6 21 4 2 1 
1 46 18 20 15 
12 79 5 2 1 1 
26 21 14 9 9 8 12 1 
6 76 9 3 6 
1 88 4 7 
3 50 3 12 3 27 2 
2 11 30 57 
5 1 47 32 5 2 6 2 
3 54 38 5 
7 87 4 2 
3 19 46 23 9 
6 67 11 4 11 1 
2 56 1 32 8 1 
10 17 47 9 2 14 1 
1 69 1 7 12 5 4 1 
2 47 29 12 10 
2 58 12 13 12 3 
2 64 21 7 4 2 
18 60 15 6 1 
1 30 63 4 2 
23 5 27 33 2 4 5 1 
9 53 14 11 6 7 
35 40 4 13 4 4 
1 58 40 1 
3 52 37 6 1 1 
5 78 9 8 
17 3 40 14 18 2 5 1 
25 20 2 13 29 3 4 4 
5 89 1 2 1 2 
1 26 42 6 20 3 1 1 
1 3 52 2 34 1 6 1 
1 98 1 
53 1 9 19 9 7 1 1 
9 18 61 6 3 3 
1 98 1 
2 13 25 33 1 17 9 
2 79 15 4 
3 44 4 12 11 2 6 7 4 5 2 
1 11 28 17 4 8 16 3 5 2 4 1 
2 81 13 1 3 
11 73 12 2 2 
12 47 16 18 6 1 
2 92 6 
3 51 9 24 4 8 1 
3 32 16 47 2 
1 37 21 30 4 2 3 1 1 
53 17 14 1 10 2 3 
14 59 22 1 3 1 
2 83 8 6 1 
63 10 19 7 1 
1 88 11 
2 1 23 23 47 1 2 1 
3 44 40 10 3 
2 42 56 
1 48 17 3 16 3 12 
3 84 3 10 
82 4 12 1 1 
14 45 22 15 1 3 
9 62 9 2 15 1 2 
5 75 17 2 1 
11 53 4 17 3 3 4 2 1 1 1 
1 9 45 29 12 4 
2 26 28 12 5 12 14 1 
40 27 15 9 9 
85 8 7 
1 55 12 2 27 3 
6 4 31 1 28 9 9 11 1 
2 88 1 5 3 1 
7 2 56 30 5 
8 52 18 14 3 5 
92 4 2 2 
16 65 5 11 2 1 
3 28 10 31 23 3 2 
80 9 9 1 1 
1 80 8 11 
11 85 3 1 
2 90 6 1 1 
5 64 10 19 1 1 
1 49 8 26 2 10 3 1 
3 7 2 72 4 10 1 1 
1 34 56 6 2 1 
8 30 32 14 13 3 
1 16 34 16 29 4 
22 29 17 8 15 6 1 2 
1 50 2 32 6 1 4 3 1 
96 4 
2 7 89 1 1 
17 30 51 2 
47 34 16 1 2 
2 94 4 
1 61 20 3 7 1 6 1 
1 6 38 2 42 4 3 3 1 
2 68 26 3 1 
1 72 26 1 
2 12 46 32 7 1 
2 23 4 24 12 18 8 3 6 
13 22 65 
1 95 1 2 1 
2 72 25 1 
3 33 3 10 5 23 13 7 2 1 
1 90 8 1 
1 74 3 8 3 6 1 4 
11 34 1 35 16 3 
3 17 20 11 15 16 4 11 1 2 
1 79 15 1 1 1 2 
58 18 19 2 3 
5 88 7 
5 9 75 9 2 
100 
5 8 45 1 3 1 28 2 2 2 3 
1 61 10 12 12 2 2 
2 62 28 4 1 1 1 1 
8 82 4 6 
2 60 33 5 
2 16 2 50 10 18 2 
4 69 4 22 1 
2 92 6 
3 24 67 2 2 1 1 
1 98 1 
66 12 5 12 1 3 1 
1 95 2 1 1 
45 40 4 8 3 
6 5 16 48 1 1 16 6 1 
1 37 58 3 1 
3 51 5 13 28 
1 69 2 26 2 
2 45 49 2 1 1 
1 49 9 29 12 
1 5 85 2 5 2 
32 65 3 
3 28 5 29 32 3 
67 2 10 11 7 3 
1 10 84 1 2 2 
1 51 3 27 13 3 2 
1 98 1 
9 10 16 41 10 11 1 1 1 
4 33 62 1 
12 25 26 25 1 11 
1 58 19 5 16 1 
1 13 55 11 20 
100 
1 94 1 2 2 
1 21 8 61 1 8 
1 35 16 33 9 1 2 2 1 
1 66 7 8 10 4 1 3 
36 3 2 42 9 3 5 
1 81 8 9 1 
1 59 1 26 8 5 
3 68 20 6 3 
20 8 37 22 3 1 2 2 1 2 2 
6 40 49 3 2 
5 65 29 1 
1 69 14 15 1 
2 79 3 12 1 3 
2 47 9 17 3 1 7 8 3 3 
71 27 2 
1 98 1 
46 39 15 
4 25 15 45 5 2 3 1 
1 58 41 
1 29 69 1 
1 57 40 2 
6 80 2 2 8 1 1 
2 96 1 1 
1 37 9 30 9 14 
1 32 16 25 23 2 1 
6 5 36 16 6 4 9 4 2 2 8 1 1 
29 64 2 5 
3 45 45 6 1 
1 32 23 14 2 4 8 5 5 5 1 
3 32 58 7 
5 13 3 33 18 16 4 3 5 
1 91 8 
2 45 31 16 2 3 1 
2 41 10 2 2 26 2 3 2 3 1 2 3 1 
1 32 58 6 3 
1 63 12 11 8 3 1 1 
5 63 30 2 
1 27 71 1 
4 62 33 1 
4 1 67 21 6 1 
1 96 1 2 
72 3 15 9 1 
6 63 14 1 16 
2 74 3 20 1 
99 1 
26 5 15 5 37 4 8 
2 91 1 6 
2 55 22 9 6 2 4 
3 71 22 1 3 
33 61 2 1 1 1 1 
4 85 1 4 4 2 
1 69 26 4 
1 62 17 20 
1 6 89 4 
1 12 65 5 10 2 4 1 
1 44 43 4 1 4 2 1 
2 10 8 12 61 3 4 
91 8 1 
2 7 23 38 9 11 6 4 
1 3 65 10 4 14 2 1 
1 36 63 
1 34 17 47 1 
1 45 25 5 7 10 6 1 
20 76 1 2 1 
15 11 10 24 1 3 16 2 1 1 7 5 3 1 
1 38 50 9 1 1 
88 1 3 6 1 1 
2 88 8 2 
3 25 25 40 6 1 
2 28 21 40 2 6 1 
2 57 7 8 9 2 14 1 
1 79 8 11 1 
1 51 25 8 10 1 1 1 1 1 
3 38 21 16 22 
98 2 
1 63 34 2 
1 18 8 48 15 3 5 1 1 
1 10 34 34 12 4 1 1 2 1 
53 47 
1 46 47 2 3 1 
2 57 14 20 6 1 
2 11 18 38 14 8 9 
10 66 8 11 2 3 
2 38 60 
1 6 68 16 7 2 
1 28 4 16 14 31 6 
1 71 21 5 1 1 
1 99 
60 6 26 3 4 1 
6 55 11 25 1 2 
1 44 7 37 4 3 4 
1 52 44 3 
1 48 25 10 7 7 2 
1 1 68 4 3 12 5 2 3 1 
1 80 9 9 1 
3 57 7 24 6 2 1 
96 1 1 1 1 
3 73 17 7 
1 20 21 43 14 1 
1 4 86 8 1 
1 59 36 1 2 1 
4 26 23 23 14 3 1 6 
5 51 14 13 10 5 2 
2 4 55 39 
11 55 5 3 13 7 5 1 
3 61 6 11 9 10 
1 17 46 24 12 
1 85 4 6 2 2 
89 7 1 2 1 
1 66 31 2 
1 1 60 32 4 1 1 
3 56 35 2 4 
1 77 17 5 
1 35 30 27 7 
2 89 2 7 
6 35 52 1 2 2 1 1 
1 22 48 26 3 
1 12 39 36 12 
1 81 1 2 8 3 2 1 1 
11 77 12 
5 59 25 2 4 4 1 
4 63 33 
1 96 1 1 1 
86 14 
37 10 28 17 4 4 
1 25 55 15 2 1 1 
1 14 66 13 6 
1 80 18 1 
3 38 37 8 7 2 5 
5 26 52 9 8 
1 19 3 43 34 
2 49 18 24 4 2 1 
1 35 9 16 34 2 3 
15 61 24 
3 58 22 1 2 11 2 1 
7 87 6 
98 1 1 
1 35 51 8 1 3 1 
3 13 59 11 11 1 2 
12 62 26 
2 52 38 3 4 1 
6 49 30 1 3 6 1 1 2 1 
1 1 3 53 34 1 6 1 
1 83 5 10 1 
1 63 8 2 18 2 5 1 
3 5 26 55 3 8 
100 
85 12 1 2 
1 82 17 
22 21 2 24 1 14 1 2 1 8 2 1 1 
2 20 11 65 2 
73 26 1 
12 42 3 13 9 8 5 1 2 5 
1 49 14 3 1 5 12 14 1 
75 10 11 4 
8 58 34 
2 42 42 13 1 
1 47 34 13 2 1 1 1 
8 90 1 1 
2 42 55 1 
2 10 31 40 5 8 4 
2 14 82 1 1 
1 44 28 13 10 4 
23 51 11 14 1 
5 66 13 5 3 1 2 5 
1 20 74 3 1 1 
1 37 40 15 6 1 
6 30 7 20 29 3 1 2 1 1 
2 21 42 6 20 4 5 
1 30 1 44 11 1 7 1 1 2 1 
1 90 9 
7 51 18 2 22 
5 60 24 9 2 
5 25 12 33 12 8 5 
1 70 29 
6 67 2 10 10 4 1 
1 94 4 1 
2 76 1 17 1 3 
63 13 22 2 
1 59 4 15 5 14 2 
13 71 1 9 6 
1 87 12 
1 63 31 5 
1 81 16 1 1 
2 91 5 1 1 
3 19 76 1 1 
35 15 7 32 6 4 1 
1 98 1 
1 42 17 13 20 3 1 3 
18 47 18 15 2 
2 64 11 1 17 2 3 
12 10 68 9 1 
1 4 30 23 8 15 14 4 1 
1 23 35 23 6 4 4 3 1 
1 42 16 6 15 10 3 6 1 
3 97 
13 67 4 8 4 1 3 
1 91 7 1 
1 56 4 34 5 
3 42 23 21 2 1 6 1 1 
1 81 3 9 6 
54 42 1 1 2 
3 60 35 2 
1 62 21 1 9 6 
1 66 29 3 1 
28 52 16 3 1 
1 56 21 8 14 
4 95 1 
95 4 1 
1 38 45 7 1 3 4 1 
2 4 38 37 14 4 1 
1 72 4 21 2 
98 1 1 
1 81 18 
1 76 18 4 1 
1 41 4 24 16 4 2 2 2 2 1 1 
20 37 11 31 1 
1 99 
18 16 58 2 2 1 1 1 1 
1 9 87 3 
4 46 27 14 7 1 1 
2 79 17 2 
8 31 60 1 
99 1 
30 64 2 2 1 1 
60 31 1 2 6 
2 11 13 12 29 8 4 12 2 1 2 2 2 
100 
11 74 15 
2 2 38 41 16 1 
17 52 8 22 1 
2 72 25 1 
1 37 49 8 2 1 1 1 
2 30 17 37 12 1 1 
4 95 1 
1 54 4 38 3 
2 70 5 10 2 9 1 1 
6 35 12 11 36 
1 87 12 
11 57 12 1 16 3 
3 30 21 6 17 23 
9 79 12 
2 58 17 13 5 5 
23 56 2 16 1 2 
1 90 4 1 3 1 
1 93 3 3 
3 11 18 17 33 9 5 2 1 1 
1 31 9 53 2 2 1 1 
1 92 2 1 4 
1 57 24 10 2 5 1 
5 44 47 1 3 
3 78 19 
3 20 3 71 1 2 
1 18 12 18 23 18 2 6 1 1 
2 36 33 29 
1 62 9 26 2 
1 6 22 19 9 3 25 8 1 1 2 2 1 
84 4 6 1 1 4 
1 72 18 6 2 1 
5 10 68 11 2 4 
23 28 43 3 3 
9 50 12 18 11 
1 95 1 3 
78 6 5 7 1 3 
10 88 2 
100 
3 89 7 1 
16 12 57 2 7 2 2 1 1 
5 73 21 1 
13 28 50 9 
34 47 15 4 
1 88 11 
95 4 1 
6 60 34 
87 2 8 3 
1 48 45 1 1 1 3 
3 94 1 1 1 
3 33 64 
6 32 23 12 11 5 8 1 2 
65 8 21 4 1 1 
1 91 7 1 
2 43 35 8 12 
2 97 1 
5 44 11 29 11 
1 33 48 3 9 2 1 3 
58 30 1 7 3 1 
96 1 3 
23 9 50 13 4 1 
3 90 4 1 2 
1 88 11 
25 66 9 
1 42 32 4 17 3 1 
95 1 2 2 
6 91 2 1 
1 62 9 4 2 1 18 3 
9 82 9 
1 25 68 3 2 1 
1 59 21 6 3 7 1 1 1 
2 1 90 5 2 
1 79 4 1 8 6 1 
49 7 20 9 6 3 6 
28 60 11 1 
15 50 32 2 1 
4 15 14 13 23 1 14 11 1 1 1 2 
4 34 14 26 6 11 5 
1 3 46 40 9 1 
1 63 1 2 7 21 5 
4 23 68 4 1 
24 45 17 3 7 2 2 
1 83 16 
6 71 18 2 3 
1 80 18 1 
99 1 
2 42 56 
1 1 89 1 5 3 
1 6 24 11 22 26 4 3 2 1 
1 1 89 6 3 
1 48 12 17 4 3 8 2 2 1 2 
1 49 17 25 1 5 1 1 
3 89 4 1 2 1 
1 44 55 
1 25 72 1 1 
10 4 31 2 6 16 6 15 6 3 1 
29 29 40 1 1 
2 89 8 1 
1 65 16 17 1 
35 53 2 1 4 4 1 
2 64 3 1 19 1 1 2 1 1 1 2 2 
96 4 
5 32 47 9 7 
1 88 7 4 
1 86 13 
2 10 11 13 39 3 5 11 1 4 1 
2 88 10 
1 26 42 19 5 3 4 
1 72 23 2 1 1 
2 87 11 
1 34 12 37 16 
82 3 9 2 4 
10 23 27 11 5 14 2 2 1 1 2 1 1 
1 79 6 1 12 1 
2 83 9 2 1 3 
61 24 15 
1 44 36 13 5 1 
5 25 5 40 22 2 1 
1 2 37 44 1 12 3 
14 58 14 14 
4 91 4 1 
1 37 12 23 24 3 
76 23 1 
1 91 7 1 
17 81 1 1 
2 3 63 17 4 5 6 
1 89 8 1 1 
57 37 6 
12 75 12 1 
1 51 14 26 4 2 2 
1 28 37 30 4 
22 38 13 13 5 1 6 1 1 
1 82 4 4 7 2 
1 83 9 7 
15 85 
5 32 8 45 2 8 
3 84 10 2 1 
1 39 16 12 7 12 12 1 
15 49 25 10 1 
1 12 14 46 22 5 
3 52 4 37 4 
9 4 38 24 8 4 10 1 1 1 
9 21 15 8 1 26 13 6 1 
1 98 1 
1 56 12 26 1 4 
1 34 4 13 17 1 9 19 2 
4 32 19 18 22 5 
2 62 33 2 1 
2 35 50 12 1 
2 89 7 2 
16 65 19 
1 51 4 8 14 22 
2 76 1 11 8 1 1 
4 75 15 6 
5 42 36 10 7 
2 52 17 10 10 8 1 
6 90 3 1 
1 6 67 5 3 17 1 
20 74 4 1 1 
1 13 32 28 16 10 
89 2 2 7 
1 7 47 3 24 13 5 
30 58 4 4 3 1 
6 23 3 11 10 38 1 6 2 
3 78 7 9 3 
67 33 
1 98 1 
7 42 36 6 9 
97 1 1 1 
1 85 7 1 1 5 
1 1 74 18 5 1 
2 37 38 23 
5 42 38 11 2 1 1 
49 13 26 11 1 
1 63 16 9 7 2 2 
1 44 39 3 6 7 
6 21 47 9 15 2 
1 39 6 30 13 3 2 3 1 2 
2 46 18 1 19 1 13 
7 56 12 9 4 10 1 1 
8 88 1 1 2 
2 65 16 8 9 
3 94 3 
1 56 5 4 20 10 2 1 1 
3 61 29 3 2 2 
1 16 15 61 4 2 1 
4 32 43 2 6 10 2 1 
21 23 39 9 2 2 1 2 1 
3 39 4 53 1 
1 42 49 2 6 
4 19 48 5 11 11 2 
1 45 37 12 5 
61 7 8 12 1 5 3 2 1 
93 1 5 1 
8 58 28 4 2 
1 44 55 
1 85 3 6 2 1 1 1 
1 19 68 10 2 
2 78 20 
1 43 25 2 20 1 2 5 1 
1 10 44 35 5 3 1 1 
3 51 14 7 6 16 3 
6 89 5 
23 61 4 8 1 3 
88 1 11 
