4 17 7 4 
1 19 10 1 1 
1 19 1 9 2 
1 14 8 7 2 
12 18 1 1 
25 1 4 2 
1 7 22 2 
1 8 17 5 1 
13 4 3 10 1 1 
31 1 
1 10 19 1 1 
1 18 13 
1 12 5 7 7 
1 23 3 4 1 
1 9 11 1 9 1 
2 16 1 8 5 
1 15 7 7 1 1 
2 5 19 4 2 
7 2 3 5 9 2 1 3 
1 5 10 3 7 5 1 
1 20 11 
6 1 14 1 6 1 3 
2 19 4 4 1 2 
1 7 14 3 7 
2 20 7 1 2 
1 12 18 1 
1 31 
3 21 2 2 1 1 1 1 
31 1 
2 2 21 1 2 4 
2 17 12 1 
2 30 
2 5 3 10 8 3 1 
1 18 4 5 1 3 
7 11 14 
1 7 3 14 2 1 1 2 1 
1 10 17 4 
8 19 2 2 1 
1 22 6 3 
1 1 13 1 4 4 4 2 2 
8 21 1 2 
5 15 11 1 
1 21 5 2 1 2 
1 28 3 
2 30 
11 17 1 2 1 
1 21 2 7 1 
1 31 
3 10 1 5 9 1 1 2 
5 20 4 3 
1 22 9 
3 13 11 3 1 1 
4 7 18 3 
1 20 9 1 1 
2 9 8 10 2 1 
3 23 6 
32 
5 15 9 1 1 1 
9 9 13 1 
1 13 2 16 
7 9 2 13 1 
1 26 5 
6 8 13 2 2 1 
28 3 1 
1 4 13 5 1 2 1 5 
2 27 3 
9 2 3 3 6 3 6 
2 9 18 3 
3 27 2 
25 5 2 
1 29 2 
2 16 4 4 6 
2 19 11 
25 3 4 
17 14 1 
1 6 5 16 3 1 
1 2 3 5 5 11 4 1 
1 1 8 20 2 
27 1 4 
5 2 4 11 1 1 6 1 1 
1 19 12 
4 2 1 6 8 9 1 1 
9 4 13 3 3 
1 22 6 2 1 
4 24 2 1 1 
1 23 8 
2 17 13 
32 
2 15 5 3 4 2 1 
5 15 6 4 2 
8 17 6 1 
24 2 3 1 1 1 
1 14 14 3 
1 19 11 1 
1 19 9 1 2 
1 5 11 9 4 2 
19 8 5 
1 12 15 1 2 1 
2 14 4 11 1 
6 1 22 3 
31 1 
3 19 8 2 
1 29 2 
4 6 2 9 6 5 
28 2 2 
26 6 
1 4 13 10 2 2 
24 8 
2 22 7 1 
2 30 
11 14 7 
1 18 13 
16 12 3 1 
14 5 7 5 1 
1 23 5 3 
3 25 4 
32 
1 12 6 11 2 
1 26 4 1 
13 19 
2 7 9 4 9 1 
1 29 2 
1 27 1 1 1 1 
1 17 11 2 1 
2 15 7 5 3 
2 13 17 
2 20 10 
31 1 
20 5 4 1 2 
1 21 7 1 2 
13 5 7 6 1 
29 2 1 
1 18 7 3 1 1 1 
1 19 4 5 1 2 
1 10 10 4 6 1 
1 17 4 3 7 
2 30 
3 28 1 
1 27 1 2 1 
6 13 2 9 2 
3 29 
1 24 6 1 
7 16 9 
23 5 1 2 1 
26 2 4 
11 6 6 5 4 
2 12 14 4 
30 1 1 
1 18 3 7 2 1 
4 2 3 21 1 1 
2 1 9 11 8 1 
1 9 19 1 2 
2 7 17 6 
7 8 12 1 2 2 
1 3 16 9 3 
1 5 10 6 6 3 1 
9 20 2 1 
1 31 
2 10 3 7 4 4 1 1 
2 6 8 2 3 7 2 2 
19 12 1 
3 11 12 3 3 
4 18 2 3 1 1 1 2 
3 5 13 10 1 
1 20 11 
2 29 1 
1 5 23 3 
12 9 6 3 1 1 
28 3 1 
6 22 4 
1 18 3 4 1 1 1 1 1 1 
1 4 5 20 2 
22 3 1 3 3 
5 3 24 
17 3 2 1 1 1 1 3 1 1 1 
13 19 
1 5 7 5 14 
1 4 8 16 2 1 
25 7 
4 7 1 6 9 1 3 1 
3 17 7 2 1 1 1 
3 12 13 2 2 
10 18 3 1 
1 12 13 4 2 
1 12 7 3 4 2 1 1 1 
11 11 2 1 6 1 
1 11 17 1 1 1 
13 17 1 1 
5 10 1 1 7 7 1 
3 3 22 2 2 
1 14 6 1 10 
22 3 7 
2 6 1 12 9 1 1 
1 23 1 3 4 
2 6 6 8 3 3 1 1 2 
29 1 2 
4 26 2 
5 11 6 5 1 1 3 
1 8 8 3 4 2 5 1 
7 24 1 
15 8 8 1 
8 20 1 1 2 
24 2 2 2 2 
2 5 2 1 10 5 7 
1 21 10 
1 1 3 3 24 
5 1 15 6 3 1 1 
3 2 15 8 3 1 
1 9 12 7 3 
1 11 19 1 
1 8 23 
2 12 14 2 1 1 
1 16 8 4 2 1 
9 6 11 6 
5 1 3 15 6 1 1 
6 10 4 10 2 
1 19 9 3 
32 
2 28 1 1 
2 25 3 1 1 
24 5 2 1 
19 5 6 2 
15 14 3 
3 27 1 1 
2 15 7 6 1 1 
2 29 1 
2 13 15 2 
9 19 4 
16 10 4 2 
30 1 1 
1 18 9 4 
1 20 5 3 2 1 
5 17 10 
4 14 8 4 2 
4 21 6 1 
1 30 1 
2 14 16 
1 15 15 1 
26 5 1 
8 5 17 1 1 
1 5 11 3 6 6 
1 15 14 1 1 
1 21 2 2 4 2 
5 14 6 6 1 
31 1 
2 24 6 
2 16 9 1 4 
28 2 1 1 
1 12 10 1 1 4 1 2 
4 24 4 
5 22 5 
1 29 1 1 
1 21 4 6 
30 2 
1 23 4 4 
2 20 8 2 
9 22 1 
2 4 8 2 9 5 2 
1 7 6 16 2 
16 12 3 1 
8 13 10 1 
1 1 16 6 3 3 2 
1 26 1 4 
14 6 6 6 
32 
4 17 2 2 3 4 
1 24 2 3 2 
5 16 6 1 2 1 1 
2 30 
1 8 2 9 9 1 2 
1 4 2 13 5 4 1 2 
7 19 6 
20 8 2 2 
4 18 6 2 1 1 
1 17 8 2 4 
5 12 15 
11 15 1 1 2 2 
1 19 2 8 2 
1 31 
2 2 24 1 3 
1 26 5 
22 4 3 2 1 
2 23 4 3 
6 23 3 
22 5 1 3 1 
1 3 17 6 1 2 1 1 
1 29 2 
1 31 
1 22 8 1 
2 24 6 
1 8 8 3 7 4 1 
2 19 2 3 2 2 2 
1 22 2 4 2 1 
30 2 
2 17 13 
1 29 2 
1 8 17 3 1 1 1 
1 12 9 8 2 
10 11 3 2 6 
16 2 11 3 
3 9 5 4 7 1 1 1 1 
8 13 2 5 4 
3 2 16 9 2 
2 26 4 
5 22 5 
1 22 9 
11 11 10 
5 21 1 2 3 
2 19 11 
1 17 14 
1 27 3 1 
13 4 13 2 
15 13 1 2 1 
5 2 25 
1 14 8 3 6 
6 1 18 3 2 1 1 
1 24 2 4 1 
5 21 6 
3 20 9 
24 6 2 
1 24 7 
4 4 5 8 1 4 1 4 1 
1 13 15 3 
2 21 8 1 
1 7 9 4 11 
1 30 1 
5 7 20 
4 2 6 12 5 2 1 
2 23 7 
1 13 6 7 2 3 
1 17 2 10 2 
3 5 14 5 1 1 2 1 
11 10 11 
1 21 5 1 3 1 
1 26 1 2 2 
3 27 1 1 
4 9 18 1 
5 13 13 1 
4 22 6 
1 15 16 
12 1 5 12 1 1 
1 7 14 2 3 1 3 1 
4 22 6 
3 16 11 1 1 
1 12 5 10 1 1 2 
26 6 
1 19 1 1 1 7 1 1 
15 2 15 
28 4 
9 19 2 2 
11 7 2 12 
1 17 8 1 3 2 
1 21 3 6 1 
30 2 
1 7 1 15 6 1 1 
1 30 1 
21 5 1 4 1 
2 3 21 1 5 
3 10 8 2 8 1 
6 12 14 
2 19 11 
3 11 17 1 
18 2 6 4 1 1 
1 30 1 
6 14 3 3 6 
1 18 13 
1 5 20 4 2 
8 20 3 1 
23 2 1 1 3 2 
4 13 4 8 2 1 
2 10 19 1 
32 
20 5 5 1 1 
1 24 6 1 
1 5 8 18 
11 7 1 12 1 
2 27 3 
5 25 2 
1 16 8 7 
1 10 12 8 1 
1 20 11 
5 20 1 1 4 1 
1 27 1 1 2 
2 4 16 7 1 1 1 
1 27 4 
1 14 13 1 3 
1 22 7 1 1 
14 8 8 1 1 
21 11 
29 3 
5 19 8 
2 20 3 2 5 
1 24 2 5 
12 6 6 8 
5 7 6 1 9 3 1 
2 24 6 
32 
15 9 6 2 
4 3 17 8 
8 18 1 5 
30 1 1 
4 21 6 1 
27 4 1 
1 13 18 
16 13 2 1 
1 23 7 1 
8 14 5 4 1 
28 3 1 
3 12 15 1 1 
1 27 3 1 
4 1 27 
4 18 7 2 1 
1 9 4 16 2 
1 31 
2 20 10 
17 5 9 1 
32 
32 
3 16 1 7 3 2 
1 19 1 7 3 1 
1 27 4 
2 17 9 2 2 
4 18 7 2 1 
3 10 8 9 1 1 
2 27 3 
14 4 11 2 1 
1 29 2 
1 6 25 
6 1 1 20 1 3 
15 10 7 
18 7 7 
17 15 
6 14 2 5 3 2 
1 16 2 6 3 1 3 
3 12 17 
1 28 3 
1 28 2 1 
8 4 2 13 3 2 
18 7 7 
32 
5 21 1 4 1 
3 17 10 1 1 
1 24 2 2 3 
4 22 4 2 
1 18 4 8 1 
3 13 3 13 
2 11 12 6 1 
1 25 1 4 1 
24 3 4 1 
1 21 10 
3 2 5 19 2 1 
1 9 13 5 4 
1 4 11 8 3 5 
1 16 14 1 
1 28 3 
14 5 13 
1 25 3 1 1 1 
1 18 6 1 3 2 1 
1 17 11 1 1 1 
17 3 11 1 
1 27 1 1 1 1 
5 26 1 
2 11 14 4 1 
2 7 1 10 3 6 3 
6 2 22 2 
1 22 4 2 3 
6 14 12 
27 5 
2 16 3 9 1 1 
1 7 24 
1 12 7 10 2 
6 8 4 10 1 3 
6 4 4 11 1 4 1 1 
1 4 26 1 
3 17 7 4 1 
5 1 18 5 1 2 
2 22 7 1 
2 14 4 11 1 
12 16 4 
27 3 2 
1 7 2 8 14 
1 22 5 2 1 1 
8 10 6 4 3 1 
1 3 21 2 5 
3 8 2 18 1 
1 25 6 
5 13 9 2 2 1 
2 4 2 3 8 6 3 1 3 
3 12 13 4 
21 8 1 2 
5 6 8 4 8 1 
4 15 13 
2 21 2 3 2 1 1 
2 3 11 13 3 
1 16 2 5 1 3 2 2 
8 16 4 2 1 1 
8 6 1 2 3 5 1 1 4 1 
1 6 7 10 2 6 
1 25 6 
1 21 4 6 
4 16 5 4 2 1 
1 29 2 
22 2 1 7 
2 19 5 2 2 2 
3 19 5 1 3 1 
1 2 21 8 
32 
20 10 2 
3 14 12 3 
31 1 
1 10 17 2 1 1 
4 10 17 1 
1 2 11 14 3 1 
1 2 12 4 1 7 2 1 1 1 
5 10 17 
1 14 17 
1 20 1 8 1 1 
18 6 8 
3 18 6 4 1 
32 
2 9 8 7 5 1 
28 1 1 2 
1 3 5 11 2 10 
32 
5 4 7 9 3 3 1 
3 8 11 4 4 2 
2 27 2 1 
28 1 3 
2 24 5 1 
2 14 9 1 3 3 
9 15 7 1 
1 25 6 
1 1 20 10 
1 6 2 1 15 5 2 
10 18 1 1 1 1 
1 5 15 10 1 
1 30 1 
1 22 8 1 
20 12 
6 14 4 2 2 3 1 
12 18 1 1 
5 2 3 3 17 2 
27 4 1 
8 8 13 3 
31 1 
4 11 1 16 
28 3 1 
26 4 2 
3 14 13 1 1 
5 1 11 10 2 1 1 1 
22 7 3 
4 4 20 2 1 1 
6 16 10 
2 24 6 
2 3 7 10 6 4 
6 7 11 5 2 1 
21 10 1 
1 9 10 8 2 1 1 
5 23 1 1 1 1 
1 16 5 5 5 
2 18 4 6 2 
1 20 11 
9 10 6 5 2 
2 6 13 2 2 5 2 
19 3 4 6 
7 15 10 
26 2 4 
2 19 1 6 4 
10 5 6 2 5 2 2 
1 2 9 1 1 12 6 
1 30 1 
2 5 10 9 1 5 
4 16 11 1 
1 16 6 4 1 1 2 1 
2 22 8 
30 2 
3 27 2 
1 22 9 
3 12 1 2 9 3 2 
4 8 20 
1 28 3 
1 28 1 1 1 
32 
27 5 
2 8 12 6 3 1 
1 11 14 5 1 
32 
4 8 6 8 6 
1 7 24 
1 8 19 3 1 
4 14 3 10 1 
15 5 7 4 1 
29 1 2 
17 1 11 2 1 
1 17 4 4 4 2 
3 3 1 13 8 3 1 
2 4 26 
2 23 2 5 
3 10 6 13 
1 19 6 6 
12 12 7 1 
3 4 10 6 1 2 2 1 1 2 
1 25 4 2 
1 2 17 2 2 7 1 
2 29 1 
5 24 3 
1 23 6 1 1 
3 24 5 
10 13 9 
1 25 6 
1 25 1 2 1 1 1 
8 23 1 
8 8 12 1 1 2 
1 16 3 1 7 2 1 1 
1 26 1 4 
5 7 12 6 2 
5 10 12 2 1 1 1 
2 1 1 27 1 
4 4 1 13 7 3 
1 22 2 6 1 
2 17 13 
2 4 10 1 15 
7 22 3 
25 7 
24 4 4 
12 14 6 
6 15 9 2 
2 5 19 5 1 
1 6 18 1 2 2 2 
16 4 6 1 3 2 
7 13 9 2 1 
6 13 13 
1 16 7 2 6 
2 3 11 9 7 
25 7 
25 2 3 1 1 
1 20 4 5 1 1 
28 4 
13 15 4 
1 18 8 3 2 
2 16 8 1 1 2 1 1 
1 19 9 1 1 1 
1 29 1 1 
2 9 6 12 3 
21 11 
2 27 3 
3 22 4 3 
14 1 1 5 7 4 
29 1 1 1 
6 26 
1 13 6 2 4 4 1 1 
3 11 10 4 3 1 
2 6 1 8 10 4 1 
1 1 24 3 3 
3 13 10 2 4 
2 6 3 2 12 3 4 
1 31 
4 5 14 7 1 1 
2 17 5 3 3 2 
1 28 3 
3 2 1 7 9 6 1 1 1 1 
13 18 1 
1 23 6 1 1 
29 2 1 
1 9 20 1 1 
6 14 5 2 5 
7 6 19 
18 11 1 1 1 
3 11 7 7 2 2 
1 30 1 
1 11 5 13 1 1 
1 27 1 2 1 
1 12 18 1 
32 
2 8 21 1 
1 24 1 6 
2 24 6 
1 29 2 
9 13 3 5 2 
1 10 4 5 11 1 
3 1 7 16 4 1 
27 2 3 
30 1 1 
1 13 3 9 6 
2 25 1 4 
6 26 
1 13 13 1 3 1 
1 12 18 1 
5 7 16 4 
1 26 5 
4 26 2 
16 10 2 4 
1 7 19 4 1 
1 24 3 3 1 
5 9 6 1 7 1 2 1 
2 18 7 2 3 
2 13 17 
1 18 1 4 8 
3 7 20 1 1 
1 21 9 1 
6 8 17 1 
2 3 23 2 1 1 
2 1 11 5 12 1 
2 8 9 1 8 2 2 
4 10 11 2 5 
6 20 5 1 
17 9 1 1 3 1 
1 6 13 5 1 4 2 
1 25 6 
1 22 3 1 5 
32 
4 16 11 1 
1 25 5 1 
1 19 9 2 1 
3 2 13 9 5 
2 5 25 
1 15 12 1 3 
3 19 2 3 2 3 
1 1 24 1 1 1 1 1 1 
1 3 12 7 1 3 2 2 1 
4 24 4 
2 11 15 4 
4 25 2 1 
1 7 18 5 1 
1 20 10 1 
5 7 10 3 1 1 2 1 2 
4 28 
1 29 2 
1 24 3 2 1 1 
1 31 
6 3 7 10 1 2 1 1 1 
3 4 12 12 1 
6 8 2 16 
3 27 2 
1 3 11 14 2 1 
1 13 2 1 12 3 
25 6 1 
1 21 9 1 
1 29 2 
2 15 12 1 2 
4 22 3 2 1 
28 3 1 
2 19 11 
2 27 1 2 
1 8 4 18 1 
3 26 1 2 
5 26 1 
26 3 3 
1 12 15 2 2 
1 8 20 1 1 1 
1 4 6 1 9 11 
17 3 1 2 2 7 
1 31 
16 15 1 
5 22 1 3 1 
1 27 1 2 1 
7 24 1 
1 29 1 1 
22 6 4 
1 2 4 3 18 4 
8 19 3 2 
17 11 3 1 
8 19 4 1 
32 
4 26 2 
8 22 2 
2 28 2 
6 14 8 2 2 
1 29 1 1 
31 1 
7 19 2 4 
32 
1 2 10 14 4 1 
5 24 3 
1 4 10 13 3 1 
7 19 5 1 
1 5 7 15 1 3 
32 
2 20 8 2 
1 20 11 
2 8 17 4 1 
9 6 2 1 1 3 2 1 5 1 1 
5 4 9 7 2 4 1 
6 2 8 13 2 1 
22 6 4 
1 15 10 1 2 2 1 
1 17 9 4 1 
1 5 7 12 2 2 3 
7 25 
2 18 11 1 
1 24 3 2 1 1 
1 16 8 7 
5 26 1 
1 20 6 3 2 
5 12 12 1 2 
1 29 1 1 
1 12 17 1 1 
7 24 1 
1 1 18 11 1 
1 15 16 
28 3 1 
1 19 9 2 1 
2 12 16 1 1 
7 7 5 4 8 1 
12 2 17 1 
1 18 10 2 1 
2 23 7 
31 1 
5 11 6 1 6 3 
1 7 3 17 3 1 
1 13 4 13 1 
1 23 4 4 
21 3 1 4 1 1 1 
2 17 8 1 2 2 
1 22 8 1 
32 
1 4 11 16 
6 16 6 4 
29 3 
20 4 8 
15 6 8 3 
7 13 2 1 2 2 5 
4 22 6 
20 8 2 1 1 
1 24 5 2 
25 2 5 
1 8 9 4 6 3 1 
1 19 3 4 1 1 3 
2 22 4 4 
19 3 2 2 4 2 
2 28 1 1 
14 13 3 1 1 
1 28 3 
1 15 1 11 2 1 1 
27 3 2 
1 8 18 5 
2 29 1 
2 1 20 7 2 
31 1 
26 5 1 
1 25 5 1 
7 15 5 3 1 1 
1 18 6 2 5 
1 11 4 9 3 4 
13 7 2 8 1 1 
1 29 2 
1 16 15 
32 
1 3 25 1 1 1 
3 23 1 4 1 
1 14 8 7 1 1 
1 23 2 5 1 
5 13 6 8 
1 26 1 4 
4 27 1 
12 18 1 1 
2 7 11 7 1 3 1 
1 2 7 13 9 
3 16 11 2 
1 17 3 6 4 1 
1 31 
1 28 3 
6 2 12 7 5 
1 19 12 
3 1 2 1 5 10 5 3 2 
1 31 
6 10 4 11 1 
3 25 4 
1 18 8 4 1 
3 11 3 13 1 1 
2 14 5 7 1 2 1 
4 27 1 
13 8 1 3 7 
8 18 6 
1 30 1 
20 10 1 1 
13 17 1 1 
10 20 2 
1 20 5 3 3 
1 19 9 1 2 
1 26 4 1 
1 27 4 
2 17 4 4 5 
6 26 
3 24 5 
10 12 5 5 
17 7 7 1 
1 22 5 3 1 
8 11 12 1 
3 23 2 2 1 1 
5 19 6 1 1 
2 13 10 6 1 
1 10 7 4 2 6 1 1 
5 19 8 
3 6 8 3 4 2 1 3 1 1 
1 29 2 
3 24 1 3 1 
10 11 6 2 1 2 
1 21 2 5 3 
20 8 4 
1 25 3 1 2 
1 29 1 1 
1 17 10 1 1 1 1 
1 9 16 1 5 
1 5 15 7 2 2 
3 21 2 3 1 2 
1 21 5 3 1 1 
1 24 7 
1 27 1 2 1 
29 2 1 
7 4 18 2 1 
32 
1 22 5 4 
2 19 5 5 1 
8 23 1 
1 18 4 3 6 
1 2 3 12 5 9 
1 18 13 
23 2 7 
1 16 13 2 
9 7 4 3 8 1 
6 25 1 
4 8 11 6 2 1 
11 5 6 8 1 1 
3 27 2 
21 2 9 
1 29 2 
1 13 5 2 6 1 2 1 1 
1 15 11 2 3 
1 29 1 1 
1 21 10 
3 20 5 1 3 
3 11 2 5 1 7 1 2 
1 12 14 3 1 1 
2 7 6 17 
22 8 1 1 
1 6 11 4 2 7 1 
7 22 2 1 
17 11 1 1 1 1 
8 4 18 2 
1 17 10 1 1 1 1 
7 11 10 4 
3 29 
2 17 3 1 5 4 
1 29 2 
5 8 4 3 5 5 2 
29 3 
1 19 4 1 1 3 1 1 1 
16 1 2 5 8 
1 4 27 
2 29 1 
2 13 4 5 1 2 5 
1 22 6 1 2 
1 18 2 8 3 
2 1 18 3 3 2 1 2 
1 8 10 2 11 
6 13 6 4 3 
7 7 17 1 
2 8 22 
5 27 
13 1 1 5 6 2 4 
13 16 2 1 
32 
1 29 2 
3 10 19 
3 17 1 2 5 2 1 1 
5 7 16 4 
3 14 1 6 7 1 
32 
17 11 1 1 2 
1 10 15 2 3 1 
1 30 1 
2 25 5 
2 3 14 11 1 1 
7 14 9 2 
3 23 3 3 
17 14 1 
26 4 1 1 
2 17 9 4 
2 28 2 
1 2 10 15 3 1 
24 6 2 
1 11 20 
6 11 13 1 1 
3 12 1 11 4 1 
1 20 2 7 1 1 
1 9 22 
2 22 8 
3 1 23 2 1 1 1 
20 2 9 1 
31 1 
1 31 
3 20 9 
4 5 23 
14 7 11 
1 12 13 3 1 2 
27 3 2 
1 26 2 3 
1 26 5 
18 12 2 
3 27 2 
3 18 8 1 1 1 
10 21 1 
2 9 16 4 1 
4 9 16 1 1 1 
1 27 4 
3 19 8 1 1 
25 6 1 
2 1 12 16 1 
32 
3 24 1 1 3 
4 21 2 1 1 2 1 
27 3 2 
1 1 10 17 3 
1 25 5 1 
16 7 1 7 1 
1 8 17 3 3 
1 15 3 7 2 1 1 1 1 
1 19 12 
4 20 8 
26 6 
15 6 1 4 3 3 
8 21 2 1 
2 17 13 
1 14 17 
2 12 17 1 
1 27 3 1 
5 27 
1 3 6 22 
1 12 6 13 
7 12 10 1 2 
1 12 10 5 2 1 1 
20 11 1 
1 28 2 1 
15 8 4 4 1 
1 1 19 9 1 1 
1 8 4 18 1 
14 11 4 3 
11 19 1 1 
1 9 3 17 2 
17 15 
1 7 24 
19 6 2 4 1 
1 16 12 3 
2 18 2 1 7 2 
18 11 3 
1 2 19 4 2 1 2 1 
1 21 10 
1 9 6 5 2 2 7 
1 14 1 11 5 
1 23 8 
1 22 4 4 1 
8 22 1 1 
1 23 3 5 
2 20 1 7 1 1 
1 15 16 
11 11 1 2 5 2 
7 4 14 6 1 
1 2 8 2 16 2 1 
22 4 6 
3 24 2 2 1 
2 8 20 2 
7 23 1 1 
4 10 11 2 3 2 
2 24 5 1 
1 4 3 1 7 3 5 6 1 1 
10 11 10 1 
16 5 6 1 3 1 
3 23 5 1 
14 15 3 
1 1 18 12 
1 14 17 
17 9 3 1 2 
2 29 1 
6 12 13 1 
2 25 5 
24 8 
1 30 1 
1 8 2 3 17 1 
1 29 1 1 
1 14 9 6 2 
1 26 5 
11 20 1 
1 16 3 9 1 2 
4 25 3 
1 25 1 2 1 1 1 
20 1 5 6 
13 1 3 1 1 11 1 1 
16 1 1 9 5 
5 15 1 3 4 3 1 
32 
5 26 1 
25 2 5 
1 21 1 9 
1 31 
4 4 2 8 7 5 2 
1 24 3 4 
4 16 1 7 3 1 
20 8 2 1 1 
3 16 6 3 3 1 
2 15 6 6 3 
1 23 3 5 
4 20 6 1 1 
1 29 2 
1 20 1 9 1 
15 8 2 3 4 
1 19 5 6 1 
5 19 1 5 1 1 
2 3 11 2 13 1 
2 28 2 
1 9 1 21 
24 6 2 
2 15 15 
10 10 3 5 1 2 1 
1 22 3 6 
4 17 10 1 
4 5 1 6 13 1 1 1 
1 21 7 1 2 
32 
5 26 1 
1 25 2 1 3 
16 8 8 
8 17 1 6 
22 6 1 3 
20 8 1 2 1 
1 7 22 2 
16 8 3 3 2 
10 3 17 1 1 
1 27 4 
5 20 7 
13 7 6 3 1 2 
5 20 5 2 
2 29 1 
1 23 5 3 
18 2 9 2 1 
3 25 4 
2 18 12 
1 27 4 
8 13 2 7 2 
1 1 7 10 12 1 
5 16 11 
1 12 19 
1 3 1 18 1 4 3 1 
6 15 6 2 1 2 
2 1 20 2 2 3 2 
19 5 5 3 
1 7 16 6 1 1 
1 26 2 1 2 
12 9 2 8 1 
1 28 2 1 
8 19 5 
2 29 1 
5 3 15 9 
21 3 3 2 1 1 1 
1 19 3 1 4 3 1 
1 15 15 1 
30 2 
7 8 6 4 3 1 1 2 
31 1 
1 9 8 4 5 3 2 
8 5 11 6 2 
3 11 18 
4 21 5 2 
30 2 
13 16 2 1 
1 13 17 1 
1 6 23 1 1 
3 19 7 3 
5 3 18 6 
5 19 8 
1 3 9 17 2 
1 8 17 4 2 
13 1 1 10 3 3 1 
1 4 27 
3 20 8 1 
25 2 1 2 2 
32 
28 2 1 1 
1 2 5 5 11 3 3 2 
15 13 3 1 
1 19 11 1 
1 17 1 9 1 3 
2 18 10 1 1 
1 25 5 1 
32 
29 3 
6 18 4 3 1 
4 28 
4 4 23 1 
1 20 11 
2 5 17 6 1 1 
3 19 9 1 
26 3 1 2 
1 17 9 4 1 
1 12 5 8 1 4 1 
4 22 1 5 
1 1 29 1 
13 2 16 1 
9 20 1 1 1 
3 26 2 1 
31 1 
1 21 10 
1 30 1 
5 6 16 2 3 
3 28 1 
6 10 9 4 2 1 
2 30 
26 2 4 
2 3 2 25 
1 18 2 9 1 1 
29 3 
5 13 1 2 9 2 
31 1 
1 12 19 
29 1 1 1 
10 8 14 
6 20 1 4 1 
1 3 22 1 2 2 1 
9 10 4 8 1 
31 1 
6 10 16 
6 16 7 3 
6 21 5 
14 1 14 2 1 
6 4 1 17 4 
1 18 12 1 
2 20 8 1 1 
1 14 16 1 
6 12 7 7 
1 18 6 7 
4 28 
1 1 9 21 
3 20 4 3 1 1 
1 2 23 3 3 
6 5 16 4 1 
1 2 3 6 10 2 6 1 1 
1 12 9 4 2 1 1 2 
1 20 2 1 2 5 1 
1 7 18 4 2 
14 17 1 
1 28 1 2 
2 23 7 
1 31 
5 22 5 
1 24 7 
3 16 13 
3 12 10 7 
31 1 
8 5 15 1 2 1 
13 14 3 1 1 
1 20 8 2 1 
1 1 22 4 2 1 1 
21 5 6 
8 11 12 1 
1 8 3 5 3 5 1 3 2 1 
31 1 
1 2 23 5 1 
26 6 
1 14 17 
1 25 2 1 2 1 
6 9 5 12 
22 4 6 
1 12 15 2 1 1 
2 28 1 1 
1 16 15 
1 24 1 1 5 
9 22 1 
1 28 1 2 
1 14 2 9 2 1 1 1 1 
2 18 10 1 1 
12 4 4 4 8 
1 28 3 
1 30 1 
21 8 2 1 
20 2 5 2 1 2 
31 1 
1 24 1 1 1 1 1 2 
1 26 5 
32 
3 24 3 1 1 
1 2 8 1 7 11 2 
8 13 5 2 3 1 
3 13 15 1 
22 9 1 
23 3 4 1 1 
28 4 
3 19 10 
1 26 2 2 1 
30 2 
18 4 3 2 4 1 
7 7 2 7 3 1 5 
1 9 11 11 
1 6 9 13 1 2 
6 21 1 3 1 
2 5 13 4 6 1 1 
1 5 11 6 2 7 
7 22 3 
2 15 8 7 
14 16 2 
2 27 3 
1 6 1 8 15 1 
2 17 13 
4 3 6 14 2 1 2 
32 
2 13 5 12 
2 8 17 3 2 
6 26 
1 27 2 1 1 
32 
1 25 3 1 2 
4 6 4 3 11 3 1 
25 7 
3 15 8 4 2 
1 4 16 6 2 1 2 
1 10 12 7 1 1 
2 23 1 2 4 
15 6 6 2 1 2 
3 29 
7 14 3 1 3 1 2 1 
6 4 2 6 6 2 5 1 
1 5 16 4 4 2 
14 14 2 2 
1 11 18 2 
7 21 4 
1 26 5 
7 8 1 1 13 1 1 
2 24 6 
3 21 7 1 
10 16 3 1 2 
2 24 2 4 
32 
4 18 3 3 4 
26 4 2 
1 17 14 
1 31 
17 3 3 7 2 
4 8 2 12 6 
2 29 1 
1 18 13 
1 30 1 
18 11 2 1 
5 23 1 2 1 
12 18 1 1 
3 12 17 
26 1 1 1 3 
22 8 2 
4 18 8 2 
6 22 4 
1 2 12 17 
1 24 7 
2 28 2 
2 15 8 2 1 2 1 1 
1 7 16 2 6 
2 27 2 1 
1 9 2 8 5 3 1 2 1 
5 21 3 2 1 
1 27 2 2 
23 6 1 2 
3 1 10 11 6 1 
1 27 1 3 
10 7 8 4 3 
1 4 5 8 8 3 1 2 
1 16 4 6 1 2 1 1 
13 13 6 
1 2 26 2 1 
2 25 1 3 1 
24 5 3 
1 26 5 
1 25 5 1 
13 14 5 
2 28 2 
2 10 20 
13 8 11 
7 10 12 2 1 
1 8 17 3 2 1 
1 4 8 7 1 9 2 
1 4 22 3 1 1 
4 8 10 9 1 
1 6 9 5 2 2 5 1 1 
1 26 4 1 
1 24 3 1 3 
1 10 17 3 1 
1 17 4 8 2 
1 15 13 1 2 
2 27 1 2 
6 19 6 1 
4 5 19 4 
1 6 12 7 1 2 2 1 
1 2 12 16 1 
29 1 2 
3 5 14 3 3 1 2 1 
10 7 5 1 3 1 2 2 1 
1 15 6 5 4 1 
2 23 7 
1 20 9 2 
2 16 8 6 
5 26 1 
3 24 5 
1 4 3 19 1 1 2 1 
22 8 1 1 
6 21 5 
3 12 7 4 5 1 
1 23 2 2 2 1 1 
4 21 2 4 1 
5 13 11 2 1 
4 11 4 6 2 2 3 
31 1 
1 3 4 3 1 9 5 5 1 
1 1 6 11 10 2 1 
1 18 13 
4 16 10 2 
2 7 5 9 5 4 
7 22 3 
1 11 6 2 9 2 1 
3 24 3 1 1 
1 11 3 17 
5 10 15 1 1 
5 20 5 1 1 
1 30 1 
1 17 14 
2 4 19 5 2 
15 15 1 1 
1 15 3 2 10 1 
1 18 10 3 
13 3 9 5 2 
2 26 2 1 1 
32 
31 1 
30 1 1 
1 22 1 5 3 
1 18 11 1 1 
2 4 11 15 
1 30 1 
1 25 1 5 
20 12 
12 10 4 3 2 1 
1 22 2 7 
3 1 11 7 5 1 4 
2 16 10 1 2 1 
1 18 12 1 
1 28 3 
2 23 6 1 
13 2 7 1 6 3 
1 24 3 4 
24 2 1 1 2 1 1 
30 1 1 
1 24 5 2 
1 16 8 4 2 1 
25 4 2 1 
19 13 
1 10 12 9 
1 5 9 13 1 3 
12 16 4 
6 25 1 
3 17 8 2 2 
2 29 1 
1 31 
14 10 5 3 
4 7 4 2 13 2 
19 12 1 
2 5 25 
1 4 7 2 11 2 5 
4 18 2 5 3 
1 30 1 
1 29 2 
1 15 8 8 
1 12 3 7 5 3 1 
1 19 11 1 
14 13 5 
19 8 1 3 1 
2 8 13 1 6 1 1 
1 21 1 7 2 
4 12 3 9 4 
1 4 16 8 3 
4 3 6 14 2 2 1 
4 8 20 
6 7 6 13 
1 21 6 4 
2 5 18 2 4 1 
8 16 2 5 1 
1 12 3 1 13 1 1 
2 4 24 1 1 
5 2 25 
2 25 3 2 
4 12 13 1 1 1 
1 29 1 1 
6 7 19 
31 1 
9 6 7 4 1 1 2 1 1 
32 
2 4 22 4 
14 14 4 
1 27 3 1 
32 
1 31 
3 15 12 2 
13 15 4 
2 13 7 10 
32 
11 16 2 2 1 
8 8 11 2 2 1 
18 14 
1 12 14 4 1 
1 4 11 1 4 8 3 
6 26 
1 28 3 
1 9 17 1 1 1 2 
1 16 15 
13 19 
1 6 22 3 
2 1 1 15 4 7 2 
2 12 4 13 1 
1 9 13 2 2 3 2 
10 6 11 1 1 1 1 1 
31 1 
1 24 7 
19 3 6 2 1 1 
5 8 9 6 1 3 
1 25 2 3 1 
1 26 5 
1 2 11 11 5 2 
2 20 3 7 
5 19 1 5 1 1 
1 12 5 1 6 3 4 
1 11 10 5 1 4 
1 9 1 3 13 5 
23 3 6 
4 4 1 2 14 4 2 1 
1 7 24 
2 29 1 
4 1 27 
1 10 1 9 1 2 8 
1 15 4 10 2 
1 9 3 16 3 
1 28 2 1 
19 4 5 2 1 1 
1 28 3 
2 7 13 3 4 1 2 
1 13 1 17 
1 4 22 2 1 2 
9 5 4 7 2 4 1 
15 6 3 3 4 1 
1 21 6 3 1 
5 6 1 7 5 3 1 3 1 
1 22 7 2 
6 11 12 1 1 1 
1 7 7 6 5 2 4 
1 5 12 10 2 2 
16 13 3 
1 25 5 1 
1 20 7 2 2 
1 18 3 5 1 3 1 
6 20 4 1 1 
21 3 8 
6 6 14 4 2 
1 18 8 4 1 
1 18 13 
6 12 3 2 5 4 
3 23 6 
1 18 3 1 8 1 
3 23 2 4 
2 13 17 
4 17 2 7 2 
26 5 1 
1 28 3 
1 24 7 
2 13 17 
1 9 11 5 2 1 3 
9 13 1 2 7 
3 16 13 
1 22 9 
5 20 2 3 1 1 
4 25 1 1 1 
2 11 18 1 
3 23 2 3 1 
1 7 8 5 7 1 1 1 1 
5 4 10 5 5 3 
6 6 16 3 1 
7 12 11 1 1 
1 25 6 
5 1 7 12 6 1 
1 31 
1 2 27 2 
2 2 22 3 2 1 
32 
1 8 5 8 7 2 1 
1 3 13 4 3 5 1 1 1 
1 26 4 1 
1 30 1 
16 11 5 
11 9 3 1 7 1 
1 2 9 9 4 4 3 
5 7 12 8 
1 15 9 2 3 2 
1 3 3 24 1 
1 30 1 
13 16 1 2 
1 23 6 2 
1 3 17 10 1 
29 2 1 
1 11 20 
1 5 22 3 1 
6 5 9 7 2 2 1 
4 27 1 
1 9 13 9 
12 17 3 
1 24 3 4 
1 22 7 2 
1 13 15 2 1 
1 6 21 1 1 2 
1 12 7 5 3 4 
5 5 7 6 3 1 2 3 
5 14 13 
12 6 11 3 
31 1 
2 12 2 9 1 4 2 
1 4 6 13 3 2 1 1 1 
1 19 12 
5 21 4 1 1 
32 
1 14 17 
3 25 4 
6 9 12 4 1 
28 1 3 
2 6 20 3 1 
3 9 3 7 6 3 1 
8 6 15 3 
27 1 2 1 1 
31 1 
1 22 7 2 
1 29 2 
1 6 9 14 2 
2 22 2 1 5 
4 3 13 3 8 1 
1 20 1 3 7 
4 28 
2 17 13 
11 13 4 1 2 1 
2 7 23 
1 24 6 1 
1 24 4 2 1 
21 7 3 1 
1 18 5 2 1 1 3 1 
4 2 4 19 3 
1 13 3 10 5 
8 12 2 7 2 1 
32 
21 9 1 1 
3 6 14 1 1 4 1 2 
31 1 
4 3 21 4 
1 10 12 2 2 3 1 1 
4 21 3 1 3 
20 8 4 
10 2 8 2 2 3 2 2 1 
32 
1 24 6 1 
4 12 15 1 
1 17 8 5 1 
16 8 8 
6 22 1 3 
14 15 3 
1 20 5 5 1 
6 17 3 3 2 1 
9 9 1 9 2 2 
1 14 17 
27 3 1 1 
12 18 2 
3 24 5 
9 6 14 3 
5 22 4 1 
20 10 2 
2 2 12 8 1 2 2 2 1 
18 8 3 3 
1 17 5 1 2 1 4 1 
12 8 11 1 
1 8 4 5 7 6 1 
9 8 10 3 2 
18 12 2 
3 25 4 
1 23 1 6 1 
1 10 4 10 5 2 
18 14 
1 5 8 11 6 1 
1 18 3 3 3 3 1 
1 22 6 3 
2 13 15 2 
7 16 9 
1 6 16 1 7 1 
5 20 7 
5 10 9 4 1 3 
14 13 5 
8 4 6 3 3 3 1 1 1 1 1 
9 1 8 11 3 
1 18 10 2 1 
5 23 4 
1 30 1 
1 22 6 3 
1 18 12 1 
17 12 3 
1 16 8 6 1 
32 
1 31 
3 16 2 8 3 
12 5 4 11 
2 5 6 2 1 16 
1 31 
1 5 10 2 14 
32 
32 
1 18 6 6 1 
1 24 5 1 1 
1 21 10 
6 7 12 4 3 
32 
1 19 1 8 2 1 
17 1 11 1 2 
3 20 1 3 5 
3 13 8 8 
1 10 14 2 1 4 
3 13 4 7 1 4 
2 15 14 1 
30 2 
2 1 3 10 4 12 
2 18 11 1 
1 7 7 8 4 2 2 1 
28 4 
1 30 1 
21 2 2 4 1 1 1 
28 2 2 
2 30 
3 6 23 
1 24 2 1 2 1 1 
7 25 
1 1 24 3 3 
32 
10 14 6 1 1 
19 13 
1 22 3 6 
7 4 2 16 2 1 
1 21 5 2 3 
2 14 7 5 1 3 
1 3 25 2 1 
11 19 2 
1 25 3 3 
2 21 6 2 1 
1 15 3 8 4 1 
5 8 12 7 
2 27 3 
6 10 5 2 1 1 1 6 
1 5 23 3 
12 2 18 
25 6 1 
8 17 6 1 
4 9 19 
1 20 11 
2 15 8 2 1 3 1 
8 11 7 4 1 1 
1 22 1 7 1 
32 
2 18 2 9 1 
1 21 4 2 2 2 
27 5 
1 18 4 6 2 1 
2 22 3 5 
12 10 5 1 1 2 1 
11 20 1 
23 9 
4 26 2 
18 6 7 1 
3 10 1 14 3 1 
11 19 2 
1 12 10 7 2 
4 11 2 6 8 1 
15 6 1 8 2 
1 8 14 1 6 1 1 
1 3 23 3 2 
6 25 1 
1 11 8 12 
2 7 12 11 
4 10 4 6 2 6 
1 17 1 13 
1 6 11 11 2 1 
1 20 6 5 
1 27 4 
8 2 2 12 6 1 1 
3 15 2 4 4 4 
3 12 13 2 2 
1 16 2 4 5 3 1 
32 
28 2 2 
19 7 6 
1 13 17 1 
1 30 1 
2 24 5 1 
1 16 5 3 2 2 2 1 
1 8 2 1 3 1 8 5 1 1 1 
31 1 
2 21 1 8 
7 15 10 
2 26 3 1 
1 22 3 3 1 1 1 
1 13 15 1 1 1 
20 1 9 1 1 
7 15 9 1 
2 9 18 1 1 1 
26 3 2 1 
1 20 11 
1 7 13 1 4 5 1 
3 10 16 3 
1 20 9 2 
1 3 10 10 5 3 
1 10 5 7 8 1 
22 1 7 2 
1 7 17 6 1 
1 6 14 1 1 2 1 5 1 
6 24 2 
1 18 12 1 
10 2 3 3 13 1 
30 2 
20 9 2 1 
30 1 1 
1 1 23 2 2 3 
1 11 3 9 6 2 
3 17 10 2 
18 11 3 
7 18 7 
1 24 7 
1 28 3 
1 31 
8 11 13 
2 2 15 1 8 3 1 
4 9 7 11 1 
1 11 6 12 1 1 
7 3 21 1 
1 3 4 6 6 7 2 2 1 
1 23 8 
1 27 1 3 
14 6 12 
3 27 2 
1 29 1 1 
1 3 21 1 6 
9 22 1 
1 10 14 7 
1 31 
31 1 
27 2 3 
1 1 30 
7 25 
12 10 6 2 1 1 
1 2 22 2 5 
4 13 12 1 1 1 
1 9 7 11 3 1 
1 8 8 2 9 3 1 
1 14 11 1 1 1 1 2 
29 1 2 
1 19 6 6 
1 13 18 
1 2 8 11 3 3 1 3 
8 18 2 1 2 1 
2 3 2 22 1 1 1 
17 4 6 3 2 
31 1 
1 22 3 5 1 
4 19 7 2 
2 7 23 
2 16 4 10 
1 6 19 4 2 
2 20 3 3 1 2 1 
1 20 3 7 1 
1 6 19 4 1 1 
4 1 27 
27 1 1 3 
1 1 4 7 15 2 2 
4 27 1 
1 10 2 7 12 
5 22 1 3 1 
1 2 17 1 10 1 
9 13 3 2 1 4 
1 18 10 3 
2 23 4 1 1 1 
3 20 7 1 1 
1 25 4 2 
32 
1 7 11 7 5 1 
2 9 8 11 1 1 
2 28 1 1 
1 18 13 
32 
31 1 
1 4 23 3 1 
32 
13 13 6 
3 13 15 1 
1 6 17 6 1 1 
6 8 4 9 3 2 
31 1 
15 16 1 
6 8 7 6 5 
2 14 2 10 1 2 1 
4 13 3 7 3 1 1 
12 19 1 
5 19 2 2 3 1 
1 31 
32 
4 21 2 1 1 2 1 
2 15 7 5 2 1 
19 11 2 
5 3 4 16 4 
3 10 19 
1 8 6 13 3 1 
32 
1 21 3 1 6 
10 13 3 1 2 3 
5 7 19 1 
27 1 2 2 
4 9 19 
4 1 3 15 1 5 2 1 
1 13 17 1 
14 16 1 1 
1 11 16 2 2 
1 24 4 3 
1 29 2 
16 5 5 2 1 2 1 
3 14 6 6 2 1 
1 25 6 
1 11 19 1 
22 6 3 1 
1 15 8 4 2 1 1 
1 13 3 14 1 
2 14 16 
1 14 13 3 1 
1 20 3 8 
3 16 13 
2 17 13 
5 26 1 
3 12 10 3 1 2 1 
3 1 3 1 11 10 3 
4 10 12 3 1 2 
4 17 9 2 
2 15 11 2 2 
2 7 8 4 4 4 3 
21 3 1 6 1 
1 23 8 
2 2 20 2 4 1 1 
15 6 11 
1 11 5 2 2 5 2 1 1 2 
1 17 13 1 
1 9 15 4 2 1 
3 26 3 
2 26 3 1 
32 
4 10 5 8 3 2 
1 21 6 3 1 
22 2 3 1 2 1 1 
1 25 1 1 4 
4 9 14 1 4 
1 29 2 
4 28 
32 
3 18 10 1 
27 2 3 
29 3 
1 4 12 4 11 
1 1 28 1 1 
19 9 1 3 
28 4 
1 9 9 2 7 1 2 1 
1 11 8 9 1 2 
24 1 2 1 1 2 1 
4 24 2 2 
25 4 2 1 
1 29 2 
27 2 2 1 
1 11 5 4 9 1 1 
27 4 1 
26 6 
1 25 6 
1 7 9 2 7 4 1 1 
1 19 1 9 2 
1 23 5 2 1 
12 16 1 3 
1 11 5 6 3 3 1 2 
9 17 4 2 
25 5 2 
16 8 4 4 
2 10 15 5 
1 6 5 17 1 2 
2 19 11 
5 2 25 
1 16 8 4 2 1 
2 5 20 3 2 
1 1 14 13 3 
6 7 15 4 
2 30 
24 5 3 
21 5 1 5 
4 9 1 16 2 
15 15 2 
4 11 7 1 2 6 1 
28 2 2 
14 16 1 1 
3 8 5 15 1 
19 10 3 
3 18 9 2 
1 21 7 3 
1 27 4 
2 12 6 7 5 
1 24 3 1 2 1 
1 23 8 
1 19 7 5 
4 13 13 2 
4 20 2 5 1 
1 11 20 
4 25 3 
25 4 3 
2 16 13 1 
1 29 2 
2 23 1 2 4 
1 19 5 2 2 3 
15 17 
1 12 3 5 1 4 4 1 1 
8 5 10 3 5 1 
17 7 7 1 
1 13 8 6 3 1 
3 25 3 1 
19 10 3 
4 5 12 2 4 3 1 1 
1 4 24 3 
2 19 9 2 
1 25 4 1 1 
29 3 
3 13 6 9 1 
17 13 1 1 
4 6 22 
4 1 27 
2 14 16 
6 1 6 2 10 1 2 2 2 
2 12 18 
13 16 3 
1 3 26 2 
2 2 14 12 2 
2 7 23 
1 29 2 
8 16 8 
32 
1 14 17 
3 6 18 2 3 
4 16 2 3 3 3 1 
1 16 3 12 
9 20 3 
1 3 9 4 5 4 4 2 
3 1 13 10 5 
1 14 11 2 2 1 1 
12 15 5 
2 11 17 2 
1 31 
2 29 1 
1 20 11 
2 11 1 13 3 1 1 
1 20 8 1 1 1 
1 7 11 12 1 
28 2 2 
6 2 1 22 1 
1 25 1 1 1 2 1 
1 25 2 2 2 
8 8 16 
7 21 3 1 
1 5 9 10 1 3 1 2 
30 2 
2 5 5 12 4 4 
2 30 
1 16 10 3 2 
22 8 2 
1 2 12 10 4 3 
5 20 3 4 
1 23 6 2 
1 21 6 2 2 
2 3 8 13 6 
7 2 15 4 4 
5 15 2 9 1 
15 5 6 5 1 
23 5 1 3 
9 13 10 
1 27 4 
1 4 21 5 1 
3 29 
31 1 
2 28 1 1 
6 24 1 1 
16 9 7 
1 15 5 11 
3 16 9 4 
32 
1 31 
30 1 1 
27 3 1 1 
31 1 
17 14 1 
1 1 21 8 1 
1 4 23 4 
1 12 10 2 5 2 
2 29 1 
1 2 7 4 17 1 
30 1 1 
2 24 6 
30 2 
1 12 5 12 2 
2 21 9 
7 18 1 6 
1 12 5 4 2 1 2 1 3 1 
8 5 10 1 2 6 
1 24 1 5 1 
4 6 9 12 1 
26 2 4 
17 1 1 9 3 1 
2 1 15 4 4 4 2 
19 9 2 1 1 
7 17 8 
6 19 5 1 1 
30 2 
1 3 13 7 3 5 
32 
1 17 10 1 1 1 1 
3 27 2 
1 19 1 4 6 1 
7 21 2 1 1 
1 25 4 1 1 
1 22 9 
1 7 18 5 1 
3 21 1 3 1 3 
1 1 13 12 4 1 
1 1 13 12 3 1 1 
1 6 25 
25 5 1 1 
1 2 3 1 4 19 1 1 
10 22 
2 3 18 2 4 2 1 
32 
2 24 1 3 1 1 
1 2 7 22 
1 18 9 1 3 
2 13 17 
1 26 3 2 
2 21 7 2 
1 24 1 1 5 
6 25 1 
1 6 1 9 8 6 1 
31 1 
5 21 4 1 1 
1 12 13 6 
1 11 18 2 
1 3 19 8 1 
1 17 4 5 4 1 
3 20 6 2 1 
32 
1 6 21 3 1 
7 8 14 1 2 
17 10 4 1 
1 10 8 9 1 3 
5 25 2 
1 24 2 2 3 
9 17 4 1 1 
1 24 3 3 1 
12 1 10 4 5 
19 9 2 2 
1 7 22 2 
32 
22 9 1 
1 31 
26 2 1 2 1 
2 18 11 1 
1 12 1 17 1 
24 6 2 
3 7 6 15 1 
1 29 1 1 
3 17 7 5 
1 24 2 4 1 
16 3 10 3 
32 
2 3 10 12 5 
2 16 11 1 1 1 
1 23 1 3 1 3 
3 7 1 4 16 1 
1 3 18 8 2 
3 19 5 2 1 1 1 
5 21 3 1 1 1 
1 30 1 
1 25 1 5 
1 21 10 
1 17 2 10 1 1 
2 4 24 1 1 
9 20 1 1 1 
7 7 14 3 1 
9 19 1 2 1 
2 18 2 8 2 
4 11 1 16 
1 10 5 7 4 1 1 1 1 1 
13 3 14 2 
20 4 2 1 2 1 2 
1 3 5 3 10 2 2 3 2 1 
5 14 13 
2 14 10 5 1 
14 5 5 5 2 1 
1 14 4 11 2 
3 15 7 4 2 1 
7 18 7 
5 1 14 2 6 1 1 2 
1 11 15 3 1 1 
5 6 19 1 1 
19 9 1 2 1 
4 7 1 8 3 8 1 
2 16 7 7 
4 1 9 13 2 2 1 
5 16 4 3 1 1 1 1 
11 12 6 3 
15 12 1 3 1 
11 6 10 3 2 
2 17 6 7 
1 22 9 
7 17 1 5 2 
22 9 1 
3 6 7 15 1 
1 13 7 7 4 
10 9 5 6 2 
1 9 5 17 
2 1 22 7 
5 12 11 2 2 
1 8 14 5 4 
1 6 13 4 4 3 1 
32 
2 4 26 
3 29 
1 28 1 2 
1 21 2 2 3 2 1 
2 5 17 1 4 3 
1 11 14 1 3 1 1 
18 12 1 1 
8 10 2 3 7 1 1 
8 4 15 4 1 
2 17 3 5 3 2 
2 14 1 6 3 1 5 
1 10 8 11 2 
30 2 
10 4 11 5 2 
3 25 4 
9 10 12 1 
7 5 6 11 1 1 1 
19 13 
2 16 4 5 4 1 
32 
26 3 1 1 1 
28 2 1 1 
1 27 4 
1 23 1 1 5 1 
2 8 4 3 10 3 1 1 
31 1 
1 22 4 2 1 2 
1 16 8 6 1 
1 13 11 3 4 
1 10 21 
2 10 11 5 2 2 
1 26 5 
1 6 16 1 5 1 1 1 
2 11 9 5 1 1 1 2 
4 16 3 1 2 1 2 1 2 
4 2 3 8 6 7 1 1 
3 26 2 1 
1 27 2 2 
4 21 3 3 1 
3 15 1 11 1 1 
2 15 1 2 8 4 
1 12 4 8 3 3 1 
1 26 5 
1 24 2 5 
2 3 20 3 2 1 1 
1 4 24 1 1 1 
1 19 6 2 1 2 1 
20 11 1 
28 3 1 
7 20 4 1 
1 8 6 3 2 12 
3 26 2 1 
5 27 
1 15 16 
3 28 1 
4 6 1 8 2 3 6 2 
8 21 2 1 
1 22 7 1 1 
1 27 4 
1 10 2 2 17 
1 27 1 3 
16 12 4 
1 14 9 2 3 2 1 
1 24 7 
4 13 8 1 2 1 1 2 
8 16 2 6 
1 25 1 1 4 
9 6 10 6 1 
1 18 4 7 2 
4 26 2 
3 6 17 1 2 1 1 1 
1 24 5 2 
4 1 24 1 2 
30 1 1 
1 30 1 
4 2 21 1 1 3 
2 20 1 2 5 1 1 
1 1 7 17 6 
1 23 7 1 
2 27 2 1 
1 15 15 1 
1 7 7 7 3 2 3 1 1 
1 17 12 1 1 
1 15 14 2 
5 8 19 
20 3 1 2 2 4 
6 9 7 4 5 1 
1 16 15 
8 20 4 
6 7 19 
3 10 4 11 1 3 
1 12 10 9 
2 29 1 
2 21 9 
22 9 1 
20 11 1 
1 18 5 2 6 
1 11 1 19 
3 3 16 3 2 2 3 
32 
1 16 13 1 1 
2 14 2 3 7 1 2 1 
1 16 11 1 3 
30 1 1 
1 4 26 1 
11 6 12 2 1 
1 12 19 
1 12 12 6 1 
27 3 1 1 
1 5 15 9 1 1 
3 24 5 
8 6 16 1 1 
27 5 
3 19 5 1 2 2 
2 10 8 6 3 3 
1 3 21 4 3 
4 18 8 1 1 
4 24 2 1 1 
1 30 1 
28 1 1 1 1 
4 5 10 11 2 
1 16 15 
3 14 5 2 2 4 2 
32 
12 16 2 2 
1 18 4 7 2 
1 25 6 
2 7 1 14 5 3 
3 19 3 4 1 1 1 
32 
1 24 2 3 1 1 
6 6 18 2 
8 1 20 3 
1 29 2 
11 18 1 1 1 
1 10 21 
1 30 1 
8 18 4 2 
12 7 7 2 4 
1 13 17 1 
26 4 1 1 
23 8 1 
2 26 2 1 1 
6 3 5 17 1 
3 18 4 3 2 1 1 
6 1 24 1 
1 4 16 4 2 3 1 1 
1 2 8 6 13 2 
3 10 13 5 1 
1 8 7 3 2 5 1 4 1 
1 3 2 21 1 4 
4 19 9 
3 22 6 1 
6 18 8 
32 
3 24 3 2 
2 16 13 1 
2 9 8 11 2 
1 16 9 3 2 1 
11 1 20 
2 6 8 14 2 
16 3 11 1 1 
25 3 4 
8 12 1 4 4 2 1 
2 18 4 2 5 1 
14 8 10 
16 16 
1 21 5 4 1 
5 6 14 1 4 1 1 
12 18 1 1 
1 4 11 13 1 1 1 
2 23 6 1 
3 15 11 1 2 
1 24 7 
3 18 4 3 4 
2 9 12 5 4 
4 26 2 
3 23 5 1 
1 6 19 5 1 
3 15 3 10 1 
22 2 6 2 
1 3 2 15 7 1 2 1 
1 18 13 
17 12 3 
3 3 6 5 3 5 4 2 1 
1 1 18 3 7 2 
8 7 17 
1 22 7 2 
2 12 8 6 2 2 
2 20 5 3 1 1 
1 11 16 4 
16 6 6 1 3 
1 7 11 13 
5 4 8 12 1 2 
9 5 11 4 2 1 
5 17 8 2 
1 16 7 2 3 1 1 1 
1 25 1 5 
1 22 9 
22 1 5 1 2 1 
32 
4 26 2 
32 
3 23 6 
1 24 6 1 
3 24 3 1 1 
1 17 3 8 3 
23 7 1 1 
29 2 1 
1 29 1 1 
2 27 1 1 1 
1 18 12 1 
1 6 15 10 
1 30 1 
3 9 16 4 
2 20 10 
8 19 4 1 
2 23 6 1 
5 26 1 
1 29 2 
14 4 10 3 1 
4 9 5 9 1 4 
22 6 1 3 
1 16 3 6 6 
4 23 5 
3 8 7 10 1 1 2 
2 26 2 1 1 
1 1 16 5 1 3 2 1 2 
11 18 2 1 
8 16 7 1 
12 16 1 1 2 
24 6 1 1 
28 2 1 1 
4 8 11 2 5 1 1 
6 20 3 1 1 1 
1 10 17 3 1 
1 27 2 1 1 
4 25 3 
1 2 7 3 4 5 4 1 1 2 2 
1 28 2 1 
2 15 10 4 1 
7 15 7 1 1 1 
31 1 
1 31 
16 3 1 7 1 2 1 1 
12 12 5 1 2 
3 25 4 
16 15 1 
11 12 5 3 1 
2 3 26 1 
32 
32 
1 11 5 15 
3 18 5 4 2 
2 29 1 
4 8 12 3 2 2 1 
1 21 10 
11 6 14 1 
2 28 2 
24 7 1 
15 5 3 7 1 1 
1 20 3 6 1 1 
3 2 27 
9 23 
1 23 8 
6 19 7 
1 23 6 2 
4 21 4 2 1 
2 29 1 
1 27 3 1 
1 30 1 
14 15 1 1 1 
1 22 6 1 1 1 
19 6 3 3 1 
3 23 1 1 4 
1 26 5 
1 22 5 3 1 
1 3 20 6 1 1 
18 6 7 1 
4 18 10 
25 3 1 1 2 
1 12 6 1 5 7 
6 4 19 1 1 1 
28 2 2 
1 24 3 3 1 
6 8 8 6 1 2 1 
21 6 5 
1 25 6 
2 22 8 
13 1 8 9 1 
2 18 12 
20 5 5 1 1 
12 11 6 2 1 
17 5 8 2 
5 5 7 9 5 1 
1 15 6 1 8 1 
5 21 5 1 
1 20 8 1 1 1 
1 20 7 2 1 1 
1 14 13 3 1 
1 13 7 1 7 1 2 
2 22 2 1 5 
1 28 1 2 
1 14 10 2 3 2 
1 31 
27 3 2 
1 11 13 3 1 3 
4 2 19 4 2 1 
2 14 2 9 5 
3 13 4 10 2 
9 19 1 3 
1 6 25 
6 5 9 4 1 4 1 2 
1 24 4 3 
2 11 4 12 3 
2 3 16 3 2 5 1 
2 4 20 2 1 2 1 
22 5 3 2 
6 3 22 1 
1 7 3 6 9 5 1 
1 31 
1 31 
1 3 25 2 1 
1 9 11 4 1 6 
2 16 3 6 1 4 
3 14 5 1 4 2 2 1 
3 8 8 9 4 
26 4 1 1 
2 8 6 4 5 7 
1 15 11 4 1 
30 2 
16 14 2 
2 23 7 
10 21 1 
1 8 19 1 3 
27 3 1 1 
1 7 9 12 1 2 
1 1 19 11 
2 24 6 
3 2 18 5 1 2 1 
1 9 13 6 3 
1 20 3 2 1 2 3 
5 11 1 5 3 5 1 1 
1 30 1 
1 20 2 6 1 2 
1 20 2 9 
3 26 1 2 
6 10 15 1 
3 22 4 2 1 
1 8 21 2 
32 
31 1 
2 10 6 11 3 
1 12 3 6 1 6 2 1 
10 20 2 
1 6 24 1 
3 16 5 3 5 
19 4 4 1 4 
1 4 3 22 2 
2 8 22 
1 19 9 2 1 
8 20 3 1 
3 17 12 
32 
30 1 1 
1 29 2 
1 6 24 1 
1 14 2 12 2 1 
1 10 19 2 
1 15 11 3 1 1 
3 19 10 
1 10 18 2 1 
1 21 8 1 1 
1 24 7 
1 4 4 5 12 6 
1 23 8 
4 21 2 2 3 
18 13 1 
1 6 25 
2 27 1 1 1 
1 10 6 12 3 
1 26 2 1 1 1 
21 8 1 2 
1 21 1 2 5 1 1 
10 7 14 1 
29 3 
4 3 3 9 11 2 
1 14 4 13 
4 18 8 2 
1 13 10 8 
32 
1 1 27 1 2 
1 11 10 3 6 1 
8 6 11 5 1 1 
5 4 6 15 2 
1 6 10 4 10 1 
1 29 1 1 
1 12 19 
18 2 7 5 
5 5 4 6 8 2 2 
4 18 10 
23 4 4 1 
4 22 6 
6 5 10 9 1 1 
15 9 3 3 1 1 
1 28 3 
6 8 17 1 
3 26 3 
2 5 12 9 2 2 
10 19 3 
2 16 9 4 1 
2 14 2 6 1 1 1 2 3 
4 13 14 1 
22 4 2 1 2 1 
1 30 1 
1 30 1 
5 4 6 4 13 
15 1 12 1 1 2 
9 15 7 1 
32 
11 6 15 
6 25 1 
1 11 8 4 6 2 
13 8 5 5 1 
1 1 29 1 
6 11 2 1 4 7 1 
12 16 3 1 
2 1 21 1 1 1 4 1 
4 18 4 5 1 
2 10 19 1 
3 19 10 
1 19 5 7 
1 4 7 11 5 4 
3 9 4 15 1 
1 22 9 
8 1 23 
1 19 2 5 4 1 
30 2 
8 8 5 2 9 
11 3 14 4 
1 3 13 11 4 
23 8 1 
3 28 1 
17 1 1 2 8 1 1 1 
1 30 1 
1 14 12 1 4 
20 10 2 
4 4 23 1 
1 30 1 
5 8 8 10 1 
21 1 3 5 1 1 
3 21 3 2 3 
9 21 2 
1 1 1 24 3 1 1 
3 7 3 6 3 9 1 
1 9 4 10 4 4 
2 9 10 11 
2 14 4 11 1 
12 5 4 6 3 2 
6 8 3 8 6 1 
9 10 6 7 
26 1 5 
1 23 8 
1 19 12 
1 15 5 2 9 
2 13 15 1 1 
1 2 12 12 5 
28 3 1 
6 3 8 3 6 6 
4 11 11 6 
1 18 6 7 
6 14 5 4 2 1 
1 31 
1 29 2 
21 9 2 
3 25 2 2 
12 7 11 1 1 
2 2 10 15 1 1 1 
3 2 27 
1 24 6 1 
3 28 1 
1 8 18 3 2 
1 11 13 7 
1 20 11 
32 
32 
25 3 4 
5 17 10 
1 13 14 1 3 
6 25 1 
8 5 1 7 8 2 1 
5 7 1 18 1 
12 6 8 3 2 1 
1 8 3 5 1 10 2 2 
32 
4 7 8 12 1 
5 15 11 1 
1 22 9 
9 10 11 2 
1 25 6 
1 1 9 12 6 2 1 
9 22 1 
11 5 4 11 1 
3 19 10 
5 4 11 4 3 3 1 1 
19 6 5 1 1 
1 29 2 
3 20 3 3 3 
15 9 1 1 3 2 1 
4 24 4 
3 13 12 1 2 1 
32 
3 8 2 13 6 
7 16 6 2 1 
9 23 
11 20 1 
6 22 4 
13 14 1 3 1 
1 15 7 6 1 2 
15 2 1 9 5 
20 7 4 1 
21 1 10 
2 23 2 2 1 1 1 
10 14 8 
1 30 1 
1 23 4 3 1 
1 24 4 2 1 
1 1 14 10 1 2 2 1 
32 
1 24 7 
2 11 14 4 1 
15 13 1 1 1 1 
3 9 7 2 9 2 
2 30 
2 4 26 
1 21 10 
1 11 7 8 3 2 
1 22 9 
1 28 3 
3 22 4 3 
1 25 6 
1 10 17 2 2 
17 9 6 
14 10 1 5 2 
1 18 13 
4 19 9 
1 6 18 1 1 4 1 
8 22 1 1 
1 20 1 1 2 1 5 1 
1 29 1 1 
14 10 2 4 2 
21 5 6 
20 11 1 
1 4 19 4 4 
1 23 4 2 2 
7 11 13 1 
2 20 7 2 1 
2 12 8 4 5 1 
5 15 5 4 3 
1 22 9 
1 22 2 1 3 3 
2 9 18 2 1 
31 1 
1 27 1 1 1 1 
1 23 3 4 1 
32 
26 4 2 
3 28 1 
3 19 4 1 4 1 
1 18 13 
2 13 17 
1 30 1 
11 10 4 4 1 2 
1 19 12 
1 2 29 
1 29 2 
1 13 8 7 2 1 
2 19 7 2 2 
1 8 4 13 1 3 2 
3 9 8 11 1 
1 29 2 
9 20 2 1 
1 14 8 9 
1 19 3 8 1 
1 24 5 2 
7 20 4 1 
9 10 9 2 2 
30 1 1 
1 21 8 2 
3 17 4 6 1 1 
2 5 14 11 
1 1 16 7 2 2 2 1 
5 10 10 2 2 2 1 
28 4 
2 5 9 5 2 3 2 2 2 
8 19 5 
1 17 9 1 3 1 
5 19 3 5 
1 26 2 2 1 
31 1 
1 14 13 1 3 
11 18 2 1 
3 17 1 1 8 2 
2 7 8 11 3 1 
9 18 5 
8 2 2 6 10 1 3 
2 24 1 5 
2 13 10 3 1 2 1 
4 25 3 
1 24 3 2 2 
1 12 12 1 6 
3 8 6 5 6 2 2 
6 9 16 1 
1 28 3 
5 26 1 
1 30 1 
1 14 5 3 7 2 
2 17 13 
32 
16 2 7 4 3 
11 3 10 6 2 
1 14 14 1 1 1 
1 28 2 1 
3 10 8 5 1 4 1 
24 8 
1 23 6 1 1 
1 1 5 2 14 1 4 4 
7 25 
1 31 
31 1 
11 3 15 1 2 
5 24 2 1 
1 11 18 2 
1 20 5 2 4 
3 18 4 5 1 1 
30 1 1 
32 
1 13 15 2 1 
7 21 4 
3 13 7 5 4 
1 20 11 
1 6 21 3 1 
2 24 5 1 
14 2 13 1 1 1 
1 13 18 
8 17 5 2 
2 10 2 17 1 
26 2 3 1 
1 28 1 2 
1 13 7 1 3 6 1 
5 21 3 3 
13 11 7 1 
19 2 6 3 2 
1 9 22 
4 4 7 7 10 
2 18 12 
3 1 9 18 1 
13 17 1 1 
9 7 6 9 1 
1 29 1 1 
1 10 21 
10 11 11 
4 27 1 
1 13 18 
8 2 9 6 1 1 5 
4 17 1 1 4 5 
1 20 5 1 1 1 3 
15 5 7 2 1 2 
1 16 7 4 4 
5 25 1 1 
1 14 16 1 
9 15 7 1 
7 2 2 7 5 5 1 2 1 
1 19 1 10 1 
23 3 4 2 
1 17 9 4 1 
5 24 1 1 1 
1 7 16 3 4 1 
16 5 3 3 5 
1 30 1 
1 14 9 4 1 3 
2 29 1 
22 10 
1 13 3 1 4 9 1 
32 
25 2 5 
2 1 15 13 1 
1 18 12 1 
1 16 2 10 1 1 1 
32 
20 4 2 3 3 
4 19 3 4 2 
14 16 2 
8 17 2 3 1 1 
3 17 12 
13 8 11 
32 
1 20 6 1 1 3 
1 28 3 
1 15 2 4 8 2 
1 1 26 1 3 
1 30 1 
1 31 
1 29 2 
19 1 5 6 1 
2 15 12 1 2 
3 21 1 7 
9 14 2 2 2 3 
11 7 8 2 1 3 
32 
1 25 3 1 2 
13 12 7 
4 20 7 1 
5 10 14 3 
1 22 3 1 1 4 
1 30 1 
2 8 15 4 3 
6 22 2 2 
2 28 2 
4 19 7 2 
9 12 8 3 
2 17 5 4 1 3 
2 2 18 6 4 
1 18 13 
3 29 
29 2 1 
1 29 2 
3 3 26 
21 9 2 
4 4 14 8 1 1 
1 31 
1 17 14 
2 19 1 10 
1 14 2 7 2 1 3 1 1 
8 14 10 
1 8 23 
2 23 3 1 3 
1 18 2 6 3 2 
2 7 13 2 8 
4 14 12 1 1 
2 12 2 4 10 2 
4 17 11 
2 7 7 7 9 
2 29 1 
2 14 13 2 1 
2 25 3 2 
1 26 3 2 
3 23 2 2 2 
1 9 9 7 5 1 
2 20 8 2 
1 2 20 3 1 1 2 2 
6 7 10 3 5 1 
2 19 1 6 3 1 
1 9 20 1 1 
15 6 3 6 1 1 
2 2 22 5 1 
7 20 5 
16 11 3 2 
30 2 
5 8 11 5 3 
1 31 
7 12 5 8 
21 8 3 
15 1 4 3 9 
22 7 2 1 
1 27 1 1 1 1 
1 26 5 
1 27 2 1 1 
3 7 3 12 4 1 2 
