1 18 12 3 
2 27 1 2 1 1 
6 26 1 1 
1 19 9 3 1 1 
1 26 5 2 
1 20 13 
13 3 15 3 
17 16 1 
3 29 2 
8 26 
3 9 22 
2 16 4 7 3 1 1 
2 5 20 5 1 1 
2 2 8 1 3 2 5 8 1 1 1 
1 7 25 1 
7 27 
32 1 1 
1 18 4 1 6 2 1 1 
1 17 5 1 4 2 2 1 1 
19 11 4 
1 21 6 5 1 
27 2 1 3 1 
3 11 13 4 1 1 1 
2 24 7 1 
3 25 6 
2 29 3 
3 11 12 6 2 
2 8 5 15 4 
1 14 1 14 3 1 
2 7 9 14 1 1 
26 7 1 
31 3 
28 3 3 
17 15 1 1 
4 16 13 1 
1 31 1 1 
13 10 5 1 4 1 
11 19 4 
1 17 4 9 1 2 
3 5 3 17 3 2 1 
2 2 13 3 14 
1 16 3 8 5 1 
1 5 16 9 2 1 
9 16 6 2 1 
1 23 2 5 3 
7 7 18 2 
9 9 6 3 4 3 
1 17 16 
24 9 1 
20 10 3 1 
2 12 8 9 3 
7 18 9 
1 18 13 1 1 
15 19 
2 17 7 4 2 1 1 
34 
2 14 15 2 1 
13 19 2 
7 27 
1 15 7 7 4 
1 13 18 2 
2 18 14 
1 19 4 5 2 3 
6 10 6 2 2 2 3 1 1 1 
1 10 8 2 1 3 5 2 1 1 
2 31 1 
1 24 6 2 1 
1 7 22 3 1 
4 17 12 1 
1 6 24 1 2 
1 25 6 2 
4 24 5 1 
2 9 23 
3 22 4 4 1 
1 4 24 4 1 
12 10 7 1 2 1 1 
3 11 20 
12 21 1 
2 8 24 
26 4 4 
10 24 
3 7 6 11 6 1 
33 1 
6 4 24 
2 22 5 1 2 2 
1 15 13 5 
3 6 9 14 2 
31 2 1 
1 8 4 11 8 2 
1 2 17 3 2 9 
1 4 12 2 2 9 4 
3 7 7 1 2 1 5 5 3 
4 16 3 2 6 3 
2 19 13 
5 13 5 5 4 2 
1 7 8 5 3 5 2 1 1 1 
1 7 10 12 2 1 1 
34 
5 8 11 10 
28 5 1 
1 17 15 1 
1 16 9 7 1 
12 7 10 1 4 
1 33 
2 23 5 1 3 
5 26 3 
3 11 5 14 1 
1 1 1 11 11 2 1 3 2 1 
3 31 
2 8 18 5 1 
6 16 3 2 4 3 
1 19 4 7 2 1 
1 6 15 6 6 
34 
1 33 
1 20 13 
4 19 7 1 3 
2 11 5 5 2 7 1 1 
2 1 16 13 1 1 
6 6 21 1 
30 1 2 1 
1 3 22 1 7 
1 21 1 11 
22 10 2 
6 17 6 5 
1 22 9 1 1 
2 5 4 23 
1 19 13 1 
3 4 20 6 1 
31 2 1 
1 2 31 
4 24 6 
27 1 3 3 
2 19 5 4 3 1 
1 14 3 12 2 1 1 
1 3 30 
3 24 7 
7 20 7 
9 8 4 10 3 
11 19 4 
2 7 15 8 1 1 
15 17 1 1 
3 31 
1 2 28 1 1 1 
2 29 3 
2 3 13 5 7 3 1 
3 28 3 
25 7 2 
1 23 1 7 1 1 
2 31 1 
10 18 3 2 1 
1 19 13 1 
2 30 2 
18 3 3 7 3 
1 11 2 6 8 5 1 
28 1 5 
31 1 2 
8 5 8 1 2 9 1 
2 11 15 5 1 
1 17 5 11 
1 19 13 1 
3 31 
1 17 5 7 3 1 
2 6 2 16 8 
4 26 2 1 1 
27 5 2 
1 15 15 2 1 
1 5 1 8 2 16 1 
6 23 1 1 3 
1 7 4 1 16 4 1 
17 6 4 4 2 1 
4 1 8 15 5 1 
1 28 4 1 
1 15 6 12 
26 8 
2 13 13 6 
2 18 14 
10 23 1 
1 31 2 
7 17 1 8 1 
1 28 4 1 
2 20 5 7 
2 31 1 
1 20 13 
4 3 25 1 1 
4 10 15 1 4 
1 14 15 1 2 1 
34 
2 27 4 1 
3 31 
1 31 2 
1 10 19 1 2 1 
7 16 11 
8 14 4 6 2 
3 20 1 3 6 1 
1 23 8 1 1 
3 12 12 6 1 
2 7 24 1 
1 7 4 5 5 9 3 
14 9 5 2 4 
16 1 8 8 1 
14 16 4 
32 2 
1 8 1 18 5 1 
2 16 10 1 1 2 2 
18 1 5 6 4 
2 31 1 
1 26 7 
34 
1 7 14 2 9 1 
2 28 4 
2 2 1 15 10 4 
6 24 4 
3 10 19 1 1 
4 29 1 
3 4 19 1 5 2 
14 18 1 1 
2 27 1 2 1 1 
13 16 1 2 1 1 
1 31 2 
2 27 4 1 
2 28 2 1 1 
6 28 
6 11 3 10 2 1 1 
9 5 17 3 
4 15 6 3 4 1 1 
4 2 20 4 4 
1 10 11 11 1 
3 16 4 4 1 1 4 1 
1 13 11 3 3 2 1 
15 12 7 
9 10 11 3 1 
5 1 17 1 3 7 
1 7 8 7 2 7 2 
14 18 1 1 
1 31 2 
4 6 15 7 1 1 
2 32 
1 30 3 
2 32 
1 33 
3 11 8 6 6 
1 24 3 2 2 2 
12 4 4 1 5 6 1 1 
1 18 15 
12 18 3 1 
3 2 18 11 
3 6 3 4 16 1 1 
13 1 18 1 1 
1 13 19 1 
1 6 23 3 1 
2 12 8 10 1 1 
4 21 7 1 1 
1 16 3 1 10 2 1 
22 3 6 2 1 
24 6 4 
1 29 2 1 1 
5 24 4 1 
1 2 19 10 1 1 
4 6 5 11 3 3 2 
2 12 20 
2 24 1 5 2 
16 9 4 3 1 1 
7 26 1 
6 9 2 3 7 1 1 4 1 
22 12 
13 19 2 
1 17 9 4 3 
9 16 9 
20 4 4 4 1 1 
9 10 4 1 10 
2 17 15 
1 30 3 
3 1 2 27 1 
1 22 2 6 1 1 1 
1 18 5 8 1 1 
1 7 12 7 7 
3 14 17 
5 13 7 6 3 
3 14 8 2 1 3 3 
15 4 4 5 3 3 
11 19 2 2 
1 19 11 1 2 
2 14 8 7 1 2 
1 1 14 9 3 5 1 
32 2 
1 23 9 1 
2 26 6 
1 3 30 
1 32 1 
1 17 16 
2 21 11 
7 20 1 1 5 
1 20 13 
3 1 8 1 19 2 
14 1 8 9 1 1 
14 7 4 7 2 
3 30 1 
6 5 10 7 2 3 1 
1 4 9 7 5 5 3 
4 4 12 1 6 7 
1 21 6 6 
7 26 1 
33 1 
32 2 
1 18 1 2 9 2 1 
5 20 9 
7 25 2 
1 1 21 11 
2 32 
1 5 2 9 13 2 1 1 
2 24 4 4 
1 11 16 1 5 
7 4 12 7 1 3 
1 25 3 2 1 2 
5 16 5 7 1 
1 19 1 13 
7 25 1 1 
1 23 2 4 1 1 2 
2 21 11 
27 1 2 1 1 2 
1 29 4 
1 26 5 2 
1 2 13 2 12 4 
1 8 11 6 6 1 1 
1 9 2 1 4 1 9 1 2 1 1 1 1 
1 27 3 2 1 
1 3 13 17 
33 1 
1 21 9 3 
1 32 1 
11 13 6 2 1 1 
1 21 6 2 4 
2 2 20 6 1 2 1 
3 28 1 1 1 
9 8 13 3 1 
3 27 4 
1 7 18 7 1 
1 13 11 9 
3 10 1 15 2 1 2 
31 2 1 
6 20 8 
28 2 4 
1 18 12 3 
29 3 2 
6 17 8 3 
1 2 22 9 
6 12 3 5 5 2 1 
15 12 3 2 1 1 
5 2 5 3 13 4 1 1 
12 11 4 7 
1 2 6 15 9 1 
2 12 3 9 3 1 1 1 1 1 
1 18 8 3 4 
5 8 3 4 4 7 3 
26 7 1 
24 8 1 1 
1 22 2 1 3 3 1 1 
34 
34 
5 5 5 12 6 1 
5 1 24 3 1 
15 18 1 
1 8 19 1 4 1 
1 14 11 5 3 
16 17 1 
2 20 5 1 5 1 
1 1 13 18 1 
1 22 3 6 1 1 
1 6 23 1 1 1 1 
1 29 1 3 
1 33 
2 23 5 2 1 1 
26 1 2 2 2 1 
4 5 5 2 7 8 1 1 1 
16 18 
3 5 26 
31 1 2 
1 1 26 6 
4 7 21 2 
4 26 1 3 
1 23 10 
1 16 12 4 1 
3 2 7 17 4 1 
4 4 2 21 3 
2 9 22 1 
1 22 4 6 1 
5 17 1 10 1 
7 6 3 9 9 
16 17 1 
3 4 25 2 
3 20 4 3 4 
17 15 2 
2 31 1 
34 
19 11 2 2 
9 16 9 
4 16 3 4 2 4 1 
2 17 10 5 
3 3 1 5 7 15 
1 23 9 1 
1 2 17 8 3 1 2 
1 6 5 4 6 1 2 2 5 2 
2 13 19 
1 8 11 6 2 3 3 
20 7 5 1 1 
1 13 8 4 2 2 4 
7 25 2 
34 
2 28 3 1 
6 22 6 
10 19 1 4 
5 22 6 1 
1 29 2 2 
2 13 6 13 
3 7 18 1 5 
14 4 1 2 8 2 1 1 1 
1 19 4 3 7 
19 3 8 2 1 1 
1 8 17 2 6 
15 3 10 6 
3 19 6 3 2 1 
1 2 13 16 1 1 
4 5 25 
1 17 8 3 3 2 
15 18 1 
11 3 8 10 1 1 
1 16 4 4 5 4 
13 20 1 
34 
1 5 10 7 3 2 5 1 
1 9 2 15 3 2 2 
1 8 3 16 4 2 
1 22 11 
5 4 24 1 
31 1 1 1 
6 5 22 1 
1 12 19 2 
4 27 3 
3 30 1 
20 6 4 3 1 
1 21 10 2 
1 21 1 11 
3 19 12 
1 13 17 2 1 
3 12 5 3 2 7 1 1 
1 8 18 1 4 1 1 
2 31 1 
7 2 3 21 1 
1 18 15 
1 5 10 13 1 4 
3 25 3 1 2 
15 18 1 
1 15 18 
5 28 1 
1 23 3 3 4 
34 
2 16 7 3 2 2 1 1 
14 2 12 6 
6 8 16 2 1 1 
26 5 2 1 
1 23 10 
3 29 2 
5 25 1 3 
32 1 1 
13 3 3 12 2 1 
15 15 4 
1 16 1 7 3 5 1 
1 10 6 6 5 1 4 1 
1 32 1 
9 14 3 6 2 
29 2 3 
7 24 2 1 
2 4 21 3 1 2 1 
2 16 9 5 2 
9 10 14 1 
1 12 6 10 1 1 2 1 
5 17 7 2 2 1 
2 5 1 26 
2 12 12 2 5 1 
9 14 5 3 2 1 
26 3 3 1 1 
21 4 2 2 1 4 
6 24 2 2 
9 6 1 4 12 1 1 
4 18 5 7 
3 30 1 
7 12 5 1 7 1 1 
3 2 16 1 7 2 3 
4 27 2 1 
1 32 1 
4 11 3 3 3 8 2 
21 7 6 
1 29 1 3 
1 7 13 7 2 3 1 
34 
1 18 6 3 1 4 1 
1 13 9 10 1 
2 2 23 3 1 3 
1 28 5 
7 10 16 1 
14 1 5 6 3 2 3 
2 13 17 1 1 
4 9 7 11 1 2 
1 6 26 1 
5 15 13 1 
1 11 21 1 
5 15 14 
1 18 12 2 1 
1 21 12 
12 3 11 2 6 
2 7 20 2 2 1 
21 3 7 1 1 1 
1 27 2 3 1 
1 22 4 1 2 2 2 
1 9 24 
1 7 1 25 
3 8 14 3 5 1 
34 
3 9 11 6 4 1 
3 17 14 
33 1 
3 30 1 
2 6 8 2 15 1 
1 21 12 
1 2 18 10 3 
2 18 7 3 1 3 
1 29 4 
12 20 2 
3 5 18 4 2 1 1 
1 11 1 3 3 7 8 
1 29 1 2 1 
1 24 4 4 1 
1 16 6 10 1 
3 14 17 
2 4 17 5 3 3 
1 30 3 
1 25 7 1 
1 26 7 
1 32 1 
4 11 14 2 3 
2 6 23 2 1 
6 18 7 3 
1 13 3 4 13 
1 4 26 1 2 
4 27 3 
5 20 6 2 1 
32 1 1 
13 5 16 
1 31 1 1 
4 30 
1 6 27 
8 24 2 
3 9 4 2 13 1 1 1 
33 1 
1 4 24 4 1 
1 11 10 5 6 1 
2 1 18 4 4 1 3 1 
3 24 4 3 
1 18 3 10 2 
2 25 7 
1 33 
1 11 10 7 5 
3 25 2 1 1 2 
2 1 4 20 4 1 1 1 
1 5 20 2 2 4 
1 11 10 9 3 
1 22 11 
1 27 2 3 1 
1 19 2 1 1 1 5 4 
3 27 3 1 
29 4 1 
5 13 10 3 3 
2 1 28 3 
1 12 15 5 1 
10 18 6 
34 
2 15 5 5 3 2 2 
1 32 1 
1 3 26 1 2 1 
34 
3 12 17 2 
2 28 3 1 
7 1 15 10 1 
14 18 2 
25 8 1 
1 15 16 2 
13 16 2 1 2 
1 33 
14 3 10 6 1 
2 19 5 3 1 3 1 
12 15 7 
2 4 22 1 5 
10 22 2 
2 17 3 4 5 3 
1 8 7 9 5 3 1 
13 14 1 5 1 
4 29 1 
8 6 5 9 6 
2 17 5 6 2 2 
1 2 2 17 8 2 1 1 
1 31 1 1 
5 1 25 3 
1 32 1 
1 20 3 5 4 1 
1 22 10 1 
7 23 2 2 
1 8 15 1 1 2 1 3 1 1 
3 14 1 5 4 3 2 1 1 
1 22 10 1 
1 32 1 
2 4 27 1 
34 
2 28 1 2 1 
3 16 3 1 2 9 
2 4 3 8 8 2 6 1 
1 20 3 2 5 1 2 
25 4 5 
33 1 
15 3 16 
4 8 6 2 13 1 
7 3 9 3 5 1 4 1 1 
25 2 4 1 2 
1 7 11 10 3 1 1 
1 5 15 9 3 1 
1 30 3 
1 20 4 3 6 
1 6 4 13 4 4 2 
1 15 18 
26 4 4 
6 10 11 1 4 1 1 
26 1 6 1 
1 19 13 1 
2 3 23 3 3 
2 8 7 8 1 1 2 4 1 
8 22 1 3 
33 1 
3 25 4 1 1 
1 4 18 3 6 1 1 
1 3 19 6 5 
22 7 3 2 
12 5 17 
23 1 4 6 
5 28 1 
1 19 14 
2 4 28 
28 2 3 1 
2 32 
4 25 3 2 
3 21 10 
1 16 9 1 2 1 2 1 1 
1 19 1 2 11 
1 26 3 3 1 
3 8 19 4 
1 26 7 
1 4 14 15 
1 13 10 1 5 2 1 1 
1 10 21 2 
1 17 10 3 3 
1 8 25 
3 30 1 
4 24 5 1 
3 27 4 
2 26 6 
1 13 20 
1 22 9 1 1 
2 24 8 
1 7 7 1 14 1 2 1 
24 7 3 
25 8 1 
32 2 
1 33 
6 5 20 3 
2 28 3 1 
11 5 7 4 5 1 1 
1 17 5 6 4 1 
1 8 3 20 1 1 
34 
2 24 8 
1 23 4 6 
5 23 3 1 2 
4 25 2 1 2 
2 16 4 11 1 
1 15 3 4 8 2 1 
1 32 1 
7 26 1 
28 6 
2 8 23 1 
2 1 29 1 1 
2 25 7 
5 7 8 13 1 
2 18 12 1 1 
1 31 1 1 
3 18 7 2 3 1 
5 16 1 8 1 2 1 
1 26 2 5 
1 10 8 9 6 
2 7 25 
11 19 3 1 
34 
4 22 1 3 4 
30 4 
5 8 16 5 
4 15 6 2 3 4 
3 3 21 6 1 
1 25 8 
2 24 8 
8 6 14 2 2 1 1 
34 
3 2 3 1 4 20 1 
1 31 1 1 
26 7 1 
1 15 16 1 1 
1 14 1 2 14 1 1 
1 3 9 7 3 6 1 2 1 1 
1 30 1 2 
1 32 1 
25 2 2 5 
2 11 3 9 1 7 1 
1 23 2 7 1 
1 26 2 4 1 
1 7 26 
18 5 11 
2 6 2 10 12 1 1 
1 27 6 
1 19 4 7 1 2 
2 13 7 7 1 1 3 
1 23 8 1 1 
1 24 1 7 1 
27 2 2 2 1 
1 11 22 
4 9 9 10 1 1 
1 30 2 1 
3 2 17 5 5 1 1 
2 17 3 3 9 
2 13 6 2 11 
12 5 7 5 5 
1 6 5 1 11 4 1 4 1 
2 8 11 5 4 2 1 1 
12 22 
2 14 11 3 1 1 1 1 
1 10 21 1 1 
34 
2 15 11 5 1 
1 7 22 3 1 
12 15 7 
1 20 13 
3 24 4 2 1 
1 16 16 1 
1 4 26 3 
1 26 5 1 1 
3 10 19 2 
1 19 2 2 8 2 
2 18 3 6 3 2 
3 21 4 5 1 
1 17 1 1 6 5 1 2 
1 19 11 2 1 
4 30 
1 12 5 3 6 5 1 1 
1 29 4 
2 10 20 2 
4 25 5 
1 5 8 12 3 2 2 1 
13 14 2 5 
1 13 4 3 8 3 1 1 
3 1 23 7 
4 5 11 11 1 1 1 
34 
1 8 12 1 10 1 1 
8 5 3 8 9 1 
2 9 23 
1 30 1 1 1 
1 27 1 3 1 1 
3 29 1 1 
2 10 15 6 1 
1 31 1 1 
3 18 11 2 
1 7 16 6 2 1 1 
1 28 1 2 2 
21 7 1 4 1 
1 25 3 3 2 
3 26 4 1 
3 13 6 8 3 1 
4 14 16 
1 2 4 10 4 1 3 4 5 
8 12 1 1 10 2 
2 25 7 
1 13 9 9 2 
1 8 21 2 2 
4 25 5 
3 20 11 
3 20 11 
1 28 5 
1 8 24 1 
1 10 9 6 1 6 1 
1 33 
1 8 2 16 4 2 1 
1 29 2 2 
1 3 16 11 3 
3 17 14 
1 9 20 1 1 2 
4 19 1 5 1 2 1 1 
2 16 16 
33 1 
1 28 5 
1 31 1 1 
10 20 4 
2 24 6 1 1 
4 30 
1 28 4 1 
1 8 2 5 14 4 
8 24 2 
8 7 3 2 3 11 
7 13 12 1 1 
1 21 5 1 1 3 1 1 
1 28 4 1 
2 29 3 
34 
1 28 3 2 
1 5 2 10 10 2 3 1 
34 
32 1 1 
1 3 14 8 4 3 1 
7 24 2 1 
5 12 7 9 1 
2 20 4 7 1 
2 29 3 
25 8 1 
23 3 1 4 2 1 
1 21 10 1 1 
1 19 6 3 2 3 
4 10 10 1 8 1 
1 2 13 16 2 
1 26 1 4 2 
9 20 5 
21 2 10 1 
1 2 16 15 
17 12 5 
31 3 
17 3 3 9 1 1 
1 18 2 6 3 1 3 
1 24 9 
1 4 6 14 9 
2 16 5 6 5 
4 4 12 7 7 
19 7 8 
24 2 6 2 
14 16 3 1 
1 16 17 
1 6 20 6 1 
2 10 7 4 1 4 3 1 2 
1 5 1 8 8 4 5 1 1 
1 28 1 3 1 
2 29 1 2 
4 22 6 1 1 
1 10 7 2 6 2 1 5 
2 15 1 16 
2 32 
1 20 11 2 
7 9 3 2 9 4 
1 31 2 
1 15 7 7 4 
1 28 5 
16 8 1 4 2 1 1 1 
1 28 2 3 
13 5 15 1 
1 30 3 
3 22 9 
3 17 2 10 2 
2 28 1 1 2 
1 8 7 7 6 2 1 1 1 
1 33 
8 15 11 
1 4 4 10 1 2 3 9 
1 22 10 1 
34 
5 14 11 4 
5 14 11 3 1 
3 18 4 7 2 
9 7 14 2 2 
2 19 8 1 1 3 
2 12 2 6 7 4 1 
17 13 1 3 
1 9 18 1 5 
3 31 
1 9 15 8 1 
5 6 23 
12 9 8 2 2 1 
8 8 8 10 
6 7 12 2 1 4 2 
1 17 8 6 2 
4 6 14 2 1 6 1 
1 2 14 8 2 3 1 2 1 
2 15 15 2 
2 29 2 1 
1 3 6 4 14 4 2 
2 30 1 1 
4 4 21 4 1 
1 29 1 1 1 1 
5 22 7 
1 28 4 1 
29 5 
1 2 4 20 7 
5 12 10 2 4 1 
2 3 10 8 7 4 
6 18 8 1 1 
1 32 1 
6 24 4 
2 8 24 
1 33 
1 5 25 2 1 
3 28 3 
1 12 21 
1 18 3 2 3 7 
32 2 
29 4 1 
4 25 5 
2 14 13 4 1 
24 8 2 
34 
1 19 12 2 
28 4 1 1 
1 28 2 2 1 
34 
2 12 4 6 9 1 
1 11 6 10 1 1 2 2 
25 9 
2 21 11 
4 9 11 8 2 
3 12 12 7 
1 14 1 11 7 
33 1 
23 8 2 1 
6 7 2 4 14 1 
1 8 9 4 11 1 
26 8 
3 3 10 2 7 4 1 1 1 1 1 
1 22 5 4 2 
2 1 31 
19 12 1 2 
4 30 
1 24 1 8 
1 31 2 
1 17 2 8 2 1 1 2 
1 2 19 12 
6 4 24 
22 9 3 
2 19 5 2 4 2 
2 4 24 3 1 
1 19 2 3 7 2 
1 6 15 3 9 
34 
2 2 27 2 1 
4 16 8 3 3 
1 11 10 10 1 1 
2 21 5 6 
19 14 1 
1 3 11 8 10 1 
3 17 3 10 1 
4 13 10 6 1 
3 26 1 2 1 1 
1 21 9 1 2 
5 16 13 
1 32 1 
2 12 1 19 
3 7 1 3 14 6 
3 13 11 5 1 1 
2 3 14 1 4 2 6 2 
3 18 12 1 
12 21 1 
1 5 10 9 3 6 
2 17 10 3 2 
1 24 7 1 1 
1 30 2 1 
11 6 1 8 1 5 2 
3 20 6 3 2 
1 13 20 
1 12 12 3 5 1 
2 30 1 1 
2 2 7 12 8 2 1 
2 24 4 1 1 2 
4 17 11 2 
1 13 1 12 1 2 1 3 
4 23 2 5 
32 1 1 
1 21 3 5 2 2 
33 1 
30 3 1 
10 8 8 2 2 1 1 2 
2 13 1 1 16 1 
3 10 5 10 6 
2 28 4 
9 7 18 
1 22 11 
1 13 13 7 
26 1 1 6 
4 5 5 8 3 7 1 1 
31 3 
15 11 3 2 1 2 
5 5 24 
3 25 4 2 
2 4 6 17 2 3 
5 8 7 4 7 1 1 1 
1 19 6 1 5 2 
3 26 1 3 1 
7 8 19 
1 27 4 2 
1 14 3 8 2 5 1 
1 25 8 
1 30 2 1 
1 4 16 4 4 2 2 1 
1 31 2 
21 11 1 1 
7 26 1 
4 17 2 2 7 1 1 
17 13 2 2 
3 26 3 1 1 
1 8 3 21 1 
1 29 4 
2 1 5 14 12 
4 21 6 3 
30 1 1 1 1 
3 24 7 
3 1 6 9 8 2 5 
1 32 1 
2 10 3 18 1 
34 
1 5 22 6 
34 
1 1 6 10 2 3 8 3 
1 11 22 
13 15 3 1 1 1 
34 
1 21 2 1 6 1 1 1 
1 31 1 1 
1 1 26 4 2 
3 12 18 1 
25 3 6 
1 11 21 1 
34 
6 22 1 5 
31 1 2 
23 1 7 3 
3 28 1 2 
1 4 19 10 
1 17 15 1 
1 5 22 3 2 1 
6 17 10 1 
7 13 7 5 1 1 
1 32 1 
3 18 6 5 1 1 
3 29 2 
1 3 13 13 4 
25 8 1 
2 27 5 
5 15 14 
4 1 3 13 12 1 
30 4 
4 18 12 
2 14 18 
1 26 4 3 
30 1 3 
1 27 1 4 1 
1 30 3 
1 28 5 
1 26 2 1 2 1 1 
21 2 11 
1 23 10 
4 13 17 
1 20 13 
1 25 7 1 
33 1 
5 16 1 10 2 
31 2 1 
23 4 3 2 2 
34 
1 32 1 
3 19 2 6 1 3 
3 11 5 7 5 2 1 
1 19 14 
1 2 25 3 1 1 1 
2 9 9 8 2 1 1 2 
1 10 2 6 3 6 2 1 1 2 
1 30 1 1 1 
3 18 9 2 2 
19 2 13 
1 26 3 1 1 1 1 
1 11 13 2 3 3 1 
2 1 15 2 9 2 1 2 
1 25 1 6 1 
8 3 8 8 1 2 3 1 
1 24 3 2 3 1 
1 1 3 17 12 
1 14 19 
18 3 4 1 7 1 
1 20 2 1 6 3 1 
1 1 27 5 
1 12 8 4 9 
9 6 8 10 1 
3 27 4 
1 23 1 5 1 3 
1 20 4 7 2 
1 14 5 12 1 1 
28 1 3 1 1 
3 25 3 2 1 
1 10 10 1 7 4 1 
31 3 
1 25 2 4 2 
1 27 1 4 1 
2 23 2 4 1 2 
1 29 4 
22 3 4 3 2 
1 11 3 1 7 1 6 2 1 1 
23 7 3 1 
34 
6 2 26 
1 4 23 6 
3 21 9 1 
8 11 9 3 3 
15 4 7 3 1 1 3 
5 26 3 
12 13 5 4 
12 6 6 9 1 
7 15 12 
29 1 3 1 
10 16 4 3 1 
1 20 9 1 2 1 
2 17 11 2 1 1 
1 33 
1 29 4 
4 24 6 
1 25 4 3 1 
21 3 6 4 
2 5 22 3 1 1 
1 20 13 
1 8 19 3 1 2 
1 7 7 14 5 
1 16 12 4 1 
3 26 5 
4 6 22 1 1 
14 9 8 1 2 
3 2 19 6 2 2 
2 31 1 
1 2 27 4 
2 31 1 
1 13 7 12 1 
1 1 14 13 4 1 
1 28 1 3 1 
10 21 1 2 
4 20 6 3 1 
1 5 24 4 
1 29 4 
1 12 14 1 4 1 1 
4 29 1 
10 15 3 4 2 
6 25 3 
6 19 7 2 
1 23 3 1 3 2 1 
22 7 2 3 
1 23 6 4 
3 21 6 4 
1 3 1 16 5 5 3 
34 
5 4 2 8 2 2 9 1 1 
4 14 3 11 1 1 
1 6 9 11 7 
3 25 2 1 1 2 
1 8 17 6 2 
29 5 
2 30 1 1 
9 12 9 4 
1 20 11 1 1 
1 13 8 1 2 7 2 
7 15 5 1 6 
2 25 3 3 1 
2 6 21 4 1 
2 3 12 12 1 1 1 2 
33 1 
5 13 1 10 5 
1 31 2 
4 8 6 4 4 8 
1 8 25 
1 14 8 1 3 6 1 
3 4 7 7 4 5 4 
9 2 18 2 1 2 
20 6 6 2 
6 12 16 
2 29 3 
1 33 
11 16 3 1 1 2 
1 32 1 
22 11 1 
1 8 3 6 9 7 
21 8 1 2 2 
1 22 6 1 3 1 
1 26 7 
7 12 10 4 1 
9 1 1 10 11 2 
16 6 4 7 1 
8 16 10 
5 23 4 2 
3 19 3 4 1 4 
3 29 2 
1 26 4 2 1 
33 1 
3 27 1 2 1 
1 17 15 1 
4 12 1 17 
1 16 14 2 1 
20 14 
25 4 5 
1 9 6 12 2 1 3 
1 9 9 4 8 2 1 
2 14 6 7 2 3 
1 16 12 5 
1 31 2 
1 32 1 
34 
2 5 17 7 1 1 1 
1 30 3 
4 14 4 10 2 
4 25 2 3 
7 17 2 4 2 1 1 
1 14 1 8 5 4 1 
14 8 2 5 3 2 
1 17 14 2 
2 21 11 
29 5 
1 16 12 3 2 
17 2 1 5 3 1 2 1 1 1 
17 8 2 1 4 1 1 
34 
5 24 3 2 
1 24 1 1 3 2 2 
27 7 
1 9 10 5 5 2 2 
34 
30 3 1 
3 3 20 5 2 1 
7 3 9 10 4 1 
2 4 20 8 
26 4 1 1 2 
2 8 8 15 1 
8 11 15 
1 29 1 1 1 1 
1 19 1 2 8 2 1 
3 13 18 
33 1 
2 31 1 
1 10 5 9 2 1 6 
3 1 29 1 
1 3 2 21 2 1 2 1 1 
1 1 19 10 3 
1 5 2 5 11 3 1 5 1 
2 2 7 7 16 
3 29 1 1 
1 19 2 5 7 
4 16 9 1 3 1 
1 10 3 11 5 3 1 
10 9 2 13 
5 7 18 4 
11 18 5 
18 4 9 1 1 1 
1 29 3 1 
2 11 9 3 5 2 2 
2 31 1 
1 24 7 1 1 
14 12 8 
4 5 1 17 1 6 
1 3 11 14 5 
4 16 1 5 3 2 3 
1 4 11 2 13 2 1 
1 2 10 11 8 2 
2 3 11 1 11 4 2 
8 24 1 1 
1 20 5 4 2 2 
34 
1 26 3 1 3 
24 5 5 
2 25 5 2 
1 7 12 2 11 1 
1 2 31 
1 9 15 4 5 
1 32 1 
2 3 15 13 1 
2 17 1 11 2 1 
1 29 4 
1 6 27 
34 
1 33 
8 17 9 
1 1 32 
2 26 4 2 
5 24 1 3 1 
1 19 9 1 4 
4 19 2 5 1 2 1 
1 9 9 14 1 
11 21 2 
5 14 15 
1 9 6 15 2 1 
5 4 6 8 1 2 8 
7 25 1 1 
27 2 5 
34 
26 8 
1 33 
12 1 6 9 3 1 2 
7 14 2 11 
1 23 8 2 
7 15 12 
22 9 1 1 1 
2 6 19 1 1 3 1 1 
34 
2 6 17 3 1 5 
1 11 20 2 
4 17 11 2 
1 20 9 4 
2 4 23 2 1 1 1 
2 26 4 2 
7 23 4 
3 9 12 2 8 
3 20 8 1 1 1 
3 22 5 1 3 
1 23 1 2 2 2 1 2 
16 14 3 1 
1 9 18 2 4 
1 28 5 
1 11 11 10 1 
3 27 3 1 
1 21 1 7 2 1 1 
1 14 18 1 
4 22 6 2 
2 24 7 1 
2 16 13 3 
3 9 2 15 4 1 
7 1 7 17 1 1 
1 32 1 
12 8 9 3 1 1 
9 7 18 
3 4 10 8 9 
16 5 12 1 
4 30 
1 33 
1 17 4 8 4 
14 13 5 1 1 
1 15 5 11 2 
1 3 4 7 5 4 8 2 
1 3 22 3 2 1 2 
2 32 
14 6 14 
1 2 5 14 1 6 1 1 2 1 
1 2 11 16 1 3 
1 30 3 
2 16 16 
1 9 2 2 3 9 3 4 1 
3 16 2 7 4 1 1 
1 8 25 
4 30 
1 28 1 4 
3 14 8 2 6 1 
1 5 2 9 3 7 6 1 
23 8 3 
3 14 17 
1 18 1 2 9 1 2 
1 29 2 1 1 
2 26 6 
1 1 18 14 
1 29 4 
1 21 4 5 3 
5 7 6 2 7 6 1 
28 5 1 
1 30 3 
5 5 12 10 1 1 
1 14 13 4 1 1 
3 15 13 1 2 
24 9 1 
7 17 2 6 1 1 
24 10 
2 1 16 7 8 
2 7 25 
1 14 14 1 2 2 
3 30 1 
3 10 12 6 3 
34 
2 21 7 4 
1 7 7 1 13 5 
2 28 4 
34 
5 7 1 19 1 1 
2 9 15 8 
2 9 16 5 2 
1 31 2 
2 22 5 1 3 1 
34 
32 2 
3 5 26 
11 15 7 1 
1 18 1 10 3 1 
1 2 18 11 1 1 
1 23 5 1 3 1 
3 4 25 1 1 
33 1 
28 6 
1 11 10 2 5 3 1 1 
21 4 7 2 
5 4 11 3 10 1 
3 20 11 
2 15 10 1 3 2 1 
1 32 1 
1 16 5 7 3 2 
2 3 19 7 1 1 1 
32 1 1 
2 25 2 2 1 2 
1 2 19 10 2 
23 1 7 1 1 1 
1 29 4 
1 4 28 1 
2 30 1 1 
1 13 3 17 
1 32 1 
3 24 3 4 
1 26 7 
2 4 28 
1 2 30 1 
1 32 1 
7 2 18 3 2 1 1 
1 19 3 8 2 1 
2 9 21 1 1 
1 24 8 1 
2 32 
1 17 10 3 1 1 1 
1 25 4 1 3 
1 6 27 
1 16 11 6 
4 13 8 4 2 2 1 
27 7 
1 17 12 2 2 
25 6 3 
1 15 18 
4 3 14 2 1 2 1 1 5 1 
1 13 7 2 5 3 3 
7 15 12 
4 24 6 
1 18 3 7 5 
2 25 7 
1 22 7 2 1 1 
3 6 11 5 5 3 1 
26 5 1 2 
2 2 1 17 5 5 2 
4 22 7 1 
1 13 9 1 1 6 2 1 
3 10 3 8 8 2 
4 5 11 8 5 1 
1 24 9 
5 23 2 1 2 1 
22 2 2 6 2 
1 17 3 6 5 1 1 
1 32 1 
1 26 4 3 
3 22 8 1 
1 10 15 5 1 2 
5 6 11 9 3 
31 1 1 1 
1 25 7 1 
1 7 7 8 1 2 3 1 1 3 
1 2 27 4 
1 20 13 
2 18 9 3 1 1 
9 2 11 2 9 1 
34 
1 23 4 4 2 
2 26 5 1 
3 15 9 3 4 
15 5 2 4 6 2 
1 3 15 8 5 1 1 
20 7 2 1 4 
5 6 15 5 2 1 
2 1 24 4 2 1 
1 1 18 11 2 1 
34 
13 4 13 4 
1 9 18 3 3 
33 1 
1 1 27 4 1 
1 16 17 
19 8 1 6 
1 21 9 3 
1 18 10 1 4 
6 13 12 1 1 1 
5 9 16 2 1 1 
1 16 6 1 4 3 1 2 
2 23 7 1 1 
8 24 1 1 
1 30 1 2 
1 21 12 
2 17 10 5 
24 6 2 2 
3 17 1 4 3 3 2 1 
3 26 3 1 1 
7 3 19 1 4 
1 5 9 4 9 2 3 1 
6 21 1 4 2 
2 22 3 5 2 
1 28 5 
2 31 1 
1 9 24 
10 4 10 2 2 6 
34 
11 14 2 4 2 1 
1 5 25 3 
4 26 3 1 
28 5 1 
2 5 8 9 3 5 2 
1 5 19 6 3 
1 28 1 4 
7 10 16 1 
3 23 7 1 
2 3 23 3 3 
1 4 9 7 4 3 2 1 3 
4 12 18 
2 10 12 2 3 2 1 1 1 
1 22 11 
30 1 2 1 
25 5 2 2 
1 14 11 4 3 1 
2 15 8 2 4 2 1 
21 4 1 4 1 3 
1 4 8 19 2 
2 15 16 1 
1 32 1 
23 6 4 1 
27 6 1 
3 3 10 12 2 2 2 
11 2 17 4 
14 7 13 
1 28 5 
1 16 5 5 6 1 
1 30 2 1 
4 28 2 
5 1 26 1 1 
1 30 3 
34 
4 28 2 
7 6 1 1 13 4 2 
1 10 6 16 1 
13 12 1 3 2 1 2 
18 8 6 1 1 
1 3 1 12 6 1 1 4 3 2 
3 27 2 1 1 
8 14 12 
3 3 5 13 2 1 3 2 1 1 
3 18 5 1 4 2 1 
34 
1 27 4 1 1 
32 2 
1 31 1 1 
1 2 3 21 3 4 
18 5 10 1 
1 15 8 1 2 3 2 1 1 
2 17 2 2 7 3 1 
30 1 1 1 1 
1 24 2 1 3 1 1 1 
10 3 3 2 8 6 1 1 
1 29 4 
4 1 13 3 9 1 2 1 
2 18 14 
5 11 2 1 6 9 
1 3 25 3 1 1 
15 7 11 1 
13 3 1 2 2 5 1 1 3 3 
20 12 2 
19 7 8 
8 3 3 15 4 1 
2 30 2 
4 3 1 12 12 1 1 
15 1 15 3 
1 9 21 1 2 
23 9 2 
2 19 13 
3 15 5 10 1 
7 22 3 2 
1 12 9 4 1 4 3 
2 12 15 5 
6 4 1 12 2 1 8 
1 2 17 14 
2 8 2 12 8 2 
7 16 10 1 
12 13 3 6 
15 6 12 1 
4 11 19 
7 24 2 1 
5 8 7 12 2 
16 14 4 
4 18 12 
17 9 6 1 1 
1 31 1 1 
4 22 7 1 
33 1 
1 28 4 1 
1 10 23 
1 1 1 4 5 1 11 4 2 4 
1 2 13 13 5 
1 11 7 4 1 7 1 2 
5 14 6 3 4 1 1 
1 21 7 3 1 1 
2 21 6 5 
2 14 8 5 2 2 1 
28 5 1 
7 21 5 1 
4 9 4 11 1 2 3 
3 18 12 1 
1 13 18 2 
6 4 2 12 7 2 1 
3 27 3 1 
1 27 4 1 1 
1 17 15 1 
15 7 9 1 1 1 
1 30 3 
1 28 5 
5 5 17 1 2 4 
2 13 7 9 3 
1 26 2 3 2 
4 13 9 7 1 
18 2 3 3 6 1 1 
1 1 32 
1 20 9 4 
1 33 
1 17 7 9 
1 29 4 
20 7 6 1 
8 6 4 2 3 2 4 1 3 1 
31 1 1 1 
8 1 21 1 3 
1 33 
18 14 2 
2 27 5 
4 22 7 1 
3 25 5 1 
1 14 6 4 3 1 3 1 1 
1 27 4 1 1 
5 15 3 4 4 2 1 
17 3 8 5 1 
34 
3 7 12 7 4 1 
13 6 4 1 9 1 
20 2 1 8 1 2 
34 
28 3 3 
12 21 1 
1 12 14 4 3 
2 30 2 
3 27 3 1 
1 12 12 7 2 
1 19 14 
4 23 5 1 1 
10 18 6 
3 8 18 3 1 1 
1 17 5 7 1 3 
1 5 1 3 21 1 2 
2 14 5 12 1 
2 28 1 3 
11 18 3 1 1 
34 
5 28 1 
3 20 4 4 1 1 1 
8 18 7 1 
1 1 24 4 2 2 
1 21 10 2 
7 18 8 1 
1 16 12 5 
2 20 4 6 2 
4 27 2 1 
2 24 8 
5 13 16 
1 26 1 4 2 
8 24 2 
1 14 18 1 
1 31 2 
3 22 7 2 
34 
1 29 4 
2 7 2 23 
8 21 2 3 
27 6 1 
1 5 22 6 
1 20 12 1 
1 18 6 6 3 
2 4 15 9 1 2 1 
7 5 20 2 
34 
1 26 7 
1 21 12 
1 7 8 12 1 4 1 
12 9 7 1 3 2 
6 17 7 1 3 
16 3 15 
9 7 18 
1 1 9 5 5 1 2 3 6 1 
1 10 14 9 
1 25 5 2 1 
5 29 
4 27 3 
1 30 2 1 
1 6 24 1 1 1 
1 2 12 16 3 
3 18 5 5 3 
1 15 13 2 3 
5 8 13 4 3 1 
1 32 1 
4 12 10 4 4 
1 12 10 9 1 1 
2 28 4 
2 1 10 6 13 1 1 
5 10 9 4 5 1 
28 2 3 1 
6 21 1 4 2 
21 13 
34 
1 15 5 6 7 
2 25 2 2 1 2 
1 25 5 3 
23 9 2 
1 31 1 1 
4 11 13 1 5 
3 31 
9 22 3 
3 25 5 1 
34 
22 4 4 2 2 
6 6 16 2 4 
3 3 22 4 2 
23 6 5 
2 19 13 
7 23 4 
1 24 8 1 
25 7 2 
4 4 9 2 4 7 4 
1 11 7 15 
6 24 4 
1 21 12 
14 1 13 5 1 
2 29 1 2 
2 25 7 
2 25 5 2 
15 18 1 
2 12 4 6 3 5 1 1 
2 27 3 2 
1 18 11 2 2 
3 2 17 6 2 1 2 1 
8 5 6 2 3 8 2 
7 25 2 
17 4 1 2 5 2 1 2 
1 22 4 2 3 1 1 
1 11 2 4 8 8 
32 1 1 
14 13 4 1 1 1 
1 10 10 3 4 2 1 3 
15 17 2 
1 29 2 1 1 
2 10 3 7 8 3 1 
3 16 9 2 4 
7 26 1 
5 17 3 9 
1 10 15 4 2 2 
1 21 9 2 1 
1 27 4 2 
3 3 14 11 3 
1 18 15 
2 30 2 
33 1 
1 16 6 1 4 4 1 1 
1 16 10 1 5 1 
1 4 10 11 2 5 1 
2 25 2 5 
8 19 1 5 1 
1 31 2 
1 11 6 16 
1 19 11 2 1 
2 7 25 
5 1 19 9 
2 23 9 
1 15 3 11 2 2 
1 27 6 
2 31 1 
31 1 2 
5 3 12 4 3 2 4 1 
30 1 1 1 1 
5 25 4 
6 16 7 5 
5 14 15 
19 6 3 5 1 
34 
1 19 7 4 3 
2 27 5 
1 17 11 4 1 
22 8 1 2 1 
1 8 1 7 2 3 1 5 6 
1 12 6 14 1 
5 29 
1 17 13 3 
4 5 7 11 1 5 1 
1 17 9 3 1 1 1 1 
10 17 5 1 1 
1 3 24 1 4 1 
4 27 3 
1 22 3 3 1 3 1 
4 25 3 2 
8 7 11 3 5 
2 14 18 
1 25 1 5 2 
5 22 7 
2 11 4 12 3 1 1 
31 3 
1 26 3 1 1 1 1 
2 19 11 2 
2 27 3 1 1 
20 11 2 1 
31 1 1 1 
10 2 3 8 3 1 7 
13 10 9 2 
1 14 15 1 2 1 
1 23 7 1 2 
1 17 3 11 2 
2 26 6 
1 4 1 8 2 13 2 1 2 
1 28 1 1 2 1 
4 8 13 6 3 
3 31 
4 10 11 6 3 
1 11 22 
5 28 1 
3 17 8 5 1 
3 14 8 5 4 
2 4 27 1 
4 16 8 5 1 
1 28 2 2 1 
32 1 1 
1 23 2 4 4 
6 8 8 9 2 1 
1 23 9 1 
7 22 5 
1 27 6 
4 21 7 2 
1 16 1 16 
2 25 5 1 1 
3 16 3 3 8 1 
1 8 4 4 3 11 2 1 
2 31 1 
1 33 
1 26 4 3 
14 8 3 7 1 1 
20 13 1 
2 27 5 
1 31 2 
1 14 2 7 6 2 1 1 
1 2 16 2 7 5 1 
1 17 3 1 7 4 1 
3 30 1 
2 5 1 25 1 
25 2 7 
3 1 2 26 1 1 
10 5 18 1 
1 15 6 7 4 1 
13 13 6 2 
3 23 7 1 
4 23 5 1 1 
1 30 2 1 
34 
6 25 1 1 1 
1 15 5 13 
15 1 12 4 2 
28 1 3 1 1 
1 15 18 
1 23 2 2 5 1 
1 1 24 6 1 1 
3 26 1 4 
10 10 12 1 1 
1 13 15 2 3 
13 8 13 
1 14 1 2 10 6 
1 6 27 
33 1 
1 5 28 
24 8 2 
16 15 3 
9 18 5 2 
33 1 
1 8 11 2 3 2 7 
7 11 11 5 
1 25 2 3 2 1 
2 11 2 19 
4 12 2 7 7 2 
7 8 19 
1 27 3 1 2 
1 28 5 
2 23 7 1 1 
2 24 5 3 
4 22 2 3 3 
12 16 1 4 1 
1 29 4 
1 25 4 1 2 1 
1 32 1 
6 16 11 1 
2 32 
1 29 2 2 
4 29 1 
2 9 6 9 7 1 
2 27 5 
4 3 14 12 1 
5 2 12 15 
1 32 1 
2 25 4 3 
2 23 1 4 2 1 1 
9 4 10 4 7 
2 32 
13 13 7 1 
1 19 2 3 4 5 
2 28 2 2 
1 1 27 3 2 
1 33 
11 3 10 3 7 
1 33 
1 13 18 2 
8 24 2 
2 26 6 
1 2 19 10 2 
1 17 16 
2 32 
1 30 1 1 1 
1 24 7 1 1 
33 1 
27 6 1 
4 27 3 
2 5 9 13 4 1 
1 9 13 5 4 1 1 
1 20 10 1 2 
1 23 10 
1 13 15 1 3 1 
4 28 2 
2 20 10 2 
31 3 
2 6 2 2 20 1 1 
3 7 21 1 2 
1 8 25 
6 25 3 
1 1 21 10 1 
1 21 2 1 3 6 
15 10 9 
9 13 5 5 1 1 
3 14 4 6 7 
1 24 7 1 1 
3 30 1 
1 30 2 1 
1 20 1 3 9 
3 9 20 1 1 
1 9 3 11 2 6 2 
1 26 7 
2 16 14 2 
1 13 13 6 1 
1 16 7 1 5 4 
1 26 4 1 2 
1 16 13 4 
1 6 27 
3 19 12 
7 10 11 4 2 
15 3 12 4 
23 1 9 1 
1 32 1 
1 5 21 1 4 2 
2 11 20 1 
1 17 9 7 
3 13 2 6 5 4 1 
2 32 
5 1 26 2 
2 7 16 2 7 
20 1 11 1 1 
1 26 2 3 1 1 
3 29 2 
1 11 15 7 
2 1 23 6 2 
4 14 14 2 
1 21 12 
1 1 25 7 
20 10 4 
8 2 11 13 
1 30 2 1 
31 1 2 
4 30 
7 8 8 11 
15 16 3 
2 30 1 1 
2 20 12 
1 23 10 
13 2 1 13 2 3 
5 29 
4 7 23 
1 27 2 4 
1 12 13 8 
3 17 14 
1 27 6 
34 
10 8 8 1 3 2 1 1 
2 16 16 
4 2 16 2 2 6 2 
1 24 8 1 
11 19 3 1 
13 18 3 
1 27 6 
1 23 9 1 
2 29 2 1 
2 29 3 
7 26 1 
17 8 1 2 4 1 1 
1 32 1 
3 3 27 1 
2 9 11 1 4 5 2 
1 28 3 2 
1 10 20 3 
2 27 1 2 2 
3 10 3 15 2 1 
1 14 6 8 1 4 
1 29 1 1 2 
1 1 21 7 1 1 1 1 
1 26 7 
1 19 13 1 
4 23 1 5 1 
1 14 10 7 1 1 
3 15 14 2 
30 2 1 1 
1 12 3 13 5 
2 32 
2 31 1 
1 5 22 1 5 
7 27 
1 19 2 11 1 
15 19 
33 1 
4 28 2 
15 16 3 
34 
6 21 7 
1 14 8 1 3 1 6 
26 4 4 
1 28 5 
2 27 3 1 1 
13 6 8 6 1 
1 3 16 13 1 
3 5 19 6 1 
1 22 11 
4 14 11 4 1 
1 9 23 1 
2 11 18 3 
9 24 1 
2 18 14 
6 6 15 6 1 
2 24 1 7 
1 25 7 1 
1 22 4 1 5 1 
32 2 
20 6 8 
2 27 5 
17 14 3 
1 8 16 1 5 1 1 1 
15 9 1 5 1 1 1 1 
1 8 19 6 
4 16 7 1 3 3 
3 15 8 5 2 1 
3 31 
7 6 8 3 6 3 1 
1 31 1 1 
1 16 5 10 1 1 
2 25 6 1 
1 22 3 1 4 3 
10 15 9 
1 32 1 
4 26 2 1 1 
1 26 4 1 1 1 
1 21 2 6 3 1 
4 16 8 1 3 1 1 
1 20 4 4 1 1 2 1 
3 19 5 2 3 2 
1 2 22 3 1 1 2 2 
34 
1 1 30 1 1 
8 14 9 2 1 
2 9 9 11 3 
28 4 1 1 
1 5 9 17 2 
1 33 
1 8 23 2 
11 12 7 2 1 1 
1 16 17 
3 2 14 5 9 1 
26 3 5 
1 24 1 5 3 
5 27 2 
6 25 1 2 
1 33 
2 5 19 8 
11 23 
5 25 4 
1 33 
7 20 7 
2 16 7 7 2 
7 27 
8 24 1 1 
2 32 
1 10 20 3 
4 20 6 2 1 1 
7 1 2 8 2 12 1 1 
9 14 11 
1 29 4 
1 30 3 
1 20 10 1 2 
4 27 1 1 1 
1 22 4 1 4 2 
3 29 2 
1 32 1 
12 6 2 1 2 10 1 
1 14 19 
2 5 12 11 2 2 
5 10 11 5 1 2 
9 20 4 1 
1 32 1 
2 25 4 3 
4 6 2 5 9 4 3 1 
1 18 1 3 8 3 
13 20 1 
1 17 16 
1 10 1 22 
1 2 3 2 11 13 1 1 
26 6 1 1 
1 23 10 
7 16 8 1 2 
7 9 14 3 1 
1 30 1 2 
2 16 2 9 3 2 
3 5 19 6 1 
17 16 1 
2 11 9 5 5 2 
7 9 2 5 5 5 1 
9 24 1 
3 23 6 2 
1 10 16 3 1 2 1 
1 15 7 4 6 1 
2 1 15 7 1 2 6 
1 20 6 4 2 1 
3 12 2 6 4 3 4 
1 12 4 3 5 2 4 3 
1 29 2 1 1 
4 28 2 
20 13 1 
19 6 2 2 3 1 1 
12 13 5 3 1 
1 18 15 
3 14 4 1 8 1 3 
9 1 11 8 3 2 
1 15 18 
8 25 1 
5 24 4 1 
1 1 2 4 15 2 8 1 
2 26 5 1 
9 9 1 7 6 1 1 
4 14 6 2 2 2 4 
18 5 5 5 1 
2 31 1 
1 32 1 
8 4 3 6 8 3 1 1 
1 30 3 
2 11 2 1 9 5 4 
4 19 3 1 1 3 1 1 1 
1 30 3 
4 26 4 
1 12 21 
2 7 12 8 2 1 2 
1 4 28 1 
1 3 18 12 
3 26 1 4 
1 33 
6 7 1 8 7 4 1 
1 21 12 
34 
23 8 3 
21 9 4 
4 13 8 3 1 3 2 
1 9 19 4 1 
2 9 10 13 
1 24 4 1 4 
1 29 2 1 1 
8 11 3 1 5 6 
5 24 5 
3 24 6 1 
5 5 20 1 3 
7 3 17 3 1 3 
1 1 32 
2 18 7 5 2 
1 29 4 
24 9 1 
5 10 5 8 4 1 1 
1 29 4 
31 2 1 
7 22 5 
8 2 18 1 1 1 1 2 
1 20 8 3 2 
33 1 
11 3 15 4 1 
20 13 1 
4 4 17 9 
15 7 6 4 2 
3 3 16 5 5 2 
3 16 7 7 1 
1 10 20 1 2 
5 4 2 22 1 
1 6 8 7 5 4 3 
5 10 11 7 1 
1 1 13 13 3 1 2 
33 1 
1 3 29 1 
13 17 2 1 1 
1 3 13 1 7 4 3 2 
34 
1 30 3 
16 17 1 
1 20 2 10 1 
1 22 8 1 2 
2 28 1 3 
1 4 20 6 3 
1 26 7 
1 9 17 7 
1 7 10 6 7 2 1 
5 29 
5 15 13 1 
4 11 14 3 1 1 
1 29 4 
1 31 1 1 
1 19 14 
13 9 3 2 2 4 1 
32 1 1 
12 19 2 1 
2 14 17 1 
4 5 25 
1 7 12 13 1 
8 24 1 1 
1 12 3 4 14 
4 26 1 2 1 
22 1 4 2 4 1 
1 1 21 2 3 2 2 2 
1 2 6 25 
3 2 23 4 2 
1 20 6 5 2 
18 13 3 
1 32 1 
3 7 3 20 1 
10 18 1 2 3 
1 28 3 2 
2 11 10 6 1 1 3 
1 11 12 3 2 2 2 1 
1 6 8 7 12 
1 19 9 3 2 
2 22 9 1 
31 3 
10 1 14 1 8 
6 27 1 
17 14 3 
1 10 5 1 5 7 1 2 1 1 
33 1 
2 32 
2 32 
1 9 13 11 
5 27 1 1 
1 9 4 8 4 3 4 1 
6 18 8 1 1 
1 24 4 3 2 
34 
9 18 1 6 
1 20 2 1 3 3 1 2 1 
6 11 11 4 1 1 
17 15 1 1 
1 31 2 
4 3 22 1 1 1 1 1 
1 29 3 1 
1 26 6 1 
3 11 1 7 8 2 1 1 
8 18 2 2 2 2 
1 8 2 17 2 3 1 
1 22 11 
5 28 1 
2 19 6 6 1 
5 13 13 2 1 
8 23 3 
2 23 2 7 
5 28 1 
2 23 3 6 
33 1 
1 29 4 
1 12 21 
2 5 20 5 2 
4 26 1 1 2 
9 4 3 17 1 
1 13 1 6 2 1 8 1 1 
1 14 10 9 
32 2 
1 17 2 4 8 2 
1 27 2 1 1 1 1 
1 2 10 14 1 4 1 1 
4 30 
3 29 1 1 
3 26 5 
16 7 2 6 3 
1 19 14 
1 7 1 3 20 2 
2 15 12 4 1 
1 33 
1 14 14 1 4 
5 21 1 3 3 1 
2 30 1 1 
1 29 4 
1 23 2 5 1 2 
3 6 11 8 6 
1 31 1 1 
1 30 3 
1 15 17 1 
1 3 15 5 3 4 2 1 
8 22 4 
1 16 1 3 2 10 1 
1 8 19 6 
3 22 9 
9 18 7 
1 30 1 2 
2 7 1 18 2 4 
1 25 1 7 
1 14 4 13 2 
7 26 1 
1 5 4 8 11 3 1 1 
1 12 13 1 1 5 1 
1 33 
19 15 
2 7 14 10 1 
3 24 7 
1 4 7 13 4 1 1 1 2 
1 19 11 1 1 1 
4 19 11 
19 13 1 1 
7 21 2 1 1 2 
1 29 4 
11 16 5 1 1 
1 12 12 4 5 
7 20 7 
6 11 5 4 2 5 1 
1 5 18 6 4 
1 5 26 2 
30 3 1 
1 31 2 
10 24 
32 1 1 
1 24 6 1 1 1 
2 4 25 3 
11 9 12 1 1 
4 11 6 3 3 2 2 2 1 
1 15 10 6 1 1 
7 2 25 
13 11 2 8 
1 28 4 1 
1 1 12 17 3 
3 3 23 4 1 
12 22 
3 28 3 
1 9 12 8 4 
3 30 1 
4 5 22 1 2 
4 25 4 1 
1 15 18 
3 14 17 
1 7 12 5 1 4 4 
32 2 
14 14 1 4 1 
5 23 6 
18 8 7 1 
2 26 2 3 1 
18 11 1 4 
4 5 6 14 3 1 1 
4 4 1 14 7 2 1 1 
5 3 18 7 1 
1 30 1 2 
2 20 3 9 
1 27 5 1 
1 12 21 
14 12 4 4 
1 23 8 1 1 
6 19 8 1 
3 22 1 4 4 
2 15 17 
1 17 5 8 1 2 
1 12 14 7 
1 31 2 
14 4 13 2 1 
10 17 4 3 
1 29 3 1 
17 8 3 1 4 1 
9 16 1 6 1 1 
2 4 28 
1 21 4 4 4 
1 29 3 1 
1 19 9 4 1 
3 22 2 1 5 1 
12 9 3 10 
1 10 5 9 5 3 1 
1 31 2 
4 26 1 2 1 
1 17 7 3 4 1 1 
1 9 17 2 3 2 
4 13 2 14 1 
1 22 1 10 
1 27 4 1 1 
2 31 1 
4 20 7 1 2 
1 20 7 3 3 
1 33 
2 11 2 14 2 3 
1 8 19 3 2 1 
1 3 28 1 1 
3 27 4 
1 24 7 2 
3 30 1 
34 
2 30 1 1 
1 31 2 
1 24 8 1 
3 29 2 
1 22 6 3 2 
1 20 13 
17 7 3 3 2 2 
5 10 15 4 
9 6 18 1 
1 12 11 4 6 
17 7 4 1 3 2 
12 17 1 1 1 2 
14 19 1 
1 14 2 13 1 1 1 1 
33 1 
5 23 5 1 
1 8 13 9 1 1 1 
1 16 17 
3 4 9 12 6 
8 13 3 5 1 4 
5 22 5 2 
1 15 7 10 1 
34 
1 1 1 21 4 4 2 
24 7 3 
1 22 11 
9 22 1 2 
4 25 5 
1 10 20 2 1 
6 17 4 5 1 1 
20 5 8 1 
1 22 7 1 1 2 
12 9 8 3 2 
9 22 2 1 
4 2 12 11 1 1 1 2 
1 14 12 3 1 3 
5 4 23 1 1 
1 26 6 1 
1 3 20 5 4 1 
13 20 1 
3 26 5 
3 31 
12 2 13 4 3 
10 9 11 1 3 
13 13 2 5 1 
1 29 2 1 1 
1 32 1 
2 10 12 5 5 
5 5 6 4 2 2 3 1 4 2 
4 29 1 
1 33 
1 15 4 10 1 2 1 
1 8 1 4 5 11 2 1 1 
2 13 15 4 
2 2 9 18 2 1 
11 3 6 4 3 2 5 
1 32 1 
1 16 5 2 9 1 
18 5 4 3 4 
1 7 2 9 12 2 1 
1 1 5 7 18 2 
1 28 1 2 1 1 
34 
29 3 2 
34 
1 22 1 5 5 
1 33 
1 28 2 1 1 1 
1 25 6 2 
1 15 13 3 2 
1 32 1 
1 14 5 3 6 2 3 
21 10 3 
21 9 2 1 1 
3 5 9 17 
1 5 22 1 1 1 1 2 
2 19 13 
18 10 3 1 1 1 
7 19 7 1 
1 32 1 
1 25 6 1 1 
31 1 1 1 
1 2 4 20 6 1 
3 12 2 17 
1 8 19 6 
29 3 2 
1 6 7 5 6 6 3 
20 14 
1 24 1 5 2 1 
1 2 1 28 1 1 
3 7 22 2 
32 1 1 
1 29 1 1 2 
1 10 12 3 7 1 
3 5 20 1 5 
2 24 7 1 
1 4 16 9 1 3 
1 32 1 
5 1 7 4 15 1 1 
5 18 9 1 1 
3 11 1 16 2 1 
1 32 1 
1 14 2 4 5 3 1 2 2 
10 4 16 1 1 2 
3 27 4 
2 6 26 
15 11 3 1 1 1 1 1 
23 10 1 
17 2 3 9 2 1 
22 10 2 
1 11 6 4 12 
1 28 3 2 
2 1 25 3 2 1 
6 19 9 
13 14 7 
1 32 1 
2 14 17 1 
5 5 11 10 1 1 1 
24 6 1 3 
1 29 2 2 
1 10 8 3 8 1 3 
3 19 5 7 
2 7 25 
24 3 7 
2 31 1 
1 27 4 1 1 
34 
26 4 4 
3 23 8 
1 32 1 
16 8 4 1 3 1 1 
10 13 10 1 
9 7 15 3 
1 23 3 1 3 2 1 
4 29 1 
2 5 7 13 6 1 
2 2 30 
1 16 17 
33 1 
5 4 2 10 2 9 2 
4 21 5 4 
1 11 8 1 11 1 1 
9 9 13 2 1 
3 5 8 10 1 4 3 
2 31 1 
1 29 4 
3 31 
1 4 25 4 
4 23 6 1 
2 5 19 2 3 1 1 1 
2 4 6 10 1 7 4 
1 14 17 2 
1 18 14 1 
7 20 3 4 
2 9 5 3 10 4 1 
2 14 7 6 1 4 
2 12 20 
30 2 1 1 
3 5 9 9 3 2 3 
1 7 22 3 1 
7 2 20 1 3 1 
1 28 3 1 1 
12 7 4 2 7 1 1 
3 28 3 
1 31 2 
33 1 
1 24 7 2 
1 12 21 
1 22 6 1 4 
1 15 17 1 
31 3 
1 27 6 
29 2 1 2 
12 12 3 3 1 1 1 1 
8 25 1 
2 15 14 2 1 
2 1 10 9 12 
2 30 1 1 
1 30 3 
22 2 5 1 4 
34 
2 14 16 1 1 
1 12 20 1 
1 18 10 3 2 
3 4 23 1 3 
24 2 8 
2 22 8 2 
1 1 6 23 1 1 1 
34 
2 16 9 5 2 
1 29 4 
8 4 12 6 3 1 
32 2 
10 18 6 
1 7 8 3 10 2 3 
14 20 
1 10 22 1 
1 12 18 2 1 
5 11 2 13 3 
8 15 11 
1 4 12 4 4 1 1 5 2 
34 
1 7 8 1 6 7 1 3 
4 5 12 7 1 3 2 
24 5 1 2 1 1 
13 10 11 
11 22 1 
1 28 5 
1 20 3 1 5 3 1 
9 21 1 3 
3 12 17 1 1 
1 8 13 10 1 1 
3 29 2 
1 27 6 
3 20 1 7 1 2 
1 7 4 15 6 1 
1 6 2 16 3 3 3 
34 
10 15 7 1 1 
1 7 14 6 3 3 
2 18 11 3 
34 
15 15 2 2 
1 6 2 14 3 6 1 1 
1 27 1 4 1 
1 8 11 6 2 6 
1 24 7 1 1 
7 3 4 8 11 1 
1 1 32 
12 16 6 
1 6 3 20 3 1 
2 24 3 2 1 1 1 
2 6 20 2 3 1 
10 20 4 
13 8 10 2 1 
1 23 10 
1 27 5 1 
17 15 2 
1 27 2 4 
32 1 1 
14 8 4 4 4 
25 5 2 1 1 
1 22 10 1 
1 17 11 2 1 2 
12 1 4 9 1 5 2 
23 8 2 1 
17 11 2 4 
14 1 19 
1 8 13 7 5 
1 29 4 
4 21 7 1 1 
32 2 
5 11 6 10 2 
3 12 9 7 1 2 
12 11 2 8 1 
4 17 4 6 3 
11 3 8 6 6 
18 7 8 1 
1 5 28 
8 5 15 3 1 1 1 
29 1 3 1 
14 2 6 7 1 3 1 
1 14 19 
1 31 1 1 
13 3 1 7 1 2 7 
7 10 11 6 
4 27 2 1 
4 8 14 7 1 
1 27 4 2 
33 1 
11 14 1 7 1 
4 24 5 1 
2 2 16 6 2 3 2 1 
2 17 1 13 1 
2 5 27 
1 21 11 1 
18 16 
2 3 24 1 1 2 1 
2 26 4 1 1 
1 4 29 
3 5 3 5 3 3 11 1 
2 30 2 
1 23 10 
1 5 20 1 3 3 1 
1 6 25 1 1 
2 8 5 12 6 1 
2 1 5 22 2 2 
1 25 8 
1 16 1 13 1 2 
1 21 12 
2 27 2 3 
5 29 
27 1 3 3 
2 11 21 
5 17 6 5 1 
1 5 15 7 1 2 1 2 
1 14 18 1 
1 10 20 3 
2 21 11 
3 2 21 4 4 
2 5 3 10 5 2 5 2 
1 12 3 18 
1 1 18 5 3 4 2 
23 1 3 3 1 3 
2 16 16 
5 1 8 15 2 3 
1 30 3 
1 15 9 9 
25 4 1 2 1 1 
1 33 
1 22 1 9 1 
1 23 9 1 
5 15 3 7 1 1 1 1 
5 11 18 
1 25 8 
2 14 2 3 1 2 1 3 3 3 
1 19 8 5 1 
1 22 5 3 1 2 
1 13 20 
1 14 2 1 5 10 1 
22 1 3 6 2 
11 16 7 
2 18 14 
3 9 22 
2 21 9 2 
1 33 
19 10 2 1 1 1 
2 12 20 
4 7 21 1 1 
34 
1 19 14 
4 1 5 6 5 1 2 10 
1 19 7 7 
23 1 2 2 2 3 1 
4 19 8 3 
5 26 3 
1 28 5 
1 12 12 5 4 
3 11 14 3 1 1 1 
5 24 4 1 
20 2 12 
1 33 
15 1 14 4 
1 29 2 2 
4 14 16 
4 20 2 2 2 4 
2 5 12 11 1 3 
5 12 15 1 1 
1 29 3 1 
4 8 22 
27 4 3 
9 21 4 
1 29 3 1 
1 27 1 2 2 1 
33 1 
1 12 21 
25 3 2 4 
1 27 1 1 4 
2 22 1 9 
2 16 15 1 
1 4 24 5 
1 16 5 1 3 1 3 3 1 
7 16 7 1 1 2 
3 22 9 
7 18 4 5 
1 30 3 
1 2 23 3 5 
6 3 17 1 4 1 1 1 
1 11 3 12 7 
1 10 13 7 1 2 
6 14 11 1 2 
9 23 2 
1 13 17 1 2 
1 21 12 
20 6 8 
6 17 9 2 
22 12 
9 19 6 
1 10 20 3 
14 1 12 3 3 1 
6 12 10 6 
1 22 1 7 2 1 
1 5 8 13 2 3 1 1 
2 23 4 5 
1 20 13 
3 7 23 1 
8 11 12 1 1 1 
21 6 1 6 
28 5 1 
20 9 1 1 2 1 
20 11 3 
1 21 12 
15 14 1 4 
34 
3 2 3 26 
1 13 5 6 2 5 2 
2 16 2 14 
1 30 3 
1 28 2 2 1 
3 26 5 
1 29 4 
1 29 2 1 1 
8 16 9 1 
1 16 13 4 
1 14 9 2 8 
2 27 4 1 
25 2 1 6 
2 7 1 5 19 
1 13 18 2 
6 17 10 1 
5 24 2 1 2 
1 5 28 
23 11 
1 26 5 2 
1 17 16 
6 16 11 1 
20 1 4 2 1 2 3 1 
6 13 8 7 
12 4 5 5 6 2 
13 15 3 2 1 
2 24 7 1 
3 31 
1 30 2 1 
34 
6 6 14 1 6 1 
1 26 4 3 
1 3 25 2 2 1 
11 6 13 3 1 
2 26 1 5 
1 25 1 3 2 1 1 
2 19 13 
34 
2 17 15 
10 23 1 
1 9 14 6 1 2 1 
2 11 21 
29 2 2 1 
8 13 13 
6 16 1 5 3 2 1 
1 1 5 3 3 6 14 1 
2 7 16 5 4 
29 1 4 
18 5 4 5 2 
1 1 10 18 1 2 1 
1 9 3 7 10 2 2 
1 32 1 
25 4 3 2 
3 30 1 
1 16 12 1 2 2 
25 3 2 1 1 2 
1 6 19 1 5 1 1 
2 12 7 4 7 2 
7 9 18 
12 6 16 
1 25 8 
1 23 8 1 1 
5 10 15 1 2 1 
4 28 1 1 
2 22 1 6 1 1 1 
2 30 2 
2 32 
1 30 3 
1 33 
9 21 2 2 
1 11 22 
4 29 1 
19 2 7 6 
1 18 10 2 3 
6 15 1 6 3 1 2 
32 1 1 
5 18 5 4 1 1 
5 16 13 
1 22 5 5 1 
1 4 8 15 6 
21 6 4 2 1 
8 22 1 1 1 1 
11 20 3 
2 3 19 1 7 1 1 
3 12 12 5 1 1 
14 17 2 1 
33 1 
11 14 1 8 
5 8 21 
2 29 3 
4 10 10 3 3 3 1 
6 16 8 2 2 
3 16 8 6 1 
2 1 2 28 1 
11 14 8 1 
3 25 4 1 1 
2 16 5 9 1 1 
1 6 18 2 4 2 1 
20 13 1 
1 27 2 1 3 
2 7 9 3 13 
20 13 1 
9 13 9 3 
13 7 14 
3 30 1 
2 1 28 2 1 
1 31 2 
2 18 11 2 1 
7 3 10 9 3 2 
1 6 27 
32 1 1 
1 17 8 8 
1 19 9 3 1 1 
1 9 24 
1 5 4 7 17 
11 2 3 6 5 5 1 1 
5 25 1 1 1 1 
1 16 2 1 1 1 6 4 1 1 
1 21 12 
1 8 24 1 
1 17 9 5 2 
1 23 6 4 
2 12 4 14 1 1 
34 
1 12 18 1 1 1 
1 6 9 7 1 5 5 
1 12 2 3 8 5 1 2 
2 9 20 1 1 1 
6 21 7 
4 12 18 
2 12 19 1 
3 8 7 15 1 
30 2 1 1 
1 27 2 1 2 1 
1 32 1 
32 1 1 
1 31 1 1 
2 32 
2 15 16 1 
1 19 11 2 1 
23 11 
14 3 10 1 4 1 1 
1 19 14 
16 13 3 1 1 
1 27 6 
1 9 11 8 4 1 
1 13 15 3 2 
28 6 
3 6 9 6 2 4 3 1 
1 33 
1 29 4 
4 8 22 
32 1 1 
34 
2 26 6 
1 18 1 5 4 5 
3 15 15 1 
5 4 13 10 1 1 
8 8 18 
2 7 10 6 4 3 1 1 
9 25 
1 16 7 3 4 1 1 1 
1 23 6 3 1 
1 11 6 14 2 
1 2 26 4 1 
1 4 29 
8 10 12 3 1 
1 18 7 7 1 
2 6 20 3 1 1 1 
1 20 4 1 6 2 
1 3 7 21 2 
7 17 8 2 
5 7 2 10 9 1 
5 17 9 2 1 
1 28 4 1 
4 30 
32 1 1 
26 6 2 
9 11 5 5 4 
2 12 11 2 6 1 
1 18 9 1 2 1 1 1 
