7 15 8 5 
26 3 3 1 2 
6 24 1 3 1 
11 8 8 7 1 
2 1 11 12 6 2 1 
35 
1 9 7 5 5 3 4 1 
35 
1 24 7 3 
4 15 9 3 1 1 1 1 
1 23 2 1 4 2 1 1 
2 30 3 
1 33 1 
6 7 22 
1 34 
2 22 10 1 
2 1 10 22 
1 18 15 1 
33 1 1 
4 1 20 8 2 
2 18 9 3 3 
15 1 6 2 11 
1 29 1 1 3 
8 5 14 6 2 
1 30 2 2 
1 4 12 8 1 3 1 3 2 
14 7 14 
5 4 16 3 7 
3 5 26 1 
24 9 1 1 
4 25 5 1 
23 12 
1 31 3 
2 32 1 
11 18 6 
2 16 10 7 
1 14 18 1 1 
5 8 15 6 1 
4 31 
1 27 7 
1 4 27 1 1 1 
10 5 3 16 1 
3 9 5 15 3 
2 26 2 2 1 1 1 
13 3 2 2 6 6 2 1 
31 1 1 2 
27 8 
31 1 2 1 
2 1 17 5 1 1 3 1 1 1 1 1 
2 26 2 5 
1 26 1 1 5 1 
1 8 3 11 9 2 1 
4 30 1 
3 3 26 3 
1 22 8 2 2 
17 4 6 1 4 3 
2 21 5 6 1 
14 5 16 
25 5 2 3 
1 10 17 7 
30 3 2 
4 8 19 4 
1 23 6 3 2 
2 3 3 1 10 1 6 4 1 4 
3 3 18 5 1 5 
1 11 14 7 2 
3 13 14 2 3 
1 12 1 2 13 4 2 
2 3 1 7 1 12 1 1 5 2 
1 11 6 4 2 2 6 1 1 1 
1 4 17 4 8 1 
6 4 1 3 14 1 5 1 
3 7 20 5 
1 34 
34 1 
3 27 3 1 1 
1 30 1 1 1 1 
1 32 2 
2 12 21 
1 33 1 
1 15 19 
35 
2 32 1 
1 19 14 1 
6 14 14 1 
25 8 2 
1 14 17 3 
1 9 5 19 1 
34 1 
1 30 1 2 1 
1 15 15 2 2 
18 4 5 3 5 
21 9 5 
3 6 7 2 8 9 
1 3 20 4 2 2 1 1 1 
5 25 1 4 
1 19 6 8 1 
1 24 8 1 1 
5 15 5 5 1 1 2 1 
1 5 10 2 13 2 1 1 
11 3 7 9 1 3 1 
1 7 21 2 4 
2 3 22 3 2 2 1 
3 8 14 3 1 3 3 
2 31 2 
7 28 
2 29 4 
5 25 1 2 2 
1 11 6 17 
21 4 3 3 4 
3 23 4 2 3 
4 1 19 9 2 
29 2 1 2 1 
4 7 19 1 2 2 
7 25 3 
1 30 4 
1 32 2 
1 7 18 3 5 1 
19 14 1 1 
1 32 2 
1 28 4 1 1 
3 8 23 1 
1 27 1 3 3 
12 3 5 8 1 2 4 
11 20 2 2 
4 29 2 
3 22 10 
1 9 6 2 12 3 2 
1 20 6 5 2 1 
2 19 5 2 4 3 
13 1 6 4 2 1 8 
6 16 2 5 5 1 
34 1 
1 4 16 2 12 
1 14 4 6 1 6 3 
26 9 
4 28 3 
10 10 13 1 1 
17 2 14 1 1 
1 10 24 
1 24 6 3 1 
3 25 7 
2 29 4 
1 17 9 5 2 1 
26 7 1 1 
20 13 1 1 
1 30 3 1 
35 
4 11 20 
4 3 2 21 1 4 
1 24 8 1 1 
1 23 4 1 1 2 1 2 
2 17 2 4 10 
2 18 15 
1 18 2 13 1 
32 1 2 
15 11 6 3 
5 26 4 
17 11 5 1 1 
4 23 7 1 
3 15 13 3 1 
8 4 9 9 2 3 
1 3 31 
4 27 4 
2 17 2 9 1 3 1 
1 10 9 5 3 6 1 
9 15 3 2 4 1 1 
1 6 25 3 
35 
1 8 6 16 2 2 
35 
1 10 1 18 4 1 
1 30 3 1 
2 7 4 8 1 1 9 1 2 
1 33 1 
1 23 11 
1 26 8 
2 24 2 7 
11 18 5 1 
1 1 19 6 8 
1 10 24 
1 31 3 
2 8 22 2 1 
20 4 4 1 2 2 1 1 
10 24 1 
1 15 7 12 
2 17 14 2 
2 2 5 10 15 1 
1 3 30 1 
1 29 2 3 
9 5 4 11 4 2 
6 7 17 5 
2 25 2 5 1 
1 9 3 21 1 
30 5 
1 33 1 
10 17 1 6 1 
6 24 4 1 
1 17 4 1 3 5 1 3 
2 2 26 5 
1 24 10 
3 9 23 
16 10 1 1 2 1 3 1 
6 3 21 1 2 1 1 
1 27 3 1 3 
2 4 9 20 
5 23 7 
2 4 22 7 
10 2 6 6 8 1 2 
3 7 25 
1 18 12 4 
1 19 1 14 
1 23 11 
35 
16 19 
28 3 3 1 
1 10 2 1 7 13 1 
32 1 2 
1 32 1 1 
1 20 2 12 
1 6 21 2 3 1 1 
2 18 1 3 2 6 1 1 1 
30 1 4 
1 18 16 
1 24 10 
2 3 8 20 1 1 
1 14 9 8 2 1 
4 2 3 11 9 1 2 2 1 
1 7 15 10 1 1 
27 1 6 1 
1 26 3 5 
5 20 5 2 3 
1 21 10 2 1 
2 16 11 2 3 1 
3 2 27 1 1 1 
2 25 4 3 1 
10 7 5 9 3 1 
1 29 4 1 
1 27 7 
1 3 14 11 3 1 1 1 
1 3 3 10 18 
1 14 20 
2 15 13 3 2 
1 34 
29 4 2 
1 10 10 7 1 3 2 1 
1 10 8 9 5 2 
14 4 14 2 1 
6 26 3 
2 21 9 3 
1 13 21 
22 7 1 2 3 
22 6 3 2 1 1 
35 
1 25 8 1 
14 18 2 1 
8 23 3 1 
33 1 1 
1 24 8 1 1 
1 4 4 2 21 3 
2 2 29 1 1 
24 6 3 1 1 
6 19 7 2 1 
34 1 
2 24 9 
4 12 4 1 12 1 1 
4 17 4 2 6 1 1 
11 17 1 3 3 
2 25 8 
26 8 1 
7 16 8 1 2 1 
5 3 24 1 1 1 
2 3 26 3 1 
1 26 6 2 
1 14 17 3 
6 4 6 10 5 2 2 
35 
3 8 17 7 
22 8 5 
4 30 1 
27 2 6 
1 24 5 5 
8 25 1 1 
4 17 4 7 3 
1 33 1 
3 9 10 7 2 1 3 
3 17 9 1 4 1 
1 16 9 6 3 
2 32 1 
32 2 1 
5 30 
2 33 
5 3 19 1 3 4 
1 32 1 1 
17 17 1 
28 5 1 1 
3 31 1 
1 23 6 3 1 1 
31 4 
1 7 25 2 
1 24 10 
5 17 13 
1 6 24 1 1 1 1 
1 9 24 1 
1 10 3 10 2 9 
1 25 4 1 1 1 1 1 
2 12 18 1 1 1 
3 22 1 8 1 
10 7 18 
1 10 3 17 1 3 
2 5 1 16 1 10 
35 
2 17 6 6 4 
4 30 1 
1 3 5 23 2 1 
20 4 7 4 
17 5 6 5 1 1 
17 13 5 
1 6 28 
2 24 7 2 
12 19 4 
1 28 2 4 
34 1 
1 4 26 3 1 
5 10 8 10 1 1 
1 2 11 15 4 2 
2 2 4 27 
1 8 25 1 
2 23 2 1 3 2 2 
1 21 11 1 1 
3 22 3 7 
1 22 5 3 1 3 
3 10 10 2 5 5 
1 12 22 
1 22 12 
15 7 10 1 2 
2 5 4 11 5 2 2 2 2 
3 31 1 
1 30 2 2 
1 30 2 2 
2 16 10 1 2 1 2 1 
21 7 5 1 1 
1 33 1 
16 15 1 1 1 1 
1 25 6 2 1 
1 17 12 1 2 1 1 
3 31 1 
8 7 8 3 9 
31 4 
8 24 3 
2 17 10 2 3 1 
3 9 6 13 4 
5 21 6 1 1 1 
1 16 16 1 1 
5 23 1 6 
1 24 10 
6 9 6 14 
12 20 3 
12 21 2 
3 13 19 
6 10 11 8 
5 30 
1 15 9 2 4 3 1 
1 9 1 22 1 1 
1 8 26 
1 24 9 1 
2 10 4 9 6 1 1 2 
23 12 
31 3 1 
2 29 2 1 1 
22 1 5 3 2 2 
1 2 32 
10 23 2 
1 13 16 5 
4 5 14 7 1 2 1 1 
1 3 7 3 18 3 
5 13 5 9 3 
1 22 5 5 2 
1 29 1 2 1 1 
1 15 19 
2 10 13 3 6 1 
4 28 1 2 
2 19 7 4 3 
1 22 5 1 1 5 
5 11 4 13 1 1 
14 4 11 2 2 1 1 
8 13 13 1 
1 11 23 
1 15 19 
1 30 4 
4 13 2 16 
1 8 14 2 3 6 1 
1 8 22 2 1 1 
15 12 6 1 1 
5 23 7 
3 31 1 
1 23 11 
13 20 2 
1 5 7 1 11 1 4 1 2 1 1 
9 1 12 5 1 3 2 1 1 
7 25 3 
1 16 3 7 8 
13 5 3 8 3 1 2 
1 3 4 8 8 8 1 1 1 
2 30 3 
1 1 18 14 1 
1 16 17 1 
24 3 8 
1 3 13 17 1 
1 32 2 
2 1 3 9 8 5 6 1 
1 30 4 
10 24 1 
4 30 1 
6 2 10 16 1 
1 23 2 3 5 1 
24 5 4 2 
32 1 1 1 
2 9 11 1 7 1 1 1 1 1 
1 18 9 6 1 
3 14 8 2 7 1 
1 32 2 
33 1 1 
1 2 4 10 18 
2 8 16 4 4 1 
1 25 6 1 1 1 
1 25 1 5 1 2 
3 15 11 3 3 
20 10 5 
1 26 6 1 1 
5 29 1 
9 19 7 
1 33 1 
9 26 
5 20 5 4 1 
4 3 13 3 6 5 1 
1 24 5 4 1 
14 5 5 4 2 2 1 2 
24 8 2 1 
1 18 5 2 2 7 
9 6 7 13 
3 32 
15 13 3 1 1 1 1 
1 27 7 
14 10 9 1 1 
2 23 4 6 
7 10 18 
1 10 11 6 3 3 1 
31 1 3 
1 1 3 1 6 4 8 3 5 3 
1 27 7 
1 15 1 2 1 7 3 5 
3 29 1 2 
1 16 5 8 1 2 1 1 
3 5 15 1 10 1 
31 2 1 1 
6 29 
4 28 2 1 
3 21 11 
1 25 3 6 
1 10 24 
1 32 2 
14 18 3 
31 4 
4 13 2 15 1 
1 17 14 3 
1 21 13 
1 25 2 5 2 
16 1 13 2 3 
17 1 9 1 2 4 1 
2 19 2 7 1 4 
7 7 20 1 
3 6 6 10 7 2 1 
15 3 2 7 8 
33 2 
32 1 2 
33 1 1 
1 18 8 5 1 1 1 
1 28 4 1 1 
1 3 12 12 6 1 
18 3 5 5 3 1 
1 15 6 5 8 
2 12 14 4 1 2 
3 11 20 1 
1 3 4 15 3 4 1 2 2 
1 27 7 
4 29 2 
9 14 9 2 1 
1 34 
4 5 12 1 1 3 2 4 3 
2 4 9 3 8 4 5 
1 5 12 13 3 1 
31 3 1 
1 33 1 
7 12 12 3 1 
1 17 8 6 2 1 
6 4 15 7 3 
19 10 5 1 
3 17 1 13 1 
3 1 3 16 5 4 1 2 
5 21 3 6 
1 18 11 4 1 
5 3 16 3 3 3 1 1 
1 10 14 6 3 1 
1 14 1 9 10 
5 3 17 8 1 1 
1 24 5 1 2 1 1 
1 32 2 
3 16 7 1 8 
2 23 6 2 2 
32 2 1 
9 7 13 5 1 
1 8 2 18 1 1 3 1 
2 25 5 2 1 
1 11 3 11 8 1 
23 2 3 5 2 
1 10 1 5 11 7 
2 20 7 5 1 
1 31 3 
1 4 21 9 
9 20 1 1 3 1 
35 
10 25 
20 12 1 2 
11 22 2 
4 29 1 1 
3 27 4 1 
5 18 12 
7 23 1 1 2 1 
1 15 9 4 2 4 
35 
1 26 1 7 
1 8 2 19 2 1 1 1 
5 27 3 
4 11 2 7 4 7 
26 9 
2 15 17 1 
1 27 7 
3 16 15 1 
30 1 2 2 
1 16 10 3 1 3 1 
5 6 16 4 4 
2 29 4 
23 3 6 2 1 
10 13 12 
20 8 7 
1 11 8 5 5 1 1 3 
1 20 2 5 6 1 
5 4 1 22 2 1 
2 1 29 1 1 1 
5 25 3 2 
1 31 3 
9 26 
2 15 16 2 
4 26 5 
1 12 8 2 3 3 6 
1 32 1 1 
1 7 1 14 3 8 1 
6 27 2 
13 2 7 12 1 
15 4 6 6 4 
3 12 14 1 3 2 
1 25 8 1 
10 6 19 
1 12 14 3 4 1 
1 22 2 3 6 1 
33 2 
1 19 1 9 4 1 
1 26 7 1 
29 3 1 1 1 
3 5 4 6 7 10 
5 8 10 3 4 4 1 
19 7 1 4 3 1 
22 9 1 1 1 1 
22 12 1 
33 1 1 
1 28 6 
1 4 7 6 2 12 1 2 
34 1 
3 32 
5 14 2 5 7 2 
1 12 12 6 2 2 
1 6 28 
1 29 5 
1 6 5 13 2 6 2 
26 2 3 3 1 
1 30 4 
1 22 11 1 
1 28 2 3 1 
32 3 
2 3 12 17 1 
10 8 15 1 1 
1 9 4 18 3 
2 6 10 2 12 1 1 1 
4 24 7 
34 1 
1 22 1 5 6 
15 1 13 1 1 3 1 
1 30 3 1 
1 32 1 1 
2 16 9 5 2 1 
1 30 1 2 1 
3 29 3 
1 18 9 3 3 1 
33 1 1 
1 3 12 11 1 6 1 
2 5 1 12 5 1 7 2 
1 7 8 3 3 10 2 1 
1 7 11 11 4 1 
3 17 11 1 3 
1 11 9 2 4 4 2 1 1 
1 1 33 
1 16 17 1 
6 4 6 8 2 3 3 1 1 1 
1 29 2 2 1 
2 7 9 5 5 7 
1 20 6 2 6 
1 20 5 4 2 2 1 
22 3 9 1 
1 27 6 1 
2 19 14 
4 28 3 
7 20 8 
1 2 1 16 15 
11 3 6 5 3 6 1 
1 2 9 13 2 4 3 1 
1 33 1 
4 1 12 3 14 1 
1 31 1 1 1 
1 13 20 1 
2 16 3 11 2 1 
1 21 13 
4 27 4 
1 8 1 24 1 
1 11 3 7 3 6 4 
9 21 5 
1 7 12 8 3 3 1 
1 30 4 
5 21 3 4 2 
8 2 5 16 3 1 
1 14 7 3 3 6 1 
1 6 7 12 5 4 
3 13 4 8 5 2 
33 2 
1 18 14 2 
1 24 5 1 4 
1 20 6 7 1 
2 5 8 9 3 1 1 6 
2 31 1 1 
2 10 15 7 1 
3 20 12 
9 7 7 5 3 1 2 1 
10 15 7 1 2 
35 
1 33 1 
1 23 7 1 3 
1 8 3 3 19 1 
9 21 3 2 
5 23 4 3 
1 1 26 2 5 
1 24 6 4 
2 9 4 16 2 1 1 
14 6 6 3 4 2 
1 8 5 18 3 
8 1 17 9 
1 2 25 1 5 1 
1 18 14 1 1 
3 15 4 10 1 1 1 
1 9 20 3 2 
35 
3 18 14 
2 3 26 4 
29 3 3 
25 10 
4 30 1 
5 11 19 
7 3 4 12 7 1 1 
1 22 12 
1 2 18 7 6 1 
2 9 24 
11 9 15 
9 1 16 3 3 2 1 
4 4 27 
27 6 2 
34 1 
33 2 
23 9 3 
2 13 7 10 3 
19 4 10 1 1 
3 5 22 3 1 1 
1 30 3 1 
1 19 15 
3 6 16 1 3 2 2 2 
35 
32 3 
8 2 20 5 
3 11 21 
1 19 5 6 3 1 
24 1 2 4 3 1 
1 13 19 2 
5 5 2 17 3 2 1 
1 19 3 5 5 2 
35 
1 17 9 3 5 
3 30 2 
1 30 2 1 1 
30 3 1 1 
14 10 1 8 2 
1 27 1 1 3 1 1 
5 9 5 8 6 2 
2 18 13 1 1 
2 21 3 5 4 
1 6 21 4 1 2 
34 1 
1 10 2 4 6 12 
1 30 4 
2 30 3 
11 8 16 
1 30 1 1 1 1 
9 20 5 1 
3 21 7 2 2 
4 23 2 4 1 1 
22 6 7 
1 34 
1 33 1 
1 7 3 20 4 
1 21 2 2 2 6 1 
1 27 7 
3 30 2 
4 22 2 7 
1 4 30 
3 11 3 1 4 9 3 1 
8 21 6 
1 20 11 2 1 
8 26 1 
10 14 5 1 4 1 
17 17 1 
11 16 5 3 
35 
1 15 17 2 
1 6 25 3 
35 
12 11 8 4 
2 31 2 
1 23 7 2 1 1 
6 9 17 2 1 
2 23 10 
14 21 
1 6 28 
2 2 16 7 4 2 2 
33 2 
1 11 6 1 5 5 2 2 1 1 
2 9 17 3 1 1 1 1 
8 24 1 1 1 
5 3 1 11 9 6 
6 12 3 8 4 1 1 
2 30 3 
10 4 5 13 1 1 1 
30 2 1 2 
1 18 16 
1 1 30 2 1 
1 6 12 13 2 1 
27 5 3 
8 24 2 1 
1 18 16 
1 33 1 
2 21 10 1 1 
1 30 1 3 
21 3 10 1 
34 1 
2 14 9 9 1 
1 9 23 2 
2 1 19 6 2 1 2 1 1 
7 24 2 2 
1 25 3 4 1 1 
34 1 
5 29 1 
1 22 11 1 
1 10 8 13 3 
4 17 4 4 1 1 2 2 
19 2 13 1 
1 34 
34 1 
2 32 1 
1 10 22 2 
2 20 3 8 2 
1 13 7 13 1 
1 24 8 2 
1 15 17 2 
4 5 18 5 1 2 
6 13 1 1 7 2 1 1 1 2 
2 5 18 5 5 
1 22 12 
2 7 2 9 10 3 2 
1 32 2 
3 14 10 3 2 1 2 
2 25 4 3 1 
33 2 
2 33 
1 22 12 
6 24 5 
1 16 4 4 2 1 2 4 1 
1 28 3 2 1 
5 8 14 8 
21 10 4 
2 9 9 5 3 2 3 2 
6 9 12 8 
1 25 8 1 
1 3 22 9 
1 30 1 2 1 
1 9 23 2 
7 20 4 2 2 
2 20 10 2 1 
4 15 6 5 5 
1 27 3 2 2 
12 17 5 1 
19 12 2 2 
2 13 11 7 2 
1 19 9 1 4 1 
2 26 4 1 2 
1 33 1 
1 9 25 
8 19 3 2 3 
2 32 1 
2 31 2 
2 10 15 3 3 2 
2 33 
1 23 9 2 
3 30 2 
22 9 3 1 
1 7 9 15 3 
4 26 3 1 1 
1 21 5 5 2 1 
2 11 16 1 5 
19 5 1 1 3 3 2 1 
1 18 1 2 3 6 1 2 1 
1 23 11 
5 21 3 5 1 
1 20 4 3 6 1 
12 3 20 
1 18 11 1 4 
1 9 18 3 3 1 
10 20 2 3 
5 15 5 1 6 1 2 
1 8 16 5 3 2 
3 29 3 
33 2 
1 7 26 1 
1 17 2 13 1 1 
6 18 3 4 3 1 
12 10 10 3 
1 31 3 
1 15 18 1 
8 17 3 6 1 
1 10 8 7 6 2 1 
17 2 12 1 1 2 
7 26 1 1 
1 9 8 1 9 1 4 1 1 
1 24 1 1 5 3 
35 
4 22 3 2 1 1 1 1 
2 10 6 5 4 2 3 2 1 
5 29 1 
1 13 20 1 
1 28 1 4 1 
1 28 3 2 1 
2 4 13 1 4 1 3 6 1 
1 3 31 
11 17 7 
1 33 1 
7 26 1 1 
21 10 1 2 1 
32 3 
1 14 13 2 1 1 2 1 
34 1 
9 8 9 2 4 2 1 
1 30 3 1 
1 20 1 5 1 6 1 
6 2 5 21 1 
4 5 25 1 
1 17 11 3 2 1 
1 26 2 2 1 2 1 
8 15 3 9 
1 32 2 
3 31 1 
28 6 1 
33 1 1 
23 8 4 
7 11 11 3 3 
3 14 18 
24 1 8 2 
1 11 19 2 2 
1 13 18 1 1 1 
1 22 6 1 5 
1 18 2 6 1 7 
2 12 18 1 1 1 
3 3 23 3 2 1 
1 24 10 
1 15 19 
35 
7 1 2 1 7 2 5 4 2 1 1 1 1 
9 7 9 5 5 
1 27 1 5 1 
9 9 13 3 1 
1 2 20 2 5 4 1 
33 2 
1 12 20 1 1 
8 20 1 4 2 
20 8 3 2 2 
4 5 20 1 3 2 
1 12 20 1 1 
32 2 1 
1 14 8 4 7 1 
1 18 12 1 2 1 
5 14 11 3 2 
4 6 16 6 2 1 
34 1 
1 13 4 11 1 3 1 1 
2 7 11 15 
35 
1 23 11 
2 10 23 
3 22 9 1 
14 1 8 5 4 3 
1 34 
30 3 2 
1 6 28 
1 1 22 7 4 
11 14 4 5 1 
28 2 5 
2 28 5 
1 1 25 8 
1 10 9 8 2 4 1 
8 4 13 6 2 2 
4 31 
5 18 12 
9 6 7 1 11 1 
2 12 20 1 
5 24 3 2 1 
2 20 4 4 2 2 1 
32 1 1 1 
1 33 1 
16 17 2 
14 8 11 1 1 
6 11 14 4 
1 21 5 2 6 
1 16 18 
2 23 8 1 1 
1 9 2 8 9 2 3 1 
1 11 19 2 2 
1 17 4 13 
2 17 7 8 1 
1 34 
21 9 2 1 2 
1 18 5 8 2 1 
1 8 3 1 3 3 9 3 3 1 
3 3 25 2 2 
2 29 2 2 
1 27 7 
30 1 3 1 
1 26 2 5 1 
5 25 5 
4 1 26 4 
3 25 6 1 
31 2 2 
5 19 2 1 6 1 1 
34 1 
2 21 3 1 8 
1 2 16 9 3 2 1 1 
2 16 6 1 2 2 1 1 2 2 
1 20 14 
4 8 22 1 
1 1 12 17 3 1 
26 4 2 2 1 
2 6 13 7 6 1 
1 31 2 1 
1 9 11 3 4 3 4 
3 27 2 1 1 1 
1 33 1 
1 9 4 21 
7 15 4 7 1 1 
1 20 3 1 9 1 
1 4 4 15 11 
6 18 1 4 1 4 1 
19 3 10 1 1 1 
10 3 16 2 3 1 
1 20 12 2 
26 6 2 1 
1 10 12 10 1 1 
1 32 1 1 
1 31 2 1 
1 16 8 5 4 1 
1 21 12 1 
2 22 4 7 
3 13 19 
35 
2 10 16 2 3 2 
1 28 1 4 1 
7 24 4 
17 6 12 
1 6 11 5 4 6 2 
3 3 2 1 13 13 
35 
8 3 3 4 7 6 1 3 
1 34 
1 6 27 1 
3 7 13 8 3 1 
1 20 2 6 1 1 3 1 
1 24 6 4 
2 9 8 12 1 3 
2 2 4 3 19 1 4 
1 11 8 9 2 1 3 
13 21 1 
1 32 2 
3 4 17 1 4 3 3 
1 13 5 4 10 1 1 
34 1 
3 4 16 10 2 
5 18 3 3 3 3 
12 15 4 2 2 
29 2 4 
6 15 14 
14 5 9 1 5 1 
4 5 10 13 1 1 1 
14 12 3 3 2 1 
1 24 5 1 4 
1 4 29 1 
1 26 3 5 
4 30 1 
2 26 3 1 1 1 1 
5 1 7 2 8 9 2 1 
12 8 14 1 
1 5 13 14 2 
3 19 12 1 
19 1 8 1 2 1 1 2 
15 11 8 1 
9 5 13 3 1 3 1 
23 10 2 
1 17 4 9 4 
4 19 9 2 1 
2 10 23 
4 30 1 
1 1 8 11 12 2 
10 25 
3 3 26 2 1 
2 6 11 5 5 1 5 
15 14 5 1 
6 9 13 1 5 1 
1 15 16 1 1 1 
26 1 8 
33 1 1 
1 17 14 1 1 1 
3 24 3 4 1 
1 34 
3 15 12 1 3 1 
4 11 1 5 4 9 1 
3 25 6 1 
1 26 8 
21 2 5 2 1 4 
1 12 14 4 4 
13 19 3 
2 15 17 1 
3 8 15 8 1 
1 10 23 1 
21 14 
3 3 28 1 
35 
35 
1 25 7 2 
2 2 13 5 10 1 2 
1 1 18 12 3 
11 21 3 
1 3 13 8 3 1 3 1 1 1 
35 
1 1 15 17 1 
1 7 14 8 3 1 1 
2 16 13 4 
1 19 15 
3 9 14 3 5 1 
1 32 1 1 
1 20 14 
1 13 10 4 5 1 1 
33 1 1 
1 30 4 
28 1 5 1 
6 24 3 2 
4 3 25 3 
17 2 16 
4 15 4 10 1 1 
2 32 1 
17 4 9 5 
28 3 2 2 
17 13 2 3 
1 2 25 1 3 1 2 
4 10 7 6 3 3 2 
3 29 2 1 
1 24 2 3 5 
6 11 3 13 1 1 
1 18 1 15 
1 23 11 
2 27 6 
1 3 14 15 2 
1 29 5 
5 3 21 3 3 
11 24 
1 34 
1 8 6 4 2 6 5 1 2 
3 5 4 21 2 
33 2 
14 3 3 3 1 4 5 2 
9 23 1 1 1 
1 32 1 1 
1 6 15 2 10 1 
35 
16 7 2 4 1 1 2 1 1 
30 3 2 
28 6 1 
33 1 1 
8 19 7 1 
1 13 8 4 3 2 3 1 
2 16 1 1 6 4 4 1 
15 1 13 2 4 
5 22 6 1 1 
2 22 11 
23 10 1 1 
2 1 22 8 2 
1 27 5 2 
7 3 2 1 18 4 
1 5 13 1 13 1 1 
6 14 7 1 1 6 
1 34 
2 24 2 6 1 
1 5 26 3 
2 32 1 
2 6 7 15 5 
4 24 3 4 
35 
1 14 19 1 
5 25 5 
2 15 3 11 4 
33 2 
12 17 6 
12 3 18 1 1 
34 1 
2 24 6 2 1 
13 21 1 
5 6 14 10 
2 24 5 1 3 
8 6 2 11 7 1 
26 7 1 1 
15 12 7 1 
1 32 2 
2 28 4 1 
8 15 2 7 3 
2 17 9 6 1 
1 23 3 6 2 
3 4 22 5 1 
2 16 9 8 
1 27 7 
6 23 6 
18 9 8 
3 16 6 10 
2 4 23 3 3 
5 29 1 
3 13 9 5 5 
35 
7 24 4 
1 27 7 
1 19 8 7 
2 28 5 
1 10 10 4 8 2 
2 15 9 4 5 
2 8 1 17 4 2 1 
3 20 10 2 
27 8 
1 24 8 2 
1 2 17 3 1 4 3 2 2 
2 27 5 1 
19 3 11 1 1 
34 1 
22 13 
5 9 21 
1 13 12 9 
29 3 1 1 1 
1 25 7 2 
1 10 24 
2 18 3 11 1 
35 
1 9 1 14 1 3 1 3 2 
1 32 2 
1 16 16 2 
2 24 1 7 1 
1 29 1 4 
1 10 10 13 1 
8 26 1 
9 8 11 2 2 1 1 1 
7 2 11 7 1 1 4 1 1 
10 1 16 7 1 
1 1 5 2 15 8 3 
35 
25 10 
2 15 17 1 
17 5 13 
1 9 13 7 2 2 1 
30 3 2 
3 26 5 1 
3 23 5 1 1 1 1 
1 20 5 5 4 
12 16 6 1 
21 8 6 
1 25 7 1 1 
1 22 12 
8 5 4 4 8 5 1 
2 3 1 7 19 2 1 
1 32 2 
1 1 31 2 
1 21 5 3 1 1 1 2 
2 23 4 1 3 2 
1 28 6 
1 11 2 21 
4 28 3 
3 18 4 3 7 
35 
35 
2 18 7 2 5 1 
1 27 1 6 
2 29 4 
3 29 2 1 
9 23 3 
4 8 23 
1 15 6 5 3 3 1 1 
10 16 8 1 
10 16 1 8 
20 4 3 2 1 4 1 
1 27 2 1 2 1 1 
28 4 3 
1 34 
6 10 10 5 3 1 
1 33 1 
5 6 3 1 13 3 3 1 
1 25 9 
15 14 4 2 
1 8 17 4 1 1 1 2 
3 10 18 3 1 
2 17 13 2 1 
5 7 7 5 8 3 
4 24 7 
14 1 13 5 1 1 
11 4 9 2 6 1 2 
2 33 
2 9 6 18 
4 24 7 
1 14 6 3 1 7 1 1 1 
16 11 3 3 1 1 
3 6 10 6 5 3 2 
7 25 1 2 
16 14 2 2 1 
1 33 1 
5 22 3 3 2 
22 8 1 1 1 1 1 
15 10 3 3 3 1 
2 20 6 1 4 2 
1 22 4 3 5 
10 20 5 
1 5 5 10 8 2 1 2 1 
12 10 2 1 1 2 4 2 1 
33 2 
35 
1 18 13 3 
1 26 5 2 1 
34 1 
32 2 1 
2 29 2 1 1 
22 6 7 
24 9 2 
2 6 20 6 1 
2 23 1 3 4 1 1 
3 30 2 
1 31 2 1 
1 12 21 1 
1 4 21 1 8 
1 27 2 2 3 
2 1 13 7 2 4 2 3 1 
2 6 4 13 8 1 1 
1 8 7 10 2 6 1 
1 28 6 
2 24 9 
2 28 3 2 
32 2 1 
1 3 31 
1 12 3 16 3 
3 21 7 1 3 
7 21 1 1 5 
34 1 
2 24 1 5 3 
6 6 6 9 3 4 1 
1 25 4 4 1 
2 2 21 2 5 2 1 
1 21 7 6 
4 25 5 1 
4 26 2 2 1 
3 10 8 1 1 5 3 4 
11 22 1 1 
1 22 4 2 6 
6 4 25 
1 21 3 3 4 1 1 1 
1 31 2 1 
1 10 1 19 2 2 
4 6 16 8 1 
1 30 4 
1 28 6 
12 2 20 1 
22 10 3 
1 7 21 1 1 4 
2 19 14 
31 1 1 1 1 
17 1 8 2 5 2 
2 15 9 4 5 
2 32 1 
1 21 13 
1 25 4 5 
4 31 
15 13 7 
14 11 4 5 1 
35 
2 26 5 2 
2 25 2 1 5 
2 6 16 5 6 
29 2 4 
34 1 
18 15 2 
1 29 5 
1 13 4 2 6 4 5 
4 28 2 1 
17 12 5 1 
25 6 4 
3 28 4 
1 11 12 6 2 1 2 
1 12 17 1 1 2 1 
1 11 23 
19 11 4 1 
8 15 2 6 1 2 1 
3 30 2 
4 6 2 11 12 
5 27 3 
28 2 3 2 
13 8 4 6 4 
2 32 1 
1 27 7 
1 19 13 2 
9 25 1 
21 14 
5 27 2 1 
2 11 8 10 2 1 1 
1 5 14 8 7 
1 18 15 1 
2 25 1 4 2 1 
19 15 1 
8 23 4 
1 6 14 2 5 3 1 1 2 
1 34 
17 4 5 4 5 
1 32 1 1 
4 22 9 
2 7 26 
12 16 4 2 1 
21 12 2 
6 23 1 5 
3 30 2 
1 26 8 
8 17 6 4 
3 11 14 1 2 4 
1 22 11 1 
1 28 3 2 1 
1 1 31 1 1 
3 4 19 4 1 1 1 1 1 
1 12 22 
1 34 
1 1 15 2 10 5 1 
1 25 8 1 
1 32 2 
1 21 8 2 1 1 1 
4 25 2 3 1 
6 2 24 1 1 1 
17 17 1 
12 2 8 10 3 
2 17 13 2 1 
1 31 1 2 
1 17 1 1 8 1 1 2 3 
1 34 
2 1 23 4 2 1 1 1 
1 1 6 22 3 2 
6 21 8 
20 8 4 1 1 1 
2 14 5 1 5 6 1 1 
2 9 19 1 1 1 2 
7 24 3 1 
3 14 17 1 
2 23 5 3 1 1 
7 13 4 10 1 
9 20 4 1 1 
3 15 14 2 1 
1 22 2 4 2 1 2 1 
14 5 12 3 1 
6 14 15 
2 21 9 3 
6 23 1 1 4 
11 5 5 12 2 
1 19 5 8 1 1 
1 16 18 
1 18 16 
2 13 12 4 3 1 
33 1 1 
1 31 1 1 1 
34 1 
13 19 3 
1 14 13 2 1 2 2 
1 18 6 9 1 
1 17 1 13 2 1 
1 18 6 2 1 5 1 1 
25 9 1 
1 21 4 4 2 2 1 
1 28 1 2 2 1 
35 
3 15 12 1 1 3 
8 3 23 1 
5 17 7 5 1 
1 24 8 2 
27 3 4 1 
6 16 9 3 1 
2 29 4 
1 23 7 2 2 
35 
1 30 4 
1 14 18 2 
8 22 5 
2 6 9 15 2 1 
2 4 27 2 
4 1 3 18 9 
3 30 2 
10 9 12 3 1 
12 18 5 
1 16 1 4 8 4 1 
3 24 2 1 3 1 1 
3 13 5 4 4 2 3 1 
3 27 4 1 
1 5 15 5 4 5 
1 31 3 
35 
14 16 2 2 1 
5 7 22 1 
1 17 1 6 4 6 
1 23 7 4 
5 4 21 2 1 2 
1 31 2 1 
2 22 2 3 5 1 
3 6 2 3 9 4 7 1 
7 5 1 6 1 11 1 1 1 1 
12 1 17 1 2 1 1 
1 16 10 7 1 
1 16 6 9 2 1 
9 3 5 12 5 1 
1 1 8 15 5 2 3 
2 25 6 2 
31 4 
5 17 10 3 
3 18 1 12 1 
6 13 10 6 
12 23 
1 18 11 2 2 1 
1 20 6 5 1 1 1 
2 30 3 
1 25 8 1 
1 30 4 
29 6 
3 9 21 2 
3 7 23 1 1 
4 9 19 2 1 
1 10 18 2 4 
2 2 20 2 2 6 1 
35 
22 11 1 1 
5 10 7 8 3 2 
1 1 18 13 2 
1 26 7 1 
5 1 24 1 2 2 
1 18 8 1 1 6 
4 22 6 2 1 
1 2 14 11 1 4 2 
2 19 10 4 
9 18 8 
3 14 10 7 1 
9 7 15 1 1 1 1 
6 12 10 5 2 
1 31 2 1 
35 
4 17 4 4 1 2 2 1 
1 2 29 2 1 
32 1 2 
5 27 1 1 1 
2 29 3 1 
2 3 1 4 3 2 4 1 8 1 4 2 
22 12 1 
9 26 
1 32 2 
31 4 
1 11 11 12 
1 8 8 15 2 1 
1 18 7 2 5 1 1 
20 15 
1 29 5 
2 28 2 2 1 
35 
1 8 17 5 2 2 
2 18 3 10 2 
1 33 1 
1 8 19 4 3 
11 8 16 
15 5 9 1 4 1 
7 23 2 3 
5 3 7 18 2 
1 26 8 
2 28 4 1 
20 6 8 1 
10 24 1 
3 1 9 21 1 
3 5 27 
1 14 20 
23 1 4 7 
34 1 
3 10 18 4 
21 9 3 1 1 
1 9 14 9 2 
1 18 4 2 1 2 6 1 
20 5 10 
1 17 2 12 3 
4 1 23 3 4 
4 28 3 
5 29 1 
3 3 17 11 1 
33 1 1 
10 3 14 4 1 1 2 
1 13 1 19 1 
11 14 1 9 
2 4 17 12 
3 30 2 
35 
1 34 
5 27 1 2 
2 5 4 17 1 2 2 2 
8 6 19 1 1 
2 30 2 1 
1 18 13 1 2 
5 29 1 
7 1 4 9 12 1 1 
1 13 3 16 1 1 
1 27 7 
14 14 1 6 
3 18 10 1 1 2 
3 8 17 6 1 
2 19 14 
33 1 1 
5 26 1 1 2 
31 1 1 2 
35 
1 5 1 3 25 
2 24 3 2 1 1 1 1 
7 21 6 1 
1 2 31 1 
1 33 1 
1 6 10 3 10 2 1 2 
2 18 5 7 3 
8 24 3 
1 12 5 17 
2 16 4 1 12 
19 6 4 4 1 1 
30 2 2 1 
1 3 31 
3 21 3 6 1 1 
6 20 2 4 3 
14 6 9 2 4 
1 18 3 10 3 
2 23 9 1 
1 29 5 
1 10 11 8 3 1 1 
1 30 3 1 
1 20 3 3 6 1 1 
1 23 3 3 3 2 
1 21 13 
14 8 9 4 
4 23 4 2 1 1 
25 4 1 3 1 1 
10 19 6 
2 4 27 2 
1 32 2 
7 8 17 2 1 
1 27 3 1 3 
4 8 8 7 4 3 1 
23 8 1 1 2 
22 6 2 4 1 
24 4 1 1 4 1 
6 20 9 
4 12 3 7 7 2 
1 14 6 8 2 1 3 
6 20 6 3 
1 19 5 3 2 1 4 
5 6 14 8 1 1 
1 14 4 13 1 1 1 
10 12 11 1 1 
19 6 6 2 2 
1 21 9 4 
18 8 8 1 
1 24 5 1 1 1 1 1 
1 6 28 
1 4 15 2 9 1 3 
2 7 15 6 1 4 
3 18 1 11 1 1 
11 1 7 4 12 
12 6 6 6 4 1 
1 26 5 1 2 
6 8 19 1 1 
1 31 1 2 
1 25 8 1 
1 28 3 3 
1 17 8 1 3 2 2 1 
1 1 30 3 
6 5 4 9 8 3 
1 24 1 5 2 2 
1 22 7 2 2 1 
7 17 8 2 1 
35 
30 2 1 1 1 
2 8 4 4 16 1 
3 6 2 7 14 1 2 
1 21 10 1 2 
1 18 14 2 
2 21 4 8 
5 6 9 10 5 
30 4 1 
12 3 5 8 2 4 1 
1 8 2 20 2 2 
1 23 5 5 1 
22 4 6 2 1 
1 34 
1 7 4 8 7 6 2 
3 30 2 
2 3 27 1 1 1 
9 9 14 3 
5 3 9 7 1 5 1 2 1 1 
2 12 19 1 1 
1 9 14 11 
11 23 1 
1 8 19 6 1 
1 22 3 9 
1 3 7 24 
5 12 2 16 
3 13 18 1 
13 16 6 
9 18 7 1 
27 3 5 
34 1 
20 2 11 1 1 
1 23 8 1 1 1 
33 1 1 
10 16 4 2 2 1 
14 18 3 
30 2 1 2 
3 17 12 1 1 1 
1 27 6 1 
11 13 7 4 
15 15 5 
1 10 21 2 1 
5 29 1 
7 5 4 11 4 1 2 1 
5 26 4 
1 25 6 2 1 
3 18 1 4 5 3 1 
1 19 1 10 4 
1 17 17 
27 2 2 1 3 
7 3 17 7 1 
5 9 15 2 1 3 
1 3 31 
1 30 2 2 
1 20 10 2 1 1 
1 2 30 2 
27 8 
14 21 
31 3 1 
1 23 10 1 
13 7 5 8 2 
20 4 2 4 2 1 1 1 
1 17 4 2 11 
2 8 11 6 4 3 1 
1 31 3 
2 18 1 12 2 
1 22 11 1 
3 27 3 2 
16 4 5 4 2 2 1 1 
2 2 25 3 3 
11 12 8 1 2 1 
5 22 5 1 1 1 
3 4 4 13 5 5 1 
1 14 14 3 3 
10 8 12 2 2 1 
9 10 9 7 
1 33 1 
1 20 14 
4 8 1 21 1 
1 31 1 1 1 
35 
1 28 5 1 
4 26 5 
1 27 5 1 1 
1 19 15 
1 1 5 11 2 1 1 3 7 1 2 
1 21 8 3 2 
1 21 7 3 1 1 1 
14 18 1 1 1 
12 2 21 
10 9 11 2 1 1 1 
3 29 3 
29 5 1 
1 32 1 1 
1 29 5 
12 23 
35 
1 11 13 7 3 
3 17 15 
2 28 5 
29 1 2 2 1 
10 7 3 5 3 5 1 1 
5 10 15 2 3 
8 20 5 1 1 
1 19 13 1 1 
8 6 17 3 1 
1 3 31 
10 18 5 2 
2 30 2 1 
2 31 2 
6 7 2 20 
33 2 
35 
1 5 1 13 12 1 2 
10 1 2 22 
8 7 4 10 5 1 
1 23 7 4 
1 17 7 7 2 1 
9 17 1 7 1 
14 6 8 7 
2 31 1 1 
1 25 3 4 2 
21 5 1 7 1 
12 9 10 4 
4 26 1 3 1 
2 21 12 
2 23 10 
11 1 1 21 1 
27 1 4 2 1 
32 1 2 
16 8 1 2 2 1 4 1 
1 33 1 
1 9 2 20 3 
6 4 18 2 5 
3 5 20 3 1 2 1 
1 25 2 6 1 
25 6 2 1 1 
1 31 1 2 
2 4 26 2 1 
1 20 14 
19 10 5 1 
32 1 2 
1 29 3 1 1 
1 2 31 1 
1 15 2 13 4 
25 8 1 1 
10 22 1 1 1 
1 19 7 5 3 
34 1 
1 14 14 3 1 1 1 
4 29 2 
1 13 21 
1 34 
1 21 13 
1 26 8 
2 32 1 
1 6 1 9 12 2 2 2 
2 14 4 12 1 1 1 
6 9 17 2 1 
7 26 1 1 
4 25 5 1 
3 23 4 2 2 1 
1 24 2 5 1 1 1 
1 14 5 6 1 1 6 1 
19 12 3 1 
4 28 1 2 
1 10 11 4 1 1 4 2 1 
1 2 1 1 1 23 1 4 1 
5 3 4 22 1 
1 6 21 6 1 
2 15 3 12 2 1 
27 4 2 2 
21 5 4 4 1 
5 3 12 5 3 2 5 
4 28 2 1 
1 9 2 6 1 2 9 4 1 
1 4 12 5 4 6 2 1 
12 2 2 4 13 2 
1 20 11 2 1 
1 13 4 8 7 2 
1 16 18 
19 16 
1 16 1 1 3 1 4 1 5 1 1 
1 31 3 
1 1 25 2 1 5 
2 16 12 5 
1 2 21 8 2 1 
1 3 9 14 6 2 
1 27 6 1 
1 9 25 
1 27 1 4 1 1 
19 1 15 
2 1 18 12 2 
1 26 2 2 3 1 
2 8 22 2 1 
1 14 2 13 1 3 1 
32 3 
1 22 12 
1 31 2 1 
2 27 1 1 4 
4 21 1 8 1 
11 24 
2 27 5 1 
24 3 5 3 
26 1 2 6 
6 8 16 5 
1 14 3 11 3 3 
19 3 2 7 4 
1 9 6 4 5 6 4 
4 5 16 1 5 1 3 
10 16 7 1 1 
24 7 2 2 
4 20 5 2 1 3 
1 3 10 11 8 1 1 
1 19 1 4 9 1 
1 16 18 
26 4 3 1 1 
9 5 17 4 
9 6 9 2 4 4 1 
1 31 1 2 
1 15 6 9 4 
1 31 1 1 1 
8 23 4 
14 4 2 6 3 6 
13 19 3 
1 31 3 
1 17 1 12 1 2 1 
1 11 9 1 3 4 5 1 
2 3 26 4 
6 13 13 2 1 
5 30 
1 11 18 2 2 1 
1 21 12 1 
4 28 3 
2 1 20 1 9 2 
1 13 14 1 5 1 
1 18 16 
1 29 3 2 
28 1 4 2 
1 25 9 
1 21 12 1 
2 15 6 1 8 2 1 
1 13 21 
1 16 8 7 3 
2 32 1 
3 17 6 8 1 
2 12 14 6 1 
3 22 9 1 
3 13 5 5 5 3 1 
1 22 4 3 1 3 1 
7 27 1 
14 20 1 
11 12 1 10 1 
2 3 7 18 1 3 1 
1 28 4 2 
2 28 3 2 
1 29 4 1 
5 11 9 6 1 1 2 
22 6 5 1 1 
1 33 1 
21 3 3 6 2 
3 15 15 1 1 
2 32 1 
33 1 1 
5 18 12 
2 15 8 8 2 
1 17 8 6 3 
33 2 
3 25 3 3 1 
1 16 7 5 4 2 
1 3 2 29 
1 23 10 1 
1 31 1 2 
1 29 3 1 1 
29 6 
1 9 23 2 
2 11 15 3 3 1 
4 21 1 4 1 4 
2 19 7 3 4 
16 1 6 4 1 1 5 1 
1 27 7 
2 7 20 6 
3 31 1 
2 6 12 3 11 1 
2 23 5 4 1 
1 16 9 2 6 1 
10 4 15 6 
5 11 13 1 1 2 1 1 
1 5 28 1 
1 25 2 6 1 
34 1 
15 10 5 1 3 1 
1 4 10 7 6 2 3 2 
29 5 1 
2 18 15 
1 4 15 14 1 
28 4 3 
3 32 
11 24 
1 13 11 4 2 4 
1 4 19 3 5 1 2 
2 19 13 1 
1 12 5 11 1 3 1 1 
1 16 15 3 
1 20 11 1 1 1 
5 15 14 1 
1 3 26 1 4 
35 
4 9 10 10 2 
34 1 
1 31 3 
4 6 21 4 
17 4 14 
1 24 10 
2 5 24 3 1 
1 34 
1 16 7 7 2 2 
2 23 4 1 3 2 
1 21 9 3 1 
4 8 23 
21 5 2 3 4 
2 26 7 
6 11 10 2 6 
23 11 1 
1 2 17 15 
1 24 7 1 1 1 
3 24 1 3 3 1 
1 4 18 10 1 1 
1 22 8 2 2 
1 16 10 7 1 
1 5 17 1 4 6 1 
2 4 20 8 1 
3 31 1 
2 11 2 19 1 
1 14 20 
5 14 3 10 3 
1 24 4 4 2 
6 27 1 1 
1 25 1 2 5 1 
35 
13 7 13 2 
1 7 5 22 
4 18 1 3 2 2 2 1 2 
3 11 3 7 10 1 
2 9 24 
1 28 2 4 
1 30 1 3 
1 4 2 23 3 1 1 
1 18 1 7 8 
18 15 2 
3 31 1 
12 7 16 
35 
19 1 9 2 4 
7 7 6 4 7 1 3 
2 25 5 1 2 
35 
1 30 2 2 
2 8 8 4 11 2 
1 28 2 3 1 
1 12 16 6 
1 26 3 5 
1 5 21 6 2 
2 13 20 
2 10 19 2 1 1 
4 28 2 1 
34 1 
27 7 1 
16 18 1 
8 27 
2 27 5 1 
24 6 5 
1 2 12 10 2 2 4 2 
35 
1 24 7 2 1 
1 26 8 
4 2 11 6 8 2 2 
2 26 3 3 1 
1 24 1 1 7 1 
18 6 1 2 8 
1 9 16 1 5 2 1 
2 5 14 3 8 2 1 
9 26 
35 
13 20 2 
1 26 1 1 2 2 1 1 
4 12 17 2 
2 20 5 8 
2 26 7 
1 16 5 9 4 
1 6 28 
2 32 1 
25 5 5 
2 19 10 4 
2 8 3 9 2 2 4 3 1 1 
16 5 7 4 3 
3 2 14 9 3 4 
3 12 10 1 2 1 2 4 
2 1 3 28 1 
1 27 7 
20 12 2 1 
2 10 23 
1 23 8 3 
2 2 8 1 2 10 1 6 1 2 
1 29 3 1 1 
4 14 17 
2 15 5 10 2 1 
35 
3 4 15 2 10 1 
2 17 15 1 
1 11 5 13 4 1 
2 1 19 1 9 3 
2 22 2 4 4 1 
1 11 3 7 4 2 6 1 
2 31 1 1 
5 27 2 1 
1 27 7 
10 7 1 17 
10 24 1 
1 26 7 1 
3 7 21 3 1 
1 25 9 
1 15 17 1 1 
2 27 3 1 1 1 
1 6 2 1 3 9 3 1 4 2 2 1 
34 1 
1 17 4 7 1 1 4 
2 19 4 5 1 2 1 1 
21 8 5 1 
6 21 5 2 1 
13 19 3 
6 16 13 
4 30 1 
1 31 1 2 
1 22 9 1 1 1 
16 8 3 1 6 1 
10 19 4 2 
1 14 2 17 1 
1 24 10 
1 17 10 4 2 1 
1 8 26 
32 2 1 
1 2 24 8 
3 1 30 1 
1 29 4 1 
3 30 2 
2 4 15 1 13 
4 25 1 5 
31 2 2 
1 13 18 3 
15 20 
7 13 5 5 5 
24 7 1 2 1 
8 4 10 1 12 
1 6 1 11 11 4 1 
5 25 4 1 
1 27 3 2 1 1 
4 16 3 3 5 1 2 1 
4 24 5 1 1 
1 18 12 4 
3 11 3 17 1 
2 24 7 2 
18 2 13 2 
25 10 
4 12 7 10 2 
12 2 21 
24 1 4 6 
5 4 26 
8 12 8 7 
4 13 13 4 1 
1 23 1 8 1 1 
6 27 2 
1 21 12 1 
1 19 13 1 1 
2 28 5 
6 2 26 1 
2 11 22 
1 31 2 1 
1 30 1 1 1 1 
1 7 9 4 3 2 3 1 3 2 
1 3 6 25 
2 23 7 2 1 
1 4 5 25 
4 1 25 3 2 
18 17 
2 15 11 7 
5 16 13 1 
6 24 4 1 
3 23 4 1 3 1 
4 10 19 2 
7 13 15 
1 8 22 4 
1 13 8 12 1 
7 21 6 1 
3 12 12 4 3 1 
1 30 3 1 
33 2 
7 12 6 9 1 
4 14 17 
1 13 13 6 1 1 
6 12 10 4 1 2 
3 5 5 2 11 6 1 2 
1 1 5 2 3 10 4 8 1 
31 1 2 1 
1 25 8 1 
14 11 1 3 6 
3 10 22 
8 24 3 
4 14 11 5 1 
1 6 2 8 17 1 
35 
1 34 
1 18 8 2 1 1 3 1 
3 21 5 3 1 1 1 
16 16 2 1 
28 2 5 
1 19 7 7 1 
1 15 14 4 1 
5 22 8 
3 31 1 
7 12 6 5 1 2 2 
31 1 3 
1 29 4 1 
1 5 12 1 6 10 
1 28 5 1 
1 33 1 
1 29 4 1 
3 17 12 3 
1 16 8 2 1 6 1 
1 29 4 1 
1 29 5 
32 3 
2 15 1 2 2 12 1 
1 15 9 8 1 1 
2 28 3 1 1 
7 17 2 5 3 1 
14 4 12 2 1 2 
1 32 1 1 
2 14 8 2 6 2 1 
21 5 5 1 1 1 1 
2 28 1 2 1 1 
1 28 1 4 1 
29 5 1 
1 2 17 2 9 1 2 1 
1 33 1 
1 5 1 18 7 1 1 1 
1 19 15 
31 3 1 
1 32 1 1 
4 26 2 3 
1 2 25 1 1 2 3 
1 20 6 7 1 
1 13 19 2 
4 16 5 6 4 
6 19 2 7 1 
18 6 10 1 
2 1 5 12 10 2 1 2 
15 4 1 8 2 1 1 1 1 1 
4 23 2 1 3 1 1 
25 10 
3 28 4 
4 9 3 12 3 3 1 
10 5 3 1 2 3 8 2 1 
12 18 4 1 
1 34 
1 20 9 1 2 1 1 
1 26 1 2 5 
1 4 9 7 3 5 6 
1 23 5 2 3 1 
8 10 5 12 
3 2 2 4 4 20 
2 28 2 2 1 
4 7 7 14 2 1 
11 18 1 5 
1 18 16 
5 22 3 4 1 
1 21 11 1 1 
2 19 7 7 
1 29 2 3 
4 30 1 
1 13 17 2 2 
1 25 9 
4 16 4 7 3 1 
5 2 28 
6 11 8 1 9 
4 15 7 7 1 1 
13 8 6 4 4 
6 11 12 4 2 
16 7 6 4 2 
11 16 8 
1 14 5 4 2 3 6 
6 12 15 1 1 
1 1 31 1 1 
2 19 11 3 
1 24 5 1 1 1 2 
4 2 14 5 2 2 1 2 2 1 
1 3 6 25 
1 32 2 
2 6 11 4 4 1 2 4 1 
14 19 1 1 
1 21 7 4 2 
6 10 3 2 10 1 3 
26 9 
1 3 25 2 2 2 
1 12 17 4 1 
1 16 9 6 3 
4 22 1 1 3 4 
3 6 1 11 2 5 2 2 1 1 1 
16 7 4 2 3 3 
23 7 5 
1 25 6 2 1 
17 17 1 
1 33 1 
35 
1 34 
1 8 2 1 19 1 3 
1 27 7 
34 1 
2 2 29 2 
8 13 7 5 2 
18 1 11 1 4 
1 22 9 1 2 
7 19 7 2 
1 19 15 
2 22 11 
3 18 7 3 2 1 1 
2 24 4 5 
2 15 6 10 2 
1 31 1 1 1 
1 15 15 2 1 1 
1 20 5 5 4 
12 10 12 1 
35 
9 7 7 6 3 3 
31 3 1 
2 20 12 1 
5 20 10 
5 16 14 
1 17 15 2 
10 12 11 2 
3 3 23 3 2 1 
23 6 6 
1 33 1 
3 13 16 2 1 
1 5 7 5 4 1 9 3 
5 25 4 1 
31 2 2 
10 15 5 4 1 
18 11 6 
1 20 5 4 1 2 2 
4 21 5 4 1 
1 32 2 
1 18 8 2 1 2 2 1 
11 20 1 1 1 1 
2 27 6 
3 26 6 
35 
1 10 8 14 2 
3 13 6 10 1 2 
1 34 
3 13 19 
35 
1 6 8 10 5 3 2 
2 29 2 1 1 
23 1 1 1 5 4 
6 14 1 5 5 1 3 
5 16 2 2 4 3 1 2 
5 15 5 6 4 
1 31 3 
1 24 5 1 2 2 
4 27 1 1 1 1 
2 3 6 19 3 1 1 
31 4 
2 3 22 2 3 1 1 1 
23 3 2 4 3 
1 32 1 1 
1 11 11 11 1 
10 1 23 1 
2 7 21 3 2 
2 15 2 13 2 1 
16 5 10 1 2 1 
1 32 2 
1 3 5 10 6 7 2 1 
3 15 6 3 8 
5 20 4 6 
1 4 2 17 11 
1 2 24 4 2 2 
1 17 4 12 1 
8 14 13 
1 21 3 3 4 2 1 
1 13 16 5 
3 6 6 5 5 6 1 1 1 1 
2 15 7 8 3 
7 13 2 12 1 
1 17 8 5 2 2 
27 2 6 
1 32 2 
14 18 3 
35 
18 2 5 8 2 
13 11 6 1 4 
1 18 3 9 3 1 
3 32 
25 1 1 4 4 
2 3 17 12 1 
18 17 
10 12 10 2 1 
1 30 3 1 
1 8 24 2 
1 19 2 12 1 
2 30 2 1 
1 27 5 2 
1 14 11 2 5 1 1 
6 2 26 1 
3 24 5 1 1 1 
2 4 28 1 
1 6 27 1 
1 18 6 4 3 3 
31 3 1 
1 2 25 5 1 1 
1 26 2 5 1 
3 14 18 
1 14 8 12 
8 27 
5 25 5 
4 28 3 
1 13 9 10 1 1 
7 3 14 2 8 1 
12 15 8 
4 21 4 2 4 
35 
5 12 7 7 4 
2 1 13 6 8 2 3 
33 1 1 
28 1 3 1 1 1 
2 20 6 5 1 1 
1 9 25 
29 2 3 1 
1 29 1 2 1 1 
1 3 23 8 
1 2 13 9 7 1 1 1 
2 6 5 3 19 
1 31 3 
5 14 6 7 2 1 
1 5 4 2 19 1 3 
1 31 3 
1 21 6 1 1 2 1 2 
10 14 8 2 1 
2 31 1 1 
2 28 2 3 
1 24 2 7 1 
1 18 3 5 1 1 1 5 
11 11 1 11 1 
2 12 8 6 1 1 2 2 1 
1 23 7 3 1 
1 4 28 1 1 
1 21 2 5 2 2 2 
34 1 
35 
34 1 
6 11 11 5 2 
1 16 13 1 3 1 
32 2 1 
8 13 12 1 1 
8 18 6 1 2 
2 4 22 6 1 
7 2 15 11 
1 31 3 
1 8 5 10 1 2 6 2 
1 30 4 
11 22 2 
1 3 20 5 5 1 
1 27 1 5 1 
3 27 1 2 2 
1 34 
3 15 3 10 3 1 
2 27 6 
3 23 1 3 2 3 
1 12 4 16 1 1 
1 6 28 
1 20 9 4 1 
2 21 11 1 
1 8 23 1 2 
31 4 
23 5 5 1 1 
31 4 
2 14 19 
1 33 1 
1 2 23 7 1 1 
2 30 2 1 
1 12 13 4 2 3 
1 24 3 4 1 1 1 
1 15 16 1 2 
7 14 11 2 1 
1 27 1 4 2 
15 17 3 
3 25 2 2 2 1 
15 10 4 3 2 1 
1 10 15 5 4 
1 14 18 2 
8 18 2 3 2 1 1 
1 23 2 3 3 1 2 
1 12 5 9 2 1 2 1 1 1 
1 11 13 9 1 
1 20 13 1 
14 19 1 1 
2 2 25 4 1 1 
2 19 4 6 2 1 1 
7 28 
1 22 6 5 1 
9 4 22 
1 19 10 2 1 1 1 
35 
14 19 2 
1 29 1 4 
1 2 19 7 6 
1 29 3 2 
3 6 24 1 1 
33 1 1 
1 19 15 
12 16 7 
3 12 14 2 4 
2 15 1 11 1 1 2 1 1 
21 1 3 3 4 1 1 1 
1 8 14 9 2 1 
2 12 11 1 5 1 1 1 1 
14 1 6 5 8 1 
21 10 1 1 1 1 
2 3 5 16 9 
1 19 3 9 2 1 
2 33 
10 21 1 3 
11 22 1 1 
1 21 12 1 
4 13 17 1 
27 5 1 2 
1 10 4 2 12 1 3 1 1 
1 4 7 19 3 1 
4 25 1 2 3 
25 9 1 
31 4 
30 5 
1 30 2 1 1 
33 2 
5 28 1 1 
7 19 2 4 2 1 
1 10 17 4 2 1 
35 
2 30 3 
1 26 8 
1 15 7 7 2 3 
1 21 13 
1 13 6 1 11 3 
1 7 4 23 
1 7 3 23 1 
1 10 10 7 7 
3 21 7 2 2 
4 14 7 5 1 2 2 
1 27 5 2 
25 8 1 1 
2 2 17 8 1 1 3 1 
3 16 3 12 1 
1 15 5 3 1 2 7 1 
1 15 5 7 6 1 
1 28 3 3 
1 21 13 
14 11 6 1 2 1 
1 14 20 
1 15 7 12 
2 31 1 1 
1 23 2 4 4 1 
9 23 1 1 1 
34 1 
5 16 3 7 2 2 
22 13 
6 10 9 7 2 1 
1 33 1 
1 5 2 8 5 9 1 2 2 
1 26 5 1 1 1 
7 5 9 1 7 2 2 1 1 
19 16 
25 8 1 1 
4 1 1 9 20 
5 13 15 2 
9 14 7 1 1 2 1 
35 
18 3 12 2 
5 27 2 1 
1 4 15 15 
9 8 2 3 12 1 
3 9 16 4 2 1 
1 33 1 
1 27 7 
1 31 3 
3 5 5 19 3 
6 12 14 3 
5 26 2 2 
2 14 7 7 5 
10 19 1 3 2 
6 26 2 1 
2 13 13 4 3 
1 31 3 
20 15 
3 7 25 
1 6 28 
1 29 2 1 1 1 
2 26 7 
3 24 2 4 1 1 
11 13 5 3 1 1 1 
7 18 1 8 1 
1 24 10 
2 4 2 1 9 12 1 2 2 
2 2 14 5 11 1 
11 20 1 1 2 
1 19 15 
10 23 1 1 
13 13 7 1 1 
33 1 1 
1 7 19 5 1 1 1 
2 20 13 
1 34 
1 12 15 4 3 
5 16 2 1 3 5 2 1 
5 25 1 4 
1 4 14 15 1 
1 24 10 
16 1 13 3 2 
1 2 21 9 1 1 
3 25 3 1 1 1 1 
3 24 3 1 4 
1 30 1 1 2 
2 2 7 8 6 3 7 
2 33 
1 31 3 
29 2 2 1 1 
5 30 
7 18 10 
1 24 5 3 1 1 
1 8 10 11 1 2 2 
1 12 20 2 
17 17 1 
2 33 
30 3 1 1 
7 2 18 4 2 1 1 
1 34 
2 33 
5 6 19 5 
6 29 
21 5 2 7 
1 7 9 11 1 3 1 1 1 
26 9 
11 3 8 11 1 1 
2 16 17 
17 11 4 3 
1 7 5 14 1 6 1 
9 4 5 12 5 
22 13 
4 19 7 4 1 
26 5 1 1 1 1 
5 1 28 1 
2 33 
11 17 7 
1 5 3 13 1 5 2 1 2 1 1 
17 2 7 3 5 1 
4 24 6 1 
21 8 6 
1 16 8 2 5 3 
4 19 3 2 2 5 
1 8 6 1 7 11 1 
1 6 18 10 
1 23 10 1 
1 21 7 4 2 
18 15 2 
1 6 28 
3 26 5 1 
1 26 5 1 1 1 
1 34 
3 12 18 2 
2 5 22 2 1 1 2 
35 
27 2 5 1 
1 2 22 1 3 2 1 3 
1 12 21 1 
24 1 6 3 1 
2 2 16 9 3 3 
1 2 32 
1 24 3 4 1 2 
2 13 7 5 4 1 3 
9 7 5 8 6 
1 10 23 1 
12 21 2 
2 23 10 
1 12 9 6 3 2 1 1 
1 9 16 3 6 
16 7 11 1 
30 4 1 
27 1 2 3 1 1 
1 4 1 14 10 1 1 3 
9 4 19 2 1 
1 11 11 6 6 
5 26 4 
3 15 9 8 
2 14 18 1 
2 3 22 5 3 
29 3 3 
35 
1 6 11 3 6 5 1 1 1 
31 2 2 
13 3 5 3 9 1 1 
20 14 1 
9 12 9 2 1 1 1 
6 10 10 1 6 2 
2 14 13 2 1 3 
1 30 4 
1 27 7 
2 30 2 1 
1 30 1 1 1 1 
4 29 1 1 
2 6 27 
1 8 20 3 2 1 
20 9 2 1 2 1 
1 34 
1 1 25 4 4 
3 10 15 3 4 
2 24 8 1 
2 21 7 2 1 1 1 
3 6 18 3 4 1 
1 5 22 7 
29 3 3 
1 33 1 
3 11 9 9 2 1 
2 14 15 3 1 
2 7 5 5 6 4 2 1 3 
2 26 7 
1 34 
1 20 3 6 4 1 
31 2 2 
1 19 5 3 4 2 1 
1 9 20 5 
2 21 3 1 3 5 
1 1 30 1 2 
3 20 11 1 
4 4 24 3 
5 2 20 7 1 
5 2 2 18 3 4 1 
6 14 13 1 1 
1 1 10 1 10 12 
2 1 6 15 4 4 2 1 
8 6 15 4 2 
22 4 1 1 2 1 3 1 
33 2 
2 30 3 
6 2 14 3 1 2 3 1 1 1 1 
3 32 
1 22 2 6 2 1 1 
2 15 5 1 1 3 4 1 2 1 
1 3 31 
24 9 2 
3 3 8 2 13 5 1 
1 24 6 3 1 
4 20 4 4 3 
1 25 5 1 3 
1 16 9 9 
27 6 1 1 
13 1 7 3 11 
12 19 2 1 1 
1 6 7 6 1 9 1 1 3 
34 1 
1 10 5 6 3 5 2 3 
1 3 3 4 6 9 8 1 
2 24 7 1 1 
2 19 1 8 1 3 1 
33 2 
1 23 2 1 3 4 1 
2 27 6 
1 18 14 1 1 
4 16 1 9 5 
3 11 21 
10 2 23 
9 4 14 4 1 1 1 1 
4 29 2 
1 18 13 1 1 1 
22 7 1 1 1 1 2 
3 1 16 15 
28 7 
2 22 3 3 5 
5 6 23 1 
1 15 14 1 1 2 1 
5 24 3 1 1 1 
1 14 16 4 
14 2 16 3 
1 4 15 14 1 
1 13 14 4 2 1 
2 19 2 10 1 1 
5 26 1 1 2 
1 9 11 9 1 1 1 2 
1 32 2 
35 
1 6 1 9 10 2 3 3 
1 1 30 1 2 
1 9 4 21 
1 29 4 1 
14 7 14 
1 25 9 
1 1 20 7 3 3 
4 7 10 11 2 1 
3 19 3 8 2 
1 30 2 1 1 
1 20 5 5 3 1 
20 1 1 7 1 5 
2 23 10 
4 6 21 2 2 
3 1 2 3 6 8 1 10 1 
1 19 9 5 1 
1 32 1 1 
19 12 3 1 
1 1 32 1 
10 3 12 7 2 1 
1 28 6 
18 6 8 3 
12 12 3 4 2 1 1 
28 7 
8 25 2 
1 13 17 3 1 
26 2 3 3 1 
1 20 14 
1 34 
3 19 13 
29 5 1 
7 18 8 2 
17 12 4 1 1 
10 11 1 8 3 1 1 
2 7 11 13 2 
34 1 
2 21 8 4 
10 6 3 5 1 1 8 1 
1 27 1 6 
17 2 3 1 5 2 4 1 
4 18 1 1 10 1 
1 8 13 5 6 2 
5 22 3 1 4 
12 3 14 2 2 1 1 
10 2 14 4 5 
1 11 19 4 
4 14 8 3 6 
1 10 11 7 6 
1 23 6 5 
1 26 6 1 1 
17 18 
35 
1 24 2 3 5 
21 12 1 1 
2 10 11 5 4 3 
1 30 2 2 
32 3 
3 15 3 8 6 
7 28 
1 9 25 
3 17 2 9 4 
17 10 8 
1 15 4 12 1 1 1 
1 27 7 
3 1 10 5 13 2 1 
1 8 22 2 2 
10 1 20 3 1 
4 31 
26 4 2 1 2 
1 13 10 10 1 
1 9 22 2 1 
5 23 5 1 1 
2 25 8 
19 10 5 1 
1 3 8 22 1 
2 9 20 2 1 1 
2 23 5 1 4 
1 31 2 1 
1 10 19 2 2 1 
3 32 
4 26 2 1 1 1 
28 3 4 
33 1 1 
1 7 8 7 9 1 2 
35 
2 29 3 1 
10 14 4 7 
33 1 1 
10 18 7 
4 7 24 
1 24 10 
8 27 
1 30 1 1 2 
25 9 1 
6 29 
2 6 16 3 1 2 3 2 
1 2 31 1 
1 22 10 2 
1 19 15 
4 1 28 2 
1 8 9 2 8 7 
6 26 3 
3 13 2 15 1 1 
1 23 3 7 1 
1 31 3 
1 5 13 3 2 9 1 1 
1 17 3 12 2 
3 24 1 5 2 
7 12 1 7 6 1 1 
17 18 
25 10 
2 9 21 1 1 1 
2 15 5 9 1 2 1 
1 25 7 1 1 
1 5 17 4 8 
1 15 18 1 
5 21 1 6 1 1 
10 5 15 2 2 1 
1 19 12 1 2 
2 7 2 12 3 1 4 4 
7 4 18 3 3 
3 18 4 2 3 2 1 2 
6 3 18 8 
5 4 19 1 3 2 1 
1 25 7 1 1 
1 1 32 1 
3 4 4 20 2 1 1 
6 28 1 
1 3 19 2 10 
3 1 10 12 5 2 1 1 
1 26 3 3 1 1 
32 3 
22 9 2 1 1 
3 7 7 4 12 2 
1 27 2 3 1 1 
14 19 1 1 
3 2 8 1 7 3 3 4 4 
9 11 6 2 4 1 2 
11 6 12 5 1 
3 16 3 5 2 1 3 2 
7 7 12 9 
1 22 3 3 3 2 1 
1 12 22 
35 
31 4 
11 21 3 
8 24 2 1 
4 31 
2 25 2 3 3 
1 30 1 3 
11 6 18 
27 3 5 
3 1 20 10 1 
2 30 2 1 
1 5 4 24 1 
8 12 15 
1 24 10 
1 19 12 2 1 
35 
15 3 10 5 2 
1 17 10 1 2 1 2 1 
3 12 17 2 1 
1 8 23 1 2 
33 2 
1 1 9 11 7 2 2 2 
28 7 
1 18 8 4 2 2 
1 29 1 3 1 
1 15 9 3 6 1 
1 27 1 5 1 
1 6 28 
1 29 1 2 2 
3 23 4 5 
6 14 4 7 2 1 1 
1 20 13 1 
2 22 1 5 2 1 1 1 
26 9 
2 28 5 
1 21 12 1 
1 26 8 
1 11 2 13 3 5 
8 11 8 5 1 2 
30 3 1 1 
2 4 19 8 1 1 
18 17 
1 34 
30 3 2 
2 8 10 9 2 4 
28 3 1 1 1 1 
1 33 1 
2 3 5 13 5 3 2 1 1 
1 1 2 8 18 4 1 
1 24 4 2 3 1 
1 32 2 
4 10 16 3 1 1 
1 20 8 6 
33 1 1 
1 30 1 3 
3 24 5 2 1 
3 23 1 3 1 1 2 1 
4 24 6 1 
1 24 6 4 
1 33 1 
2 23 5 5 
11 15 4 4 1 
23 2 8 1 1 
8 5 18 2 1 1 
2 30 1 1 1 
1 5 21 1 1 6 
7 20 6 2 
7 22 4 2 
2 27 2 4 
3 30 1 1 
32 2 1 
3 27 1 4 
1 6 12 9 5 1 1 
8 4 11 2 7 2 1 
4 25 6 
1 20 9 4 1 
1 1 7 12 4 8 2 
2 27 3 2 1 
13 21 1 
4 11 19 1 
1 6 21 1 6 
2 20 2 8 3 
1 24 7 2 1 
2 7 15 4 3 4 
1 13 3 13 2 1 2 
8 22 5 
12 5 13 2 2 1 
31 3 1 
1 29 1 3 1 
1 24 1 3 6 
2 33 
1 11 11 1 3 5 3 
2 12 9 2 1 3 2 2 1 1 
1 21 10 1 1 1 
2 14 13 1 2 2 1 
1 28 1 2 1 1 1 
13 20 2 
1 26 3 4 1 
25 6 1 3 
7 14 9 4 1 
1 33 1 
1 12 21 1 
1 34 
32 1 2 
1 22 12 
1 27 2 3 1 1 
1 28 3 2 1 
2 18 7 2 4 1 1 
1 10 10 8 3 2 1 
2 33 
29 4 1 1 
3 1 10 5 6 9 1 
28 1 6 
5 28 1 1 
3 22 10 
1 15 4 10 1 1 3 
1 3 20 4 6 1 
7 20 6 1 1 
35 
1 34 
2 23 9 1 
34 1 
1 25 1 4 1 2 1 
8 23 1 1 1 1 
1 21 11 1 1 
1 32 2 
30 5 
5 6 20 3 1 
1 14 6 7 4 1 1 1 
