1 27 8 
1 31 2 1 1 
2 33 1 
1 17 10 5 1 2 
28 7 1 
16 18 2 
11 18 7 
21 10 3 2 
1 15 20 
5 25 5 1 
9 25 2 
1 27 4 1 3 
1 16 18 1 
1 29 2 2 1 1 
26 7 2 1 
3 19 4 3 3 2 2 
2 30 4 
3 22 4 5 2 
1 11 12 9 2 1 
1 12 23 
4 5 17 8 1 1 
36 
1 5 30 
17 19 
2 3 30 1 
1 13 19 3 
2 24 9 1 
3 2 27 2 1 1 
4 26 1 2 2 1 
29 6 1 
4 7 24 1 
24 5 7 
36 
1 16 11 8 
2 2 12 7 5 7 1 
1 18 9 5 3 
32 4 
2 27 6 1 
3 24 5 1 2 1 
10 2 11 6 2 2 1 2 
1 17 2 15 1 
7 6 6 16 1 
9 7 7 10 1 2 
1 9 14 10 1 1 
1 18 3 9 2 2 1 
36 
1 14 11 5 1 2 2 
9 10 17 
4 32 
1 15 14 3 3 
2 6 25 1 2 
3 20 13 
4 21 11 
1 29 1 5 
29 1 2 2 2 
6 28 2 
31 4 1 
1 3 20 6 6 
1 9 22 2 2 
1 23 10 2 
2 3 24 3 1 3 
3 9 4 9 7 4 
3 27 1 3 1 1 
4 6 6 16 3 1 
1 6 21 5 3 
9 2 5 3 14 3 
3 2 23 4 4 
28 1 2 5 
1 9 17 2 1 1 3 1 1 
1 30 5 
7 22 6 1 
21 3 5 1 6 
1 16 19 
3 32 1 
29 2 1 2 1 1 
12 1 22 1 
2 21 3 3 7 
2 22 10 1 1 
1 19 13 3 
3 8 1 15 8 1 
1 14 12 6 2 1 
1 12 13 10 
31 4 1 
1 19 14 2 
1 6 22 7 
1 3 10 11 3 5 1 1 1 
4 13 13 2 4 
1 27 4 3 1 
2 25 3 5 1 
1 15 16 2 1 1 
2 4 24 1 2 2 1 
24 12 
15 20 1 
1 33 2 
1 9 18 4 3 1 
2 7 8 12 3 4 
31 4 1 
1 18 8 1 8 
2 6 21 3 1 2 1 
2 9 19 5 1 
19 14 1 1 1 
2 15 18 1 
3 20 12 1 
8 28 
1 24 5 6 
1 20 14 1 
1 11 5 3 2 1 8 1 1 1 2 
1 13 20 2 
19 3 10 2 1 1 
2 5 29 
1 25 5 5 
1 34 1 
3 13 7 10 2 1 
1 1 23 4 5 1 1 
3 2 29 2 
1 19 13 2 1 
2 22 7 5 
6 24 2 1 3 
1 24 3 7 1 
2 4 26 3 1 
8 12 8 5 3 
12 14 9 1 
2 18 1 3 10 2 
5 27 4 
2 8 13 13 
8 9 12 7 
4 6 20 4 1 1 
1 29 6 
1 29 4 1 1 
2 15 17 1 1 
1 12 13 2 3 2 1 1 1 
2 27 7 
20 15 1 
1 4 11 11 9 
1 16 14 5 
3 15 18 
1 8 9 3 7 5 3 
30 1 5 
8 5 8 9 6 
15 7 6 1 1 6 
1 7 16 4 6 2 
2 28 4 1 1 
3 8 6 5 12 2 
6 25 3 2 
1 28 2 1 2 1 1 
9 20 4 3 
8 19 6 3 
1 21 6 1 5 2 
3 1 11 8 13 
1 27 5 1 2 
1 31 4 
1 17 9 9 
1 13 14 1 7 
1 30 5 
10 22 2 1 1 
13 22 1 
1 24 11 
28 4 2 2 
2 32 1 1 
1 3 21 8 3 
9 17 9 1 
18 13 5 
1 19 7 5 4 
1 34 1 
7 29 
1 16 16 1 1 1 
3 23 10 
4 8 12 10 2 
2 15 11 2 4 2 
1 16 15 1 3 
3 33 
2 30 4 
3 24 1 5 1 1 1 
3 29 4 
1 20 6 2 1 1 3 2 
2 5 23 1 1 3 1 
1 5 8 7 13 1 1 
7 6 5 13 4 1 
2 31 3 
22 9 2 1 1 1 
16 13 7 
6 20 5 4 1 
1 3 15 10 4 3 
1 31 4 
6 7 7 14 2 
3 28 2 2 1 
1 14 14 6 1 
2 13 8 3 8 1 1 
1 23 9 3 
9 1 17 9 
1 31 3 1 
8 28 
7 22 2 5 
5 18 13 
5 17 8 6 
32 2 1 1 
3 31 1 1 
5 18 6 3 2 2 
20 13 2 1 
1 9 26 
13 2 6 6 5 1 1 1 1 
34 2 
1 16 2 3 4 2 5 1 2 
7 4 14 11 
22 7 1 6 
1 11 17 1 6 
27 8 1 
2 24 6 4 
2 19 13 2 
1 29 2 2 2 
5 12 2 11 3 3 
2 6 19 2 7 
1 25 10 
5 1 12 5 8 4 1 
2 3 12 12 2 5 
2 26 3 5 
1 13 9 12 1 
1 15 4 8 8 
1 24 2 6 2 1 
1 34 1 
3 13 20 
1 5 4 8 6 6 1 1 2 1 1 
1 35 
31 3 2 
36 
24 11 1 
4 13 7 1 11 
1 13 12 10 
1 34 1 
1 10 12 8 3 2 
2 11 23 
9 1 9 13 3 1 
2 4 25 5 
2 22 12 
1 15 8 11 1 
4 20 12 
2 13 6 11 3 1 
1 24 5 5 1 
22 5 7 1 1 
1 21 9 1 1 1 2 
7 25 2 1 1 
36 
3 21 5 2 3 2 
2 28 2 4 
2 26 3 2 2 1 
5 28 2 1 
1 23 9 2 1 
19 14 3 
1 34 1 
3 25 1 3 4 
2 21 4 1 8 
21 11 4 
1 29 3 1 1 1 
1 1 26 7 1 
1 18 2 3 12 
1 29 4 1 1 
1 24 10 1 
26 9 1 
30 6 
35 1 
12 12 8 4 
1 15 18 1 1 
1 19 14 2 
1 10 10 12 1 2 
12 2 12 9 1 
1 15 2 12 6 
33 3 
2 15 1 1 15 2 
3 20 8 4 1 
31 4 1 
1 14 12 9 
33 1 2 
4 26 3 2 1 
24 5 2 5 
2 19 15 
17 12 2 1 2 1 1 
6 25 5 
34 1 1 
2 26 8 
7 15 14 
5 23 4 4 
8 28 
34 1 1 
1 31 4 
2 2 31 1 
6 19 3 3 2 3 
6 6 7 6 10 1 
1 19 9 5 1 1 
2 25 4 3 2 
2 22 2 2 8 
3 7 5 15 3 1 1 1 
6 5 17 3 1 1 3 
1 28 1 1 1 4 
2 27 1 5 1 
1 4 4 6 18 3 
1 13 10 10 2 
1 32 2 1 
9 19 3 4 1 
27 4 5 
8 4 3 5 10 2 1 2 1 
28 3 4 1 
31 1 2 2 
10 1 20 1 3 1 
2 4 20 7 2 1 
1 2 3 3 21 2 4 
2 29 5 
5 3 15 9 3 1 
1 20 1 13 1 
4 15 14 1 2 
36 
1 32 2 1 
8 19 7 1 1 
2 13 6 8 6 1 
29 4 3 
1 9 7 12 4 3 
1 34 1 
2 16 3 15 
1 11 19 3 1 1 
2 21 5 6 1 1 
1 3 6 2 15 5 1 1 1 1 
11 17 8 
1 3 25 4 2 1 
2 31 1 1 1 
25 3 8 
4 16 15 1 
1 35 
1 9 3 7 14 2 
1 27 6 1 1 
2 24 10 
1 23 4 6 2 
18 3 11 2 2 
1 35 
2 8 15 8 1 2 
3 10 13 4 6 
2 31 1 2 
1 20 8 1 1 4 1 
1 32 3 
3 6 14 10 2 1 
2 24 3 5 2 
2 25 6 1 1 1 
25 4 3 4 
1 8 20 7 
8 7 21 
13 19 3 1 
18 11 3 1 3 
3 1 9 11 10 1 1 
5 20 11 
5 19 4 2 1 2 2 1 
8 17 5 3 3 
1 28 5 2 
28 5 2 1 
1 7 21 4 1 1 1 
2 4 9 21 
1 23 4 1 4 2 1 
1 4 23 1 1 5 1 
1 24 8 2 1 
1 18 11 2 4 
17 3 10 6 
6 17 13 
4 31 1 
2 7 1 26 
2 4 17 6 7 
1 4 6 6 19 
36 
1 4 22 7 1 1 
1 4 4 7 3 5 2 3 4 1 2 
1 32 2 1 
1 23 7 4 1 
6 25 1 3 1 
19 2 9 2 1 1 2 
27 6 1 1 1 
7 1 19 5 4 
3 4 14 10 4 1 
2 8 11 4 3 5 2 1 
6 2 12 12 4 
1 29 6 
1 2 20 6 3 2 2 
8 9 19 
7 29 
16 19 1 
1 9 3 19 4 
1 5 6 3 8 9 2 1 1 
1 3 1 29 2 
28 1 7 
1 25 1 1 2 6 
14 15 1 3 1 1 1 
1 23 12 
1 24 9 2 
2 13 15 2 2 1 1 
2 11 4 16 1 2 
15 11 10 
4 22 6 2 1 1 
1 35 
18 10 4 2 2 
2 16 18 
8 4 22 1 1 
20 16 
1 1 3 20 3 2 4 2 
11 10 6 2 6 1 
3 14 19 
3 22 2 5 1 2 1 
4 3 15 7 3 1 2 1 
2 21 13 
1 5 1 10 10 9 
2 31 1 2 
2 16 11 4 3 
4 7 5 11 8 1 
1 32 3 
1 3 16 8 1 4 2 1 
24 9 2 1 
1 27 4 3 1 
28 7 1 
1 30 1 4 
13 16 7 
9 11 15 1 
21 8 6 1 
1 20 12 3 
1 21 4 9 1 
1 26 1 2 3 2 1 
1 35 
4 13 13 4 1 1 
4 24 7 1 
2 20 3 9 2 
1 11 24 
10 16 10 
8 28 
7 4 25 
24 6 2 3 1 
8 18 3 4 2 1 
35 1 
1 18 16 1 
3 2 21 10 
2 24 1 3 1 4 1 
2 30 2 2 
1 11 3 1 18 2 
1 11 4 10 10 
5 11 3 4 3 5 3 1 1 
4 3 18 2 8 1 
1 18 14 3 
2 2 26 1 5 
10 6 9 5 2 4 
1 30 2 1 1 1 
2 29 5 
1 25 6 3 1 
1 16 17 2 
1 10 7 12 4 1 1 
13 10 13 
1 32 2 1 
1 5 5 23 1 1 
1 7 21 5 2 
1 22 10 3 
2 1 7 17 7 1 1 
7 10 19 
1 25 10 
1 30 1 3 1 
2 31 1 2 
4 20 11 1 
7 13 5 11 
4 12 2 15 1 2 
2 30 4 
2 10 14 10 
1 21 14 
2 17 1 11 5 
6 11 2 17 
3 26 5 1 1 
1 3 24 1 7 
3 20 12 1 
3 13 8 10 1 1 
1 35 
3 12 7 8 2 3 1 
1 19 10 2 4 
17 19 
2 4 14 14 2 
32 3 1 
11 10 13 2 
19 6 5 1 4 1 
4 29 1 2 
2 18 15 1 
1 10 24 1 
1 7 15 2 10 1 
2 17 11 4 1 1 
2 20 9 4 1 
1 35 
1 13 20 1 1 
1 29 3 2 1 
8 24 2 2 
29 4 2 1 
11 4 1 5 4 2 4 1 4 
5 16 11 4 
1 18 9 2 3 3 
7 6 18 2 2 1 
7 7 3 1 12 2 2 1 1 
36 
1 32 3 
1 5 16 1 6 1 3 3 
1 26 7 1 1 
6 10 4 3 11 1 1 
1 16 12 7 
2 28 6 
25 2 1 1 6 1 
1 1 2 16 11 5 
1 22 12 1 
3 17 5 7 1 3 
24 10 1 1 
1 26 4 5 
21 15 
1 17 15 1 1 1 
3 1 17 15 
4 10 3 8 3 3 5 
1 5 2 17 5 1 2 2 1 
11 6 19 
21 6 8 1 
1 10 8 10 3 3 1 
7 22 7 
10 4 22 
1 34 1 
3 31 2 
4 10 22 
2 1 13 5 4 2 4 2 1 2 
2 32 2 
2 14 3 15 1 1 
1 32 3 
10 24 1 1 
1 27 1 4 1 1 1 
1 22 10 2 1 
24 6 2 2 2 
36 
28 1 7 
4 21 3 6 1 1 
1 29 1 2 1 2 
1 35 
36 
4 17 15 
4 1 18 1 12 
1 26 5 3 1 
1 28 7 
2 3 3 4 6 3 15 
23 7 5 1 
4 32 
1 33 2 
1 35 
34 2 
35 1 
36 
7 13 3 12 1 
1 7 23 3 1 1 
1 28 3 2 2 
1 23 1 6 3 2 
27 6 2 1 
1 8 2 9 11 1 1 3 
10 23 1 1 1 
2 13 8 6 1 1 3 1 1 
8 8 1 11 8 
1 17 15 3 
2 29 1 1 3 
1 13 17 4 1 
2 32 2 
19 7 6 3 1 
25 5 4 2 
1 2 3 2 22 4 2 
2 8 26 
1 11 6 8 8 1 1 
1 35 
1 10 16 8 1 
2 24 8 1 1 
3 32 1 
2 24 9 1 
31 4 1 
3 22 9 1 1 
2 10 10 12 2 
7 7 6 3 9 4 
12 15 9 
13 23 
1 30 1 1 1 1 1 
9 9 5 6 6 1 
2 23 2 4 2 2 1 
12 17 7 
1 8 21 2 1 1 2 
5 14 3 11 3 
31 3 2 
4 9 1 11 3 6 1 1 
21 4 10 1 
1 16 16 2 1 
1 35 
1 14 18 3 
1 7 12 4 11 1 
1 9 24 2 
18 14 2 2 
2 33 1 
1 16 2 3 12 1 1 
4 5 16 3 3 3 1 1 
36 
1 21 8 5 1 
1 34 1 
2 31 3 
2 22 10 2 
2 17 16 1 
6 2 20 1 5 2 
4 19 6 7 
4 2 26 4 
1 22 6 5 2 
1 15 15 4 1 
2 32 2 
3 11 10 2 9 1 
11 2 23 
1 11 1 7 6 9 1 
1 3 17 11 4 
16 20 
1 11 4 14 1 3 2 
35 1 
1 29 6 
8 21 5 1 1 
7 8 7 13 1 
33 2 1 
5 19 2 3 1 3 1 2 
2 23 11 
2 32 2 
3 29 3 1 
4 8 19 1 2 1 1 
2 21 2 2 9 
1 20 12 1 1 1 
2 27 6 1 
2 32 1 1 
8 13 14 1 
1 5 27 2 1 
8 14 11 1 2 
15 2 19 
5 24 4 2 1 
9 22 5 
1 20 5 6 1 2 1 
16 2 1 1 11 4 1 
1 23 6 3 3 
3 21 10 1 1 
18 17 1 
12 4 15 5 
2 7 5 21 1 
22 10 4 
1 7 11 1 7 6 1 1 1 
36 
1 18 6 11 
8 16 10 2 
3 32 1 
4 30 2 
4 23 1 1 5 1 1 
8 26 2 
1 1 25 9 
1 6 7 22 
15 10 11 
1 28 4 3 
1 3 13 5 11 2 1 
10 26 
1 3 19 12 1 
14 13 8 1 
17 9 7 3 
1 6 19 1 2 1 6 
31 2 3 
7 19 10 
1 34 1 
19 14 2 1 
7 3 23 2 1 
2 10 24 
5 30 1 
12 1 10 13 
2 10 21 3 
30 2 3 1 
1 28 7 
2 21 11 1 1 
1 21 1 1 11 1 
1 17 10 5 2 1 
1 22 11 2 
1 24 6 1 3 1 
7 11 6 4 4 3 1 
23 9 2 2 
5 21 8 1 1 
34 1 1 
4 18 9 5 
1 21 4 9 1 
1 20 10 2 3 
2 34 
1 27 7 1 
5 26 5 
1 15 7 11 2 
4 8 14 3 2 3 1 1 
5 18 5 8 
12 15 5 2 2 
4 6 1 3 22 
27 6 1 2 
1 20 1 14 
5 7 4 3 5 2 10 
7 3 18 6 2 
1 5 24 4 1 1 
3 30 3 
1 4 12 9 9 1 
1 34 1 
5 24 7 
1 22 6 6 1 
19 2 8 2 2 3 
1 16 19 
2 17 10 4 2 1 
1 3 5 24 3 
2 12 8 11 2 1 
3 10 14 6 3 
16 20 
2 5 20 1 3 2 2 1 
1 30 4 1 
5 21 4 6 
2 19 2 4 2 1 5 1 
8 3 17 1 1 1 2 1 2 
1 10 16 4 1 2 2 
22 1 9 1 1 2 
36 
14 5 5 3 3 2 4 
1 28 5 1 1 
1 15 20 
2 18 14 2 
1 33 2 
7 14 9 2 4 
1 34 1 
2 18 6 7 2 1 
5 12 8 3 4 2 2 
1 24 7 1 3 
2 29 1 1 2 1 
1 1 11 9 4 10 
1 5 18 8 4 
10 8 14 2 1 1 
1 4 24 6 1 
1 23 1 11 
3 13 4 6 4 5 1 
2 6 16 3 7 1 1 
1 3 28 3 1 
6 23 4 2 1 
1 33 2 
12 11 6 1 1 1 4 
3 5 24 2 2 
1 33 2 
1 21 1 10 3 
2 34 
11 23 2 
33 3 
1 25 7 1 1 1 
3 25 8 
1 10 10 6 8 1 
1 1 21 4 6 2 1 
17 13 5 1 
4 1 12 8 6 5 
18 4 10 2 1 1 
5 20 4 3 1 2 1 
2 14 9 11 
2 21 7 4 1 1 
2 16 6 2 2 5 3 
2 24 8 2 
2 15 3 5 11 
1 16 2 7 7 3 
15 20 1 
36 
9 19 8 
3 25 2 2 1 1 2 
2 3 2 13 9 2 3 2 
4 18 9 1 2 2 
5 4 14 3 2 2 2 2 1 1 
1 8 17 9 1 
1 23 8 3 1 
6 11 4 5 6 4 
1 17 1 1 4 11 1 
1 15 15 2 3 
1 17 4 6 1 2 3 2 
4 27 4 1 
2 17 17 
1 31 4 
1 16 19 
1 26 6 1 1 1 
11 11 6 4 3 1 
1 19 4 3 3 2 1 1 1 1 
1 12 12 2 8 1 
13 21 1 1 
36 
1 20 7 2 1 2 1 1 1 
1 31 1 1 1 1 
22 8 3 1 2 
8 3 2 16 5 2 
11 12 9 2 2 
3 29 3 1 
10 1 25 
1 5 5 6 16 1 2 
32 1 3 
2 29 2 2 1 
19 14 1 2 
1 5 17 1 6 6 
36 
11 13 4 5 3 
29 2 2 3 
1 11 24 
1 29 1 1 2 1 1 
30 1 2 2 1 
8 20 8 
4 15 9 2 4 2 
1 10 14 3 7 1 
1 30 2 3 
35 1 
1 11 12 9 2 1 
6 7 14 7 1 1 
12 2 7 9 2 1 3 
1 13 7 8 7 
32 3 1 
23 3 6 2 1 1 
1 12 16 1 5 1 
7 16 3 4 2 1 1 2 
1 1 32 2 
33 2 1 
1 34 1 
20 10 6 
15 14 7 
4 10 1 9 12 
20 2 14 
1 11 7 14 1 1 1 
1 27 7 1 
4 26 6 
5 11 17 3 
12 11 5 5 3 
2 32 2 
6 5 18 7 
1 15 14 4 2 
8 13 4 7 4 
25 11 
29 2 4 1 
1 14 13 5 1 1 1 
2 14 13 1 1 2 3 
36 
4 30 2 
3 11 21 1 
7 9 3 8 4 1 3 1 
7 23 2 1 3 
18 18 
1 1 16 5 2 3 3 1 3 1 
1 6 2 27 
36 
1 4 4 9 15 3 
1 5 7 13 10 
1 22 12 1 
2 13 9 4 8 
13 1 7 3 10 1 1 
36 
2 2 16 13 2 1 
1 25 10 
1 9 5 14 7 
1 20 5 7 3 
31 4 1 
2 13 21 
2 4 30 
3 23 3 7 
12 1 1 9 3 5 2 3 
1 30 5 
1 4 4 17 7 1 2 
1 20 12 3 
1 27 1 3 4 
29 6 1 
36 
12 11 13 
36 
1 26 8 1 
1 32 2 1 
3 22 11 
1 12 6 15 2 
3 17 16 
2 5 15 7 3 2 2 
12 1 12 2 7 1 1 
3 25 3 2 3 
5 19 6 3 1 2 
25 8 2 1 
1 17 17 1 
18 3 9 6 
1 24 11 
12 4 20 
1 13 22 
5 29 1 1 
1 24 10 1 
1 6 3 20 2 1 3 
2 21 4 2 6 1 
15 14 4 3 
9 1 1 7 14 4 
1 33 1 1 
1 4 10 5 2 5 1 5 2 1 
2 4 17 1 11 1 
5 1 14 12 4 
2 21 13 
34 2 
1 6 29 
1 26 3 5 1 
4 18 2 6 6 
1 4 25 6 
1 3 3 19 8 1 1 
12 8 4 4 8 
20 11 3 1 1 
1 16 5 9 5 
1 8 6 4 6 4 2 2 2 1 
1 31 1 2 1 
8 22 3 2 1 
2 7 18 2 1 5 1 
13 3 18 1 1 
1 29 6 
1 3 13 8 3 2 1 4 1 
11 17 6 1 1 
2 22 5 4 2 1 
4 27 5 
2 28 6 
4 26 2 4 
1 2 14 18 1 
2 14 1 5 14 
4 13 18 1 
2 16 18 
3 6 3 19 3 2 
11 13 2 10 
5 5 11 12 3 
1 25 9 1 
2 18 14 2 
3 28 5 
4 21 7 3 1 
5 21 10 
1 12 12 8 2 1 
14 17 5 
6 16 6 1 2 3 2 
3 5 27 1 
1 33 2 
1 9 26 
1 23 1 11 
31 3 1 1 
1 3 3 15 12 2 
1 12 6 6 2 1 5 2 1 
1 17 2 8 3 3 2 
1 29 3 1 2 
11 21 3 1 
34 2 
11 8 5 8 2 1 1 
32 2 2 
2 28 4 2 
6 17 8 2 3 
15 6 8 7 
1 3 9 1 6 12 1 2 1 
2 34 
13 21 2 
3 2 19 8 4 
8 25 1 1 1 
1 13 14 7 1 
8 23 5 
4 3 23 3 2 1 
4 28 4 
2 9 23 1 1 
16 5 2 4 4 3 2 
6 15 11 4 
1 26 1 6 2 
1 32 2 1 
1 26 9 
5 29 2 
1 16 8 6 1 2 1 1 
1 25 10 
1 11 20 1 2 1 
3 5 5 2 10 6 5 
1 21 14 
3 28 1 2 2 
1 9 7 2 2 2 13 
4 14 11 4 1 1 1 
3 1 25 6 1 
4 4 28 
2 22 6 5 1 
3 22 11 
1 21 4 6 1 3 
12 12 6 1 5 
1 7 13 6 7 1 1 
1 13 15 2 4 1 
4 4 25 2 1 
20 10 1 3 1 1 
4 8 23 1 
36 
2 30 4 
5 27 4 
24 10 2 
1 15 1 5 14 
1 6 26 3 
1 31 3 1 
1 17 2 3 12 1 
23 4 6 2 1 
22 13 1 
4 19 8 5 
1 26 9 
1 9 11 1 14 
7 10 7 1 2 3 4 2 
4 12 13 7 
35 1 
7 14 6 5 3 1 
1 33 2 
4 25 6 1 
1 13 9 9 2 1 1 
11 13 11 1 
8 19 9 
31 3 2 
6 19 5 4 1 1 
4 25 5 1 1 
14 17 5 
4 15 8 3 3 3 
1 10 7 1 8 1 6 1 1 
34 1 1 
5 25 1 1 3 1 
5 9 20 1 1 
17 17 2 
10 20 6 
11 12 7 1 3 1 1 
7 4 1 5 15 1 3 
2 13 4 2 2 11 2 
1 7 7 19 1 1 
35 1 
12 12 1 9 1 1 
4 14 16 1 1 
1 14 19 1 1 
1 15 14 2 4 
4 12 14 4 1 1 
21 13 2 
7 15 4 4 5 1 
1 28 6 1 
34 1 1 
4 24 1 2 1 1 2 1 
33 3 
2 21 9 2 1 1 
7 11 9 3 6 
1 14 9 11 1 
3 4 14 4 1 1 8 1 
6 27 2 1 
17 16 1 1 1 
1 26 2 7 
2 33 1 
6 18 5 2 3 2 
1 33 1 1 
1 18 7 8 2 
1 23 11 1 
36 
1 21 6 4 4 
1 10 1 1 7 6 10 
1 5 9 19 2 
1 10 7 8 1 4 5 
3 31 1 1 
6 28 1 1 
7 1 8 18 2 
2 23 11 
27 2 7 
1 16 15 1 2 1 
2 23 1 3 2 2 1 1 1 
2 10 14 7 2 1 
5 31 
9 6 21 
1 18 17 
11 9 16 
22 3 5 3 3 
2 6 24 1 3 
4 2 7 11 7 1 2 1 1 
5 22 3 5 1 
5 4 7 3 3 2 10 1 1 
2 8 1 2 5 14 4 
2 29 3 1 1 
12 12 1 3 3 3 1 1 
1 17 12 6 
15 8 11 2 
21 15 
2 7 4 19 4 
6 1 23 1 5 
36 
33 3 
1 7 8 4 4 5 5 1 1 
7 7 21 1 
11 19 5 1 
1 24 3 4 1 3 
1 20 2 3 9 1 
19 6 7 2 2 
3 21 11 1 
3 5 22 2 4 
4 9 17 2 1 3 
25 8 1 2 
1 20 14 1 
1 9 21 4 1 
2 9 6 14 1 4 
1 31 4 
3 8 21 2 1 1 
1 14 10 2 3 3 2 1 
33 2 1 
1 26 9 
2 19 7 6 2 
3 17 15 1 
1 17 2 5 2 5 4 
1 12 5 3 3 5 4 1 1 1 
1 20 15 
5 19 12 
1 32 1 2 
6 11 2 5 6 6 
4 6 21 4 1 
2 28 4 2 
8 17 3 7 1 
1 12 7 9 7 
3 4 19 2 1 2 1 1 3 
10 13 13 
6 25 4 1 
8 19 9 
1 18 16 1 
1 15 17 2 1 
25 11 
1 15 19 1 
1 30 1 2 2 
7 17 12 
1 9 10 5 1 4 1 5 
3 3 16 14 
1 27 7 1 
2 31 3 
2 33 1 
1 20 3 11 1 
2 34 
3 17 12 1 2 1 
2 11 5 1 13 4 
1 26 3 4 2 
1 4 9 3 5 12 2 
1 23 6 1 3 1 1 
13 16 7 
8 7 4 5 1 4 7 
1 16 2 16 1 
27 1 2 4 1 1 
1 1 29 5 
34 2 
1 29 2 3 1 
2 20 14 
10 1 3 11 2 1 7 1 
34 2 
4 19 12 1 
4 27 1 4 
3 2 12 19 
1 21 4 2 3 5 
16 7 6 3 2 2 
3 14 11 4 1 2 1 
5 6 8 9 1 2 1 1 1 2 
6 7 6 16 1 
2 16 16 2 
1 3 10 15 4 1 1 1 
1 21 1 3 6 4 
12 11 5 2 6 
1 30 1 3 1 
2 29 4 1 
5 8 13 1 5 1 1 2 
1 11 8 7 7 1 1 
16 6 14 
4 22 8 1 1 
1 30 5 
1 21 12 1 1 
5 3 18 6 4 
35 1 
31 2 2 1 
5 5 4 1 16 3 1 1 
36 
1 11 4 2 14 3 1 
1 7 28 
7 14 13 1 1 
2 3 2 4 2 2 6 8 3 1 2 1 
1 14 15 5 1 
1 19 10 3 3 
1 3 17 9 4 1 1 
1 2 22 3 3 3 1 1 
3 26 2 4 1 
1 5 10 15 1 4 
1 4 31 
3 33 
22 14 
1 7 9 10 4 5 
4 24 1 7 
13 11 4 5 1 2 
1 7 5 21 2 
6 26 2 2 
10 8 5 7 2 3 1 
1 32 3 
2 8 1 6 1 14 3 1 
9 11 8 3 1 4 
8 23 2 2 1 
2 30 4 
1 31 3 1 
2 11 15 4 4 
1 6 13 11 2 1 1 1 
8 22 5 1 
1 11 24 
1 20 10 2 3 
3 6 13 12 2 
9 1 5 8 7 4 1 1 
1 4 2 13 13 2 1 
3 16 17 
6 9 13 5 2 1 
1 33 2 
1 33 2 
1 28 7 
1 32 3 
1 13 17 5 
1 1 3 7 14 1 2 4 1 1 1 
2 14 17 2 1 
9 17 4 6 
24 4 1 5 2 
5 28 3 
4 16 3 7 6 
1 28 2 4 1 
7 28 1 
1 33 2 
13 10 6 2 5 
8 10 7 3 8 
7 15 1 4 5 2 1 1 
2 21 13 
34 1 1 
13 12 11 
1 17 14 1 3 
9 5 4 5 2 5 6 
1 15 12 5 3 
5 26 4 1 
2 15 17 1 1 
5 6 19 3 3 
1 22 1 8 4 
2 20 3 11 
1 25 9 1 
1 9 9 7 4 4 1 1 
1 3 21 8 1 1 1 
1 22 6 7 
3 27 5 1 
11 10 2 11 2 
1 23 8 2 2 
1 26 9 
1 29 5 1 
1 26 9 
2 32 2 
1 8 14 4 7 2 
29 2 1 4 
1 14 21 
15 1 20 
1 24 4 6 1 
7 15 7 7 
1 5 11 14 3 2 
2 27 7 
1 1 18 4 6 2 4 
1 29 2 4 
6 18 10 1 1 
4 26 3 2 1 
6 23 3 2 2 
3 1 10 15 1 3 3 
1 9 10 16 
24 2 5 3 2 
22 9 1 4 
2 34 
2 28 6 
11 10 7 2 2 4 
2 4 7 16 3 4 
1 22 2 8 3 
2 33 1 
4 25 5 1 1 
5 1 6 16 5 2 1 
3 9 22 2 
1 23 10 1 1 
2 25 7 2 
1 30 2 2 1 
4 21 11 
5 18 6 3 3 1 
5 28 1 1 1 
31 3 1 1 
2 30 2 2 
10 16 3 3 2 1 1 
1 6 19 4 5 1 
31 3 2 
1 11 24 
34 2 
1 13 19 3 
23 2 10 1 
1 14 18 3 
6 28 2 
18 16 2 
15 7 2 9 1 2 
11 20 2 3 
4 10 14 4 2 2 
1 1 4 13 13 3 1 
1 2 27 3 3 
21 9 5 1 
4 14 8 9 1 
6 29 1 
2 6 4 16 1 5 2 
11 17 7 1 
9 2 16 8 1 
1 22 4 9 
26 7 3 
1 28 7 
15 7 5 8 1 
1 10 10 7 1 7 
2 18 1 8 5 1 1 
2 23 10 1 
1 15 1 18 1 
1 3 16 7 7 1 1 
9 17 5 2 2 1 
8 12 16 
3 30 2 1 
18 17 1 
6 2 19 5 1 3 
31 5 
1 1 14 19 1 
34 2 
1 24 8 2 1 
1 24 11 
1 6 13 1 12 1 2 
2 7 10 3 1 6 3 3 1 
36 
1 11 7 7 3 6 1 
2 23 4 1 2 3 1 
9 7 20 
3 24 4 4 1 
1 19 10 6 
1 2 7 1 13 1 5 6 
1 17 18 
3 20 10 2 1 
3 32 1 
6 27 1 1 1 
12 6 18 
1 25 6 2 2 
19 11 6 
10 15 10 1 
1 4 29 2 
1 10 15 1 9 
12 17 7 
31 1 3 1 
11 6 3 2 4 6 4 
2 9 24 1 
1 34 1 
10 20 2 2 2 
1 29 6 
3 12 17 3 1 
4 30 1 1 
5 19 11 1 
34 2 
36 
31 1 4 
1 8 6 19 1 1 
6 16 9 3 2 
5 1 28 1 1 
11 15 10 
1 22 8 1 4 
27 8 1 
30 3 3 
16 18 2 
3 8 6 11 6 2 
1 24 11 
1 10 2 23 
12 15 1 6 1 1 
1 7 5 2 7 10 4 
5 16 4 6 3 1 1 
1 19 5 9 1 1 
30 6 
3 13 20 
4 4 28 
1 26 9 
1 23 12 
1 22 9 4 
1 18 8 9 
8 25 1 2 
24 9 1 1 1 
8 25 3 
1 25 2 1 6 1 
1 26 8 1 
33 2 1 
4 14 3 4 9 2 
4 16 10 4 1 1 
29 5 2 
1 22 8 4 1 
3 11 11 10 1 
8 4 19 3 2 
10 9 17 
1 1 28 6 
5 23 2 4 1 1 
1 3 10 3 11 3 5 
1 2 25 3 4 1 
1 34 1 
2 25 9 
4 17 14 1 
4 13 11 3 5 
6 9 9 2 9 1 
36 
1 25 9 1 
1 14 10 5 1 3 2 
36 
15 18 2 1 
3 7 4 18 1 1 2 
1 22 13 
1 29 6 
36 
12 9 4 11 
1 19 10 4 1 1 
36 
4 2 22 3 2 2 1 
32 1 3 
2 6 15 3 4 1 1 1 1 1 1 
2 24 10 
1 23 3 1 3 1 3 1 
2 21 2 4 7 
2 5 18 1 10 
5 17 1 8 2 3 
34 1 1 
35 1 
1 28 7 
8 12 10 1 1 3 1 
8 20 2 5 1 
35 1 
2 32 1 1 
1 30 5 
1 27 6 2 
6 28 1 1 
14 11 9 2 
1 16 10 3 2 1 2 1 
1 35 
1 35 
1 9 13 1 1 2 5 3 1 
1 34 1 
2 10 3 3 1 17 
1 28 1 5 1 
1 33 2 
10 10 9 3 2 2 
26 5 2 1 2 
5 17 7 2 3 2 
9 13 10 3 1 
1 7 13 1 10 1 1 2 
1 15 7 8 4 1 
1 29 5 1 
19 4 10 1 2 
3 16 2 7 4 1 2 1 
1 16 4 4 1 1 4 4 1 
1 22 8 5 
1 10 24 1 
12 15 2 4 3 
1 16 17 1 1 
22 11 2 1 
2 10 9 3 10 2 
3 28 3 1 1 
4 15 17 
1 19 16 
17 2 1 2 10 4 
3 25 2 3 1 1 1 
36 
1 7 12 5 1 2 2 4 2 
4 8 5 16 1 2 
1 20 10 2 3 
1 28 1 1 4 1 
1 15 4 8 1 1 6 
9 22 4 1 
1 21 9 2 2 1 
5 2 21 2 4 2 
1 14 5 11 5 
1 13 21 1 
1 29 6 
1 4 23 6 2 
28 6 2 
5 22 2 5 2 
1 29 2 2 2 
2 21 12 1 
1 32 2 1 
4 14 9 9 
30 4 1 1 
23 4 7 1 1 
6 17 3 9 1 
3 12 3 4 1 1 4 5 2 1 
18 14 4 
16 1 18 1 
4 9 20 3 
1 26 1 4 3 1 
13 3 11 2 2 4 1 
1 29 5 1 
9 19 1 4 1 2 
5 25 6 
1 22 8 1 4 
16 3 16 1 
20 12 3 1 
1 7 19 4 4 1 
3 30 3 
35 1 
1 11 11 7 3 1 2 
2 13 6 12 2 1 
8 19 5 2 2 
11 12 8 5 
7 23 6 
1 10 14 7 3 1 
1 30 5 
2 16 5 5 8 
2 18 15 1 
1 32 1 2 
36 
1 25 7 2 1 
30 2 2 2 
1 2 33 
1 27 7 1 
2 24 6 2 2 
1 32 3 
2 29 5 
1 6 16 5 8 
36 
1 19 12 4 
1 13 20 2 
2 16 12 1 4 1 
1 11 24 
3 12 9 1 6 5 
1 17 14 4 
2 22 10 1 1 
11 12 13 
1 24 11 
1 8 16 3 6 1 1 
34 1 1 
30 2 4 
2 10 11 11 2 
3 21 4 5 2 1 
1 15 9 9 1 1 
2 13 4 15 1 1 
1 27 7 1 
1 13 5 1 7 4 5 
2 10 21 3 
2 34 
4 5 21 3 3 
28 5 3 
1 5 11 17 1 1 
29 1 3 3 
2 13 15 3 1 1 1 
5 27 4 
2 13 9 9 1 2 
2 23 3 8 
1 19 9 5 2 
12 23 1 
1 10 7 4 7 1 3 1 1 1 
1 32 2 1 
1 11 8 10 6 
3 25 1 3 3 1 
2 2 16 9 7 
36 
5 6 22 2 1 
36 
2 17 10 5 1 1 
13 6 16 1 
1 32 2 1 
3 4 27 2 
2 22 5 2 1 1 1 2 
1 11 19 3 1 1 
5 5 15 4 1 2 4 
7 12 15 1 1 
5 15 5 5 4 1 1 
1 21 8 1 5 
1 12 21 1 1 
8 19 2 2 3 2 
1 33 2 
6 26 2 2 
36 
2 20 3 9 2 
4 29 3 
5 30 1 
1 6 29 
1 6 3 26 
9 9 14 1 3 
1 6 9 3 16 1 
3 18 12 3 
36 
1 25 7 3 
3 27 1 5 
3 18 3 12 
5 14 1 12 1 2 1 
9 11 4 6 1 4 1 
11 12 3 8 1 1 
3 18 13 1 1 
5 27 1 1 2 
15 8 8 3 2 
3 6 14 5 2 6 
3 26 5 2 
1 23 2 5 2 1 1 1 
1 31 1 2 1 
1 33 1 1 
2 7 10 2 4 9 2 
14 19 2 1 
1 11 9 8 5 1 1 
1 24 3 5 3 
1 22 12 1 
2 31 1 1 1 
1 14 1 10 3 6 1 
2 3 19 5 6 1 
5 14 4 3 1 1 2 2 4 
32 1 1 1 1 
1 19 4 1 5 5 1 
19 8 1 1 3 1 3 
11 15 10 
27 5 2 2 
8 7 12 4 5 
1 4 1 8 11 11 
1 17 5 10 3 
1 14 11 5 5 
2 33 1 
1 18 1 5 10 1 
5 27 4 
12 17 7 
4 11 2 12 4 1 2 
22 10 4 
7 23 6 
7 8 4 5 1 11 
1 4 6 12 11 1 1 
11 16 2 4 3 
3 10 7 10 5 1 
34 2 
1 16 13 6 
1 31 3 1 
7 22 2 4 1 
1 31 2 2 
3 25 1 3 2 1 1 
9 23 2 2 
25 3 1 6 1 
5 2 10 12 7 
4 18 4 6 4 
2 29 5 
3 7 8 17 1 
7 26 3 
9 25 1 1 
2 17 3 9 4 1 
1 35 
6 13 5 11 1 
1 3 32 
1 6 24 3 1 1 
1 33 1 1 
33 3 
1 5 4 18 8 
7 22 2 3 2 
10 17 4 3 2 
1 1 1 20 2 1 2 1 4 1 2 
1 1 11 6 9 8 
2 1 21 1 4 7 
2 10 9 9 3 2 1 
36 
1 18 1 1 14 1 
35 1 
4 6 5 13 8 
4 12 7 5 8 
4 3 8 10 6 4 1 
2 10 20 3 1 
1 9 18 1 1 5 1 
5 17 8 6 
5 27 3 1 
1 10 21 1 1 1 1 
1 34 1 
13 2 2 14 1 1 2 1 
36 
3 19 13 1 
5 26 4 1 
2 26 3 4 1 
28 2 5 1 
5 7 19 2 3 
1 9 26 
6 28 2 
2 23 8 3 
36 
1 21 10 4 
9 19 2 5 1 
4 28 2 1 1 
2 14 2 4 11 2 1 
8 9 4 14 1 
1 15 4 2 6 6 1 1 
2 15 5 9 2 1 2 
1 34 1 
2 16 5 7 3 2 1 
7 10 10 6 1 2 
4 21 1 4 2 2 1 1 
2 20 10 2 1 1 
31 4 1 
2 14 4 12 2 1 1 
1 29 3 3 
1 23 2 7 1 1 1 
5 18 3 6 4 
1 9 14 3 2 5 2 
4 30 2 
30 5 1 
2 24 9 1 
1 6 12 4 3 1 9 
1 17 13 1 2 1 1 
1 14 2 18 1 
1 31 2 1 1 
1 1 11 8 14 1 
4 11 9 4 6 2 
1 18 4 6 2 1 2 1 1 
1 22 13 
36 
36 
17 12 3 1 3 
2 20 2 2 1 5 3 1 
2 11 12 7 1 2 1 
29 7 
1 6 1 4 13 3 1 6 1 
1 9 15 8 3 
1 21 4 1 5 1 1 2 
20 13 2 1 
1 8 21 1 2 1 2 
2 14 14 3 3 
1 25 10 
2 3 8 14 9 
4 1 3 10 10 6 1 1 
1 21 6 5 1 1 1 
1 28 3 4 
35 1 
4 27 3 2 
1 4 20 7 1 1 1 1 
8 4 12 8 3 1 
1 33 2 
1 8 8 9 5 4 1 
3 23 3 2 4 1 
3 13 20 
1 13 1 19 2 
2 23 11 
2 31 3 
1 30 1 4 
35 1 
1 13 2 10 2 5 2 1 
1 11 9 3 6 3 2 1 
4 8 13 3 1 3 2 2 
1 35 
3 6 13 8 2 2 1 1 
12 15 2 2 5 
1 21 13 1 
14 17 4 1 
2 1 7 7 1 15 2 1 
2 4 20 8 1 1 
1 3 23 9 
11 11 7 7 
9 14 10 2 1 
3 4 5 18 4 1 1 
1 22 5 1 7 
1 6 15 8 3 1 1 1 
14 13 3 2 4 
1 12 3 13 1 4 1 1 
4 8 11 1 2 2 7 1 
1 12 8 6 3 1 5 
7 3 18 3 4 1 
1 12 2 5 6 3 3 1 2 1 
2 2 1 16 5 3 4 2 1 
2 1 7 1 12 4 9 
3 25 7 1 
10 11 11 3 1 
20 16 
1 28 4 3 
1 1 13 15 5 1 
1 33 2 
36 
2 20 14 
1 21 6 4 4 
2 14 20 
3 6 16 4 7 
3 30 1 2 
1 26 9 
2 26 7 1 
2 5 14 13 2 
1 34 1 
1 23 7 3 2 
1 15 18 1 1 
6 21 6 3 
36 
19 8 9 
28 2 3 1 1 1 
5 27 3 1 
2 27 3 2 2 
8 6 20 2 
1 20 15 
1 16 6 9 1 1 1 1 
1 19 16 
2 3 18 13 
20 14 2 
1 3 25 7 
1 31 1 2 1 
8 12 4 4 3 1 1 3 
6 14 4 11 1 
2 5 7 11 9 1 1 
23 8 2 3 
1 13 7 9 3 1 1 1 
18 17 1 
3 6 27 
1 26 9 
1 30 4 1 
7 15 14 
2 11 6 7 4 4 2 
1 34 1 
20 1 8 2 5 
3 3 1 7 8 10 4 
1 7 5 13 3 6 1 
3 24 2 4 3 
1 26 3 5 1 
3 8 13 3 7 2 
1 20 15 
1 22 1 4 2 3 1 1 1 
3 10 20 3 
1 11 4 20 
3 30 3 
8 8 16 2 2 
12 24 
3 8 2 9 11 1 2 
2 27 7 
5 11 12 1 6 1 
8 28 
35 1 
1 17 18 
2 33 1 
1 26 8 1 
1 24 2 3 1 2 2 1 
36 
4 21 5 2 4 
2 2 21 6 5 
23 6 5 1 1 
27 9 
2 20 4 1 3 5 1 
16 10 1 4 1 2 1 1 
1 3 7 9 6 10 
1 24 3 5 2 1 
2 5 28 1 
23 9 2 2 
9 20 7 
2 2 15 14 2 1 
3 15 14 1 2 1 
2 20 7 3 4 
25 6 4 1 
2 24 3 3 1 1 1 1 
1 17 18 
5 10 12 9 
2 22 11 1 
6 17 13 
1 13 22 
1 4 30 1 
2 8 9 11 6 
26 4 1 5 
1 10 12 7 5 1 
36 
1 28 5 2 
1 5 29 1 
2 16 9 9 
1 29 2 2 1 1 
1 10 1 22 2 
1 18 4 13 
1 3 9 11 3 4 1 2 1 1 
14 7 3 4 2 5 1 
1 14 17 4 
9 18 4 1 2 2 
1 34 1 
18 11 5 2 
6 17 4 8 1 
8 3 7 15 3 
36 
2 27 7 
8 21 2 1 3 1 
2 8 1 14 10 1 
1 3 9 6 12 2 1 1 1 
5 2 9 7 3 10 
1 30 2 1 1 1 
8 16 2 8 2 
3 12 10 1 2 8 
2 28 3 1 1 1 
5 25 2 2 1 1 
2 19 15 
2 32 2 
2 10 8 3 3 7 1 2 
2 1 15 16 1 1 
2 27 3 2 2 
2 29 4 1 
1 4 11 3 7 1 3 1 1 3 1 
1 20 15 
2 15 6 9 4 
7 16 1 10 2 
19 8 7 2 
15 2 5 12 2 
3 13 5 13 2 
3 11 14 1 7 
1 32 3 
13 2 6 6 3 3 1 2 
1 2 3 29 1 
2 4 3 4 6 8 1 7 1 
4 26 5 1 
3 27 3 2 1 
8 12 1 12 3 
1 32 3 
2 30 2 1 1 
2 9 12 4 6 2 1 
1 19 15 1 
5 30 1 
3 22 11 
1 1 23 11 
1 2 28 1 4 
1 18 12 4 1 
1 21 10 1 1 2 
2 12 17 3 2 
14 13 9 
10 24 2 
2 21 2 3 8 
9 21 2 3 1 
2 3 5 2 3 4 6 8 3 
1 10 8 15 1 1 
36 
5 28 3 
1 35 
1 8 3 11 10 2 1 
1 6 14 2 11 2 
19 6 6 4 1 
3 7 23 1 1 1 
6 9 20 1 
7 23 1 5 
1 35 
1 4 5 3 23 
8 18 6 1 2 1 
1 26 9 
1 34 1 
1 3 30 1 1 
1 27 7 1 
4 11 20 1 
5 23 3 5 
6 23 2 1 2 1 1 
1 33 1 1 
8 17 10 1 
3 5 18 6 3 1 
36 
1 22 12 1 
36 
1 6 22 5 1 1 
36 
1 30 4 1 
8 28 
12 2 2 13 1 2 4 
9 17 7 3 
13 11 12 
26 5 4 1 
1 5 19 4 7 
20 9 5 1 1 
3 22 5 1 5 
1 13 13 9 
1 12 1 18 3 1 
3 20 11 2 
27 1 1 4 3 
1 4 22 4 5 
1 31 3 1 
21 5 8 2 
1 7 7 14 4 3 
1 31 4 
3 20 9 1 3 
1 6 8 12 1 3 5 
22 3 5 2 2 1 1 
2 14 11 3 1 5 
6 4 11 1 2 8 1 2 1 
1 2 18 1 2 2 4 2 1 3 
2 18 7 1 3 4 1 
12 22 2 
1 30 5 
1 26 3 3 2 1 
8 21 7 
1 7 16 8 3 1 
13 9 14 
8 11 6 4 1 1 4 1 
1 1 26 3 3 2 
3 5 1 11 1 4 2 3 2 3 1 
35 1 
1 16 10 5 1 2 1 
6 11 19 
15 9 4 8 
2 13 6 4 11 
1 11 1 16 5 2 
1 27 6 1 1 
6 21 9 
1 17 17 1 
3 25 8 
5 12 10 7 2 
9 21 5 1 
1 31 1 3 
15 1 4 9 2 1 2 2 
3 6 15 2 2 5 3 
18 13 3 2 
3 21 6 4 1 1 
33 2 1 
24 10 1 1 
8 11 17 
3 12 18 2 1 
4 15 14 1 2 
1 16 13 3 1 2 
5 22 9 
1 2 1 21 8 1 1 1 
8 28 
1 17 18 
1 20 15 
2 16 1 16 1 
6 18 7 3 1 1 
2 31 2 1 
1 11 14 4 3 3 
18 2 5 9 1 1 
1 32 3 
1 18 17 
21 3 7 5 
18 13 1 2 2 
28 4 4 
4 31 1 
1 12 13 9 1 
15 14 7 
1 28 3 3 1 
6 7 15 5 3 
11 20 1 3 1 
1 12 21 2 
1 4 17 12 2 
1 13 21 1 
2 30 4 
3 1 1 27 2 1 1 
4 18 4 3 5 1 1 
30 1 5 
1 15 15 2 2 1 
20 4 4 4 2 2 
1 23 7 4 1 
9 25 2 
3 12 3 3 5 6 2 1 1 
16 18 2 
1 33 1 1 
10 6 13 6 1 
11 20 3 2 
1 13 9 8 1 3 1 
13 7 7 1 5 1 2 
1 6 27 1 1 
2 3 8 23 
1 5 5 1 1 6 2 13 1 1 
1 18 15 1 1 
9 1 19 7 
9 21 2 4 
36 
2 16 3 7 2 4 1 1 
3 3 2 15 11 1 1 
19 12 5 
1 28 7 
1 27 1 2 1 1 3 
9 20 7 
14 3 16 2 1 
1 3 17 5 6 4 
1 10 20 1 4 
1 30 5 
15 10 9 1 1 
2 5 25 1 2 1 
3 6 5 16 4 1 1 
6 13 15 1 1 
1 29 1 5 
1 17 5 5 8 
2 17 17 
1 10 15 8 1 1 
1 7 2 14 9 1 2 
5 11 9 2 7 1 1 
29 4 1 2 
22 6 3 3 2 
2 18 8 4 3 1 
21 11 4 
21 9 4 2 
1 20 15 
2 27 7 
5 10 21 
3 22 6 4 1 
1 17 1 1 5 1 2 2 3 1 1 1 
10 14 10 1 1 
12 6 7 3 4 2 1 1 
1 28 6 1 
1 20 9 3 1 2 
2 25 2 2 5 
3 14 10 1 3 2 3 
6 16 9 2 2 1 
2 25 8 1 
3 30 1 2 
1 31 2 1 1 
1 15 20 
1 35 
35 1 
1 17 13 2 1 2 
1 12 17 6 
1 12 2 7 13 1 
2 33 1 
1 27 8 
1 9 24 2 
28 6 1 1 
3 32 1 
1 25 9 1 
2 18 12 2 2 
1 24 5 6 
3 20 13 
23 4 4 4 1 
31 3 2 
1 31 2 2 
1 21 9 3 2 
1 7 1 22 5 
6 3 25 2 
22 13 1 
9 20 5 2 
3 18 5 9 1 
4 10 15 3 4 
5 17 7 4 2 1 
1 26 2 1 2 4 
3 31 1 1 
14 21 1 
6 22 6 1 1 
2 12 21 1 
1 4 31 
3 22 11 
10 21 1 3 1 
6 13 5 5 7 
1 23 12 
1 13 12 10 
1 10 13 1 9 2 
35 1 
1 21 14 
1 21 14 
1 17 18 
1 17 1 6 9 2 
3 5 25 1 2 
4 3 6 5 17 1 
5 17 7 1 4 2 
1 21 14 
1 11 17 1 6 
19 4 1 1 6 1 2 1 1 
28 5 2 1 
4 30 1 1 
24 4 3 5 
21 13 2 
1 1 3 18 7 1 1 3 1 
3 5 25 1 2 
10 2 6 12 1 5 
3 7 23 1 2 
1 23 10 2 
1 23 10 1 1 
4 27 2 3 
5 24 6 1 
5 5 15 7 4 
17 8 6 2 3 
24 12 
6 15 14 1 
7 29 
21 15 
36 
2 28 2 4 
1 9 21 5 
8 10 18 
1 18 15 2 
1 3 3 12 14 3 
3 11 20 2 
33 3 
13 12 7 3 1 
9 27 
1 19 15 1 
20 14 2 
3 4 8 12 1 7 1 
6 25 2 2 1 
1 4 9 17 3 2 
1 16 14 1 4 
1 23 3 1 4 3 1 
3 19 9 2 2 1 
2 12 6 13 2 1 
1 5 19 8 1 1 1 
3 29 4 
1 25 8 2 
2 32 1 1 
2 26 8 
1 19 16 
1 28 2 2 3 
1 26 9 
2 4 21 2 1 6 
13 21 2 
2 12 22 
1 16 17 2 
2 16 14 2 2 
1 24 1 2 6 1 1 
1 10 19 6 
1 8 25 1 1 
20 3 7 6 
1 1 20 10 1 2 1 
1 11 5 6 4 2 2 5 
1 25 5 3 2 
3 2 12 16 2 1 
2 19 11 2 1 1 
36 
2 3 24 5 2 
13 2 19 2 
15 12 4 1 4 
2 13 11 1 7 1 1 
4 25 7 
2 31 3 
1 31 2 2 
1 33 2 
1 5 10 6 5 2 1 1 5 
1 34 1 
2 22 8 3 1 
22 9 1 3 1 
6 25 2 1 1 1 
8 3 14 3 2 4 1 1 
8 17 10 1 
3 10 22 1 
33 3 
1 14 1 5 10 3 2 
36 
3 27 5 1 
4 31 1 
1 3 4 11 10 7 
36 
17 13 6 
16 5 4 3 1 2 2 1 2 
17 7 8 3 1 
3 24 9 
1 29 6 
1 11 11 1 1 8 1 1 1 
2 9 4 15 6 
7 5 6 2 15 1 
19 8 5 3 1 
1 14 6 7 5 1 2 
35 1 
1 27 8 
2 4 2 26 2 
36 
2 13 20 1 
1 12 7 8 1 3 1 3 
5 25 6 
4 30 2 
33 3 
7 7 20 1 1 
18 10 2 2 2 1 1 
2 8 22 4 
11 6 5 2 9 2 1 
3 3 22 1 1 3 2 1 
2 33 1 
3 16 15 1 1 
2 13 3 5 2 10 1 
30 4 2 
13 3 3 14 1 1 1 
1 2 21 3 1 8 
3 19 14 
1 16 19 
1 24 2 9 
2 20 7 7 
1 5 30 
2 24 1 4 1 3 1 
1 12 13 10 
2 15 9 6 1 3 
1 23 1 11 
4 12 16 4 
7 3 17 8 1 
8 13 6 5 4 
2 23 11 
1 13 14 5 1 2 
3 32 1 
7 19 1 8 1 
1 12 23 
4 18 13 1 
1 11 9 9 3 3 
36 
1 13 14 1 4 2 1 
2 26 2 3 1 2 
6 7 3 5 13 2 
1 13 8 5 8 1 
22 3 11 
7 17 11 1 
1 10 17 4 1 2 1 
2 3 14 1 5 8 3 
1 25 7 3 
1 4 3 26 2 
3 9 3 15 2 2 1 1 
10 19 1 6 
1 33 2 
1 5 9 4 5 9 3 
1 19 16 
10 7 19 
35 1 
1 27 1 7 
27 6 1 1 1 
36 
2 29 5 
1 34 1 
2 7 26 1 
1 34 1 
1 10 7 8 5 5 
2 32 2 
1 25 3 6 1 
1 27 5 2 1 
3 29 3 1 
1 18 9 1 7 
6 19 11 
5 20 10 1 
3 14 12 2 4 1 
33 3 
1 16 19 
1 30 3 2 
2 29 5 
14 18 4 
9 22 1 1 3 
2 8 20 3 1 1 1 
2 9 3 2 12 6 2 
1 8 7 1 15 3 1 
19 9 2 1 1 4 
2 22 9 2 1 
1 30 2 3 
20 8 7 1 
1 24 11 
3 5 6 15 7 
2 2 17 2 3 5 5 
1 29 2 3 1 
16 12 3 4 1 
1 3 19 2 1 2 6 2 
1 26 5 3 1 
1 29 4 1 1 
1 21 3 2 6 3 
1 20 6 5 1 1 1 1 
28 2 2 1 1 1 1 
13 11 3 8 1 
1 22 11 2 
34 2 
1 2 28 2 1 2 
24 2 10 
2 25 5 1 2 1 
1 22 1 9 3 
1 6 11 12 5 1 
1 1 1 18 5 1 9 
1 14 11 6 2 1 1 
1 34 1 
1 32 3 
3 18 4 1 2 8 
1 27 8 
1 13 4 1 9 3 5 
36 
2 21 2 1 10 
7 14 13 1 1 
11 24 1 
2 7 1 18 7 1 
36 
2 20 6 3 1 1 1 1 1 
2 20 2 9 3 
2 27 2 2 2 1 
3 14 15 4 
15 11 1 2 2 5 
2 8 5 18 3 
1 31 2 2 
21 7 3 5 
5 7 9 7 4 1 1 1 1 
1 33 2 
25 11 
1 21 14 
3 4 24 4 1 
3 7 26 
29 1 4 2 
2 19 1 5 8 1 
35 1 
3 7 22 3 1 
2 4 26 3 1 
1 29 1 4 1 
2 26 6 2 
6 23 1 6 
1 32 3 
4 14 2 9 6 1 
11 11 2 11 1 
16 5 15 
9 19 4 4 
2 13 3 18 
3 5 5 17 4 1 1 
2 14 14 1 1 4 
1 18 8 7 1 1 
33 1 2 
13 8 4 6 1 1 1 2 
29 1 5 1 
1 21 14 
7 5 23 1 
14 12 4 5 1 
1 21 10 1 3 
19 13 3 1 
25 4 1 3 3 
19 10 1 1 3 2 
36 
1 35 
4 32 
1 25 10 
14 6 16 
11 24 1 
36 
1 24 7 4 
3 19 13 1 
2 2 2 26 1 2 1 
7 2 4 9 9 3 2 
3 3 2 9 9 3 7 
2 32 2 
1 3 30 1 1 
2 9 11 4 6 1 1 2 
5 12 19 
6 19 9 2 
1 8 16 2 7 1 1 
1 21 4 8 2 
1 19 16 
16 4 16 
8 7 5 7 3 4 2 
25 1 6 2 2 
6 22 1 7 
1 14 10 11 
2 1 26 4 1 2 
1 31 3 1 
31 2 2 1 
1 29 1 2 2 1 
2 18 16 
1 8 27 
3 27 3 2 1 
3 3 17 7 5 1 
18 17 1 
4 3 23 1 2 3 
30 6 
36 
30 4 2 
1 22 13 
1 31 1 3 
12 2 6 2 11 1 1 1 
29 3 4 
5 6 21 2 2 
10 18 4 4 
11 13 2 1 2 3 1 2 1 
6 11 16 1 1 1 
1 5 3 4 20 1 1 1 
27 1 3 1 3 1 
36 
2 29 1 4 
31 3 1 1 
27 5 4 
1 29 4 2 
2 15 9 3 1 1 2 2 1 
1 23 7 3 2 
1 15 15 1 4 
8 10 18 
2 22 8 4 
3 32 1 
36 
36 
30 4 2 
8 3 7 13 3 1 1 
3 10 20 3 
1 35 
1 30 5 
24 5 1 4 2 
33 2 1 
32 3 1 
1 29 1 3 2 
2 14 16 1 2 1 
20 9 5 1 1 
1 29 5 1 
10 16 10 
1 11 19 3 2 
2 13 19 2 
1 25 9 1 
1 10 20 3 2 
21 5 4 1 3 1 1 
1 35 
1 34 1 
1 20 14 1 
1 23 12 
1 4 20 1 6 4 
3 17 6 4 5 1 
4 20 12 
22 6 5 1 1 1 
1 9 26 
12 5 5 13 1 
1 33 1 1 
1 10 25 
1 27 1 6 1 
2 17 5 3 6 2 1 
4 2 11 10 3 6 
24 1 6 4 1 
1 6 22 7 
36 
8 21 3 1 2 1 
27 2 1 2 2 1 1 
1 33 1 1 
1 23 3 6 1 2 
1 4 10 11 1 7 2 
35 1 
1 7 25 1 2 
15 21 
29 4 2 1 
3 18 9 4 2 
2 14 8 7 4 1 
32 4 
3 29 2 1 1 
5 15 3 12 1 
1 34 1 
1 33 2 
3 3 4 22 2 1 1 
1 31 4 
1 23 12 
6 17 9 1 2 1 
3 10 12 3 5 1 2 
35 1 
1 13 14 2 2 4 
1 19 16 
11 23 2 
2 27 3 3 1 
1 34 1 
2 32 1 1 
3 28 5 
10 12 5 2 5 1 1 
22 6 4 4 
6 24 2 2 2 
5 25 1 2 3 
2 33 1 
1 27 2 3 1 2 
6 4 24 1 1 
1 2 13 2 5 10 1 2 
36 
1 24 9 1 1 
9 5 13 3 1 3 1 1 
1 24 7 2 1 1 
9 16 7 2 1 1 
1 13 5 10 4 1 1 1 
2 9 10 11 3 1 
10 12 9 2 2 1 
29 5 2 
1 7 10 3 13 2 
1 18 14 2 1 
3 16 3 7 7 
2 32 2 
2 18 5 7 2 1 1 
1 15 18 2 
13 10 8 1 2 1 1 
5 2 21 4 2 1 1 
5 21 2 8 
6 1 22 7 
2 21 5 5 1 2 
1 12 2 1 3 4 6 6 1 
2 20 4 8 1 1 
24 6 5 1 
1 7 23 5 
1 6 9 7 12 1 
4 8 9 3 8 2 1 1 
4 3 3 1 15 6 4 
2 30 3 1 
12 22 2 
3 28 5 
2 34 
36 
12 23 1 
1 1 10 6 9 7 2 
1 11 14 4 2 4 
28 3 5 
3 22 1 1 3 4 1 1 
1 35 
3 16 2 15 
6 23 4 2 1 
1 13 20 2 
36 
1 6 8 2 17 1 1 
1 1 34 
8 27 1 
1 29 6 
1 32 3 
1 34 1 
6 15 4 1 9 1 
29 3 4 
1 8 19 8 
5 4 13 7 3 4 
3 30 3 
9 11 8 8 
6 29 1 
1 32 3 
1 32 3 
2 12 19 1 1 1 
2 13 7 9 1 2 1 1 
12 20 1 3 
1 22 10 1 1 1 
2 8 5 9 1 3 3 2 2 1 
1 13 11 9 2 
8 15 3 10 
5 12 19 
13 8 11 4 
1 19 14 2 
4 30 2 
1 1 34 
2 2 18 5 4 4 1 
8 18 4 6 
6 16 10 2 2 
5 14 15 1 1 
1 8 17 10 
9 9 3 3 12 
2 12 12 4 6 
1 8 27 
1 7 9 13 3 3 
3 17 9 3 2 1 1 
1 5 5 15 5 4 1 
6 20 9 1 
6 2 2 19 5 1 1 
6 29 1 
1 28 7 
35 1 
1 27 1 2 1 1 3 
1 20 5 5 4 1 
20 2 7 5 2 
22 7 7 
1 17 18 
2 25 3 2 3 1 
12 3 11 2 4 4 
3 19 7 5 1 1 
18 10 8 
1 31 3 1 
1 24 9 2 
23 1 6 6 
1 20 1 8 6 
2 13 12 3 4 1 1 
1 34 1 
1 9 13 6 1 1 2 1 1 1 
2 20 7 5 2 
1 2 33 
32 1 1 1 1 
1 33 2 
5 2 27 2 
5 12 5 6 8 
2 25 9 
1 26 9 
1 1 7 16 2 1 6 1 1 
26 5 4 1 
5 27 3 1 
24 8 4 
1 22 13 
1 10 25 
3 26 7 
1 8 16 1 4 6 
2 9 18 3 2 2 
11 19 6 
8 2 4 19 1 1 1 
1 17 18 
1 3 11 15 6 
4 18 14 
1 5 4 8 16 1 1 
2 10 8 7 6 3 
4 30 2 
25 9 2 
13 9 10 2 2 
3 3 19 2 7 2 
28 7 1 
1 25 3 1 1 2 2 1 
1 22 10 1 2 
1 22 1 1 4 5 1 1 
3 6 17 1 4 4 1 
22 2 8 1 2 1 
3 13 2 17 1 
35 1 
1 13 9 8 5 
30 3 1 1 1 
8 24 4 
4 26 6 
1 31 2 2 
31 5 
1 19 10 3 1 1 1 
1 3 19 10 2 1 
9 24 3 
11 10 13 1 1 
15 20 1 
1 4 15 5 9 2 
20 3 12 1 
32 1 2 1 
3 5 6 11 7 3 1 
1 23 1 11 
1 15 17 3 
10 8 8 6 2 2 
1 30 5 
2 1 13 6 6 7 1 
1 15 14 1 1 3 1 
1 27 2 4 2 
1 13 5 16 1 
7 9 20 
16 18 2 
2 2 32 
1 15 11 1 3 1 3 1 
1 32 3 
2 33 1 
1 17 15 2 1 
2 32 2 
1 15 15 2 3 
19 14 3 
16 20 
1 9 26 
1 22 7 2 1 3 
2 11 13 2 7 1 
3 5 20 8 
31 4 1 
9 26 1 
7 2 22 3 1 1 
4 22 7 3 
7 6 11 10 1 1 
1 6 10 19 
1 32 2 1 
4 14 8 5 3 2 
8 17 11 
1 20 1 2 10 2 
4 25 2 1 3 1 
1 14 16 4 1 
10 26 
1 21 14 
5 22 2 1 6 
2 31 3 
36 
30 5 1 
9 7 11 4 4 1 
2 2 29 3 
1 27 5 3 
1 20 14 1 
5 11 7 1 4 2 2 2 1 1 
35 1 
1 28 3 3 1 
6 2 16 1 10 1 
1 13 7 6 6 1 2 
36 
7 27 2 
12 3 19 1 1 
1 21 4 2 4 3 1 
15 19 1 1 
1 23 3 7 2 
1 35 
12 13 8 2 1 
6 29 1 
1 21 7 1 5 1 
1 10 22 2 1 
1 7 6 8 3 3 5 3 
2 3 10 10 8 2 1 
22 1 5 3 4 1 
1 24 1 10 
1 18 3 14 
1 10 18 6 1 
2 15 19 
2 5 23 4 1 1 
3 11 13 1 6 2 
2 28 2 1 1 2 
2 3 31 
5 23 3 4 1 
1 6 26 2 1 
4 4 15 4 2 6 1 
1 32 2 1 
13 8 11 1 3 
3 26 1 6 
3 10 9 5 4 5 
2 13 11 5 5 
5 30 1 
3 7 26 
32 2 2 
5 23 5 3 
2 29 5 
1 2 24 1 5 1 2 
23 7 5 1 
1 21 2 4 8 
1 5 30 
2 33 1 
2 18 12 1 2 1 
9 21 2 2 1 1 
3 30 1 1 1 
36 
1 17 12 2 3 1 
1 12 10 8 5 
2 8 4 3 9 6 2 2 
1 17 6 11 1 
1 23 5 4 1 2 
3 25 8 
1 31 2 1 1 
1 16 18 1 
2 6 28 
4 30 2 
35 1 
6 22 5 1 2 
1 27 8 
1 24 3 1 7 
1 27 8 
1 17 12 5 1 
1 33 2 
6 23 7 
1 19 14 1 1 
2 12 18 4 
2 33 1 
16 14 6 
1 33 2 
1 10 3 7 9 6 
1 16 19 
12 6 17 1 
1 14 7 3 11 
26 9 1 
2 15 18 1 
1 4 13 4 9 3 2 
24 11 1 
4 16 9 7 
10 9 12 2 3 
1 21 4 10 
1 34 1 
27 8 1 
1 4 27 4 
34 1 1 
1 34 1 
1 32 3 
4 21 1 6 1 2 1 
11 19 6 
1 21 6 7 1 
2 29 4 1 
1 32 2 1 
1 25 4 5 1 
1 16 15 3 1 
1 1 19 11 2 2 
23 6 6 1 
1 25 5 5 
13 16 1 6 
3 19 10 2 1 1 
36 
1 27 8 
30 3 3 
8 21 4 1 2 
1 17 17 1 
3 19 11 1 1 1 
22 9 1 3 1 
1 19 15 1 
4 9 22 1 
26 4 6 
1 18 15 1 1 
3 14 5 3 9 1 1 
1 25 8 1 1 
3 19 1 1 4 8 
1 4 15 14 2 
2 4 19 7 3 1 
2 6 3 1 7 6 9 1 1 
1 23 12 
1 22 9 3 1 
34 1 1 
1 2 10 1 17 5 
1 22 1 5 2 1 1 2 1 
3 14 1 6 11 1 
1 6 7 7 5 9 1 
5 28 2 1 
1 5 3 4 3 17 2 1 
1 35 
1 18 5 9 3 
6 6 19 1 4 
1 9 3 14 3 1 3 2 
2 33 1 
2 30 4 
1 34 1 
1 15 13 6 1 
1 4 15 14 2 
1 22 7 3 3 
1 14 4 15 2 
3 19 7 6 1 
3 20 13 
1 32 3 
10 3 7 14 2 
14 6 6 5 3 1 1 
36 
18 3 13 2 
4 29 3 
17 12 2 3 1 1 
1 10 10 1 1 3 1 4 3 2 
1 21 14 
10 1 8 16 1 
6 9 1 18 1 1 
1 31 4 
1 35 
5 7 5 1 3 15 
30 6 
1 26 1 7 1 
29 1 1 3 2 
1 33 2 
35 1 
4 2 18 12 
1 32 2 1 
3 22 10 1 
1 35 
1 30 5 
34 2 
2 27 3 1 2 1 
2 7 7 5 8 1 2 3 1 
1 8 21 3 1 2 
14 22 
34 2 
2 14 6 12 1 1 
7 10 5 11 1 1 1 
1 3 13 19 
1 13 21 1 
22 6 7 1 
19 2 9 2 4 
19 15 2 
3 6 8 12 7 
12 8 7 5 2 1 1 
1 20 8 6 1 
26 4 1 1 4 
3 1 7 10 12 2 1 
2 14 20 
8 10 10 3 4 1 
18 12 3 3 
16 9 5 4 2 
1 25 10 
33 1 2 
1 35 
1 29 4 2 
1 18 1 13 3 
8 14 8 3 2 1 
28 6 2 
1 5 17 1 11 1 
1 3 9 7 2 9 4 1 
7 27 2 
13 10 12 1 
16 8 7 5 
8 6 21 1 
4 8 1 16 2 4 1 
11 18 2 4 1 
1 12 3 5 1 2 12 
9 18 4 2 3 
5 16 4 7 1 1 1 1 
12 21 3 
1 15 19 1 
1 3 9 11 1 9 1 1 
4 32 
1 15 6 6 5 2 1 
5 17 5 6 1 1 1 
36 
2 4 21 7 2 
3 7 24 1 1 
1 2 8 19 1 4 1 
14 11 11 
5 25 5 1 
14 11 10 1 
1 16 8 10 1 
1 12 17 6 
3 16 3 3 5 1 3 1 1 
6 26 1 3 
1 27 7 1 
3 3 12 2 2 2 1 4 2 1 4 
3 24 1 3 1 3 1 
21 6 9 
1 26 9 
2 4 29 1 
1 21 14 
1 28 6 1 
16 15 5 
1 9 25 1 
2 7 6 10 2 7 2 
24 8 4 
1 13 14 5 3 
2 32 1 1 
1 32 3 
5 6 13 5 4 2 1 
1 28 6 1 
36 
5 6 24 1 
1 30 4 1 
1 7 15 11 1 1 
1 11 10 10 4 
6 27 1 1 1 
1 4 15 7 2 1 3 1 2 
19 1 10 2 2 2 
4 18 9 5 
2 5 4 15 4 4 2 
5 26 2 2 1 
22 5 5 4 
19 16 1 
36 
1 29 1 1 2 2 
3 31 2 
1 15 20 
2 28 1 5 
1 15 7 7 4 2 
5 31 
1 9 12 8 6 
1 32 3 
1 1 20 12 1 1 
1 28 1 3 2 1 
33 2 1 
2 15 4 1 11 1 2 
1 30 5 
3 24 5 1 1 1 1 
1 20 14 1 
31 1 4 
2 12 17 4 1 
6 15 14 1 
1 15 18 2 
4 11 14 6 1 
2 33 1 
29 3 4 
1 33 1 1 
2 34 
1 6 1 22 4 1 1 
25 11 
3 25 6 2 
1 5 9 18 3 
13 3 10 1 2 1 4 2 
18 16 1 1 
1 35 
2 13 3 8 3 1 1 4 1 
2 11 20 2 1 
5 22 2 2 4 1 
1 22 10 3 
3 14 14 5 
30 1 4 1 
1 4 5 16 8 1 1 
10 20 6 
1 7 3 12 5 7 1 
2 30 4 
24 7 5 
3 29 3 1 
4 5 13 13 1 
7 27 2 
1 3 31 1 
1 27 8 
1 29 6 
1 4 12 18 1 
5 2 20 3 2 3 1 
1 25 6 2 1 1 
7 2 17 2 1 6 1 
4 14 3 3 6 1 5 
13 19 2 1 1 
1 27 3 3 1 1 
1 23 12 
14 13 2 6 1 
2 2 3 26 3 
