1 29 2 2 3 
1 34 1 1 
1 9 10 17 
1 24 11 1 
37 
2 3 18 2 1 10 1 
1 11 20 5 
3 23 4 1 1 1 3 1 
21 3 5 2 4 2 
2 31 4 
5 26 5 1 
9 10 4 6 3 2 1 2 
15 4 8 4 5 1 
2 13 17 4 1 
6 16 15 
1 1 35 
3 17 2 1 10 4 
2 7 5 14 8 1 
9 1 9 6 3 3 6 
1 1 9 22 4 
35 1 1 
1 26 7 2 1 
22 7 4 3 1 
37 
2 5 17 6 7 
1 19 1 14 1 1 
15 15 1 1 2 1 2 
32 3 1 1 
20 13 1 3 
2 4 30 1 
21 3 5 8 
28 7 2 
1 2 21 12 1 
3 27 3 3 1 
1 10 23 3 
4 30 2 1 
5 4 18 7 3 
2 34 1 
1 20 10 3 3 
2 13 16 2 3 1 
33 4 
1 21 15 
27 7 1 2 
1 35 1 
6 31 
5 6 1 21 1 1 2 
3 34 
5 1 6 15 2 4 4 
2 14 5 4 11 1 
3 2 2 10 8 1 5 1 5 
1 33 2 1 
11 4 9 9 4 
1 13 15 8 
1 34 2 
1 20 1 7 8 
1 16 16 4 
1 5 27 2 2 
22 5 10 
4 2 3 10 8 7 1 2 
3 10 22 1 1 
6 12 3 13 2 1 
1 6 2 7 13 2 4 2 
1 7 19 8 2 
1 15 19 2 
23 3 11 
3 16 1 7 2 1 3 1 1 2 
1 32 2 2 
1 13 23 
1 31 1 1 3 
1 23 2 5 6 
2 3 5 2 7 4 3 10 1 
2 21 11 1 1 1 
1 24 4 7 1 
13 17 3 1 3 
31 6 
1 24 11 1 
12 24 1 
12 13 2 3 3 2 2 
2 34 1 
1 12 24 
5 32 
4 33 
1 15 15 4 2 
5 31 1 
1 4 18 5 5 3 1 
2 26 8 1 
17 20 
1 15 16 3 1 1 
1 7 9 18 2 
17 1 7 10 2 
6 8 23 
1 28 8 
2 24 10 1 
1 2 7 18 5 2 1 1 
1 1 15 3 14 3 
1 29 1 3 3 
9 28 
3 1 3 26 4 
12 23 1 1 
9 18 6 4 
1 21 9 4 1 1 
3 14 18 2 
10 25 2 
2 17 3 1 10 2 1 1 
28 7 2 
2 24 4 7 
2 34 1 
1 1 3 25 2 3 2 
7 12 2 3 12 1 
12 8 9 1 7 
13 18 3 3 
16 12 9 
17 16 1 3 
1 27 2 4 3 
1 1 31 1 1 1 1 
31 6 
2 10 6 8 1 8 1 1 
3 4 12 13 1 2 1 1 
3 11 10 7 4 2 
1 35 1 
2 27 6 2 
2 9 22 3 1 
2 1 9 24 1 
1 35 1 
12 19 6 
1 13 2 3 14 2 1 1 
1 12 12 11 1 
27 6 4 
5 27 5 
1 1 31 3 1 
1 21 1 4 5 2 3 
28 2 3 2 2 
13 20 4 
15 12 4 6 
1 20 2 3 6 1 1 2 1 
1 15 18 3 
3 25 1 1 6 1 
1 31 3 1 1 
2 34 1 
7 27 3 
2 20 2 1 9 2 1 
37 
1 1 27 4 4 
4 7 7 3 1 12 1 1 1 
3 22 3 8 1 
32 2 3 
8 28 1 
1 3 13 5 6 6 1 1 1 
3 18 4 1 7 3 1 
1 35 1 
1 1 12 7 6 4 3 2 1 
7 9 10 8 1 2 
1 29 4 3 
24 4 3 5 1 
1 16 20 
1 25 4 4 3 
3 34 
6 12 15 3 1 
1 25 11 
20 17 
18 8 11 
30 3 3 1 
15 16 3 1 2 
32 1 2 2 
2 12 22 1 
1 36 
2 16 16 1 1 1 
37 
7 27 3 
1 15 11 10 
1 20 5 1 3 4 1 2 
1 19 10 1 1 5 
4 21 12 
1 6 16 1 8 1 4 
2 29 3 2 1 
9 2 21 1 3 1 
4 22 11 
1 20 10 2 1 2 1 
2 23 7 2 3 
33 3 1 
25 10 1 1 
35 1 1 
1 22 12 2 
1 29 6 1 
2 12 13 4 6 
1 5 17 12 2 
1 33 3 
1 2 9 23 2 
1 25 3 8 
7 16 5 9 
8 18 1 1 5 1 1 2 
1 21 14 1 
2 15 18 2 
3 31 1 1 1 
1 2 10 17 6 1 
11 22 1 3 
4 11 22 
20 16 1 
4 11 16 5 1 
1 11 6 15 2 2 
5 28 3 1 
1 28 7 1 
9 25 2 1 
4 22 5 2 2 1 1 
1 34 2 
3 14 11 1 4 4 
1 17 14 1 1 1 1 1 
1 24 3 7 2 
33 4 
36 1 
1 15 7 4 5 5 
1 27 4 3 2 
10 21 1 1 1 1 1 1 
1 11 16 1 5 1 2 
9 3 9 8 3 4 1 
8 6 6 2 5 1 3 2 4 
1 27 3 5 1 
1 18 1 11 5 1 
1 31 4 1 
2 1 11 13 7 1 2 
2 21 10 2 2 
23 8 3 1 2 
1 31 2 3 
5 31 1 
1 17 19 
11 9 7 10 
1 31 3 2 
1 31 5 
2 26 1 2 5 1 
28 6 1 1 1 
1 4 26 4 2 
1 5 1 29 1 
1 23 1 11 1 
1 14 20 1 1 
1 3 9 15 3 4 1 1 
4 25 1 6 1 
4 7 25 1 
1 15 10 1 3 2 3 1 1 
9 2 21 3 1 1 
1 11 17 5 1 2 
2 18 15 2 
5 32 
19 18 
2 34 1 
2 15 8 2 6 4 
1 22 1 2 6 1 3 1 
20 17 
1 2 27 4 3 
33 3 1 
1 36 
10 24 1 2 
7 24 6 
36 1 
1 33 2 1 
1 17 9 7 2 1 
2 18 3 3 5 2 3 1 
1 3 23 4 6 
1 36 
1 20 15 1 
1 13 23 
1 8 2 3 10 6 2 2 2 1 
1 2 14 4 1 3 6 1 4 1 
5 28 4 
30 3 4 
1 4 1 7 21 1 1 1 
8 18 1 6 2 2 
1 22 3 6 1 3 1 
1 26 1 5 2 1 1 
1 23 2 2 2 1 4 2 
13 3 13 5 3 
12 4 10 3 2 3 2 1 
1 7 21 1 1 2 3 1 
19 13 4 1 
37 
9 8 1 4 2 5 2 6 
1 35 1 
2 15 7 12 1 
7 16 6 2 1 2 1 1 1 
3 31 2 1 
1 10 8 14 1 1 1 1 
1 12 6 16 1 1 
13 18 4 1 1 
2 6 16 11 1 1 
1 2 11 13 6 2 2 
6 11 3 9 5 2 1 
2 27 8 
1 21 11 1 1 1 1 
1 24 11 1 
1 29 5 1 1 
4 18 15 
2 9 10 7 8 1 
1 23 2 5 4 1 1 
1 23 8 1 2 2 
12 3 18 1 1 2 
6 28 2 1 
1 9 17 6 4 
3 30 4 
28 4 2 2 1 
2 25 2 3 5 
1 11 1 20 1 1 1 1 
1 24 1 7 2 1 1 
36 1 
1 5 26 1 4 
8 14 8 4 3 
5 8 12 11 1 
32 1 3 1 
20 1 4 8 3 1 
5 32 
1 15 2 12 1 4 1 1 
5 29 1 2 
21 5 1 4 6 
32 3 1 1 
25 9 3 
10 6 3 3 11 3 1 
8 11 7 1 9 1 
1 17 17 1 1 
9 25 2 1 
1 18 16 2 
4 31 1 1 
1 27 8 1 
1 23 4 2 1 6 
1 31 3 2 
6 21 5 2 3 
1 2 25 7 2 
1 13 12 6 5 
11 15 5 3 1 1 1 
1 11 5 10 8 2 
28 1 5 3 
2 4 3 5 12 1 1 8 1 
1 14 21 1 
4 27 4 2 
7 2 20 1 3 2 1 1 
29 2 1 2 2 1 
1 28 8 
1 34 2 
9 26 1 1 
3 15 5 11 2 1 
2 1 19 11 3 1 
6 15 7 5 3 1 
14 1 21 1 
4 27 2 2 1 1 
2 12 19 1 2 1 
3 2 30 2 
1 12 2 20 2 
1 14 12 7 1 2 
8 11 16 2 
1 15 6 4 9 1 1 
7 11 8 7 1 2 1 
1 7 25 1 1 2 
1 4 18 5 2 1 5 1 
18 18 1 
1 2 9 15 2 6 1 1 
1 29 5 1 1 
1 4 30 2 
2 8 11 9 7 
1 33 3 
1 29 2 3 2 
2 12 13 4 1 5 
2 33 2 
3 23 11 
1 18 7 10 1 
1 25 6 1 2 1 1 
1 30 6 
7 27 2 1 
4 5 14 10 2 2 
3 8 24 1 1 
1 2 10 9 2 6 6 1 
6 27 3 1 
2 4 12 16 3 
6 5 8 4 5 5 1 3 
1 26 5 4 1 
7 20 10 
3 23 5 1 3 1 1 
3 32 1 1 
4 22 5 4 2 
15 16 1 3 2 
10 7 3 7 2 8 
1 14 3 12 2 5 
2 35 
11 22 4 
8 13 1 15 
8 15 1 9 2 2 
1 30 6 
3 20 9 5 
2 23 9 2 1 
3 27 7 
37 
1 25 5 5 1 
6 3 11 7 5 4 1 
2 21 6 3 5 
1 4 11 20 1 
9 25 3 
1 21 7 1 5 1 1 
1 26 6 4 
9 26 1 1 
1 17 5 10 1 3 
3 6 23 3 2 
2 22 13 
1 9 21 4 1 1 
37 
4 27 6 
2 29 6 
11 5 17 3 1 
1 14 15 5 2 
1 10 3 13 10 
1 29 1 1 2 1 2 
1 29 3 2 2 
4 4 9 19 1 
1 31 3 1 1 
1 3 1 18 7 1 6 
2 32 2 1 
1 24 5 2 5 
1 12 13 3 1 7 
2 12 9 7 5 1 1 
3 13 12 9 
9 16 9 2 1 
33 1 1 1 1 
1 22 12 1 1 
12 25 
1 8 27 1 
1 23 12 1 
1 23 12 1 
2 14 14 3 3 1 
37 
1 19 8 8 1 
2 3 3 26 3 
23 2 3 9 
1 29 4 1 2 
1 26 4 2 2 2 
1 26 8 1 1 
13 11 2 10 1 
1 5 7 8 11 4 1 
25 6 6 
1 14 22 
11 6 9 7 3 1 
3 32 1 1 
1 26 8 2 
1 32 4 
6 12 3 13 2 1 
3 23 10 1 
7 21 5 2 2 
2 2 1 30 2 
18 1 11 7 
3 16 18 
1 20 5 8 2 1 
4 16 4 2 9 1 1 
24 13 
4 7 3 15 4 2 1 1 
9 25 1 1 1 
5 23 9 
2 19 14 2 
2 14 21 
1 31 2 2 1 
22 12 1 2 
18 8 5 5 1 
2 14 21 
5 23 4 2 1 2 
1 3 21 6 1 1 3 1 
1 24 5 5 2 
1 27 5 3 1 
4 2 9 21 1 
3 27 5 1 1 
27 7 1 2 
14 17 6 
2 14 11 2 4 4 
1 28 4 4 
1 20 16 
2 14 6 13 1 1 
1 24 12 
4 4 10 16 1 1 1 
1 2 30 3 1 
15 8 8 4 2 
1 15 11 7 1 1 1 
4 1 27 5 
1 14 10 10 1 1 
7 24 4 1 1 
1 13 15 6 2 
14 5 7 1 2 8 
35 1 1 
1 12 24 
35 1 1 
2 17 5 10 3 
2 17 3 13 2 
22 3 6 1 1 2 2 
1 19 17 
2 10 7 9 6 2 1 
7 18 2 6 4 
3 2 5 22 1 1 3 
1 19 8 2 4 3 
2 3 26 3 2 1 
5 31 1 
10 22 4 1 
1 13 7 7 8 1 
1 3 12 7 5 7 1 1 
3 27 4 2 1 
6 13 3 11 3 1 
5 20 3 2 1 4 2 
36 1 
1 31 4 1 
2 8 16 1 2 3 1 2 1 1 
6 28 3 
2 6 22 3 3 1 
1 20 7 5 3 1 
1 29 1 3 3 
1 3 17 15 1 
11 6 5 13 2 
4 1 4 2 8 11 4 1 1 1 
7 7 9 2 1 5 1 3 1 1 
1 35 1 
2 9 15 1 1 8 1 
4 19 6 4 4 
3 31 2 1 
1 21 3 11 1 
2 34 1 
14 4 15 3 1 
5 8 7 17 
1 7 16 8 4 1 
2 3 5 11 6 9 1 
2 27 2 4 2 
1 3 14 12 3 3 1 
2 14 19 2 
1 30 2 1 1 1 1 
35 1 1 
5 19 6 1 5 1 
3 23 3 2 5 1 
15 1 6 15 
1 8 10 1 1 6 6 2 2 
1 1 16 5 4 4 6 
3 6 12 6 10 
2 31 4 
2 10 3 16 4 2 
1 17 6 7 6 
37 
17 8 12 
16 9 10 1 1 
2 3 25 3 1 3 
2 33 2 
37 
1 3 24 1 5 2 1 
5 27 2 1 1 1 
11 20 2 4 
2 12 16 5 2 
1 5 18 2 5 6 
2 34 1 
3 30 4 
2 22 7 4 2 
3 7 15 12 
1 29 6 1 
33 3 1 
1 9 12 5 9 1 
1 25 11 
8 25 3 1 
7 21 4 5 
26 4 1 2 1 3 
2 16 7 9 3 
25 12 
1 13 22 1 
1 24 4 1 4 3 
5 25 6 1 
25 10 1 1 
1 6 10 12 6 1 1 
6 15 10 2 4 
29 1 5 2 
4 23 3 2 2 2 1 
32 5 
2 4 19 1 9 2 
2 3 17 12 2 1 
17 3 10 1 3 1 1 1 
37 
22 4 10 1 
31 3 3 
34 1 1 1 
37 
1 31 4 1 
1 14 1 12 7 2 
1 30 6 
1 2 34 
1 27 3 3 3 
4 20 13 
1 28 7 1 
1 6 30 
7 23 1 3 3 
2 5 30 
1 22 10 4 
4 32 1 
10 5 5 2 9 1 3 2 
1 2 9 25 
1 7 11 13 4 1 
21 10 2 3 1 
1 22 11 1 1 1 
1 18 1 1 11 2 2 1 
1 26 10 
2 9 13 9 4 
2 12 9 7 4 3 
1 8 6 17 5 
1 8 27 1 
3 25 4 1 4 
4 30 3 
10 15 7 2 2 1 
1 22 10 3 1 
8 12 1 7 8 1 
1 14 10 5 4 1 2 
1 32 3 1 
1 2 28 1 5 
2 22 9 3 1 
1 24 3 6 2 1 
9 27 1 
35 1 1 
3 11 23 
3 25 1 2 3 1 1 1 
5 12 4 5 5 5 1 
5 15 14 3 
6 14 10 5 1 1 
5 21 6 2 1 2 
12 7 3 11 4 
1 36 
2 31 3 1 
1 36 
2 33 2 
1 29 7 
1 16 20 
4 9 24 
1 27 4 5 
18 18 1 
2 23 5 4 3 
2 31 2 2 
4 25 7 1 
25 11 1 
11 5 7 6 7 1 
1 8 2 14 9 3 
3 19 13 1 1 
1 13 18 4 1 
7 23 4 2 1 
1 24 10 2 
6 23 1 5 2 
4 23 3 1 6 
3 16 17 1 
8 17 11 1 
1 2 12 9 6 3 2 2 
2 15 7 10 1 2 
2 24 6 4 1 
1 10 11 12 2 1 
20 17 
6 2 28 1 
6 15 16 
1 29 6 1 
1 17 6 9 4 
18 14 3 1 1 
4 13 2 10 6 1 1 
2 25 10 
16 1 13 2 1 4 
37 
4 11 9 8 3 1 1 
2 10 15 10 
1 6 19 8 3 
7 25 5 
2 16 4 7 3 4 1 
2 8 15 8 3 1 
3 18 10 5 1 
23 11 3 
7 24 2 3 1 
1 29 7 
1 4 21 7 1 3 
5 8 16 2 6 
3 18 7 8 1 
5 4 21 3 2 2 
2 31 1 2 1 
8 22 1 4 1 1 
1 36 
9 18 3 3 3 1 
3 26 1 6 1 
2 1 13 5 1 14 1 
1 28 3 3 1 1 
2 17 6 5 7 
1 29 7 
2 24 6 2 2 1 
4 27 6 
3 28 4 1 1 
3 20 2 9 1 1 1 
3 6 16 6 6 
1 31 3 1 1 
7 20 5 4 1 
20 1 7 2 1 6 
1 16 5 2 4 6 3 
1 25 11 
5 16 14 2 
2 35 
1 4 21 3 1 1 2 3 1 
9 16 2 6 2 1 1 
1 5 15 9 2 2 3 
1 13 9 12 2 
9 26 2 
17 14 6 
1 30 4 2 
13 16 4 1 1 2 
23 7 6 1 
16 9 10 1 1 
20 13 1 1 1 1 
13 2 15 1 4 2 
3 32 1 1 
1 3 5 9 17 1 1 
1 24 12 
15 4 1 15 1 1 
36 1 
2 25 6 2 2 
1 5 11 14 5 1 
1 32 1 2 1 
1 17 12 5 1 1 
1 20 2 10 1 3 
35 2 
4 31 2 
14 2 2 3 16 
1 6 7 8 11 3 1 
1 33 2 1 
4 18 10 5 
1 12 24 
1 30 4 1 1 
2 6 5 16 6 1 1 
35 1 1 
1 35 1 
4 1 26 5 1 
1 12 6 4 1 2 6 4 1 
1 27 3 6 
1 29 7 
31 1 5 
3 22 5 4 2 1 
1 27 1 6 1 1 
1 5 4 17 9 1 
10 22 2 1 2 
13 23 1 
1 10 5 14 3 2 1 1 
33 2 1 1 
2 9 13 1 9 1 1 1 
1 24 10 2 
1 24 12 
6 17 14 
7 15 2 9 3 1 
1 24 2 6 4 
4 17 16 
3 16 9 4 3 2 
17 3 3 6 5 3 
1 27 4 2 2 1 
2 26 5 2 1 1 
1 4 7 3 5 6 4 5 2 
1 22 13 1 
1 32 2 2 
28 1 7 1 
5 12 5 11 4 
1 25 2 4 5 
6 7 10 11 1 2 
2 30 2 1 1 1 
1 28 8 
20 14 2 1 
2 13 21 1 
35 2 
1 24 5 7 
10 15 5 7 
2 22 12 1 
6 6 4 10 3 3 3 1 1 
35 2 
4 16 6 3 8 
2 24 1 4 6 
2 33 1 1 
1 36 
1 1 5 22 4 1 1 1 1 
16 13 8 
2 23 11 1 
23 8 6 
1 22 8 2 4 
4 19 2 4 2 4 2 
5 8 23 1 
1 25 11 
28 7 1 1 
2 30 1 1 1 1 1 
1 1 23 1 9 2 
18 19 
29 7 1 
1 18 4 11 3 
1 33 1 2 
2 2 19 4 4 6 
6 8 6 7 9 1 
1 30 5 1 
6 31 
34 2 1 
2 15 4 1 7 4 4 
5 29 1 1 1 
6 13 11 3 3 1 
8 26 1 2 
1 27 1 5 1 1 1 
2 14 15 3 1 1 1 
3 12 15 2 2 3 
2 35 
1 32 3 1 
1 14 11 11 
35 1 1 
1 12 24 
1 25 2 4 1 2 2 
15 4 18 
4 19 8 5 1 
20 2 7 7 1 
5 25 7 
1 2 16 6 11 1 
4 29 1 1 2 
5 26 5 1 
1 11 21 2 2 
7 28 1 1 
1 21 12 2 1 
23 9 5 
37 
5 27 4 1 
14 11 2 4 3 3 
2 30 5 
1 8 25 3 
1 13 22 1 
2 11 12 1 4 7 
1 11 6 5 2 5 5 1 1 
20 14 2 1 
2 24 11 
2 21 5 5 1 3 
1 15 2 15 3 1 
1 31 1 3 1 
1 29 6 1 
3 34 
1 22 2 2 6 1 1 2 
30 3 3 1 
2 29 5 1 
7 3 5 7 12 1 2 
12 3 3 6 2 8 1 1 1 
1 7 9 4 14 2 
1 33 2 1 
1 14 6 3 2 3 3 1 2 2 
1 11 12 1 6 5 1 
10 18 5 3 1 
3 6 17 10 1 
1 17 16 3 
33 1 1 1 1 
1 2 27 4 3 
37 
12 4 8 6 2 1 3 1 
10 20 7 
1 18 18 
3 27 5 2 
10 20 3 2 1 1 
2 14 9 11 1 
2 19 14 2 
3 28 6 
6 19 12 
31 3 1 2 
1 3 31 1 1 
1 31 5 
2 27 1 7 
8 29 
1 32 4 
1 1 11 19 1 3 1 
2 18 6 9 2 
8 17 12 
1 6 20 1 4 4 1 
1 32 1 3 
2 7 19 8 1 
1 7 9 3 4 3 9 1 
35 1 1 
34 2 1 
4 23 7 2 1 
1 14 1 9 10 1 1 
9 19 3 6 
4 24 9 
33 3 1 
1 27 3 2 2 1 1 
4 12 6 4 4 5 1 1 
7 9 4 1 9 2 1 4 
31 6 
1 14 2 8 1 1 9 1 
34 1 1 1 
21 10 5 1 
2 9 15 11 
2 21 11 1 1 1 
2 24 1 9 1 
30 1 5 1 
1 20 14 1 1 
1 16 14 3 3 
2 14 13 4 1 3 
3 32 1 1 
1 25 11 
1 31 5 
2 25 2 2 6 
7 2 14 1 4 7 2 
1 34 2 
1 27 1 2 5 1 
1 7 11 4 2 2 10 
1 19 12 1 1 3 
1 34 2 
1 19 11 1 2 1 1 1 
14 2 20 1 
1 27 2 6 1 
1 14 4 11 1 2 3 1 
1 1 3 16 15 1 
6 15 8 7 1 
1 26 5 1 3 1 
3 10 5 13 2 2 2 
8 13 12 4 
1 35 1 
2 32 3 
2 7 28 
1 12 14 5 3 1 1 
25 1 10 1 
3 2 7 24 1 
3 22 12 
2 16 6 8 5 
13 6 15 1 1 1 
1 8 22 3 1 1 1 
2 35 
12 10 15 
5 24 4 2 2 
5 22 5 5 
29 3 1 4 
1 25 10 1 
2 12 18 4 1 
4 12 6 9 6 
3 28 6 
1 10 18 3 1 2 1 1 
1 34 1 1 
2 26 9 
1 8 28 
13 20 3 1 
3 4 20 10 
1 5 30 1 
5 21 1 6 4 
1 32 3 1 
8 7 22 
1 27 3 1 5 
12 24 1 
36 1 
1 7 19 8 2 
2 29 6 
9 9 19 
1 8 22 3 1 1 1 
7 15 7 5 3 
37 
22 6 6 2 1 
7 29 1 
4 31 2 
6 28 3 
1 10 10 11 2 2 1 
2 32 3 
1 30 5 1 
1 31 5 
1 4 29 3 
2 30 1 3 1 
30 5 2 
1 28 6 1 1 
5 10 13 2 2 4 1 
1 16 8 1 11 
1 21 1 1 3 2 2 2 3 1 
10 27 
3 31 3 
2 14 17 4 
4 13 8 3 8 1 
2 31 3 1 
1 24 6 4 1 1 
32 1 1 2 1 
3 26 8 
2 9 1 23 2 
5 22 9 1 
1 8 23 3 1 1 
2 22 4 4 5 
1 15 13 7 1 
4 5 28 
1 35 1 
2 6 26 3 
36 1 
3 5 14 15 
1 10 23 1 2 
2 13 12 10 
2 26 5 1 3 
1 8 2 22 4 
2 29 6 
1 12 1 17 4 1 1 
2 10 20 4 1 
2 33 2 
1 35 1 
2 33 1 1 
1 18 16 1 1 
4 20 13 
8 15 3 2 4 4 1 
2 22 7 6 
8 11 13 4 1 
2 6 9 4 8 6 1 1 
1 9 2 17 7 1 
2 1 14 11 6 2 1 
1 13 8 1 4 2 6 2 
35 1 1 
1 29 5 1 1 
1 1 19 1 3 8 2 1 1 
34 3 
1 5 31 
6 26 4 1 
3 8 10 13 3 
1 5 12 7 8 2 1 1 
6 4 20 5 2 
3 16 7 7 1 1 2 
1 4 6 2 5 1 10 7 1 
3 20 14 
13 23 1 
4 26 7 
1 23 2 1 1 4 4 1 
2 19 7 5 3 1 
2 9 6 11 6 3 
16 16 5 
9 3 18 2 5 
2 19 11 3 2 
2 9 26 
3 29 3 2 
2 25 6 1 2 1 
1 10 22 2 2 
2 12 17 2 1 1 1 1 
7 12 17 1 
10 5 14 8 
3 31 3 
7 25 2 3 
18 10 2 4 2 1 
7 27 3 
1 4 1 8 1 18 3 1 
1 16 9 2 1 4 4 
3 27 7 
15 3 15 4 
2 35 
37 
3 6 9 14 1 4 
1 14 22 
7 5 10 14 1 
1 27 1 1 7 
7 29 1 
1 18 16 2 
2 18 17 
1 2 34 
1 2 13 11 7 3 
12 21 2 1 1 
1 25 7 3 1 
16 7 13 1 
1 8 16 8 4 
1 10 15 2 2 6 1 
6 7 6 3 11 1 3 
20 2 14 1 
1 25 11 
2 5 9 7 12 1 1 
14 5 14 1 1 1 1 
1 9 7 18 2 
5 15 15 2 
4 13 14 1 1 3 1 
2 23 10 1 1 
30 3 2 2 
1 8 26 2 
1 29 7 
6 28 2 1 
21 9 7 
1 12 1 12 11 
1 12 20 2 1 1 
1 26 3 7 
4 17 1 1 12 1 1 
1 33 3 
11 5 3 9 1 4 1 3 
2 34 1 
33 2 2 
5 11 8 9 1 2 1 
7 7 21 2 
1 22 9 1 1 1 1 1 
1 33 2 1 
2 6 2 3 15 1 1 5 1 1 
1 11 5 2 18 
1 34 2 
21 11 2 1 2 
1 35 1 
2 31 3 1 
1 34 2 
1 4 2 24 1 3 1 1 
1 7 8 19 1 1 
1 2 26 3 1 2 1 1 
1 32 2 2 
1 9 23 2 2 
1 32 4 
4 27 3 3 
3 25 8 1 
13 7 5 1 11 
3 23 2 4 3 2 
20 10 5 2 
1 2 3 2 2 5 20 1 1 
24 3 2 1 6 1 
4 15 17 1 
1 13 3 1 13 2 3 1 
1 20 4 2 4 6 
1 25 8 3 
1 8 23 5 
5 16 2 4 4 2 3 1 
2 35 
2 3 6 13 7 3 1 2 
32 1 3 1 
1 9 12 15 
1 20 16 
8 15 3 11 
11 12 11 3 
11 23 2 1 
25 8 3 1 
1 5 5 22 2 2 
1 26 8 2 
1 24 10 2 
3 21 7 5 1 
4 28 3 1 1 
1 13 7 10 1 1 4 
1 29 1 5 1 
1 13 23 
1 35 1 
1 33 2 1 
1 31 2 3 
1 34 2 
17 8 2 9 1 
2 35 
1 31 5 
37 
3 31 3 
1 20 7 3 1 4 1 
5 2 23 3 1 2 1 
1 35 1 
30 7 
4 9 18 2 4 
1 24 12 
1 5 6 14 7 1 3 
1 17 1 8 9 1 
15 6 12 1 1 2 
24 1 7 5 
1 25 11 
1 9 19 6 2 
17 3 17 
35 1 1 
1 9 11 16 
2 6 25 1 2 1 
2 17 11 6 1 
2 1 26 8 
7 22 5 3 
1 34 2 
3 28 6 
13 17 2 5 
1 35 1 
7 15 1 12 2 
1 1 17 16 2 
15 22 
23 12 1 1 
1 17 11 2 4 1 1 
3 27 1 2 1 3 
2 9 6 12 1 6 1 
31 5 1 
3 6 27 1 
1 9 9 17 1 
9 4 24 
3 14 20 
2 21 14 
2 26 8 1 
6 9 3 8 8 2 1 
37 
1 29 3 4 
29 4 2 1 1 
33 4 
1 19 9 8 
8 21 4 2 2 
16 14 3 2 1 1 
36 1 
4 18 2 7 3 1 1 1 
5 10 8 11 3 
3 29 4 1 
2 13 15 7 
7 16 11 2 1 
1 16 1 15 1 2 1 
1 22 14 
11 4 6 1 4 9 2 
2 3 32 
25 8 2 2 
1 21 5 1 6 2 1 
2 3 3 22 5 2 
27 2 1 7 
3 27 2 5 
3 34 
1 15 10 7 1 3 
35 2 
1 30 3 2 1 
5 1 10 5 14 1 1 
6 27 3 1 
36 1 
1 34 1 1 
12 12 5 1 3 4 
1 35 1 
5 1 28 1 2 
16 5 10 4 2 
1 32 4 
19 11 4 3 
2 21 7 4 3 
1 23 6 4 1 2 
1 11 7 3 9 3 3 
20 4 7 3 3 
1 32 4 
1 26 8 1 1 
1 35 1 
3 15 17 2 
3 29 4 1 
5 15 17 
37 
1 7 28 1 
2 18 7 8 2 
4 5 21 5 2 
11 5 17 2 2 
1 23 13 
1 20 16 
1 3 7 11 9 2 2 1 1 
2 6 24 1 1 1 2 
1 26 1 9 
2 11 17 4 3 
9 12 2 5 3 1 2 1 1 1 
32 1 1 1 1 1 
1 33 1 1 1 
1 16 8 8 3 1 
37 
1 3 2 13 6 9 1 2 
1 22 14 
3 19 13 1 1 
1 14 3 12 6 1 
10 13 3 10 1 
1 5 1 19 4 7 
5 20 1 1 9 1 
1 10 15 2 1 2 1 4 1 
6 4 7 20 
3 21 1 10 2 
1 31 4 1 
19 6 7 3 1 1 
1 15 13 4 4 
7 9 10 4 3 1 3 
5 3 16 1 11 1 
3 5 13 11 3 2 
4 12 4 9 6 1 1 
1 28 7 1 
13 18 6 
37 
1 25 11 
3 16 10 8 
4 32 1 
1 30 6 
2 21 4 7 2 1 
4 17 6 4 6 
17 15 3 1 1 
1 2 16 5 7 6 
2 31 2 2 
4 2 24 5 2 
3 18 3 3 1 9 
23 13 1 
3 16 6 4 6 1 1 
7 30 
1 26 2 6 2 
36 1 
9 19 2 5 1 1 
18 6 1 12 
1 4 13 3 1 7 5 2 1 
1 21 4 2 8 1 
3 16 4 2 11 1 
36 1 
16 17 3 1 
30 5 2 
19 12 6 
1 13 3 6 8 2 4 
23 8 3 3 
7 9 1 20 
1 34 2 
1 1 24 7 2 1 1 
2 16 3 2 14 
5 4 11 4 5 1 2 2 3 
9 27 1 
2 33 1 1 
3 31 3 
2 22 13 
3 17 4 6 2 1 4 
37 
2 25 9 1 
2 19 11 4 1 
5 13 7 8 3 1 
1 9 20 6 1 
1 1 18 14 2 1 
3 24 1 6 3 
1 36 
34 2 1 
4 21 8 3 1 
1 11 19 4 1 1 
3 4 15 13 2 
1 19 17 
1 22 14 
2 14 17 2 2 
1 27 7 2 
33 4 
25 9 1 1 1 
1 25 8 1 1 1 
2 1 2 24 3 1 3 1 
14 12 8 2 1 
11 26 
10 18 5 3 1 
1 29 7 
1 24 4 4 1 1 2 
1 28 8 
3 20 12 2 
1 13 12 9 2 
1 4 30 1 1 
1 20 2 1 1 1 1 8 1 1 
28 9 
1 4 20 7 2 2 1 
1 17 18 1 
3 12 20 2 
1 21 12 2 1 
34 3 
6 9 22 
1 1 12 23 
1 11 25 
31 2 1 2 1 
10 13 12 2 
2 14 20 1 
2 19 16 
37 
29 4 4 
2 21 8 3 3 
2 5 3 16 3 4 2 2 
3 24 1 1 1 1 3 2 1 
28 8 1 
6 16 14 1 
18 19 
10 4 23 
1 35 1 
3 14 14 3 2 1 
3 8 8 1 13 2 1 1 
2 2 23 3 6 1 
1 17 12 1 5 1 
35 1 1 
25 10 2 
3 24 5 1 3 1 
2 5 11 9 3 6 1 
1 12 11 11 1 1 
7 14 16 
1 20 3 10 1 2 
8 24 1 1 1 1 1 
2 33 2 
6 2 4 5 3 3 4 1 7 1 1 
1 20 16 
1 30 6 
1 27 2 7 
3 8 7 9 10 
29 4 3 1 
2 3 17 14 1 
4 18 15 
1 24 11 1 
2 28 7 
1 24 11 1 
4 29 4 
36 1 
3 30 2 1 1 
1 25 9 2 
26 7 3 1 
11 17 7 1 1 
1 1 24 1 1 2 2 5 
1 11 12 10 3 
4 9 1 2 2 8 9 2 
37 
3 19 2 7 5 1 
4 12 20 1 
4 8 24 1 
15 6 9 5 1 1 
32 5 
8 14 3 1 11 
34 1 2 
2 24 7 4 
19 14 2 2 
2 32 1 2 
5 10 8 4 4 4 1 1 
37 
2 32 3 
14 10 8 1 2 1 1 
2 18 10 6 1 
16 3 9 6 2 1 
1 21 6 8 1 
17 4 3 2 1 5 5 
4 30 3 
3 25 3 1 4 1 
1 36 
1 2 10 12 6 1 3 1 1 
35 2 
2 23 2 4 6 
1 28 8 
1 29 7 
5 30 2 
2 2 13 1 7 4 6 2 
6 1 3 9 1 4 1 2 6 2 1 1 
11 1 24 1 
1 26 10 
1 34 2 
1 7 7 21 1 
6 23 8 
2 11 5 1 12 3 2 1 
31 4 2 
1 3 15 2 11 3 2 
5 1 19 10 1 1 
1 21 7 3 1 3 1 
2 1 19 9 6 
7 26 2 1 1 
3 33 1 
1 3 3 23 1 2 2 2 
2 25 5 4 1 
8 16 5 1 4 3 
4 20 9 1 2 1 
2 34 1 
2 30 5 
7 12 16 2 
3 13 16 3 2 
2 27 2 6 
1 23 12 1 
1 4 31 1 
3 3 18 6 7 
1 11 25 
1 1 30 4 1 
2 30 2 2 1 
2 20 14 1 
2 9 16 4 6 
1 9 19 6 2 
25 12 
6 8 14 7 1 1 
1 5 7 11 4 5 1 1 2 
1 2 9 24 1 
1 12 17 1 1 1 1 2 1 
37 
4 11 5 10 6 1 
2 5 3 1 19 1 2 4 
4 13 18 2 
4 2 27 3 1 
26 7 2 2 
1 12 23 1 
2 30 3 2 
1 29 4 3 
1 10 26 
37 
24 5 2 4 1 1 
2 17 8 6 3 1 
13 23 1 
1 14 21 1 
1 11 10 2 5 4 1 2 1 
1 31 5 
22 5 4 4 1 1 
2 33 2 
12 2 21 2 
1 2 1 24 7 1 1 
5 1 8 3 5 6 4 3 2 
4 5 28 
1 22 14 
1 36 
17 16 1 2 1 
1 35 1 
1 24 12 
3 13 14 2 1 3 1 
2 7 19 9 
15 10 11 1 
2 14 13 8 
2 2 23 6 2 1 1 
12 4 5 4 11 1 
2 33 2 
12 16 5 4 
16 17 4 
24 1 4 1 7 
1 16 20 
2 2 18 14 1 
3 30 1 3 
1 25 3 3 2 2 1 
1 15 2 18 1 
1 26 10 
4 2 25 6 
1 30 5 1 
11 11 4 1 7 3 
1 5 27 1 3 
12 18 6 1 
31 2 4 
31 6 
1 36 
12 7 16 1 1 
1 5 22 2 4 3 
3 20 9 3 2 
2 15 5 14 1 
10 12 3 8 4 
1 36 
16 3 8 4 1 2 3 
2 1 5 29 
14 11 1 10 1 
1 16 19 1 
1 18 10 8 
11 2 2 14 2 3 2 1 
33 3 1 
3 32 1 1 
1 19 14 1 2 
37 
3 21 13 
1 9 12 9 4 1 1 
1 31 5 
1 10 15 10 1 
15 15 1 3 1 1 1 
3 14 11 2 2 5 
1 27 5 4 
7 15 6 6 2 1 
13 18 3 3 
4 27 5 1 
7 20 2 8 
1 36 
2 31 4 
3 3 25 6 
1 3 21 10 2 
1 23 9 2 2 
1 10 26 
11 4 3 19 
7 30 
5 22 9 1 
18 3 15 1 
2 33 2 
10 17 5 1 4 
1 22 2 1 3 6 1 1 
1 4 11 13 1 3 1 1 1 1 
1 28 2 2 4 
12 21 3 1 
1 23 4 1 8 
5 12 16 1 3 
1 18 6 6 2 1 3 
1 6 14 7 2 3 4 
22 11 4 
1 31 4 1 
3 25 7 2 
1 6 4 13 12 1 
21 11 5 
1 26 10 
11 16 3 2 1 4 
28 4 4 1 
2 31 1 3 
2 15 17 3 
1 19 1 12 1 1 1 1 
1 34 2 
1 16 6 13 1 
1 27 7 1 1 
2 12 11 2 3 2 2 1 2 
6 23 8 
1 36 
1 19 17 
1 10 18 5 3 
1 28 5 3 
5 19 4 1 5 1 2 
13 20 1 1 2 
5 31 1 
2 28 1 2 3 1 
34 1 1 1 
1 34 1 1 
1 31 5 
5 8 19 1 3 1 
1 4 14 6 6 4 2 
22 6 8 1 
9 17 9 1 1 
1 36 
1 13 1 7 7 1 3 4 
1 5 1 19 9 1 1 
3 18 5 8 1 2 
2 31 4 
9 11 2 14 1 
1 14 10 10 2 
3 25 3 4 1 1 
1 9 25 2 
2 21 8 1 3 1 1 
1 15 14 2 1 1 1 2 
3 1 17 7 2 1 6 
9 1 22 5 
8 16 1 3 1 5 3 
10 1 5 4 3 2 4 4 3 1 
1 29 7 
1 15 20 1 
15 13 2 7 
4 26 1 6 
6 22 9 
2 20 15 
17 7 2 4 4 2 1 
5 15 9 4 1 2 1 
3 2 22 10 
3 27 7 
3 31 3 
1 8 11 1 1 9 2 1 2 1 
3 34 
17 7 1 6 1 3 2 
1 34 1 1 
5 20 10 1 1 
1 20 14 2 
2 28 4 3 
37 
2 27 5 2 1 
1 31 3 2 
1 26 10 
9 23 2 2 1 
3 1 22 3 6 1 1 
6 18 3 4 3 2 1 
10 22 4 1 
8 22 7 
36 1 
1 26 7 3 
29 5 1 1 1 
23 11 1 2 
1 27 1 4 3 1 
2 32 3 
1 4 5 4 8 1 3 7 3 1 
1 33 3 
13 14 7 1 2 
4 1 14 16 2 
6 11 15 1 4 
3 16 15 2 1 
2 35 
1 18 2 6 1 2 6 1 
1 12 3 14 6 1 
3 19 8 3 2 1 1 
1 14 7 1 4 8 2 
1 4 32 
1 26 8 2 
26 5 6 
1 16 3 11 2 4 
37 
17 13 2 4 1 
3 3 4 16 5 6 
2 17 9 9 
3 4 7 18 1 2 1 1 
19 16 2 
36 1 
2 10 9 15 1 
1 5 20 10 1 
1 35 1 
6 31 
1 33 3 
1 36 
4 15 2 15 1 
1 12 13 8 2 1 
1 25 1 7 3 
1 5 12 5 9 3 1 1 
14 13 5 2 1 2 
7 10 5 2 4 3 4 2 
5 18 4 7 3 
37 
1 22 5 8 1 
1 35 1 
1 13 19 1 3 
1 15 20 1 
20 4 9 1 1 1 1 
31 3 2 1 
1 24 12 
3 25 3 5 1 
15 6 7 3 2 3 1 
1 35 1 
37 
1 26 10 
1 7 12 9 3 2 3 
3 15 2 9 1 2 3 2 
37 
1 6 22 1 7 
18 11 8 
5 30 1 1 
7 21 8 1 
1 11 25 
5 26 6 
1 6 1 9 5 9 2 1 2 1 
13 10 3 10 1 
12 1 15 7 2 
37 
1 12 1 2 8 3 2 5 2 1 
34 2 1 
2 35 
5 17 8 4 3 
1 30 6 
20 12 1 4 
1 10 26 
2 21 14 
3 8 22 2 1 1 
2 6 17 12 
9 14 8 4 1 1 
1 25 11 
3 19 10 5 
1 11 1 23 1 
36 1 
1 36 
1 7 8 19 1 1 
4 17 1 2 2 3 3 1 1 3 
24 1 10 1 1 
1 14 4 3 8 6 1 
1 10 8 17 1 
6 9 4 13 4 1 
3 24 10 
2 31 4 
3 23 10 1 
3 14 2 13 2 3 
17 8 10 1 1 
2 17 7 2 9 
4 28 5 
29 8 
1 1 25 7 1 1 1 
12 12 3 4 6 
1 1 20 14 1 
3 11 14 7 2 
1 27 4 5 
1 35 1 
32 4 1 
6 24 1 5 1 
5 1 6 10 3 10 1 1 
2 4 12 5 14 
1 31 4 1 
8 3 1 5 5 15 
2 30 5 
2 35 
2 9 16 1 9 
1 22 14 
1 13 10 7 4 2 
37 
37 
2 33 2 
7 4 16 6 1 2 1 
37 
26 7 1 2 1 
1 34 1 1 
12 5 20 
2 29 5 1 
1 14 15 5 1 1 
3 21 12 1 
2 4 5 8 2 1 1 13 1 
3 5 13 12 1 1 1 1 
2 3 20 2 3 6 1 
10 13 1 9 4 
13 17 2 5 
1 24 12 
5 24 7 1 
37 
37 
1 21 7 7 1 
1 1 32 1 2 
1 10 26 
14 16 2 3 2 
25 6 1 4 1 
25 5 3 4 
19 13 3 2 
11 19 3 3 1 
7 20 9 1 
22 12 3 
19 14 4 
19 1 9 1 5 2 
4 33 
1 19 17 
15 19 3 
1 12 23 1 
1 12 3 8 2 2 4 4 1 
1 26 10 
2 13 15 7 
1 31 1 1 3 
2 27 8 
2 7 2 1 3 1 7 10 1 3 
1 7 26 2 1 
1 17 16 3 
8 21 3 3 1 1 
1 35 1 
37 
1 34 1 1 
1 3 2 3 4 21 2 1 
6 27 2 1 1 
1 20 8 4 4 
1 18 1 11 2 4 
2 18 9 3 3 2 
7 10 2 3 1 5 4 3 2 
1 17 18 1 
3 21 12 1 
1 32 3 1 
32 3 2 
3 19 13 1 1 
1 33 1 1 1 
1 19 15 1 1 
1 15 8 1 8 1 1 1 1 
5 22 10 
1 11 21 3 1 
1 26 9 1 
1 4 12 6 5 5 1 2 1 
11 4 18 2 1 1 
1 36 
1 31 5 
3 23 5 3 3 
1 11 18 7 
30 3 2 2 
25 9 3 
1 29 3 3 1 
1 35 1 
8 13 8 4 3 1 
1 34 1 1 
1 16 18 1 1 
6 28 1 2 
1 35 1 
14 13 8 1 1 
12 10 7 6 2 
1 16 12 7 1 
1 24 10 2 
10 13 8 4 2 
1 11 23 2 
3 16 6 3 9 
15 20 2 
1 28 6 2 
3 30 3 1 
6 1 13 3 14 
1 2 30 2 2 
3 12 3 5 9 1 2 2 
37 
3 24 9 1 
36 1 
6 10 8 9 4 
1 18 11 4 3 
1 24 12 
1 31 5 
23 13 1 
1 11 17 6 1 1 
3 32 1 1 
2 33 1 1 
10 1 6 1 13 1 2 2 1 
6 28 2 1 
1 29 4 2 1 
1 1 28 4 1 2 
10 7 18 2 
1 2 8 19 1 3 1 2 
9 3 1 16 5 3 
35 2 
15 14 7 1 
2 6 5 17 4 3 
5 24 6 2 
34 1 2 
1 36 
37 
1 1 2 11 3 6 8 3 1 1 
3 25 1 1 2 5 
1 15 11 3 4 3 
1 24 3 7 2 
2 2 17 9 3 3 1 
2 32 3 
5 5 3 14 8 2 
9 18 10 
8 26 2 1 
28 8 1 
1 6 22 4 1 2 1 
36 1 
28 8 1 
6 22 9 
31 4 2 
1 1 25 8 2 
1 9 13 1 10 1 2 
3 9 9 14 1 1 
1 28 4 1 3 
16 19 2 
9 19 2 2 5 
6 17 9 5 
2 3 4 12 16 
1 8 24 4 
20 14 2 1 
1 23 10 1 1 1 
2 16 9 9 1 
3 31 3 
2 21 14 
37 
3 27 7 
12 1 3 13 3 4 1 
1 22 8 5 1 
1 23 9 3 1 
8 4 1 20 1 2 1 
1 27 5 1 1 1 1 
6 11 10 8 2 
7 7 17 4 2 
2 32 1 1 1 
2 24 9 1 1 
1 19 2 12 1 1 1 
17 9 11 
6 18 3 8 1 1 
12 8 9 8 
21 13 2 1 
1 30 5 1 
1 23 5 4 4 
7 24 5 1 
29 6 1 1 
4 21 5 7 
1 9 17 1 3 5 1 
14 12 8 2 1 
1 8 16 3 1 4 2 1 1 
13 16 7 1 
12 5 1 2 7 10 
4 28 5 
15 9 13 
1 15 10 5 1 2 3 
1 15 18 1 2 
2 10 16 5 1 3 
2 21 4 2 8 
12 5 10 3 5 1 1 
2 5 29 1 
1 15 9 10 1 1 
1 31 5 
5 17 8 5 1 1 
1 30 5 1 
1 8 10 8 2 1 1 3 2 1 
3 34 
4 1 11 12 7 2 
13 10 8 4 2 
1 29 5 2 
2 17 5 13 
1 15 9 7 1 1 1 2 
2 13 8 5 1 6 1 1 
5 8 17 6 1 
2 33 2 
10 10 7 7 3 
2 33 2 
1 20 16 
33 4 
1 3 20 2 1 5 2 3 
3 5 28 1 
14 5 1 3 8 1 5 
3 31 2 1 
9 4 4 16 3 1 
1 14 9 6 4 2 1 
2 16 11 1 3 2 1 1 
5 23 6 3 
1 18 6 5 5 2 
4 7 3 10 5 1 3 4 
1 15 20 1 
1 11 5 6 3 6 4 1 
1 9 18 3 4 2 
2 12 5 10 4 1 2 1 
30 6 1 
11 22 1 3 
2 23 4 1 5 2 
5 29 2 1 
2 31 4 
1 9 20 3 3 1 
5 15 4 9 4 
1 2 27 4 2 1 
8 15 10 3 1 
1 4 9 20 1 1 1 
4 9 16 8 
9 11 14 3 
2 20 6 6 3 
1 33 3 
1 31 3 2 
1 13 12 11 
16 14 2 3 2 
5 1 3 23 1 1 1 1 1 
37 
1 31 3 1 1 
6 22 8 1 
18 19 
1 3 17 9 6 1 
3 22 12 
1 33 3 
2 13 22 
5 31 1 
3 13 20 1 
5 25 3 4 
36 1 
1 33 1 2 
20 1 8 6 1 1 
2 29 6 
1 27 3 5 1 
1 11 17 4 4 
1 11 12 10 3 
3 3 6 2 10 6 2 2 3 
9 19 2 1 2 1 1 2 
22 14 1 
3 1 33 
3 31 2 1 
27 6 4 
3 5 22 3 4 
1 25 11 
3 30 4 
2 11 19 2 3 
1 18 8 4 4 1 1 
20 2 5 6 1 1 1 1 
1 11 16 8 1 
2 10 7 7 3 6 2 
2 17 5 9 3 1 
1 35 1 
2 27 6 1 1 
1 9 1 25 1 
6 12 5 4 2 3 5 
1 26 6 4 
4 2 2 9 10 9 1 
8 11 17 1 
1 6 7 1 14 3 2 2 1 
26 6 3 2 
1 19 9 2 6 
37 
4 10 23 
2 33 1 1 
1 34 1 1 
1 30 1 5 
1 9 16 7 4 
1 34 1 1 
1 9 22 1 2 1 1 
7 6 19 1 1 1 2 
1 24 2 4 5 1 
3 26 6 2 
1 12 5 19 
27 8 2 
1 2 15 3 2 12 2 
2 24 11 
9 6 11 10 1 
1 35 1 
10 6 13 8 
1 2 28 3 2 1 
2 29 6 
6 5 19 1 1 5 
2 28 6 1 
1 21 1 8 2 2 1 1 
1 14 20 1 1 
26 5 4 1 1 
1 30 6 
1 26 8 1 1 
10 9 9 1 8 
1 15 6 14 1 
1 14 12 10 
13 20 2 2 
4 17 5 8 1 1 1 
5 14 17 1 
5 11 10 1 4 4 1 1 
5 32 
2 31 1 2 1 
1 34 1 1 
2 21 14 
10 24 1 2 
8 25 3 1 
3 3 4 22 3 1 1 
36 1 
2 8 2 7 2 12 1 3 
3 29 5 
1 30 3 2 1 
2 26 8 1 
1 13 7 3 8 3 2 
1 12 6 8 7 1 2 
17 15 1 4 
2 18 12 1 1 3 
1 15 9 9 3 
1 20 9 1 5 1 
1 14 13 8 1 
1 10 9 4 12 1 
1 19 16 1 
2 12 12 6 5 
2 34 1 
1 16 14 5 1 
1 6 21 4 2 3 
9 8 13 5 2 
3 27 7 
3 33 1 
2 9 13 12 1 
1 7 14 10 2 1 1 1 
2 27 8 
3 10 11 3 7 2 1 
2 33 1 1 
11 26 
3 21 4 8 1 
12 20 4 1 
9 1 14 7 4 1 1 
1 13 8 6 8 1 
3 12 7 13 1 1 
36 1 
4 16 8 2 5 1 1 
1 4 7 19 2 4 
1 29 7 
1 16 18 2 
1 23 2 7 2 2 
1 10 26 
10 16 10 1 
21 13 1 1 1 
2 13 15 3 4 
2 13 22 
2 7 21 1 2 2 2 
2 11 5 18 1 
9 25 3 
2 30 2 3 
21 5 9 2 
1 31 4 1 
1 7 15 11 1 1 1 
2 22 5 8 
1 19 2 5 10 
9 3 1 18 6 
1 31 2 3 
16 19 1 1 
2 27 3 2 1 2 
8 24 1 2 2 
2 8 2 19 4 1 1 
1 28 8 
2 3 24 7 1 
1 10 2 6 9 3 4 1 1 
7 9 21 
1 2 34 
8 21 8 
14 3 7 12 1 
35 2 
2 23 11 1 
2 19 1 1 2 3 1 3 4 1 
2 24 11 
1 17 10 8 1 
1 36 
26 10 1 
16 2 7 2 8 1 1 
9 25 3 
1 18 16 2 
6 31 
2 29 4 2 
37 
1 29 2 3 2 
4 23 3 7 
1 7 27 1 1 
1 23 7 5 1 
1 24 10 2 
18 2 5 2 5 4 1 
1 27 2 4 3 
6 16 5 2 5 1 2 
1 23 9 4 
1 7 29 
1 4 32 
1 14 1 19 1 1 
2 17 4 7 1 3 3 
1 15 3 12 6 
1 35 1 
18 11 5 3 
2 11 15 6 3 
1 35 1 
1 30 4 1 1 
11 7 13 6 
11 18 5 1 1 1 
3 26 2 4 2 
1 4 19 8 5 
2 22 8 2 3 
1 21 6 4 1 3 1 
6 26 2 3 
1 8 28 
2 19 8 7 1 
1 18 5 3 10 
1 26 1 4 4 1 
1 27 9 
37 
1 16 5 8 1 4 2 
2 7 23 3 2 
1 35 1 
1 21 1 5 1 2 1 2 2 1 
1 15 7 14 
2 25 4 6 
14 13 7 1 2 
1 2 11 9 2 3 7 2 
1 26 8 2 
7 1 5 24 
2 29 2 4 
1 15 6 14 1 
1 21 12 1 1 1 
2 33 2 
2 12 19 1 1 2 
8 6 10 4 2 1 3 1 1 1 
1 22 14 
7 28 2 
2 20 3 4 4 2 1 1 
6 4 5 1 16 3 2 
4 9 14 4 1 4 1 
10 4 1 6 1 3 1 1 7 3 
5 18 1 12 1 
2 35 
2 32 1 2 
1 8 17 6 4 1 
1 3 19 14 
2 16 8 7 4 
5 20 10 1 1 
4 16 1 14 2 
3 22 2 7 3 
22 9 3 1 2 
2 32 3 
17 3 12 5 
2 21 6 4 3 1 
2 15 20 
6 2 9 15 5 
2 6 16 7 3 2 1 
1 36 
2 27 2 1 5 
1 24 10 1 1 
1 7 13 8 2 3 2 1 
1 7 5 4 12 3 1 1 1 1 1 
2 9 26 
24 12 1 
19 14 4 
1 6 9 18 3 
1 30 5 1 
1 11 12 7 2 2 1 1 
32 3 1 1 
1 17 17 2 
21 7 5 3 1 
34 3 
1 34 2 
7 22 7 1 
1 22 14 
2 28 7 
3 4 18 1 8 2 1 
1 4 1 23 5 3 
1 28 6 1 1 
1 36 
10 12 15 
2 33 1 1 
2 28 7 
4 7 25 1 
5 8 6 10 4 3 1 
1 25 9 1 1 
1 31 5 
1 4 29 2 1 
10 27 
5 12 20 
2 27 5 1 2 
1 2 26 4 3 1 
16 14 7 
1 4 27 1 4 
31 6 
5 25 4 3 
1 8 4 16 4 4 
1 2 25 4 1 2 2 
7 1 13 1 15 
28 4 3 1 1 
28 1 7 1 
1 16 6 10 2 2 
5 32 
30 4 3 
2 20 2 12 1 
1 7 4 13 12 
13 21 1 1 1 
6 19 11 1 
1 30 4 2 
2 21 11 3 
3 16 2 4 4 7 1 
1 16 7 6 3 4 
6 31 
5 20 7 2 3 
2 25 5 4 1 
1 20 8 8 
2 10 17 7 1 
1 12 2 1 2 17 2 
25 8 2 2 
4 5 17 10 1 
37 
1 13 8 13 2 
5 20 4 6 1 1 
11 6 5 15 
6 25 6 
1 22 3 8 3 
30 1 6 
6 7 10 5 4 5 
37 
3 3 6 5 20 
26 11 
1 10 25 1 
2 9 26 
1 4 9 12 11 
29 4 3 1 
1 15 11 2 2 6 
1 15 3 14 4 
37 
5 12 6 1 2 4 1 4 2 
29 2 6 
4 16 5 10 2 
7 25 1 1 1 1 1 
7 15 3 10 2 
4 32 1 
1 13 20 1 1 1 
36 1 
1 32 4 
1 3 32 1 
1 23 8 2 2 1 
36 1 
2 6 24 3 1 1 
1 35 1 
1 7 4 24 1 
11 3 4 5 10 3 1 
1 1 9 3 9 4 9 1 
6 10 21 
1 20 4 5 7 
2 6 29 
1 10 2 14 2 4 2 2 
4 28 2 2 1 
4 7 4 16 1 5 
1 18 13 2 3 
1 28 8 
1 6 13 9 8 
37 
2 3 9 14 9 
4 9 9 6 1 8 
4 9 13 2 2 6 1 
10 21 5 1 
1 11 21 4 
1 10 7 14 5 
2 22 11 2 
3 31 1 2 
8 28 1 
22 8 7 
3 2 23 2 5 1 1 
37 
21 13 3 
1 16 20 
1 19 14 1 1 1 
30 1 6 
2 23 11 1 
24 11 2 
20 16 1 
4 30 1 1 1 
9 8 20 
1 35 1 
1 35 1 
10 23 2 1 1 
6 29 2 
24 12 1 
1 15 12 2 2 2 1 2 
2 3 15 15 1 1 
1 27 6 3 
1 19 16 1 
1 7 24 2 3 
12 22 3 
1 32 2 2 
1 16 10 9 1 
5 29 1 1 1 
2 7 28 
1 22 12 1 1 
13 10 11 2 1 
16 15 3 3 
4 13 9 5 3 1 2 
3 27 3 1 2 1 
32 3 2 
1 12 4 11 9 
1 21 1 14 
9 25 3 
4 27 5 1 
12 14 9 2 
3 25 8 1 
3 2 32 
10 1 23 3 
1 8 7 1 6 9 1 3 1 
1 22 11 1 2 
1 11 25 
4 22 4 6 1 
5 10 6 14 2 
2 24 2 6 1 1 1 
1 28 8 
1 8 8 17 1 1 1 
1 6 6 20 3 1 
2 29 2 4 
11 15 11 
1 20 7 8 1 
6 11 10 3 3 1 1 1 1 
11 17 1 3 5 
21 4 8 4 
1 13 20 3 
20 7 9 1 
36 1 
1 3 5 17 7 1 2 1 
8 3 18 4 3 1 
3 28 5 1 
1 26 5 2 3 
4 14 4 15 
10 21 6 
2 24 4 2 4 1 
1 8 22 6 
5 8 21 1 2 
1 17 7 9 3 
31 6 
1 28 8 
2 3 11 20 1 
8 3 1 1 1 23 
34 3 
1 2 29 4 1 
2 14 21 
5 32 
1 32 2 1 1 
3 33 1 
1 5 9 16 3 2 1 
1 21 11 4 
20 15 1 1 
1 35 1 
7 2 25 1 1 1 
15 8 13 1 
5 13 13 6 
1 6 30 
1 6 18 10 2 
2 11 14 5 2 3 
1 10 26 
1 35 1 
24 11 2 
1 29 3 3 1 
12 11 11 1 2 
13 12 5 4 3 
1 22 2 10 1 1 
21 3 13 
1 12 14 10 
12 12 12 1 
1 27 9 
16 4 10 4 3 
3 18 8 5 2 1 
1 16 1 5 8 2 3 1 
2 32 3 
1 18 17 1 
1 26 8 1 1 
4 30 3 
1 27 3 4 2 
1 19 15 2 
1 32 2 2 
9 26 2 
1 24 7 3 2 
9 20 8 
8 14 15 
16 1 19 1 
2 14 14 2 5 
11 8 15 3 
1 2 3 1 1 12 15 1 1 
1 19 15 1 1 
5 13 3 12 4 
12 1 18 6 
11 16 7 1 2 
19 13 2 3 
27 10 
4 6 1 18 3 4 1 
3 18 4 3 3 5 1 
17 1 17 2 
9 11 11 3 3 
16 2 8 1 6 1 1 2 
2 25 10 
5 28 1 1 1 1 
7 23 5 1 1 
27 6 3 1 
31 1 3 2 
1 30 6 
18 10 9 
1 33 2 1 
1 5 11 7 10 1 1 1 
1 29 1 6 
2 32 2 1 
2 10 20 5 
2 11 6 6 10 1 1 
12 10 15 
2 28 7 
1 4 9 21 1 1 
1 17 2 17 
24 11 1 1 
2 25 10 
1 11 14 7 4 
8 12 7 2 6 2 
5 25 4 2 1 
2 17 18 
1 21 4 4 5 2 
1 2 18 11 2 3 
12 3 16 1 5 
1 18 15 1 1 1 
2 17 10 4 4 
3 22 1 7 1 2 1 
1 36 
2 13 15 2 3 2 
1 13 7 10 2 1 1 1 1 
2 4 21 10 
1 4 21 11 
1 35 1 
2 25 7 1 1 1 
2 11 1 16 4 1 1 1 
3 33 1 
1 27 2 2 5 
37 
8 1 10 18 
4 31 1 1 
16 12 8 1 
1 28 3 5 
1 29 1 5 1 
2 31 4 
1 11 21 2 2 
12 18 3 3 1 
4 11 11 1 10 
1 9 27 
1 17 13 5 1 
11 15 1 2 5 2 1 
17 16 4 
4 28 5 
2 9 16 1 9 
1 33 3 
1 4 31 1 
1 33 3 
2 13 1 16 1 1 3 
1 36 
4 30 3 
37 
1 24 10 1 1 
4 19 7 4 2 1 
1 36 
1 9 15 4 3 2 3 
8 17 8 4 
5 21 9 1 1 
32 2 3 
1 8 13 2 1 1 4 3 1 1 2 
22 5 2 2 2 1 1 2 
1 5 1 3 17 8 2 
2 25 6 1 2 1 
5 16 15 1 
18 18 1 
2 24 11 
3 11 22 1 
6 18 7 4 2 
32 5 
4 13 5 3 4 6 2 
2 27 8 
16 16 4 1 
30 5 2 
18 19 
1 4 10 6 13 3 
21 9 4 1 1 1 
7 12 9 2 5 2 
1 31 5 
2 32 2 1 
2 19 10 3 1 1 1 
2 25 9 1 
1 18 17 1 
1 28 2 6 
1 4 9 18 2 1 2 
1 23 12 1 
30 3 3 1 
1 34 1 1 
4 16 16 1 
1 34 1 1 
17 16 2 1 1 
12 15 9 1 
3 10 22 2 
1 11 14 3 2 1 2 3 
1 31 2 3 
3 31 2 1 
6 25 2 2 2 
8 4 9 11 5 
1 13 20 3 
9 25 3 
34 2 1 
1 19 17 
1 25 11 
6 23 2 4 1 1 
3 33 1 
12 4 3 12 4 2 
22 5 2 2 3 1 1 1 
1 27 4 3 2 
22 4 1 2 6 1 1 
5 27 1 1 3 
7 29 1 
1 12 23 1 
2 1 23 1 4 4 1 1 
22 13 2 
1 16 6 11 1 2 
1 5 21 2 3 4 1 
1 13 1 11 1 4 2 4 
2 18 6 2 7 1 1 
1 20 14 2 
25 3 9 
1 14 22 
3 6 21 6 1 
2 16 6 8 1 3 1 
8 2 23 2 2 
4 19 14 
1 26 10 
2 9 2 4 11 2 3 1 3 
13 21 2 1 
10 26 1 
2 30 2 2 1 
1 6 1 4 14 5 2 2 2 
2 28 7 
2 12 7 4 10 1 1 
7 26 1 3 
1 32 3 1 
2 20 14 1 
14 15 7 1 
1 34 2 
1 34 1 1 
2 24 8 3 
1 9 16 9 2 
2 20 15 
8 22 6 1 
18 1 9 7 1 1 
5 9 3 13 7 
5 8 2 18 3 1 
12 4 7 8 2 1 1 1 1 
5 31 1 
1 24 12 
9 5 4 5 9 5 
2 3 8 10 10 3 1 
1 14 21 1 
2 12 22 1 
9 16 8 4 
8 11 4 1 1 10 2 
35 1 1 
4 10 19 4 
18 18 1 
20 12 5 
4 20 4 8 1 
36 1 
1 22 6 2 4 1 1 
4 16 16 1 
36 1 
33 4 
10 25 2 
2 16 8 5 6 
13 21 3 
2 33 2 
34 3 
1 16 4 3 2 5 1 2 1 2 
1 35 1 
1 6 13 16 1 
2 6 4 7 5 10 3 
1 33 2 1 
13 6 15 1 2 
4 9 24 
11 7 12 2 3 1 1 
2 33 2 
27 4 2 2 2 
4 7 14 7 4 1 
2 19 12 4 
20 6 1 5 2 2 1 
23 6 4 2 2 
1 19 7 2 3 3 1 1 
1 33 1 1 1 
1 18 4 14 
8 3 15 8 3 
2 30 5 
1 14 15 5 2 
1 26 10 
1 5 29 1 1 
1 14 1 10 2 3 6 
3 27 4 3 
6 5 1 1 4 9 6 2 2 1 
5 18 14 
3 2 6 20 6 
1 29 3 2 2 
1 34 2 
2 27 8 
16 17 1 2 1 
2 31 2 1 1 
29 5 3 
1 34 2 
3 28 1 3 1 1 
1 7 26 1 1 1 
1 13 15 5 2 1 
19 5 6 2 1 3 1 
3 24 9 1 
34 2 1 
1 34 2 
1 18 3 10 2 2 1 
5 3 12 11 3 2 1 
8 9 2 10 3 2 3 
1 16 15 2 1 1 1 
29 1 6 1 
6 5 3 14 7 1 1 
3 20 11 2 1 
4 32 1 
1 9 3 14 1 4 1 1 1 2 
1 24 7 2 2 1 
35 2 
4 16 6 5 3 1 1 1 
35 1 1 
1 34 2 
3 28 5 1 
1 8 16 11 1 
2 21 10 1 3 
37 
7 9 12 6 3 
1 2 12 20 2 
1 12 21 2 1 
10 6 21 
9 1 4 3 16 2 2 
16 19 2 
1 10 26 
24 3 10 
1 30 6 
3 16 17 1 
3 18 8 4 3 1 
7 26 3 1 
5 8 10 12 2 
1 23 12 1 
32 5 
9 4 17 6 1 
2 24 8 2 1 
3 33 1 
37 
1 1 8 17 2 6 1 1 
1 8 26 2 
2 14 20 1 
6 12 1 11 3 1 2 1 
1 20 16 
32 4 1 
2 35 
1 3 27 1 3 1 1 
1 19 5 6 2 1 1 1 1 
2 5 29 1 
5 19 2 5 3 1 1 1 
6 1 17 8 5 
28 1 1 5 2 
2 28 2 4 1 
2 21 11 1 1 1 
1 9 13 1 10 1 2 
3 26 8 
1 21 15 
1 12 5 14 3 2 
1 19 12 1 1 1 1 1 
34 2 1 
4 6 6 15 6 
1 34 1 1 
1 5 14 5 5 7 
19 2 15 1 
1 1 4 15 8 8 
28 7 2 
1 26 1 5 2 1 1 
2 6 28 1 
2 11 9 6 4 2 3 
1 23 7 3 3 
9 10 6 1 2 6 3 
1 8 14 11 1 2 
3 34 
3 6 7 11 2 1 5 1 1 
1 11 25 
20 6 2 4 4 1 
2 27 2 6 
1 14 12 6 3 1 
2 5 24 1 3 1 1 
1 21 1 12 1 1 
8 20 2 3 1 2 1 
5 4 17 10 1 
1 17 14 5 
1 21 15 
6 26 3 2 
2 30 2 2 1 
1 27 5 4 
2 33 1 1 
24 9 4 
1 27 9 
6 8 3 7 6 4 2 1 
1 26 10 
2 23 11 1 
37 
2 11 17 6 1 
33 2 2 
1 30 4 1 1 
9 18 4 5 1 
8 16 13 
1 15 9 4 6 1 1 
1 21 14 1 
4 25 1 1 3 3 
21 7 8 1 
1 8 19 3 3 3 
1 23 12 1 
3 28 2 3 1 
3 15 18 1 
3 4 2 27 1 
1 22 10 1 1 1 1 
1 23 6 2 2 1 1 1 
1 25 9 1 1 
3 4 10 3 6 1 1 9 
32 3 1 1 
36 1 
1 4 24 8 
2 15 15 2 3 
2 34 1 
1 27 9 
8 9 20 
2 6 15 14 
36 1 
7 25 5 
37 
1 35 1 
17 17 2 1 
1 22 10 3 1 
5 26 6 
1 12 24 
1 19 17 
7 19 11 
8 23 6 
1 3 4 5 19 2 1 2 
29 8 
1 15 6 8 4 3 
1 11 19 2 3 1 
2 31 3 1 
1 34 2 
3 30 4 
1 13 11 5 3 3 1 
1 25 10 1 
2 9 15 2 8 1 
2 2 11 10 3 2 7 
36 1 
11 6 5 9 2 1 3 
1 1 8 21 2 2 1 1 
1 20 12 4 
7 21 9 
31 3 2 1 
1 33 1 1 1 
13 21 3 
5 1 9 2 8 2 3 3 2 1 1 
1 3 28 5 
1 19 17 
1 30 5 1 
31 1 4 1 
9 24 3 1 
1 3 27 1 4 1 
1 34 1 1 
4 11 19 3 
2 15 12 7 1 
1 34 2 
6 26 5 
3 33 1 
2 25 10 
3 25 5 4 
2 16 11 5 2 1 
2 18 4 1 4 3 3 1 1 
16 5 3 12 1 
9 20 2 6 
1 17 1 1 13 1 2 1 
1 17 17 2 
1 11 6 12 2 1 3 1 
1 30 3 1 1 1 
8 12 14 3 
2 26 3 4 1 1 
7 2 18 6 1 2 1 
2 28 3 3 1 
1 28 8 
3 29 5 
4 33 
1 33 3 
31 1 4 1 
25 11 1 
1 1 11 1 14 2 4 2 1 
1 26 10 
3 34 
1 25 11 
1 14 20 2 
1 8 10 6 12 
6 26 1 1 2 1 
8 4 25 
1 17 7 5 3 1 1 1 1 
1 18 6 4 1 5 1 1 
37 
1 14 10 11 1 
1 28 1 2 1 1 1 1 1 
23 8 6 
36 1 
1 13 17 6 
1 33 2 1 
7 11 17 1 1 
30 3 2 2 
10 14 7 3 2 1 
1 9 25 1 1 
2 23 12 
3 8 26 
2 31 1 2 1 
1 8 28 
1 20 13 1 1 1 
37 
19 5 13 
1 36 
1 5 17 11 1 1 1 
1 13 9 3 9 1 1 
31 3 3 
11 14 4 2 2 1 3 
4 24 5 3 1 
6 12 7 11 1 
1 34 2 
1 35 1 
2 8 20 5 1 1 
5 3 3 4 16 1 1 2 1 1 
6 23 3 5 
6 4 11 10 2 1 2 1 
20 6 6 2 1 1 1 
1 24 11 1 
2 34 1 
2 11 20 3 1 
23 1 2 6 1 3 1 
4 7 3 11 2 9 1 
1 6 30 
1 34 2 
1 15 20 1 
1 10 5 14 3 4 
7 9 2 3 5 9 1 1 
3 29 3 1 1 
1 25 11 
1 13 14 5 4 
1 27 3 4 1 1 
1 8 13 10 4 1 
1 16 16 1 3 
1 1 11 7 6 6 3 2 
1 25 11 
36 1 
1 27 9 
2 14 21 
1 4 14 7 1 7 2 1 
1 28 7 1 
1 35 1 
3 11 16 4 3 
1 33 3 
3 29 5 
19 12 4 1 1 
1 8 28 
1 23 6 4 3 
14 4 7 5 2 2 1 2 
1 9 9 1 12 3 1 1 
5 14 13 3 1 1 
1 4 18 4 2 8 
1 34 2 
36 1 
1 15 19 2 
2 1 24 9 1 
4 20 5 3 5 
12 20 5 
1 10 26 
11 5 7 1 1 9 3 
1 15 20 1 
10 15 11 1 
27 8 2 
27 1 7 1 1 
1 4 26 5 1 
33 4 
10 7 20 
1 26 9 1 
4 32 1 
4 8 9 4 7 2 1 2 
3 9 24 1 
1 19 17 
1 32 1 3 
2 27 7 1 
16 14 5 2 
3 20 14 
2 25 4 5 1 
2 28 7 
2 33 1 1 
1 13 20 1 2 
37 
1 22 8 2 2 1 1 
4 2 4 13 1 4 2 6 1 
1 9 27 
1 8 6 12 10 
8 22 5 2 
26 2 9 
37 
1 17 9 10 
5 10 19 3 
2 1 14 19 1 
3 15 15 3 1 
1 18 5 9 4 
9 23 1 1 3 
2 19 9 3 2 2 
2 27 6 2 
7 13 14 3 
16 13 7 1 
15 3 16 3 
32 4 1 
2 34 1 
1 14 5 4 4 6 3 
14 11 11 1 
1 27 2 2 2 1 2 
16 2 7 10 1 1 
29 4 4 
1 32 4 
4 9 12 11 1 
1 2 29 4 1 
1 6 6 15 2 7 
2 7 26 1 1 
4 15 17 1 
37 
1 29 7 
1 17 9 1 7 1 1 
9 16 7 3 1 1 
3 34 
1 7 14 3 9 2 1 
1 3 32 1 
9 20 5 3 
2 1 3 7 17 4 1 1 1 
3 23 8 1 2 
1 23 1 9 1 1 1 
6 15 14 2 
3 11 8 12 1 1 1 
9 14 10 1 1 1 1 
1 13 2 9 4 8 
1 10 26 
27 3 7 
25 9 1 1 1 
16 1 1 10 6 2 1 
1 36 
4 30 3 
2 30 5 
1 3 33 
24 2 11 
3 1 3 6 2 14 3 1 4 
2 30 3 1 1 
1 30 2 3 1 
4 24 6 3 
1 28 1 3 3 1 
7 7 6 15 2 
19 17 1 
3 12 22 
6 4 2 13 8 1 3 
1 36 
1 31 2 1 2 
1 10 25 1 
1 20 16 
2 27 8 
24 11 2 
33 2 1 1 
