1 12 13 3 4 1 2 2 
4 30 4 
2 30 2 4 
1 9 18 1 8 1 
16 14 7 1 
14 20 1 2 1 
18 14 3 2 1 
25 10 3 
3 5 7 21 2 
3 34 1 
1 29 1 7 
2 24 8 4 
1 37 
38 
2 2 8 21 2 3 
1 32 4 1 
4 20 7 5 2 
3 20 2 5 7 1 
1 6 29 2 
36 2 
3 25 7 2 1 
3 18 8 9 
19 16 2 1 
8 29 1 
20 1 8 2 7 
1 30 6 1 
1 3 25 8 1 
1 8 20 7 2 
1 5 6 4 14 1 4 3 
1 25 1 2 4 4 1 
2 23 1 1 10 1 
27 7 3 1 
1 26 5 4 2 
5 9 9 13 1 1 
4 11 1 21 1 
2 15 5 13 3 
2 31 2 3 
33 4 1 
1 30 4 3 
1 23 13 1 
29 5 4 
16 9 12 1 
29 1 6 2 
2 27 7 2 
3 34 1 
23 9 6 
1 7 17 7 4 1 1 
2 11 7 16 2 
2 19 1 2 7 5 2 
9 19 1 6 1 2 
10 9 6 1 8 1 2 1 
5 13 14 5 1 
36 2 
20 18 
2 9 23 2 2 
5 33 
3 5 26 4 
9 3 24 2 
1 23 2 1 3 3 2 2 1 
37 1 
3 18 2 9 6 
34 4 
1 8 29 
1 26 2 9 
1 24 2 9 1 1 
1 37 
1 4 29 4 
1 28 9 
5 2 14 8 9 
20 11 4 1 2 
1 21 8 5 2 1 
1 24 8 1 2 2 
1 22 4 3 3 2 2 1 
1 10 1 15 11 
1 23 13 1 
38 
4 22 11 1 
1 30 2 4 1 
37 1 
2 16 20 
1 19 9 3 5 1 
4 22 12 
4 32 1 1 
2 30 1 2 2 1 
2 11 25 
1 7 10 12 3 3 1 1 
1 4 17 14 1 1 
7 28 3 
1 32 1 2 2 
13 14 4 4 2 1 
1 27 5 1 2 1 1 
1 16 20 1 
7 19 3 5 3 1 
1 22 14 1 
1 2 3 11 17 4 
1 29 5 3 
4 20 8 2 3 1 
1 15 14 8 
11 15 6 1 4 1 
2 5 16 6 2 6 1 
2 4 30 1 1 
8 21 4 5 
1 9 3 11 6 2 1 2 2 1 
1 21 5 6 4 1 
1 35 1 1 
2 14 15 5 2 
1 18 14 1 3 1 
2 28 8 
2 24 12 
27 2 1 7 1 
1 34 2 1 
12 15 11 
3 3 15 13 4 
3 32 3 
7 31 
1 4 16 13 1 2 1 
4 8 21 4 1 
5 26 2 3 2 
7 4 25 2 
1 17 9 3 6 1 1 
37 1 
11 11 7 9 
6 27 3 1 1 
1 18 19 
4 18 6 2 7 1 
3 11 7 7 3 5 2 
8 30 
3 26 7 2 
10 24 4 
1 13 6 9 2 4 1 2 
8 8 4 8 3 4 2 1 
1 5 28 1 3 
4 12 7 8 7 
3 12 17 5 1 
1 12 25 
2 6 8 11 6 3 1 1 
1 31 3 2 1 
2 33 3 
2 31 1 2 1 1 
2 32 1 3 
24 2 12 
1 16 17 4 
36 1 1 
1 19 18 
1 3 23 8 3 
2 20 9 4 3 
7 26 4 1 
22 4 7 1 2 2 
1 4 7 25 1 
1 24 5 6 2 
2 9 27 
3 2 25 1 1 4 1 1 
29 8 1 
1 17 20 
2 1 14 21 
38 
5 32 1 
1 11 2 8 1 5 6 2 2 
1 10 27 
5 21 10 2 
5 14 11 1 1 1 1 1 1 1 1 
1 6 20 3 1 3 1 2 1 
17 12 7 1 1 
1 9 17 5 5 1 
14 1 16 7 
1 3 4 23 3 2 2 
1 7 14 6 4 1 2 2 1 
1 4 19 12 1 1 
2 21 2 6 3 4 
1 37 
2 27 1 5 2 1 
36 2 
1 15 22 
12 17 5 2 1 1 
1 30 1 5 1 
4 28 4 1 1 
10 25 2 1 
1 23 12 2 
2 5 26 4 1 
1 20 17 
3 20 15 
19 7 12 
12 13 13 
1 14 23 
4 8 11 14 1 
1 10 20 1 6 
1 33 3 1 
1 18 11 5 3 
17 19 1 1 
1 8 20 5 1 1 2 
3 4 25 6 
4 17 1 2 8 5 1 
1 37 
9 3 26 
8 10 20 
6 18 9 3 1 1 
2 18 15 3 
3 10 25 
1 23 7 7 
5 23 2 2 2 2 2 
1 11 6 13 3 4 
2 16 18 2 
4 26 1 6 1 
38 
1 23 12 1 1 
38 
1 4 4 5 14 4 3 3 
3 14 17 3 1 
2 6 5 9 12 1 1 1 1 
1 11 23 2 1 
2 22 1 4 4 3 2 
1 22 4 11 
1 22 6 3 6 
1 26 9 2 
3 13 6 16 
36 2 
1 11 17 9 
3 27 1 4 3 
37 1 
1 3 6 5 3 9 1 4 3 2 1 
1 9 6 20 1 1 
18 11 8 1 
38 
4 6 1 3 18 6 
1 31 6 
1 5 12 15 4 1 
7 9 4 9 2 1 6 
16 12 1 5 2 2 
1 21 9 4 3 
1 27 3 1 1 4 1 
1 28 9 
2 2 7 17 4 2 4 
1 26 5 2 3 1 
2 3 10 21 2 
1 8 5 4 1 15 3 1 
2 33 3 
35 3 
5 4 14 3 10 1 1 
1 12 8 2 2 5 3 5 
1 12 7 12 2 4 
1 21 5 8 2 1 
2 21 2 2 9 1 1 
1 9 20 5 3 
6 3 19 3 5 1 1 
1 22 9 5 1 
31 7 
13 16 5 1 3 
1 25 4 3 5 
13 24 1 
7 16 4 4 2 3 2 
5 9 5 4 6 2 7 
17 4 6 4 2 4 1 
2 23 4 9 
37 1 
7 23 7 1 
7 17 14 
35 2 1 
7 5 23 2 1 
1 5 30 2 
2 24 12 
1 25 7 1 1 3 
2 23 10 1 1 1 
1 31 1 5 
1 32 5 
9 3 5 14 7 
5 17 16 
2 21 8 2 3 1 1 
1 14 22 1 
1 6 17 2 10 2 
19 11 2 3 1 2 
1 15 16 2 4 
4 19 8 5 1 1 
3 7 5 6 11 3 2 1 
1 34 3 
1 14 15 2 5 1 
1 1 27 7 1 1 
35 3 
9 26 3 
31 3 3 1 
1 19 18 
1 3 25 9 
4 22 11 1 
4 8 5 2 12 6 1 
1 3 19 4 9 2 
6 26 5 1 
1 8 4 16 5 1 3 
1 26 3 8 
1 2 13 18 2 1 1 
31 5 2 
5 14 16 3 
1 33 4 
3 10 4 8 8 1 4 
1 25 2 9 1 
1 34 3 
8 19 11 
1 8 24 2 2 1 
7 4 27 
34 1 1 1 1 
5 24 5 1 3 
1 24 1 1 8 2 1 
4 31 3 
3 16 1 9 4 1 3 1 
12 14 11 1 
18 12 7 1 
2 21 15 
2 35 1 
2 8 5 17 6 
2 29 6 1 
1 36 1 
38 
4 5 1 14 3 2 7 1 1 
9 1 14 4 2 5 2 1 
1 31 2 4 
2 10 25 1 
5 16 1 5 6 5 
1 37 
3 1 12 10 3 3 6 
16 4 1 17 
1 2 23 12 
21 14 2 1 
1 28 6 3 
17 10 9 2 
1 37 
2 29 2 3 2 
7 2 9 19 1 
1 22 2 8 5 
3 9 5 17 4 
2 24 12 
2 10 18 8 
2 23 9 4 
5 33 
1 9 22 1 1 1 2 1 
1 31 3 3 
12 21 1 3 1 
1 27 1 1 1 6 1 
6 29 3 
1 28 1 4 3 1 
4 2 23 2 4 1 2 
1 29 2 5 1 
1 1 7 6 3 8 3 8 1 
1 5 3 19 10 
3 25 10 
11 21 6 
1 17 20 
1 23 12 1 1 
12 7 13 5 1 
17 21 
2 34 2 
21 2 12 2 1 
1 37 
10 11 8 8 1 
1 15 22 
1 35 2 
4 26 4 2 1 1 
1 5 5 1 17 1 4 3 1 
2 26 10 
1 24 10 3 
1 4 16 6 11 
1 36 1 
24 14 
20 14 3 1 
17 11 10 
4 8 17 2 6 1 
25 7 1 1 1 3 
1 4 22 7 3 1 
1 1 10 24 2 
2 7 2 25 1 1 
1 14 12 1 1 4 5 
1 36 1 
2 21 5 10 
2 25 4 3 4 
15 2 19 2 
1 4 12 7 6 5 2 1 
1 31 6 
38 
1 20 14 3 
18 5 6 3 1 1 1 3 
24 12 1 1 
25 1 6 2 2 1 1 
1 28 4 2 3 
2 7 4 24 1 
7 13 11 5 2 
2 24 2 4 5 1 
1 12 4 15 6 
32 3 1 2 
38 
4 31 1 2 
1 7 7 23 
4 9 19 5 1 
1 34 3 
6 30 1 1 
1 14 23 
9 16 3 1 3 6 
2 1 24 7 2 2 
1 20 5 8 1 1 1 1 
1 36 1 
2 8 17 8 3 
1 11 12 7 3 1 3 
2 29 4 2 1 
1 29 4 4 
1 10 25 2 
2 33 1 2 
1 17 19 1 
1 35 2 
1 12 9 6 5 5 
15 14 6 1 2 
2 26 10 
3 29 6 
5 26 2 1 1 1 2 
6 10 2 14 4 1 1 
1 3 1 33 
16 15 3 2 1 1 
10 4 19 3 2 
2 4 7 14 10 1 
14 24 
5 24 9 
1 31 4 2 
6 8 11 11 1 1 
1 5 6 14 3 1 5 1 2 
9 23 6 
1 33 4 
2 31 2 1 2 
37 1 
6 15 9 2 6 
1 18 13 1 2 3 
34 1 3 
1 18 14 3 1 1 
23 10 5 
7 19 12 
2 30 1 4 1 
23 5 9 1 
6 17 10 1 1 3 
1 37 
38 
38 
13 24 1 
9 20 9 
2 35 1 
1 7 11 13 2 3 1 
1 22 1 8 1 2 3 
2 31 2 3 
10 27 1 
1 6 27 2 1 1 
1 12 12 2 10 1 
4 17 1 2 6 5 1 1 1 
4 5 3 18 8 
36 2 
1 7 25 5 
38 
19 14 3 1 1 
2 5 30 1 
2 19 4 7 3 1 2 
9 9 8 3 5 1 3 
12 2 9 3 12 
1 12 20 5 
3 19 9 4 3 
1 22 3 12 
1 34 1 1 1 
1 6 28 2 1 
1 33 4 
1 10 23 3 1 
4 3 21 7 2 1 
1 5 15 6 11 
2 23 4 7 1 1 
1 27 8 2 
1 12 2 10 2 1 1 7 2 
1 32 1 4 
3 34 1 
4 32 2 
23 13 2 
2 29 5 1 1 
14 11 12 1 
1 22 2 2 11 
2 14 22 
35 3 
2 24 4 3 2 2 1 
3 13 18 1 2 1 
4 6 20 1 7 
1 37 
1 35 1 1 
1 27 2 5 2 1 
38 
1 11 9 5 1 9 2 
15 7 10 1 1 3 1 
6 6 23 2 1 
1 2 1 11 11 2 3 2 2 3 
1 18 15 2 2 
11 24 1 2 
6 13 6 12 1 
9 15 6 1 4 1 2 
11 18 2 5 2 
1 26 10 1 
1 26 11 
1 36 1 
8 11 19 
5 24 2 1 1 1 1 1 1 1 
2 4 16 15 1 
1 5 24 4 1 1 1 1 
37 1 
38 
14 2 13 4 4 1 
1 25 3 8 1 
1 28 3 1 2 3 
2 13 22 1 
2 21 7 2 3 3 
1 9 9 15 2 1 1 
35 2 1 
2 4 14 14 3 1 
2 23 7 2 4 
1 13 19 2 3 
13 21 2 2 
1 18 18 1 
1 2 17 12 4 2 
1 36 1 
3 12 19 1 3 
1 28 4 5 
1 36 1 
1 35 2 
16 10 12 
2 26 3 2 3 2 
30 8 
1 17 3 17 
21 13 4 
3 1 20 9 4 1 
9 19 10 
15 8 12 2 1 
1 34 1 2 
38 
2 17 2 15 2 
2 13 8 8 4 3 
1 2 17 9 9 
1 18 2 12 2 2 1 
5 30 3 
2 4 25 3 4 
1 2 30 2 1 1 1 
37 1 
2 36 
2 5 30 1 
11 12 7 5 3 
2 17 18 1 
3 28 7 
4 10 24 
37 1 
7 3 2 14 11 1 
1 17 20 
23 5 8 2 
38 
25 12 1 
4 26 8 
33 1 1 1 2 
1 17 3 5 2 3 6 1 
3 2 11 11 9 2 
3 1 22 2 3 6 1 
1 1 12 21 2 1 
2 23 8 2 2 1 
1 5 13 3 14 2 
1 13 19 4 1 
2 15 16 3 2 
38 
2 4 4 6 10 2 5 4 1 
1 32 1 4 
3 6 9 15 5 
1 33 3 1 
2 15 17 2 1 1 
20 9 1 6 2 
2 4 22 1 6 1 2 
3 12 20 2 1 
1 20 17 
2 3 9 14 9 1 
2 9 1 17 7 1 1 
2 12 20 4 
11 24 1 1 1 
16 7 11 3 1 
3 30 1 4 
16 17 4 1 
30 5 2 1 
2 13 12 4 3 2 2 
16 6 16 
1 31 1 3 1 1 
1 35 2 
1 1 5 12 10 6 1 1 1 
1 9 15 10 3 
1 19 2 7 8 1 
1 31 1 5 
1 18 19 
3 21 14 
23 13 2 
1 16 18 1 1 1 
1 4 21 10 1 1 
1 11 2 15 2 7 
8 7 8 7 6 2 
16 10 10 1 1 
2 25 3 2 6 
26 4 7 1 
1 24 9 1 3 
7 8 22 1 
17 13 2 3 1 2 
3 26 2 2 5 
1 36 1 
1 31 6 
1 26 3 8 
1 26 10 1 
1 28 3 4 2 
1 37 
5 11 16 4 2 
1 24 6 5 1 1 
1 18 1 8 6 4 
2 1 6 21 2 4 1 1 
4 20 6 5 1 2 
1 32 4 1 
2 16 10 7 3 
1 36 1 
5 9 10 1 5 6 2 
2 30 3 1 2 
3 4 21 9 1 
38 
38 
3 28 7 
11 10 3 7 7 
2 8 3 21 2 2 
5 15 5 4 2 1 1 3 1 1 
1 25 8 2 1 1 
1 17 6 4 5 4 1 
5 33 
2 2 18 9 4 1 1 1 
4 8 14 1 3 4 4 
1 20 2 14 1 
1 37 
2 27 9 
1 8 9 11 1 4 2 2 
3 26 1 4 3 1 
20 1 6 7 3 1 
7 6 5 10 6 1 2 1 
6 21 4 5 2 
3 25 10 
38 
1 20 3 9 2 3 
3 35 
13 4 17 2 2 
38 
5 20 5 6 2 
2 15 6 14 1 
1 17 11 9 
1 14 22 1 
1 8 7 6 15 1 
15 1 12 5 5 
3 33 1 1 
4 17 15 1 1 
1 10 24 3 
8 27 1 1 1 
1 26 8 2 1 
6 10 2 12 8 
1 8 22 7 
2 22 3 2 6 3 
1 35 2 
1 1 10 10 14 2 
1 25 11 1 
3 24 6 2 3 
37 1 
1 6 13 18 
1 25 8 1 3 
1 4 23 7 1 1 1 
1 34 3 
2 13 1 4 2 4 2 1 7 1 1 
38 
1 31 2 4 
1 3 10 14 10 
2 35 1 
4 19 15 
2 14 13 5 2 2 
1 10 21 4 2 
1 29 1 3 4 
38 
1 31 2 2 1 1 
36 2 
1 18 7 4 2 5 1 
1 20 8 6 1 1 1 
25 1 1 3 4 1 2 1 
2 9 25 2 
1 3 10 9 10 2 2 1 
6 2 12 18 
3 28 3 3 1 
1 12 25 
2 35 1 
1 20 8 1 1 7 
11 21 3 3 
1 2 25 10 
37 1 
8 29 1 
1 4 16 5 1 3 8 
1 36 1 
13 6 14 2 3 
1 6 8 2 8 3 2 1 5 1 1 
4 16 7 1 6 1 3 
11 15 4 1 3 1 1 2 
38 
1 34 3 
38 
8 17 10 3 
2 31 5 
1 37 
3 33 2 
4 7 8 6 11 1 1 
9 23 2 4 
2 12 4 12 8 
1 11 22 3 1 
1 3 30 1 3 
5 8 13 10 2 
3 15 14 6 
2 36 
22 8 1 1 4 2 
1 25 11 1 
1 3 29 1 3 1 
37 1 
18 18 1 1 
1 15 1 11 5 4 1 
12 3 20 3 
4 13 9 7 5 
38 
2 26 7 3 
4 14 18 2 
1 8 14 1 10 1 3 
1 16 18 1 1 1 
30 3 1 4 
4 10 2 1 17 1 2 1 
31 6 1 
31 1 6 
27 11 
1 24 13 
11 26 1 
9 27 2 
27 3 6 1 1 
1 28 7 1 1 
4 21 13 
1 10 3 22 2 
1 37 
7 20 4 4 2 1 
11 25 2 
28 5 4 1 
4 5 26 3 
10 15 2 5 6 
7 6 23 2 
4 18 13 1 2 
2 5 31 
12 22 4 
5 3 23 6 1 
29 3 6 
1 27 10 
1 12 4 20 1 
1 32 1 1 3 
4 33 1 
14 23 1 
3 2 2 20 5 3 1 2 
1 27 9 1 
6 24 3 4 1 
1 16 20 1 
1 5 2 18 12 
1 37 
2 12 15 5 4 
1 18 17 1 1 
6 9 23 
2 31 2 1 2 
1 29 8 
1 32 5 
3 12 16 6 1 
20 15 3 
1 24 12 1 
6 21 10 1 
1 23 14 
2 21 15 
2 5 11 8 10 1 1 
1 17 18 2 
8 20 8 1 1 
11 16 11 
3 27 5 1 1 1 
3 24 1 5 1 4 
4 22 6 3 2 1 
38 
1 20 7 7 1 2 
1 30 3 2 2 
6 14 4 12 1 1 
1 3 31 3 
2 26 7 1 1 1 
1 16 21 
3 1 25 7 2 
6 20 7 3 2 
1 14 7 3 3 9 1 
1 37 
1 1 4 24 5 3 
1 11 18 1 5 2 
8 19 9 1 1 
13 5 8 5 3 2 2 
6 16 1 14 1 
1 18 13 1 3 1 1 
12 4 19 3 
1 34 3 
1 31 4 2 
1 19 9 2 5 1 1 
33 4 1 
1 20 3 12 1 1 
2 16 9 6 1 1 3 
7 23 2 6 
1 15 14 1 1 4 2 
1 26 10 1 
1 10 5 5 11 5 1 
3 15 4 1 12 2 1 
2 32 4 
4 23 1 4 2 4 
1 22 2 2 2 2 5 2 
2 3 6 14 5 7 1 
4 27 7 
34 3 1 
4 12 22 
1 7 27 1 1 1 
1 29 4 1 3 
1 25 6 4 2 
1 31 5 1 
4 28 1 4 1 
36 1 1 
35 1 1 1 
1 14 23 
1 24 11 2 
1 17 8 12 
1 1 5 11 20 
17 10 10 1 
1 4 33 
2 30 6 
2 17 3 15 1 
3 15 20 
16 15 7 
1 16 9 5 6 1 
7 26 2 2 1 
2 31 1 1 2 1 
10 23 4 1 
1 3 29 5 
1 35 1 1 
3 5 12 8 4 6 
2 27 1 5 1 1 1 
2 27 6 3 
38 
1 9 19 3 6 
1 18 5 13 1 
23 14 1 
1 31 3 1 1 1 
12 19 1 4 2 
4 29 4 1 
5 27 6 
2 19 10 1 4 2 
3 26 7 1 1 
1 20 1 11 2 2 1 
1 4 33 
4 26 1 6 1 
1 18 16 3 
2 5 18 4 8 1 
20 6 6 2 4 
1 4 5 4 24 
1 19 9 6 3 
15 8 3 12 
1 16 18 1 1 1 
1 30 2 5 
2 27 8 1 
2 3 26 6 1 
6 4 3 25 
2 15 18 1 2 
2 11 18 5 1 1 
4 13 10 5 1 5 
2 2 29 3 1 1 
14 1 1 10 12 
12 15 4 4 2 1 
3 7 27 1 
25 4 7 2 
3 12 5 8 4 4 1 1 
2 25 10 1 
1 25 8 3 1 
2 23 1 4 3 1 4 
6 11 3 5 4 4 3 2 
3 14 17 1 1 1 1 
15 15 4 1 3 
1 37 
2 21 8 3 3 1 
21 6 1 5 3 1 1 
38 
1 21 6 6 2 1 1 
14 3 8 2 2 1 6 1 1 
21 5 5 6 1 
38 
5 22 11 
2 10 18 8 
7 15 14 2 
1 23 11 1 1 1 
1 37 
1 7 4 23 1 2 
1 12 13 9 2 1 
14 5 18 1 
1 20 17 
9 24 2 1 2 
2 12 12 8 3 1 
2 15 15 4 1 1 
8 28 1 1 
17 6 11 1 2 1 
1 30 7 
2 34 1 1 
1 32 4 1 
17 20 1 
2 14 13 1 4 4 
21 10 7 
24 6 3 1 3 1 
2 2 20 14 
1 8 26 3 
3 1 14 15 1 4 
27 3 1 1 6 
2 29 7 
1 12 10 2 12 1 
2 16 19 1 
26 6 6 
2 1 24 2 8 1 
1 15 20 2 
1 14 8 1 3 11 
1 1 36 
7 30 1 
1 29 1 5 2 
7 21 1 7 1 1 
1 34 2 1 
6 4 24 1 3 
11 12 5 5 5 
2 22 11 2 1 
1 35 1 1 
7 4 25 1 1 
37 1 
1 18 8 9 2 
1 32 4 1 
1 6 16 6 9 
1 18 19 
1 11 19 2 4 1 
1 19 18 
1 15 9 12 1 
1 8 17 11 1 
1 16 8 8 2 2 1 
1 16 2 4 3 1 1 3 1 1 2 3 
27 2 3 2 4 
2 24 4 3 1 2 1 1 
1 21 15 1 
6 30 2 
1 22 15 
8 16 14 
2 9 27 
1 8 13 8 7 1 
3 10 1 7 2 3 4 4 2 2 
8 15 5 4 6 
1 19 13 2 3 
1 16 3 18 
1 8 19 10 
1 6 10 11 5 5 
31 3 4 
7 17 2 7 5 
4 13 11 7 1 2 
2 14 19 1 2 
1 27 5 1 2 2 
1 30 2 1 1 1 1 1 
1 14 2 13 3 1 1 1 1 1 
1 35 2 
2 28 2 3 1 1 1 
7 5 15 2 3 2 4 
1 25 9 3 
28 9 1 
2 23 6 2 1 4 
4 28 6 
1 11 22 1 2 1 
31 1 2 2 2 
1 20 12 4 1 
5 4 18 10 1 
1 8 17 6 2 3 1 
6 16 1 11 3 1 
3 28 3 4 
1 13 6 7 1 6 4 
8 14 16 
3 10 10 4 8 3 
5 18 10 3 1 1 
4 15 15 1 3 
8 30 
26 11 1 
1 34 1 2 
1 9 3 9 1 8 1 5 1 
11 2 2 7 14 2 
37 1 
1 30 7 
31 4 3 
3 21 3 9 1 1 
2 27 6 3 
3 24 1 6 3 1 
1 17 7 3 3 1 5 1 
8 27 2 1 
27 11 
17 14 7 
1 28 4 5 
13 2 3 1 6 1 5 1 1 2 2 1 
3 34 1 
13 5 8 9 2 1 
22 13 3 
2 36 
31 2 1 2 2 
3 23 11 1 
38 
4 14 20 
1 14 20 3 
12 17 6 2 1 
16 9 1 10 1 1 
2 25 11 
32 3 1 2 
2 26 3 6 1 
2 34 2 
8 11 3 1 10 5 
1 19 11 1 4 2 
26 12 
1 21 11 3 1 1 
2 15 20 1 
30 8 
2 11 12 7 6 
5 29 4 
14 24 
1 16 5 6 7 3 
3 25 7 3 
1 19 11 3 2 2 
23 12 3 
2 25 10 1 
17 19 2 
2 36 
3 27 5 2 1 
1 2 20 9 2 1 3 
1 17 18 1 1 
17 11 1 9 
12 6 7 6 2 3 2 
1 5 19 7 3 1 1 1 
5 14 13 3 2 1 
17 6 5 9 1 
1 27 8 2 
1 28 9 
2 13 11 4 2 1 4 1 
1 6 4 7 14 4 2 
2 16 5 5 4 6 
1 16 3 17 1 
1 23 8 2 4 
3 12 12 7 2 2 
1 22 10 2 3 
1 27 6 3 1 
1 15 18 3 1 
17 5 14 2 
2 12 19 2 3 
23 5 4 3 3 
38 
1 33 4 
2 27 8 1 
1 21 15 1 
2 19 13 3 1 
37 1 
5 26 2 3 1 1 
3 17 15 2 1 
4 32 1 1 
37 1 
25 6 7 
1 5 1 7 13 5 6 
2 19 17 
5 19 10 4 
1 10 27 
18 7 3 8 1 1 
1 26 1 4 1 5 
1 8 11 7 8 1 1 1 
4 27 3 4 
19 9 7 3 
20 12 6 
9 21 2 5 1 
1 24 5 5 3 
2 3 19 6 1 1 2 3 1 
1 20 9 1 1 2 3 1 
7 2 3 20 1 4 1 
35 2 1 
11 23 4 
1 36 1 
1 36 1 
4 17 12 4 1 
2 6 20 3 6 1 
6 8 23 1 
1 1 29 7 
1 36 1 
1 37 
8 13 14 1 2 
16 16 1 2 2 1 
3 22 7 1 1 3 1 
4 22 12 
1 1 36 
1 14 14 6 1 1 1 
2 13 19 2 2 
1 30 7 
1 32 2 1 1 1 
6 26 6 
31 7 
2 17 3 1 2 10 1 2 
11 19 6 1 1 
3 32 3 
1 16 20 1 
1 1 18 18 
1 14 21 2 
6 21 8 1 2 
1 22 6 1 8 
1 23 8 4 1 1 
1 19 3 4 1 4 3 2 1 
2 2 9 16 6 3 
14 17 7 
2 19 3 12 1 1 
1 7 15 10 1 2 2 
1 2 9 21 2 3 
1 30 4 1 1 1 
3 31 3 1 
4 2 30 2 
3 13 3 9 4 4 1 1 
1 13 4 19 1 
5 33 
1 1 33 3 
4 33 1 
5 2 11 3 13 4 
4 21 12 1 
7 9 16 4 1 1 
1 9 8 2 16 2 
3 13 12 1 1 3 2 1 1 1 
11 16 11 
3 20 14 1 
3 9 26 
1 28 8 1 
1 27 10 
1 27 3 3 2 2 
1 1 9 14 9 3 1 
20 2 16 
38 
2 16 12 6 2 
2 4 19 5 6 2 
11 12 11 2 2 
2 24 8 1 2 1 
4 9 2 22 1 
6 27 3 2 
2 13 5 12 1 2 3 
24 4 3 7 
38 
28 4 6 
1 26 6 5 
1 16 21 
1 12 19 6 
2 16 1 19 
2 33 3 
1 34 3 
1 26 7 3 1 
18 3 7 3 3 1 1 2 
12 21 5 
2 29 3 4 
1 1 10 11 3 9 3 
4 12 3 4 11 1 3 
3 28 7 
1 34 1 2 
1 28 4 1 4 
2 26 4 3 3 
1 11 3 16 1 3 1 2 
2 4 19 11 2 
1 24 6 3 4 
1 34 2 1 
38 
3 21 3 1 9 1 
1 30 7 
5 21 1 5 3 3 
12 18 3 2 3 
11 17 4 5 1 
9 18 9 2 
5 19 14 
1 24 5 2 3 3 
4 22 11 1 
1 11 18 2 3 2 1 
1 7 27 1 1 1 
6 3 21 2 1 1 4 
2 7 22 1 6 
37 1 
1 33 3 1 
3 26 4 3 1 1 
18 13 3 4 
37 1 
3 3 7 24 1 
2 9 26 1 
1 29 3 3 1 1 
2 9 11 13 2 1 
2 9 20 2 1 4 
5 2 11 20 
17 5 16 
1 26 9 2 
1 13 24 
2 7 26 2 1 
1 17 6 9 1 2 1 1 
8 14 2 5 1 6 1 1 
1 12 18 5 1 1 
24 2 2 1 4 1 4 
8 29 1 
5 23 8 1 1 
29 5 4 
2 26 7 2 1 
1 15 21 1 
26 4 1 5 2 
1 31 2 2 2 
1 35 1 1 
4 1 17 2 8 3 2 1 
22 14 2 
2 15 8 8 5 
2 32 3 1 
3 19 5 4 1 3 3 
1 30 3 4 
6 12 4 12 2 2 
29 2 7 
1 18 2 9 7 1 
1 34 3 
2 23 5 7 1 
1 1 3 2 1 13 10 4 2 1 
1 22 11 4 
1 1 1 3 5 11 14 1 1 
33 5 
2 33 1 2 
9 15 14 
1 13 24 
1 16 10 9 1 1 
3 5 26 3 1 
4 11 20 2 1 
1 8 18 1 4 5 1 
1 36 1 
2 8 4 4 18 1 1 
1 31 6 
9 11 10 7 1 
4 10 1 15 5 2 1 
1 25 5 3 4 
30 2 2 2 1 1 
1 31 3 3 
13 10 15 
4 14 20 
38 
16 17 1 4 
2 10 7 2 8 1 3 1 1 2 1 
1 18 7 3 6 2 1 
4 30 1 2 1 
1 13 3 14 1 5 1 
4 9 15 6 3 1 
2 18 3 11 2 2 
25 10 3 
1 1 7 16 2 1 2 2 5 1 
3 34 1 
10 8 16 4 
7 19 1 7 1 1 1 1 
2 13 14 7 2 
4 20 14 
15 16 2 1 1 2 1 
1 27 2 4 4 
1 13 22 2 
38 
1 8 9 9 9 1 1 
4 34 
2 32 4 
1 28 7 1 1 
5 25 2 2 1 3 
1 33 1 1 1 1 
1 37 
1 1 20 3 10 1 2 
1 33 1 1 1 1 
3 28 1 5 1 
37 1 
1 10 20 1 2 3 1 
1 7 17 9 4 
1 33 4 
1 20 14 1 2 
2 20 7 9 
1 29 3 4 1 
1 23 7 5 1 1 
4 4 3 7 10 10 
3 35 
1 14 18 5 
10 12 13 3 
8 8 10 12 
2 2 28 3 2 1 
1 21 11 4 1 
36 2 
13 4 2 19 
2 27 6 2 1 
3 27 3 2 3 
1 19 15 2 1 
1 32 5 
38 
1 9 10 6 3 2 7 
1 27 10 
1 5 1 17 9 1 1 3 
18 19 1 
5 18 9 5 1 
5 20 5 3 3 2 
2 2 34 
1 32 5 
12 14 12 
1 25 1 6 4 1 
1 12 10 1 3 6 2 1 1 1 
6 31 1 
1 3 21 8 5 
5 28 1 2 1 1 
1 33 4 
1 1 4 14 14 1 1 1 1 
1 17 9 3 5 2 1 
2 11 11 1 8 2 1 2 
10 8 15 4 1 
38 
29 1 8 
15 6 4 13 
1 13 20 1 1 1 1 
6 8 10 7 2 4 1 
29 2 7 
1 12 6 11 3 1 3 1 
5 31 2 
2 3 2 4 7 11 4 1 4 
2 12 24 
1 24 2 1 4 1 3 1 1 
6 22 3 4 1 2 
6 18 2 2 1 3 1 4 1 
1 6 7 8 6 10 
2 17 14 2 2 1 
5 10 23 
1 28 1 7 1 
23 9 2 1 3 
18 5 8 4 1 2 
2 17 16 2 1 
2 14 14 4 3 1 
6 11 19 1 1 
1 12 16 8 1 
1 11 9 5 2 2 1 6 1 
3 19 1 8 7 
4 7 5 9 12 1 
23 6 7 1 1 
2 30 6 
2 20 6 6 4 
35 3 
20 3 15 
4 14 13 4 3 
1 8 14 10 1 4 
1 24 6 1 4 2 
22 15 1 
1 18 19 
17 21 
35 3 
2 3 28 3 1 1 
1 37 
1 30 2 3 1 1 
38 
5 3 29 1 
19 6 5 1 3 2 1 1 
2 36 
28 1 5 4 
24 10 3 1 
1 29 4 3 1 
1 13 15 2 7 
1 8 9 18 2 
8 28 2 
22 16 
2 14 12 5 5 
18 17 3 
16 15 4 1 2 
1 32 3 1 1 
2 32 4 
3 28 4 2 1 
3 19 5 7 4 
3 9 26 
5 3 21 5 1 2 1 
3 6 10 13 5 1 
1 37 
20 15 3 
4 28 6 
8 11 13 2 4 
3 14 21 
3 4 20 2 6 2 1 
2 2 15 12 3 4 
1 21 2 8 1 1 3 1 
2 31 5 
1 25 5 6 1 
6 31 1 
1 13 12 8 4 
21 3 4 3 3 4 
31 5 2 
2 16 11 5 3 1 
4 33 1 
1 24 3 2 6 1 1 
2 33 3 
8 9 6 10 3 1 1 
1 7 11 3 1 5 4 2 4 
1 12 7 16 2 
36 2 
22 5 3 5 1 1 1 
2 21 1 12 2 
4 30 3 1 
14 22 2 
1 5 24 8 
1 15 11 3 4 2 2 
1 18 4 3 12 
8 9 10 9 2 
1 35 2 
4 16 18 
1 4 26 3 1 3 
12 2 9 3 5 5 1 1 
1 1 18 8 4 6 
35 2 1 
19 9 7 1 2 
1 14 23 
4 7 10 11 5 1 
1 22 8 3 2 1 1 
1 6 19 1 1 8 1 1 
15 13 7 3 
18 19 1 
1 20 10 1 3 3 
7 17 5 9 
2 27 7 1 1 
1 22 6 9 
1 25 7 1 2 1 1 
1 29 4 4 
3 28 7 
1 29 2 4 1 1 
1 17 3 11 2 3 1 
35 3 
5 14 9 8 1 1 
2 16 7 13 
1 19 15 1 2 
17 11 1 4 1 1 2 1 
15 18 4 1 
21 4 7 1 5 
1 30 3 1 3 
5 11 10 3 2 5 1 1 
1 25 4 3 2 2 1 
1 11 3 7 16 
20 3 14 1 
1 28 9 
1 37 
34 1 1 1 1 
1 32 5 
20 16 2 
32 5 1 
4 11 6 1 7 2 1 3 2 1 
24 1 12 1 
1 4 22 11 
4 3 31 
1 9 28 
1 25 12 
31 5 2 
2 20 7 7 2 
14 17 2 1 4 
10 1 12 7 1 6 1 
2 22 2 3 8 1 
1 7 4 17 1 7 1 
1 32 5 
19 3 10 2 1 1 2 
29 5 4 
13 20 1 3 1 
4 22 4 3 2 3 
17 21 
4 5 6 12 7 2 1 1 
6 7 11 8 1 5 
3 20 1 14 
1 35 2 
3 5 21 2 1 2 4 
3 31 1 3 
1 17 2 8 1 1 1 2 2 1 1 1 
3 35 
1 29 1 2 2 3 
1 28 3 6 
27 3 7 1 
38 
25 5 8 
1 16 12 5 2 2 
37 1 
1 35 2 
17 18 1 2 
1 32 5 
17 21 
2 1 9 12 10 2 1 1 
6 22 8 2 
8 11 12 4 2 1 
2 25 6 2 3 
1 35 2 
24 10 3 1 
1 7 4 8 6 9 3 
5 10 12 4 6 1 
1 19 2 9 3 4 
1 8 20 4 4 1 
3 18 11 2 4 
3 2 20 4 2 1 1 2 2 1 
1 1 10 24 1 1 
2 35 1 
2 4 13 2 1 8 1 7 
3 19 8 4 2 1 1 
31 3 3 1 
1 35 2 
38 
1 12 18 1 1 5 
25 6 7 
1 30 3 3 1 
36 2 
1 37 
1 8 29 
2 9 4 10 3 4 4 2 
2 32 2 1 1 
1 16 12 3 6 
1 17 8 5 1 3 1 2 
2 3 15 12 4 2 
5 30 3 
30 1 7 
7 14 4 5 6 1 1 
29 7 2 
1 35 1 1 
1 33 1 3 
3 31 2 1 1 
1 5 9 11 12 
1 22 13 1 1 
4 14 12 1 1 1 1 3 1 
37 1 
3 4 11 15 3 2 
2 27 9 
2 17 11 1 6 1 
13 25 
6 3 26 2 1 
3 29 2 2 1 1 
3 31 3 1 
1 17 19 1 
10 19 4 1 4 
2 4 13 13 3 1 1 1 
2 8 11 10 5 1 1 
9 25 4 
1 32 3 2 
12 22 4 
1 14 23 
27 10 1 
11 5 20 1 1 
20 2 14 2 
1 20 13 4 
4 6 10 10 8 
1 34 1 1 1 
1 29 8 
9 11 6 11 1 
10 12 2 10 3 1 
1 34 2 1 
1 25 6 3 3 
1 15 16 5 1 
38 
1 18 15 3 1 
1 37 
8 9 19 2 
3 2 25 2 3 2 1 
1 7 25 2 3 
4 21 6 4 3 
1 34 3 
1 17 9 7 3 1 
1 6 25 2 3 1 
21 1 5 11 
3 12 6 15 2 
2 25 10 1 
3 13 22 
1 7 2 5 23 
30 4 4 
2 11 1 14 8 2 
1 9 8 4 9 5 2 
5 17 15 1 
2 16 4 6 6 2 1 1 
1 33 3 1 
2 27 9 
1 14 18 2 1 2 
11 23 4 
24 6 8 
2 8 11 8 9 
2 22 13 1 
22 15 1 
1 7 17 9 4 
3 10 9 4 7 3 2 
1 32 5 
32 3 3 
2 35 1 
13 11 5 2 1 4 1 1 
1 18 4 1 13 1 
3 19 16 
28 4 6 
18 14 4 2 
25 2 9 2 
2 32 4 
3 12 17 5 1 
2 10 6 20 
2 35 1 
1 36 1 
19 15 1 1 2 
2 20 7 2 4 1 1 1 
21 16 1 
15 15 4 2 1 1 
1 25 8 2 2 
1 24 9 3 1 
38 
1 24 10 3 
3 4 27 3 1 
5 6 7 13 2 3 1 1 
7 25 6 
1 24 5 5 3 
1 25 4 1 7 
1 13 21 1 2 
1 26 2 3 1 1 2 2 
1 8 29 
1 13 8 16 
2 35 1 
1 31 5 1 
3 5 30 
8 6 14 8 2 
30 3 2 1 1 1 
7 31 
15 15 7 1 
11 13 7 6 1 
38 
1 17 1 18 1 
1 6 20 4 7 
3 28 1 2 3 1 
1 6 14 13 1 2 1 
3 6 11 6 6 2 3 1 
1 32 5 
1 2 3 9 3 6 1 1 1 5 2 3 1 
17 9 4 4 2 2 
2 31 5 
4 19 15 
1 24 12 1 
2 24 12 
1 34 2 1 
4 14 18 2 
3 28 6 1 
1 7 28 2 
1 3 21 1 10 2 
14 15 1 8 
9 12 17 
2 21 15 
1 9 28 
1 17 12 7 1 
38 
6 19 8 3 1 1 
1 17 20 
19 2 9 7 1 
1 27 2 3 3 1 1 
1 18 17 1 1 
1 11 24 1 1 
2 34 1 1 
1 10 4 12 11 
1 23 11 1 1 1 
11 6 3 8 1 3 3 1 2 
1 10 3 22 1 1 
14 24 
1 31 6 
1 15 5 10 7 
2 11 7 8 7 1 2 
38 
7 28 3 
36 1 1 
4 28 1 4 1 
1 1 21 9 2 3 1 
1 14 10 9 4 
2 32 4 
1 16 9 5 1 4 2 
27 6 3 2 
2 22 1 9 4 
2 7 29 
7 4 11 13 1 2 
5 32 1 
1 12 22 2 1 
25 12 1 
1 29 8 
38 
2 21 7 4 3 1 
1 1 16 14 1 3 2 
2 2 18 15 1 
16 20 2 
11 26 1 
1 10 9 3 14 1 
10 12 15 1 
2 35 1 
2 7 25 1 1 2 
2 4 25 6 1 
2 13 9 5 9 
4 5 27 2 
4 12 12 6 1 1 2 
3 16 13 4 1 1 
1 24 12 1 
1 3 2 17 2 3 8 1 1 
12 20 6 
14 2 17 2 2 1 
1 30 7 
3 29 3 2 1 
2 8 8 8 7 2 3 
38 
1 22 2 10 3 
1 33 4 
15 23 
1 31 3 3 
9 12 14 1 2 
1 16 9 11 1 
1 15 20 2 
1 9 21 2 5 
1 13 22 2 
1 22 1 4 10 
1 10 11 8 4 3 1 
2 3 3 1 6 10 11 1 1 
1 21 1 5 2 7 1 
1 33 3 1 
1 36 1 
27 10 1 
1 14 17 4 2 
4 7 6 18 1 1 1 
1 9 8 20 
2 30 6 
2 3 30 1 2 
17 17 3 1 
37 1 
1 1 23 8 5 
1 8 29 
11 18 5 3 1 
2 17 13 2 1 2 1 
2 12 3 5 10 4 2 
2 7 13 11 4 1 
18 6 11 2 1 
2 1 27 3 3 2 
1 12 17 7 1 
14 3 11 7 1 1 1 
1 14 13 1 8 1 
2 11 22 2 1 
4 30 4 
2 32 3 1 
2 35 1 
1 21 16 
2 19 4 2 4 3 2 1 1 
2 1 18 10 7 
1 8 12 8 7 1 1 
2 10 20 2 1 1 1 1 
2 5 3 4 8 15 1 
7 14 11 1 4 1 
11 23 4 
1 14 14 1 4 1 1 1 1 
1 16 10 9 1 1 
1 17 16 2 2 
3 3 30 2 
1 35 2 
1 31 5 1 
16 17 4 1 
4 29 1 4 
1 10 19 1 6 1 
1 17 5 12 1 2 
2 18 5 6 4 3 
1 31 1 3 1 1 
27 10 1 
9 26 2 1 
1 25 10 1 1 
38 
5 31 1 1 
4 3 31 
1 18 12 7 
1 36 1 
1 16 21 
2 17 1 18 
5 31 2 
1 11 9 6 6 2 2 1 
1 34 2 1 
1 3 16 4 8 4 1 1 
14 11 13 
1 27 4 5 1 
1 5 6 23 3 
2 6 24 3 3 
1 35 2 
6 30 2 
10 22 1 5 
6 15 5 9 3 
3 31 1 1 1 1 
2 1 12 22 1 
17 6 7 5 2 1 
1 25 1 7 2 2 
5 33 
2 25 11 
11 18 8 1 
5 7 9 7 7 1 1 1 
2 1 31 4 
4 18 3 7 2 1 3 
23 4 2 5 3 1 
1 18 11 3 1 4 
2 31 5 
28 1 7 2 
2 14 11 11 
1 27 10 
1 16 17 3 1 
20 12 2 1 2 1 
1 5 3 20 9 
17 8 5 6 2 
2 20 3 8 2 3 
2 36 
1 21 16 
15 20 3 
8 27 1 2 
1 28 9 
2 22 14 
15 7 1 2 8 4 1 
2 31 3 1 1 
9 8 21 
25 2 6 1 1 1 2 
2 26 1 1 8 
2 24 1 10 1 
1 1 24 3 9 
7 19 4 7 1 
1 12 11 8 5 1 
13 3 22 
12 12 2 12 
6 4 12 10 5 1 
3 35 
4 4 16 8 4 2 
34 1 1 2 
9 27 1 1 
4 29 5 
23 11 4 
15 22 1 
37 1 
5 26 4 2 1 
1 16 1 18 1 1 
1 2 29 6 
13 4 12 9 
35 1 2 
1 1 14 16 5 1 
1 4 8 1 7 11 2 3 1 
7 8 5 8 10 
38 
1 28 8 1 
4 5 22 3 1 2 1 
4 21 12 1 
2 6 1 1 9 15 4 
2 6 4 1 18 6 1 
1 1 36 
1 14 18 1 2 1 1 
31 6 1 
2 35 1 
20 9 7 1 1 
1 3 11 22 1 
1 34 1 1 1 
1 32 5 
38 
2 31 1 4 
1 20 2 5 1 2 5 2 
2 29 1 5 1 
38 
38 
2 25 5 6 
1 31 1 3 1 1 
1 26 11 
16 2 2 13 3 2 
4 9 19 5 1 
35 1 2 
2 14 18 3 1 
4 26 4 2 1 1 
1 21 11 1 3 1 
1 32 5 
1 36 1 
2 21 1 3 2 1 1 7 
2 4 7 24 1 
1 23 3 11 
23 13 1 1 
23 3 1 3 3 3 2 
11 16 8 2 1 
1 21 15 1 
4 32 2 
1 14 9 12 2 
1 7 25 5 
1 14 4 5 2 6 5 1 
1 35 1 1 
1 15 6 1 3 6 1 2 3 
1 16 6 14 1 
14 2 22 
3 20 4 9 2 
1 28 5 1 3 
18 11 8 1 
2 13 14 2 7 
1 1 12 8 12 2 2 
17 20 1 
1 24 6 2 1 4 
1 8 20 1 2 2 4 
5 11 4 7 5 6 
14 20 4 
2 11 5 11 9 
1 37 
1 4 16 8 3 1 5 
1 31 1 5 
9 27 2 
2 25 11 
1 26 11 
2 28 8 
31 2 4 1 
5 13 19 1 
10 20 1 5 1 1 
2 17 8 3 1 1 4 1 1 
1 27 8 2 
8 3 6 8 10 3 
1 6 1 23 3 2 1 1 
11 3 17 7 
1 28 8 1 
10 21 5 2 
2 26 8 1 1 
4 5 25 2 2 
3 33 1 1 
1 20 1 14 2 
38 
10 4 18 4 1 1 
3 27 3 1 4 
1 9 14 3 4 2 2 1 1 1 
23 10 3 2 
1 35 2 
8 12 12 1 5 
1 3 10 6 1 1 2 3 2 2 7 
15 10 11 2 
1 12 10 13 2 
5 28 3 2 
31 7 
1 16 4 4 7 1 3 1 1 
12 14 2 7 1 1 1 
1 32 5 
5 28 2 2 1 
20 7 8 1 2 
1 5 20 3 8 1 
2 3 27 1 1 3 1 
1 12 15 2 8 
2 22 1 10 1 2 
2 33 2 1 
3 13 2 8 1 1 1 6 3 
5 33 
2 17 6 9 4 
1 8 22 1 6 
4 29 5 
4 4 30 
22 8 2 6 
1 3 17 15 2 
1 21 15 1 
3 3 9 6 17 
3 3 7 11 12 2 
38 
1 11 18 7 1 
5 8 25 
1 36 1 
3 22 4 5 1 1 1 1 
4 1 2 1 29 1 
24 2 4 4 3 1 
1 27 1 4 1 3 1 
1 10 27 
6 10 6 4 2 4 3 1 1 1 
1 33 4 
6 1 20 1 10 
1 23 7 6 1 
1 15 12 4 2 2 2 
38 
1 31 2 1 3 
1 20 5 4 8 
27 11 
2 2 8 21 4 1 
9 10 18 1 
2 21 2 3 1 3 4 2 
11 21 5 1 
11 5 14 3 4 1 
1 3 20 14 
22 12 3 1 
2 25 9 2 
1 35 2 
1 10 25 2 
1 6 10 4 16 1 
13 6 10 3 1 3 1 1 
1 3 8 16 5 2 2 1 
1 35 1 1 
1 1 28 7 1 
13 7 13 1 3 1 
24 9 4 1 
14 1 5 18 
32 3 3 
36 1 1 
2 19 16 1 
11 25 2 
35 2 1 
1 22 2 4 1 3 1 1 2 1 
1 15 8 10 1 3 
1 16 9 3 1 6 2 
2 23 7 3 2 1 
1 34 1 1 1 
4 1 18 4 2 1 4 3 1 
1 18 13 4 2 
2 7 16 8 3 2 
25 12 1 
1 5 18 1 12 1 
38 
1 10 17 9 1 
2 17 7 1 7 3 1 
32 3 2 1 
1 31 1 4 1 
17 18 3 
2 24 4 8 
8 28 1 1 
5 30 3 
1 26 11 
32 2 1 2 1 
1 23 3 2 4 1 4 
1 36 1 
1 16 21 
23 14 1 
1 7 19 9 1 1 
7 13 17 1 
30 2 2 2 2 
11 1 6 18 2 
1 37 
4 7 12 3 12 
2 24 4 8 
7 6 2 22 1 
12 9 5 11 1 
1 8 19 5 5 
6 26 6 
3 7 9 4 5 7 2 1 
15 17 3 3 
2 34 2 
37 1 
1 14 4 10 9 
7 29 2 
1 14 23 
37 1 
21 10 7 
21 5 7 2 2 1 
1 17 9 11 
1 20 7 8 2 
11 25 2 
1 18 16 2 1 
2 7 22 3 3 1 
1 9 1 17 1 1 8 
10 17 11 
38 
1 16 1 9 8 3 
11 14 7 5 1 
5 27 5 1 
15 9 11 2 1 
1 11 2 18 4 1 1 
7 19 11 1 
36 2 
1 11 5 18 1 1 1 
5 8 22 3 
1 6 7 16 5 2 1 
1 10 27 
1 37 
2 8 9 7 9 2 1 
1 13 15 4 5 
3 12 6 6 8 1 1 1 
4 21 3 10 
1 25 3 3 4 2 
1 24 8 3 1 1 
1 5 29 3 
2 16 14 3 1 1 1 
1 21 7 3 5 1 
1 16 17 2 1 1 
38 
28 9 1 
6 13 12 2 3 1 1 
1 33 4 
1 22 1 3 3 4 4 
1 23 6 5 1 1 1 
1 31 2 2 2 
1 6 5 13 8 1 1 3 
38 
2 31 4 1 
3 8 3 16 8 
15 13 1 3 2 3 1 
9 1 28 
5 11 15 1 3 3 
1 11 7 18 1 
1 22 2 7 6 
38 
5 30 3 
2 23 8 2 2 1 
3 21 14 
1 7 3 13 6 5 3 
6 21 7 3 1 
25 11 1 1 
5 14 17 1 1 
26 2 2 4 1 3 
28 3 4 1 1 1 
32 1 3 1 1 
1 6 30 1 
14 15 9 
23 9 5 1 
1 26 1 4 3 1 1 1 
16 5 17 
1 21 3 8 5 
16 18 3 1 
2 11 14 3 8 
17 6 14 1 
1 23 1 4 2 1 3 2 1 
29 4 3 1 1 
1 28 1 5 1 1 1 
11 13 4 9 1 
2 15 1 5 9 5 1 
3 5 20 8 2 
1 4 26 1 2 1 3 
1 23 7 7 
3 2 32 1 
3 17 11 1 3 1 1 1 
1 14 7 6 1 8 1 
1 7 6 8 4 11 1 
1 14 1 12 10 
1 36 1 
1 35 2 
1 21 11 5 
3 34 1 
1 5 25 6 1 
1 5 26 6 
1 11 26 
3 2 29 2 1 1 
2 18 3 1 11 2 1 
21 1 13 2 1 
6 9 10 2 4 6 1 
2 22 3 5 6 
34 1 3 
8 2 13 5 1 2 2 2 2 1 
2 14 11 1 7 2 1 
7 24 5 2 
2 7 18 8 3 
1 26 10 1 
11 19 8 
4 15 11 2 1 3 2 
2 1 29 1 5 
1 3 25 4 4 1 
11 25 1 1 
6 26 1 4 1 
4 31 1 2 
1 20 10 2 2 3 
13 1 21 1 2 
8 2 28 
30 1 3 3 1 
4 33 1 
8 6 21 2 1 
1 22 15 
16 8 2 2 7 1 1 1 
28 1 9 
2 33 1 1 1 
1 10 27 
1 36 1 
3 11 1 10 3 7 2 1 
5 2 20 3 4 3 1 
4 22 11 1 
27 10 1 
1 33 1 3 
3 28 4 2 1 
4 20 14 
1 31 4 1 1 
1 14 23 
2 31 4 1 
11 6 12 8 1 
1 35 1 1 
27 8 3 
9 16 1 8 3 1 
12 20 1 3 1 1 
32 4 2 
5 22 11 
6 12 18 2 
2 5 19 1 5 2 3 1 
8 8 7 7 1 1 1 2 1 2 
1 6 18 8 3 1 1 
1 17 6 4 2 6 2 
38 
22 16 
1 35 2 
2 30 4 2 
1 7 24 4 2 
1 5 2 8 4 12 4 2 
1 9 21 7 
1 28 9 
3 27 1 4 3 
1 33 2 1 1 
33 3 2 
13 9 5 2 7 2 
2 24 5 1 3 1 2 
1 18 12 5 1 1 
3 3 18 6 6 2 
1 11 9 12 1 2 1 1 
1 23 14 
15 17 4 2 
9 23 5 1 
1 24 4 1 8 
3 5 19 10 1 
2 25 10 1 
6 29 1 2 
19 14 1 2 2 
3 19 11 1 1 3 
2 28 8 
6 31 1 
18 18 2 
1 24 12 1 
2 33 2 1 
9 24 1 1 1 2 
2 14 20 1 1 
2 29 1 2 1 1 1 1 
16 21 1 
2 20 16 
2 5 3 22 2 4 
5 32 1 
1 4 24 8 1 
1 28 4 3 2 
34 4 
4 28 3 1 1 1 
38 
1 4 3 29 1 
1 17 20 
4 10 14 7 3 
1 22 9 5 1 
1 5 4 9 19 
2 35 1 
1 24 10 1 2 
9 10 1 16 2 
5 6 10 16 1 
13 4 5 3 12 1 
22 13 3 
15 2 21 
11 19 6 1 1 
38 
2 6 5 17 4 1 3 
7 16 5 9 1 
18 12 7 1 
22 7 3 5 1 
5 32 1 
38 
2 5 22 7 2 
2 24 3 6 3 
1 2 28 7 
2 5 25 1 3 2 
3 23 4 3 5 
38 
1 29 8 
12 14 9 1 2 
4 17 17 
1 14 23 
2 31 5 
25 9 1 2 1 
1 20 10 6 1 
3 35 
1 8 29 
2 3 14 8 6 2 2 1 
1 10 7 15 3 2 
20 14 2 2 
2 4 4 18 1 1 5 2 1 
1 17 15 5 
1 35 1 1 
1 13 10 7 6 1 
2 11 13 10 2 
1 8 14 14 1 
17 10 4 6 1 
1 20 6 8 3 
20 16 1 1 
2 5 2 14 4 5 6 
2 18 18 
1 34 1 2 
3 12 17 6 
1 22 11 4 
2 5 29 1 1 
13 15 5 3 2 
2 3 29 4 
2 1 16 3 6 5 2 1 1 1 
1 15 22 
1 1 16 4 12 3 1 
1 22 3 10 2 
1 27 10 
1 7 26 3 1 
3 29 5 1 
14 3 1 4 12 1 1 2 
1 37 
2 32 4 
2 17 16 3 
28 1 6 2 1 
2 6 1 27 2 
9 14 12 2 1 
2 11 24 1 
20 12 2 4 
1 6 17 11 3 
1 24 12 1 
36 1 1 
33 3 2 
13 3 13 1 8 
1 34 1 2 
10 13 15 
2 22 2 2 1 4 5 
1 26 10 1 
1 22 2 7 6 
8 24 1 4 1 
1 21 10 1 5 
1 10 21 5 1 
16 7 15 
3 10 25 
3 20 11 2 2 
1 23 1 4 4 4 1 
1 26 7 2 2 
12 3 23 
22 11 1 3 1 
1 17 15 4 1 
3 13 14 8 
2 32 4 
7 25 6 
8 28 2 
3 16 6 11 2 
2 16 19 1 
4 15 13 5 1 
2 27 9 
2 20 5 11 
4 12 21 1 
2 19 2 12 2 1 
13 9 3 5 5 3 
9 28 1 
3 17 11 6 1 
3 8 27 
8 26 4 
1 17 10 3 3 4 
2 4 31 1 
7 23 4 3 1 
2 1 17 14 4 
2 27 6 2 1 
5 22 11 
10 16 6 6 
1 16 4 14 3 
2 14 14 1 5 1 1 
1 21 12 2 2 
1 10 15 5 6 1 
1 13 4 9 2 5 2 1 1 
25 1 8 4 
1 31 6 
2 24 3 8 1 
1 8 24 2 1 2 
1 35 2 
13 11 14 
20 7 4 1 2 4 
1 17 10 3 7 
8 12 13 2 2 1 
1 33 3 1 
8 7 21 1 1 
1 10 15 9 2 1 
1 26 3 8 
1 20 17 
30 3 5 
1 23 8 3 2 1 
26 1 8 2 1 
1 24 7 6 
38 
11 16 1 9 1 
1 14 16 7 
2 33 3 
1 29 4 1 1 1 1 
26 8 1 3 
11 8 10 8 1 
1 21 8 7 1 
38 
2 14 17 5 
1 22 15 
1 7 3 12 14 1 
2 25 5 2 4 
1 5 14 6 2 2 6 1 1 
7 2 13 7 2 6 1 
6 29 3 
1 12 2 20 1 1 1 
12 22 4 
1 25 3 3 4 1 1 
35 2 1 
6 28 4 
1 10 4 19 3 1 
1 22 10 5 
1 25 9 1 2 
2 22 4 6 2 2 
2 30 5 1 
1 18 16 2 1 
3 13 19 1 2 
1 22 10 2 1 1 1 
4 25 6 1 1 1 
4 18 10 4 2 
2 8 26 2 
2 27 9 
1 8 29 
9 2 9 15 2 1 
6 23 1 8 
5 30 2 1 
1 36 1 
1 8 14 13 2 
1 9 9 14 3 2 
3 24 11 
1 11 25 1 
1 16 8 11 1 1 
6 12 20 
9 9 13 4 3 
2 30 5 1 
3 22 9 4 
33 5 
13 17 8 
27 9 2 
3 17 7 8 2 1 
6 31 1 
1 7 18 2 2 3 3 2 
5 14 10 8 1 
24 6 3 3 2 
1 17 7 9 2 1 1 
1 11 23 2 1 
3 35 
5 31 1 1 
1 28 5 2 2 
7 2 29 
1 8 16 5 5 3 
5 16 17 
4 33 1 
15 20 3 
38 
1 29 3 3 2 
3 29 3 1 1 1 
1 10 18 4 2 3 
9 2 10 3 10 1 2 1 
17 15 5 1 
32 1 2 3 
38 
4 1 7 5 7 4 3 2 3 2 
4 17 3 11 3 
13 10 5 2 3 2 1 1 1 
2 26 7 2 1 
1 10 1 26 
32 4 2 
38 
12 6 10 2 8 
24 11 3 
1 6 19 2 4 1 5 
3 30 2 3 
1 27 9 1 
2 14 11 6 3 1 1 
1 6 27 3 1 
3 27 5 2 1 
25 6 2 4 1 
2 8 1 20 2 2 2 1 
3 27 2 4 2 
1 29 8 
12 23 1 1 1 
5 3 9 4 10 5 1 1 
1 25 3 3 2 2 1 1 
1 3 14 8 5 5 1 1 
3 32 2 1 
9 4 7 9 1 2 2 3 1 
1 27 2 3 4 1 
1 11 12 9 2 3 
1 4 24 9 
3 6 4 16 5 4 
1 4 11 14 8 
2 14 4 11 1 6 
1 2 11 4 3 17 
9 20 9 
3 19 5 7 3 1 
37 1 
3 27 6 1 1 
38 
10 12 11 3 2 
2 2 32 2 
5 21 10 2 
2 31 1 4 
1 34 2 1 
4 1 8 16 3 6 
1 7 29 1 
2 28 2 2 1 3 
3 4 14 3 13 1 
1 25 1 8 3 
2 33 3 
1 31 6 
2 4 9 11 11 1 
8 10 7 3 6 4 
31 4 3 
1 10 10 10 2 4 1 
37 1 
5 26 7 
1 3 24 6 4 
1 11 6 19 1 
4 1 22 9 2 
1 8 6 15 5 3 
1 6 16 3 2 1 6 3 
1 7 4 2 15 2 4 1 2 
5 27 4 1 1 
1 3 30 3 1 
29 6 1 1 1 
1 7 24 6 
3 17 6 6 1 2 1 1 1 
3 26 5 2 1 1 
5 23 2 6 1 1 
3 35 
35 2 1 
3 23 6 1 1 2 2 
37 1 
11 23 1 1 2 
11 22 5 
1 21 15 1 
31 4 1 2 
1 32 5 
2 4 6 14 4 5 3 
2 24 12 
4 3 27 2 2 
2 10 24 2 
1 26 6 2 1 1 1 
1 21 10 5 1 
1 24 13 
4 17 11 6 
1 17 16 4 
1 22 15 
37 1 
1 27 10 
1 15 22 
1 34 3 
2 18 17 1 
2 6 19 2 9 
26 1 9 2 
1 9 20 8 
1 33 4 
38 
1 33 4 
35 3 
1 15 10 4 1 5 1 1 
2 1 13 1 4 2 4 9 1 1 
1 9 25 1 1 1 
19 3 16 
3 30 5 
1 24 10 2 1 
1 10 4 15 7 1 
1 34 2 1 
1 5 6 24 2 
3 26 2 4 1 2 
5 24 9 
20 2 12 2 1 1 
1 27 6 4 
1 34 2 1 
3 29 4 2 
36 1 1 
35 1 2 
1 8 16 8 1 1 2 1 
1 8 22 2 1 3 1 
4 20 5 8 1 
4 33 1 
1 27 9 1 
1 28 5 1 2 1 
13 3 14 8 
6 14 14 2 1 1 
9 10 15 2 1 1 
3 35 
1 13 14 7 1 2 
1 29 7 1 
1 16 16 2 3 
1 20 13 2 1 1 
9 19 10 
2 7 15 7 1 4 2 
38 
1 31 4 1 1 
28 10 
1 15 2 11 8 1 
15 4 17 1 1 
22 7 3 6 
5 29 3 1 
3 34 1 
1 32 1 3 1 
1 13 19 4 1 
3 19 8 3 5 
1 12 5 4 3 3 2 3 1 2 2 
3 3 20 6 1 2 3 
1 18 17 1 1 
1 17 3 13 2 2 
1 21 4 2 10 
2 11 25 
3 15 4 9 5 1 1 
1 2 16 11 8 
3 5 16 12 2 
3 23 12 
1 3 24 1 5 3 1 
4 11 18 4 1 
2 7 29 
1 8 11 3 5 6 2 2 
1 31 4 1 1 
3 11 12 9 3 
3 9 18 6 1 1 
1 12 22 3 
4 8 12 6 1 4 1 2 
38 
8 28 1 1 
2 29 4 3 
1 18 16 2 1 
1 33 2 1 1 
1 37 
2 1 4 29 2 
1 37 
1 27 10 
1 36 1 
3 4 16 2 13 
1 27 4 1 4 1 
37 1 
1 17 10 8 2 
2 22 8 3 1 2 
6 30 2 
35 3 
2 20 4 8 2 1 1 
1 5 13 8 4 5 1 1 
2 20 8 4 4 
2 14 7 12 3 
1 31 1 2 2 1 
12 8 13 5 
30 8 
1 13 24 
28 5 3 1 1 
1 34 2 1 
1 22 6 1 1 4 3 
4 26 1 7 
16 12 8 2 
10 12 3 10 1 2 
38 
1 32 3 2 
1 14 10 9 4 
16 13 3 4 1 1 
13 25 
12 9 9 6 2 
20 14 4 
1 33 4 
1 15 21 1 
1 27 10 
2 20 2 5 7 2 
5 5 14 1 8 3 2 
36 2 
1 31 6 
1 10 4 4 11 2 1 5 
1 24 13 
19 8 5 5 1 
3 21 5 2 3 4 
1 14 21 1 1 
1 35 1 1 
25 13 
1 28 7 1 1 
1 24 13 
7 23 6 1 1 
1 10 26 1 
3 14 12 8 1 
28 2 3 1 4 
2 18 11 7 
17 9 12 
1 24 13 
13 20 5 
1 7 29 1 
1 18 5 6 5 3 
1 6 26 4 1 
2 24 6 4 1 1 
2 31 1 1 3 
3 9 20 6 
1 32 2 2 1 
1 13 14 4 6 
4 4 22 8 
1 34 2 1 
1 35 1 1 
2 19 2 1 9 2 3 
3 11 21 2 1 
1 2 30 5 
3 29 3 1 2 
1 30 2 2 3 
4 22 6 5 1 
1 9 6 1 2 5 10 3 1 
1 17 8 4 3 3 2 
12 1 7 11 4 1 2 
3 35 
1 23 10 2 2 
4 23 1 9 1 
3 21 14 
9 8 2 11 1 1 1 2 1 1 1 
10 1 14 6 3 2 1 1 
27 8 1 1 1 
2 10 1 17 1 6 1 
2 20 16 
2 26 2 2 6 
2 27 1 2 3 2 1 
1 20 6 6 5 
4 20 11 2 1 
2 30 6 
8 1 9 9 7 4 
1 30 5 2 
3 24 10 1 
3 17 5 11 2 
1 13 23 1 
3 22 1 9 3 
1 5 13 6 12 1 
9 23 1 1 1 3 
1 2 5 9 18 1 2 
2 13 5 16 1 1 
3 6 21 2 1 4 1 
1 10 13 6 7 1 
1 26 6 4 1 
1 10 17 3 3 3 1 
1 35 1 1 
3 32 1 2 
1 11 6 8 2 3 3 3 1 
2 15 17 2 1 1 
4 12 16 5 1 
3 12 4 12 7 
3 29 1 5 
6 1 15 8 8 
12 23 3 
7 25 4 2 
10 16 1 6 1 3 1 
5 2 31 
13 18 4 1 2 
1 36 1 
2 24 4 3 1 4 
5 9 21 3 
14 10 3 11 
13 16 4 5 
1 15 8 9 2 3 
4 26 2 5 1 
1 24 8 1 3 1 
3 11 16 4 4 
1 1 36 
11 14 6 5 1 1 
2 32 4 
1 32 5 
38 
36 2 
2 13 2 17 1 1 1 1 
6 6 1 18 2 3 2 
1 26 9 2 
15 7 16 
26 4 3 2 2 1 
30 5 3 
1 27 9 1 
3 6 5 3 1 19 1 
1 29 7 1 
1 24 5 1 6 1 
1 23 12 2 
10 21 2 3 1 1 
1 2 16 2 3 9 1 1 3 
1 25 4 1 7 
13 12 11 2 
2 2 4 8 4 14 2 2 
11 14 1 7 1 4 
3 22 10 3 
2 19 6 1 10 
1 13 10 5 1 3 2 2 1 
5 10 13 3 7 
1 23 10 3 1 
5 3 7 3 6 14 
32 2 3 1 
1 36 1 
2 35 1 
1 28 8 1 
13 16 7 1 1 
1 23 3 8 3 
13 3 17 3 2 
12 6 3 5 8 4 
35 1 2 
38 
1 35 2 
6 19 13 
11 6 10 9 2 
1 29 8 
2 22 3 4 1 6 
5 27 1 2 3 
2 10 8 17 1 
1 12 9 10 6 
2 24 4 6 1 1 
2 29 7 
6 9 19 2 2 
8 25 3 1 1 
11 4 21 2 
1 26 11 
13 12 13 
2 29 2 4 1 
1 26 11 
6 12 17 1 2 
1 4 5 4 10 12 1 1 
1 23 8 4 1 1 
2 28 7 1 
1 35 2 
6 12 16 2 2 
2 7 3 17 3 6 
4 29 2 2 1 
2 13 15 7 1 
17 9 8 1 1 2 
6 8 17 1 2 1 1 1 1 
1 3 30 1 1 1 1 
26 6 4 1 1 
1 28 9 
1 27 5 1 4 
1 3 11 23 
2 21 1 9 5 
1 21 4 9 2 1 
9 11 10 5 2 1 
2 4 19 2 5 1 2 1 2 
34 4 
29 6 3 
4 26 7 1 
1 16 8 2 2 5 1 2 1 
18 15 2 3 
4 7 11 11 4 1 
3 10 17 6 2 
1 30 7 
38 
2 22 10 3 1 
1 3 3 8 14 1 7 1 
2 16 18 1 1 
7 23 3 3 2 
1 19 17 1 
11 10 14 3 
1 36 1 
1 24 3 8 2 
1 22 11 2 2 
1 10 4 10 3 7 1 1 1 
4 4 23 7 
12 4 4 11 7 
4 31 3 
13 22 1 1 1 
1 36 1 
1 7 17 4 6 2 1 
1 27 8 2 
2 16 20 
1 6 1 2 10 17 1 
1 17 20 
1 23 5 7 2 
1 4 13 6 13 1 
1 12 2 1 15 2 4 1 
1 36 1 
13 21 1 1 1 1 
8 7 20 3 
5 6 1 7 9 8 1 1 
1 6 17 8 6 
1 4 7 15 3 1 3 2 1 1 
1 17 20 
24 12 1 1 
34 3 1 
1 29 2 5 1 
1 15 21 1 
3 25 10 
1 29 8 
11 21 6 
1 31 6 
1 19 2 3 8 4 1 
5 16 13 4 
4 15 11 6 2 
6 2 17 4 7 2 
1 6 10 21 
9 19 5 3 1 1 
2 36 
4 17 10 2 5 
38 
4 6 9 8 11 
3 27 2 5 1 
1 8 27 2 
3 32 3 
22 2 5 6 3 
1 13 24 
1 14 19 1 1 2 
1 17 8 8 1 2 1 
14 5 10 8 1 
3 22 13 
1 35 2 
3 26 4 2 1 2 
4 10 4 8 10 2 
33 2 3 
1 34 2 1 
1 8 19 4 1 2 1 1 1 
9 6 5 12 6 
16 15 7 
8 11 18 1 
13 4 19 2 
2 26 7 1 2 
11 2 3 14 3 1 4 
5 10 2 12 1 3 3 1 1 
24 1 12 1 
1 1 32 1 3 
13 7 9 4 1 4 
2 17 12 1 6 
6 30 2 
4 23 7 3 1 
3 8 7 3 2 9 5 1 
1 31 6 
1 12 13 10 2 
37 1 
1 23 13 1 
1 8 12 3 7 4 3 
1 24 12 1 
1 7 17 9 4 
1 36 1 
1 29 4 4 
1 1 36 
1 27 8 1 1 
6 18 9 5 
1 32 2 1 2 
5 3 2 28 
1 9 14 4 10 
1 1 14 19 2 1 
2 1 35 
5 21 2 1 6 3 
1 20 13 1 3 
1 11 3 2 15 5 1 
1 17 12 2 6 
1 2 35 
5 7 14 9 1 2 
2 10 19 1 5 1 
11 24 3 
10 10 4 14 
1 20 1 13 1 1 1 
9 12 5 4 8 
2 24 5 5 2 
2 23 8 4 1 
4 5 4 4 12 2 4 3 
1 2 25 8 1 1 
27 2 9 
2 8 28 
24 12 2 
3 30 2 1 2 
6 29 2 1 
38 
35 3 
1 31 2 4 
6 23 9 
13 23 1 1 
1 29 7 1 
23 9 5 1 
38 
1 3 18 7 9 
2 24 10 1 1 
8 1 29 
1 7 13 4 5 7 1 
1 28 9 
21 4 10 1 2 
3 29 4 1 1 
11 12 14 1 
26 2 3 1 1 3 1 1 
3 29 1 4 1 
1 28 6 2 1 
2 23 3 6 3 1 
1 29 4 1 2 1 
1 8 26 3 
2 27 4 5 
3 23 1 2 4 4 1 
3 12 17 3 3 
6 12 2 10 1 7 
15 1 19 3 
1 27 9 1 
5 33 
10 12 2 10 2 1 1 
1 2 9 3 5 9 7 1 1 
4 31 2 1 
1 2 26 7 1 1 
29 1 2 1 5 
1 32 3 1 1 
1 19 8 4 2 4 
1 28 8 1 
34 4 
27 3 4 3 1 
2 8 2 23 3 
1 36 1 
2 24 12 
3 34 1 
1 22 10 1 4 
1 5 13 14 4 1 
1 23 13 1 
3 2 3 20 6 1 1 2 
21 10 4 2 1 
1 35 2 
4 11 2 15 3 2 1 
1 6 3 3 10 14 1 
1 20 9 8 
27 1 4 4 2 
1 12 23 2 
37 1 
1 5 32 
8 7 5 4 1 4 7 2 
3 14 16 2 1 2 
33 4 1 
23 2 13 
1 19 9 7 2 
15 20 2 1 
4 26 8 
14 23 1 
7 15 12 3 1 
1 31 6 
1 7 16 5 2 4 1 1 1 
31 4 3 
5 4 4 22 1 1 1 
1 37 
1 34 1 2 
1 19 16 1 1 
16 22 
38 
1 26 7 4 
2 12 23 1 
2 35 1 
14 12 7 2 3 
2 2 4 12 9 5 3 1 
5 18 12 3 
1 13 5 5 7 1 4 2 
1 29 8 
15 1 12 2 6 1 1 
2 9 3 12 3 7 2 
15 22 1 
1 14 14 6 3 
23 9 6 
2 33 3 
2 34 2 
38 
37 1 
3 31 2 1 1 
23 14 1 
