1 15 13 10 
8 7 17 4 1 1 1 
1 29 5 4 
4 33 2 
4 17 2 12 3 1 
1 10 17 1 2 2 2 3 1 
11 12 15 1 
1 25 13 
1 28 10 
1 7 22 6 1 1 1 
1 18 8 8 4 
1 25 13 
2 18 11 5 3 
2 17 7 11 1 1 
1 30 1 2 5 
3 2 27 2 4 1 
35 2 1 1 
20 18 1 
1 36 2 
1 13 6 2 17 
11 23 2 2 1 
1 11 12 14 1 
2 37 
1 10 28 
14 11 8 6 
3 31 1 2 1 1 
1 32 6 
1 20 6 1 9 1 1 
3 29 2 4 1 
3 21 10 1 3 1 
29 3 4 2 1 
2 14 4 14 1 4 
26 10 3 
2 4 1 9 11 3 1 1 3 4 
1 34 4 
4 25 6 1 2 1 
20 6 9 1 1 1 1 
9 27 1 2 
1 25 9 3 1 
36 2 1 
9 30 
24 11 3 1 
2 7 20 10 
1 22 10 2 4 
5 11 15 8 
1 17 17 1 2 1 
13 10 10 3 2 1 
1 22 11 3 2 
9 9 5 5 4 1 2 1 2 1 
5 24 10 
1 17 11 4 3 2 1 
25 13 1 
3 4 16 2 8 3 3 
15 14 9 1 
1 24 14 
1 22 16 
1 5 7 11 1 7 7 
3 33 2 1 
1 29 6 1 1 1 
1 32 6 
3 18 6 5 7 
1 31 4 1 2 
1 24 12 1 1 
1 9 29 
8 5 14 4 4 2 1 1 
1 18 9 8 1 2 
4 12 16 5 1 1 
1 7 15 3 8 4 1 
1 28 10 
1 2 22 9 4 1 
1 35 3 
8 16 5 3 6 1 
16 7 15 1 
29 4 3 3 
2 9 13 4 1 3 2 5 
1 18 11 1 2 1 5 
5 10 24 
5 10 8 11 1 4 
1 9 24 2 3 
26 4 6 1 1 1 
35 3 1 
32 7 
5 8 22 3 1 
7 27 4 1 
10 14 1 5 4 2 2 1 
1 27 11 
13 10 9 2 4 1 
15 17 7 
1 17 14 7 
24 2 12 1 
1 37 1 
25 3 7 4 
3 24 12 
38 1 
1 19 13 4 2 
1 24 10 2 1 1 
15 6 12 6 
3 36 
2 29 5 2 1 
1 19 17 1 1 
1 4 2 17 3 5 6 1 
1 4 10 1 9 7 6 1 
1 12 23 2 1 
1 17 19 2 
1 19 13 5 1 
2 21 14 1 1 
13 7 2 4 8 1 3 1 
2 29 3 1 4 
31 3 5 
1 31 6 1 
2 28 2 2 4 1 
1 4 19 4 3 5 1 1 1 
4 5 14 16 
31 8 
1 6 32 
1 5 3 3 16 3 7 1 
9 9 20 1 
2 27 4 6 
1 30 8 
1 34 2 1 1 
38 1 
1 28 9 1 
1 23 1 4 10 
6 27 5 1 
1 11 12 8 6 1 
18 13 2 6 
14 15 9 1 
1 3 23 3 9 
2 13 11 3 6 2 2 
3 30 3 2 1 
4 17 3 4 10 1 
9 22 1 1 2 1 2 1 
39 
27 2 4 6 
1 38 
1 10 23 1 4 
34 4 1 
1 11 27 
22 10 6 1 
1 29 3 1 5 
2 2 23 6 5 1 
3 25 7 3 1 
1 26 4 2 2 2 2 
1 15 16 1 4 1 1 
1 36 2 
1 9 18 9 2 
11 10 5 5 2 6 
1 7 4 24 3 
10 25 2 2 
3 6 4 25 1 
1 33 1 4 
1 32 3 1 1 1 
35 4 
32 5 1 1 
1 3 16 4 11 2 2 
39 
32 3 4 
8 1 1 15 11 1 1 1 
1 17 8 8 1 3 1 
1 11 7 1 19 
2 23 11 2 1 
1 16 19 1 1 1 
8 31 
1 34 3 1 
3 16 15 1 4 
1 14 12 11 1 
1 27 7 1 2 1 
11 23 5 
2 10 2 7 13 2 3 
22 16 1 
2 24 11 1 1 
28 7 4 
9 28 1 1 
18 18 1 2 
3 34 2 
3 26 4 5 1 
2 14 6 6 2 8 1 
1 7 1 15 14 1 
1 12 2 3 18 2 1 
5 32 2 
1 3 19 5 4 4 1 2 
27 12 
2 26 4 2 3 2 
1 24 4 10 
1 35 3 
1 10 12 13 3 
1 19 3 9 1 1 5 
15 19 5 
4 7 27 1 
38 1 
1 3 34 1 
5 16 4 14 
2 26 4 7 
1 3 5 2 8 3 5 6 1 2 1 2 
1 4 26 5 1 2 
1 12 26 
1 15 5 16 1 1 
3 27 6 3 
1 1 27 10 
1 19 6 2 4 7 
3 1 4 3 2 22 3 1 
1 10 28 
4 1 28 2 2 1 1 
2 17 5 14 1 
22 3 5 4 4 1 
1 23 15 
1 35 3 
9 8 19 3 
1 23 13 1 1 
1 38 
1 5 20 2 1 1 1 3 3 1 1 
37 1 1 
31 8 
1 35 3 
5 11 16 3 2 2 
7 14 15 1 2 
2 6 12 9 4 6 
1 24 14 
2 15 11 11 
1 11 25 2 
31 3 1 2 2 
1 34 3 1 
1 10 15 5 1 4 3 
1 37 1 
1 21 1 15 1 
1 7 30 1 
1 25 2 7 2 2 
1 17 7 8 1 1 1 2 1 
9 26 1 2 1 
12 24 3 
1 27 4 4 1 1 1 
1 28 10 
1 32 1 4 1 
11 23 1 1 3 
1 34 2 1 1 
2 17 3 8 8 1 
1 26 12 
20 1 6 10 1 1 
2 18 19 
4 31 4 
20 17 2 
6 7 22 2 2 
3 36 
2 14 7 8 1 1 2 1 1 1 1 
1 34 4 
1 35 2 1 
8 10 15 6 
28 10 1 
4 30 1 1 3 
1 25 5 4 2 1 1 
25 13 1 
3 5 12 12 7 
3 30 5 1 
2 15 15 6 1 
1 16 17 4 1 
1 27 9 1 1 
20 1 3 12 1 1 1 
1 29 7 2 
1 12 2 19 1 2 1 1 
19 20 
4 31 3 1 
5 10 1 1 7 12 3 
1 7 21 7 3 
4 18 17 
2 14 6 5 11 1 
6 33 
4 31 1 1 1 1 
1 37 1 
7 30 2 
1 7 19 11 1 
2 8 6 21 2 
1 1 10 8 19 
1 3 14 2 12 3 2 2 
1 11 4 3 7 3 2 5 3 
6 18 11 1 2 1 
1 36 1 1 
1 26 7 4 1 
36 3 
4 3 19 8 4 1 
33 3 2 1 
2 12 19 1 2 1 2 
1 24 10 3 1 
2 12 15 2 1 3 4 
1 26 10 1 1 
5 34 
1 28 10 
13 14 10 2 
1 34 4 
1 1 3 17 11 1 1 3 1 
2 15 20 1 1 
3 2 14 16 2 2 
2 30 5 1 1 
1 14 5 2 7 10 
1 17 4 7 4 4 2 
1 37 1 
17 15 2 4 1 
14 11 5 1 1 3 3 1 
3 21 9 6 
1 10 5 8 2 7 1 1 3 1 
3 36 
34 4 1 
2 7 16 10 4 
4 18 2 12 1 2 
1 27 3 3 3 2 
9 22 8 
39 
2 28 9 
3 27 9 
2 13 15 7 1 1 
3 31 5 
8 23 6 1 1 
2 32 3 1 1 
11 21 2 1 2 1 1 
1 16 22 
14 12 12 1 
4 32 1 2 
7 23 9 
9 19 11 
7 10 14 7 1 
1 13 12 8 2 3 
2 37 
1 9 28 1 
1 12 8 14 4 
2 30 7 
1 7 4 21 2 1 2 1 
33 1 5 
16 17 6 
1 10 11 11 2 4 
1 38 
1 4 10 24 
3 6 4 25 1 
1 19 8 2 2 3 1 1 1 1 
1 5 3 8 19 3 
11 21 5 2 
13 12 14 
3 21 8 3 2 2 
38 1 
1 13 22 2 1 
13 18 4 3 1 
5 8 21 5 
16 20 3 
3 33 3 
2 26 4 3 2 1 1 
1 24 1 13 
2 31 2 2 2 
9 23 1 6 
33 3 2 1 
1 5 11 14 4 4 
1 14 21 3 
2 19 15 1 1 1 
1 7 27 4 
1 6 4 13 3 8 1 3 
13 3 9 6 6 2 
1 6 4 3 6 12 6 1 
1 8 28 2 
3 31 5 
1 26 12 
1 24 2 5 7 
16 23 
3 31 4 1 
5 31 1 1 1 
1 18 18 2 
1 31 7 
23 13 2 1 
21 8 5 2 3 
16 18 4 1 
2 25 5 7 
1 23 5 4 6 
1 25 11 1 1 
1 29 9 
2 2 8 22 4 1 
9 18 3 3 6 
6 33 
1 18 16 4 
1 24 14 
2 7 18 5 1 1 3 1 1 
1 27 6 4 1 
3 22 12 2 
3 29 2 2 3 
1 25 13 
35 3 1 
3 30 6 
22 6 9 2 
4 14 11 5 5 
1 6 15 7 1 6 3 
5 10 6 1 3 5 9 
2 4 16 7 5 2 1 1 1 
2 29 7 1 
1 20 13 5 
1 28 8 2 
4 25 8 2 
1 31 2 3 2 
1 6 2 8 7 11 4 
2 30 6 1 
1 14 24 
22 3 2 4 2 1 3 2 
11 23 4 1 
11 7 5 8 8 
7 30 1 1 
4 2 7 10 1 2 4 2 1 1 5 
1 36 2 
39 
1 9 29 
34 2 2 1 
2 21 14 2 
19 1 2 10 6 1 
1 10 3 2 22 1 
1 26 12 
24 1 13 1 
2 24 10 3 
8 11 5 6 7 2 
6 12 3 14 4 
14 4 14 2 3 2 
1 17 8 4 5 1 2 1 
5 31 1 2 
6 1 4 19 6 1 2 
5 17 7 3 1 6 
24 14 1 
1 8 2 14 2 10 1 1 
1 16 10 8 1 2 1 
16 21 2 
8 6 24 1 
3 24 10 1 1 
2 7 26 4 
37 1 1 
1 31 6 1 
2 8 1 28 
1 3 16 19 
2 19 18 
39 
1 36 2 
1 17 21 
1 16 19 3 
1 36 2 
1 25 13 
3 28 6 1 1 
1 26 12 
22 7 7 3 
3 10 24 1 1 
21 13 1 3 1 
10 19 1 8 1 
1 13 9 8 8 
4 25 8 2 
10 5 13 10 1 
3 25 11 
1 13 6 15 4 
21 8 8 2 
5 2 28 1 3 
1 17 21 
2 29 7 1 
1 2 10 14 6 5 1 
39 
32 4 2 1 
5 21 5 2 3 1 2 
8 6 7 10 2 3 3 
1 8 26 2 1 1 
2 16 17 1 1 2 
1 13 9 9 4 2 1 
9 20 7 3 
2 15 6 5 6 1 2 1 1 
1 2 34 1 1 
7 20 5 5 2 
1 2 35 1 
8 4 1 19 5 2 
1 38 
4 3 3 20 9 
1 38 
5 3 5 6 6 14 
1 27 2 6 3 
1 26 1 1 4 6 
4 30 4 1 
1 26 2 8 2 
4 4 18 5 4 3 1 
3 15 18 1 1 1 
7 11 18 3 
1 26 3 7 1 1 
8 14 17 
34 1 3 1 
10 29 
28 9 1 1 
37 2 
1 13 4 4 6 4 7 
1 16 20 2 
39 
1 15 20 2 1 
3 20 14 2 
9 17 12 1 
5 32 2 
2 2 16 12 2 4 1 
22 5 12 
3 6 25 2 1 2 
1 22 2 2 12 
2 11 18 6 2 
1 38 
2 29 4 1 3 
8 7 22 1 1 
3 9 10 10 7 
6 2 5 18 7 1 
1 19 19 
23 12 4 
3 9 25 1 1 
3 20 12 3 1 
1 23 8 5 2 
1 29 9 
1 2 36 
4 22 6 4 3 
1 6 15 16 1 
4 6 12 5 6 1 2 3 
1 30 2 4 1 1 
2 32 3 1 1 
5 16 2 11 1 2 1 1 
21 18 
1 31 1 6 
18 6 12 2 1 
1 5 9 24 
1 30 8 
1 32 6 
32 5 2 
2 37 
1 2 31 3 1 1 
1 9 27 2 
1 13 5 12 7 1 
1 19 15 4 
1 31 4 1 2 
3 10 11 2 8 4 1 
1 12 15 1 4 6 
2 2 15 18 2 
11 1 9 8 10 
3 11 25 
13 26 
4 6 10 13 4 2 
11 27 1 
4 17 16 2 
20 6 8 4 1 
8 8 18 2 3 
16 12 8 1 2 
16 5 10 1 2 1 1 1 2 
6 14 1 3 11 1 2 1 
26 5 1 1 1 3 2 
1 34 4 
3 4 2 15 14 1 
30 9 
4 23 10 1 1 
26 3 7 3 
1 31 4 3 
4 25 9 1 
27 1 10 1 
39 
3 29 3 3 1 
3 12 11 11 2 
6 9 13 7 4 
36 2 1 
22 1 8 5 2 1 
24 7 2 4 2 
39 
8 29 2 
3 34 1 1 
1 23 2 11 1 1 
31 8 
1 12 5 4 15 2 
1 6 16 12 4 
3 21 15 
26 12 1 
1 9 5 16 2 6 
3 5 9 14 4 2 1 1 
1 17 9 7 5 
24 14 1 
1 32 5 1 
1 32 6 
3 11 3 10 11 1 
18 7 3 11 
1 21 9 6 1 1 
2 36 1 
8 6 16 4 5 
2 6 30 1 
17 13 6 2 1 
15 4 10 6 1 1 1 1 
1 35 3 
36 1 2 
13 10 14 2 
1 37 1 
1 29 1 7 1 
31 1 5 1 1 
39 
1 14 5 16 2 1 
7 15 1 5 7 4 
2 34 2 1 
2 13 2 19 3 
4 28 4 2 1 
1 29 7 1 1 
1 38 
29 5 5 
1 2 1 26 5 4 
1 3 19 13 3 
1 18 9 1 6 2 1 1 
1 15 13 7 2 1 
39 
17 14 5 1 1 1 
1 14 17 4 3 
5 32 2 
1 8 9 20 1 
3 35 1 
1 31 7 
2 7 1 11 11 1 4 1 1 
1 4 22 11 1 
3 11 16 8 1 
1 37 1 
1 10 1 23 2 2 
3 24 7 4 1 
1 25 13 
39 
7 30 1 1 
1 19 10 5 4 
1 15 15 5 1 2 
31 5 3 
1 18 9 8 2 1 
1 14 18 5 1 
2 30 1 4 1 1 
1 11 5 8 8 6 
25 9 5 
3 29 3 3 1 
4 30 2 3 
1 32 6 
18 13 5 1 1 1 
1 8 2 22 1 1 4 
1 32 5 1 
20 2 13 3 1 
2 25 2 7 3 
7 5 24 3 
2 30 3 4 
1 16 20 1 1 
5 26 1 7 
26 10 3 
4 2 24 9 
1 20 7 7 1 3 
6 1 8 13 3 8 
1 21 13 2 2 
6 7 18 3 4 1 
3 13 3 18 2 
1 33 4 1 
1 7 23 3 1 2 1 1 
1 33 5 
1 15 22 1 
1 37 1 
4 8 17 7 3 
1 20 18 
8 24 7 
3 10 20 2 1 2 1 
1 18 20 
1 25 6 3 2 1 1 
1 11 13 12 1 1 
2 31 5 1 
34 2 1 2 
8 26 4 1 
1 24 11 1 1 1 
8 4 13 9 1 3 1 
1 35 3 
2 20 5 2 9 1 
6 11 14 4 1 3 
1 24 2 1 3 4 3 1 
3 31 1 1 2 1 
2 32 3 1 1 
5 23 11 
13 14 12 
1 4 14 20 
1 38 
1 20 14 2 1 1 
28 2 1 5 1 1 1 
16 6 8 7 2 
2 6 3 28 
2 24 8 4 1 
1 33 5 
6 26 7 
7 21 9 1 1 
2 25 7 2 3 
1 4 3 3 21 7 
19 11 1 7 1 
11 21 6 1 
1 38 
3 33 1 1 1 
15 23 1 
24 14 1 
1 33 3 1 1 
17 9 11 1 1 
11 3 12 5 4 3 1 
6 30 3 
4 14 4 13 1 1 1 1 
2 35 2 
1 21 5 8 4 
2 29 5 1 1 1 
1 7 18 8 5 
1 6 27 2 2 1 
31 1 2 4 1 
2 4 24 5 2 1 1 
3 32 4 
2 10 26 1 
4 5 28 1 1 
2 13 16 5 2 1 
1 38 
4 21 1 8 1 3 1 
1 11 8 7 12 
1 13 22 2 1 
2 37 
1 13 2 12 7 1 1 2 
1 30 1 2 3 1 1 
1 18 16 4 
5 26 2 1 1 2 1 1 
12 25 2 
34 2 1 2 
10 13 3 1 2 2 1 5 1 1 
4 24 11 
1 23 4 3 8 
1 29 8 1 
3 11 8 11 5 1 
1 27 11 
7 32 
1 20 18 
5 12 7 11 4 
3 29 7 
7 11 11 9 1 
34 3 1 1 
1 26 5 1 6 
2 19 15 2 1 
1 10 6 10 1 11 
26 1 10 2 
1 28 2 6 2 
1 11 11 10 6 
1 7 11 11 7 1 1 
4 27 2 2 4 
1 24 14 
7 4 22 5 1 
9 14 9 5 1 1 
1 10 2 10 8 1 3 4 
5 6 2 4 3 15 3 1 
2 26 4 2 3 2 
2 8 25 1 2 1 
13 10 11 4 1 
36 2 1 
1 8 30 
3 22 7 3 4 
1 13 15 4 6 
2 2 15 6 4 9 1 
1 36 2 
1 12 18 4 3 1 
6 9 10 13 1 
1 27 4 4 2 1 
1 27 2 4 4 1 
2 2 35 
22 17 
1 2 35 1 
1 31 2 5 
7 31 1 
6 21 6 4 1 1 
1 2 16 6 9 3 1 1 
1 7 19 10 2 
1 6 21 9 2 
2 34 2 1 
14 6 1 9 3 3 2 1 
3 35 1 
32 3 4 
29 4 4 2 
17 20 1 1 
1 18 20 
1 28 10 
1 24 4 10 
30 5 3 1 
5 23 2 2 2 4 1 
3 34 2 
1 34 4 
19 14 5 1 
1 31 1 2 3 1 
6 9 16 8 
2 11 4 19 3 
1 1 25 11 1 
4 2 12 14 4 1 2 
1 4 18 11 5 
1 21 10 7 
18 16 4 1 
5 34 
2 28 2 3 4 
6 19 7 6 1 
3 25 10 1 
3 3 18 9 4 2 
1 35 2 1 
5 1 12 19 1 1 
13 19 7 
2 13 12 8 4 
1 32 2 2 2 
4 20 8 6 1 
4 27 8 
1 14 13 3 7 1 
2 30 6 1 
2 27 10 
1 23 8 3 3 1 
1 7 31 
1 11 3 3 11 4 6 
1 10 14 1 2 2 2 1 5 1 
13 23 3 
16 11 10 2 
36 1 2 
7 31 1 
35 4 
38 1 
1 4 29 5 
1 9 26 2 1 
2 4 22 1 6 3 1 
20 14 5 
12 2 14 7 3 1 
6 23 10 
1 33 2 3 
2 34 3 
9 3 17 1 2 6 1 
2 37 
25 13 1 
2 20 11 2 3 1 
34 3 1 1 
1 3 12 8 4 6 2 1 1 1 
8 6 4 4 9 5 3 
7 30 1 1 
1 21 2 13 1 1 
2 31 6 
2 2 27 7 1 
1 2 12 12 5 1 6 
3 15 2 8 2 7 2 
6 10 23 
3 31 2 2 1 
1 34 4 
1 1 14 11 11 1 
6 11 15 5 2 
1 12 17 2 1 6 
14 15 10 
1 1 29 5 3 
11 14 14 
4 2 5 1 8 6 7 3 2 1 
3 12 4 1 1 2 16 
17 18 3 1 
13 8 13 5 
2 31 4 1 1 
24 5 5 3 2 
1 21 8 9 
3 27 9 
2 29 8 
1 16 22 
31 7 1 
3 24 8 1 1 1 1 
39 
1 32 4 1 1 
1 38 
1 35 1 2 
5 31 3 
1 4 33 1 
7 12 4 8 6 1 1 
7 24 8 
31 4 4 
3 16 18 1 1 
30 8 1 
39 
7 18 1 13 
4 35 
3 20 6 8 2 
4 35 
6 10 17 4 2 
4 6 21 6 2 
26 7 6 
2 33 4 
1 30 8 
15 1 1 22 
5 12 5 14 1 2 
11 2 11 7 5 2 1 
5 4 18 4 3 4 1 
31 7 1 
39 
5 34 
8 29 2 
1 11 16 10 1 
21 1 13 2 2 
39 
1 28 6 4 
6 28 4 1 
1 5 13 9 4 5 1 1 
1 7 10 7 4 6 4 
4 5 29 1 
29 2 1 2 2 1 1 1 
34 3 2 
20 10 4 1 3 1 
6 22 1 3 4 3 
7 28 2 2 
28 11 
34 1 4 
1 33 2 2 1 
5 20 10 3 1 
3 36 
9 16 7 7 
2 20 9 8 
1 34 4 
1 2 34 1 1 
39 
1 20 5 13 
1 26 10 2 
1 11 18 3 5 1 
1 16 8 7 3 2 1 1 
1 4 5 12 11 2 2 2 
1 37 1 
2 32 4 1 
6 31 2 
1 20 4 3 3 3 1 4 
2 18 1 6 11 1 
6 26 4 1 2 
3 36 
5 21 1 8 4 
1 10 11 8 8 1 
11 16 11 1 
27 1 5 3 2 1 
38 1 
5 9 13 10 2 
3 36 
19 17 1 2 
16 11 9 3 
1 5 19 4 5 1 1 2 1 
1 32 3 1 1 1 
22 6 7 4 
2 29 4 1 3 
2 6 31 
2 8 28 1 
11 15 13 
16 12 1 7 3 
5 14 1 17 2 
1 2 15 12 2 1 6 
3 13 2 18 1 2 
2 18 9 2 5 1 2 
7 2 22 4 2 1 1 
1 30 2 2 4 
2 5 13 11 8 
1 31 2 5 
1 31 2 4 1 
1 29 9 
39 
1 30 3 2 3 
3 22 14 
6 29 4 
11 20 8 
1 9 29 
4 29 6 
1 19 1 10 2 1 2 2 1 
1 22 2 8 1 3 2 
23 8 4 4 
1 15 1 18 4 
1 32 5 1 
2 18 5 13 1 
12 6 9 11 1 
7 25 7 
3 9 26 1 
5 9 3 4 5 7 6 
1 27 4 7 
34 3 2 
1 36 1 1 
13 20 3 1 2 
15 22 2 
29 5 2 1 2 
1 9 15 6 4 1 1 1 1 
6 25 2 5 1 
3 31 3 2 
32 1 6 
1 1 6 27 1 3 
1 34 4 
9 8 22 
7 19 10 1 2 
1 16 21 1 
2 34 3 
1 32 6 
24 10 2 2 1 
1 24 10 4 
1 38 
1 22 16 
1 14 18 4 2 
1 24 6 3 3 2 
1 1 17 14 1 1 4 
1 33 2 2 1 
2 13 4 19 1 
1 31 2 3 1 1 
1 20 15 3 
4 27 3 4 1 
1 30 4 4 
6 27 4 2 
1 6 30 1 1 
2 32 1 1 3 
2 15 7 2 12 1 
1 33 1 2 1 1 
1 3 1 32 1 1 
15 1 3 17 1 1 1 
10 1 13 8 3 3 1 
1 18 11 6 1 2 
1 23 2 2 9 1 1 
9 17 5 5 3 
3 24 5 6 1 
1 24 14 
1 33 1 4 
2 20 5 7 5 
29 8 1 1 
1 20 18 
8 19 3 6 1 2 
5 15 15 1 2 1 
14 10 6 1 8 
1 30 6 2 
7 29 1 1 1 
5 1 16 17 
24 7 7 1 
1 21 17 
18 20 1 
1 34 2 1 1 
3 31 5 
6 3 17 9 3 1 
1 36 2 
3 4 6 24 1 1 
1 17 7 12 1 1 
6 32 1 
36 2 1 
1 26 12 
3 13 3 15 4 1 
1 26 8 4 
2 19 5 10 3 
6 4 1 11 11 2 4 
1 19 12 5 1 1 
32 7 
39 
6 12 16 3 1 1 
1 8 19 7 3 1 
14 1 1 1 2 4 16 
39 
5 20 1 1 3 4 5 
1 33 1 1 2 1 
1 37 1 
8 12 12 3 4 
1 24 9 4 1 
3 10 1 7 7 8 2 1 
1 30 8 
3 27 7 2 
1 32 6 
1 6 31 1 
1 6 31 1 
4 1 8 4 2 6 11 3 
39 
7 20 11 1 
1 16 1 6 7 5 1 2 
17 6 4 10 1 1 
2 28 7 2 
3 10 7 11 6 2 
4 7 26 1 1 
1 21 14 1 2 
12 7 12 7 1 
1 37 1 
1 14 23 1 
1 27 11 
1 21 8 2 4 1 2 
2 25 3 7 2 
6 2 23 5 3 
2 31 6 
3 21 1 7 6 1 
2 17 13 2 4 1 
1 13 9 9 1 6 
1 22 7 3 1 1 4 
1 29 9 
1 9 5 12 4 7 1 
4 23 5 6 1 
39 
1 9 12 5 1 8 3 
1 32 4 1 1 
4 11 15 3 2 3 1 
2 12 5 17 1 2 
1 27 6 1 4 
1 33 5 
1 22 3 5 4 4 
1 18 2 15 3 
2 7 5 9 11 1 2 2 
39 
1 37 1 
1 19 15 3 1 
10 5 8 2 8 3 3 
3 17 5 12 2 
1 2 14 8 1 7 5 1 
1 23 2 7 3 1 2 
2 33 1 2 1 
2 25 3 9 
20 4 9 6 
1 10 11 13 2 2 
3 27 9 
1 20 11 7 
1 25 6 1 4 2 
1 15 3 7 1 7 2 3 
4 34 1 
1 6 13 8 1 9 1 
21 7 4 1 2 2 2 
39 
7 28 4 
1 38 
1 20 17 1 
6 10 23 
7 15 9 1 2 2 2 1 
23 6 6 2 2 
2 34 2 1 
1 25 2 6 4 1 
8 7 7 17 
17 22 
3 8 1 3 12 10 2 
17 4 1 3 14 
14 7 18 
1 36 1 1 
24 7 8 
1 37 1 
3 16 9 7 4 
1 2 15 2 8 4 7 
38 1 
3 33 3 
37 1 1 
1 25 11 1 1 
5 10 20 4 
4 34 1 
1 5 27 4 1 1 
1 29 9 
3 26 5 2 2 1 
4 17 12 3 1 2 
2 19 6 8 2 1 1 
1 9 20 7 2 
9 19 2 7 2 
2 20 17 
8 2 21 4 3 1 
9 12 13 3 1 1 
1 34 4 
11 12 16 
39 
3 22 5 2 6 1 
10 9 15 4 1 
1 11 25 2 
39 
34 4 1 
1 3 30 4 1 
1 23 5 9 1 
7 15 1 11 2 2 1 
15 23 1 
1 14 11 1 5 3 1 1 1 1 
3 33 1 1 1 
9 23 2 2 2 1 
3 30 2 2 1 1 
6 29 1 1 2 
12 20 6 1 
1 1 23 4 10 
1 5 2 30 1 
33 5 1 
1 19 17 1 1 
5 34 
1 8 30 
1 20 13 4 1 
1 25 7 3 2 1 
2 36 1 
12 14 3 5 5 
14 9 13 1 2 
1 23 3 3 1 3 4 1 
1 5 11 2 7 13 
11 16 12 
1 19 19 
29 1 2 5 1 1 
5 6 15 12 1 
1 33 1 3 1 
1 29 5 2 2 
1 30 5 1 2 
2 5 17 7 1 1 3 1 2 
39 
33 6 
3 13 4 5 4 4 2 2 2 
1 32 2 2 2 
2 20 17 
2 29 1 2 5 
8 6 2 20 2 1 
2 12 18 7 
25 7 4 2 1 
5 4 27 2 1 
2 2 11 6 11 7 
1 9 21 6 2 
2 32 5 
1 17 2 14 2 3 
1 38 
5 7 14 8 5 
1 38 
38 1 
4 3 16 9 6 1 
14 5 9 1 2 8 
22 14 2 1 
7 10 16 2 4 
16 8 12 2 1 
1 27 2 7 1 1 
1 30 5 1 1 1 
2 37 
39 
1 23 15 
1 17 21 
1 30 5 3 
1 3 15 3 4 3 6 2 2 
1 29 5 3 1 
4 16 11 7 1 
2 21 14 2 
1 24 5 2 5 2 
14 20 5 
1 23 14 1 
3 8 25 1 2 
4 11 1 6 15 2 
1 9 16 10 3 
3 10 6 6 7 1 2 1 3 
9 5 2 5 12 5 1 
5 31 2 1 
1 2 4 15 16 1 
3 9 3 11 5 3 3 1 1 
3 11 4 16 1 3 1 
22 8 5 1 1 2 
1 21 12 4 1 
11 13 15 
25 11 3 
1 17 21 
3 8 5 1 2 10 2 3 4 1 
39 
31 7 1 
39 
3 2 23 10 1 
33 1 1 3 1 
1 37 1 
1 10 5 4 14 3 1 1 
39 
37 1 1 
24 10 1 3 1 
3 20 16 
1 5 21 8 1 1 1 1 
5 29 5 
1 7 7 19 2 2 1 
2 17 7 5 5 2 1 
2 14 23 
1 10 4 4 11 7 2 
2 37 
34 2 1 2 
2 9 8 8 3 7 2 
1 16 4 5 9 2 2 
1 1 35 1 1 
7 30 2 
15 11 11 1 1 
8 29 2 
14 24 1 
1 33 1 4 
4 32 3 
2 4 5 7 10 4 2 5 
8 29 1 1 
4 15 7 12 1 
1 18 6 8 2 2 2 
4 33 1 1 
1 2 2 16 9 2 7 
3 19 11 6 
2 20 1 15 1 
2 16 8 11 2 
39 
13 17 5 2 1 1 
1 9 12 13 4 
1 26 3 4 2 3 
3 16 17 3 
3 5 21 7 2 1 
3 14 1 20 1 
14 4 11 2 1 4 2 1 
1 9 9 6 5 4 3 2 
1 4 27 4 2 1 
9 25 5 
1 32 5 1 
29 9 1 
12 8 6 5 7 1 
1 3 24 6 5 
37 2 
1 34 4 
1 14 10 3 2 1 7 1 
2 31 6 
1 34 4 
2 15 2 14 3 3 
12 16 9 1 1 
1 21 14 1 2 
27 7 5 
35 3 1 
6 24 3 6 
38 1 
10 8 12 8 1 
39 
3 31 2 3 
1 11 7 6 14 
2 33 4 
1 7 7 7 8 1 1 1 6 
15 20 1 2 1 
2 37 
19 17 3 
4 20 6 6 3 
2 34 3 
6 23 10 
2 18 13 4 2 
1 7 13 2 14 2 
1 23 5 1 1 6 2 
1 36 2 
1 4 28 6 
29 9 1 
1 23 1 8 4 2 
6 14 14 5 
1 12 19 3 4 
1 15 17 1 2 3 
1 4 34 
4 15 8 7 3 1 1 
1 27 2 9 
1 7 8 16 7 
39 
16 16 7 
1 15 4 11 4 2 2 
1 20 6 1 4 7 
4 12 9 3 11 
1 29 1 6 2 
1 4 18 2 8 5 1 
2 25 12 
7 18 2 11 1 
1 21 9 4 3 1 
21 2 7 8 1 
27 3 7 2 
1 38 
1 2 35 1 
3 27 8 1 
4 34 1 
30 1 4 4 
33 2 4 
3 13 23 
7 2 25 5 
2 4 25 1 3 1 1 2 
6 7 22 1 1 2 
34 4 1 
1 27 10 1 
2 25 8 2 2 
39 
27 11 1 
2 16 3 7 11 
5 17 2 2 6 3 1 1 1 1 
15 1 5 10 6 2 
14 1 7 9 7 1 
38 1 
1 28 9 1 
1 2 30 1 3 2 
33 5 1 
1 8 2 20 1 2 3 1 1 
1 37 1 
9 24 2 4 
34 4 1 
1 30 8 
3 35 1 
1 8 18 4 2 2 3 1 
34 4 1 
8 13 3 2 10 2 1 
3 24 4 6 2 
7 17 5 10 
9 20 10 
1 13 15 4 1 1 2 2 
1 11 13 6 3 2 1 2 
1 12 3 12 2 7 1 1 
6 30 3 
2 31 2 1 1 2 
1 34 3 1 
11 24 1 1 2 
1 17 18 3 
2 4 26 1 4 2 
1 26 11 1 
2 7 12 12 6 
38 1 
1 21 11 5 1 
1 7 21 8 2 
1 36 2 
1 15 23 
2 2 27 8 
7 7 13 11 1 
22 15 1 1 
3 6 19 5 2 3 1 
1 28 2 2 5 1 
2 17 19 1 
1 2 8 19 5 3 1 
1 29 7 1 1 
2 25 9 3 
33 2 2 1 1 
3 29 4 2 1 
39 
1 24 6 7 1 
10 25 3 1 
1 20 1 11 3 2 1 
2 28 1 1 1 4 1 1 
1 9 10 13 2 1 2 1 
4 16 16 3 
2 19 15 1 2 
3 27 8 1 
5 9 20 1 3 1 
39 
1 17 6 5 4 5 1 
1 11 22 1 4 
1 9 14 5 10 
7 32 
23 13 3 
24 7 7 1 
2 33 2 1 1 
1 20 6 2 3 5 1 1 
3 1 26 1 4 4 
1 8 12 10 3 3 2 
6 8 16 3 1 2 3 
31 8 
8 14 11 3 1 1 1 
1 8 12 15 3 
4 1 10 21 3 
9 4 4 21 1 
39 
15 23 1 
2 34 1 2 
8 22 1 5 3 
2 29 8 
1 35 3 
1 8 9 3 18 
2 7 21 1 2 5 1 
2 32 4 1 
14 16 4 2 3 
8 27 4 
1 36 2 
1 32 3 2 1 
1 14 24 
15 24 
3 5 1 4 8 1 1 7 5 2 1 1 
4 21 13 1 
4 22 12 1 
8 13 16 2 
1 17 14 5 1 1 
7 28 1 2 1 
21 6 9 2 1 
7 9 6 7 3 1 2 3 1 
1 24 8 2 1 2 1 
1 1 5 13 13 5 1 
1 19 4 5 8 2 
1 23 14 1 
1 14 17 2 5 
1 16 2 9 8 2 1 
2 7 19 9 1 1 
2 10 10 6 3 5 3 
1 26 8 1 2 1 
1 33 4 1 
7 17 1 7 3 1 3 
33 5 1 
6 3 7 16 3 2 1 1 
1 17 12 6 3 
32 3 4 
1 31 3 1 3 
2 5 25 6 1 
39 
8 26 5 
3 13 13 1 2 2 2 1 1 1 
18 1 5 5 1 2 4 1 2 
2 33 4 
9 7 20 2 1 
39 
4 19 2 9 2 2 1 
14 15 3 6 1 
23 3 2 3 5 2 1 
1 6 15 9 6 1 1 
5 5 19 5 2 3 
3 24 7 2 3 
2 7 30 
1 15 14 5 3 1 
6 25 7 1 
2 26 3 1 4 3 
39 
1 19 3 4 10 1 1 
2 9 16 3 7 1 1 
1 38 
2 12 13 3 7 2 
1 37 1 
38 1 
4 13 2 7 13 
4 19 12 4 
5 28 4 2 
4 6 27 2 
2 5 31 1 
1 36 2 
1 15 9 14 
1 18 17 1 1 1 
1 7 26 1 4 
13 2 1 2 4 3 5 2 4 3 
2 31 4 1 1 
20 6 11 2 
2 25 12 
7 23 9 
1 26 2 6 2 2 
2 35 1 1 
1 20 18 
2 10 12 5 3 3 3 1 
2 26 2 1 1 3 3 1 
1 5 26 2 2 1 1 1 
2 14 2 9 1 6 1 2 2 
3 21 14 1 
2 25 12 
2 36 1 
1 37 1 
16 17 4 2 
23 4 12 
15 13 9 2 
3 26 6 2 2 
1 36 2 
5 23 6 1 3 1 
21 3 13 2 
4 10 25 
1 6 20 5 6 1 
2 31 4 1 1 
30 1 7 1 
6 17 12 2 1 1 
5 6 23 2 2 1 
5 14 19 1 
1 38 
5 31 1 2 
5 2 5 3 5 9 4 5 1 
1 1 5 30 1 1 
2 23 3 1 9 1 
1 32 4 1 1 
1 3 30 3 2 
1 38 
1 30 1 2 1 2 2 
18 1 2 2 16 
21 9 2 4 2 1 
1 2 20 9 5 2 
9 18 4 2 5 1 
2 26 11 
17 14 8 
3 11 19 5 1 
2 28 1 5 2 1 
2 21 13 1 1 1 
4 32 1 1 1 
2 6 5 9 10 3 1 2 1 
5 10 5 14 3 1 1 
1 12 5 3 7 9 1 1 
1 12 20 5 1 
25 13 1 
39 
26 5 8 
39 
11 4 10 9 5 
20 4 10 2 3 
1 3 9 8 2 10 3 2 1 
1 20 18 
2 11 3 8 2 7 3 1 1 1 
3 13 5 6 12 
1 16 5 1 2 8 4 2 
1 27 6 2 2 1 
17 9 3 5 5 
39 
1 8 25 3 2 
27 9 3 
36 2 1 
2 24 13 
1 25 3 7 2 1 
2 23 12 2 
16 8 11 3 1 
1 3 26 8 1 
9 5 14 10 1 
2 20 16 1 
13 3 5 15 3 
2 7 16 1 8 1 3 1 
1 24 3 4 1 2 1 3 
2 29 8 
24 2 4 3 2 1 1 2 
35 3 1 
19 14 1 2 3 
2 12 23 1 1 
1 4 27 4 3 
1 27 1 5 1 2 1 1 
4 24 8 1 2 
1 14 7 15 2 
1 9 29 
38 1 
4 32 2 1 
12 4 4 4 12 1 1 1 
1 21 11 4 1 1 
37 1 1 
6 32 1 
2 30 7 
35 1 1 1 1 
2 9 27 1 
39 
5 3 30 1 
33 4 1 1 
22 9 7 1 
10 26 2 1 
2 36 1 
2 32 5 
20 11 5 2 1 
38 1 
1 27 3 5 1 1 1 
1 6 11 8 1 8 1 3 
1 16 21 1 
34 2 3 
1 14 4 7 6 6 1 
30 5 3 1 
8 23 1 2 3 1 1 
1 23 2 1 8 4 
4 19 16 
1 2 31 5 
7 24 8 
1 24 11 2 1 
2 27 10 
35 4 
1 22 10 1 1 4 
5 9 5 13 4 2 1 
30 6 1 1 1 
1 24 2 7 4 1 
2 4 29 4 
1 18 19 1 
32 1 2 1 1 1 1 
18 9 6 5 1 
1 17 8 7 2 4 
8 5 26 
25 4 8 1 1 
17 1 19 2 
3 25 7 1 3 
3 2 16 7 2 6 1 2 
2 37 
36 1 2 
3 23 12 1 
9 7 1 11 6 5 
2 34 3 
1 32 2 1 1 2 
1 10 24 3 1 
1 5 19 4 3 2 2 3 
2 12 2 3 20 
1 20 14 2 2 
1 17 21 
4 14 1 12 4 1 1 1 1 
1 18 16 1 3 
10 28 1 
11 6 19 2 1 
3 24 11 1 
3 28 8 
3 6 22 2 3 3 
1 26 12 
1 18 17 2 1 
2 1 27 6 2 1 
5 31 3 
2 29 6 1 1 
2 35 1 1 
4 26 7 2 
1 33 5 
25 13 1 
14 14 3 8 
3 21 15 
31 3 3 1 1 
1 36 2 
10 1 8 11 8 1 
1 17 16 1 3 1 
1 29 4 3 1 1 
4 13 19 3 
1 37 1 
9 23 6 1 
1 22 4 9 2 1 
1 25 1 9 2 1 
1 20 10 3 5 
5 15 10 8 1 
3 27 7 1 1 
1 30 7 1 
1 25 13 
1 6 7 24 1 
34 5 
3 1 19 14 1 1 
4 19 13 3 
1 24 1 5 4 4 
2 2 32 1 1 1 
6 28 5 
2 19 5 9 3 1 
1 7 3 4 7 11 4 2 
3 4 17 6 8 1 
1 31 7 
1 15 22 1 
5 22 12 
1 32 1 2 2 1 
2 11 10 4 3 1 3 1 2 1 1 
18 13 8 
1 33 5 
3 14 3 18 1 
12 13 14 
2 8 13 2 14 
1 21 14 2 1 
1 25 10 1 1 1 
3 31 2 3 
27 5 7 
38 1 
1 28 7 3 
1 19 4 15 
39 
1 9 14 12 2 1 
4 24 10 1 
24 8 4 1 2 
1 4 28 1 1 4 
1 3 12 9 3 1 8 2 
8 23 1 6 1 
9 10 13 4 3 
6 32 1 
1 1 14 4 15 4 
1 35 3 
1 33 3 1 1 
4 23 12 
7 32 
2 32 5 
1 31 5 2 
1 27 1 2 1 3 1 3 
8 28 3 
1 36 2 
1 24 9 3 2 
11 11 10 6 1 
1 13 10 6 5 1 1 2 
1 36 2 
16 16 7 
4 31 4 
2 30 7 
2 16 18 2 1 
1 27 1 7 1 1 1 
1 8 23 7 
2 28 3 2 3 1 
9 8 21 1 
1 37 1 
2 35 2 
3 5 16 2 5 7 1 
3 31 5 
1 24 5 1 1 7 
1 19 18 1 
1 3 11 16 6 1 1 
26 5 6 2 
1 9 26 1 2 
3 9 5 22 
24 4 11 
2 19 17 1 
6 7 4 11 9 1 1 
1 37 1 
1 17 14 4 3 
3 7 18 5 5 1 
7 14 4 6 2 5 1 
18 5 15 1 
2 20 17 
1 1 9 5 21 1 1 
1 37 1 
1 24 2 11 1 
1 24 14 
1 29 5 1 1 1 1 
3 11 20 4 1 
19 1 15 4 
8 14 17 
1 33 1 1 1 2 
1 23 6 5 1 3 
1 19 17 2 
5 2 21 4 2 2 1 2 
33 6 
24 6 5 1 1 2 
39 
39 
39 
20 4 6 1 8 
1 3 33 1 1 
1 16 12 9 1 
1 31 3 3 1 
21 15 3 
1 24 11 3 
6 6 11 2 2 1 5 4 1 1 
3 28 8 
1 32 4 2 
2 20 14 1 2 
5 28 3 1 1 1 
1 36 2 
1 5 22 5 6 
38 1 
1 36 2 
1 31 7 
1 20 7 8 1 2 
24 6 5 4 
1 17 13 3 4 1 
6 20 11 2 
1 18 20 
8 16 4 8 1 2 
2 5 2 3 27 
4 22 12 1 
1 16 16 5 1 
8 27 2 2 
4 2 27 1 5 
1 31 2 4 1 
1 16 20 1 1 
39 
1 16 20 2 
5 24 5 1 4 
2 28 2 4 1 1 1 
5 26 2 4 1 1 
13 19 7 
2 10 26 1 
1 25 10 2 1 
29 8 2 
2 33 4 
36 3 
33 3 1 1 1 
13 19 6 1 
1 6 28 2 2 
5 4 29 1 
2 22 10 4 1 
31 2 1 4 1 
4 33 1 1 
36 1 2 
2 24 13 
2 33 2 2 
5 26 2 5 1 
19 16 2 2 
1 21 17 
14 11 10 1 2 1 
2 7 6 22 2 
1 12 26 
2 32 5 
1 38 
2 14 9 7 4 2 1 
1 25 10 1 2 
1 12 2 18 5 1 
9 3 1 24 1 1 
2 1 21 10 5 
1 3 12 1 6 3 2 10 1 
2 4 16 6 11 
1 11 1 4 1 16 4 1 
1 6 30 1 1 
20 6 9 1 2 1 
5 31 2 1 
1 33 5 
5 5 11 17 1 
14 2 3 8 1 5 6 
6 24 9 
1 24 11 1 1 1 
2 37 
1 17 8 13 
9 17 1 10 2 
1 8 9 4 9 2 6 
1 15 2 3 4 8 2 1 3 
3 27 9 
1 36 2 
6 9 16 3 1 1 2 1 
21 12 6 
24 5 4 4 2 
29 2 2 3 3 
1 8 25 3 1 1 
4 2 3 27 1 2 
1 27 9 1 1 
1 34 4 
2 20 17 
1 13 14 3 5 2 1 
12 17 10 
1 32 6 
1 10 11 3 1 11 1 1 
1 9 9 8 1 4 1 2 2 1 1 
3 2 4 2 3 5 11 7 1 1 
22 8 5 3 1 
2 23 2 10 2 
32 2 4 1 
6 26 5 2 
30 8 1 
1 36 1 1 
1 23 11 2 2 
2 23 14 
22 13 1 1 2 
1 12 9 7 3 2 1 3 1 
9 15 11 4 
7 4 23 3 2 
1 18 6 3 1 7 3 
1 8 27 1 2 
31 5 1 1 1 
1 3 23 4 7 1 
36 1 2 
10 25 4 
35 1 3 
4 18 10 6 1 
5 21 13 
1 28 1 4 2 1 2 
1 17 5 11 2 2 1 
2 17 10 8 2 
2 14 3 3 2 11 1 3 
6 10 3 6 5 3 5 1 
10 12 1 3 3 6 3 1 
4 21 3 4 4 2 1 
23 13 3 
1 37 1 
33 6 
1 29 1 1 4 3 
2 17 12 6 1 1 
22 5 2 9 1 
1 8 30 
1 1 37 
1 25 6 2 2 1 2 
22 8 9 
1 15 11 4 1 1 1 4 1 
3 35 1 
3 2 21 12 1 
17 3 14 2 3 
2 1 20 6 10 
2 27 7 3 
22 8 2 2 1 4 
2 10 26 1 
1 33 5 
1 6 32 
1 6 23 7 2 
9 11 14 1 1 3 
10 24 5 
1 30 8 
1 5 19 2 7 3 1 1 
3 29 3 4 
2 24 7 4 2 
10 8 12 2 1 6 
2 7 28 2 
1 25 13 
1 17 3 12 2 1 2 1 
1 29 7 1 1 
14 2 7 6 7 3 
1 12 4 21 1 
1 11 1 7 17 2 
39 
1 9 25 3 1 
9 2 3 6 6 5 4 4 
1 18 3 1 10 6 
5 4 18 9 1 2 
6 21 10 2 
31 4 2 1 1 
1 23 1 8 4 2 
1 29 6 3 
21 6 5 6 1 
2 3 8 2 23 1 
2 31 3 2 1 
7 3 22 1 5 1 
1 34 4 
4 35 
3 8 5 4 18 1 
11 22 2 4 
3 8 13 7 4 1 3 
2 24 5 2 3 2 1 
3 36 
1 31 7 
1 38 
5 33 1 
3 5 14 15 1 1 
6 28 4 1 
1 15 13 4 5 1 
1 4 26 6 1 1 
1 28 2 8 
3 3 28 2 1 1 1 
5 26 3 2 1 2 
7 3 3 1 1 24 
16 4 6 5 3 1 4 
1 9 2 3 16 2 6 
2 27 7 3 
39 
2 32 5 
6 13 14 3 1 1 1 
1 18 19 1 
13 3 17 3 3 
11 1 10 1 2 11 3 
1 10 6 5 2 4 1 8 1 1 
1 1 6 23 5 3 
1 32 2 3 1 
10 10 5 6 7 1 
7 29 3 
1 16 21 1 
14 10 15 
1 22 12 3 1 
2 22 15 
1 20 14 3 1 
1 38 
1 32 1 1 4 
16 14 9 
1 21 2 2 3 6 4 
31 3 5 
14 17 5 1 2 
7 9 1 3 15 1 1 2 
1 5 3 23 1 5 1 
1 23 4 9 1 1 
13 23 1 1 1 
2 21 14 2 
1 10 16 8 3 1 
4 33 2 
1 20 11 3 3 1 
38 1 
4 26 7 2 
3 10 1 7 5 1 7 5 
1 24 8 6 
3 28 3 3 1 1 
3 16 11 6 3 
1 27 9 2 
3 36 
34 4 1 
9 16 14 
4 26 9 
1 32 4 2 
1 5 21 5 3 2 2 
2 27 7 2 1 
5 18 15 1 
1 13 23 2 
2 27 2 6 2 
11 25 3 
16 15 5 3 
20 11 8 
1 2 36 
29 5 5 
1 34 4 
7 1 30 1 
3 7 3 21 3 1 1 
6 4 17 6 6 
3 22 1 11 2 
5 3 13 7 10 1 
1 34 1 2 1 
3 14 14 6 1 1 
29 4 6 
1 34 4 
1 29 1 8 
1 27 6 4 1 
35 4 
1 6 21 4 4 1 1 1 
35 1 2 1 
2 16 18 2 1 
1 30 6 1 1 
1 33 5 
1 20 11 7 
30 2 3 4 
4 34 1 
1 20 14 1 3 
30 6 3 
1 22 6 7 2 1 
2 15 13 3 6 
11 26 2 
35 3 1 
1 26 11 1 
5 21 4 4 2 2 1 
1 18 6 5 2 1 2 1 2 1 
5 19 2 1 7 2 3 
1 17 20 1 
1 33 1 4 
1 3 15 14 1 4 1 
2 30 2 4 1 
12 7 11 8 1 
25 7 3 2 2 
3 27 5 3 1 
16 1 19 2 1 
2 23 7 3 1 3 
2 6 11 3 16 1 
20 2 16 1 
2 37 
9 18 3 7 1 1 
1 10 5 12 3 4 3 1 
39 
39 
4 18 5 6 4 2 
39 
2 34 1 1 1 
2 14 23 
1 36 2 
1 29 9 
12 8 11 6 2 
2 21 2 8 2 2 2 
3 29 3 4 
17 15 5 2 
3 33 1 2 
3 28 5 2 1 
19 6 14 
39 
13 10 12 3 1 
1 3 25 4 6 
9 5 5 8 3 7 2 
3 7 29 
2 29 5 1 2 
2 28 7 1 1 
9 5 16 5 3 1 
39 
1 6 28 1 3 
1 26 7 1 1 3 
1 22 13 2 1 
1 25 1 3 3 5 1 
3 2 28 5 1 
2 26 1 3 7 
4 29 2 3 1 
24 5 6 1 3 
4 19 8 7 1 
1 20 5 10 3 
1 33 4 1 
1 29 9 
3 33 1 2 
1 11 26 1 
2 27 2 3 5 
1 22 2 4 5 5 
1 11 6 19 1 1 
1 35 3 
1 12 23 1 2 
1 33 3 2 
10 19 2 4 1 2 1 
2 18 19 
1 21 4 1 9 1 1 1 
4 3 10 21 1 
3 30 3 3 
2 31 2 1 3 
2 13 14 8 2 
1 26 11 1 
1 24 9 4 1 
14 6 16 2 1 
1 33 2 3 
2 26 5 3 1 1 1 
1 20 13 3 1 1 
30 6 1 2 
22 4 2 1 10 
1 16 22 
4 20 9 5 1 
1 36 1 1 
3 8 2 3 8 1 5 1 1 1 4 1 1 
1 33 1 1 3 
35 2 2 
2 8 4 23 2 
1 8 12 2 7 2 1 6 
3 23 8 1 2 1 1 
1 12 10 4 1 9 1 1 
1 15 17 5 1 
1 24 10 4 
8 27 3 1 
16 14 9 
1 1 3 34 
1 29 4 1 3 1 
1 1 35 2 
1 21 17 
1 28 9 1 
5 20 10 1 1 1 1 
2 22 15 
1 15 16 7 
2 28 1 8 
2 33 4 
1 19 13 4 2 
3 15 20 1 
30 8 1 
1 10 16 7 5 
1 17 19 2 
2 34 2 1 
32 2 1 1 1 2 
1 20 8 8 2 
1 16 1 18 1 2 
2 14 12 7 3 1 
12 27 
1 27 3 2 1 1 2 2 
4 13 19 1 2 
10 23 5 1 
4 31 4 
2 22 11 3 1 
1 38 
24 10 1 3 1 
1 29 9 
24 1 11 2 1 
1 23 15 
1 21 9 7 1 
2 25 2 6 4 
1 14 17 4 2 1 
1 19 10 4 5 
1 11 10 9 2 2 2 2 
11 7 7 9 4 1 
39 
22 2 8 3 1 3 
1 1 1 19 14 1 1 1 
28 4 6 1 
1 26 3 4 3 2 
2 16 11 2 8 
1 20 18 
1 17 2 13 5 1 
1 17 5 15 1 
2 26 4 3 2 1 1 
1 24 11 1 2 
18 18 1 1 1 
1 6 15 13 4 
7 25 7 
39 
38 1 
3 28 8 
1 34 1 3 
5 5 11 18 
2 37 
1 38 
1 2 4 9 6 6 2 3 2 4 
5 32 1 1 
3 27 3 5 1 
1 33 2 1 2 
5 32 1 1 
1 2 36 
1 24 10 2 2 
1 26 4 6 2 
1 36 2 
4 31 1 3 
1 10 14 9 4 1 
5 12 10 2 8 2 
7 10 11 8 3 
2 15 19 3 
5 30 2 1 1 
2 28 9 
4 12 23 
6 23 6 4 
1 19 14 4 1 
18 12 1 8 
1 36 2 
24 11 3 1 
12 6 7 5 7 2 
1 33 2 2 1 
1 35 1 1 1 
14 6 15 2 2 
7 28 1 1 1 1 
2 14 5 13 3 1 1 
6 12 3 8 3 3 1 1 2 
6 30 3 
1 23 15 
1 6 15 13 4 
5 10 1 8 11 2 2 
3 15 13 4 2 1 1 
1 36 1 1 
3 22 12 1 1 
3 18 18 
1 19 6 10 2 1 
1 21 17 
2 4 11 15 2 2 2 1 
5 27 7 
22 12 4 1 
4 8 5 16 2 2 2 
4 9 7 9 6 3 1 
1 29 4 5 
9 8 20 2 
12 25 2 
2 17 20 
9 2 24 4 
2 1 10 15 6 5 
17 4 18 
34 2 3 
9 8 3 19 
3 11 18 4 3 
1 10 9 13 4 1 1 
1 30 6 1 1 
2 36 1 
4 19 14 1 1 
1 8 2 6 4 9 8 1 
12 3 7 16 1 
39 
2 13 10 13 1 
5 28 5 1 
1 12 3 3 12 4 1 2 1 
21 7 1 10 
3 9 20 6 1 
34 5 
4 22 13 
3 8 23 1 4 
36 2 1 
2 10 10 7 5 5 
39 
1 4 31 2 1 
1 13 14 2 9 
1 28 10 
3 30 3 3 
1 19 6 3 7 2 1 
5 7 2 25 
1 17 16 5 
2 27 10 
14 18 2 5 
1 35 3 
1 3 4 30 1 
1 28 2 1 5 2 
1 38 
1 36 1 1 
1 35 1 2 
3 5 28 3 
33 2 4 
1 19 8 2 4 4 1 
1 27 11 
3 13 14 4 1 1 2 1 
1 10 26 2 
1 31 7 
1 1 10 20 1 6 
1 30 7 1 
37 2 
33 1 5 
22 1 13 3 
12 7 4 12 2 2 
1 22 13 2 1 
3 8 11 11 4 2 
2 11 5 6 3 1 6 5 
11 11 16 1 
2 17 8 6 2 1 3 
8 22 9 
1 8 28 2 
1 22 10 5 1 
14 9 6 6 1 3 
39 
2 1 2 20 5 1 3 2 2 1 
1 2 31 2 2 1 
4 20 14 1 
1 2 18 1 14 3 
13 10 4 2 9 1 
2 19 10 7 1 
22 10 2 4 1 
13 7 1 12 1 1 3 1 
17 14 7 1 
1 9 9 4 8 3 2 3 
3 35 1 
4 16 10 1 8 
1 6 12 15 5 
1 14 23 1 
5 21 13 
1 6 32 
9 8 22 
2 16 14 6 1 
1 8 4 2 16 4 3 1 
10 3 19 1 6 
27 2 9 1 
20 15 3 1 
1 35 3 
7 5 14 11 1 1 
2 3 23 1 3 1 1 4 1 
6 12 9 7 5 
1 6 7 4 8 9 4 
1 1 8 26 2 1 
38 1 
38 1 
4 17 14 2 2 
4 34 1 
1 16 4 5 2 4 3 4 
5 13 10 2 3 1 1 1 1 2 
2 29 8 
16 23 
4 26 6 2 1 
9 11 19 
5 16 14 1 2 1 
3 26 3 4 2 1 
3 21 3 8 4 
26 5 3 1 4 
1 29 8 1 
1 32 3 1 1 1 
1 11 4 22 1 
26 9 4 
2 2 8 4 9 10 2 1 1 
3 22 6 5 1 1 1 
17 17 1 1 1 1 1 
2 29 2 3 1 2 
10 28 1 
1 13 19 1 3 2 
2 15 20 2 
3 34 1 1 
3 6 28 1 1 
1 33 2 3 
2 25 10 2 
4 26 9 
2 10 8 3 3 6 2 2 3 
13 9 10 7 
39 
1 26 11 1 
1 4 23 1 3 5 1 1 
39 
1 13 16 6 3 
2 37 
2 17 8 3 6 1 2 
19 8 11 1 
4 13 20 1 1 
24 10 5 
35 2 2 
1 23 5 2 7 1 
1 5 9 13 11 
10 27 2 
3 22 9 2 3 
1 28 3 6 1 
3 20 8 4 4 
1 28 10 
1 15 23 
38 1 
1 26 11 1 
9 25 5 
2 8 19 9 1 
1 18 8 11 1 
39 
1 35 3 
39 
11 26 1 1 
8 9 6 8 7 1 
1 37 1 
27 6 6 
1 13 20 2 1 2 
2 14 21 2 
2 26 5 2 3 1 
3 4 16 2 12 1 1 
24 7 1 4 3 
20 2 1 8 2 4 1 1 
4 5 4 10 16 
2 8 9 4 11 5 
35 2 2 
5 27 7 
37 2 
1 14 17 7 
1 2 1 22 9 1 2 1 
2 28 1 4 1 1 2 
4 8 19 8 
27 1 1 6 1 3 
1 21 10 1 5 1 
8 31 
2 1 20 3 12 1 
3 25 9 1 1 
28 11 
1 19 5 2 1 3 2 2 4 
13 21 5 
2 3 21 4 9 
20 2 17 
1 19 2 7 4 6 
4 11 11 12 1 
1 20 4 8 6 
39 
1 22 9 5 1 1 
1 33 3 1 1 
1 34 1 1 1 1 
1 34 2 1 1 
30 4 5 
8 3 24 3 1 
1 26 2 6 2 2 
2 26 4 4 3 
2 5 8 2 17 1 1 2 1 
3 30 5 1 
33 3 3 
1 32 6 
4 12 3 13 3 3 1 
38 1 
2 20 14 3 
6 27 1 4 1 
1 27 10 1 
34 1 1 3 
13 25 1 
1 19 19 
9 29 1 
2 13 5 16 3 
6 16 4 9 2 2 
2 6 8 8 9 3 3 
3 15 18 2 1 
1 37 1 
12 17 5 3 2 
2 1 27 8 1 
1 28 5 1 4 
2 8 9 9 8 1 2 
24 6 7 1 1 
1 17 9 4 5 3 
39 
11 20 3 4 1 
1 31 3 3 1 
19 18 2 
1 30 8 
20 8 11 
14 4 14 7 
37 1 1 
15 16 7 1 
6 17 15 1 
1 16 19 1 2 
21 13 3 1 1 
1 8 30 
1 31 2 5 
21 10 5 1 1 1 
21 11 2 2 2 1 
2 36 1 
1 38 
2 19 9 6 3 
1 22 14 2 
15 14 3 4 3 
22 15 2 
38 1 
6 26 3 4 
18 10 2 1 2 4 2 
1 30 7 1 
3 17 7 7 2 3 
7 25 2 3 2 
23 3 13 
6 2 21 9 1 
1 11 21 4 2 
4 30 2 1 2 
3 9 15 12 
37 1 1 
2 20 9 3 4 1 
1 9 7 15 7 
6 24 8 1 
1 36 2 
37 1 1 
30 1 2 1 5 
27 10 2 
5 21 13 
8 22 3 6 
1 21 5 9 2 1 
13 10 6 5 5 
9 11 1 12 4 1 1 
31 5 3 
1 5 10 7 8 4 2 2 
3 26 6 1 3 
6 3 2 19 3 4 1 1 
1 17 1 2 9 1 7 1 
1 7 15 13 3 
3 29 2 5 
13 13 13 
7 25 7 
1 13 3 21 1 
4 13 2 5 9 2 4 
1 30 4 1 3 
1 25 2 5 6 
11 21 2 5 
5 9 3 15 2 3 1 1 
1 6 13 8 6 1 2 2 
7 20 3 1 1 4 1 2 
39 
22 12 1 1 2 1 
3 4 22 5 5 
2 13 11 5 1 1 6 
3 30 3 3 
3 21 15 
3 12 23 1 
1 33 5 
1 27 9 1 1 
1 31 4 3 
6 30 2 1 
1 37 1 
7 12 20 
1 27 10 1 
1 5 10 20 3 
1 29 4 3 2 
6 29 2 1 1 
1 26 9 1 1 1 
3 7 2 4 9 11 1 1 1 
1 36 1 1 
14 19 5 1 
1 20 18 
1 29 9 
20 12 1 5 1 
39 
32 1 6 
1 29 5 4 
1 30 5 3 
2 16 7 13 1 
1 22 11 1 1 1 1 1 
1 8 30 
1 20 14 2 2 
1 7 26 3 1 1 
3 35 1 
38 1 
2 1 20 4 12 
5 10 24 
39 
1 31 4 2 1 
1 8 13 17 
2 1 14 11 8 2 1 
2 3 31 1 1 1 
16 11 12 
1 5 17 16 
2 4 9 23 1 
1 6 18 10 4 
2 33 2 2 
18 3 17 1 
5 4 29 1 
1 36 2 
6 26 5 2 
2 32 4 1 
3 5 20 2 4 1 1 1 2 
7 1 8 9 14 
7 14 14 1 2 1 
1 6 12 9 8 1 1 1 
8 25 2 3 1 
23 2 3 3 2 5 1 
6 7 19 4 1 1 1 
27 12 
8 26 5 
2 17 19 1 
1 11 16 10 1 
2 12 2 22 1 
1 32 3 2 1 
2 35 1 1 
14 23 2 
1 33 1 1 3 
2 20 12 1 4 
1 33 3 1 1 
3 11 18 6 1 
3 24 12 
28 6 4 1 
34 3 1 1 
1 16 19 1 2 
12 26 1 
4 24 10 1 
2 14 23 
1 12 3 2 3 1 10 4 2 1 
1 23 12 3 
1 30 5 3 
1 24 9 4 1 
3 21 2 9 2 1 1 
9 8 13 3 1 2 1 1 1 
1 15 23 
1 5 16 7 9 1 
34 1 2 2 
22 5 12 
2 28 9 
37 1 1 
2 22 14 1 
1 26 7 2 2 1 
1 14 24 
30 2 7 
2 12 24 1 
1 2 34 1 1 
1 33 4 1 
1 36 2 
1 30 3 3 2 
9 19 1 8 1 1 
3 31 2 2 1 
2 36 1 
11 9 1 12 4 2 
9 23 7 
1 3 15 6 11 3 
1 30 5 2 1 
3 1 14 3 13 2 1 1 1 
2 33 1 3 
3 17 3 14 2 
2 16 13 2 3 2 1 
8 29 1 1 
19 16 4 
1 37 1 
1 6 11 15 1 1 3 1 
6 15 2 15 1 
1 20 15 2 1 
2 24 8 2 3 
1 31 7 
2 12 14 6 5 
1 1 4 3 2 5 8 9 2 2 1 1 
1 22 3 8 3 1 1 
4 2 9 18 1 3 1 1 
1 38 
5 24 2 3 4 1 
15 18 6 
3 33 3 
5 24 8 2 
8 3 21 4 2 1 
3 5 11 14 6 
1 32 4 2 
2 10 14 12 1 
4 30 3 2 
17 2 16 1 3 
1 1 18 3 12 2 1 1 
4 34 1 
17 14 7 1 
2 8 29 
31 8 
1 4 10 11 3 5 1 2 1 1 
39 
3 34 2 
1 26 6 5 1 
31 1 1 3 3 
8 26 5 
6 25 8 
19 15 3 2 
37 1 1 
26 2 7 3 1 
20 4 14 1 
1 23 11 1 3 
7 6 4 14 4 3 1 
1 28 10 
5 15 11 3 2 1 2 
5 28 1 1 3 1 
1 1 5 29 2 1 
1 22 8 7 1 
3 27 9 
6 24 2 1 4 1 1 
2 27 3 6 1 
1 37 1 
19 2 5 1 3 5 4 
4 11 18 3 2 1 
31 5 1 2 
2 10 4 16 4 3 
3 29 2 1 1 1 1 1 
1 37 1 
5 13 3 11 1 1 5 
1 4 32 1 1 
2 34 2 1 
39 
1 16 6 10 6 
1 8 15 1 3 9 1 1 
12 15 1 10 1 
2 7 7 10 6 6 1 
1 2 2 2 27 5 
2 31 1 3 2 
3 4 2 20 5 3 2 
2 32 3 2 
1 12 20 4 2 
39 
1 29 4 2 2 1 
1 33 1 4 
1 33 5 
1 15 21 1 1 
24 9 6 
1 19 18 1 
1 36 2 
4 3 20 12 
2 14 19 3 1 
2 25 8 1 3 
12 22 3 2 
2 31 1 3 2 
4 23 12 
2 11 24 2 
2 9 22 1 1 1 1 2 
15 19 3 1 1 
1 31 4 1 2 
4 33 2 
1 37 1 
2 6 7 13 10 1 
1 25 13 
1 9 23 4 2 
39 
1 23 12 2 1 
1 11 27 
2 22 5 3 2 5 
15 9 9 6 
37 1 1 
1 20 9 7 2 
1 18 9 2 7 1 1 
3 33 2 1 
4 11 10 1 3 2 1 6 1 
2 1 32 3 1 
4 2 5 19 6 1 2 
1 30 1 7 
5 33 1 
2 16 7 14 
1 38 
39 
35 1 3 
1 11 27 
4 25 2 5 3 
1 22 13 1 2 
6 8 25 
1 26 11 1 
1 29 9 
1 24 14 
1 30 7 1 
37 2 
3 33 1 2 
10 23 3 2 1 
3 6 14 13 3 
1 19 14 4 1 
39 
4 20 6 9 
24 13 2 
1 8 7 15 7 1 
1 2 29 1 5 1 
26 7 3 1 2 
4 34 1 
2 29 1 1 6 
1 2 14 19 1 1 1 
8 11 16 1 3 
5 20 10 2 2 
1 37 1 
3 7 7 11 1 7 2 1 
39 
39 
4 23 5 2 1 1 1 2 
34 1 4 
16 10 7 4 1 1 
1 26 12 
1 27 10 1 
2 11 22 1 1 1 1 
1 20 4 8 1 1 2 2 
3 31 1 3 1 
5 17 10 7 
3 24 1 3 6 1 1 
7 30 1 1 
10 19 4 6 
1 8 3 8 5 3 10 1 
2 32 5 
5 3 1 12 17 1 
1 18 20 
9 3 23 4 
22 8 9 
32 2 3 2 
2 14 22 1 
12 6 17 1 3 
1 29 6 3 
1 14 12 11 1 
17 16 5 1 
39 
11 17 1 1 9 
30 8 1 
39 
8 5 26 
36 1 1 1 
5 14 12 3 1 3 1 
1 25 10 3 
3 19 17 
1 35 3 
1 14 2 6 3 13 
1 3 35 
1 29 5 2 1 1 
29 9 1 
11 14 12 2 
1 16 2 9 5 4 1 1 
1 24 10 2 1 1 
3 24 12 
23 2 11 3 
1 8 14 3 7 4 1 1 
9 5 10 6 5 3 1 
2 8 29 
35 4 
1 19 11 8 
2 18 4 10 2 3 
23 10 6 
3 29 1 4 1 1 
4 25 3 7 
1 38 
1 27 4 6 1 
2 21 2 10 2 1 1 
3 14 13 4 2 1 1 1 
1 35 2 1 
1 22 1 4 4 7 
3 30 2 1 3 
37 2 
8 8 15 1 1 4 2 
10 3 25 1 
1 27 2 2 5 2 
2 9 1 16 9 2 
1 26 11 1 
3 36 
14 7 17 1 
1 18 8 1 8 1 2 
12 4 5 12 4 1 1 
8 3 6 17 3 2 
5 1 16 4 6 2 5 
3 5 6 4 14 3 4 
23 14 2 
35 2 1 1 
15 13 5 1 2 1 2 
5 24 4 1 1 3 1 
39 
2 5 22 8 2 
12 8 12 6 1 
2 27 1 5 4 
1 34 1 3 
9 22 8 
4 8 3 5 15 3 1 
3 3 21 6 2 2 2 
5 30 4 
16 15 1 2 3 2 
1 3 15 3 9 5 3 
35 2 2 
1 21 4 7 3 2 1 
1 22 2 8 4 2 
2 3 3 19 10 1 1 
39 
31 2 3 2 1 
38 1 
1 6 8 10 2 6 6 
1 15 6 3 6 5 3 
3 12 24 
1 30 3 4 1 
1 5 27 6 
1 12 7 17 2 
14 6 15 4 
3 24 1 6 1 2 1 1 
7 12 8 2 10 
39 
11 2 9 7 4 3 3 
2 30 1 3 1 1 1 
8 27 2 1 1 
1 30 8 
1 26 12 
1 1 23 3 5 5 1 
1 15 18 4 1 
29 10 
6 18 15 
1 1 23 8 5 1 
12 7 8 12 
3 21 3 7 4 1 
2 2 5 11 7 4 6 1 1 
1 15 13 4 1 3 2 
1 20 3 6 8 1 
2 2 27 5 1 2 
1 19 9 6 4 
1 22 12 2 1 1 
2 28 9 
3 13 3 18 2 
1 23 15 
9 4 12 2 3 3 5 1 
2 6 27 3 1 
4 13 20 2 
1 12 1 3 5 10 4 3 
1 21 10 4 1 2 
1 1 16 4 13 2 2 
1 24 14 
2 34 3 
16 16 7 
38 1 
2 18 15 4 
1 8 11 9 5 3 1 1 
39 
9 23 2 1 3 1 
1 35 3 
1 17 2 4 4 2 8 1 
3 9 12 11 4 
1 31 4 3 
13 17 1 8 
1 35 3 
15 14 7 2 1 
1 21 1 11 5 
2 11 5 14 1 1 2 3 
1 30 6 2 
1 26 8 4 
1 1 11 26 
1 17 20 1 
16 17 2 3 1 
1 34 4 
1 25 13 
30 9 
1 20 9 6 3 
1 25 10 3 
2 29 2 5 1 
2 25 10 1 1 
2 3 30 2 1 1 
3 23 7 1 5 
1 11 19 2 5 1 
1 17 9 1 3 8 
8 25 4 1 1 
1 17 14 4 1 2 
3 22 1 5 2 4 1 1 
3 19 2 6 1 1 2 4 1 
1 14 13 10 1 
2 6 6 14 7 4 
9 9 21 
1 20 12 2 4 
17 6 1 6 6 1 2 
9 16 4 1 1 7 1 
1 15 18 5 
3 28 8 
5 26 2 1 5 
7 15 10 5 2 
34 3 1 1 
3 5 21 10 
3 23 11 1 1 
19 10 10 
2 11 3 18 2 1 1 1 
1 20 18 
6 1 5 26 1 
2 12 11 14 
29 9 1 
1 20 16 1 1 
9 27 3 
1 29 5 3 1 
10 8 15 2 4 
7 11 16 2 1 1 1 
3 22 10 1 1 1 1 
2 12 13 2 2 6 2 
1 26 5 4 1 1 1 
2 17 6 4 2 5 2 1 
1 16 6 16 
1 1 12 14 3 2 1 3 2 
2 19 4 6 4 1 2 1 
2 5 31 1 
23 5 10 1 
2 17 1 10 4 2 3 
14 23 2 
7 29 3 
12 1 12 10 4 
1 19 19 
2 22 7 4 2 1 1 
1 30 2 4 1 1 
14 20 5 
1 1 36 1 
8 6 14 4 1 3 1 2 
1 20 18 
1 25 3 7 3 
2 19 5 6 7 
16 8 2 13 
19 14 4 2 
10 2 12 15 
1 16 11 8 3 
5 17 10 3 3 1 
1 18 20 
1 12 2 8 11 4 1 
1 34 4 
1 20 18 
1 1 2 2 6 1 18 6 2 
1 14 10 5 6 1 2 
3 28 8 
2 34 1 1 1 
1 16 5 15 1 1 
1 28 10 
1 8 22 8 
5 11 15 7 1 
22 15 2 
18 5 2 1 7 6 
4 32 1 1 1 
1 5 4 2 15 1 9 1 1 
12 9 6 7 5 
3 6 13 14 1 2 
1 36 2 
6 8 16 9 
26 1 3 6 2 1 
6 21 3 3 2 4 
2 19 14 1 1 2 
2 21 10 3 2 1 
3 1 6 23 5 1 
1 5 18 12 3 
7 11 11 3 2 2 2 1 
1 5 21 2 7 3 
1 12 5 13 8 
24 15 
1 5 22 6 2 3 
