9 21 4 4 3 
7 23 8 1 1 1 
1 4 21 4 9 1 1 
28 9 3 1 
4 27 10 
1 3 19 17 1 
1 2 10 1 4 7 15 1 
18 20 3 
9 13 5 2 12 
1 17 20 2 1 
6 7 14 12 2 
38 2 1 
1 10 1 20 5 2 1 1 
1 21 12 5 2 
1 34 6 
6 3 21 10 1 
27 13 1 
1 31 4 4 1 
2 27 4 8 
41 
2 12 6 10 3 2 2 2 1 1 
4 12 24 1 
1 22 4 12 2 
1 2 8 11 5 10 1 2 1 
1 24 5 4 7 
11 5 15 7 1 2 
1 40 
13 28 
4 30 7 
2 22 2 4 4 2 1 2 1 1 
9 26 3 2 1 
1 18 7 9 1 3 1 1 
1 30 10 
11 7 10 10 1 1 1 
11 22 5 3 
1 29 3 8 
5 1 1 2 30 1 1 
9 23 4 2 1 1 1 
1 14 10 6 4 6 
1 32 6 1 1 
1 6 30 1 2 1 
1 34 4 1 1 
3 23 2 6 2 5 
10 10 4 6 2 8 1 
26 4 11 
1 5 24 7 1 1 2 
8 23 10 
1 11 24 2 2 1 
1 32 8 
2 37 1 1 
17 1 5 7 11 
2 39 
19 2 7 4 5 1 2 1 
30 9 2 
1 5 27 3 5 
6 17 12 6 
2 7 30 1 1 
1 30 1 3 5 1 
1 23 4 1 2 1 3 2 1 1 1 1 
41 
15 21 2 2 1 
26 3 8 4 
3 11 20 2 3 1 1 
1 14 25 1 
1 26 4 10 
5 20 13 3 
1 13 23 3 1 
3 17 1 9 7 1 1 1 1 
2 19 3 17 
1 29 2 6 2 1 
2 1 32 3 2 1 
1 23 16 1 
2 7 9 8 11 2 2 
3 10 13 2 6 2 1 4 
2 14 5 5 10 4 1 
1 22 18 
1 5 24 5 5 1 
40 1 
40 1 
1 10 21 7 2 
1 36 1 1 1 1 
1 34 6 
6 32 3 
1 14 4 1 1 8 5 5 2 
41 
19 3 13 4 1 1 
5 2 27 3 4 
1 20 19 1 
10 11 15 1 2 2 
8 19 14 
39 1 1 
4 15 1 1 19 1 
3 25 3 8 2 
1 32 5 1 1 1 
1 21 13 2 3 1 
41 
2 28 6 4 1 
1 23 12 2 2 1 
1 23 5 12 
1 10 30 
28 13 
1 35 5 
37 3 1 
1 23 7 7 1 2 
1 37 1 2 
6 4 16 6 8 1 
22 17 2 
1 8 31 1 
1 25 10 5 
2 22 3 3 8 2 1 
2 22 5 6 6 
2 27 1 7 4 
1 14 16 7 3 
2 21 7 7 1 2 1 
6 6 25 3 1 
30 1 8 1 1 
1 8 4 5 1 3 16 3 
6 11 19 2 2 1 
1 5 10 13 4 2 4 2 
41 
7 17 4 1 12 
39 2 
17 1 8 3 6 2 4 
1 21 12 3 4 
2 19 20 
4 24 4 7 1 1 
18 16 3 4 
7 1 18 5 10 
9 10 6 12 4 
6 4 24 6 1 
1 31 1 2 6 
36 2 2 1 
1 16 24 
2 1 3 16 15 4 
1 35 3 1 1 
1 33 2 5 
1 26 9 3 2 
5 16 12 1 4 1 2 
3 10 14 10 4 
3 11 12 2 7 2 3 1 
31 7 3 
35 2 2 2 
41 
1 31 5 1 2 1 
1 14 12 10 1 3 
2 33 5 1 
1 5 2 10 23 
1 4 35 1 
38 3 
41 
26 5 7 3 
3 9 4 25 
4 27 10 
1 22 12 1 5 
1 4 21 1 10 3 1 
2 31 6 2 
5 28 4 3 1 
4 9 3 1 15 3 4 1 1 
1 12 27 1 
17 12 6 6 
13 9 19 
7 11 16 1 5 1 
4 11 22 2 2 
5 18 2 10 1 3 2 
1 19 14 3 4 
9 16 9 1 4 2 
5 13 6 14 1 1 1 
1 31 7 1 1 
2 32 6 1 
4 30 7 
11 24 6 
7 24 7 2 1 
9 1 6 21 1 3 
1 10 28 2 
1 21 3 6 5 4 1 
1 23 6 4 2 3 2 
1 11 7 10 8 1 2 1 
2 37 1 1 
2 11 28 
1 32 8 
12 13 4 8 2 1 1 
23 10 4 1 3 
28 11 2 
3 25 3 1 7 1 1 
2 1 15 9 9 1 3 1 
1 29 5 2 2 1 1 
4 37 
2 23 11 1 1 1 1 1 
2 3 21 12 3 
1 21 7 2 6 1 2 1 
4 31 2 1 3 
1 21 17 1 1 
1 5 27 4 3 1 
1 39 1 
1 30 10 
3 11 7 1 15 4 
40 1 
1 23 14 3 
1 36 3 1 
1 37 2 1 
2 30 9 
2 13 26 
9 24 1 5 2 
15 5 8 4 5 4 
25 3 6 5 2 
32 8 1 
1 2 36 1 1 
4 24 10 3 
8 6 18 7 2 
2 28 4 1 6 
3 38 
23 10 5 2 1 
1 1 16 5 10 2 1 1 3 1 
37 2 2 
1 34 1 2 3 
1 40 
3 7 18 6 6 1 
27 5 3 2 2 1 1 
1 37 3 
1 4 29 6 1 
41 
7 28 6 
1 38 2 
1 35 1 4 
1 21 18 1 
9 8 8 15 1 
4 23 1 1 12 
1 38 1 1 
1 1 39 
10 25 4 1 1 
7 31 3 
6 16 19 
1 27 13 
10 8 3 12 8 
1 12 24 2 1 1 
2 31 5 3 
2 29 10 
9 28 4 
11 4 19 7 
1 38 2 
1 35 5 
1 11 9 20 
37 2 1 1 
19 5 3 2 11 1 
1 25 3 3 7 2 
30 10 1 
8 10 7 6 1 2 5 1 1 
1 12 28 
2 22 17 
22 15 1 2 1 
1 4 2 16 3 13 1 1 
1 39 1 
6 27 7 1 
22 13 3 1 2 
1 21 19 
39 2 
8 15 3 11 3 1 
31 10 
7 3 25 3 2 1 
1 16 24 
1 11 29 
2 18 7 1 13 
3 29 8 1 
1 8 32 
10 29 2 
8 9 9 5 7 2 1 
2 27 12 
41 
41 
21 19 1 
6 19 14 1 1 
4 11 26 
5 26 5 5 
2 36 2 1 
2 35 3 1 
11 10 9 3 2 6 
2 28 1 5 1 4 
13 4 4 7 6 1 4 1 1 
1 33 1 6 
2 16 14 1 6 2 
1 11 6 22 1 
1 34 6 
1 10 17 6 2 5 
8 25 7 1 
1 22 16 2 
2 27 8 2 2 
1 28 12 
12 29 
1 12 11 7 3 4 3 
8 33 
9 27 2 3 
1 31 2 6 1 
1 35 4 1 
1 23 6 7 3 1 
1 37 2 1 
1 26 1 3 4 5 1 
2 9 6 20 2 1 1 
34 2 1 3 1 
1 30 4 5 1 
1 20 20 
3 38 
21 19 1 
18 23 
1 38 2 
1 13 5 15 6 1 
5 28 4 3 1 
1 18 5 8 9 
9 27 2 3 
1 20 9 8 2 1 
2 16 12 10 1 
1 2 25 7 4 1 1 
1 35 3 2 
20 17 2 1 1 
11 28 2 
3 8 23 2 2 1 1 1 
1 36 1 3 
2 20 19 
7 11 11 11 1 
11 2 14 3 11 
12 24 1 1 2 1 
9 19 13 
41 
1 32 4 3 1 
19 7 10 4 1 
41 
1 6 33 1 
2 35 4 
37 4 
1 30 10 
1 13 9 14 3 1 
1 5 17 2 15 1 
1 4 23 1 6 3 2 1 
2 12 26 1 
3 5 21 8 4 
12 4 14 7 2 2 
40 1 
1 22 2 8 6 2 
11 18 1 1 8 2 
3 15 1 11 3 8 
37 2 2 
40 1 
1 5 29 6 
2 6 11 3 4 7 6 2 
34 2 5 
4 25 6 6 
8 18 10 3 1 1 
22 11 8 
3 3 6 5 12 8 2 2 
15 10 12 2 2 
1 6 30 3 1 
11 17 6 2 3 2 
2 3 18 7 6 3 2 
2 19 2 12 1 3 2 
1 9 31 
1 30 7 3 
19 16 5 1 
3 24 1 4 8 1 
5 29 5 2 
1 19 18 2 1 
2 33 2 3 1 
12 22 7 
10 9 22 
6 20 15 
3 19 2 14 3 
2 28 11 
1 7 23 1 5 4 
1 3 28 1 5 2 1 
29 8 4 
34 3 1 3 
1 16 8 16 
1 5 34 1 
6 32 2 1 
1 5 14 7 4 1 8 1 
1 17 10 4 5 1 2 1 
1 38 1 1 
4 27 7 3 
2 38 1 
1 31 4 2 2 1 
40 1 
1 3 6 22 6 2 1 
5 24 3 5 4 
3 18 9 4 1 4 1 1 
2 12 2 3 17 3 1 1 
2 39 
1 34 6 
1 26 14 
2 2 15 1 7 3 3 6 2 
11 10 1 16 3 
1 34 4 1 1 
2 31 1 2 3 2 
1 12 28 
1 24 7 8 1 
9 12 20 
1 33 5 1 1 
2 35 1 3 
9 2 22 4 3 1 
27 4 3 2 1 4 
2 32 5 1 1 
2 38 1 
10 17 14 
4 37 
4 24 9 4 
2 24 15 
1 16 2 22 
38 1 1 1 
4 15 22 
7 4 13 7 8 2 
6 3 8 21 2 1 
1 12 1 1 20 3 3 
1 33 7 
6 5 12 12 4 2 
23 9 9 
26 8 6 1 
3 25 4 5 1 3 
1 6 27 6 1 
4 11 26 
3 10 15 5 5 2 1 
9 32 
2 9 21 3 1 5 
2 37 2 
1 26 10 2 2 
1 40 
2 39 
1 15 24 1 
1 10 19 5 1 1 3 1 
29 10 1 1 
2 29 2 8 
16 5 9 3 7 1 
11 7 23 
2 25 8 5 1 
7 13 9 1 8 2 1 
8 27 4 1 1 
2 27 5 2 5 
1 8 29 1 1 1 
3 24 13 1 
1 22 18 
3 14 9 14 1 
1 5 3 32 
1 10 29 1 
23 16 2 
2 37 2 
1 26 10 4 
2 9 18 10 1 1 
26 13 2 
15 16 5 5 
2 32 2 2 2 1 
7 26 8 
3 11 10 12 1 2 1 1 
5 25 10 1 
5 4 21 9 1 1 
1 21 19 
5 13 4 13 2 4 
2 21 18 
2 27 8 4 
1 16 11 3 9 1 
2 19 4 1 7 5 1 2 
27 1 7 1 2 1 2 
1 39 1 
21 13 3 1 2 1 
9 26 1 1 2 2 
1 4 8 6 8 10 3 1 
2 10 16 7 3 3 
4 22 11 4 
32 5 4 
1 23 17 
2 39 
2 36 3 
1 6 34 
4 34 1 1 1 
1 19 11 10 
5 32 4 
1 34 4 1 1 
17 4 17 1 1 1 
7 15 5 2 5 6 1 
2 20 16 3 
18 21 2 
4 11 2 6 13 2 1 1 1 
4 5 32 
6 19 10 6 
2 20 3 8 3 1 2 1 1 
2 30 3 6 
11 28 2 
4 16 17 2 2 
9 3 24 1 2 1 1 
3 5 22 9 1 1 
6 1 3 11 19 1 
25 3 3 4 6 
1 30 10 
1 20 20 
7 2 14 1 2 1 9 4 1 
1 31 4 1 4 
1 35 5 
17 11 9 3 1 
2 15 15 6 1 2 
1 16 24 
1 17 23 
1 6 5 28 1 
9 32 
2 3 24 10 2 
15 5 10 11 
1 33 7 
1 35 5 
2 9 3 9 4 3 5 5 1 
1 38 2 
6 30 5 
2 28 3 6 1 1 
1 18 1 19 1 1 
8 15 14 4 
38 2 1 
1 25 9 1 1 1 1 2 
28 9 4 
9 7 23 2 
10 10 10 8 2 1 
2 29 10 
1 35 4 1 
1 1 10 24 3 1 1 
17 22 2 
1 27 13 
1 38 2 
20 15 6 
34 2 5 
5 2 4 12 11 6 1 
29 4 8 
4 29 8 
2 32 2 1 3 1 
7 2 20 4 4 3 1 
1 24 16 
1 36 4 
4 15 19 2 1 
7 18 4 10 2 
10 31 
1 5 7 17 10 1 
24 10 7 
6 33 2 
1 4 6 10 13 3 2 1 1 
1 3 4 7 24 1 1 
1 38 2 
12 28 1 
5 35 1 
41 
28 13 
1 14 10 7 2 6 1 
2 28 10 1 
25 11 3 1 1 
15 22 1 2 1 
1 18 20 1 1 
2 7 32 
2 4 28 4 1 2 
2 2 9 24 4 
2 30 6 2 1 
2 6 1 2 13 11 3 2 1 
41 
1 16 2 6 6 10 
1 15 17 5 3 
1 30 10 
4 17 20 
2 16 2 11 1 2 1 5 1 
35 5 1 
1 27 2 11 
1 36 4 
13 5 23 
6 5 26 3 1 
2 7 11 9 3 8 1 
1 7 23 10 
6 5 7 12 4 3 2 2 
33 2 4 2 
30 3 1 4 2 1 
3 18 7 2 11 
2 39 
41 
7 21 13 
11 14 10 5 1 
3 17 21 
2 15 6 13 5 
1 26 1 13 
1 10 3 6 21 
1 31 2 1 5 1 
2 34 4 1 
1 28 10 1 1 
1 20 7 12 1 
1 28 12 
14 26 1 
2 24 5 4 2 2 2 
6 10 3 9 8 2 2 1 
15 17 8 1 
1 35 1 4 
15 10 15 1 
40 1 
38 3 
5 20 6 3 7 
22 12 7 
11 10 13 6 1 
1 4 6 19 2 2 6 1 
5 29 6 1 
14 1 19 4 3 
1 28 1 4 1 6 
1 8 10 20 1 1 
1 10 10 15 4 1 
41 
7 28 5 1 
2 22 6 3 6 1 1 
41 
2 2 26 4 5 1 1 
1 28 6 4 2 
2 12 5 7 1 10 2 1 1 
4 35 2 
1 37 3 
1 19 9 11 1 
1 24 16 
1 12 25 3 
3 21 17 
12 15 10 1 1 1 1 
6 20 13 2 
1 32 2 3 2 1 
5 8 21 7 
6 7 2 6 15 5 
4 37 
4 33 3 1 
26 9 5 1 
3 10 23 3 1 1 
1 40 
2 13 12 14 
1 31 9 
1 35 3 1 1 
4 28 2 5 2 
3 30 5 3 
1 19 12 6 2 1 
37 3 1 
11 27 3 
3 17 14 1 6 
1 6 34 
11 29 1 
1 9 5 15 6 3 1 1 
1 9 31 
41 
5 10 6 3 16 1 
41 
19 10 3 8 1 
2 10 27 2 
2 32 3 4 
1 3 20 15 1 1 
12 2 14 7 3 1 1 1 
1 24 16 
1 32 1 1 1 3 1 1 
3 35 1 2 
5 14 19 2 1 
1 21 1 15 3 
3 2 2 2 28 1 2 1 
1 38 2 
8 30 3 
2 19 13 4 2 1 
9 5 26 1 
2 11 22 5 1 
1 22 14 3 1 
31 3 7 
1 39 1 
3 14 20 4 
1 31 3 5 1 
1 9 25 3 3 
7 9 2 3 9 6 4 1 
8 10 9 7 4 2 1 
2 38 1 
3 8 8 22 
2 3 4 16 13 1 1 1 
1 19 1 1 14 4 1 
17 12 5 3 4 
1 9 26 2 1 1 1 
10 11 13 6 1 
4 22 8 1 1 4 1 
1 40 
2 20 4 7 1 7 
27 7 3 1 1 1 1 
1 20 12 8 
2 24 1 5 8 1 
1 1 38 1 
20 4 15 1 1 
8 13 3 1 1 2 1 10 2 
1 9 22 3 3 3 
2 13 1 12 11 1 1 
2 12 20 2 5 
1 29 2 6 2 1 
3 2 26 10 
2 11 7 9 5 4 1 1 1 
1 36 1 3 
15 18 8 
30 7 4 
3 21 17 
10 3 27 1 
15 25 1 
9 22 7 3 
2 19 4 5 9 2 
7 25 6 1 2 
2 22 12 5 
1 4 25 11 
1 31 9 
2 9 22 3 3 1 1 
9 28 4 
2 24 2 5 3 3 2 
27 10 3 1 
2 31 4 2 2 
30 4 6 1 
9 18 5 7 1 1 
1 21 17 1 1 
33 8 
1 30 3 6 1 
2 10 12 6 8 2 1 
2 4 17 7 5 6 
8 24 7 1 1 
3 31 7 
4 3 4 6 7 6 2 3 3 2 1 
2 12 14 1 2 3 5 2 
27 3 3 7 1 
1 25 5 1 3 1 4 1 
1 8 28 4 
1 12 19 2 5 2 
2 23 13 1 2 
1 16 24 
2 21 8 4 1 1 4 
1 15 8 5 12 
33 5 2 1 
9 19 2 7 3 1 
22 9 10 
41 
33 6 2 
1 21 5 2 10 1 1 
2 29 9 1 
2 25 6 8 
1 31 9 
6 4 3 2 12 6 5 1 1 1 
29 6 1 4 1 
5 25 9 1 1 
9 31 1 
1 25 1 2 6 2 1 3 
1 37 3 
1 37 1 2 
12 15 13 1 
5 27 9 
4 8 22 4 2 1 
1 3 17 9 3 2 5 1 
3 36 2 
1 23 17 
1 22 15 3 
5 14 4 10 8 
6 26 1 1 1 4 1 1 
17 3 16 3 1 1 
7 23 1 6 1 3 
3 33 3 1 1 
1 22 11 4 1 2 
5 27 5 2 1 1 
1 1 6 31 1 1 
3 18 5 12 1 2 
4 20 5 7 5 
4 3 17 13 3 1 
5 26 10 
2 24 10 5 
2 18 13 7 1 
2 1 22 2 9 1 3 1 
20 1 18 1 1 
1 10 20 8 2 
1 35 3 1 1 
12 5 24 
3 5 17 15 1 
15 11 13 2 
3 36 2 
41 
6 4 15 3 13 
1 2 16 22 
20 13 2 5 1 
9 17 15 
1 39 1 
2 32 7 
3 28 5 2 1 2 
1 11 24 2 2 1 
32 7 1 1 
1 23 9 7 1 
1 13 12 15 
29 12 
1 16 2 18 2 2 
14 11 13 2 1 
5 3 32 1 
2 19 13 6 1 
6 31 1 3 
2 6 13 5 6 2 1 6 
1 34 4 1 1 
2 13 22 4 
6 11 23 1 
5 2 16 17 1 
1 16 5 1 10 1 6 1 
2 9 5 10 2 12 1 
2 25 14 
1 32 8 
1 5 9 20 1 1 2 1 1 
1 15 25 
2 4 3 3 21 2 6 
41 
2 3 15 13 1 6 1 
8 21 11 1 
1 5 16 1 14 3 1 
1 22 13 1 3 1 
39 1 1 
29 5 6 1 
1 12 26 1 1 
4 27 10 
5 12 19 3 1 1 
1 13 7 8 8 1 2 1 
1 28 12 
1 36 4 
8 21 9 1 1 1 
2 8 23 7 1 
14 24 1 2 
1 10 10 5 6 6 1 1 1 
17 17 2 4 1 
1 25 8 1 1 3 1 1 
1 16 1 22 1 
1 30 1 7 2 
2 33 2 1 2 1 
14 22 3 1 1 
1 11 18 8 2 1 
1 34 6 
13 5 8 7 8 
26 3 10 2 
2 38 1 
1 17 16 4 3 
1 38 2 
1 8 31 1 
1 2 7 12 1 2 11 1 4 
4 8 26 2 1 
4 21 12 1 1 1 1 
1 19 21 
11 30 
1 29 10 1 
13 13 15 
7 1 8 24 1 
41 
1 34 3 1 1 1 
1 8 10 16 4 1 1 
2 28 10 1 
1 29 7 4 
13 25 3 
1 22 16 1 1 
2 19 14 5 1 
4 23 2 10 2 
8 32 1 
4 36 1 
3 29 4 2 3 
1 1 3 36 
15 22 2 1 1 
1 30 9 1 
1 10 29 1 
1 21 6 5 8 
4 29 8 
23 16 2 
4 7 9 1 6 2 1 10 1 
2 16 5 13 4 1 
2 15 10 2 4 8 
38 3 
6 15 1 9 1 5 2 2 
2 3 17 2 6 5 2 4 
5 20 5 5 3 1 1 1 
23 17 1 
8 14 6 9 4 
1 13 4 20 1 2 
3 10 16 2 1 8 1 
2 34 1 3 1 
6 28 7 
32 3 2 1 2 1 
1 38 2 
8 1 11 15 6 
41 
1 7 13 2 2 3 1 6 2 1 1 1 1 
2 26 13 
2 19 9 9 2 
10 27 1 3 
3 25 2 8 1 1 1 
5 6 16 5 2 3 4 
1 32 8 
1 37 2 1 
3 8 23 6 1 
6 4 23 7 1 
18 14 9 
1 8 29 3 
17 15 8 1 
26 12 1 1 1 
2 19 13 7 
1 25 5 4 6 
10 19 8 2 2 
40 1 
3 1 11 23 2 1 
7 14 15 5 
4 19 10 8 
1 37 3 
2 1 7 11 15 3 2 
4 18 18 1 
1 40 
7 4 20 9 1 
15 10 11 3 2 
15 4 5 14 1 1 1 
1 5 8 12 3 9 3 
2 13 26 
3 4 14 17 1 1 1 
41 
1 26 11 2 1 
3 34 3 1 
2 14 18 6 1 
1 8 26 3 1 2 
1 29 11 
1 13 27 
1 27 13 
2 27 1 7 4 
1 15 2 3 11 1 3 3 1 1 
11 18 6 6 
7 31 3 
27 1 2 4 3 1 3 
40 1 
2 20 15 4 
2 38 1 
13 3 17 2 2 3 1 
3 30 2 5 1 
3 19 14 1 4 
11 26 4 
1 18 1 6 6 2 1 4 2 
1 9 4 19 1 6 1 
3 4 34 
5 1 4 31 
1 28 4 4 1 2 1 
1 11 10 18 1 
4 9 10 1 2 6 1 8 
3 14 16 7 1 
32 5 1 2 1 
1 10 18 7 3 2 
41 
4 26 2 2 1 1 2 3 
13 6 13 8 1 
3 33 3 1 1 
20 18 1 1 1 
4 23 14 
5 4 17 10 5 
2 28 8 3 
9 7 21 3 1 
2 32 7 
1 2 7 25 6 
1 19 4 2 11 3 1 
5 4 9 14 4 5 
1 9 25 1 3 1 1 
28 10 3 
3 20 18 
19 7 12 1 1 1 
1 2 30 2 3 2 1 
2 14 4 7 3 4 1 5 1 
3 28 6 2 2 
1 24 16 
11 5 2 11 4 4 4 
2 10 5 10 5 1 1 4 3 
1 37 1 2 
4 36 1 
1 21 9 7 1 2 
5 21 9 5 1 
12 25 1 2 1 
2 18 15 5 1 
13 12 1 2 8 5 
1 2 21 17 
4 5 14 11 2 1 1 2 1 
1 14 2 13 6 2 3 
2 10 7 19 2 1 
2 14 18 5 2 
6 8 16 11 
2 35 4 
10 30 1 
1 13 4 23 
10 25 6 
1 39 1 
2 2 21 10 4 1 1 
41 
5 9 18 5 1 2 1 
1 38 2 
34 6 1 
1 39 1 
4 33 1 3 
5 23 1 3 3 3 2 1 
1 23 2 2 10 2 1 
7 25 1 3 1 4 
10 9 14 2 4 1 1 
1 21 4 7 3 5 
2 30 2 2 4 1 
1 38 1 1 
4 13 4 1 1 1 3 5 1 4 1 2 1 
4 35 2 
39 1 1 
3 7 10 4 1 8 6 1 1 
10 10 21 
22 9 4 1 1 2 2 
28 7 2 3 1 
31 6 4 
41 
1 24 16 
2 15 15 2 4 1 2 
1 2 17 12 9 
28 7 2 1 3 
2 18 14 2 3 2 
1 36 4 
1 2 20 3 11 3 1 
1 5 22 7 1 4 1 
4 35 1 1 
2 39 
1 32 8 
1 36 4 
41 
6 24 2 1 8 
40 1 
1 24 14 1 1 
35 6 
5 9 2 5 9 8 1 2 
1 34 4 2 
1 32 6 1 1 
7 33 1 
41 
1 4 36 
1 39 1 
1 27 13 
6 10 25 
3 25 13 
1 9 2 18 9 1 1 
34 6 1 
1 6 17 6 1 6 2 2 
6 13 4 8 8 1 1 
6 21 13 1 
2 14 25 
3 13 10 10 4 1 
2 38 1 
6 7 17 7 4 
13 5 3 7 7 2 2 1 1 
2 29 4 2 3 1 
1 23 3 8 6 
1 16 18 6 
25 1 9 1 1 1 2 1 
30 9 1 1 
1 15 13 6 4 2 
2 32 2 3 2 
35 1 4 1 
2 29 9 1 
16 19 3 3 
2 15 21 2 1 
18 23 
7 6 12 1 14 1 
3 27 2 1 1 3 2 2 
1 20 3 1 14 2 
3 24 2 8 4 
1 19 21 
1 15 3 21 1 
1 30 3 2 3 1 1 
7 21 4 1 5 1 1 1 
3 38 
1 34 6 
26 15 
5 21 6 9 
14 8 19 
2 29 7 1 2 
1 18 13 6 1 1 1 
18 14 6 2 1 
8 7 2 15 2 1 2 2 1 1 
1 32 3 1 3 1 
31 5 5 
25 13 1 1 1 
1 9 20 4 4 3 
6 12 23 
1 21 19 
1 14 16 2 1 7 
1 32 8 
1 10 14 12 4 
9 8 21 2 1 
7 4 12 10 4 3 1 
15 2 12 1 5 4 2 
2 9 10 8 9 2 1 
3 3 32 2 1 
1 9 11 14 2 4 
29 7 3 2 
3 30 8 
3 35 3 
2 11 17 8 2 1 
17 23 1 
1 38 1 1 
14 19 3 2 2 1 
6 12 3 1 12 2 4 1 
15 21 1 1 3 
22 11 4 2 1 1 
11 17 10 1 2 
2 34 2 2 1 
1 8 15 12 4 1 
1 32 6 2 
3 8 30 
1 34 3 3 
1 10 4 21 3 2 
1 21 6 8 2 2 1 
2 32 6 1 
16 15 4 1 2 2 1 
30 5 6 
10 14 13 4 
3 26 12 
31 8 1 1 
1 22 3 7 4 4 
8 22 7 4 
1 15 13 1 7 2 2 
3 4 31 3 
1 29 11 
11 1 12 3 5 4 1 2 1 1 
16 4 17 4 
5 30 6 
1 31 8 1 
2 17 2 14 1 5 
1 13 9 7 2 1 7 1 
5 1 10 13 11 1 
4 8 14 4 4 7 
1 34 5 1 
9 21 7 4 
12 11 15 1 2 
2 13 4 5 6 4 4 1 2 
1 39 1 
1 13 8 13 1 5 
9 19 13 
10 14 2 7 7 1 
11 13 9 6 1 1 
5 24 12 
22 13 1 1 1 1 1 1 
1 2 34 3 1 
22 6 7 5 1 
19 8 4 6 2 1 1 
24 13 4 
1 12 27 1 
39 2 
3 25 6 5 2 
1 35 3 1 1 
2 27 9 1 2 
1 32 2 5 1 
1 40 
17 22 1 1 
1 6 30 1 1 1 1 
1 30 3 4 3 
2 28 9 2 
3 15 16 1 1 1 1 1 1 1 
4 24 13 
30 7 3 1 
1 2 20 6 1 5 3 2 1 
12 7 14 5 2 1 
5 20 8 1 6 1 
2 39 
2 33 3 2 1 
3 5 21 11 1 
24 14 3 
4 32 5 
1 8 7 4 8 8 2 2 1 
1 26 4 1 6 1 2 
37 1 3 
1 5 5 17 2 1 3 7 
1 8 12 2 1 8 2 7 
1 21 3 4 2 5 2 2 1 
1 4 27 4 3 2 
12 18 9 2 
2 39 
2 31 1 1 4 2 
37 2 2 
3 4 8 12 1 4 3 4 1 1 
13 22 6 
41 
23 17 1 
4 9 26 2 
1 16 7 5 9 3 
1 18 1 21 
2 16 11 12 
18 1 22 
1 1 20 5 10 2 2 
2 4 1 33 1 
35 5 1 
1 7 18 14 1 
1 22 15 3 
14 15 1 11 
1 19 18 2 1 
5 9 27 
1 2 10 3 19 3 2 1 
1 20 20 
1 31 5 4 
36 2 3 
2 12 6 2 13 1 4 1 
11 28 2 
41 
3 38 
12 5 23 1 
8 25 2 3 2 1 
3 31 4 3 
1 31 9 
13 21 5 1 1 
14 7 6 8 6 
1 5 24 8 2 1 
2 36 1 2 
1 24 14 1 1 
2 33 6 
1 18 15 6 1 
2 26 3 10 
1 33 7 
2 37 1 1 
1 6 9 19 4 1 1 
1 13 2 14 11 
41 
10 10 13 6 1 1 
38 2 1 
1 17 17 4 1 1 
1 19 21 
33 2 4 1 1 
1 27 8 3 2 
5 21 11 1 1 1 1 
1 28 10 1 1 
1 4 20 13 3 
3 6 4 3 10 13 2 
4 1 1 24 10 1 
1 16 14 7 1 1 1 
1 21 16 2 1 
38 2 1 
7 13 7 3 4 4 1 2 
1 28 11 1 
1 12 28 
2 35 4 
17 10 14 
11 6 7 13 3 1 
1 39 1 
5 19 3 3 10 1 
1 5 33 2 
1 1 31 7 1 
23 9 4 2 2 1 
4 28 1 7 1 
1 32 8 
41 
5 5 9 21 1 
3 36 2 
3 37 1 
7 8 1 12 3 6 2 1 1 
2 11 2 11 15 
2 5 1 3 7 7 11 5 
1 5 5 28 1 1 
2 22 11 6 
2 14 25 
1 10 5 8 4 1 8 3 1 
2 2 36 1 
3 17 5 5 11 
1 15 7 8 10 
1 29 2 8 1 
33 2 6 
6 25 7 2 1 
36 4 1 
11 22 5 2 1 
1 4 5 14 10 7 
3 1 13 16 1 5 1 1 
1 17 4 8 8 2 1 
21 18 2 
6 3 12 8 8 2 2 
2 10 26 1 2 
1 40 
1 6 17 13 3 1 
5 20 8 4 3 1 
9 10 11 5 2 3 1 
6 1 12 11 4 3 3 1 
6 34 1 
3 5 27 1 4 1 
2 34 2 1 2 
1 5 7 3 19 3 3 
4 13 19 5 
1 21 15 1 3 
1 16 5 18 1 
1 19 17 3 1 
23 15 1 1 1 
6 30 5 
1 22 9 7 2 
2 7 15 2 14 1 
5 33 3 
9 32 
1 2 20 4 13 1 
4 20 17 
7 28 3 1 1 1 
1 15 23 2 
1 21 2 13 3 1 
1 31 3 1 5 
1 20 6 14 
1 6 28 2 2 2 
41 
6 13 21 1 
2 29 9 1 
7 29 3 2 
1 29 3 6 1 1 
3 29 1 5 3 
5 20 1 5 10 
1 8 31 1 
12 26 3 
10 7 9 8 4 2 1 
1 38 2 
18 16 4 1 1 1 
39 2 
40 1 
11 29 1 
1 33 7 
1 29 3 6 2 
36 1 4 
1 14 17 1 6 1 1 
31 3 7 
9 30 1 1 
26 2 8 5 
8 18 8 2 3 2 
1 35 5 
4 11 16 9 1 
7 13 21 
1 33 5 1 1 
1 4 22 9 5 
1 2 10 4 15 5 1 3 
1 5 5 7 10 1 1 1 1 3 5 1 
22 7 3 3 4 2 
16 23 1 1 
41 
1 36 4 
6 18 9 4 1 2 1 
16 9 13 2 1 
2 35 4 
1 28 12 
1 26 14 
14 5 18 3 1 
2 6 12 5 10 4 2 
2 18 19 2 
1 38 1 1 
1 1 29 1 7 2 
1 20 3 14 2 1 
7 5 17 10 2 
1 38 2 
14 14 2 6 3 2 
1 31 6 3 
4 26 5 5 1 
2 17 1 7 2 5 3 4 
1 27 12 1 
15 6 1 15 4 
6 24 3 8 
2 6 33 
1 35 2 2 1 
1 5 12 8 7 6 2 
2 29 10 
1 20 14 3 2 1 
1 5 34 1 
2 28 3 3 4 1 
1 18 19 2 1 
11 20 3 2 4 1 
2 8 18 3 1 6 1 2 
2 33 4 2 
6 19 16 
5 17 10 8 1 
1 40 
35 5 1 
1 35 3 1 1 
1 18 17 4 1 
2 33 5 1 
1 28 7 4 1 
22 10 4 3 2 
8 27 6 
33 6 2 
33 6 1 1 
24 11 6 
3 14 10 4 6 3 1 
3 16 16 4 1 1 
41 
1 27 5 6 1 1 
1 26 9 5 
1 5 33 2 
1 19 19 1 1 
1 37 3 
5 32 3 1 
1 7 29 3 1 
1 31 9 
9 18 6 3 2 1 2 
12 5 9 7 3 3 2 
34 5 2 
1 9 15 16 
5 2 27 2 4 1 
40 1 
1 13 23 3 1 
20 16 2 1 1 1 
3 33 5 
8 23 1 7 1 1 
1 22 18 
1 1 7 32 
2 2 36 1 
2 21 4 3 8 3 
1 31 9 
1 9 19 4 7 1 
36 5 
5 33 2 1 
4 35 2 
41 
2 19 14 2 1 1 2 
29 11 1 
1 20 5 7 7 1 
1 38 1 1 
2 36 1 1 1 
2 37 2 
1 18 9 3 3 2 1 2 2 
1 6 15 1 13 3 2 
12 11 17 1 
19 9 6 1 2 4 
1 6 2 21 10 1 
1 39 1 
2 22 4 7 2 4 
41 
1 20 9 2 9 
7 21 3 4 4 2 
15 1 11 7 3 2 2 
2 14 11 9 1 2 1 1 
6 6 29 
2 19 11 5 4 
41 
1 1 11 16 5 6 1 
2 31 1 3 1 1 2 
1 21 19 
1 30 7 2 1 
2 6 31 2 
23 5 13 
38 1 2 
6 9 26 
4 14 4 1 16 2 
1 38 2 
2 9 30 
2 5 19 9 4 2 
2 26 7 3 2 1 
1 33 7 
27 12 2 
10 7 24 
3 26 11 1 
7 28 5 1 
2 18 5 6 7 3 
2 8 6 21 1 2 1 
1 14 9 7 1 2 4 1 1 1 
13 14 12 1 1 
3 12 12 7 3 2 2 
40 1 
17 21 3 
3 37 1 
1 20 16 4 
8 28 3 1 1 
4 32 4 1 
1 30 10 
1 27 13 
1 33 3 4 
20 21 
1 40 
3 35 3 
1 37 3 
41 
1 14 8 16 1 1 
3 27 8 2 1 
1 17 1 11 9 2 
24 12 2 2 1 
1 6 31 3 
1 22 10 6 2 
1 40 
39 2 
4 29 8 
1 21 1 18 
1 31 5 2 1 1 
12 13 6 9 1 
1 2 2 8 9 6 10 3 
7 24 1 7 1 1 
10 23 6 2 
1 1 28 2 2 2 4 1 
1 15 22 3 
3 30 7 1 
17 24 
2 21 8 4 6 
2 35 1 2 1 
16 24 1 
1 2 5 21 6 3 2 1 
1 23 6 9 2 
3 2 24 6 6 
29 8 4 
3 20 18 
1 9 11 12 8 
39 1 1 
1 37 2 1 
9 11 13 2 1 2 3 
26 9 3 1 2 
1 3 10 25 1 1 
1 37 3 
2 23 7 1 5 2 1 
1 29 10 1 
9 24 8 
1 3 1 22 7 3 1 2 1 
40 1 
1 6 2 13 13 1 2 2 1 
1 7 33 
2 3 12 4 7 7 5 1 
9 3 6 15 4 1 2 1 
24 13 4 
2 20 17 2 
2 31 6 2 
5 27 9 
4 22 2 4 9 
3 18 5 8 5 2 
2 2 8 14 15 
28 8 3 1 1 
5 22 10 1 1 1 1 
1 6 33 1 
11 10 3 9 2 4 1 1 
1 37 3 
6 5 6 12 7 2 1 1 1 
6 9 20 5 1 
1 17 11 5 6 1 
3 9 11 5 8 3 1 1 
26 10 4 1 
1 38 2 
1 17 19 3 1 
34 1 1 2 2 1 
3 7 26 3 1 1 
1 14 17 2 7 
3 22 16 
1 20 20 
2 29 8 1 1 
4 26 9 1 1 
1 29 11 
1 29 2 8 1 
13 15 1 1 2 4 4 1 
2 22 11 6 
4 22 13 1 1 
22 10 3 1 3 1 1 
2 38 1 
1 26 4 5 5 
1 7 5 27 1 
1 15 14 2 9 
3 17 21 
1 27 3 10 
2 10 28 1 
2 19 7 13 
2 17 21 1 
2 34 1 3 1 
2 39 
3 12 8 5 13 
5 31 2 2 1 
1 33 7 
1 40 
2 26 7 2 2 1 1 
2 28 7 4 
8 19 12 1 1 
8 17 2 10 3 1 
3 2 22 12 1 1 
1 28 1 6 3 2 
12 17 5 1 3 2 1 
1 16 9 7 8 
1 21 17 2 
1 2 23 4 5 5 1 
2 25 14 
23 7 5 2 1 1 2 
13 17 10 1 
1 21 3 9 1 3 3 
3 28 5 4 1 
1 18 9 9 4 
39 2 
3 14 6 4 7 1 4 2 
1 16 24 
2 17 19 1 1 1 
1 18 17 1 3 1 
4 12 25 
3 17 7 2 5 5 2 
7 30 1 3 
3 10 15 5 3 4 1 
1 32 3 2 2 1 
1 16 24 
38 3 
20 21 
8 11 19 1 1 1 
9 18 5 5 3 1 
7 19 4 7 1 3 
1 28 4 7 1 
1 8 10 9 10 2 1 
1 4 29 7 
1 18 17 2 2 1 
2 28 11 
15 24 2 
3 22 15 1 
4 9 7 20 1 
1 18 6 10 3 2 1 
4 3 18 15 1 
1 32 4 2 1 1 
8 14 2 14 3 
15 22 2 1 1 
37 3 1 
1 40 
4 15 16 5 1 
2 32 6 1 
15 25 1 
17 11 13 
2 25 11 3 
1 10 17 1 12 
3 24 1 2 6 3 2 
1 36 2 1 1 
4 20 2 9 2 4 
1 6 23 10 1 
8 22 4 7 
4 37 
22 12 2 1 3 1 
3 4 3 6 12 9 1 1 2 
2 36 3 
3 9 29 
1 5 35 
2 38 1 
1 5 26 3 1 5 
2 27 11 1 
3 4 27 3 2 1 1 
25 3 7 3 2 1 
2 30 5 4 
22 11 7 1 
2 18 2 1 2 16 
9 9 21 1 1 
1 16 8 5 4 3 1 3 
1 26 9 1 2 2 
6 23 8 1 3 
1 26 14 
2 37 1 1 
1 2 34 3 1 
10 25 1 1 2 2 
4 14 9 13 1 
38 2 1 
1 22 3 6 1 1 4 2 1 
41 
1 22 15 2 1 
2 12 4 11 12 
3 28 10 
1 17 15 5 3 
1 21 12 3 4 
3 4 28 1 2 1 2 
22 15 1 3 
20 19 1 1 
1 12 23 3 2 
15 10 12 3 1 
2 6 9 13 11 
2 13 1 8 11 5 1 
2 32 1 5 1 
1 30 7 3 
7 16 15 3 
1 21 1 18 
1 23 17 
1 13 21 2 4 
3 34 1 2 1 
1 5 22 4 3 5 1 
2 1 29 9 
36 2 3 
3 2 29 2 1 1 3 
1 32 3 4 1 
10 30 1 
6 10 16 6 3 
8 3 7 17 5 1 
1 10 20 4 1 4 1 
1 27 13 
3 18 17 2 1 
2 5 9 23 2 
27 5 7 2 
1 35 4 1 
41 
9 28 4 
1 19 19 2 
1 25 14 1 
1 39 1 
2 33 5 1 
1 22 16 2 
5 11 23 1 1 
39 2 
1 19 13 5 3 
5 16 12 8 
1 27 7 5 1 
1 11 8 1 8 2 4 1 5 
7 3 19 9 1 2 
1 36 3 1 
4 29 8 
1 37 2 1 
1 15 5 20 
6 33 2 
2 2 3 3 13 17 1 
2 37 2 
10 28 3 
3 28 9 1 
2 32 5 2 
1 4 32 2 1 1 
40 1 
16 6 12 5 2 
2 36 1 2 
1 18 1 11 2 2 1 4 1 
2 11 12 11 3 1 1 
4 37 
1 27 10 3 
16 7 13 2 3 
8 18 8 7 
3 18 20 
2 30 4 4 1 
3 23 15 
2 20 17 2 
5 11 15 5 1 3 1 
10 31 
8 32 1 
3 36 2 
7 26 3 1 4 
1 38 1 1 
25 10 1 4 1 
5 22 10 1 1 1 1 
1 27 11 2 
13 21 5 2 
5 9 6 17 2 2 
2 11 15 10 3 
27 1 13 
6 35 
1 1 39 
17 16 8 
1 28 9 1 2 
1 27 7 1 2 1 2 
1 6 7 11 16 
3 37 1 
2 25 1 12 1 
1 21 2 5 10 1 1 
24 9 2 4 1 1 
8 9 24 
10 12 17 1 1 
2 10 20 2 1 6 
3 18 20 
6 19 10 6 
14 24 3 
1 19 16 1 2 1 1 
2 36 1 1 1 
7 30 2 1 1 
1 28 11 1 
41 
5 14 11 1 6 2 2 
1 28 4 4 1 3 
1 15 13 1 5 6 
2 37 1 1 
1 28 12 
13 27 1 
30 7 1 3 
1 16 7 13 2 1 1 
4 2 14 9 2 2 1 2 2 2 1 
1 35 5 
18 17 4 2 
30 3 4 4 
3 6 12 3 6 10 1 
38 3 
7 18 16 
16 9 16 
6 23 11 1 
10 30 1 
5 14 11 9 2 
10 21 5 1 1 2 1 
3 25 13 
1 9 10 14 2 4 1 
7 13 19 1 1 
2 16 16 6 1 
1 13 5 5 2 8 5 2 
13 28 
2 38 1 
41 
40 1 
1 26 1 10 1 2 
1 36 4 
1 27 10 1 1 1 
34 7 
4 28 6 2 1 
4 6 24 5 2 
1 6 16 15 3 
12 4 3 3 11 7 1 
2 26 10 1 1 1 
1 37 1 1 1 
3 11 13 14 
5 10 7 12 1 2 4 
41 
4 12 22 2 1 
8 2 18 10 3 
20 18 3 
6 27 5 1 1 1 
10 15 3 7 6 
6 12 4 12 1 4 1 1 
1 15 8 2 3 12 
1 12 11 4 11 1 1 
38 1 2 
12 9 11 1 5 1 1 1 
1 33 4 2 1 
1 23 15 2 
3 8 26 1 1 1 1 
41 
9 13 4 7 2 3 1 2 
3 28 7 1 1 1 
1 29 4 6 1 
1 20 20 
32 9 
1 20 7 13 
2 4 32 1 1 1 
10 22 3 4 2 
25 7 3 3 1 1 1 
2 31 1 3 1 2 1 
4 20 2 7 2 5 1 
25 8 4 1 1 1 1 
1 10 20 2 4 1 3 
1 30 9 1 
1 2 10 22 5 1 
1 18 4 1 17 
18 14 9 
1 11 20 5 4 
1 17 8 9 6 
2 20 9 6 2 1 1 
12 21 8 
5 18 18 
3 37 1 
8 2 31 
1 9 23 3 1 1 3 
1 33 7 
1 32 8 
1 19 18 1 1 1 
24 4 13 
1 21 3 13 3 
15 3 2 12 4 1 4 
1 21 10 8 1 
2 26 10 3 
1 17 11 4 4 4 
1 4 17 6 4 6 2 1 
1 4 15 8 6 2 5 
1 19 17 3 1 
1 32 6 1 1 
41 
1 15 3 8 2 2 1 6 3 
7 21 3 9 1 
2 16 18 4 1 
1 24 11 3 2 
34 3 4 
30 10 1 
1 34 5 1 
9 14 9 4 5 
9 17 14 1 
41 
2 32 6 1 
1 20 1 13 2 1 2 1 
41 
7 8 11 6 7 2 
2 11 8 1 15 3 1 
18 6 2 5 6 2 1 1 
2 37 1 1 
14 16 4 2 5 
4 6 4 14 6 7 
1 13 15 10 2 
2 20 10 9 
1 14 17 2 4 3 
1 38 2 
7 33 1 
2 30 8 1 
2 3 25 4 1 5 1 
1 30 10 
3 11 6 16 5 
5 14 4 5 12 1 
1 18 5 1 16 
1 8 30 2 
22 14 3 1 1 
2 15 17 2 2 3 
6 33 2 
1 37 1 1 1 
1 33 6 1 
1 26 11 1 1 1 
1 33 5 1 1 
1 36 3 1 
1 24 4 10 1 1 
2 31 4 3 1 
9 13 16 3 
2 4 18 10 2 1 2 1 1 
6 23 9 1 2 
1 37 2 1 
1 33 2 4 1 
1 37 2 1 
1 24 6 2 7 1 
1 24 15 1 
1 25 14 1 
2 19 5 4 6 4 1 
7 13 5 14 1 1 
2 9 13 6 9 2 
1 23 14 1 2 
33 4 4 
2 17 5 10 6 1 
1 37 3 
1 28 10 1 1 
32 2 3 2 1 1 
7 27 7 
6 33 1 1 
1 31 1 7 1 
1 21 16 3 
4 8 8 5 16 
1 27 5 4 3 1 
7 29 5 
5 4 19 1 4 2 3 1 2 
4 17 19 1 
1 40 
1 12 24 2 1 1 
1 4 30 5 1 
3 26 11 1 
39 2 
3 35 3 
41 
3 20 12 4 2 
1 28 5 7 
1 38 1 1 
7 19 3 7 5 
3 19 3 5 1 3 5 1 1 
16 5 13 4 3 
21 1 4 5 7 2 1 
1 32 8 
14 10 4 7 3 3 
1 6 21 9 4 
1 13 20 3 3 1 
1 8 7 6 9 4 3 2 1 
6 19 8 5 2 1 
29 11 1 
1 12 8 19 1 
1 38 2 
1 29 4 6 1 
3 14 2 22 
13 24 4 
2 3 5 19 3 5 2 2 
1 36 4 
1 19 21 
27 10 3 1 
1 10 30 
1 38 1 1 
38 3 
1 12 9 16 1 2 
22 6 11 2 
1 34 2 3 1 
1 5 5 13 6 9 2 
1 12 13 14 1 
4 16 21 
1 5 12 22 1 
7 8 26 
2 37 2 
2 19 20 
4 21 16 
38 1 2 
1 36 3 1 
2 27 11 1 
5 17 14 3 2 
3 19 5 9 5 
5 13 22 1 
13 3 7 1 11 4 1 1 
4 8 23 2 1 1 2 
1 10 29 1 
4 4 28 3 2 
4 13 11 1 7 4 1 
8 19 4 2 8 
8 1 20 9 3 
4 6 9 20 1 1 
16 11 10 1 3 
41 
33 1 1 3 1 2 
1 26 11 2 1 
1 34 5 1 
18 3 1 11 3 3 1 1 
1 24 5 7 4 
7 24 6 1 1 2 
1 25 3 5 1 6 
1 24 10 1 3 2 
2 36 3 
1 12 11 17 
3 5 32 1 
4 18 11 6 2 
1 35 5 
1 39 1 
3 14 13 5 3 1 2 
13 28 
24 16 1 
1 16 23 1 
6 14 5 8 8 
10 5 14 11 1 
1 37 3 
9 26 6 
1 12 9 7 7 2 2 1 
4 22 6 1 8 
1 9 30 1 
2 6 3 24 2 2 1 1 
4 15 22 
13 13 14 1 
1 1 31 6 1 1 
1 34 6 
21 1 11 8 
11 20 6 2 2 
1 13 18 8 1 
22 11 8 
6 5 19 6 1 2 2 
2 29 8 2 
1 35 2 2 1 
1 17 11 3 7 1 1 
4 25 6 6 
16 10 9 1 3 1 1 
1 34 6 
1 30 4 1 2 3 
2 28 4 1 2 1 2 1 
3 23 5 4 3 1 1 1 
2 8 24 5 2 
10 7 24 
2 35 2 2 
7 20 5 4 3 2 
2 14 25 
4 9 27 1 
1 22 15 2 1 
1 38 2 
1 1 39 
8 12 13 5 1 2 
9 12 18 2 
37 3 1 
2 20 19 
3 32 4 1 1 
34 6 1 
10 15 14 2 
24 15 2 
5 27 9 
40 1 
8 31 2 
25 13 1 2 
10 27 2 1 1 
2 4 3 27 5 
6 27 8 
5 33 2 1 
19 17 1 2 1 1 
1 31 7 1 1 
1 5 9 9 5 10 2 
1 10 10 1 9 7 2 1 
1 13 20 5 2 
5 24 3 9 
2 30 7 1 1 
1 4 20 5 9 2 
6 19 9 6 1 
9 23 4 4 1 
3 1 13 1 10 8 5 
1 23 5 4 6 1 1 
18 5 7 2 5 3 1 
6 33 1 1 
1 27 9 2 1 1 
2 3 3 10 3 2 1 13 3 1 
1 32 1 3 1 1 1 1 
1 25 12 2 1 
3 4 18 12 1 3 
1 28 2 1 2 5 1 1 
1 17 23 
34 1 3 1 2 
2 30 8 1 
1 30 2 4 3 1 
2 37 2 
1 13 15 3 1 1 3 2 2 
1 21 2 4 13 
1 7 16 8 9 
2 4 5 1 23 2 2 1 1 
36 2 1 1 1 
2 32 6 1 
1 3 32 2 2 1 
4 16 4 16 1 
4 3 24 1 1 6 1 1 
24 9 6 1 1 
1 16 6 1 10 4 1 2 
2 37 2 
2 27 3 2 3 3 1 
8 24 9 
1 5 7 6 16 4 2 
2 36 1 2 
2 6 3 23 3 3 1 
1 7 13 6 2 2 1 4 2 2 1 
7 14 13 3 4 
1 35 3 2 
6 14 11 4 3 3 
1 17 23 
1 3 10 12 3 11 1 
12 7 2 4 9 2 2 1 2 
4 12 16 2 2 4 1 
22 8 9 2 
6 17 17 1 
3 5 31 2 
5 23 3 7 3 
1 25 15 
5 22 10 2 2 
38 3 
1 33 2 3 1 1 
30 2 6 2 1 
2 25 8 5 1 
6 35 
1 5 27 5 1 2 
35 3 2 1 
2 5 34 
9 21 3 8 
2 37 1 1 
27 13 1 
3 4 3 3 7 9 10 2 
3 2 3 6 12 6 8 1 
10 3 13 6 4 3 1 1 
1 8 12 9 6 1 4 
1 6 4 21 1 4 2 1 1 
38 3 
1 7 9 12 12 
1 20 15 2 2 1 
11 30 
5 17 12 2 2 3 
1 32 2 6 
3 10 1 23 1 3 
6 15 4 5 5 5 1 
36 1 2 1 1 
1 21 19 
2 38 1 
1 18 14 2 3 1 1 1 
2 15 10 12 2 
1 2 2 5 3 12 1 7 2 3 1 1 1 
2 19 20 
1 30 9 1 
15 7 8 1 6 4 
20 15 2 3 1 
18 8 5 4 1 1 4 
20 5 12 1 2 1 
1 1 20 3 6 6 2 1 1 
1 25 11 1 3 
4 8 18 7 2 2 
41 
9 27 4 1 
1 14 26 
2 25 1 13 
1 1 39 
1 27 13 
41 
7 27 4 1 1 1 
23 12 1 2 1 1 1 
4 18 3 11 1 4 
3 26 9 3 
22 19 
1 28 12 
5 13 23 
6 25 6 1 3 
5 1 16 19 
3 21 15 2 
1 4 21 1 9 2 2 1 
1 12 23 2 2 1 
3 30 8 
3 36 1 1 
15 24 1 1 
12 17 1 10 1 
32 7 2 
1 15 18 6 1 
3 8 5 15 9 1 
1 20 8 12 
1 1 4 24 11 
1 6 23 4 7 
33 8 
3 10 10 6 10 2 
1 34 3 3 
1 16 15 9 
1 15 13 11 1 
1 30 10 
1 13 20 3 1 1 2 
2 37 2 
1 29 11 
6 18 16 1 
1 37 2 1 
6 34 1 
1 10 24 6 
11 24 1 1 4 
2 8 15 16 
2 16 6 14 3 
6 4 3 18 10 
5 36 
1 37 3 
1 7 33 
2 23 2 6 1 5 2 
20 19 1 1 
4 19 1 3 5 1 1 1 1 5 
17 18 6 
1 8 4 1 2 12 12 1 
2 11 20 3 5 
4 17 19 1 
21 17 2 1 
2 39 
41 
4 32 4 1 
1 27 8 1 3 1 
1 9 1 6 11 7 1 1 1 1 1 1 
4 27 3 6 1 
2 17 6 15 1 
1 6 11 4 2 1 11 1 2 1 1 
1 21 18 1 
3 15 20 2 1 
1 7 19 9 2 2 1 
1 32 7 1 
1 20 19 1 
10 25 3 2 1 
7 27 5 2 
9 22 1 9 
1 24 1 10 1 4 
1 34 6 
22 13 4 1 1 
41 
1 11 13 6 6 3 1 
1 8 18 9 1 3 1 
1 18 20 2 
3 2 36 
3 30 7 1 
2 3 36 
37 2 1 1 
1 9 14 17 
1 19 9 3 1 2 6 
2 15 24 
28 7 5 1 
41 
6 17 13 4 1 
10 20 7 4 
1 15 14 5 1 3 1 1 
1 20 20 
1 25 2 11 1 1 
2 39 
2 5 22 3 8 1 
2 20 1 7 3 7 1 
3 15 17 4 1 1 
1 26 14 
5 28 2 6 
14 24 3 
1 1 35 4 
1 11 26 1 1 1 
3 28 10 
2 24 4 6 1 2 1 1 
2 38 1 
2 32 1 3 1 1 1 
3 33 4 1 
1 36 1 1 2 
1 8 21 4 2 4 1 
13 8 10 9 1 
5 22 11 3 
2 12 10 5 1 4 1 4 2 
11 24 1 1 3 1 
4 28 9 
1 2 22 2 9 3 2 
1 30 2 4 1 2 1 
1 33 1 6 
1 27 5 4 3 1 
7 14 17 1 1 1 
6 23 12 
37 3 1 
1 26 11 2 1 
1 40 
17 4 14 2 3 1 
1 11 26 1 2 
38 3 
28 3 5 3 2 
2 20 13 6 
34 3 3 1 
1 10 15 8 2 4 1 
1 8 18 7 5 1 1 
2 8 16 3 10 2 
23 3 15 
10 30 1 
38 1 2 
7 32 2 
2 22 7 7 3 
6 10 25 
2 29 10 
3 29 9 
1 29 10 1 
1 14 22 1 2 1 
16 13 2 8 1 1 
1 38 2 
1 16 20 4 
1 11 9 16 3 1 
1 31 5 2 2 
41 
25 12 1 1 1 1 
3 18 3 4 3 9 1 
4 29 4 2 2 
31 6 1 3 
40 1 
3 2 15 3 1 2 5 2 3 1 4 
2 23 16 
5 7 27 2 
10 30 1 
24 16 1 
1 34 1 1 3 1 
4 16 7 14 
21 20 
1 24 5 9 2 
2 11 17 10 1 
1 28 2 10 
3 12 3 18 4 1 
2 26 10 3 
2 20 3 2 5 5 2 1 1 
1 26 11 3 
2 26 9 3 1 
2 20 2 8 1 6 2 
6 13 4 18 
1 31 6 2 1 
5 24 11 1 
1 28 8 2 2 
3 15 3 20 
1 14 5 2 10 4 2 2 1 
1 17 6 6 5 2 3 1 
7 8 20 4 1 1 
2 38 1 
1 17 23 
2 37 1 1 
32 4 5 
1 24 6 5 5 
25 7 2 1 3 2 1 
16 7 4 8 4 2 
2 10 28 1 
15 23 1 1 1 
1 40 
1 8 32 
1 20 17 2 1 
1 34 6 
1 2 6 28 4 
5 16 3 11 4 1 1 
3 3 27 4 3 1 
2 18 21 
1 26 12 2 
1 4 2 16 2 2 1 8 3 1 1 
4 26 6 1 1 2 1 
23 11 2 4 1 
41 
7 16 13 2 1 2 
2 31 3 5 
15 9 2 9 6 
2 8 31 
22 5 7 4 2 1 
1 12 15 5 5 3 
20 19 1 1 
1 32 1 6 1 
1 30 2 4 3 1 
24 2 12 1 2 
1 25 3 7 5 
3 29 1 1 5 2 
1 33 7 
1 32 8 
4 35 2 
18 22 1 
19 1 2 10 2 4 2 1 
3 20 10 7 1 
12 22 3 1 1 1 1 
3 25 7 1 4 1 
1 36 3 1 
3 16 10 12 
2 3 25 3 4 2 1 1 
2 30 6 2 1 
7 11 23 
26 6 3 4 2 
7 15 5 4 5 4 1 
2 19 20 
1 38 2 
1 28 1 3 1 2 3 1 1 
1 23 3 9 2 3 
7 34 
2 5 6 17 2 9 
1 30 8 1 1 
1 40 
8 6 17 10 
12 12 9 3 1 1 1 1 1 
1 38 2 
2 36 3 
1 40 
1 11 4 3 5 17 
9 17 14 1 
1 24 1 1 12 2 
1 2 28 6 2 2 
1 15 12 8 4 1 
2 8 24 2 3 1 1 
1 32 8 
17 19 1 2 2 
22 8 11 
10 23 3 1 1 2 1 
1 35 3 2 
2 24 5 5 2 3 
1 13 2 23 2 
1 18 4 15 1 2 
3 34 1 1 2 
1 17 23 
1 18 17 3 2 
10 28 2 1 
2 35 4 
1 3 28 7 2 
2 14 5 20 
23 11 2 5 
1 8 21 3 6 1 1 
7 5 8 3 5 1 7 4 1 
1 36 4 
1 39 1 
30 11 
1 4 30 1 1 4 
36 4 1 
1 11 29 
11 25 5 
4 13 16 7 1 
8 11 4 3 1 13 1 
3 33 2 1 2 
1 4 14 16 3 1 1 1 
5 18 18 
2 37 1 1 
31 4 2 1 3 
1 36 4 
2 8 3 12 16 
18 6 15 2 
1 26 1 3 7 2 1 
6 13 8 3 4 2 2 2 1 
41 
3 12 26 
5 2 9 16 3 1 5 
4 34 2 1 
2 4 27 7 1 
1 4 32 4 
1 21 15 3 1 
1 40 
1 1 25 9 3 2 
2 30 6 3 
1 31 9 
1 35 2 2 1 
2 9 8 5 6 2 8 1 
9 32 
37 2 2 
19 8 7 2 4 1 
4 5 12 20 
28 9 4 
6 32 2 1 
1 14 4 4 11 2 3 2 
1 32 3 1 2 1 1 
1 25 14 1 
7 10 11 11 1 1 
1 8 29 2 1 
1 28 12 
3 20 18 
1 7 2 6 16 7 2 
34 4 3 
41 
1 13 27 
1 18 22 
1 31 6 3 
4 8 29 
1 4 14 4 8 2 5 1 1 1 
41 
1 20 15 4 1 
3 22 16 
10 10 8 7 3 3 
1 37 2 1 
40 1 
41 
1 31 1 6 1 1 
2 14 24 1 
1 12 27 1 
1 29 9 2 
39 2 
25 16 
1 22 18 
4 37 
1 35 5 
1 18 22 
1 40 
5 35 1 
1 28 3 8 1 
9 32 
31 8 2 
13 18 6 1 2 1 
2 15 1 3 18 1 1 
1 39 1 
2 10 23 2 1 1 2 
8 8 24 1 
25 7 4 2 1 2 
2 30 3 1 3 2 
1 20 9 2 3 5 1 
8 4 3 14 9 2 1 
2 12 21 6 
30 6 5 
11 11 2 6 1 8 1 1 
15 14 3 4 4 1 
13 23 4 1 
5 16 20 
4 22 6 4 5 
35 3 2 1 
24 10 4 1 2 
1 18 8 11 3 
3 7 24 6 1 
1 16 9 11 4 
3 7 24 1 1 5 
1 11 28 1 
26 5 3 4 1 1 1 
1 15 23 2 
1 20 9 9 1 1 
7 19 4 7 4 
1 20 17 2 1 
1 6 33 1 
1 4 23 7 5 1 
15 15 4 2 2 3 
1 27 13 
4 15 12 3 6 1 
1 31 3 3 1 2 
1 36 4 
1 6 25 9 
4 31 5 1 
40 1 
1 6 32 2 
1 37 3 
2 7 16 5 1 5 2 1 2 
31 6 3 1 
1 7 33 
29 8 2 2 
1 22 11 5 1 1 
2 36 2 1 
12 2 3 6 11 1 3 2 1 
2 25 14 
11 19 6 5 
2 38 1 
1 14 2 6 8 1 3 1 3 1 1 
6 25 6 2 2 
1 20 19 1 
6 10 11 11 3 
1 31 3 6 
3 29 9 
6 8 7 11 8 1 
31 9 1 
1 3 6 19 2 1 1 3 1 2 1 1 
1 27 7 5 1 
3 12 3 7 6 2 5 1 1 1 
1 30 4 3 2 1 
23 9 2 1 4 1 1 
4 25 7 1 2 1 1 
8 13 6 9 5 
3 34 4 
1 32 5 3 
41 
2 38 1 
32 6 3 
1 28 12 
16 13 12 
1 19 5 16 
2 11 8 8 1 5 1 1 4 
2 38 1 
6 31 3 1 
1 30 7 1 1 1 
2 38 1 
2 2 6 11 4 3 4 8 1 
1 23 12 5 
1 20 4 2 4 2 5 1 1 1 
8 22 11 
10 22 4 4 1 
1 2 31 1 2 2 1 1 
1 17 4 19 
1 19 6 2 1 12 
1 35 5 
2 21 14 4 
5 34 2 
1 18 10 6 5 1 
2 1 23 5 3 4 2 1 
2 37 2 
3 6 1 14 12 1 3 1 
3 24 6 5 1 1 1 
37 4 
1 24 1 10 2 1 2 
10 29 2 
1 16 24 
41 
34 6 1 
2 31 8 
2 22 1 11 2 1 1 1 
1 22 18 
1 6 6 15 12 1 
4 17 8 6 2 2 2 
1 29 4 2 5 
21 15 1 1 2 1 
1 1 10 17 8 1 1 1 1 
1 25 14 1 
2 3 36 
1 9 30 1 
3 22 16 
2 31 1 2 2 3 
10 31 
1 35 1 3 1 
17 13 3 7 1 
5 5 31 
24 2 13 1 1 
2 20 4 4 3 6 2 
19 7 8 1 6 
1 31 1 7 1 
1 29 10 1 
1 10 23 7 
39 2 
4 1 15 18 3 
3 17 13 4 3 1 
4 1 30 3 1 1 1 
2 29 8 2 
5 31 2 2 1 
3 36 1 1 
41 
5 8 26 1 1 
3 1 6 14 8 5 2 2 
11 3 7 8 2 1 5 4 
10 30 1 
7 16 4 6 7 1 
1 30 6 2 1 1 
1 37 2 1 
1 38 2 
41 
2 10 6 10 11 1 1 
21 3 10 2 1 1 2 1 
1 40 
1 31 3 2 2 2 
2 32 5 2 
7 8 2 2 7 4 1 10 
1 32 3 3 1 1 
8 11 17 2 1 2 
5 3 20 13 
7 25 9 
1 18 1 3 2 6 8 1 1 
1 20 15 3 2 
5 36 
1 28 1 7 1 3 
1 11 29 
2 22 17 
39 2 
1 27 12 1 
9 4 23 3 1 1 
1 28 10 1 1 
6 12 3 5 7 3 5 
12 20 9 
1 14 2 9 4 4 7 
1 15 25 
1 4 10 14 7 5 
2 31 5 1 1 1 
1 38 1 1 
1 11 4 1 18 3 2 1 
2 33 6 
16 20 1 1 2 1 
9 22 3 2 1 1 3 
24 9 3 4 1 
2 2 4 4 12 12 2 3 
1 33 5 2 
19 9 4 2 2 5 
1 31 4 3 1 1 
1 17 5 14 2 2 
5 8 8 6 11 3 
13 1 26 1 
3 1 32 4 1 
4 16 7 6 4 4 
1 6 26 4 3 1 
4 3 25 8 1 
16 15 7 2 1 
1 24 6 9 1 
1 24 1 15 
26 12 1 1 1 
32 7 1 1 
2 23 2 13 1 
22 17 2 
1 33 7 
3 11 9 6 2 8 1 1 
3 10 25 3 
1 4 31 3 1 1 
12 17 2 2 1 7 
6 17 15 1 1 1 
3 1 3 25 3 5 1 
1 24 10 5 1 
1 7 16 7 4 1 2 1 1 1 
1 15 22 2 1 
30 6 4 1 
3 19 19 
1 7 26 7 
2 26 7 2 3 1 
1 4 36 
3 16 1 1 10 6 3 1 
12 3 23 1 1 1 
3 26 2 5 2 3 
4 18 10 4 4 1 
15 5 13 5 1 2 
1 37 2 1 
10 19 11 1 
17 3 21 
1 23 3 8 4 2 
3 33 5 
1 30 2 1 1 5 1 
1 4 17 17 2 
1 12 26 1 1 
1 17 21 1 1 
2 36 1 1 1 
8 31 1 1 
30 10 1 
9 3 19 8 2 
2 22 4 5 3 5 
2 9 14 10 6 
1 25 8 1 1 5 
4 30 7 
3 4 13 19 1 1 
1 40 
2 9 13 16 1 
2 15 6 13 4 1 
39 2 
36 2 3 
1 18 6 9 5 2 
1 1 11 17 5 2 4 
1 18 22 
2 14 17 8 
4 31 1 4 1 
1 37 1 1 1 
1 1 31 6 1 1 
30 8 2 1 
1 20 5 15 
1 30 8 1 1 
1 10 8 10 4 4 2 1 1 
2 16 23 
1 5 13 12 5 4 1 
1 23 17 
2 6 1 17 4 8 3 
15 22 2 2 
2 8 31 
2 23 3 11 1 1 
41 
1 22 7 9 2 
16 18 5 2 
2 11 21 7 
1 7 2 12 8 1 1 3 1 4 1 
5 31 5 
38 1 2 
2 29 4 1 4 1 
1 30 3 5 2 
11 12 16 2 
5 18 8 7 3 
1 6 12 20 2 
8 26 4 2 1 
13 3 12 1 5 3 4 
3 29 2 6 1 
1 20 20 
1 37 3 
39 2 
1 16 12 11 1 
4 2 1 17 4 13 
2 21 9 9 
10 8 7 2 11 3 
19 2 11 7 2 
1 22 6 9 3 
1 30 7 2 1 
3 23 15 
1 39 1 
1 18 10 6 3 2 1 
12 23 1 2 2 1 
5 33 2 1 
19 18 1 1 1 1 
4 18 4 5 1 2 6 1 
1 21 2 16 1 
1 4 30 4 2 
2 11 10 11 1 2 3 1 
1 30 10 
1 32 2 2 3 1 
1 40 
5 27 9 
2 30 9 
1 4 8 21 3 1 2 1 
7 24 10 
13 13 13 2 
4 9 5 11 10 2 
8 23 8 1 1 
1 11 5 2 3 17 2 
12 28 1 
25 5 6 1 3 1 
1 28 12 
7 22 10 1 1 
14 20 5 2 
3 38 
1 24 14 2 
2 1 36 2 
2 38 1 
8 32 1 
1 4 20 3 11 2 
1 13 2 1 13 7 2 2 
8 14 19 
1 1 14 23 2 
1 25 4 7 1 1 1 1 
41 
1 35 2 2 1 
2 35 1 3 
18 14 4 4 1 
36 1 3 1 
10 10 15 4 1 1 
4 9 4 11 10 3 
14 2 3 5 2 6 6 3 
1 6 25 4 4 1 
5 33 2 1 
1 10 10 16 4 
3 4 21 12 1 
3 23 9 6 
17 5 16 1 2 
1 3 5 13 1 14 4 
9 23 9 
1 25 15 
41 
7 22 4 8 
4 4 17 4 4 1 7 
6 26 8 1 
1 35 5 
26 5 5 2 3 
1 29 9 2 
19 6 2 12 2 
1 35 5 
1 38 2 
23 14 1 1 2 
3 27 9 2 
1 25 6 2 6 1 
1 17 8 2 7 2 2 1 1 
2 16 1 21 1 
16 10 4 1 6 2 2 
4 22 2 4 3 4 2 
22 10 9 
1 25 8 1 3 2 1 
2 5 5 16 3 4 3 1 2 
3 9 28 1 
1 12 4 5 18 1 
2 35 1 2 1 
7 7 6 17 4 
1 9 13 12 4 1 1 
1 16 6 14 2 1 1 
10 13 15 2 1 
2 19 7 10 1 1 1 
26 13 2 
2 39 
3 15 20 3 
1 27 13 
1 25 1 14 
4 30 6 1 
2 2 21 4 2 7 3 
1 24 12 3 1 
1 40 
19 14 6 2 
2 23 5 4 7 
37 2 2 
2 20 4 3 5 3 2 2 
41 
3 16 14 2 3 2 1 
21 7 9 3 1 
1 2 37 1 
2 13 22 4 
9 17 8 4 2 1 
26 13 2 
41 
12 26 1 1 1 
14 12 11 2 2 
32 2 1 1 5 
1 20 11 9 
2 13 25 1 
1 19 21 
12 2 16 4 2 2 3 
5 27 2 6 1 
27 13 1 
41 
11 8 13 7 1 1 
2 7 7 7 8 7 3 
2 7 8 3 6 10 3 2 
2 32 1 5 1 
1 35 4 1 
3 15 11 8 4 
1 36 1 2 1 
1 38 1 1 
2 7 1 12 8 4 6 1 
37 4 
13 17 9 1 1 
2 14 15 1 1 4 3 1 
1 27 11 2 
1 17 23 
1 10 6 6 14 4 
3 6 6 18 8 
1 25 14 1 
8 21 3 3 5 1 
1 24 2 5 8 1 
20 5 1 10 4 1 
1 38 2 
1 14 22 2 1 1 
1 28 10 2 
1 38 2 
1 9 5 20 1 2 2 1 
2 10 26 2 1 
3 22 11 2 3 
13 12 1 13 2 
2 23 12 4 
1 37 3 
36 1 2 1 1 
1 37 3 
1 18 12 3 1 3 2 1 
3 20 8 4 6 
23 8 5 2 1 2 
1 29 4 2 2 3 
24 2 4 1 6 4 
2 11 25 3 
1 4 13 3 9 8 1 2 
3 13 24 1 
2 6 33 
1 34 6 
5 33 3 
2 18 5 15 1 
19 2 18 2 
41 
4 22 8 4 1 1 1 
1 27 3 10 
4 33 4 
1 10 9 10 6 1 1 3 
37 2 1 1 
5 24 12 
2 22 7 6 3 1 
1 15 5 20 
14 7 17 1 1 1 
1 9 20 6 2 3 
3 4 16 15 1 2 
1 24 11 2 3 
6 17 12 6 
10 9 1 7 13 1 
3 19 8 7 3 1 
1 23 16 1 
1 15 24 1 
3 18 8 2 5 2 3 
1 29 6 5 
1 24 14 2 
8 15 12 5 1 
2 38 1 
5 26 1 1 8 
3 21 16 1 
13 9 11 1 4 3 
2 20 2 5 4 2 3 1 1 1 
1 2 24 11 3 
5 32 1 3 
1 39 1 
1 23 9 3 3 1 1 
14 13 13 1 
9 22 4 2 3 1 
7 27 7 
3 16 9 7 3 2 1 
2 34 4 1 
17 2 22 
1 30 4 5 1 
2 13 26 
6 28 4 2 1 
7 30 3 1 
3 20 8 7 1 1 1 
1 17 23 
1 15 4 19 2 
1 37 2 1 
21 6 10 4 
1 22 17 1 
1 19 21 
1 7 21 9 3 
7 12 3 1 11 3 2 1 1 
1 32 2 6 
1 18 10 4 8 
1 38 1 1 
2 24 1 1 1 9 1 1 1 
4 9 27 1 
1 18 3 7 1 8 1 1 1 
12 6 17 3 2 1 
1 15 13 4 5 3 
1 34 6 
9 2 29 1 
1 8 7 24 1 
1 12 2 18 4 4 
28 11 1 1 
1 4 36 
1 26 10 1 3 
1 16 15 7 2 
3 6 18 4 10 
1 5 27 3 2 2 1 
36 2 1 2 
8 12 8 7 5 1 
4 33 1 1 2 
12 24 3 1 1 
1 20 11 2 3 3 1 
2 35 4 
33 4 3 1 
1 38 2 
2 17 22 
10 16 15 
5 16 1 10 7 2 
2 15 1 5 5 13 
1 15 13 2 7 2 1 
10 29 2 
1 38 2 
18 7 9 6 1 
1 33 7 
1 11 23 4 1 1 
1 1 4 14 3 4 7 2 5 
8 6 25 2 
1 28 10 2 
24 15 2 
5 28 1 7 
1 6 11 22 1 
1 8 4 8 5 6 5 2 1 1 
2 30 4 3 2 
1 9 13 16 2 
1 31 3 6 
1 27 1 8 3 1 
32 7 2 
2 1 14 9 11 2 1 1 
1 28 11 1 
17 10 13 1 
2 18 1 15 3 1 1 
15 24 2 
2 6 16 3 14 
2 8 3 7 12 5 3 1 
2 24 11 1 3 
3 19 12 4 2 1 
1 1 2 1 23 5 6 1 1 
1 1 16 16 7 
41 
1 6 6 19 8 1 
41 
5 33 3 
