5 9 25 1 1 1 
4 6 21 2 3 1 3 2 
1 30 6 1 4 
42 
1 6 26 4 5 
7 30 5 
1 21 20 
3 7 1 15 2 12 1 1 
33 4 2 2 1 
8 31 1 2 
1 2 20 16 3 
13 21 3 3 1 1 
10 3 4 17 1 3 1 2 1 
16 21 1 1 1 2 
1 31 10 
5 10 27 
2 34 1 2 2 1 
36 2 2 2 
1 27 11 3 
2 37 2 1 
1 14 8 8 5 1 5 
1 8 21 10 2 
1 17 7 13 4 
3 38 1 
2 14 14 11 1 
4 19 7 4 1 2 3 1 1 
1 1 18 2 3 6 6 4 1 
10 16 14 2 
9 18 10 1 2 1 1 
2 35 5 
13 2 15 2 9 1 
2 18 22 
1 19 1 7 7 3 3 1 
1 3 34 2 2 
6 29 5 1 1 
1 2 26 1 9 3 
1 17 10 2 9 2 1 
1 32 8 1 
1 8 21 9 1 2 
27 8 2 1 1 1 1 1 
1 23 6 12 
1 17 5 8 1 4 3 1 1 1 
1 10 11 19 1 
2 28 10 2 
4 20 5 11 2 
1 33 8 
1 6 12 17 1 4 1 
2 18 10 12 
2 39 1 
2 37 1 2 
42 
7 6 1 28 
3 12 6 4 14 2 1 
22 2 18 
3 25 7 4 2 1 
1 5 3 23 1 3 5 1 
1 29 3 1 3 1 3 1 
1 33 4 1 2 1 
12 20 5 2 1 1 1 
1 34 3 4 
30 7 5 
1 24 5 5 7 
1 9 27 2 1 1 1 
5 7 30 
6 10 22 3 1 
7 8 15 7 3 2 
1 39 1 1 
6 9 15 12 
1 22 11 6 2 
1 12 1 6 4 16 1 1 
28 4 9 1 
2 25 6 1 6 1 1 
1 15 25 1 
1 35 3 3 
5 2 25 5 4 1 
1 39 2 
1 18 7 1 8 7 
1 32 3 1 5 
2 4 14 3 6 4 1 6 2 
1 6 11 2 19 2 1 
3 1 10 13 10 2 2 1 
1 16 25 
2 28 6 5 1 
24 10 1 3 1 1 2 
1 21 1 5 7 5 1 1 
2 29 8 2 1 
1 24 10 6 1 
1 2 18 11 1 6 1 1 1 
11 11 20 
1 37 3 1 
1 10 12 17 1 1 
7 5 25 3 2 
28 4 10 
25 12 1 2 2 
1 4 27 3 6 1 
42 
2 17 7 9 1 1 3 2 
1 38 1 1 1 
2 36 3 1 
5 28 8 1 
17 13 11 1 
4 21 17 
17 15 2 3 4 1 
1 23 10 5 3 
40 2 
1 16 24 1 
5 16 17 4 
5 32 5 
7 7 24 3 1 
8 8 3 6 2 6 7 2 
13 16 6 1 4 1 1 
4 13 10 2 2 10 1 
1 34 5 1 1 
1 17 23 1 
3 38 1 
1 32 7 2 
24 4 13 1 
1 17 24 
1 37 2 1 1 
1 24 11 2 3 1 
2 14 11 14 1 
2 5 29 1 1 2 2 
1 11 19 3 4 4 
2 17 12 6 4 1 
3 13 15 3 2 1 5 
1 4 30 2 1 4 
1 14 20 6 1 
1 6 3 25 1 4 2 
42 
2 40 
1 31 4 3 1 1 1 
3 8 29 1 1 
28 14 
1 7 3 3 24 1 2 1 
1 10 13 14 1 1 2 
1 25 7 9 
1 26 15 
1 34 1 6 
1 34 6 1 
7 30 5 
1 40 1 
9 21 11 1 
2 35 5 
1 12 27 2 
8 33 1 
1 4 37 
1 30 1 8 2 
42 
1 22 2 16 1 
3 30 5 4 
5 36 1 
1 35 3 3 
3 36 2 1 
7 11 1 15 2 4 2 
2 13 25 1 1 
20 7 15 
1 23 11 1 3 3 
3 12 4 22 1 
35 7 
6 20 8 7 1 
5 14 3 3 11 5 1 
34 5 2 1 
1 25 9 2 3 1 1 
1 14 6 8 7 5 1 
14 12 4 10 2 
1 20 21 
4 24 5 6 3 
1 32 9 
2 11 1 14 7 4 1 2 
1 12 20 1 5 2 1 
3 30 9 
1 24 9 2 2 4 
5 2 12 23 
2 32 1 3 2 2 
38 2 2 
17 10 3 3 8 1 
1 36 1 2 1 1 
2 2 21 13 4 
10 6 3 20 3 
1 36 4 1 
2 34 2 1 2 1 
1 19 19 3 
4 14 15 5 4 
33 2 7 
28 3 5 3 3 
1 38 3 
4 11 18 7 2 
3 11 2 23 2 1 
1 28 8 4 1 
1 12 16 12 1 
40 1 1 
1 27 6 6 1 1 
32 8 2 
2 18 2 9 3 8 
12 17 6 7 
4 33 5 
1 40 1 
2 33 1 3 2 1 
2 30 8 1 1 
1 32 4 2 2 1 
2 8 11 7 8 4 1 1 
1 2 26 3 4 5 1 
10 29 1 2 
1 16 23 1 1 
1 35 6 
4 34 3 1 
29 5 3 5 
4 10 17 6 3 1 1 
2 37 3 
24 1 1 9 1 4 1 1 
38 2 2 
42 
3 7 18 13 1 
1 5 18 4 9 4 1 
37 1 2 1 1 
5 23 14 
1 39 1 1 
37 3 2 
18 8 16 
42 
6 2 4 19 6 3 1 1 
1 29 12 
2 39 1 
8 31 1 2 
1 30 3 2 3 1 1 1 
2 38 2 
1 5 7 7 22 
5 4 30 2 1 
7 34 1 
1 41 
19 1 22 
1 7 30 3 1 
2 2 2 15 18 1 1 1 
1 17 7 12 2 1 1 1 
36 3 1 2 
14 21 2 1 2 1 1 
1 27 4 1 7 1 1 
7 2 24 4 3 2 
5 25 9 2 1 
2 33 1 2 2 1 1 
1 19 5 1 2 5 3 5 1 
4 13 10 1 13 1 
39 3 
40 2 
24 8 10 
2 2 11 24 3 
42 
18 1 18 3 2 
3 13 22 4 
1 10 8 2 9 10 2 
10 15 14 1 1 1 
41 1 
1 24 13 2 1 1 
9 9 3 3 2 13 2 1 
3 25 14 
1 17 14 4 2 1 2 1 
1 32 2 7 
2 7 17 11 4 1 
2 17 16 6 1 
1 17 18 3 3 
1 33 1 7 
1 10 20 7 3 1 
4 35 1 2 
10 20 12 
1 6 11 5 9 8 1 1 
1 21 17 2 1 
1 2 14 2 20 2 1 
42 
2 22 1 1 10 5 1 
2 32 1 1 6 
1 23 14 2 1 1 
1 5 34 2 
11 6 7 11 7 
5 16 10 1 6 2 1 1 
1 17 15 2 4 3 
37 1 4 
1 23 3 7 5 3 
23 1 6 9 3 
2 40 
42 
2 31 9 
14 23 2 2 1 
26 12 1 1 2 
1 7 16 6 3 2 7 
12 13 5 5 4 2 1 
7 9 10 13 2 1 
41 1 
10 19 12 1 
4 29 6 1 1 1 
1 8 18 15 
1 16 19 1 4 1 
1 29 6 6 
18 18 5 1 
29 13 
4 25 10 1 2 
2 31 8 1 
1 16 4 4 12 1 3 1 
1 24 2 13 1 1 
4 4 17 17 
37 5 
1 25 16 
23 10 3 3 2 1 
3 19 12 2 1 3 2 
1 30 2 4 5 
42 
8 6 5 20 2 1 
2 38 1 1 
1 15 8 16 2 
1 20 8 11 2 
4 28 2 6 1 1 
14 6 13 6 2 1 
5 24 13 
7 5 20 9 1 
4 16 20 1 1 
4 9 23 6 
22 1 1 13 2 3 
7 30 5 
2 26 13 1 
4 18 7 5 7 1 
3 37 1 1 
37 1 1 3 
3 12 11 1 14 1 
3 6 16 11 5 1 
11 21 7 2 1 
1 15 8 18 
42 
1 3 32 5 1 
1 16 10 13 1 1 
3 25 8 2 1 1 1 1 
41 1 
1 34 3 4 
16 14 2 9 1 
42 
2 23 13 2 2 
1 20 15 4 2 
32 1 6 2 1 
6 19 7 6 2 1 1 
2 26 14 
2 27 10 2 1 
9 10 13 2 1 7 
1 23 17 1 
6 27 1 1 2 1 1 2 1 
27 14 1 
5 28 3 1 5 
1 18 23 
2 26 13 1 
2 33 7 
41 1 
19 11 11 1 
1 26 14 1 
2 2 20 18 
1 38 2 1 
2 9 3 18 7 2 1 
1 38 1 2 
32 3 7 
1 3 11 17 9 1 
1 19 8 13 1 
2 19 1 19 1 
9 4 11 3 6 6 2 1 
1 41 
1 19 11 2 8 1 
5 36 1 
2 25 14 1 
1 7 19 2 2 10 1 
1 4 26 10 1 
1 9 29 3 
6 24 12 
31 8 3 
2 35 3 2 
1 8 22 9 2 
1 20 7 12 2 
1 13 16 10 1 1 
24 1 6 2 6 1 2 
1 34 3 1 3 
21 15 4 1 1 
5 11 16 3 6 1 
13 7 18 1 1 2 
38 4 
3 22 17 
4 15 13 8 2 
11 24 7 
1 19 20 1 1 
2 30 6 2 1 1 
1 13 15 9 2 1 1 
3 26 11 1 1 
7 16 15 2 1 1 
4 9 9 20 
38 2 2 
3 10 14 3 7 3 2 
1 17 20 3 1 
1 9 15 4 13 
1 1 7 2 14 4 3 5 3 1 1 
14 19 5 4 
14 9 12 5 2 
1 26 6 1 8 
1 23 8 3 4 2 1 
2 27 13 
1 14 3 22 1 1 
2 13 17 6 4 
1 3 19 16 2 1 
2 8 12 7 13 
3 6 23 9 1 
2 30 10 
22 9 5 2 1 3 
3 36 1 2 
1 30 5 1 1 2 1 1 
1 30 8 2 1 
1 7 15 3 6 1 3 1 2 1 1 1 
39 1 2 
1 14 6 16 3 1 1 
3 36 1 1 1 
24 10 6 2 
1 21 8 8 4 
2 10 29 1 
10 23 9 
1 6 30 1 1 1 1 1 
4 28 6 2 2 
4 9 6 7 6 7 3 
11 30 1 
5 24 3 9 1 
1 23 3 11 4 
3 16 2 19 2 
1 31 1 8 1 
7 14 15 4 1 1 
1 11 4 5 7 14 
1 26 12 3 
1 29 11 1 
2 15 21 4 
42 
4 12 14 2 5 4 1 
2 4 10 16 9 1 
3 21 10 7 1 
1 15 23 3 
38 4 
2 36 1 1 2 
6 35 1 
1 2 8 18 7 1 3 2 
1 36 4 1 
1 17 17 5 2 
3 25 11 1 1 1 
3 27 3 4 5 
1 19 11 4 7 
2 30 10 
10 12 19 1 
1 17 18 2 1 1 2 
14 9 7 3 4 1 4 
4 8 8 6 1 15 
4 8 24 3 2 1 
31 7 4 
2 20 9 9 1 1 
2 14 5 17 4 
4 11 20 6 1 
5 34 3 
1 7 4 4 10 11 4 1 
3 1 2 26 8 2 
2 38 2 
1 40 1 
6 31 5 
8 21 12 1 
4 15 22 1 
3 28 5 2 3 1 
2 27 8 2 1 2 
4 7 7 3 1 3 6 1 4 2 4 
7 16 3 6 6 2 2 
2 33 2 2 3 
1 11 15 9 6 
2 27 9 1 3 
1 29 5 5 1 1 
1 2 25 10 4 
4 13 25 
22 18 1 1 
1 14 11 13 3 
1 38 1 2 
6 2 18 14 2 
14 1 22 3 2 
24 2 15 1 
40 1 1 
6 22 14 
2 2 34 3 1 
21 10 1 5 1 1 1 2 
1 11 20 9 1 
1 6 1 32 1 1 
2 35 3 1 1 
16 16 9 1 
38 3 1 
1 10 1 4 8 15 1 2 
38 2 2 
5 5 13 17 1 1 
2 8 32 
11 9 21 1 
4 12 14 4 8 
6 19 6 7 1 1 1 1 
5 3 24 1 7 1 1 
3 5 15 17 2 
1 10 28 3 
1 29 11 1 
37 2 1 1 1 
10 20 8 3 1 
1 33 8 
1 37 4 
6 26 1 9 
1 36 1 4 
1 10 11 12 7 1 
1 12 1 21 6 1 
2 9 10 9 6 2 1 3 
27 8 5 1 1 
2 37 3 
1 23 16 1 1 
6 21 15 
2 21 6 9 4 
1 15 22 1 1 2 
2 40 
3 25 8 3 1 2 
1 24 7 4 2 3 1 
23 14 5 
1 27 1 2 11 
9 13 1 11 6 1 1 
13 27 2 
5 23 14 
5 15 9 10 3 
1 33 6 1 1 
1 2 6 6 6 16 4 1 
1 9 30 2 
3 27 12 
42 
1 26 15 
42 
3 6 2 22 9 
6 3 31 1 1 
8 21 12 1 
1 7 34 
1 40 1 
1 2 32 6 1 
1 33 1 6 1 
1 22 17 1 1 
1 36 5 
37 3 2 
1 2 30 5 1 3 
1 20 5 7 8 1 
2 3 7 13 8 5 2 1 1 
1 24 11 3 3 
2 8 24 7 1 
42 
1 32 9 
2 17 21 1 1 
6 35 1 
5 12 10 10 3 1 1 
1 28 13 
1 35 1 1 1 3 
10 6 26 
1 35 6 
1 3 32 5 1 
2 20 1 13 3 3 
1 13 10 14 3 1 
9 23 8 1 1 
4 27 1 3 7 
1 4 16 6 2 7 5 1 
1 8 16 5 12 
1 5 4 5 4 22 1 
1 35 3 2 1 
4 14 13 7 3 1 
3 20 16 1 2 
3 34 3 1 1 
9 6 4 21 2 
6 8 27 1 
1 22 5 10 4 
42 
9 28 5 
1 25 4 10 2 
2 19 20 1 
2 7 5 16 7 4 1 
28 9 1 4 
1 20 1 12 1 6 1 
39 2 1 
3 39 
2 13 20 7 
1 9 20 3 4 2 3 
1 38 3 
1 37 4 
25 13 4 
1 28 12 1 
2 5 29 5 1 
2 27 1 9 3 
1 39 2 
4 24 11 3 
1 22 18 1 
35 3 1 3 
2 39 1 
2 4 30 5 1 
2 9 10 6 10 2 1 2 
4 4 15 5 5 3 3 1 1 1 
3 38 1 
1 33 1 1 2 2 1 1 
2 15 2 9 12 1 1 
17 21 1 1 1 1 
12 17 12 1 
41 1 
16 16 7 2 1 
1 28 12 1 
3 34 5 
19 7 8 3 5 
1 22 11 1 6 1 
2 21 5 2 7 4 1 
10 10 9 8 3 2 
1 5 25 6 5 
1 20 18 2 1 
4 5 2 18 7 3 1 1 1 
36 5 1 
1 37 4 
1 2 26 12 1 
1 37 4 
1 23 3 13 1 1 
19 18 1 3 1 
30 9 3 
5 3 8 17 5 2 2 
1 26 4 1 8 1 1 
10 4 2 20 4 2 
4 21 10 7 
10 2 22 1 3 3 1 
3 7 32 
9 31 1 1 
8 9 2 12 6 5 
35 4 1 1 1 
1 36 3 1 1 
1 9 32 
2 23 1 5 11 
1 39 1 1 
2 38 2 
2 20 19 1 
1 8 19 12 2 
1 28 9 3 1 
2 28 11 1 
2 20 5 12 2 1 
1 37 4 
3 2 28 9 
16 16 10 
3 33 1 4 1 
1 9 26 1 1 1 3 
4 16 1 11 3 7 
2 9 26 2 2 1 
19 5 17 1 
1 7 2 6 4 3 7 8 1 2 1 
4 34 4 
2 29 11 
21 2 10 2 7 
1 25 6 10 
6 24 6 6 
39 2 1 
14 12 5 8 3 
42 
4 1 37 
1 36 1 1 3 
7 32 3 
6 25 11 
29 4 3 3 3 
1 19 19 2 1 
10 13 17 2 
2 33 5 2 
1 30 6 3 1 1 
13 13 7 7 2 
26 9 4 3 
1 25 5 5 2 3 1 
3 23 16 
1 2 31 6 1 1 
4 25 2 5 1 5 
2 22 16 2 
41 1 
24 16 2 
2 28 12 
22 3 7 4 6 
3 24 3 9 3 
7 30 1 4 
1 30 4 2 3 1 1 
1 6 10 24 1 
36 1 5 
3 13 4 1 7 12 2 
6 21 6 2 3 1 2 1 
4 19 19 
1 25 14 1 1 
1 1 19 3 8 1 4 5 
29 3 3 7 
40 2 
10 30 1 1 
4 3 3 6 22 1 3 
1 32 9 
1 10 7 3 18 1 1 1 
2 38 2 
2 31 5 3 1 
4 4 9 21 1 1 1 1 
1 40 1 
1 36 5 
8 20 3 11 
2 13 7 18 1 1 
3 27 12 
35 6 1 
1 22 19 
1 34 7 
1 37 2 1 1 
42 
37 2 2 1 
5 14 5 5 12 1 
1 36 3 2 
1 3 33 3 2 
1 20 10 6 3 1 1 
3 28 11 
1 40 1 
1 7 20 5 9 
15 16 7 3 1 
1 11 15 5 5 4 1 
42 
1 20 8 9 4 
2 4 24 7 2 1 2 
2 18 17 2 3 
20 7 15 
16 11 10 5 
3 21 15 1 2 
3 26 13 
12 17 8 3 1 1 
2 19 19 1 1 
3 21 12 6 
5 26 1 6 1 2 1 
15 11 11 4 1 
15 19 5 2 1 
1 34 7 
1 35 5 1 
42 
7 11 24 
11 28 3 
2 38 2 
10 2 26 2 1 1 
33 1 5 3 
1 17 6 7 11 
1 4 22 12 1 1 1 
5 25 12 
17 13 4 7 1 
1 31 1 1 1 3 2 1 1 
1 26 14 1 
21 12 2 5 1 1 
9 28 4 1 
2 37 3 
2 33 1 5 1 
2 29 9 1 1 
1 14 1 6 10 2 8 
1 31 3 4 3 
1 32 6 1 1 1 
34 7 1 
1 6 4 14 4 10 2 1 
7 11 6 18 
1 2 1 26 1 6 4 1 
1 5 36 
19 3 19 1 
2 39 1 
1 29 12 
1 28 2 11 
14 16 12 
3 6 22 2 6 3 
1 10 6 24 1 
4 27 8 2 1 
1 11 20 4 6 
2 24 5 5 1 2 2 1 
1 21 4 5 2 5 4 
1 2 38 1 
1 32 9 
9 12 1 10 7 1 2 
3 34 4 1 
7 30 1 2 2 
2 21 8 1 3 6 1 
1 7 11 20 1 1 1 
3 2 36 1 
6 21 12 1 1 1 
1 12 15 4 10 
8 16 4 10 2 1 1 
28 2 10 1 1 
3 6 32 1 
17 2 21 1 1 
3 23 12 3 1 
19 7 15 1 
4 33 4 1 
6 33 1 1 1 
34 7 1 
1 24 17 
2 6 24 9 1 
1 32 2 6 1 
42 
1 31 9 1 
42 
2 21 13 2 3 1 
2 9 20 8 3 
1 21 13 2 1 2 2 
10 26 2 4 
1 5 19 4 3 9 1 
1 20 2 17 2 
4 6 9 8 11 4 
3 28 4 3 2 2 
3 1 26 7 2 2 1 
19 7 3 7 2 3 1 
1 22 4 12 1 1 1 
2 28 10 2 
18 4 2 2 2 4 8 1 1 
1 29 10 1 1 
2 24 16 
1 26 4 11 
1 19 18 1 3 
3 9 25 1 4 
4 22 2 4 7 1 2 
1 36 2 3 
1 7 3 27 3 1 
9 11 3 15 4 
16 22 4 
20 2 20 
5 10 13 14 
20 7 13 1 1 
3 37 1 1 
1 2 28 10 1 
2 19 18 3 
2 5 5 18 8 2 2 
16 15 2 6 3 
6 13 23 
1 2 7 13 16 3 
1 17 24 
24 6 4 6 2 
1 21 15 5 
5 7 6 11 3 10 
22 10 9 1 
2 3 15 5 16 1 
8 28 6 
24 17 1 
1 7 10 11 3 6 4 
21 3 9 4 3 2 
2 14 26 
6 23 7 2 2 1 1 
1 27 7 7 
1 17 1 22 1 
3 13 8 17 1 
9 7 17 7 1 1 
1 30 1 1 3 4 1 1 
26 7 2 7 
1 11 11 8 5 3 2 1 
13 11 8 3 7 
5 6 23 1 7 
38 3 1 
3 8 26 1 4 
1 21 19 1 
2 28 1 5 2 3 1 
1 36 5 
2 27 7 4 2 
1 8 19 7 7 
1 40 1 
1 38 3 
6 4 23 7 2 
29 7 2 1 3 
3 36 1 1 1 
4 36 2 
1 21 14 5 1 
18 18 6 
8 30 4 
2 40 
1 33 7 1 
28 9 2 3 
9 19 8 4 2 
3 10 5 12 11 1 
16 23 2 1 
2 22 13 4 1 
2 24 12 2 2 
3 39 
2 24 16 
1 26 15 
4 18 20 
5 33 3 1 
39 1 1 1 
1 11 5 13 8 1 3 
42 
1 25 11 3 2 
3 14 21 1 2 1 
42 
6 18 1 11 6 
21 7 9 3 1 1 
1 39 1 1 
1 20 18 1 1 1 
1 4 3 22 6 3 3 
2 8 29 2 1 
1 41 
1 28 5 8 
1 1 21 1 13 4 1 
10 22 4 3 2 1 
1 4 34 3 
1 7 6 24 4 
22 20 
1 24 12 4 1 
1 31 5 1 1 1 1 1 
1 21 12 3 2 2 1 
1 5 12 20 4 
1 29 5 6 1 
11 3 6 22 
42 
15 15 2 5 2 2 1 
1 3 34 3 1 
8 10 20 3 1 
4 37 1 
3 24 6 7 2 
14 22 6 
1 24 10 5 2 
42 
1 1 12 2 5 7 11 2 1 
1 17 24 
9 3 2 1 14 1 11 1 
1 1 5 19 7 9 
7 9 25 1 
9 28 1 2 1 1 
2 36 3 1 
1 6 29 2 2 2 
1 13 21 4 2 1 
33 4 5 
1 30 8 2 1 
3 13 1 6 4 6 5 4 
1 28 12 1 
1 16 14 2 4 4 1 
1 20 4 11 6 
25 13 4 
1 24 3 1 7 2 2 1 1 
2 12 27 1 
11 9 20 2 
22 14 4 2 
1 9 27 4 1 
1 28 13 
17 15 7 3 
27 3 3 5 3 1 
1 34 2 1 2 1 1 
1 15 5 5 3 3 4 3 3 
4 17 20 1 
7 6 26 1 1 1 
1 5 23 4 4 1 3 1 
1 32 6 1 2 
2 20 9 2 2 5 2 
7 17 17 1 
9 14 6 9 2 1 1 
28 6 8 
16 11 6 4 4 1 
1 30 1 5 1 3 1 
42 
2 7 31 2 
1 34 6 1 
1 4 30 6 1 
3 24 4 6 5 
2 27 6 3 4 
1 35 3 1 2 
2 1 20 18 1 
29 4 3 6 
5 17 12 4 3 1 
4 11 4 9 14 
1 5 27 9 
12 19 8 1 1 1 
1 2 38 1 
1 36 1 4 
1 27 2 5 4 1 1 1 
5 20 8 1 1 3 2 1 1 
1 1 13 19 4 4 
2 35 5 
1 26 11 4 
11 20 10 1 
1 29 4 3 4 1 
1 20 3 13 5 
42 
12 15 11 2 1 1 
8 5 12 4 12 1 
1 5 9 11 13 3 
1 5 31 4 1 
41 1 
38 3 1 
6 26 10 
1 22 6 9 1 1 1 1 
1 40 1 
34 7 1 
1 35 2 4 
2 6 21 12 1 
1 11 23 4 3 
41 1 
4 14 10 7 7 
4 36 2 
7 19 13 1 1 1 
2 33 3 1 3 
2 2 6 9 8 1 5 5 4 
1 37 4 
2 1 17 21 1 
1 28 8 3 1 1 
1 6 34 1 
40 1 1 
9 8 9 10 2 2 2 
3 10 29 
1 13 6 7 9 3 2 1 
1 28 13 
3 9 6 1 19 1 2 1 
6 16 19 1 
42 
7 25 10 
4 16 11 4 1 6 
1 16 25 
2 40 
6 21 8 1 4 1 1 
1 21 9 5 5 1 
1 6 12 17 5 1 
1 32 2 6 1 
6 10 19 6 1 
1 2 8 23 7 1 
1 30 9 2 
1 3 10 19 6 1 1 1 
1 33 3 1 1 1 1 1 
4 13 19 5 1 
16 17 2 6 1 
1 38 3 
1 28 13 
39 3 
22 11 4 5 
2 14 19 4 2 1 
4 10 13 9 4 1 1 
35 6 1 
1 3 14 19 1 2 2 
23 6 12 1 
2 5 3 1 15 6 3 1 1 2 1 2 
1 38 3 
1 20 21 
2 21 4 2 6 1 2 2 1 1 
3 4 16 3 16 
2 34 2 2 1 1 
4 8 30 
28 11 3 
1 6 26 9 
2 39 1 
3 23 16 
1 12 20 5 2 1 1 
33 9 
1 3 23 2 13 
23 12 2 1 3 1 
10 31 1 
1 15 18 8 
3 21 3 12 2 1 
1 35 3 2 1 
2 17 4 19 
1 4 18 5 2 12 
1 36 2 1 1 1 
40 1 1 
7 15 20 
1 41 
1 35 6 
19 7 16 
1 9 29 3 
6 34 2 
1 22 16 2 1 
2 19 7 13 1 
30 2 5 5 
7 27 5 3 
1 16 17 7 1 
1 34 7 
3 6 10 13 9 1 
42 
28 5 6 1 1 1 
13 24 5 
1 26 9 3 3 
1 37 1 3 
3 11 14 9 5 
7 22 1 10 1 1 
3 8 4 9 3 3 6 2 4 
2 31 9 
21 1 11 6 2 1 
35 2 2 2 1 
32 2 2 6 
3 24 10 5 
1 6 11 12 7 5 
14 21 7 
2 30 1 6 2 1 
14 21 4 2 1 
7 18 15 2 
7 11 6 2 6 2 4 3 1 
2 15 22 1 1 1 
2 36 2 2 
3 33 6 
2 30 10 
15 13 14 
9 12 20 1 
4 28 10 
42 
11 5 19 6 1 
40 2 
41 1 
1 36 5 
4 16 10 12 
8 22 5 5 1 1 
2 39 1 
1 40 1 
7 21 13 1 
12 2 1 6 9 8 2 1 1 
4 32 2 3 1 
1 39 1 1 
4 4 13 12 6 1 2 
2 24 13 3 
12 19 5 2 2 1 1 
1 15 18 5 2 1 
22 2 6 11 1 
1 23 6 1 2 1 3 4 1 
2 6 21 10 1 2 
16 19 3 4 
1 4 7 5 9 9 6 1 
1 24 17 
40 1 1 
1 22 7 1 5 2 1 2 1 
2 39 1 
4 8 9 18 3 
2 18 9 5 1 7 
2 36 4 
7 22 8 5 
6 10 15 3 7 1 
13 7 6 14 2 
1 21 12 6 1 1 
42 
1 2 7 14 2 1 7 4 2 2 
2 36 4 
1 8 22 2 1 6 2 
2 21 19 
1 37 4 
1 2 39 
36 5 1 
4 27 11 
1 28 8 3 1 1 
1 9 7 3 11 8 1 1 1 
2 19 9 9 3 
7 24 11 
42 
1 5 12 3 1 10 1 6 1 2 
1 11 11 10 4 3 1 1 
1 28 7 6 
26 11 3 2 
1 36 5 
7 25 10 
42 
9 19 14 
1 32 5 1 2 1 
11 12 6 2 11 
3 34 3 2 
12 25 1 2 2 
2 11 2 9 6 1 7 1 1 2 
1 15 4 9 4 9 
36 6 
3 23 14 2 
4 32 3 2 1 
4 27 2 4 3 1 1 
2 2 22 11 5 
41 1 
28 10 3 1 
33 5 4 
2 11 29 
1 18 1 18 3 1 
5 29 8 
8 24 5 5 
5 6 15 5 2 9 
15 18 9 
1 30 8 1 2 
31 3 1 7 
24 10 8 
8 18 7 9 
1 21 20 
3 6 25 5 2 1 
1 37 1 3 
1 36 1 2 2 
2 36 2 2 
1 30 4 6 1 
7 2 5 19 9 
22 19 1 
3 12 19 4 2 1 1 
1 29 8 1 3 
1 36 3 2 
2 18 22 
5 13 1 18 2 1 2 
20 7 14 1 
2 1 27 3 3 3 3 
3 5 27 3 3 1 
16 6 19 1 
2 26 4 2 2 4 2 
9 28 5 
31 7 3 1 
39 3 
1 40 1 
3 10 29 
2 5 22 1 4 1 6 1 
1 32 5 3 1 
2 4 6 27 3 
6 22 6 7 1 
1 2 37 1 1 
1 36 4 1 
2 3 13 24 
1 8 16 7 3 4 3 
3 2 10 8 18 1 
8 19 1 7 1 4 1 1 
12 3 6 10 9 2 
1 17 18 6 
1 36 3 2 
1 34 5 1 1 
1 24 2 13 1 1 
1 7 21 4 7 2 
42 
4 11 27 
38 3 1 
2 3 21 12 1 1 1 1 
1 18 16 1 4 1 1 
2 8 12 2 3 6 2 4 1 2 
2 2 19 10 8 1 
2 25 10 5 
2 15 19 1 2 2 1 
12 14 13 2 1 
9 1 21 9 2 
13 20 8 1 
7 9 26 
3 7 13 13 6 
1 8 7 16 6 4 
3 11 9 12 2 2 3 
1 4 15 1 18 3 
1 33 2 2 4 
8 17 9 6 2 
1 1 19 12 9 
1 39 1 1 
3 38 1 
11 8 8 9 4 2 
1 32 4 1 4 
24 13 5 
1 28 10 1 1 1 
2 6 7 6 5 12 3 1 
1 40 1 
5 32 5 
2 18 17 5 
38 1 1 2 
1 38 3 
1 41 
1 21 18 1 1 
1 16 15 2 6 2 
7 29 2 2 2 
24 15 3 
6 7 18 11 
1 40 1 
27 5 8 2 
1 20 19 2 
1 4 18 11 5 1 1 1 
5 28 7 1 1 
19 23 
23 18 1 
22 12 7 1 
16 22 1 2 1 
41 1 
7 28 5 2 
1 11 15 12 3 
42 
3 8 26 3 2 
1 3 25 5 7 1 
1 38 1 1 1 
6 16 6 9 2 3 
1 4 9 11 2 11 1 3 
5 33 2 1 1 
2 40 
1 41 
10 15 6 9 2 
3 7 13 7 3 5 1 2 1 
4 15 19 4 
1 9 17 11 4 
3 31 7 1 
1 5 24 11 1 
16 2 5 16 2 1 
18 4 7 4 8 1 
6 22 13 1 
1 12 8 11 5 4 1 
8 8 14 5 4 2 1 
8 2 4 23 5 
1 21 5 9 5 1 
6 31 5 
1 41 
2 23 17 
32 1 4 1 2 2 
2 3 12 5 1 18 1 
2 29 4 1 6 
21 13 7 1 
1 41 
3 30 9 
1 3 34 3 1 
1 24 16 1 
1 37 1 3 
1 38 3 
1 34 7 
12 14 7 1 4 4 
1 22 1 15 1 1 1 
1 27 11 3 
2 26 3 2 7 2 
2 14 17 7 2 
1 2 34 1 4 
1 15 14 5 4 2 1 
3 36 1 1 1 
15 17 10 
2 3 7 18 5 7 
7 3 32 
1 40 1 
1 33 5 3 
1 13 15 9 4 
5 27 2 3 5 
1 8 26 5 2 
29 10 1 2 
2 3 33 1 3 
1 8 23 10 
39 1 2 
8 22 12 
36 3 3 
20 6 9 2 1 3 1 
4 33 3 2 
2 37 1 2 
2 30 10 
1 31 2 2 1 5 
1 15 9 10 1 5 1 
5 28 6 2 1 
2 28 11 1 
3 27 5 4 2 1 
5 28 7 2 
4 33 5 
1 10 7 10 12 2 
36 1 1 4 
7 9 7 12 6 1 
16 1 19 1 1 1 3 
1 22 5 11 1 2 
3 11 3 13 11 1 
10 3 5 24 
1 1 16 8 2 11 3 
10 23 4 5 
10 19 12 1 
1 8 33 
15 3 9 9 2 4 
2 17 12 11 
2 3 26 4 4 3 
2 12 15 1 4 8 
26 8 7 1 
1 12 29 
11 20 5 2 4 
1 17 9 4 11 
3 35 3 1 
1 8 1 6 11 9 3 3 
10 2 13 6 4 5 1 1 
33 4 4 1 
1 32 2 5 1 1 
1 28 9 2 1 1 
2 6 34 
5 19 1 12 3 1 1 
4 28 2 5 3 
1 27 13 1 
2 14 26 
3 10 14 6 7 1 1 
1 24 8 8 1 
1 17 14 1 6 2 1 
11 28 3 
1 22 17 2 
2 40 
16 26 
2 9 6 2 5 9 9 
1 28 11 2 
3 30 3 6 
3 16 4 14 5 
4 12 26 
1 34 2 5 
5 34 3 
9 24 5 3 1 
3 33 3 1 2 
2 28 3 9 
33 2 7 
1 4 28 2 3 1 3 
1 3 14 10 3 3 1 6 1 
1 37 3 1 
3 7 29 3 
9 28 2 3 
13 23 2 4 
1 7 30 2 2 
2 10 8 3 15 3 1 
2 37 3 
4 34 4 
2 36 2 1 1 
42 
13 3 16 7 1 2 
16 3 15 8 
1 41 
14 15 13 
5 5 3 9 6 12 1 1 
1 9 5 10 7 7 1 2 
4 20 7 4 7 
9 32 1 
42 
15 15 9 2 1 
15 6 3 3 3 4 6 1 1 
41 1 
1 13 28 
4 16 21 1 
5 19 8 5 3 2 
5 29 8 
2 10 4 8 8 2 1 5 2 
1 33 6 2 
1 18 1 9 10 2 1 
1 2 39 
2 16 23 1 
6 3 11 12 9 1 
2 24 12 4 
2 27 13 
13 2 12 9 4 2 
1 32 7 2 
1 1 20 5 10 4 1 
1 24 14 2 1 
1 16 20 4 1 
1 16 14 5 6 
15 16 11 
2 4 35 1 
1 21 14 4 1 1 
12 12 6 5 4 1 2 
1 38 3 
1 33 2 2 4 
4 9 14 2 2 6 3 2 
15 26 1 
5 16 19 1 1 
10 6 22 1 3 
1 10 30 1 
1 11 26 4 
3 20 14 4 1 
41 1 
12 9 18 3 
4 7 17 10 2 2 
2 37 1 1 1 
6 13 22 1 
1 17 15 5 2 2 
23 1 6 4 3 4 1 
1 35 6 
3 33 1 1 3 1 
9 9 4 11 9 
6 24 12 
1 6 1 17 16 1 
1 18 5 18 
2 12 2 13 2 6 3 2 
1 15 19 4 3 
29 10 2 1 
26 13 3 
1 9 6 9 15 1 1 
14 23 2 2 1 
9 33 
24 7 5 2 3 1 
4 27 11 
29 10 2 1 
1 33 8 
1 39 2 
1 35 2 2 1 1 
1 26 15 
1 30 11 
41 1 
37 1 4 
26 14 2 
2 36 3 1 
1 6 30 4 1 
1 27 14 
2 3 23 6 2 4 1 1 
1 17 1 9 12 2 
2 31 9 
42 
3 9 8 19 2 1 
4 10 28 
1 12 26 1 2 
18 22 2 
14 28 
1 1 11 7 3 10 8 1 
2 36 1 2 1 
41 1 
2 9 12 8 10 1 
3 12 13 8 1 5 
41 1 
7 4 4 22 4 1 
2 3 36 1 
1 30 9 1 1 
42 
4 33 5 
3 14 24 1 
2 32 8 
7 18 17 
5 13 20 2 2 
4 16 2 13 3 3 1 
15 9 10 7 1 
11 29 2 
1 23 12 3 1 2 
2 16 19 1 4 
4 1 15 10 11 1 
15 24 2 1 
17 22 3 
1 26 11 2 1 1 
1 36 4 1 
13 22 7 
1 15 4 11 9 2 
41 1 
9 19 10 4 
2 13 16 8 2 1 
1 19 15 2 3 1 1 
1 23 18 
23 16 3 
1 4 23 5 7 1 1 
5 18 19 
11 15 10 3 1 1 1 
1 14 19 2 5 1 
2 4 17 10 1 1 5 1 1 
1 18 15 8 
42 
3 27 9 3 
1 8 8 22 3 
13 17 4 8 
4 25 3 8 1 1 
4 13 14 3 7 1 
2 6 27 5 2 
4 15 3 6 5 1 6 1 1 
1 5 18 17 1 
2 35 5 
3 2 3 15 11 2 4 2 
22 12 8 
2 26 12 2 
5 29 8 
1 11 9 4 14 2 1 
5 32 2 2 1 
3 28 10 1 
38 1 3 
4 38 
1 17 14 8 1 1 
8 6 18 4 3 3 
1 39 1 1 
29 3 3 7 
1 4 24 10 2 1 
19 2 15 6 
2 37 1 2 
1 21 4 8 3 2 2 1 
37 3 1 1 
11 14 2 10 2 1 1 1 
6 11 25 
1 41 
5 13 15 9 
6 34 1 1 
1 24 5 6 6 
5 20 6 8 3 
16 2 21 2 1 
3 4 31 4 
1 18 2 2 6 7 2 2 1 1 
1 6 7 20 3 5 
1 5 14 6 14 2 
16 12 11 1 1 1 
1 20 6 2 10 2 1 
9 3 24 2 2 2 
1 21 8 7 2 3 
15 24 1 1 1 
1 4 9 11 13 2 2 
2 11 24 4 1 
2 6 21 9 2 2 
2 27 11 1 1 
1 37 4 
1 5 19 17 
4 11 16 9 1 1 
1 2 15 15 8 1 
13 9 7 7 1 2 1 2 
10 30 2 
1 21 4 13 1 2 
1 15 15 6 5 
1 18 11 9 2 1 
11 3 14 5 9 
15 24 3 
25 16 1 
12 27 3 
1 18 21 2 
1 28 9 2 2 
2 4 25 9 2 
2 8 18 1 13 
1 16 3 19 3 
42 
1 26 15 
32 5 5 
39 1 1 1 
3 6 14 10 6 1 2 
1 38 3 
2 17 19 4 
1 3 9 23 1 1 4 
1 11 7 16 7 
7 10 24 1 
42 
4 38 
3 34 2 3 
5 8 3 5 15 2 1 2 1 
1 5 8 26 2 
22 10 8 1 1 
1 15 8 17 1 
6 24 10 1 1 
1 27 13 1 
2 30 5 1 2 1 1 
4 16 2 19 1 
1 6 4 13 2 4 3 7 2 
7 26 2 3 2 2 
1 7 34 
3 8 24 1 1 3 1 1 
3 14 25 
3 13 1 15 3 6 1 
3 38 1 
2 2 36 2 
1 14 2 20 2 3 
8 31 1 1 1 
1 8 24 8 1 
1 39 2 
3 19 16 4 
7 8 12 7 1 3 4 
1 3 14 19 1 4 
42 
1 13 26 2 
9 22 6 3 1 1 
1 31 1 5 2 1 1 
6 8 28 
28 12 2 
2 36 3 1 
1 4 27 9 1 
1 17 1 16 5 1 1 
21 10 10 1 
2 20 5 7 4 1 2 1 
42 
1 11 1 27 1 1 
1 9 32 
1 20 12 5 4 
8 19 3 10 2 
1 30 3 5 3 
2 34 6 
12 6 9 10 1 1 1 2 
2 14 22 4 
1 40 1 
6 17 18 1 
42 
17 1 1 16 2 1 1 1 2 
2 32 5 1 2 
33 8 1 
1 32 9 
3 33 6 
1 11 4 24 2 
42 
22 13 6 1 
9 9 24 
2 40 
2 8 15 6 2 3 5 1 
23 17 1 1 
11 28 3 
1 16 15 7 2 1 
31 7 3 1 
3 19 7 4 4 1 3 1 
8 1 28 5 
1 16 6 2 5 6 3 3 
1 1 25 5 8 2 
2 26 13 1 
3 38 1 
1 17 20 1 3 
1 39 1 1 
39 2 1 
42 
1 5 36 
1 23 15 3 
13 7 20 1 1 
1 3 8 27 2 1 
1 8 10 10 3 2 2 2 2 2 
5 11 25 1 
7 25 8 2 
2 7 1 8 4 6 3 2 2 6 1 
1 36 5 
5 30 3 1 1 1 1 
1 33 8 
1 15 26 
2 11 18 9 1 1 
1 7 34 
1 16 4 7 4 4 3 3 
9 17 9 3 2 2 
39 1 1 1 
1 34 5 2 
2 10 30 
2 2 23 2 9 3 1 
1 8 26 5 2 
4 25 13 
1 38 2 1 
1 16 22 1 2 
2 38 2 
2 40 
2 6 20 11 3 
5 13 20 1 2 1 
2 5 17 10 5 3 
3 25 13 1 
6 36 
3 37 1 1 
1 3 31 6 1 
1 14 17 5 4 1 
5 34 3 
5 14 23 
1 10 10 9 2 10 
26 5 7 2 1 1 
2 4 7 4 11 9 5 
3 27 12 
7 31 1 2 1 
3 10 20 3 2 2 1 1 
31 2 1 1 7 
42 
2 7 26 2 3 2 
33 8 1 
1 39 2 
3 30 9 
42 
1 14 6 9 9 1 1 1 
40 1 1 
9 21 6 1 2 2 1 
1 12 6 9 3 3 4 2 2 
1 16 4 4 9 2 6 
1 6 32 1 2 
5 3 34 
1 33 4 1 1 2 
1 21 2 12 2 1 2 1 
23 9 8 1 1 
42 
2 31 9 
2 8 3 19 4 1 4 1 
13 8 2 3 10 6 
4 25 9 1 2 1 
12 24 4 2 
3 30 1 1 1 1 3 2 
23 6 8 4 1 
1 39 2 
42 
32 5 5 
1 1 3 35 1 1 
7 32 3 
2 29 6 4 1 
4 10 4 18 4 2 
3 22 14 2 1 
1 38 2 1 
5 10 14 2 9 1 1 
1 24 11 1 4 1 
1 24 9 1 5 2 
2 35 4 1 
2 24 7 7 2 
42 
1 26 6 3 6 
6 28 2 5 1 
16 13 13 
1 17 22 1 1 
8 28 6 
23 13 2 3 1 
1 16 23 2 
2 30 7 1 1 1 
6 4 10 3 1 3 10 2 1 2 
1 12 6 16 1 5 1 
1 14 15 10 2 
8 6 27 1 
7 7 8 16 3 1 
1 34 1 3 3 
1 27 14 
2 18 20 2 
1 30 5 4 2 
3 10 14 14 1 
1 29 12 
1 4 2 10 5 8 12 
12 21 8 1 
1 5 33 1 2 
2 28 1 8 3 
1 16 5 5 1 14 
1 17 6 12 5 1 
3 28 2 6 2 1 
30 4 2 4 1 1 
1 1 35 5 
32 7 2 1 
1 14 24 3 
5 3 20 2 8 2 1 1 
3 35 1 3 
7 5 18 6 6 
13 5 22 2 
5 8 25 1 1 2 
1 5 3 7 17 5 4 
32 4 2 3 1 
7 11 24 
1 37 4 
30 7 3 1 1 
1 6 34 1 
33 9 
1 16 23 1 1 
2 35 5 
34 5 2 1 
3 6 29 1 1 2 
5 27 2 5 3 
1 39 2 
3 11 14 10 2 2 
2 13 27 
4 36 1 1 
2 17 4 8 3 3 5 
2 23 7 1 8 1 
1 30 1 3 2 5 
2 21 6 11 1 1 
6 5 16 2 2 10 1 
3 25 14 
19 10 11 2 
4 33 4 1 
2 8 28 4 
4 31 1 6 
2 15 7 11 4 2 1 
3 8 31 
2 29 11 
2 4 19 3 2 9 1 2 
2 38 1 1 
20 21 1 
1 14 9 11 1 6 
2 36 2 2 
21 9 2 6 4 
14 24 2 2 
1 37 1 1 1 1 
2 25 6 8 1 
1 17 13 2 1 7 1 
3 30 8 1 
1 14 16 1 10 
3 25 14 
40 1 1 
14 5 1 3 9 1 8 1 
28 10 1 3 
17 2 5 13 5 
33 2 2 3 1 1 
17 13 2 1 5 4 
3 6 11 4 17 1 
3 23 6 1 6 2 1 
39 2 1 
40 2 
1 21 1 10 4 3 2 
1 36 5 
4 30 8 
1 23 8 3 6 1 
2 11 5 2 22 
31 10 1 
3 35 3 1 
1 6 6 13 13 2 1 
15 18 7 2 
11 12 19 
1 15 5 20 1 
2 34 6 
4 19 10 3 3 1 1 1 
1 24 6 3 6 1 1 
1 9 30 1 1 
2 21 5 11 3 
5 7 6 12 2 10 
1 25 1 8 6 1 
2 36 2 2 
4 26 2 8 1 1 
1 41 
1 34 7 
4 17 11 7 3 
12 21 2 4 2 1 
34 8 
2 27 13 
11 21 8 2 
1 26 15 
10 2 19 3 4 1 2 1 
2 24 16 
1 26 12 2 1 
17 5 3 17 
1 1 3 10 4 21 1 1 
1 18 13 4 6 
2 7 4 15 11 3 
1 19 22 
5 6 13 1 2 9 5 1 
13 9 10 2 8 
2 23 10 1 1 2 3 
1 4 20 6 7 4 
8 7 7 17 1 1 1 
22 2 7 11 
11 4 1 7 14 4 1 
1 19 21 1 
1 28 4 6 2 1 
1 34 3 4 
2 15 14 1 4 1 1 2 2 
3 35 4 
1 18 6 16 1 
4 21 9 1 5 1 1 
6 23 5 8 
17 9 16 
13 17 3 7 1 1 
12 26 2 2 
9 5 6 6 12 1 2 1 
10 26 1 4 1 
7 13 17 3 2 
2 22 18 
24 5 4 4 2 2 1 
12 4 24 1 1 
37 3 2 
1 17 24 
2 23 4 5 3 2 2 1 
2 8 28 3 1 
2 33 7 
2 7 9 11 7 5 1 
1 15 5 9 10 1 1 
26 10 3 2 1 
2 14 6 18 2 
4 12 4 14 7 1 
1 10 18 8 3 2 
3 34 3 1 1 
1 21 19 1 
1 13 1 9 5 9 3 1 
4 13 22 2 1 
5 35 1 1 
9 5 21 6 1 
34 5 3 
11 29 1 1 
20 13 8 1 
1 38 3 
1 36 4 1 
14 20 3 5 
2 27 6 2 2 3 
6 23 12 1 
1 6 24 5 6 
6 27 8 1 
2 20 20 
1 6 28 3 1 2 1 
1 8 15 7 7 4 
9 10 11 10 2 
1 6 35 
42 
1 33 2 6 
2 4 4 17 6 5 3 1 
1 23 8 3 3 1 2 1 
25 6 11 
1 33 3 2 3 
3 11 19 6 3 
3 29 5 5 
2 18 19 3 
39 3 
3 30 9 
42 
3 29 1 3 3 2 1 
1 10 21 6 3 1 
1 28 13 
1 36 5 
2 7 3 23 5 2 
2 31 3 2 4 
2 19 19 1 1 
11 12 17 1 1 
3 25 11 2 1 
35 5 2 
3 12 21 4 1 1 
42 
1 15 11 9 1 5 
1 5 6 2 28 
2 4 36 
11 30 1 
2 22 12 6 
2 17 23 
3 30 7 2 
2 20 5 1 8 6 
2 39 1 
21 12 6 2 1 
30 10 2 
38 1 1 2 
4 29 7 1 1 
3 2 33 4 
1 32 3 2 1 3 
1 20 6 5 7 2 1 
3 22 2 9 4 1 1 
4 19 19 
2 17 13 1 9 
1 20 17 3 1 
2 26 2 11 1 
4 38 
6 9 18 6 2 1 
1 35 1 1 1 3 
17 15 4 4 1 1 
1 32 6 3 
17 13 12 
7 11 11 9 4 
15 17 4 1 2 2 1 
4 11 2 10 5 2 5 1 1 1 
6 8 25 2 1 
1 39 2 
6 30 4 1 1 
1 30 7 4 
20 15 7 
9 32 1 
39 1 2 
1 27 14 
24 3 1 9 2 2 1 
37 4 1 
4 27 9 1 1 
3 15 24 
1 22 1 3 1 4 7 1 1 1 
2 25 12 3 
19 13 10 
1 12 12 5 9 2 1 
1 8 11 7 4 4 5 1 1 
24 6 12 
5 19 8 2 2 6 
1 31 3 2 1 4 
1 18 12 11 
7 4 4 8 15 3 1 
16 16 4 3 2 1 
1 22 14 2 1 1 1 
1 38 3 
11 9 12 3 3 1 2 1 
1 35 4 2 
4 35 3 
1 32 3 1 2 1 1 1 
3 16 23 
23 16 1 2 
1 39 1 1 
3 1 24 1 9 2 2 
4 9 24 4 1 
6 21 15 
5 25 12 
21 4 7 3 4 1 1 1 
3 4 25 2 2 4 2 
11 8 1 14 2 5 1 
7 11 20 4 
6 34 2 
5 20 1 9 3 4 
19 4 7 5 2 5 
1 24 16 1 
2 30 9 1 
7 16 5 10 1 3 
33 5 3 1 
2 38 2 
1 4 4 30 1 2 
3 20 9 10 
3 20 4 5 2 2 4 2 
1 32 2 1 2 2 2 
1 39 2 
1 37 4 
1 18 3 14 6 
4 7 8 20 2 1 
1 38 2 1 
5 33 1 1 1 1 
1 23 18 
18 12 12 
1 8 18 15 
14 6 21 1 
2 23 2 5 2 7 1 
1 8 33 
16 13 7 1 3 1 1 
1 34 3 3 1 
1 6 34 1 
1 30 10 1 
1 36 5 
8 16 18 
8 34 
20 3 6 6 2 5 
12 29 1 
1 13 1 1 5 18 2 1 
1 20 11 4 2 2 2 
32 5 1 1 3 
1 3 16 22 
2 17 1 15 6 1 
2 32 2 1 3 2 
22 4 11 4 1 
1 17 23 1 
1 8 30 3 
2 7 3 7 5 13 5 
36 4 2 
3 38 1 
1 39 1 1 
27 14 1 
20 21 1 
31 2 7 2 
1 41 
2 30 7 1 2 
8 1 30 3 
4 9 17 1 8 1 1 1 
41 1 
10 32 
2 23 13 1 1 2 
13 12 5 11 1 
42 
1 38 3 
2 10 30 
3 6 2 1 20 1 5 4 
2 29 1 4 1 3 1 1 
2 27 4 6 3 
1 25 16 
4 28 10 
2 23 17 
10 30 2 
2 20 17 2 1 
1 15 23 1 2 
2 27 11 2 
6 3 19 14 
40 2 
16 18 1 7 
2 10 23 5 1 1 
3 17 11 5 2 4 
37 5 
1 27 14 
1 30 7 4 
7 32 1 2 
2 32 8 
13 24 2 2 1 
1 10 10 16 2 1 2 
1 11 24 4 2 
1 32 5 3 1 
1 37 4 
4 37 1 
1 29 6 4 1 1 
7 32 3 
2 23 9 2 4 2 
3 36 1 1 1 
5 2 9 5 5 2 6 6 1 1 
21 13 1 2 1 4 
7 22 11 1 1 
2 26 14 
21 6 12 3 
1 21 10 7 3 
4 33 5 
6 9 6 12 9 
27 4 11 
2 9 17 7 5 2 
37 5 
2 36 1 2 1 
2 11 9 15 2 3 
1 28 11 1 1 
1 36 1 3 1 
1 41 
1 33 5 1 2 
1 3 38 
1 18 21 2 
3 12 24 1 1 1 
1 34 3 2 2 
42 
9 25 8 
40 1 1 
36 1 5 
15 24 1 1 1 
7 13 5 14 2 1 
17 20 1 2 2 
4 24 14 
1 8 33 
4 38 
1 39 2 
1 40 1 
2 5 21 2 1 9 1 1 
3 11 19 5 4 
1 12 29 
9 26 5 2 
5 30 5 2 
20 14 4 2 1 1 
1 28 5 4 4 
13 10 19 
1 32 8 1 
12 8 12 6 4 
42 
2 27 1 2 9 1 
1 32 8 1 
1 20 17 4 
2 28 11 1 
3 6 15 11 7 
7 17 16 2 
1 4 13 23 1 
1 9 2 27 3 
1 19 6 14 1 1 
2 5 32 1 1 1 
11 25 2 3 1 
10 3 29 
1 40 1 
1 20 21 
6 20 15 1 
4 30 4 1 1 2 
2 10 22 4 4 
3 38 1 
4 16 7 11 2 1 1 
1 28 2 4 4 1 1 1 
1 2 33 1 2 2 1 
7 4 18 5 2 5 1 
36 6 
1 32 2 4 2 1 
7 17 18 
10 30 2 
1 30 5 5 1 
5 1 4 14 16 1 1 
1 7 22 8 2 2 
1 26 3 6 2 1 1 2 
28 2 11 1 
25 2 1 6 2 3 1 1 1 
1 38 3 
27 6 6 3 
29 6 4 1 1 1 
1 1 26 7 4 1 2 
1 10 9 8 1 11 2 
1 32 5 4 
1 34 4 3 
2 36 3 1 
1 40 1 
3 20 19 
1 33 8 
13 14 15 
1 21 11 1 7 1 
3 28 8 2 1 
1 22 4 8 4 1 1 1 
5 17 14 2 4 
6 5 7 14 5 2 3 
7 31 3 1 
6 7 23 4 2 
5 30 3 2 1 1 
11 26 5 
13 11 6 12 
4 12 11 13 1 1 
1 10 29 1 1 
1 14 14 1 10 2 
5 14 3 19 1 
3 21 18 
2 21 19 
40 2 
42 
1 10 11 17 3 
7 28 3 2 1 1 
3 25 13 1 
8 19 1 4 9 1 
1 32 9 
1 7 30 2 2 
2 31 2 4 1 2 
1 40 1 
5 25 12 
1 41 
3 15 20 3 1 
13 9 19 1 
5 34 2 1 
1 27 14 
1 15 9 10 1 2 3 1 
2 20 17 2 1 
35 2 5 
20 18 4 
21 21 
2 20 11 6 1 1 1 
1 15 6 4 8 6 1 1 
3 29 6 4 
1 24 13 1 1 1 1 
1 35 6 
39 1 2 
7 27 5 2 1 
3 35 4 
1 16 18 3 4 
24 2 1 6 6 1 2 
19 14 9 
1 1 31 9 
3 19 5 7 6 1 1 
25 6 2 4 3 1 1 
4 8 12 7 8 2 1 
33 5 4 
16 7 8 10 1 
2 16 20 3 1 
8 25 4 3 2 
13 27 2 
1 3 31 3 2 1 1 
2 36 4 
5 9 2 10 3 1 11 1 
1 25 16 
1 37 4 
12 5 19 1 4 1 
5 1 3 14 10 5 3 1 
3 7 20 9 1 2 
39 3 
5 1 11 3 8 4 4 1 3 1 1 
23 19 
2 10 20 9 1 
1 39 1 1 
1 40 1 
8 15 3 10 5 1 
1 14 18 6 2 1 
1 40 1 
41 1 
11 29 1 1 
7 12 7 13 1 2 
16 24 2 
3 27 7 4 1 
31 3 8 
13 22 2 3 1 1 
2 38 2 
1 12 2 5 7 10 1 1 3 
1 4 26 6 5 
5 12 10 7 1 7 
2 11 19 6 1 3 
1 11 5 2 8 4 5 1 3 2 
1 8 22 8 2 1 
1 21 5 15 
3 30 8 1 
5 25 11 1 
9 32 1 
1 3 5 9 8 13 3 
1 11 4 23 3 
2 36 4 
7 23 3 5 3 1 
10 15 8 9 
3 34 2 1 2 
1 29 9 3 
1 39 2 
1 30 1 3 6 1 
42 
5 9 12 4 12 
1 7 27 5 1 1 
22 10 10 
2 32 8 
4 2 36 
3 12 3 21 3 
11 8 23 
1 40 1 
7 14 4 4 6 5 1 1 
1 15 12 13 1 
1 23 18 
22 16 3 1 
1 30 4 3 1 3 
1 6 1 5 10 16 2 1 
1 13 21 4 2 1 
8 5 6 15 2 5 1 
1 16 10 8 2 1 4 
1 32 8 1 
1 35 4 1 1 
2 27 12 1 
3 13 18 5 1 1 1 
42 
37 3 2 
2 8 29 1 2 
1 21 17 1 1 1 
4 28 7 1 2 
1 3 23 3 12 
1 40 1 
4 9 25 1 3 
2 2 26 1 1 4 3 2 1 
13 4 22 3 
8 27 5 1 1 
24 4 5 1 5 3 
1 5 9 7 8 6 6 
6 28 1 5 1 1 
22 17 3 
24 18 
4 16 18 3 1 
1 30 11 
3 31 8 
30 8 2 1 1 
1 27 14 
3 2 10 9 6 4 8 
35 7 
1 4 31 1 5 
42 
8 10 3 4 9 1 3 4 
1 3 5 26 6 1 
16 4 3 12 1 2 3 1 
1 13 27 1 
4 7 21 2 2 2 4 
1 38 3 
1 38 1 2 
1 31 9 1 
4 17 21 
3 19 10 6 1 2 1 
7 3 15 12 3 2 
1 27 11 3 
1 1 16 19 3 2 
2 5 14 15 4 2 
2 17 18 1 4 
3 38 1 
1 37 4 
2 23 13 3 1 
4 19 17 2 
11 22 4 2 1 1 1 
19 1 3 11 5 1 2 
24 11 6 1 
36 1 5 
15 25 2 
35 3 2 2 
1 5 36 
17 19 6 
2 3 9 18 4 1 5 
1 18 8 15 
5 20 12 2 1 1 1 
1 36 5 
1 4 4 16 3 6 6 2 
1 17 24 
1 4 36 1 
1 19 22 
6 9 16 2 5 2 2 
26 16 
1 33 4 4 
2 14 11 2 13 
36 5 1 
5 1 13 10 7 5 1 
1 32 2 4 3 
1 29 1 10 1 
7 20 5 3 6 1 
2 5 35 
3 16 2 20 1 
14 12 12 2 2 
1 6 31 4 
1 22 10 5 4 
1 33 3 1 4 
1 8 33 
1 28 3 4 1 4 1 
4 22 13 3 
8 11 8 15 
6 24 11 1 
1 9 12 18 2 
1 40 1 
1 18 2 8 4 9 
2 1 8 27 2 2 
1 35 2 3 1 
1 27 10 4 
21 7 14 
1 36 5 
1 30 1 8 2 
24 5 13 
3 32 1 2 1 2 1 
1 10 31 
1 1 20 11 9 
1 30 1 7 1 2 
2 9 10 5 7 4 5 
7 12 4 18 1 
21 19 2 
2 14 26 
9 27 4 2 
11 27 4 
1 23 3 2 13 
14 9 12 1 6 
7 6 13 13 3 
1 29 2 6 1 3 
3 29 4 2 3 1 
18 5 9 4 3 1 1 1 
1 33 8 
1 37 4 
2 35 5 
42 
21 10 9 1 1 
1 34 6 1 
2 6 2 27 4 1 
3 34 3 1 1 
3 25 6 2 4 1 1 
1 20 21 
1 3 1 36 1 
2 5 29 3 3 
7 28 1 2 4 
34 6 1 1 
42 
4 15 8 13 1 1 
2 3 25 3 8 1 
9 26 1 4 2 
37 3 2 
1 30 10 1 
2 24 4 5 5 1 1 
3 36 3 
1 10 12 15 4 
1 31 8 2 
1 20 10 9 2 
42 
1 40 1 
37 3 1 1 
42 
26 2 14 
1 40 1 
1 30 11 
1 26 11 2 1 1 
6 21 5 10 
9 8 4 21 
41 1 
5 29 8 
2 1 6 6 26 1 
36 5 1 
4 15 5 2 11 2 1 1 1 
5 4 30 3 
1 5 7 5 2 19 3 
1 16 24 1 
24 6 12 
3 6 24 9 
2 31 8 1 
1 9 28 2 2 
25 8 1 5 3 
10 10 16 4 1 1 
1 21 5 7 8 
10 19 3 1 7 2 
3 27 11 1 
1 2 37 1 1 
1 15 24 1 1 
2 35 5 
4 2 16 5 9 1 3 1 1 
1 9 29 3 
21 7 13 1 
1 35 6 
2 5 24 11 
2 4 16 16 2 1 1 
40 2 
20 20 2 
11 8 4 5 2 10 1 1 
1 28 13 
1 40 1 
1 29 8 3 1 
19 4 7 9 2 1 
22 19 1 
7 3 28 1 1 1 1 
23 4 5 3 3 3 1 
41 1 
1 18 15 2 3 1 2 
17 20 1 1 3 
2 2 24 4 7 3 
15 17 2 5 3 
1 31 10 
3 33 6 
3 27 1 11 
11 18 1 5 3 3 1 
40 1 1 
1 26 13 2 
42 
1 41 
17 4 5 14 2 
1 5 28 6 2 
2 25 4 2 9 
1 16 25 
11 1 1 16 7 1 1 2 2 
6 27 5 3 1 
7 13 4 7 2 4 2 2 1 
11 11 13 5 2 
7 4 7 17 4 1 2 
2 15 8 6 9 1 1 
4 14 15 8 1 
1 41 
4 14 2 10 10 2 
14 8 2 2 1 10 3 1 1 
2 11 1 7 18 3 
2 8 31 1 
1 37 2 2 
8 5 29 
1 15 9 12 3 1 1 
5 30 7 
1 11 23 2 5 
1 18 6 15 2 
2 5 8 2 15 3 1 1 3 2 
1 5 2 10 3 9 12 
2 14 16 2 8 
2 29 3 4 1 3 
1 20 8 8 5 
1 16 11 3 9 1 1 
1 21 3 2 8 1 2 1 3 
1 31 10 
33 8 1 
5 21 16 
4 20 4 1 11 1 1 
9 10 3 9 8 2 1 
1 9 15 6 3 2 5 1 
41 1 
1 39 2 
4 16 7 8 3 2 1 1 
2 34 3 3 
1 41 
1 14 3 20 2 1 1 
1 6 9 3 9 9 3 1 1 
8 17 8 7 2 
34 6 1 1 
2 36 4 
2 33 7 
40 1 1 
6 35 1 
31 6 5 
42 
1 19 4 6 1 8 1 2 
1 26 1 12 2 
2 39 1 
2 35 3 2 
3 33 6 
11 30 1 
23 3 10 1 2 2 1 
2 13 27 
22 11 6 3 
1 8 22 1 5 2 1 2 
1 11 20 1 8 1 
1 18 9 12 2 
6 20 8 5 2 1 
1 22 3 1 9 6 
1 40 1 
1 38 3 
2 21 19 
12 19 10 1 
2 21 14 2 1 1 1 
5 18 19 
1 30 11 
3 15 6 14 1 3 
1 18 11 12 
1 39 2 
1 32 6 2 1 
2 32 3 3 1 1 
26 7 6 3 
1 35 1 2 3 
14 3 25 
12 24 5 1 
1 3 13 1 21 3 
1 15 21 4 1 
10 23 1 8 
34 2 4 1 1 
1 17 24 
1 25 12 3 1 
9 24 9 
1 34 3 4 
13 11 6 6 2 3 1 
8 13 21 
7 18 1 16 
5 34 1 2 
1 4 19 16 2 
1 16 18 3 2 2 
2 13 8 10 9 
12 24 3 2 1 
3 13 10 9 6 1 
5 24 11 2 
23 18 1 
42 
8 5 3 20 5 1 
24 10 3 1 2 2 
1 20 7 2 8 3 1 
1 15 26 
1 37 2 1 1 
4 10 25 3 
2 24 15 1 
1 21 19 1 
42 
42 
2 36 2 1 1 
1 21 10 7 1 1 1 
2 32 2 4 2 
9 18 11 3 1 
16 18 6 1 1 
3 38 1 
17 7 4 11 3 
9 6 14 12 1 
21 16 4 1 
4 35 3 
1 9 1 24 2 5 
1 13 14 10 3 1 
2 14 12 8 3 1 1 1 
5 11 20 1 5 
2 9 28 1 2 
42 
1 7 29 4 1 
1 18 2 11 10 
1 16 14 10 1 
1 40 1 
10 17 1 7 2 5 
8 28 6 
2 33 7 
36 3 3 
1 35 2 2 2 
2 5 14 18 3 
7 5 18 5 7 
1 24 17 
14 10 17 1 
20 4 1 10 6 1 
38 3 1 
2 24 3 10 2 1 
3 28 1 6 2 2 
20 19 3 
1 22 12 6 1 
1 30 10 1 
4 20 17 1 
1 20 5 7 6 2 1 
1 29 8 1 1 2 
20 8 14 
16 8 13 5 
1 23 12 4 1 1 
3 21 18 
14 6 10 1 10 1 
7 12 8 5 4 3 2 1 
2 3 12 25 
15 17 4 2 3 1 
2 16 15 4 1 3 1 
2 5 14 16 1 2 2 
1 7 27 7 
4 35 2 1 
3 25 11 2 1 
3 11 5 6 17 
1 34 2 2 3 
11 29 1 1 
1 40 1 
3 23 4 7 1 4 
11 5 11 14 1 
17 6 3 4 7 2 3 
11 28 1 2 
7 1 34 
3 2 31 6 
1 27 13 1 
1 40 1 
1 15 1 16 8 1 
10 31 1 
1 12 26 2 1 
9 12 20 1 
1 4 16 11 6 3 1 
37 4 1 
1 11 7 11 7 3 2 
1 22 10 7 2 
5 7 19 8 1 2 
10 9 19 2 2 
1 30 6 2 3 
1 7 32 1 1 
42 
7 18 17 
4 20 12 4 1 1 
29 9 2 2 
1 2 19 18 1 1 
2 35 2 2 1 
1 38 1 1 1 
1 14 26 1 
1 40 1 
5 7 9 13 7 1 
1 19 16 2 2 2 
11 29 2 
34 5 2 1 
9 11 8 8 6 
2 21 13 5 1 
1 24 8 8 1 
5 29 8 
1 1 34 6 
7 27 8 
2 8 27 1 4 
1 18 2 15 2 1 2 1 
42 
30 4 3 2 3 
10 29 1 2 
24 9 4 1 3 1 
1 11 25 1 3 1 
3 19 18 1 1 
1 20 18 2 1 
2 31 2 5 2 
23 9 5 2 1 2 
25 4 7 6 
1 30 11 
3 36 1 2 
1 25 15 1 
3 2 33 4 
1 15 26 
2 16 6 7 11 
8 4 10 8 11 1 
2 19 19 2 
1 16 21 3 1 
1 3 2 26 9 1 
2 9 12 8 10 1 
1 27 14 
9 3 17 5 3 3 2 
38 1 3 
1 15 26 
2 31 1 4 2 1 1 
42 
1 37 2 1 1 
5 20 4 4 8 1 
1 25 11 3 1 1 
13 27 1 1 
1 2 15 16 4 4 
37 1 4 
25 3 5 7 2 
1 28 11 2 
1 10 13 16 2 
2 19 14 7 
5 4 23 10 
3 39 
2 29 3 2 2 1 1 1 1 
1 16 21 3 1 
3 16 2 5 6 7 3 
1 20 9 2 1 1 1 1 1 3 2 
4 23 8 1 1 4 1 
27 9 1 2 2 1 
3 24 10 1 4 
6 6 28 2 
1 34 7 
1 6 22 3 9 1 
17 2 12 10 1 
1 24 16 1 
6 10 16 7 1 1 1 
1 27 14 
39 3 
1 36 4 1 
1 36 2 1 2 
1 20 12 4 1 4 
2 6 13 2 12 3 2 2 
42 
1 33 7 1 
2 31 7 1 1 
1 30 3 5 3 
1 3 16 5 2 2 1 3 1 4 1 1 1 1 
1 37 4 
2 6 23 9 1 1 
3 23 14 2 
1 36 5 
1 35 2 1 2 1 
15 17 3 6 1 
7 35 
1 8 15 9 6 3 
9 11 8 13 1 
2 39 1 
1 34 6 1 
1 9 32 
42 
10 5 7 1 4 12 1 2 
3 24 15 
3 2 30 5 1 1 
1 20 11 5 4 1 
1 40 1 
1 17 9 13 1 1 
3 17 2 20 
1 11 20 7 1 2 
14 20 5 2 1 
42 
24 4 3 4 3 1 3 
4 27 6 3 2 
32 2 5 1 2 
10 23 3 3 2 1 
2 34 5 1 
1 28 4 8 1 
1 40 1 
7 22 12 1 
29 1 12 
1 17 24 
1 19 9 4 6 3 
1 33 1 7 
1 22 2 16 1 
2 33 7 
33 6 3 
42 
7 3 25 5 1 1 
31 6 5 
2 19 11 5 1 3 1 
1 35 3 1 1 1 
1 35 5 1 
3 39 
6 34 1 1 
1 20 5 15 1 
5 2 2 1 32 
1 38 2 1 
27 15 
1 27 8 1 2 2 1 
28 7 6 1 
1 22 9 9 1 
15 25 2 
24 5 13 
5 1 24 6 4 1 1 
4 5 17 10 4 1 1 
1 13 9 13 2 2 2 
4 18 11 4 1 2 2 
1 4 10 6 3 8 3 2 1 1 2 1 
1 21 7 12 1 
8 5 15 4 7 2 1 
5 35 1 1 
2 24 13 1 1 1 
1 25 7 7 2 
11 13 7 6 1 2 2 
31 9 1 1 
1 7 10 11 5 6 2 
42 
2 25 14 1 
2 14 13 12 1 
2 3 3 18 2 7 6 1 
4 2 16 3 14 3 
2 26 14 
1 40 1 
2 37 3 
22 11 9 
6 35 1 
42 
1 18 15 5 3 
42 
2 38 1 1 
27 3 5 1 4 1 1 
1 6 21 5 8 1 
40 2 
1 18 19 4 
21 10 6 1 4 
1 12 5 23 1 
2 40 
1 33 7 1 
3 3 18 8 1 3 3 1 2 
1 34 7 
1 31 4 3 2 1 
11 31 
11 22 9 
1 30 8 1 1 1 
20 8 4 1 6 3 
1 17 20 1 3 
5 20 17 
3 14 25 
1 34 1 3 1 2 
2 15 3 7 8 7 
7 32 3 
1 17 18 1 2 2 1 
24 14 4 
13 19 1 9 
2 39 1 
14 14 1 9 4 
1 12 15 13 1 
1 30 11 
1 22 16 1 2 
1 15 21 5 
3 23 4 12 
9 1 30 2 
13 6 15 5 3 
1 20 2 12 3 3 1 
5 37 
4 37 1 
9 21 10 1 1 
1 15 8 4 12 2 
2 12 20 5 2 1 
1 7 13 7 5 1 4 2 1 1 
1 5 27 7 2 
4 11 24 1 2 
1 23 12 6 
4 25 9 4 
1 15 19 4 2 1 
15 21 6 
2 29 1 10 
8 34 
1 38 3 
1 29 12 
2 7 24 3 3 3 
1 33 8 
1 27 11 1 2 
9 17 13 1 2 
4 34 2 1 1 
2 29 9 1 1 
1 29 12 
1 35 6 
1 22 17 1 1 
1 32 9 
1 12 17 11 1 
5 1 8 13 14 1 
34 2 5 1 
3 35 2 1 1 
3 38 1 
2 6 13 2 15 4 
4 17 14 1 6 
2 18 4 9 8 1 
1 21 17 1 1 1 
1 1 20 15 1 1 1 2 
2 14 5 12 8 1 
1 39 1 1 
2 35 2 3 
8 28 2 2 1 1 
42 
4 11 14 8 5 
1 40 1 
1 25 5 10 1 
2 1 28 2 9 
1 10 22 1 6 1 1 
2 16 4 1 4 9 1 3 1 1 
1 30 8 1 1 1 
4 34 4 
42 
42 
2 26 9 1 4 
2 30 9 1 
6 11 1 2 17 3 1 1 
2 9 6 9 1 12 3 
4 13 18 3 2 2 
16 17 6 1 1 1 
8 3 23 4 1 1 1 1 
1 34 3 4 
6 16 16 3 1 
1 8 28 3 2 
42 
3 29 5 4 1 
5 20 7 10 
3 1 14 6 5 13 
1 26 15 
2 4 24 1 5 1 5 
3 23 16 
14 4 1 11 9 3 
30 3 7 1 1 
9 23 6 4 
5 5 5 27 
1 35 2 4 
2 11 7 11 5 4 2 
13 26 3 
7 24 11 
40 1 1 
3 18 4 16 1 
5 6 25 4 1 1 
31 8 2 1 
1 41 
1 9 31 1 
1 40 1 
12 4 19 7 
16 1 22 1 2 
11 18 5 7 1 
2 5 35 
1 1 16 22 2 
2 14 10 10 6 
6 6 13 13 3 1 
2 3 10 21 4 2 
2 27 3 4 1 5 
6 10 9 4 7 1 3 2 
3 33 5 1 
37 4 1 
1 16 14 4 1 2 1 1 1 1 
41 1 
29 10 2 1 
10 14 15 3 
42 
1 40 1 
1 34 3 1 3 
1 33 7 1 
3 19 18 1 1 
1 35 6 
24 17 1 
1 9 12 11 2 4 3 
6 5 28 1 1 1 
19 6 7 5 3 1 1 
1 19 18 3 1 
1 23 14 2 2 
1 12 2 8 12 4 2 1 
28 4 3 1 6 
1 6 4 1 6 22 2 
2 24 11 3 1 1 
