1 21 21 
2 17 18 5 1 
6 19 18 
10 24 9 
2 23 18 
2 2 39 
1 32 2 5 1 2 
1 37 2 3 
19 21 2 1 
3 7 5 4 20 4 
8 15 3 9 6 1 1 
1 33 4 3 1 1 
1 4 9 3 26 
2 8 33 
7 23 6 7 
3 8 6 5 2 16 1 2 
1 26 8 2 3 1 2 
2 27 2 9 2 1 
1 19 5 12 2 4 
4 12 16 6 1 2 2 
6 25 1 11 
7 33 1 1 1 
19 14 4 3 2 1 
17 19 3 4 
2 9 1 8 5 8 8 2 
34 2 7 
43 
1 7 3 25 2 5 
8 21 14 
1 24 9 7 2 
1 7 14 6 14 1 
2 21 5 11 4 
1 39 2 1 
42 1 
10 26 6 1 
10 26 6 1 
7 19 12 1 3 1 
1 34 2 5 1 
33 4 3 2 1 
2 14 7 11 8 1 
3 39 1 
7 2 14 4 12 4 
1 9 9 17 7 
1 28 11 2 1 
4 10 25 3 1 
2 16 4 7 6 3 5 
5 2 10 22 1 1 1 1 
4 6 15 16 2 
32 10 1 
1 41 1 
2 30 8 3 
2 24 11 6 
1 5 6 16 12 1 2 
1 41 1 
10 16 13 4 
1 15 4 3 1 13 1 4 1 
19 23 1 
1 20 3 1 7 9 2 
25 14 1 3 
1 17 18 3 4 
23 2 14 1 1 1 1 
1 32 4 3 2 1 
3 1 39 
2 30 7 2 2 
3 22 18 
7 23 7 6 
15 10 12 3 1 1 1 
7 27 6 1 2 
1 18 19 5 
1 39 3 
2 20 18 1 2 
1 31 4 6 1 
1 12 9 2 3 11 4 1 
8 18 4 13 
2 13 6 5 17 
1 11 8 2 3 2 3 4 6 2 1 
4 18 4 4 7 6 
2 26 1 3 2 7 1 1 
6 17 17 3 
1 12 18 2 4 6 
4 18 19 2 
4 25 14 
30 9 4 
4 2 15 6 5 8 1 1 1 
3 38 2 
2 38 3 
2 2 10 3 5 7 12 2 
20 11 1 2 2 1 4 1 1 
9 16 1 5 9 3 
2 4 17 18 2 
4 18 2 11 8 
2 33 8 
43 
1 25 17 
6 19 14 2 1 1 
1 35 7 
2 17 11 1 2 5 4 1 
1 8 15 3 7 6 2 1 
1 9 32 1 
1 13 11 2 1 11 2 1 1 
1 4 33 5 
25 5 3 6 4 
1 31 10 1 
2 30 10 1 
20 17 3 1 2 
3 21 10 8 1 
1 40 2 
1 26 16 
2 40 1 
22 1 10 5 4 1 
8 30 1 4 
4 29 5 2 1 1 1 
13 10 17 3 
38 5 
43 
1 41 1 
10 18 13 2 
1 1 33 6 1 1 
1 19 20 1 1 1 
4 22 9 3 5 
2 32 1 4 4 
11 13 17 2 
1 37 4 1 
1 36 3 3 
43 
1 28 14 
1 14 2 4 6 8 8 
11 1 20 2 4 5 
1 19 23 
1 10 30 2 
4 28 4 5 1 1 
1 42 
1 18 11 13 
1 21 21 
6 24 2 7 1 2 1 
1 23 14 2 2 1 
1 34 6 2 
2 30 5 1 3 1 1 
1 7 1 12 16 2 4 
1 4 23 6 4 3 2 
3 37 1 2 
3 18 9 1 11 1 
43 
7 34 1 1 
9 20 2 10 1 1 
1 35 1 5 1 
2 39 1 1 
2 36 5 
2 28 13 
2 41 
42 1 
1 22 20 
1 19 22 1 
10 9 24 
7 28 2 6 
7 21 7 5 1 2 
4 10 22 6 1 
16 11 16 
1 41 1 
1 8 20 13 1 
1 14 28 
1 15 27 
4 18 9 1 4 7 
4 5 3 20 1 8 2 
4 38 1 
6 7 27 3 
15 20 6 2 
1 41 1 
2 24 1 4 6 2 3 1 
1 26 16 
1 35 3 4 
1 17 23 1 1 
17 13 13 
39 2 2 
1 4 21 8 5 2 1 1 
4 30 9 
20 2 8 2 3 1 4 3 
2 15 19 7 
41 1 1 
8 32 3 
43 
3 27 11 1 1 
14 6 9 7 3 2 2 
10 25 6 2 
1 5 16 13 7 1 
2 2 28 2 8 1 
3 19 21 
29 7 1 2 4 
1 19 10 3 7 1 1 1 
1 8 16 8 10 
4 21 17 1 
27 8 8 
1 30 12 
3 16 4 8 8 1 1 1 1 
25 8 7 1 1 1 
1 35 6 1 
1 42 
2 23 10 2 2 4 
3 12 28 
14 5 21 3 
2 3 11 1 1 17 8 
13 12 6 12 
3 37 3 
1 3 22 8 8 1 
1 3 5 3 13 18 
1 9 4 7 15 1 3 2 1 
1 23 15 1 3 
30 2 10 1 
2 24 6 11 
2 26 10 1 1 2 1 
6 29 4 1 1 1 1 
4 38 1 
6 28 6 3 
11 6 6 6 6 8 
30 9 4 
1 21 19 2 
2 10 3 27 1 
2 9 4 6 14 7 1 
1 3 20 19 
41 2 
6 4 10 21 2 
13 22 8 
12 25 3 2 1 
1 25 10 2 2 2 1 
2 5 34 1 1 
10 18 8 4 1 2 
3 15 22 2 1 
1 24 1 1 1 12 2 1 
1 10 4 17 1 1 7 2 
1 3 1 29 1 3 4 1 
39 3 1 
4 21 7 8 3 
8 31 1 2 1 
2 1 13 10 8 5 1 1 1 1 
9 15 19 
24 18 1 
1 41 1 
11 28 4 
4 10 9 15 1 3 1 
24 2 4 1 3 3 2 3 1 
1 24 4 1 5 1 3 3 1 
2 14 18 6 3 
3 3 11 20 1 3 1 1 
2 25 3 9 2 2 
3 8 12 19 1 
3 13 27 
1 28 7 5 2 
1 4 18 13 7 
4 27 6 1 1 3 1 
1 25 10 2 2 1 1 1 
6 10 27 
4 30 4 2 3 
43 
1 10 31 1 
1 6 9 17 10 
2 22 11 7 1 
1 22 14 3 3 
11 11 18 2 1 
1 8 1 23 2 8 
1 20 6 8 2 6 
4 28 9 1 1 
6 2 27 8 
7 3 21 8 2 1 1 
1 42 
4 18 21 
1 3 11 25 3 
43 
43 
2 30 7 1 3 
2 31 1 1 2 5 1 
1 31 8 3 
5 17 12 3 5 1 
3 2 32 4 1 1 
1 39 2 1 
29 9 4 1 
8 17 18 
1 29 13 
1 37 5 
5 3 4 19 9 1 2 
1 18 7 5 4 4 4 
5 24 9 2 1 1 1 
1 36 6 
3 40 
2 26 7 8 
3 11 21 5 3 
42 1 
42 1 
3 38 1 1 
1 21 8 11 2 
1 31 8 2 1 
11 10 2 7 4 7 2 
30 10 2 1 
4 27 7 2 3 
4 24 6 7 2 
2 41 
1 6 20 12 2 1 1 
22 5 4 10 2 
21 19 1 1 1 
1 35 7 
8 29 4 2 
1 23 14 1 4 
1 14 28 
15 10 6 2 3 3 2 2 
1 26 2 11 3 
2 30 10 1 
28 15 
15 17 6 5 
7 25 11 
1 38 4 
1 35 3 3 1 
12 29 2 
1 17 14 6 4 1 
43 
6 17 1 13 4 2 
9 30 4 
2 7 29 1 3 1 
2 7 34 
23 19 1 
3 15 19 1 4 1 
1 42 
2 33 7 1 
4 13 26 
1 19 15 2 5 1 
1 34 4 3 1 
1 23 2 10 6 1 
1 21 21 
7 1 35 
6 15 22 
2 11 28 2 
1 4 22 4 8 2 2 
3 2 30 6 2 
1 15 10 12 3 2 
2 10 31 
1 20 2 16 2 2 
5 28 3 1 2 3 1 
5 25 13 
18 16 2 1 5 1 
2 36 5 
7 5 11 6 2 3 7 1 1 
3 12 28 
2 18 14 8 1 
4 15 1 11 12 
1 6 2 33 1 
14 22 7 
42 1 
1 25 3 5 5 1 3 
2 7 34 
21 17 2 2 1 
40 3 
2 39 2 
6 11 6 4 2 5 1 1 4 1 2 
2 28 2 5 4 1 1 
2 19 22 
1 27 8 5 2 
4 38 1 
1 4 27 4 5 1 1 
2 18 13 3 4 2 1 
3 26 11 3 
2 24 12 1 2 1 1 
3 39 1 
1 39 3 
33 3 1 2 4 
6 21 5 8 2 1 
1 1 1 13 8 14 1 4 
15 23 3 2 
1 20 2 3 14 2 1 
2 37 2 2 
41 2 
13 29 1 
8 7 23 5 
5 21 15 1 1 
2 21 9 8 3 
2 38 1 2 
2 34 7 
11 19 9 3 1 
12 9 20 1 1 
9 22 4 4 1 1 1 1 
1 4 2 24 12 
1 25 2 7 5 1 1 1 
1 31 11 
1 41 1 
1 35 5 1 1 
6 12 22 2 1 
1 5 7 22 8 
1 21 21 
38 5 
1 33 9 
3 8 2 20 4 1 4 1 
2 22 14 4 1 
1 34 8 
1 11 24 3 4 
1 22 18 1 1 
5 19 6 11 1 1 
5 11 2 22 2 1 
1 15 25 2 
8 34 1 
2 8 2 4 21 5 1 
1 4 16 13 4 4 1 
2 2 23 2 2 11 1 
4 31 2 1 4 1 
2 34 2 4 1 
1 41 1 
2 4 22 14 1 
18 7 12 2 2 2 
19 6 18 
3 5 33 2 
3 19 11 6 4 
3 5 33 1 1 
1 36 1 3 1 1 
1 19 23 
1 3 14 4 17 1 2 1 
22 8 13 
19 22 1 1 
1 25 11 5 1 
12 17 8 3 1 1 1 
2 30 4 6 1 
1 5 30 1 1 4 1 
6 3 3 26 1 4 
1 36 2 2 2 
17 15 11 
1 42 
2 22 18 1 
1 7 23 6 5 1 
1 27 6 8 1 
2 11 5 18 7 
29 5 6 2 1 
13 18 2 3 3 1 3 
25 13 4 1 
1 31 2 2 2 1 4 
1 12 4 5 5 1 3 1 8 2 1 
3 1 7 11 6 7 8 
5 19 5 9 2 1 2 
10 13 13 6 1 
2 41 
5 30 6 1 1 
1 33 3 4 1 1 
2 35 5 1 
35 3 5 
2 30 2 4 2 2 1 
7 11 8 8 5 1 2 1 
17 22 4 
1 33 9 
13 8 5 7 7 2 1 
2 35 6 
1 37 5 
39 2 1 1 
3 39 1 
1 36 2 1 3 
1 42 
2 23 14 4 
14 12 6 2 4 2 2 1 
10 14 16 2 1 
3 21 19 
3 19 10 3 8 
18 11 14 
6 19 7 10 1 
4 18 3 4 10 2 1 1 
1 13 28 1 
1 6 34 1 1 
1 35 2 5 
1 34 8 
1 22 1 2 14 3 
1 41 1 
1 11 10 3 12 1 4 1 
2 22 3 13 1 1 1 
1 26 8 1 3 3 1 
1 41 1 
1 20 2 6 3 6 4 1 
2 40 1 
2 39 1 1 
14 10 7 11 1 
2 11 1 6 2 9 2 8 1 1 
2 39 2 
20 17 6 
1 2 36 1 1 1 1 
3 9 30 1 
1 2 10 19 9 2 
1 6 15 13 8 
1 34 5 2 1 
1 29 4 9 
1 23 1 14 4 
3 5 5 2 27 1 
1 42 
1 19 14 8 1 
1 25 1 12 4 
2 19 21 1 
1 42 
10 16 12 1 3 1 
7 12 3 3 11 2 5 
1 35 2 2 1 1 1 
5 4 3 4 23 4 
1 19 11 2 6 2 2 
1 29 13 
22 15 1 1 3 1 
22 20 1 
3 35 5 
10 27 1 2 2 1 
2 14 26 1 
2 7 15 6 2 1 4 2 3 1 
1 39 2 1 
2 2 2 9 8 7 7 4 1 1 
1 35 6 1 
2 29 2 9 1 
1 29 10 3 
1 14 16 12 
40 3 
29 14 
1 10 27 2 3 
1 40 1 1 
1 25 10 3 1 2 1 
1 3 24 11 1 1 1 1 
20 12 8 2 1 
1 28 12 1 1 
1 2 23 15 1 1 
24 6 11 1 1 
18 4 6 15 
2 18 20 1 1 1 
6 19 14 3 1 
1 11 8 11 3 8 1 
3 33 6 1 
3 2 19 19 
1 23 18 1 
1 1 34 6 1 
2 30 11 
7 17 8 10 1 
1 37 5 
1 33 3 4 2 
1 15 20 2 4 1 
1 3 2 9 13 12 1 1 1 
40 1 1 1 
1 9 21 8 3 1 
39 2 1 1 
1 36 2 4 
39 4 
1 38 1 1 1 1 
2 6 5 12 12 2 2 1 1 
4 32 2 1 4 
1 12 21 2 6 1 
1 10 16 16 
1 31 3 1 4 1 2 
1 13 7 11 8 3 
39 2 2 
4 39 
4 37 2 
2 12 1 23 4 1 
43 
9 17 9 7 1 
4 8 18 8 5 
4 29 6 4 
10 20 13 
15 25 2 1 
1 21 10 5 2 3 1 
1 21 16 1 2 1 1 
8 23 12 
29 9 2 3 
4 26 11 1 1 
3 6 3 24 1 4 1 1 
1 8 3 20 1 9 1 
4 12 27 
4 16 18 4 1 
1 28 14 
3 11 27 1 1 
14 25 4 
11 25 6 1 
2 30 9 2 
1 36 6 
5 8 6 3 17 4 
11 15 5 1 2 6 1 2 
4 21 3 12 2 1 
11 11 12 2 4 2 1 
30 10 2 1 
1 12 28 1 1 
20 8 13 2 
1 42 
2 27 1 1 1 4 1 2 2 1 1 
1 35 1 6 
9 33 1 
2 11 25 2 3 
11 5 8 4 2 3 2 4 3 1 
2 5 35 1 
2 10 2 23 3 3 
8 9 6 13 6 1 
2 6 9 21 1 3 1 
1 22 6 7 1 6 
1 13 14 4 8 3 
3 28 12 
1 32 5 2 3 
11 6 12 9 2 3 
29 1 9 4 
1 20 16 5 1 
13 7 10 5 6 2 
1 36 2 4 
6 27 4 5 1 
43 
1 32 3 1 1 3 2 
43 
1 9 15 12 6 
3 7 10 19 1 1 1 1 
43 
1 33 9 
1 36 5 1 
18 21 1 3 
2 37 4 
2 41 
8 7 27 1 
3 39 1 
8 33 1 1 
2 11 30 
11 6 11 11 4 
6 8 22 5 2 
1 21 20 1 
4 25 9 5 
13 5 23 1 1 
1 24 17 1 
23 3 9 7 1 
1 9 30 3 
1 1 38 1 1 1 
1 38 1 2 1 
37 6 
1 7 11 11 13 
35 6 1 1 
8 25 10 
1 1 3 3 28 6 1 
1 26 3 4 6 1 2 
1 4 21 13 4 
1 39 3 
18 24 1 
17 21 5 
2 36 3 1 1 
1 40 2 
1 22 10 5 4 1 
11 8 18 1 2 2 1 
34 5 4 
3 24 16 
31 12 
1 3 31 2 3 3 
7 20 10 4 2 
5 36 2 
3 1 24 15 
1 5 31 2 4 
2 9 7 3 15 2 3 2 
3 3 22 15 
1 38 2 2 
4 14 14 3 1 5 2 
1 12 30 
2 8 31 2 
27 2 10 4 
16 2 14 7 1 3 
1 14 9 12 7 
2 4 31 6 
2 39 1 1 
34 2 6 1 
2 23 17 1 
2 3 9 20 3 3 1 1 1 
15 9 12 7 
5 35 3 
26 15 1 1 
1 3 16 1 8 6 1 1 3 1 2 
1 16 3 17 4 1 1 
1 26 15 1 
3 33 4 3 
10 5 13 4 4 2 1 2 2 
2 2 8 22 7 2 
7 19 16 1 
1 19 13 2 4 1 3 
12 2 25 3 1 
1 33 6 3 
4 37 2 
1 33 6 1 2 
29 10 1 1 1 1 
1 34 8 
1 3 15 20 2 2 
1 10 8 17 2 2 1 2 
27 12 1 3 
4 28 11 
1 20 3 19 
29 3 4 7 
1 22 5 5 1 4 3 2 
6 24 12 1 
1 3 5 24 1 5 3 1 
1 40 2 
11 25 6 1 
41 2 
27 4 8 3 1 
41 2 
1 16 11 15 
3 30 3 4 2 1 
2 40 1 
1 24 18 
1 1 12 9 6 7 2 3 2 
43 
21 1 9 9 3 
5 2 36 
2 5 24 5 6 1 
1 16 20 2 2 1 1 
38 1 3 1 
1 1 22 16 1 1 1 
1 26 7 4 3 2 
1 30 7 4 1 
14 24 5 
2 11 7 13 1 1 3 2 3 
1 27 1 14 
43 
1 41 1 
4 9 22 4 3 1 
11 29 2 1 
1 16 11 4 6 4 1 
2 37 2 1 1 
7 13 22 1 
8 18 5 12 
4 30 2 2 5 
2 38 2 1 
14 19 9 1 
2 20 21 
39 4 
3 23 4 13 
6 30 4 3 
1 7 23 7 5 
34 6 3 
28 3 2 4 6 
15 19 1 6 2 
1 13 15 9 5 
2 21 20 
1 1 40 1 
39 1 1 1 1 
1 31 1 5 3 1 1 
3 25 14 1 
6 12 12 7 6 
2 9 10 5 2 8 3 4 
1 38 4 
3 4 12 15 7 1 1 
2 16 10 15 
1 10 25 1 1 5 
1 5 7 20 8 2 
1 34 5 3 
10 5 28 
34 6 2 1 
1 39 2 1 
11 3 22 2 5 
3 16 6 6 5 3 3 1 
16 4 21 1 1 
3 2 25 8 5 
1 18 1 1 8 2 8 1 1 1 1 
36 4 1 2 
2 35 3 3 
43 
1 34 3 4 1 
8 6 14 8 2 4 1 
2 36 5 
2 29 2 2 6 1 1 
3 23 2 4 5 1 3 1 1 
1 8 29 4 1 
2 9 28 2 1 1 
3 26 5 6 1 2 
2 23 6 10 1 1 
12 18 12 1 
4 30 8 1 
8 24 10 1 
3 30 8 2 
1 23 19 
2 12 22 1 2 4 
2 40 1 
2 13 12 12 4 
2 24 3 3 7 2 2 
1 40 2 
3 28 10 2 
2 35 4 2 
24 14 2 2 1 
3 24 16 
2 13 27 1 
1 40 1 1 
4 4 1 2 16 2 6 1 1 5 1 
1 14 24 2 1 1 
2 32 7 2 
1 37 5 
1 14 16 1 5 6 
1 39 1 1 1 
2 10 31 
2 24 14 2 1 
1 33 9 
3 25 15 
1 1 19 1 11 3 7 
4 35 4 
1 28 3 3 2 2 4 
1 28 2 4 3 4 1 
11 32 
4 32 6 1 
2 9 22 5 5 
1 6 19 5 7 5 
1 21 18 2 1 
1 4 8 9 12 9 
1 21 1 11 5 4 
1 11 16 14 1 
2 30 11 
1 9 3 11 4 2 13 
2 19 8 1 13 
5 27 11 
1 22 16 2 1 1 
2 14 25 1 1 
1 29 3 7 2 1 
1 36 6 
33 4 1 5 
4 9 24 4 1 1 
1 13 20 8 1 
3 11 22 5 2 
42 1 
43 
43 
1 16 8 3 15 
1 2 18 16 2 2 2 
1 5 24 11 2 
1 8 21 12 1 
8 28 1 5 1 
20 4 7 7 3 2 
15 17 8 2 1 
37 6 
1 32 7 2 1 
1 22 5 10 5 
3 21 12 7 
42 1 
5 23 2 1 12 
12 31 
1 39 2 1 
1 38 4 
1 18 15 1 2 6 
1 11 10 1 11 2 6 1 
1 25 17 
1 41 1 
1 22 17 1 2 
3 11 22 5 2 
1 14 16 11 1 
2 32 9 
39 3 1 
1 25 7 5 2 2 1 
6 11 25 1 
26 9 1 1 1 2 2 1 
5 35 3 
2 32 1 3 5 
1 39 3 
5 18 15 4 1 
6 25 11 1 
1 19 21 1 1 
1 26 11 4 1 
2 10 28 2 1 
1 6 23 1 6 3 1 1 1 
27 11 5 
20 1 1 15 4 2 
10 30 3 
2 33 5 1 1 1 
3 27 11 1 1 
13 22 1 3 3 1 
6 1 25 10 1 
1 33 1 5 3 
37 1 5 
1 1 24 8 7 2 
2 35 5 1 
2 5 7 20 6 2 1 
2 40 1 
10 12 20 1 
1 36 1 4 1 
5 12 18 7 1 
3 6 10 7 5 8 1 3 
1 22 13 7 
3 16 1 10 2 1 7 2 1 
1 39 1 1 1 
2 25 16 
1 22 19 1 
11 31 1 
1 19 21 2 
1 21 4 10 7 
1 25 10 7 
2 23 3 10 5 
3 3 26 5 2 1 1 2 
2 23 16 1 1 
1 10 25 5 1 1 
3 11 24 4 1 
43 
28 3 3 2 3 3 1 
7 8 25 2 1 
1 11 14 16 1 
41 1 1 
1 23 18 1 
7 9 18 1 2 3 2 1 
1 20 8 6 7 1 
1 33 6 3 
2 11 21 1 3 4 1 
2 33 3 5 
1 7 32 3 
1 24 14 2 1 1 
5 18 11 9 
15 16 8 4 
1 41 1 
5 27 11 
1 8 7 6 11 7 2 1 
2 34 6 1 
43 
35 6 2 
5 4 19 5 5 1 3 1 
1 23 13 2 4 
34 3 6 
1 17 23 2 
1 1 9 30 2 
5 37 1 
6 11 24 1 1 
43 
1 8 33 1 
3 10 14 11 4 1 
1 27 3 2 2 4 3 1 
1 5 23 9 4 1 
4 29 2 1 5 1 1 
1 5 4 19 1 7 5 1 
1 33 5 4 
1 7 14 20 1 
1 24 14 3 1 
17 20 1 5 
7 28 8 
2 11 11 12 2 2 3 
1 39 1 2 
3 32 4 1 3 
1 25 17 
1 16 17 9 
14 7 15 4 3 
1 27 11 4 
6 14 8 15 
5 7 5 25 1 
2 15 21 3 2 
1 6 1 4 18 9 4 
1 32 5 4 1 
1 15 22 5 
12 16 7 2 6 
34 9 
1 12 17 12 1 
2 29 3 6 1 1 1 
30 8 5 
1 7 26 7 1 1 
10 5 27 1 
1 21 11 7 3 
1 35 5 2 
4 29 10 
3 20 20 
1 5 20 9 5 3 
6 1 10 4 1 20 1 
1 31 10 1 
21 14 8 
1 33 9 
16 22 1 2 2 
1 12 26 2 1 1 
2 31 1 5 4 
1 13 14 13 2 
1 23 12 7 
3 29 10 1 
1 10 6 25 1 
2 5 11 5 4 5 2 2 6 1 
38 5 
10 18 7 3 3 1 1 
1 5 4 21 4 5 3 
32 7 1 3 
11 22 10 
3 18 7 11 2 1 1 
3 5 10 3 2 11 2 4 1 1 1 
1 12 12 6 8 2 1 1 
3 12 13 6 4 3 2 
1 29 6 4 1 1 1 
2 17 24 
1 34 2 6 
6 31 6 
5 19 19 
1 31 5 6 
1 14 20 3 5 
2 27 14 
9 2 18 14 
1 17 16 3 6 
2 27 9 4 1 
6 28 7 2 
1 17 6 9 1 7 1 1 
2 10 15 13 1 2 
10 17 6 5 5 
2 5 16 9 11 
4 39 
1 5 25 5 3 1 1 2 
2 16 9 3 2 3 6 1 1 
1 35 1 3 3 
1 8 6 3 18 2 1 3 1 
5 4 4 8 11 3 3 1 4 
1 33 8 1 
1 3 8 20 6 5 
30 4 1 8 
35 4 1 1 2 
1 42 
28 5 2 3 3 1 1 
1 34 8 
1 8 9 6 6 12 1 
12 5 21 1 4 
43 
4 4 31 2 2 
1 38 4 
7 27 3 6 
1 4 18 12 3 5 
33 1 3 6 
7 12 6 7 11 
8 22 3 4 5 1 
10 8 23 2 
41 2 
2 36 4 1 
16 4 15 6 1 1 
1 39 3 
17 3 7 14 1 1 
1 21 8 6 1 4 1 1 
3 20 5 12 1 1 1 
1 14 24 3 1 
2 25 16 
1 27 6 5 2 2 
13 5 7 14 4 
7 5 31 
1 5 37 
1 36 2 4 
1 33 2 6 1 
3 23 17 
9 8 16 2 6 1 1 
1 5 22 4 6 5 
7 14 19 3 
2 5 6 22 5 2 1 
16 3 12 6 6 
17 21 1 2 1 1 
32 8 1 2 
2 2 24 2 7 5 1 
3 9 15 4 10 1 1 
1 10 20 6 4 2 
7 34 1 1 
1 9 3 23 7 
23 13 6 1 
1 16 4 18 1 2 1 
5 14 21 1 2 
1 7 11 12 4 5 1 1 1 
28 2 13 
2 25 9 1 6 
3 36 2 2 
1 37 3 1 1 
15 16 8 1 2 1 
1 26 10 4 2 
11 28 1 2 1 
5 19 19 
4 25 2 7 1 1 1 1 1 
1 34 6 1 1 
1 16 19 6 1 
1 17 9 2 14 
1 21 21 
1 20 17 1 2 1 1 
1 18 16 5 1 1 1 
14 11 4 12 2 
12 7 24 
1 28 3 5 3 1 1 1 
1 17 11 4 3 7 
1 5 34 2 1 
32 9 2 
1 12 24 3 2 1 
10 6 1 9 8 3 3 1 1 1 
1 36 3 3 
24 12 1 1 3 2 
32 6 2 3 
24 18 1 
5 14 5 19 
2 17 1 8 7 5 3 
2 19 20 2 
1 15 1 22 1 2 1 
1 11 29 2 
5 17 1 14 3 2 1 
1 30 12 
5 27 7 3 1 
1 20 20 1 1 
1 10 30 2 
3 15 21 1 3 
9 14 13 2 5 
5 33 5 
2 21 20 
4 34 3 1 1 
21 8 13 1 
5 11 21 6 
1 17 1 11 1 7 4 1 
8 10 6 5 13 1 
2 26 13 2 
1 17 10 11 1 3 
1 36 3 2 1 
12 11 8 9 3 
1 8 32 2 
4 31 8 
17 13 1 10 1 1 
41 1 1 
1 24 17 1 
43 
3 34 2 1 3 
1 27 15 
20 9 14 
42 1 
3 11 4 7 18 
1 6 29 7 
1 15 10 12 4 1 
43 
10 16 17 
6 17 15 3 1 1 
24 3 7 3 3 2 1 
1 18 21 3 
1 11 23 3 5 
2 19 4 9 8 1 
4 12 4 6 3 10 1 1 1 1 
4 18 11 5 3 2 
4 8 1 5 6 6 1 1 3 4 1 1 1 1 
1 36 4 1 1 
1 1 40 1 
43 
2 22 16 1 2 
13 14 10 6 
2 35 6 
10 6 23 3 1 
1 17 2 7 4 1 3 1 7 
1 27 13 2 
1 36 5 1 
3 26 4 8 2 
13 8 15 2 5 
9 16 1 9 6 2 
2 28 2 11 
1 10 32 
1 7 9 18 5 1 1 1 
1 4 28 8 1 1 
3 21 9 3 7 
1 28 14 
1 16 17 8 1 
1 7 19 3 7 4 2 
2 32 8 1 
2 39 2 
2 17 2 22 
1 40 1 1 
7 15 5 12 3 1 
2 14 20 4 3 
3 38 1 1 
1 2 2 11 26 1 
31 10 2 
36 1 3 1 1 1 
1 26 5 7 4 
3 35 2 2 1 
2 33 8 
5 23 11 1 3 
1 41 1 
1 35 7 
3 2 7 9 6 5 4 1 1 1 3 1 
39 1 3 
1 8 22 1 8 1 2 
10 4 5 24 
4 18 1 17 2 1 
8 19 2 1 7 5 1 
1 15 1 25 1 
1 41 1 
12 30 1 
1 38 2 2 
18 20 4 1 
4 30 6 3 
43 
1 14 22 1 4 1 
1 41 1 
6 24 9 4 
14 5 18 6 
3 38 1 1 
1 8 26 6 2 
32 6 5 
1 9 1 5 3 14 3 6 1 
2 33 1 7 
3 9 7 3 12 1 1 1 5 1 
1 14 17 1 5 3 1 1 
10 27 3 2 1 
1 5 32 4 1 
18 24 1 
1 36 6 
1 13 10 16 2 1 
6 34 3 
22 20 1 
1 10 15 12 4 1 
1 41 1 
1 40 1 1 
4 28 7 4 
2 19 20 2 
1 41 1 
20 22 1 
6 5 2 10 7 8 3 2 
1 3 15 9 12 2 1 
13 20 1 2 1 1 3 2 
3 31 9 
1 16 25 1 
1 9 24 2 6 1 
20 19 4 
3 40 
4 24 15 
3 15 18 5 2 
1 40 1 1 
1 34 7 1 
3 29 11 
6 6 20 8 3 
4 17 1 18 1 2 
1 40 2 
4 3 12 21 2 1 
2 30 7 1 1 1 1 
2 7 21 13 
7 10 18 3 3 1 1 
1 23 15 3 1 
34 9 
23 10 8 2 
4 20 2 2 7 7 1 
18 4 7 6 5 1 2 
19 14 9 1 
3 15 24 1 
2 12 11 16 2 
2 3 5 3 24 4 2 
31 9 1 2 
2 16 8 12 3 1 1 
29 8 4 1 1 
2 36 4 1 
3 35 2 1 1 1 
1 36 3 1 2 
1 35 5 2 
10 19 5 7 2 
2 3 17 21 
2 10 27 2 2 
1 22 1 7 11 1 
1 38 1 3 
1 11 25 1 3 2 
3 1 7 15 5 4 1 5 2 
1 17 4 12 9 
9 10 10 5 9 
6 4 19 13 1 
1 7 17 13 5 
3 25 12 3 
2 21 1 14 2 3 
3 40 
3 18 3 15 2 1 1 
1 39 2 1 
1 15 27 
7 17 13 1 4 1 
2 32 9 
1 11 4 25 1 1 
1 19 7 14 1 1 
28 5 7 1 1 1 
2 36 2 2 1 
3 7 26 1 4 1 1 
1 22 9 7 4 
3 27 13 
3 14 24 1 1 
3 16 2 6 14 2 
1 9 16 5 12 
1 9 23 8 2 
1 37 5 
5 38 
3 9 11 20 
4 28 4 6 1 
1 40 1 1 
1 14 16 11 1 
1 36 6 
1 1 12 16 2 3 1 6 1 
1 23 2 11 5 1 
37 2 4 
1 7 8 4 5 13 1 1 2 1 
5 15 20 2 1 
1 19 6 15 2 
4 37 2 
15 1 22 4 1 
1 24 10 7 1 
4 37 2 
4 14 2 10 2 8 2 1 
1 24 18 
1 18 11 1 12 
1 38 1 1 1 1 
1 14 27 1 
2 18 23 
3 18 20 2 
12 17 14 
23 5 4 9 2 
1 30 10 1 1 
5 16 20 1 1 
6 27 7 1 1 1 
43 
3 35 1 2 2 
1 31 8 3 
3 19 6 13 1 1 
4 37 1 1 
21 7 15 
1 9 1 10 3 4 12 3 
2 1 28 7 4 1 
26 13 1 2 1 
9 8 14 3 5 2 2 
3 10 8 21 1 
4 17 8 7 1 4 2 
1 13 4 4 21 
1 39 1 2 
1 3 21 9 5 3 1 
18 10 15 
1 4 15 3 17 3 
4 12 26 1 
3 18 8 5 9 
2 5 10 14 9 1 2 
1 41 1 
1 21 17 4 
6 37 
43 
1 16 8 14 2 1 1 
43 
21 8 9 5 
3 31 9 
1 15 19 4 1 2 1 
2 11 7 8 1 8 3 2 1 
1 12 28 2 
1 25 12 5 
1 4 26 6 4 1 1 
9 29 1 1 3 
6 30 6 1 
20 20 1 1 1 
1 19 21 1 1 
15 27 1 
28 15 
24 8 7 2 1 1 
2 3 38 
1 4 28 7 3 
7 24 5 3 3 1 
6 30 7 
12 29 1 1 
6 30 4 1 2 
1 34 3 5 
2 27 14 
1 33 9 
2 34 7 
2 20 2 16 2 1 
41 2 
1 23 18 1 
1 5 5 27 2 3 
1 7 35 
6 29 7 1 
1 25 17 
1 38 2 2 
7 36 
3 38 2 
43 
1 38 4 
2 8 9 7 9 7 1 
3 21 16 1 2 
39 3 1 
1 18 21 1 2 
3 28 3 5 1 1 1 1 
1 7 2 1 10 12 8 1 1 
1 32 5 5 
1 3 20 4 3 6 2 4 
1 19 13 4 5 1 
1 16 3 12 11 
1 19 13 4 5 1 
2 19 3 15 3 1 
1 3 11 13 5 4 2 3 1 
9 14 12 1 3 2 2 
1 23 13 1 2 1 1 1 
2 22 14 2 3 
1 19 23 
1 12 19 2 9 
1 41 1 
2 18 23 
1 20 7 2 12 1 
6 26 7 3 1 
1 19 14 2 4 2 1 
2 17 4 3 16 1 
1 24 13 4 1 
1 7 9 8 6 2 2 4 3 1 
1 35 5 2 
6 30 2 1 2 2 
12 10 6 1 14 
3 11 7 16 5 1 
1 40 1 1 
10 10 23 
1 29 9 1 2 1 
43 
7 2 34 
1 11 29 1 1 
2 12 21 1 4 2 1 
2 21 3 9 8 
1 36 6 
11 5 5 2 13 7 
5 25 5 6 1 1 
1 3 21 12 3 1 2 
1 23 17 2 
5 13 7 11 4 2 1 
1 26 16 
1 35 2 5 
1 20 2 4 2 6 6 1 1 
4 26 2 10 1 
1 19 17 5 1 
1 30 11 1 
6 5 13 4 2 5 4 1 1 2 
2 3 7 17 2 7 3 2 
2 30 7 3 1 
2 13 28 
9 23 8 3 
3 13 23 2 2 
22 17 4 
2 19 6 14 2 
21 22 
3 5 24 5 2 2 2 
1 31 11 
1 35 6 1 
2 5 30 1 5 
3 4 24 2 9 1 
1 25 17 
1 23 4 1 3 9 2 
3 28 12 
2 11 27 1 1 1 
16 13 3 6 5 
4 27 12 
37 1 4 1 
1 8 5 20 3 4 2 
1 8 34 
1 24 18 
1 27 4 9 2 
1 7 12 16 3 1 2 1 
1 17 7 3 15 
1 33 5 1 1 1 1 
2 1 30 6 1 3 
40 3 
1 16 10 2 12 2 
1 17 10 9 2 4 
17 11 15 
4 33 3 3 
4 15 19 4 1 
4 23 16 
40 3 
24 5 4 9 1 
10 6 6 16 1 1 1 1 1 
2 17 4 15 2 2 1 
7 19 3 1 6 6 1 
1 6 19 11 4 2 
1 21 7 5 3 4 1 1 
2 35 5 1 
1 42 
38 3 2 
3 24 11 5 
4 39 
1 22 19 1 
1 21 16 2 3 
13 13 16 1 
1 35 4 1 2 
2 27 1 9 4 
43 
9 22 12 
1 20 22 
2 40 1 
1 13 6 13 6 1 1 1 1 
26 14 3 
1 28 12 2 
19 23 1 
5 22 5 10 1 
18 24 1 
3 15 15 1 2 1 6 
1 9 13 14 6 
2 16 6 15 4 
3 35 1 4 
1 36 3 1 1 1 
1 31 9 1 1 
1 40 2 
1 10 3 26 2 1 
4 11 16 8 3 1 
2 40 1 
3 34 6 
32 10 1 
2 39 2 
1 2 14 19 2 5 
2 11 23 7 
35 5 1 2 
1 24 3 15 
3 6 1 18 5 10 
3 32 2 3 3 
3 30 10 
1 38 3 1 
20 14 2 3 1 2 1 
26 5 3 3 3 3 
15 22 3 3 
4 24 15 
1 8 14 13 4 3 
40 3 
43 
23 2 14 2 2 
43 
1 12 21 4 3 2 
1 6 10 24 1 1 
2 6 15 6 12 1 1 
10 23 10 
35 3 3 1 1 
35 3 1 3 1 
9 30 3 1 
2 8 24 6 3 
5 27 11 
1 11 8 11 12 
18 21 4 
1 18 15 6 2 1 
1 5 33 1 1 2 
1 10 21 2 8 1 
1 30 12 
2 16 25 
1 22 7 13 
34 2 7 
31 2 8 2 
1 19 20 1 1 1 
6 18 16 3 
4 5 28 1 1 3 1 
3 38 1 1 
2 20 12 1 6 1 1 
1 26 15 1 
1 36 6 
43 
1 14 25 2 1 
1 7 11 7 11 6 
4 38 1 
10 22 2 7 1 1 
43 
13 23 3 4 
2 13 24 2 1 1 
2 8 6 9 5 7 6 
1 2 37 2 1 
3 6 2 7 2 18 4 1 
1 27 15 
1 25 6 11 
9 33 1 
1 6 14 18 1 2 1 
6 12 8 17 
9 29 3 1 1 
3 14 3 5 4 6 2 1 2 2 1 
1 34 7 1 
1 12 29 1 
1 35 7 
3 21 19 
3 13 6 10 10 1 
18 9 15 1 
2 41 
3 8 24 3 2 1 1 1 
43 
1 37 3 1 1 
1 27 5 10 
3 28 3 5 3 1 
1 18 19 1 2 2 
1 4 16 1 16 3 1 1 
1 11 6 4 18 3 
1 17 1 19 1 3 1 
13 25 2 2 1 
2 7 21 2 2 3 1 2 3 
16 21 2 3 1 
17 8 2 4 5 2 3 2 
2 4 33 3 1 
38 4 1 
1 36 5 1 
2 12 28 1 
3 17 6 11 3 1 1 1 
7 17 19 
26 17 
9 24 3 6 1 
24 12 7 
1 18 22 1 1 
42 1 
23 9 11 
8 3 30 2 
1 35 5 1 1 
1 11 7 2 13 1 5 3 
9 4 8 7 9 6 
1 38 4 
4 6 13 3 4 9 2 1 1 
1 15 17 8 2 
1 5 4 17 1 1 7 3 2 1 1 
3 18 19 3 
1 14 11 16 1 
1 21 20 1 
26 9 5 2 1 
9 2 15 5 10 2 
1 11 29 2 
4 9 13 13 2 2 
3 10 30 
4 36 1 2 
1 7 26 2 6 1 
3 22 15 3 
2 6 9 9 5 5 1 4 2 
2 25 8 1 4 3 
2 28 5 7 1 
1 4 13 10 14 1 
1 38 4 
1 41 1 
1 1 14 23 1 3 
1 36 1 5 
1 41 1 
11 31 1 
31 3 3 3 2 1 
2 33 3 2 1 1 1 
1 14 26 1 1 
22 15 5 1 
1 26 8 2 5 1 
1 16 7 12 1 6 
2 8 4 8 18 1 1 1 
8 10 7 12 2 2 1 1 
4 32 7 
37 3 3 
1 2 14 24 1 1 
3 9 2 13 5 7 1 2 1 
29 8 2 2 1 1 
1 14 1 12 1 5 1 2 2 1 2 1 
1 8 34 
2 33 1 2 2 3 
2 31 3 5 1 1 
1 35 5 2 
7 6 5 16 4 3 1 1 
3 1 12 25 2 
4 22 17 
1 38 4 
4 13 2 2 4 5 1 3 6 3 
1 37 2 1 1 1 
3 29 11 
37 6 
1 9 24 5 2 1 1 
1 15 20 6 1 
4 13 26 
36 1 1 4 1 
19 7 15 2 
12 3 15 6 2 3 2 
8 5 17 4 5 3 1 
26 12 1 4 
3 32 5 2 1 
1 39 3 
1 24 18 
1 23 8 7 3 1 
8 20 14 1 
4 8 1 2 6 20 2 
3 28 6 4 1 1 
1 21 2 5 5 8 1 
27 8 7 1 
1 37 3 2 
1 10 15 4 13 
3 32 5 1 2 
3 2 32 4 1 1 
7 5 8 21 2 
1 29 7 6 
43 
3 9 2 15 1 11 1 1 
2 40 1 
39 3 1 
1 39 3 
4 11 20 1 7 
3 10 12 13 2 2 1 
2 12 10 13 3 2 1 
17 14 11 1 
9 23 11 
1 18 24 
1 14 9 19 
3 31 5 3 1 
28 2 13 
1 40 1 1 
8 35 
1 38 1 2 1 
27 13 1 2 
8 10 25 
1 16 26 
5 11 4 22 1 
2 36 4 1 
33 4 6 
1 4 25 8 5 
2 7 32 1 1 
17 5 15 1 2 3 
1 12 10 12 7 1 
1 37 1 1 3 
9 32 2 
17 25 1 
6 6 7 4 14 6 
1 4 26 12 
17 2 24 
21 1 12 2 7 
1 42 
1 16 9 7 10 
1 40 2 
1 36 6 
2 13 4 5 13 6 
9 1 18 8 4 3 
8 22 1 1 5 6 
3 29 5 2 3 1 
1 2 39 1 
1 28 13 1 
8 33 2 
1 3 8 9 17 2 2 1 
1 3 29 10 
36 6 1 
1 42 
3 22 6 7 5 
1 23 17 1 1 
2 24 11 3 2 1 
35 6 2 
1 3 18 12 3 1 4 1 
1 8 2 6 3 13 8 2 
39 1 3 
3 30 9 1 
5 25 10 3 
3 5 21 9 1 4 
1 39 3 
1 41 1 
43 
16 11 6 5 5 
15 18 9 1 
43 
39 2 1 1 
38 2 2 1 
3 39 1 
27 6 10 
20 13 1 1 7 1 
16 3 13 6 5 
1 19 4 13 4 1 1 
1 18 22 2 
1 4 33 2 3 
1 24 10 6 2 
1 37 5 
3 19 6 15 
3 3 26 9 1 1 
1 8 34 
26 1 8 2 4 1 1 
1 17 24 1 
1 13 21 6 2 
1 41 1 
5 9 20 1 5 2 1 
1 36 1 5 
2 3 7 17 3 9 2 
1 29 5 7 1 
2 34 4 1 1 1 
1 5 11 13 6 5 1 1 
5 8 5 25 
2 33 6 1 1 
6 18 12 6 1 
1 20 14 5 3 
1 37 5 
1 18 24 
3 38 2 
2 13 9 18 1 
1 1 6 28 2 3 2 
5 36 2 
9 10 22 1 1 
1 31 9 1 1 
2 33 8 
1 16 4 4 14 1 1 1 1 
43 
4 22 5 10 1 1 
1 27 10 5 
1 10 21 3 4 1 3 
4 27 7 4 1 
3 12 17 2 2 7 
3 11 6 8 6 2 3 1 2 1 
1 26 14 1 1 
3 36 1 3 
11 26 1 4 1 
1 26 11 3 1 1 
32 1 8 1 1 
2 34 6 1 
1 27 3 10 2 
42 1 
2 40 1 
1 4 37 1 
6 31 3 2 1 
11 22 10 
2 28 5 6 2 
8 17 12 6 
8 15 10 10 
3 24 16 
1 12 5 10 7 3 4 1 
1 15 10 14 1 1 1 
1 35 7 
3 19 1 10 1 3 2 1 3 
1 21 8 8 4 1 
18 13 8 4 
2 41 
39 3 1 
32 7 3 1 
11 30 2 
18 14 4 2 3 2 
43 
2 27 10 1 1 1 1 
3 31 3 1 5 
2 33 6 2 
9 30 4 
6 32 3 1 1 
1 3 37 1 1 
1 8 3 29 1 1 
2 2 13 12 6 7 1 
37 6 
1 23 9 9 1 
3 28 10 2 
3 31 9 
12 28 2 1 
2 8 2 18 3 7 3 
3 10 11 6 10 1 1 1 
1 25 15 2 
3 25 7 4 1 1 1 1 
6 37 
13 29 1 
5 20 1 17 
7 12 3 21 
4 29 7 2 1 
1 41 1 
1 22 5 5 7 2 1 
43 
5 5 20 2 5 4 1 1 
1 40 1 1 
1 33 9 
3 32 6 1 1 
1 15 2 15 4 6 
1 41 1 
3 30 9 1 
27 2 3 11 
2 22 19 
1 9 33 
4 21 13 4 1 
3 4 25 6 1 3 1 
1 25 17 
7 19 17 
42 1 
2 18 7 1 6 5 2 2 
3 27 1 10 1 1 
1 37 2 3 
2 26 4 1 8 1 1 
1 36 5 1 
3 38 2 
3 1 7 9 5 3 4 11 
2 23 4 3 10 1 
1 39 1 2 
2 36 5 
17 24 2 
1 4 23 2 7 3 1 2 
1 32 10 
11 30 1 1 
5 38 
2 31 5 4 1 
1 21 9 7 3 1 1 
1 14 26 2 
8 23 10 2 
3 21 17 2 
28 11 1 2 1 
14 17 5 6 1 
1 11 25 2 4 
3 16 16 6 2 
2 39 2 
25 14 2 1 1 
4 32 2 4 1 
1 1 35 1 3 2 
1 2 14 9 15 2 
2 37 4 
1 22 4 13 2 1 
33 2 6 1 1 
1 27 2 2 1 3 5 1 1 
1 4 29 4 1 1 3 
2 29 9 2 1 
1 22 9 6 4 1 
4 4 9 23 3 
4 32 7 
43 
1 25 2 12 2 1 
2 29 5 2 2 2 1 
1 31 10 1 
10 26 7 
6 5 29 3 
2 12 15 11 1 1 1 
5 19 11 4 3 1 
20 8 15 
9 25 5 1 1 1 1 
1 18 9 3 8 3 1 
1 21 17 2 2 
43 
7 32 4 
1 28 2 4 6 1 1 
3 1 20 7 2 4 2 1 1 1 1 
1 7 10 6 14 1 3 1 
14 11 16 1 1 
6 33 4 
1 15 2 3 17 1 2 1 1 
14 28 1 
40 3 
5 16 22 
9 16 12 6 
1 25 13 1 3 
1 25 13 1 1 1 1 
3 32 5 3 
42 1 
4 29 9 1 
2 25 5 7 2 1 1 
1 18 23 1 
1 33 5 2 2 
2 33 7 1 
34 9 
2 23 14 4 
1 25 9 2 1 2 1 2 
39 4 
1 39 3 
1 1 1 19 16 4 1 
2 14 12 12 1 2 
4 26 2 2 8 1 
10 19 4 8 2 
42 1 
2 12 4 23 1 1 
3 3 4 11 21 1 
1 29 13 
2 13 8 1 13 1 4 1 
1 24 12 3 3 
1 3 16 9 1 2 6 2 1 1 1 
1 3 6 17 14 1 1 
1 21 2 14 5 
1 1 22 2 6 7 1 2 1 
2 19 8 9 3 1 1 
1 10 25 1 1 4 1 
4 31 7 1 
1 36 5 1 
2 34 2 1 1 3 
1 12 24 4 1 1 
3 21 13 6 
1 1 32 4 5 
1 12 6 22 2 
5 32 6 
1 2 26 8 6 
1 35 4 3 
1 24 5 7 1 1 1 3 
5 38 
11 1 9 9 11 1 1 
1 13 16 11 1 1 
8 21 13 1 
1 18 18 2 1 1 1 1 
1 4 36 2 
9 28 5 1 
1 22 18 1 1 
5 30 1 7 
43 
24 10 8 1 
1 11 1 19 1 4 2 3 1 
35 8 
5 35 1 2 
2 2 15 17 3 2 2 
4 32 5 2 
21 16 5 1 
1 32 10 
1 14 25 1 2 
1 34 5 1 2 
22 1 13 7 
16 1 1 11 8 1 4 1 
1 24 18 
13 11 11 6 1 1 
14 11 4 8 6 
1 29 10 3 
1 37 5 
2 12 25 3 1 
3 13 19 6 1 1 
4 6 6 13 6 2 2 2 2 
18 5 4 3 9 3 1 
2 38 1 1 1 
1 8 34 
3 35 5 
43 
7 16 20 
2 4 37 
1 30 10 1 1 
18 17 7 1 
1 16 15 5 2 4 
1 19 19 1 3 
30 9 3 1 
7 21 13 1 1 
4 7 32 
13 7 16 3 2 1 1 
2 4 36 1 
2 27 14 
2 20 12 3 2 2 2 
1 28 9 1 1 1 2 
41 2 
2 35 3 2 1 
1 33 3 1 4 1 
2 10 7 20 3 1 
42 1 
30 1 11 1 
1 41 1 
9 26 8 
7 13 23 
1 16 13 12 1 
2 36 5 
21 9 9 2 1 1 
2 30 11 
3 5 8 13 5 4 3 2 
4 22 17 
1 25 9 8 
12 14 16 1 
3 20 6 1 5 7 1 
1 40 2 
10 10 22 1 
7 13 17 4 1 1 
1 40 1 1 
6 15 7 8 6 1 
43 
3 9 28 2 1 
1 38 2 2 
2 5 8 23 1 2 2 
1 31 10 1 
25 13 4 1 
7 33 2 1 
3 5 4 6 24 1 
11 16 2 7 2 2 1 2 
14 19 4 2 1 3 
1 21 15 4 2 
1 8 10 19 4 1 
1 38 4 
2 7 19 11 3 1 
1 20 10 10 2 
43 
3 8 1 31 
6 14 5 2 10 6 
19 11 13 
1 19 11 5 4 3 
2 33 8 
1 10 32 
7 30 2 3 1 
19 19 5 
14 18 6 5 
6 31 1 4 1 
6 26 9 1 1 
2 1 9 14 17 
1 31 1 9 1 
1 22 13 5 1 1 
1 11 10 15 5 1 
5 1 10 15 7 2 1 2 
1 11 2 23 6 
1 16 14 1 2 7 2 
3 33 2 3 1 1 
1 10 27 4 1 
1 26 8 4 2 2 
22 8 13 
9 32 2 
2 22 11 8 
11 10 21 1 
3 22 10 8 
1 23 16 1 1 1 
5 24 9 3 1 1 
1 22 19 1 
1 10 5 11 1 3 8 1 2 1 
1 19 7 16 
9 26 2 2 3 1 
1 32 5 5 
2 28 8 1 2 2 
1 38 1 2 1 
1 17 13 5 2 4 1 
8 13 4 10 8 
22 8 4 3 6 
1 37 5 
5 3 10 6 7 8 4 
1 19 13 7 1 1 1 
37 6 
1 15 16 6 2 3 
5 1 25 12 
1 41 1 
3 9 8 5 17 1 
4 24 1 10 2 1 1 
4 18 13 3 5 
10 12 9 5 2 3 1 1 
7 18 1 10 7 
34 4 2 1 1 1 
1 25 11 3 2 1 
1 29 10 1 1 1 
12 4 18 8 1 
12 1 5 24 1 
1 20 11 1 2 5 3 
1 15 16 5 6 
2 17 8 14 2 
1 29 8 4 1 
1 34 3 2 1 2 
39 4 
2 19 16 2 1 1 2 
7 10 16 6 4 
27 2 8 4 2 
1 3 26 12 1 
2 11 30 
1 28 3 4 4 2 1 
2 30 4 6 1 
2 4 25 5 7 
6 33 4 
1 22 5 6 4 4 1 
5 5 18 12 1 2 
1 20 9 6 1 1 5 
26 5 8 3 1 
10 7 7 1 12 2 1 1 1 1 
1 8 19 4 10 1 
1 3 1 12 15 5 3 3 
40 3 
2 34 6 1 
2 32 7 1 1 
3 31 1 6 2 
14 9 7 10 3 
1 25 17 
17 15 7 4 
3 22 17 1 
7 29 5 1 1 
1 41 1 
1 28 9 2 3 
4 7 5 1 19 1 2 1 3 
1 14 15 10 3 
3 14 19 3 2 2 
1 1 41 
2 22 19 
9 5 11 13 4 1 
4 19 20 
3 9 27 2 1 1 
1 15 6 4 4 2 9 2 
2 34 1 4 1 1 
43 
5 17 18 3 
24 16 1 2 
20 8 7 8 
20 8 4 10 1 
1 8 11 15 5 3 
11 16 16 
1 19 20 2 1 
2 41 
1 2 12 11 1 16 
4 25 3 8 3 
2 19 11 8 3 
10 33 
6 26 10 1 
3 32 1 6 1 
1 8 30 4 
4 23 11 4 1 
3 9 9 17 3 1 1 
1 26 6 5 2 2 1 
41 1 1 
27 14 2 
7 26 8 2 
1 28 14 
1 28 4 10 
10 26 1 5 1 
3 5 32 3 
41 2 
1 9 15 10 3 1 1 2 1 
7 20 3 12 1 
2 24 12 4 1 
7 1 30 2 1 1 1 
1 6 24 4 3 5 
1 37 4 1 
35 1 7 
2 11 24 3 3 
9 20 3 7 2 2 
9 25 5 2 1 1 
1 2 2 29 5 4 
2 8 4 28 1 
15 10 8 10 
1 3 20 10 3 6 
8 29 4 1 1 
40 1 2 
1 39 3 
1 10 3 9 12 1 2 2 3 
2 12 28 1 
1 35 1 4 1 1 
1 17 5 9 7 3 1 
1 28 10 1 1 2 
6 4 7 8 10 7 1 
1 34 8 
1 8 34 
41 2 
1 37 1 2 2 
1 37 4 1 
11 7 5 5 14 1 
3 6 34 
5 12 9 1 4 1 4 6 1 
15 9 19 
20 17 4 1 1 
1 6 32 2 2 
29 2 6 6 
2 41 
34 2 4 2 1 
1 38 2 1 1 
3 2 21 6 2 2 3 4 
6 24 9 2 1 1 
1 12 10 3 11 5 1 
1 7 11 9 15 
4 1 17 4 12 1 3 1 
43 
25 1 16 1 
6 24 3 3 5 1 1 
1 26 15 1 
39 4 
1 15 27 
1 23 19 
1 31 10 1 
1 8 16 8 3 4 2 1 
1 18 24 
1 42 
3 20 14 5 1 
2 27 10 2 2 
3 23 6 6 4 1 
1 19 13 1 3 2 4 
1 38 4 
43 
1 3 25 1 12 1 
1 5 7 5 14 6 5 
6 6 16 7 4 4 
3 25 14 1 
14 10 14 3 1 1 
3 36 1 3 
17 2 12 6 5 1 
7 11 22 3 
2 19 11 7 2 2 
7 36 
3 37 3 
21 1 19 2 
1 21 20 1 
2 20 7 6 5 1 1 1 
4 6 33 
3 7 16 14 3 
1 10 25 6 1 
1 30 8 4 
2 7 24 10 
4 35 2 1 1 
1 16 26 
6 35 2 
6 12 1 8 4 3 6 3 
1 5 1 18 9 9 
4 39 
2 15 4 16 4 2 
20 12 6 2 1 1 1 
1 23 3 15 1 
4 38 1 
2 9 1 16 12 1 2 
3 40 
1 25 4 9 2 2 
2 3 29 4 4 1 
2 40 1 
17 25 1 
5 26 1 4 4 3 
3 5 34 1 
2 25 10 1 5 
5 33 2 2 1 
6 34 3 
6 19 10 2 5 1 
2 41 
19 15 8 1 
2 3 6 22 2 6 2 
1 31 2 9 
1 20 1 17 2 1 1 
1 22 2 18 
12 20 2 3 3 3 
3 40 
10 13 19 1 
7 15 15 3 1 2 
1 40 1 1 
4 3 3 16 15 2 
1 35 3 4 
1 4 33 1 1 2 1 
1 6 21 10 4 1 
1 15 2 4 7 4 2 4 4 
7 4 32 
3 11 17 10 2 
17 16 2 4 1 1 2 
43 
4 10 23 6 
27 13 3 
17 20 6 
2 13 28 
1 24 3 10 5 
1 37 1 3 1 
9 31 2 1 
2 10 8 18 1 4 
1 36 4 1 1 
2 35 6 
3 1 36 3 
9 5 19 2 7 1 
2 14 3 18 2 1 1 1 1 
1 10 12 1 1 3 1 3 7 2 1 1 
1 23 15 2 2 
16 13 2 4 1 1 5 1 
43 
6 30 7 
5 7 3 12 16 
1 1 18 1 12 3 6 1 
2 36 3 2 
27 16 
30 11 1 1 
2 26 10 4 1 
1 5 15 1 7 8 3 2 1 
1 18 4 13 4 1 2 
4 33 3 2 1 
33 1 6 3 
3 15 18 7 
2 40 1 
1 26 2 1 1 11 1 
1 9 30 3 
20 8 15 
1 21 17 3 1 
1 12 11 6 10 1 1 1 
1 19 10 12 1 
1 35 5 1 1 
1 22 13 5 2 
1 12 26 3 1 
14 6 9 1 6 1 1 1 3 1 
1 4 23 15 
8 10 3 11 9 2 
2 37 4 
5 27 2 4 5 
28 12 2 1 
1 5 37 
1 40 2 
37 3 2 1 
7 2 20 11 3 
1 42 
40 3 
11 2 23 6 1 
1 42 
21 4 6 11 1 
1 25 13 2 1 1 
2 19 22 
1 14 11 11 2 4 
3 27 3 1 5 1 2 1 
20 10 8 3 2 
3 18 12 1 9 
1 3 19 6 11 2 1 
4 23 4 7 3 1 1 
3 34 3 1 1 1 
3 11 26 3 
1 28 8 2 4 
40 2 1 
19 12 8 2 2 
16 26 1 
1 33 4 1 1 1 1 1 
1 9 8 19 4 2 
14 10 16 1 2 
1 27 14 1 
43 
2 3 38 
43 
1 3 35 1 2 1 
1 5 32 4 1 
3 16 3 8 11 1 1 
2 37 1 1 2 
1 10 12 14 6 
1 27 2 2 11 
1 5 4 6 12 14 1 
6 28 1 8 
2 22 1 11 2 1 1 1 2 
1 7 9 15 5 1 5 
30 11 1 1 
2 36 2 3 
43 
1 21 5 4 4 7 1 
3 21 19 
3 24 8 5 1 2 
16 10 7 5 2 3 
26 6 8 3 
2 13 7 18 3 
2 18 6 15 1 1 
2 10 14 15 2 
5 37 1 
25 7 4 1 4 1 1 
42 1 
20 2 21 
3 30 2 4 1 2 1 
34 4 5 
2 38 2 1 
1 20 1 4 4 4 2 6 1 
1 20 22 
1 8 24 2 4 2 1 1 
1 36 2 2 2 
1 5 37 
8 29 1 1 2 1 1 
1 7 18 4 2 6 4 1 
3 8 4 12 13 3 
39 4 
1 7 11 3 11 5 4 1 
1 13 27 2 
3 27 11 1 1 
3 28 12 
8 35 
1 37 5 
17 4 8 5 6 1 2 
43 
1 38 1 1 2 
1 30 4 4 4 
1 5 21 3 9 1 3 
1 41 1 
16 11 16 
1 39 3 
43 
6 11 16 9 1 
1 40 1 1 
26 17 
34 6 1 1 1 
3 29 7 2 2 
4 18 10 4 6 1 
2 39 2 
8 5 13 14 1 1 1 
43 
2 29 12 
43 
1 27 3 2 4 1 3 2 
1 40 1 1 
2 8 1 13 7 2 2 7 1 
1 21 20 1 
1 18 6 5 9 3 1 
5 34 4 
11 25 2 1 1 3 
4 9 15 9 6 
7 30 1 4 1 
3 20 8 9 1 2 
1 38 4 
1 32 1 8 1 
1 30 5 6 1 
2 11 1 18 10 1 
1 19 14 6 2 1 
5 18 19 1 
7 26 6 3 1 
1 4 16 2 10 2 4 4 
2 35 3 2 1 
1 31 4 4 3 
43 
4 23 12 4 
1 19 6 12 1 1 3 
1 23 12 1 6 
1 26 16 
2 1 10 30 
1 1 40 1 
3 13 9 16 1 1 
14 8 18 2 1 
7 34 1 1 
1 18 12 6 6 
20 4 16 1 2 
1 39 3 
1 25 17 
29 10 2 1 1 
33 4 4 1 1 
1 8 34 
2 18 6 3 3 11 
2 17 15 5 3 1 
20 16 4 2 1 
1 26 11 4 1 
37 3 1 2 
12 7 6 12 2 1 2 1 
1 30 10 2 
11 32 
1 40 2 
1 34 8 
2 40 1 
1 6 5 15 11 3 2 
2 18 17 6 
6 8 6 11 7 4 1 
5 33 5 
25 17 1 
1 39 1 2 
1 37 4 1 
4 39 
14 20 6 3 
1 40 2 
25 2 5 1 8 1 1 
1 35 2 5 
1 23 14 1 4 
1 14 25 3 
1 13 9 7 3 5 5 
1 9 22 9 1 1 
1 34 2 6 
1 5 25 1 1 2 7 1 
2 40 1 
1 15 20 2 1 2 2 
1 21 15 1 2 3 
1 33 9 
1 25 4 7 5 1 
2 7 33 1 
1 18 8 5 6 4 1 
1 12 5 8 3 1 10 1 2 
1 12 29 1 
9 19 11 1 3 
12 3 2 7 11 1 3 4 
3 39 1 
1 40 2 
1 1 32 5 3 1 
11 29 2 1 
3 26 4 6 2 2 
5 6 20 3 5 2 2 
2 11 14 7 1 2 2 1 1 1 1 
2 1 30 9 1 
1 27 1 3 9 2 
2 40 1 
1 33 9 
7 9 19 6 1 1 
1 19 7 9 6 1 
5 30 5 3 
43 
22 20 1 
29 13 1 
1 13 16 13 
2 21 20 
9 6 12 13 3 
41 2 
6 26 7 3 1 
1 41 1 
1 39 3 
3 35 3 2 
3 40 
29 7 4 2 1 
31 9 3 
10 26 4 3 
1 3 22 3 3 4 7 
22 18 1 1 1 
4 5 2 10 5 12 4 1 
4 15 6 16 2 
40 3 
1 42 
2 10 21 8 1 1 
3 26 14 
20 11 12 
5 5 8 4 21 
1 19 10 13 
3 26 4 3 4 3 
40 2 1 
1 35 3 1 1 2 
19 11 3 2 2 3 2 1 
2 11 23 1 5 1 
17 13 4 1 5 2 1 
1 3 25 4 9 1 
9 12 3 2 13 3 1 
17 23 3 
1 39 3 
5 22 12 1 2 1 
43 
1 4 4 1 33 
4 31 1 4 2 1 
3 34 2 4 
4 20 17 2 
2 13 28 
3 35 2 1 2 
43 
2 13 6 20 1 1 
1 42 
12 18 2 4 1 1 3 2 
1 35 1 4 1 1 
1 3 10 16 4 2 2 2 3 
1 4 37 1 
3 26 9 4 1 
6 2 12 5 17 1 
1 9 26 4 3 
1 21 14 6 1 
1 37 1 2 1 1 
4 38 1 
4 2 6 10 12 8 1 
1 11 26 1 1 2 1 
1 27 6 1 3 2 3 
7 33 3 
13 21 5 3 1 
20 3 20 
2 41 
3 4 10 3 20 3 
1 42 
1 12 23 7 
3 24 3 2 10 1 
19 14 5 3 1 1 
7 5 23 6 1 1 
42 1 
1 25 1 4 9 3 
2 37 3 1 
1 11 25 3 1 2 
1 22 18 2 
1 35 6 1 
2 23 5 1 9 1 2 
1 20 12 5 2 2 1 
2 23 1 13 1 1 2 
1 28 2 9 3 
7 12 12 8 3 1 
5 7 11 2 8 1 1 3 3 1 1 
5 26 12 
36 1 1 3 2 
1 25 16 1 
37 1 1 1 1 2 
5 16 5 15 2 
1 21 20 1 
30 10 2 1 
4 13 6 11 7 1 1 
6 29 3 5 
3 25 15 
2 32 7 2 
3 28 9 3 
4 5 22 3 4 3 2 
2 15 22 4 
1 33 9 
1 32 3 7 
32 10 1 
2 4 32 1 1 3 
2 33 1 5 2 
4 15 2 5 5 4 2 2 1 3 
5 11 6 17 2 2 
39 1 3 
39 1 2 1 
1 33 9 
13 25 5 
1 29 12 1 
1 9 24 4 5 
1 7 2 4 26 1 2 
36 1 2 4 
2 15 24 1 1 
2 30 7 3 1 
43 
2 39 2 
1 3 16 2 4 2 15 
6 7 30 
43 
2 27 8 5 1 
7 28 3 2 3 
7 33 3 
1 27 15 
5 24 2 12 
1 27 15 
4 18 12 8 1 
2 7 6 13 3 6 5 1 
1 23 4 2 1 11 1 
1 10 25 7 
2 13 8 16 4 
1 31 7 1 1 1 1 
6 10 2 5 18 1 1 
26 17 
2 31 8 2 
1 10 1 26 5 
1 28 8 1 2 2 1 
2 12 13 13 3 
2 18 2 8 7 5 1 
4 20 3 3 4 4 4 1 
3 34 4 1 1 
3 40 
2 1 33 4 1 1 1 
1 31 5 5 1 
1 25 17 
8 26 1 7 1 
19 15 1 8 
6 25 6 6 
23 13 6 1 
13 18 10 2 
1 42 
7 29 7 
4 6 9 24 
14 22 7 
5 37 1 
8 20 14 1 
4 5 26 7 1 
2 9 6 2 11 1 3 3 1 2 1 1 1 
15 18 2 8 
4 17 16 6 
1 39 1 2 
28 9 5 1 
4 33 6 
9 25 9 
18 22 2 1 
1 25 17 
3 40 
15 19 3 6 
1 11 28 2 1 
4 29 1 9 
12 25 2 4 
22 2 6 4 5 1 1 1 1 
2 7 27 5 1 1 
16 25 2 
1 14 19 7 1 1 
7 16 12 6 2 
1 36 5 1 
1 17 10 1 5 4 2 1 1 1 
1 41 1 
2 18 4 9 5 2 2 1 
1 36 5 1 
1 17 10 4 6 1 1 1 2 
25 12 1 1 4 
7 25 2 4 1 3 1 
1 28 13 1 
3 12 6 17 4 1 
1 3 8 5 23 2 1 
15 24 1 2 1 
1 39 2 1 
1 11 31 
6 26 11 
1 24 18 
3 39 1 
2 1 35 2 3 
1 12 15 14 1 
2 10 30 1 
6 12 21 2 1 1 
43 
1 7 15 5 5 10 
1 2 16 7 1 10 2 1 2 1 
1 41 1 
7 22 13 1 
4 13 23 1 1 1 
8 35 
1 33 3 6 
34 5 1 2 1 
5 16 17 4 1 
3 22 11 1 6 
1 7 8 2 13 12 
3 23 6 8 3 
1 15 18 4 5 
4 25 13 1 
1 16 16 4 4 1 1 
1 22 13 4 2 1 
2 20 2 4 2 6 2 2 1 1 1 
2 29 5 3 1 2 1 
2 3 9 20 2 7 
13 18 12 
2 18 11 2 7 1 1 1 
1 30 5 5 2 
1 27 8 4 1 1 1 
8 7 3 7 18 
1 34 5 2 1 
5 16 22 
1 6 2 18 2 6 1 3 1 1 2 
1 4 18 10 10 
1 6 13 21 1 1 
2 41 
4 23 7 6 3 
36 1 1 5 
4 24 10 2 1 1 1 
1 8 11 18 3 2 
33 9 1 
2 31 10 
2 9 32 
1 16 3 19 4 
36 4 3 
2 25 8 4 3 1 
2 41 
1 13 16 10 2 1 
1 41 1 
27 2 4 2 4 1 3 
1 3 28 1 2 3 4 1 
33 10 
3 6 5 23 1 5 
2 9 31 1 
4 19 11 6 3 
7 6 3 4 18 4 1 
14 16 10 1 1 1 
9 5 29 
40 1 1 1 
1 8 11 22 1 
1 39 1 2 
2 26 14 1 
1 36 6 
5 5 20 13 
11 15 15 1 1 
1 3 39 
4 39 
7 17 8 8 3 
7 28 7 1 
32 1 6 4 
1 4 37 1 
5 11 9 4 14 
2 25 16 
3 28 11 1 
2 12 1 4 21 2 1 
14 24 2 2 1 
4 24 15 
17 14 12 
14 22 7 
1 9 33 
2 35 5 1 
20 7 4 2 2 6 1 1 
4 16 9 13 1 
3 16 24 
1 40 2 
2 37 2 2 
5 37 1 
3 8 32 
1 12 17 11 2 
32 2 1 1 3 3 1 
2 18 17 1 5 
1 41 1 
3 1 7 9 14 1 5 1 1 1 
1 27 15 
26 8 4 2 3 
3 28 2 8 1 1 
2 16 25 
1 4 10 13 2 10 3 
1 8 22 10 2 
1 13 6 22 1 
43 
5 19 7 4 1 2 5 
2 39 2 
1 1 23 13 3 1 1 
2 14 1 20 6 
1 23 1 4 5 5 1 1 2 
1 36 1 5 
1 11 29 1 1 
43 
1 23 18 1 
43 
1 36 5 1 
2 11 10 6 14 
2 3 23 8 5 1 1 
4 30 8 1 
1 14 4 7 2 6 6 3 
1 1 39 2 
3 9 8 11 3 5 3 1 
2 30 7 1 3 
1 42 
16 20 3 1 3 
1 37 1 2 2 
8 33 1 1 
2 11 7 15 7 1 
2 10 13 5 2 2 6 1 2 
6 2 18 12 3 2 
39 4 
1 42 
3 35 2 3 
1 35 7 
1 42 
8 6 19 3 4 1 1 1 
3 30 4 3 3 
43 
16 14 5 2 2 3 1 
1 27 3 7 5 
5 9 15 14 
1 10 10 11 11 
24 16 3 
3 29 5 6 
1 2 1 7 3 8 15 1 4 1 
27 15 1 
1 35 6 1 
6 28 4 2 1 2 
4 14 2 10 7 2 1 3 
1 1 14 22 2 2 1 
4 28 8 2 1 
2 32 6 3 
30 8 1 3 1 
7 24 1 2 9 
8 30 2 3 
37 3 2 1 
1 7 7 12 1 11 2 2 
35 1 2 5 
3 24 16 
1 10 13 9 2 3 3 2 
1 24 5 3 7 2 1 
13 11 9 2 3 3 2 
3 25 1 1 5 7 1 
1 17 21 2 2 
2 5 30 1 3 2 
1 24 14 3 1 
1 9 4 14 4 7 2 1 1 
1 4 13 16 1 6 1 1 
1 38 4 
1 28 2 12 
3 1 35 2 1 1 
20 6 1 10 6 
22 16 5 
1 11 22 9 
43 
1 10 18 13 1 
23 4 8 6 1 1 
4 4 4 31 
3 14 3 17 1 5 
3 40 
31 10 2 
2 38 3 
1 16 5 1 19 1 
16 17 1 3 5 1 
24 14 3 1 1 
4 11 7 4 17 
9 30 4 
3 15 14 6 5 
43 
19 6 3 10 4 1 
1 39 3 
2 4 18 11 8 
2 1 14 14 3 3 6 
1 37 5 
1 36 1 3 2 
1 2 32 5 3 
4 22 3 8 4 1 1 
2 41 
5 30 6 1 1 
2 26 4 4 6 1 
3 9 18 5 8 
1 40 2 
21 1 1 18 1 1 
11 27 5 
31 3 8 1 
1 31 7 1 3 
1 16 25 1 
14 2 16 8 2 1 
2 8 21 1 7 1 3 
7 24 2 5 1 4 
43 
1 32 10 
16 7 13 4 3 
1 22 18 1 1 
2 24 10 1 2 1 3 
1 4 33 5 
5 26 7 3 2 
22 18 1 2 
1 14 10 7 2 1 4 4 
1 35 5 1 1 
43 
2 23 15 1 1 1 
8 32 3 
1 7 15 11 6 3 
34 6 2 1 
34 9 
36 5 1 1 
1 22 5 7 4 1 2 1 
5 22 16 
43 
11 1 31 
14 1 26 1 1 
1 16 14 11 1 
1 38 1 2 1 
20 8 15 
3 36 3 1 
1 33 4 3 2 
42 1 
1 11 24 6 1 
5 21 11 5 1 
10 21 8 3 1 
2 40 1 
1 4 1 29 6 1 1 
2 8 15 1 13 3 1 
1 28 2 11 1 
25 5 9 2 2 
10 26 7 
7 7 13 4 9 1 1 1 
1 23 1 5 1 8 4 
23 2 8 1 7 2 
1 30 12 
2 41 
2 36 3 2 
2 18 3 1 11 4 1 2 1 
39 2 1 1 
2 30 2 3 6 
16 25 2 
29 1 3 1 1 8 
1 15 16 10 1 
41 1 1 
1 37 5 
1 8 15 4 11 2 1 1 
42 1 
7 2 3 18 13 
3 5 12 2 8 2 7 2 2 
7 28 8 
1 36 2 2 2 
1 28 6 6 1 1 
5 26 9 2 1 
1 26 15 1 
1 41 1 
4 29 3 7 
8 27 8 
20 23 
1 39 3 
1 10 11 1 13 4 1 2 
1 13 11 5 4 1 5 1 2 
1 42 
43 
1 31 7 3 1 
1 15 24 3 
3 12 19 1 7 1 
1 15 3 13 11 
9 5 20 5 4 
1 42 
1 33 7 1 1 
10 30 2 1 
1 10 14 18 
39 4 
2 35 3 1 1 1 
29 2 6 6 
10 2 11 4 3 2 8 1 2 
29 10 1 3 
1 20 21 1 
12 10 14 4 1 1 1 
6 33 4 
4 26 9 2 2 
3 6 2 15 16 1 
41 1 1 
1 22 20 
16 25 1 1 
1 34 5 3 
1 28 11 2 1 
2 3 11 6 16 4 1 
1 29 9 1 1 2 
1 22 20 
1 35 6 1 
5 38 
14 9 9 7 1 1 2 
7 29 3 2 2 
14 14 4 7 1 1 1 1 
2 5 27 5 2 1 1 
43 
1 26 13 3 
1 6 13 14 4 2 1 1 1 
25 15 1 1 1 
1 18 9 4 7 2 2 
6 25 10 2 
7 25 8 1 2 
1 21 18 2 1 
17 15 2 8 1 
2 31 1 4 2 1 2 
17 18 1 3 4 
20 3 1 4 2 11 2 
6 13 18 1 2 1 1 1 
4 3 1 13 1 13 7 1 
1 10 32 
29 11 2 1 
9 34 
7 8 8 16 2 2 
5 3 4 6 19 1 5 
1 20 20 1 1 
7 5 10 20 1 
7 14 22 
