2 24 4 4 10 1 
1 16 7 6 9 3 2 1 
7 10 5 14 5 2 2 
31 11 3 
2 27 7 4 1 4 
1 26 13 4 1 
2 24 19 
17 9 19 
20 25 
3 34 4 2 2 
1 20 14 4 3 2 1 
7 38 
10 7 7 7 11 3 
3 37 2 2 1 
1 2 6 1 5 12 7 3 1 1 1 5 
3 30 6 5 1 
1 37 7 
35 10 
3 37 5 
1 5 4 3 13 4 13 2 
6 22 5 5 5 2 
5 24 5 2 5 4 
10 1 8 19 4 1 1 1 
4 6 8 7 14 4 2 
1 33 2 5 3 1 
3 20 14 4 2 2 
45 
4 12 1 4 11 6 4 1 2 
1 12 27 2 3 
8 15 21 1 
2 5 9 26 1 2 
1 28 13 2 1 
3 21 9 12 
1 32 9 3 
4 25 7 4 5 
1 5 9 30 
1 36 1 2 1 1 1 2 
1 16 2 24 1 1 
1 29 13 1 1 
10 8 20 6 1 
13 25 1 3 3 
19 21 5 
1 21 23 
5 33 7 
37 7 1 
2 8 15 12 1 4 1 1 1 
9 16 17 2 1 
1 19 22 3 
45 
1 25 11 6 2 
9 3 3 7 9 13 1 
2 3 38 1 1 
5 22 17 1 
1 26 12 3 1 2 
2 10 27 1 4 1 
1 16 1 5 6 7 4 5 
5 30 6 4 
1 19 15 4 5 1 
2 15 12 15 1 
23 12 6 2 2 
22 4 17 1 1 
1 24 17 1 2 
22 9 12 2 
1 24 19 1 
4 40 1 
5 16 2 8 3 6 3 2 
2 42 1 
7 13 15 4 5 1 
6 34 2 1 1 1 
6 36 1 1 1 
10 18 15 1 1 
4 19 22 
2 41 2 
1 30 5 3 3 1 1 1 
10 13 1 21 
1 40 4 
5 40 
2 15 2 7 5 5 6 2 1 
2 3 26 4 9 1 
3 1 5 14 11 3 4 1 3 
1 13 29 2 
1 39 3 1 1 
1 10 13 6 6 2 4 2 1 
8 11 10 4 5 6 1 
5 3 21 9 5 1 1 
1 19 14 7 1 2 1 
1 25 15 4 
3 23 16 2 1 
1 15 3 6 16 3 1 
1 10 25 2 2 3 1 1 
1 29 5 10 
3 2 37 3 
13 18 1 13 
1 19 16 7 2 
1 23 21 
1 13 31 
1 1 23 19 1 
2 38 1 2 2 
1 14 11 5 7 5 2 
2 21 22 
20 19 6 
1 39 3 1 1 
1 10 14 4 14 1 1 
2 33 2 6 1 1 
3 27 11 3 1 
19 23 2 1 
45 
2 19 7 6 9 1 1 
1 15 17 3 9 
24 10 4 1 3 3 
4 31 1 7 2 
5 2 7 31 
1 44 
15 9 5 13 2 1 
8 8 2 2 1 23 1 
10 29 3 2 1 
1 18 26 
3 22 18 1 1 
20 23 2 
19 26 
6 35 1 3 
1 24 16 1 2 1 
6 17 21 1 
41 2 2 
37 6 1 1 
2 19 23 1 
2 4 25 3 2 8 1 
1 2 15 5 6 1 9 3 2 1 
37 2 1 2 3 
42 1 2 
2 26 11 2 4 
1 35 4 2 1 2 
2 33 1 3 3 2 1 
4 40 1 
39 6 
3 4 9 1 12 9 2 3 2 
6 33 3 1 1 1 
1 41 1 1 1 
1 35 8 1 
6 9 2 23 5 
1 39 3 1 1 
28 2 8 4 1 1 1 
1 16 4 10 11 3 
7 11 8 19 
1 27 6 5 2 2 1 1 
1 41 3 
1 39 1 2 2 
9 4 7 7 11 4 1 2 
3 28 14 
1 23 20 1 
2 17 4 15 1 1 3 1 1 
1 34 8 1 1 
6 6 30 1 1 1 
1 37 7 
1 3 27 9 1 2 2 
1 29 15 
2 3 30 8 1 1 
4 6 32 2 1 
3 6 21 9 2 2 1 1 
1 6 19 3 7 8 1 
45 
4 27 2 9 3 
45 
1 3 7 10 19 3 2 
1 41 3 
5 15 9 12 4 
21 14 1 6 1 1 1 
14 19 12 
1 44 
34 2 8 1 
9 25 11 
1 23 18 3 
19 3 1 13 2 7 
1 42 2 
12 29 1 1 2 
9 33 3 
41 1 2 1 
2 32 3 5 3 
14 2 10 7 3 7 1 1 
32 2 6 4 1 
1 14 28 1 1 
2 25 1 10 6 1 
1 3 36 5 
8 11 22 2 2 
25 14 5 1 
16 18 8 1 1 1 
3 21 12 6 1 1 1 
5 3 7 1 7 10 1 3 1 2 5 
1 44 
13 32 
3 5 6 29 1 1 
10 2 8 14 4 5 1 1 
5 39 1 
1 30 4 3 3 4 
2 17 25 1 
1 17 27 
1 28 8 4 4 
39 4 2 
43 1 1 
1 14 16 5 4 3 1 1 
1 21 13 7 2 1 
3 37 5 
3 28 8 4 1 1 
4 37 4 
3 30 9 2 1 
2 41 1 1 
45 
1 13 1 21 9 
1 16 12 11 5 
7 35 3 
1 22 9 1 1 10 1 
45 
1 31 13 
4 34 1 1 3 1 1 
7 14 14 4 4 1 1 
1 21 17 4 1 1 
2 34 6 1 2 
2 6 28 4 5 
6 25 4 9 1 
1 23 5 9 6 1 
3 28 1 4 3 3 1 1 1 
1 28 6 8 1 1 
35 7 2 1 
17 28 
2 22 11 1 5 3 1 
1 32 9 1 1 1 
6 7 18 6 1 7 
7 20 14 2 2 
44 1 
1 22 22 
4 24 17 
1 31 10 3 
44 1 
12 24 1 4 1 3 
3 24 2 7 3 6 
3 34 3 2 3 
3 28 12 1 1 
12 31 2 
2 23 4 12 4 
1 28 16 
11 6 27 1 
1 37 7 
2 40 3 
2 3 31 6 1 1 1 
1 23 11 6 1 1 2 
1 5 7 20 12 
2 36 4 2 1 
2 24 8 10 1 
4 23 5 7 2 4 
1 20 23 1 
3 19 19 2 2 
1 42 1 1 
2 30 10 2 1 
13 18 10 1 3 
4 23 10 4 2 1 1 
2 15 3 19 6 
33 2 4 4 1 1 
1 42 1 1 
5 15 23 2 
3 1 18 9 12 1 1 
2 22 10 5 6 
1 28 8 2 5 1 
32 6 1 5 1 
1 7 5 22 3 6 1 
25 17 1 1 1 
1 9 15 7 3 7 1 1 1 
1 6 28 1 9 
1 34 2 7 1 
1 30 8 5 1 
1 21 23 
34 5 5 1 
1 32 12 
8 33 4 
1 18 7 4 2 5 5 1 2 
28 16 1 
1 22 21 1 
3 21 5 3 11 1 1 
2 2 21 1 12 4 3 
3 4 28 10 
1 34 3 3 4 
2 1 1 13 11 12 4 1 
1 10 8 22 4 
11 2 3 14 9 3 3 
8 30 7 
3 38 2 1 1 
1 17 26 1 
24 12 4 4 1 
11 31 3 
3 13 29 
5 17 4 9 2 1 1 6 
6 5 10 9 15 
8 23 11 1 1 1 
2 8 16 10 8 1 
1 27 7 7 3 
1 38 5 1 
6 39 
3 4 10 9 16 3 
2 31 12 
8 1 12 10 9 2 3 
1 27 6 1 1 8 1 
45 
25 14 1 3 1 1 
7 34 2 2 
1 14 6 23 1 
1 4 10 14 6 1 1 3 2 1 1 1 
1 43 1 
3 27 5 8 2 
1 31 13 
5 34 6 
36 4 3 2 
8 1 8 8 1 17 1 1 
37 7 1 
7 14 11 6 3 2 2 
3 21 21 
10 35 
1 31 9 3 1 
3 29 3 10 
7 2 15 8 2 4 5 1 1 
2 18 19 3 2 1 
12 8 24 1 
1 30 13 1 
33 1 11 
1 18 8 11 5 1 1 
28 6 10 1 
5 26 4 9 1 
1 39 1 2 2 
1 20 12 9 1 2 
1 30 14 
2 38 5 
1 43 1 
1 21 23 
2 38 5 
12 15 18 
5 38 2 
2 20 19 3 1 
12 22 7 3 1 
1 33 2 1 4 1 1 1 1 
3 25 3 14 
2 12 29 2 
2 19 9 14 1 
45 
1 19 12 12 1 
2 27 4 1 2 8 1 
1 44 
1 30 6 5 3 
30 8 7 
1 4 33 2 1 1 1 1 1 
1 36 5 3 
2 41 2 
1 5 29 2 4 4 
3 10 7 5 11 5 3 1 
1 26 7 7 2 2 
1 31 9 2 2 
2 13 8 4 2 2 1 13 
11 2 23 7 2 
2 39 4 
1 37 5 2 
1 28 4 4 4 2 2 
40 3 2 
1 41 1 2 
35 8 2 
2 3 5 3 4 16 1 6 1 2 1 1 
5 15 20 3 1 1 
17 6 5 11 6 
9 13 3 1 12 7 
17 26 1 1 
5 6 34 
1 5 32 2 4 1 
1 41 2 1 
5 10 12 13 4 1 
2 32 1 2 5 1 2 
42 3 
1 16 4 23 1 
1 38 4 2 
5 34 3 2 1 
7 35 3 
2 38 3 2 
16 24 5 
2 10 27 1 5 
2 37 5 1 
5 28 12 
5 37 2 1 
6 22 13 4 
2 41 1 1 
2 13 15 3 3 1 2 1 5 
8 23 4 10 
1 27 1 10 2 4 
25 1 5 7 3 1 3 
1 44 
7 34 4 
3 27 2 6 3 3 1 
6 35 1 1 2 
1 3 4 15 7 7 8 
24 12 5 2 2 
1 37 3 2 1 1 
2 19 18 2 2 1 1 
14 27 1 3 
3 24 5 6 4 2 1 
7 34 4 
14 16 4 2 3 3 3 
1 26 9 9 
1 28 15 1 
10 29 5 1 
1 11 25 4 2 1 1 
2 20 23 
1 37 1 4 2 
44 1 
2 18 25 
26 18 1 
2 24 17 2 
15 20 4 5 1 
27 11 5 1 1 
2 34 3 1 4 1 
2 40 3 
8 12 14 8 3 
10 34 1 
1 36 8 
25 8 10 2 
9 27 3 3 1 1 1 
41 2 2 
16 11 16 1 1 
1 21 9 11 2 1 
1 38 4 1 1 
3 24 18 
1 22 16 2 3 1 
22 11 8 2 2 
19 17 9 
1 2 36 4 2 
1 4 20 9 2 3 1 4 1 
15 20 3 6 1 
3 18 2 4 4 7 3 4 
8 23 6 4 1 2 1 
13 31 1 
5 2 4 15 4 13 1 1 
1 35 8 1 
1 15 2 5 19 1 1 1 
10 30 4 1 
3 28 14 
2 15 7 6 13 2 
1 2 19 12 4 1 2 2 2 
8 25 8 1 2 1 
4 5 24 7 3 2 
5 19 16 1 3 1 
14 17 3 3 8 
43 1 1 
3 8 26 6 2 
1 11 2 25 3 3 
1 26 10 7 1 
4 20 21 
17 11 17 
15 14 4 10 1 1 
6 14 10 10 1 3 1 
20 22 3 
9 18 14 2 2 
2 23 3 7 5 4 1 
1 8 34 1 1 
4 25 5 5 2 2 1 1 
1 25 10 7 2 
3 2 10 3 6 4 2 12 2 1 
5 5 18 8 2 4 3 
2 25 9 1 2 4 1 1 
37 3 5 
19 15 11 
3 40 1 1 
1 30 5 2 1 6 
18 22 5 
12 3 12 7 11 
2 10 26 7 
24 14 7 
14 17 8 6 
1 1 2 11 30 
1 22 17 4 1 
1 23 13 8 
23 18 4 
1 2 26 15 1 
37 2 3 1 1 1 
2 19 2 11 1 3 3 2 2 
4 23 4 2 8 3 1 
1 6 18 13 5 1 1 
8 15 21 1 
45 
4 8 4 6 18 5 
1 21 1 20 2 
21 21 3 
1 29 3 2 7 3 
2 38 4 1 
1 35 1 4 2 2 
1 25 8 6 4 1 
43 2 
32 11 2 
10 17 1 5 4 1 6 1 
1 39 2 2 1 
16 27 2 
1 7 31 3 3 
2 43 
8 37 
17 5 16 4 2 1 
2 40 3 
10 2 9 11 5 8 
1 38 3 2 1 
1 36 8 
1 5 28 8 3 
4 9 1 11 18 1 1 
3 28 6 8 
15 18 12 
1 3 9 31 1 
3 21 19 2 
20 10 9 2 3 1 
1 23 13 6 1 1 
19 20 2 2 1 1 
2 18 14 5 1 1 2 1 1 
14 18 6 2 5 
9 27 1 1 4 3 
10 10 4 19 2 
8 12 8 15 2 
2 3 26 11 1 2 
2 3 23 17 
5 31 8 1 
5 11 9 14 2 1 3 
13 15 14 2 1 
5 39 1 
41 4 
1 2 24 7 4 6 1 
4 39 2 
2 8 19 15 1 
10 30 5 
8 13 6 3 12 1 2 
1 43 1 
32 6 2 1 1 1 2 
1 12 11 20 1 
6 36 2 1 
12 10 17 4 2 
5 35 1 4 
45 
3 27 7 5 2 1 
1 8 27 1 8 
1 40 2 1 1 
2 42 1 
16 17 6 1 5 
1 42 2 
1 17 9 18 
6 17 21 1 
19 7 17 2 
43 2 
1 25 4 6 7 1 1 
1 2 32 7 3 
2 40 3 
45 
6 20 3 9 7 
1 41 2 1 
37 2 4 1 1 
1 31 6 7 
4 36 2 3 
39 3 2 1 
8 32 2 1 1 1 
2 3 38 1 1 
1 39 2 1 1 1 
1 1 1 4 27 8 1 2 
32 4 4 1 1 1 2 
1 38 5 1 
20 9 7 4 2 2 1 
4 15 3 13 6 4 
19 9 6 4 3 4 
1 28 11 5 
43 2 
8 30 5 2 
3 17 1 15 7 2 
1 1 40 2 1 
45 
12 18 13 1 1 
42 2 1 
4 24 5 3 1 8 
3 4 15 13 10 
7 5 6 15 5 2 5 
1 13 19 2 4 4 2 
1 5 25 12 1 1 
3 35 1 1 3 1 1 
3 42 
2 30 13 
2 25 12 3 3 
1 32 6 2 4 
1 28 5 1 7 1 1 1 
5 9 7 5 9 3 4 3 
43 1 1 
1 26 5 13 
1 24 2 13 3 2 
1 33 11 
1 27 6 1 3 5 1 1 
5 33 7 
12 32 1 
10 31 1 1 2 
5 12 4 1 1 11 4 7 
45 
45 
2 35 4 1 3 
2 26 8 7 1 1 
3 29 11 1 1 
32 6 5 1 1 
2 4 24 12 3 
1 8 25 3 4 1 3 
2 36 6 1 
3 3 15 19 1 3 1 
1 8 24 9 3 
2 31 12 
1 2 11 4 24 3 
1 40 4 
44 1 
39 1 3 2 
2 7 16 3 15 1 1 
3 42 
23 3 9 3 5 2 
2 2 27 11 1 1 1 
1 24 1 5 5 6 1 2 
1 4 9 26 1 3 1 
1 29 1 4 5 4 1 
5 25 13 2 
2 38 4 1 
45 
1 7 11 10 3 7 2 4 
1 14 23 6 1 
1 37 1 5 1 
1 4 15 25 
6 39 
2 36 7 
35 2 1 6 1 
2 41 1 1 
2 26 7 9 1 
1 24 19 1 
24 11 2 7 1 
4 8 26 2 3 2 
39 2 2 2 
2 42 1 
18 19 2 1 4 1 
1 22 22 
3 9 27 1 3 2 
1 8 13 17 4 2 
1 44 
15 24 1 2 3 
1 17 24 3 
5 38 2 
2 31 8 1 1 1 1 
2 3 20 20 
2 38 5 
1 26 18 
1 29 15 
6 25 4 1 7 2 
3 36 4 1 1 
6 5 15 4 3 11 1 
1 13 13 1 10 6 1 
2 42 1 
1 19 7 16 1 1 
2 39 3 1 
1 19 9 5 8 2 1 
7 37 1 
4 35 1 2 3 
7 7 19 11 1 
28 8 9 
1 18 16 7 1 1 1 
14 14 8 3 6 
1 19 10 4 4 5 1 1 
1 29 2 4 7 1 1 
1 43 1 
4 28 6 3 3 1 
7 2 18 10 6 1 1 
2 30 4 8 1 
16 4 4 16 2 3 
1 19 23 1 1 
5 3 11 26 
1 3 5 29 2 2 3 
21 18 6 
5 24 16 
1 24 19 1 
2 25 16 1 1 
7 31 7 
1 17 27 
4 18 13 3 2 5 
9 7 29 
1 9 23 6 6 
9 5 2 3 13 10 2 1 
1 7 23 1 5 3 3 1 1 
24 10 9 1 1 
1 27 3 7 4 3 
1 3 1 1 38 1 
1 41 2 1 
2 39 3 1 
3 36 6 
8 4 33 
1 26 7 10 1 
2 26 4 8 2 2 1 
2 8 8 2 6 2 12 3 1 1 
8 21 13 2 1 
24 10 3 5 1 1 1 
2 10 9 19 2 1 2 
11 20 6 2 6 
38 5 1 1 
3 19 4 9 6 3 1 
1 33 10 1 
3 35 7 
36 5 4 
1 12 23 1 8 
2 40 2 1 
1 18 13 11 2 
1 13 19 7 4 1 
1 17 27 
1 9 26 8 1 
8 2 16 12 5 1 1 
1 37 7 
28 8 7 1 1 
6 15 16 1 2 5 
27 13 4 1 
42 3 
17 25 1 2 
7 5 25 1 5 2 
18 3 8 5 2 6 3 
22 22 1 
6 18 21 
1 25 8 5 4 2 
1 26 1 8 7 1 1 
2 8 28 6 1 
17 28 
1 22 9 9 4 
1 40 4 
42 2 1 
1 21 17 4 1 1 
8 35 1 1 
1 8 19 1 15 1 
1 6 16 14 6 1 1 
7 21 1 15 1 
1 37 7 
2 41 2 
1 26 18 
1 14 3 24 1 1 1 
19 2 18 4 1 1 
23 9 7 2 4 
1 7 29 8 
1 25 1 10 1 3 3 1 
3 14 12 15 1 
1 16 25 3 
2 14 9 5 13 2 
3 11 24 6 1 
5 24 11 1 2 1 1 
28 4 2 4 6 1 
37 8 
9 29 3 2 1 1 
8 5 22 7 3 
4 30 11 
4 22 4 15 
1 20 12 8 2 1 1 
21 19 3 1 1 
3 17 11 4 1 7 2 
24 4 1 7 3 3 3 
13 22 1 3 3 3 
1 10 24 2 1 1 4 2 
2 4 11 1 1 2 7 4 7 4 1 1 
1 29 10 1 4 
6 22 14 3 
16 8 11 7 2 1 
2 27 10 1 4 1 
3 3 4 28 5 1 1 
1 11 7 4 12 8 1 1 
4 41 
8 4 15 7 2 1 5 2 1 
5 17 9 4 2 6 2 
45 
15 4 19 3 2 2 
1 17 24 3 
2 27 1 6 3 2 2 2 
8 28 9 
1 3 6 27 8 
7 27 7 1 3 
29 4 1 8 1 2 
10 25 10 
12 14 1 17 1 
22 3 19 1 
31 2 9 2 1 
2 39 4 
4 9 23 4 3 1 1 
8 36 1 
1 31 13 
3 41 1 
7 11 24 2 1 
4 15 10 7 3 3 1 2 
1 1 16 18 6 1 1 1 
3 39 3 
3 21 7 3 9 1 1 
44 1 
45 
28 14 2 1 
2 41 2 
2 39 2 1 1 
1 32 6 3 2 1 
3 41 1 
1 27 3 14 
5 14 24 1 1 
40 4 1 
1 37 4 2 1 
15 24 6 
2 15 27 1 
40 3 1 1 
7 4 15 13 6 
12 18 5 7 3 
6 25 13 1 
1 33 10 1 
14 7 8 11 1 4 
21 20 1 1 2 
1 36 1 3 3 1 
1 7 34 2 1 
1 29 14 1 
2 27 3 13 
2 16 2 21 2 2 
2 11 14 18 
2 23 4 4 1 3 8 
2 20 16 5 2 
1 1 34 2 4 2 1 
7 11 10 7 10 
1 22 11 6 2 2 1 
1 24 13 2 5 
3 5 26 1 3 2 4 1 
45 
2 41 1 1 
1 38 3 1 1 1 
8 19 15 1 2 
1 17 27 
1 19 22 1 1 1 
2 17 6 10 8 1 1 
22 18 5 
27 6 7 1 2 1 1 
4 30 10 1 
8 15 1 5 1 7 7 1 
1 17 26 1 
10 25 6 4 
25 2 10 6 2 
1 22 1 14 6 1 
28 15 2 
1 1 37 5 1 
27 15 3 
2 19 9 10 3 2 
2 32 9 1 1 
4 41 
1 41 3 
3 1 17 10 14 
1 9 5 30 
32 13 
1 4 30 3 3 1 3 
5 4 15 12 1 4 1 2 1 
1 11 20 10 1 2 
34 9 2 
2 35 5 2 1 
7 22 7 3 6 
6 20 7 12 
5 35 3 1 1 
44 1 
28 3 11 2 1 
1 17 1 11 5 8 2 
5 29 5 3 1 2 
2 36 2 3 2 
3 6 29 7 
2 42 1 
2 14 15 1 3 2 1 5 1 1 
4 10 10 11 2 2 6 
44 1 
3 8 25 3 3 1 2 
1 20 13 9 2 
2 41 1 1 
6 22 9 3 5 
2 12 22 4 1 2 1 1 
1 33 4 6 1 
1 25 10 1 1 7 
2 40 3 
5 15 1 20 4 
5 22 5 9 2 2 
2 19 3 9 12 
2 26 16 1 
3 19 23 
15 19 11 
7 2 24 1 6 1 3 1 
3 24 3 7 3 5 
27 13 2 1 2 
41 4 
1 35 3 4 2 
14 11 6 5 2 3 3 1 
7 5 30 2 1 
3 17 6 8 9 1 1 
45 
1 38 3 1 1 1 
3 7 27 8 
1 9 19 14 1 1 
20 9 16 
42 3 
4 21 13 7 
7 36 2 
16 14 9 3 1 2 
8 3 13 15 1 2 2 1 
1 29 13 2 
5 11 13 9 4 3 
2 21 2 20 
2 11 17 10 1 3 1 
2 20 3 8 10 1 1 
1 39 2 2 1 
3 3 1 30 8 
3 35 3 4 
1 20 18 2 3 1 
14 27 4 
1 11 22 4 7 
1 1 24 12 5 1 1 
1 24 6 1 2 6 5 
1 42 2 
24 20 1 
2 7 32 4 
33 4 4 3 1 
1 4 32 7 1 
1 40 3 1 
13 11 12 9 
1 34 3 2 1 3 1 
38 4 1 2 
1 42 1 1 
29 3 13 
3 32 7 3 
34 4 7 
1 9 11 19 5 
1 20 12 5 5 1 1 
1 20 17 6 1 
1 26 18 
23 22 
3 34 8 
10 30 5 
1 25 19 
1 34 9 1 
2 15 8 7 9 4 
2 4 15 17 6 1 
12 9 22 2 
20 22 1 2 
16 7 11 10 1 
2 5 14 20 2 1 1 
9 11 25 
1 22 13 7 2 
17 27 1 
1 14 13 11 3 2 1 
1 3 39 1 1 
1 22 20 2 
1 15 29 
1 36 1 1 5 1 
45 
2 22 19 2 
1 40 3 1 
1 9 28 3 4 
1 10 27 3 1 1 1 1 
1 30 12 2 
1 33 5 5 1 
1 16 7 19 1 1 
1 21 7 16 
1 22 19 3 
28 6 2 1 8 
1 23 14 3 2 2 
3 18 2 4 4 2 2 4 3 3 
12 1 15 9 8 
1 5 24 6 4 3 2 
1 12 31 1 
3 36 5 1 
1 38 2 2 2 
1 29 14 1 
3 23 15 2 1 1 
1 31 13 
3 22 12 5 2 1 
2 38 1 2 2 
43 2 
6 8 2 11 10 4 4 
1 24 12 2 5 1 
3 29 10 3 
1 8 36 
7 23 12 2 1 
1 44 
1 41 3 
1 23 16 1 1 3 
6 35 4 
1 29 7 2 6 
41 3 1 
6 7 4 20 4 4 
3 3 12 12 14 1 
1 21 13 4 2 2 2 
1 10 14 1 1 3 3 8 3 1 
2 28 15 
1 4 1 17 11 7 1 3 
2 20 21 2 
1 36 8 
19 24 2 
1 43 1 
2 26 14 3 
1 29 15 
1 43 1 
13 26 1 3 2 
6 16 10 6 6 1 
2 7 17 15 2 2 
7 14 3 6 2 10 3 
1 41 1 2 
4 13 3 21 1 1 1 1 
5 12 11 16 1 
1 1 18 13 10 2 
14 26 1 3 1 
1 13 10 14 2 5 
6 18 1 11 1 6 1 1 
4 33 1 3 4 
1 28 4 4 8 
1 38 1 4 1 
1 30 4 5 5 
1 35 2 3 2 1 1 
1 38 5 1 
2 24 18 1 
1 42 2 
5 3 30 6 1 
4 27 14 
1 30 11 2 1 
6 10 29 
4 27 7 3 1 3 
9 34 2 
1 33 3 6 2 
1 30 7 7 
20 20 3 2 
6 25 5 1 7 1 
3 12 26 2 2 
1 18 15 6 4 1 
1 40 4 
1 42 2 
41 2 2 
22 4 1 18 
30 1 9 1 2 2 
10 33 2 
1 31 1 6 1 2 1 2 
1 27 10 2 3 1 1 
3 25 17 
27 13 3 2 
11 23 9 2 
17 22 2 4 
1 10 29 1 4 
22 16 2 5 
7 36 1 1 
2 30 12 1 
2 8 3 23 2 6 1 
2 25 18 
9 20 9 6 1 
44 1 
3 36 6 
1 13 31 
1 15 21 4 4 
2 21 6 6 7 3 
4 32 9 
11 6 5 3 13 5 1 1 
6 39 
1 43 1 
1 40 3 1 
3 19 16 1 2 3 1 
45 
1 36 5 3 
1 41 1 2 
2 12 29 2 
7 9 20 8 1 
18 22 1 4 
2 4 39 
3 10 12 14 5 1 
2 40 2 1 
3 33 9 
1 33 4 7 
1 24 15 1 3 1 
3 41 1 
9 34 2 
15 25 2 3 
3 20 3 19 
1 17 23 1 3 
6 27 12 
5 37 3 
1 7 21 5 3 3 1 3 1 
15 16 9 1 4 
1 18 25 1 
6 13 1 21 1 1 1 1 
1 3 2 34 5 
15 12 16 2 
1 1 41 2 
13 5 7 18 2 
3 42 
11 29 5 
2 9 16 4 4 6 4 
1 34 5 3 2 
1 11 30 2 1 
2 17 1 25 
2 36 7 
1 28 4 6 1 1 2 2 
24 21 
6 6 4 19 10 
2 10 8 11 4 5 3 2 
1 32 1 8 3 
2 29 13 1 
1 32 10 2 
2 1 9 14 8 2 2 7 
1 26 6 2 5 5 
13 1 2 6 20 1 1 1 
7 13 24 1 
2 20 11 4 4 1 2 1 
1 40 4 
39 3 2 1 
1 21 8 2 13 
10 20 13 2 
1 12 20 12 
1 16 24 3 1 
5 13 9 12 6 
42 1 2 
2 42 1 
1 37 3 2 2 
1 16 8 6 6 6 2 
8 6 12 12 6 1 
2 12 29 2 
38 2 4 1 
9 13 19 2 2 
7 16 1 2 11 6 2 
1 15 29 
5 22 9 9 
2 32 8 1 1 1 
12 28 4 1 
12 16 3 10 4 
1 15 29 
3 15 11 11 3 2 
3 8 34 
14 21 1 6 3 
6 30 9 
1 3 29 7 1 3 1 
2 34 9 
3 8 31 1 2 
3 37 3 1 1 
45 
22 17 2 4 
1 14 21 1 8 
1 5 4 28 7 
1 29 4 11 
1 3 40 1 
1 26 16 1 1 
2 13 9 17 2 1 1 
1 5 22 7 9 1 
1 40 4 
3 11 22 9 
1 3 37 3 1 
3 27 15 
2 22 3 7 10 1 
1 7 5 18 6 4 1 1 2 
1 21 17 4 1 1 
3 18 5 8 6 1 4 
2 35 8 
1 27 3 12 1 1 
1 42 1 1 
13 20 5 2 5 
6 3 35 1 
29 11 3 2 
20 3 10 10 2 
11 11 15 5 1 1 1 
11 9 19 2 4 
4 20 18 1 2 
24 21 
1 39 1 4 
1 5 15 24 
13 7 2 4 19 
2 26 13 4 
1 31 1 3 9 
2 22 18 3 
45 
6 15 19 3 1 1 
1 42 2 
17 3 25 
1 37 4 3 
3 8 34 
1 42 2 
1 1 16 20 5 1 1 
2 19 24 
5 6 4 29 1 
32 4 2 4 2 1 
1 30 13 1 
2 16 13 9 4 1 
31 7 6 1 
44 1 
1 17 5 7 14 1 
1 30 14 
2 23 5 9 4 2 
2 42 1 
1 22 18 3 1 
4 29 10 2 
5 18 5 6 11 
4 36 1 1 2 1 
25 4 8 3 1 3 1 
1 9 35 
41 1 2 1 
1 22 14 7 1 
45 
8 6 24 5 2 
39 6 
30 5 6 1 1 2 
1 31 10 2 1 
1 8 29 5 1 1 
1 37 1 5 1 
2 7 21 3 1 4 1 2 4 
2 29 12 1 1 
1 11 21 3 3 6 
16 16 13 
1 23 9 7 1 4 
2 14 12 14 1 2 
4 25 3 6 4 2 1 
1 23 11 10 
5 26 8 1 1 4 
15 25 5 
3 18 23 1 
4 11 23 3 4 
1 15 28 1 
1 9 16 2 16 1 
1 5 1 4 30 4 
35 8 1 1 
1 6 38 
4 35 1 3 1 1 
1 4 15 3 12 3 1 6 
1 27 3 14 
44 1 
2 24 5 14 
2 22 4 9 2 4 2 
1 37 7 
1 31 2 2 7 1 1 
1 35 7 1 1 
18 8 3 3 6 2 1 1 1 1 1 
7 1 35 2 
1 15 4 1 9 11 4 
6 21 4 10 1 1 2 
45 
1 32 12 
2 13 27 1 2 
2 28 4 9 2 
1 37 5 2 
45 
12 12 5 15 1 
1 34 4 6 
16 11 10 6 1 1 
1 42 2 
17 27 1 
1 6 25 7 6 
2 31 12 
3 28 13 1 
45 
2 10 2 31 
1 42 2 
4 33 3 4 1 
3 28 2 7 1 4 
4 26 1 8 4 2 
6 28 11 
1 44 
16 3 15 7 1 1 1 1 
1 4 30 2 8 
2 37 6 
16 24 2 2 1 
3 37 3 2 
18 20 2 5 
2 2 34 5 2 
3 20 20 1 1 
6 16 6 17 
29 14 1 1 
45 
7 6 14 14 3 1 
1 31 12 1 
1 11 11 9 12 1 
1 33 2 1 7 1 
2 34 7 2 
1 19 25 
1 3 6 14 20 1 
1 26 1 2 6 9 
2 31 8 3 1 
1 14 28 1 1 
11 10 9 15 
40 4 1 
11 8 7 11 3 1 2 2 
1 20 5 13 3 3 
2 6 6 5 3 9 3 3 3 2 3 
1 11 11 1 6 5 2 1 3 2 2 
1 17 25 1 1 
6 13 23 3 
5 38 1 1 
2 1 13 14 13 1 1 
1 10 24 10 
6 25 12 2 
1 21 17 2 2 1 1 
10 16 2 11 2 1 1 1 1 
1 12 16 6 2 8 
3 29 13 
7 32 2 3 1 
2 2 30 5 4 2 
1 41 3 
1 18 17 6 3 
2 24 8 9 2 
10 28 2 1 2 2 
6 19 18 1 1 
1 2 23 5 9 3 1 1 
1 29 14 1 
45 
1 39 3 1 1 
27 8 9 1 
36 6 3 
11 20 14 
1 26 7 4 1 6 
1 17 1 2 13 2 1 2 6 
2 36 1 3 2 1 
9 7 13 5 10 1 
2 37 6 
4 23 4 5 7 2 
35 10 
11 27 5 2 
2 6 27 7 2 1 
2 2 22 14 4 1 
4 1 1 37 1 1 
1 28 10 3 1 1 1 
21 5 13 3 3 
1 10 5 8 13 5 2 1 
3 39 3 
8 30 5 1 1 
29 14 1 1 
1 32 5 6 1 
1 12 28 3 1 
1 30 13 1 
1 36 7 1 
1 44 
1 7 10 21 1 5 
2 28 13 1 1 
3 42 
3 22 16 2 2 
5 18 3 3 4 9 3 
1 41 1 1 1 
1 19 25 
1 32 7 1 1 1 1 1 
8 25 4 6 2 
1 37 1 2 4 
18 10 8 6 3 
27 15 3 
3 28 3 6 3 1 1 
6 28 4 2 3 2 
1 35 9 
3 23 5 14 
25 8 3 1 8 
9 2 30 1 2 1 
2 25 3 12 1 2 
2 41 1 1 
1 27 13 2 2 
7 15 18 5 
1 17 18 9 
3 29 3 2 5 3 
43 1 1 
1 22 18 3 1 
1 29 13 1 1 
9 28 7 1 
18 14 12 1 
5 28 7 2 3 
1 14 29 1 
27 13 4 1 
9 28 5 3 
1 23 13 2 2 3 1 
44 1 
17 7 15 2 2 2 
2 10 17 15 1 
30 11 2 1 1 
3 30 12 
1 38 1 1 1 2 1 
1 13 26 1 2 2 
34 8 1 1 1 
1 25 15 4 
2 29 14 
3 14 7 6 6 5 4 
5 39 1 
5 19 2 2 17 
2 16 26 1 
2 20 20 1 1 1 
2 18 4 20 1 
6 17 10 9 1 2 
5 19 13 1 1 6 
3 17 25 
4 7 24 9 1 
1 8 5 1 6 15 8 1 
1 8 26 10 
27 10 3 1 2 2 
2 42 1 
1 18 15 10 1 
1 16 8 14 1 3 1 1 
3 37 2 3 
1 32 8 2 1 1 
1 39 5 
21 2 11 6 1 1 3 
3 42 
3 8 34 
9 18 5 5 8 
1 36 3 4 1 
7 21 2 7 7 1 
7 6 17 1 12 2 
1 21 16 5 1 1 
1 20 1 4 8 1 3 2 3 2 
1 9 4 20 6 1 3 1 
4 17 22 1 1 
1 32 11 1 
1 43 1 
7 13 21 2 2 
2 27 13 2 1 
2 32 5 6 
1 19 25 
13 9 22 1 
1 1 31 6 2 4 
2 38 2 2 1 
1 22 16 2 1 3 
2 6 13 18 1 2 1 2 
14 6 12 2 9 2 
45 
2 9 26 6 1 1 
3 20 20 2 
7 5 10 17 6 
1 42 2 
1 40 4 
3 14 4 10 4 1 1 1 5 1 1 
1 9 25 5 5 
1 32 12 
1 12 32 
1 19 23 2 
3 20 2 17 1 1 1 
5 15 10 5 7 3 
6 7 8 14 10 
5 16 21 2 1 
3 15 17 8 2 
1 27 17 
9 23 4 8 1 
1 23 7 1 9 2 2 
30 13 1 1 
1 36 3 2 3 
1 5 27 10 2 
4 15 21 3 2 
7 29 9 
5 3 28 9 
37 2 1 1 4 
1 32 10 1 1 
31 10 1 2 1 
1 31 5 1 1 2 1 2 1 
7 8 11 16 2 1 
7 36 1 1 
1 11 17 11 3 1 1 
23 10 4 7 1 
1 9 13 8 6 6 1 1 
3 14 27 1 
4 35 3 1 2 
17 22 6 
45 
2 29 8 3 3 
1 11 26 3 4 
1 17 4 8 8 3 4 
4 40 1 
2 12 15 12 3 1 
1 24 20 
38 7 
1 22 20 2 
1 19 1 12 9 2 1 
6 34 3 2 
2 24 19 
2 2 5 4 5 16 3 8 
2 30 4 8 1 
1 29 12 2 1 
1 6 2 5 20 10 1 
35 5 3 2 
3 9 26 4 2 1 
3 20 6 12 3 1 
23 22 
1 33 5 2 1 1 1 1 
45 
4 37 2 1 1 
1 42 2 
3 41 1 
2 16 8 10 9 
1 38 3 1 2 
1 42 2 
3 42 
1 1 22 20 1 
2 17 3 1 18 3 1 
1 27 16 1 
1 21 19 3 1 
1 18 19 2 3 2 
3 32 7 3 
1 44 
1 19 22 3 
18 26 1 
1 27 5 2 10 
2 6 11 6 19 1 
1 5 28 3 8 
2 28 15 
2 41 2 
29 12 4 
40 3 2 
2 21 11 3 7 1 
1 7 21 5 9 2 
13 22 1 3 1 2 3 
45 
1 1 38 3 2 
11 5 12 1 2 9 1 1 3 
1 17 14 4 2 7 
1 9 31 2 2 
11 16 8 2 3 4 1 
2 21 21 1 
2 41 2 
1 3 8 15 11 5 2 
1 13 23 3 4 1 
1 21 5 7 11 
7 30 6 1 1 
5 31 9 
9 12 12 4 6 1 1 
8 5 21 2 9 
1 6 17 16 5 
1 14 26 1 2 1 
3 35 7 
1 10 7 11 12 2 2 
1 26 12 5 1 
1 15 1 18 10 
12 4 29 
7 22 16 
2 24 5 5 5 3 1 
3 27 7 8 
24 12 9 
1 8 32 2 2 
14 18 8 3 2 
7 16 22 
1 17 23 2 2 
1 26 16 1 1 
7 8 27 2 1 
2 24 5 10 4 
43 1 1 
7 28 1 5 1 1 2 
32 3 6 1 3 
3 18 11 4 2 3 1 1 2 
1 39 3 2 
4 38 3 
1 27 17 
4 7 20 8 4 2 
12 24 7 1 1 
15 17 3 4 6 
5 28 2 5 1 1 1 1 1 
7 25 12 1 
1 29 10 1 3 1 
3 32 1 3 3 2 1 
3 18 24 
45 
1 19 25 
1 40 1 3 
2 42 1 
19 9 17 
1 33 3 5 3 
7 32 1 1 1 3 
2 20 2 16 4 1 
1 44 
3 40 2 
10 31 4 
1 31 13 
4 15 8 18 
22 6 8 9 
3 24 17 1 
3 19 2 10 9 2 
4 16 11 12 2 
2 28 11 4 
2 25 1 6 6 5 
1 40 1 3 
8 28 9 
2 14 6 1 6 3 6 7 
1 23 18 2 1 
1 23 2 13 4 1 1 
41 3 1 
14 25 5 1 
1 20 18 2 2 1 1 
39 4 2 
45 
13 12 2 3 12 2 1 
2 16 27 
39 4 2 
7 20 7 2 8 1 
8 28 1 1 5 1 1 
22 20 1 1 1 
3 31 8 1 2 
1 1 33 3 4 3 
1 34 4 5 1 
1 15 22 2 1 2 2 
5 11 6 1 8 10 2 1 1 
9 9 12 14 1 
1 29 15 
1 8 35 1 
1 35 9 
7 36 2 
17 16 1 8 1 1 1 
1 31 12 1 
17 1 21 2 1 1 1 1 
35 8 2 
3 17 22 2 1 
1 30 9 5 
33 8 1 2 1 
12 20 13 
1 6 1 27 5 1 3 1 
43 2 
12 11 12 5 5 
37 3 4 1 
3 10 31 1 
14 7 15 7 1 1 
2 39 4 
2 9 3 5 23 2 1 
45 
1 2 36 2 3 1 
45 
25 2 1 8 2 2 5 
1 36 8 
4 39 1 1 
2 39 4 
1 14 22 6 2 
1 37 5 1 1 
1 14 5 22 1 2 
1 11 20 11 2 
24 5 3 7 2 4 
1 17 26 1 
13 27 5 
3 22 3 11 3 1 2 
2 37 5 1 
1 36 1 3 4 
40 4 1 
5 28 9 2 1 
6 14 7 16 1 1 
1 3 5 11 12 10 1 2 
2 38 5 
2 19 11 10 1 2 
1 41 1 2 
42 1 2 
2 38 2 3 
2 15 5 16 1 3 3 
4 14 23 3 1 
3 40 1 1 
3 24 10 8 
1 16 25 1 1 1 
26 8 10 1 
1 29 14 1 
1 40 3 1 
1 39 5 
1 22 2 20 
4 21 14 2 1 1 2 
7 1 33 3 1 
10 9 14 2 1 5 2 2 
3 13 25 4 
2 14 24 5 
15 17 13 
1 6 27 11 
1 11 33 
1 3 2 19 1 10 3 1 1 1 3 
1 6 23 14 1 
1 22 12 1 9 
1 40 3 1 
4 33 5 3 
3 33 6 1 2 
39 3 1 2 
20 20 4 1 
8 22 5 7 2 1 
1 30 9 3 1 1 
10 2 5 15 10 1 2 
6 9 21 8 1 
2 10 21 2 9 1 
1 27 13 4 
2 10 5 16 6 1 1 4 
13 27 1 4 
42 1 2 
2 11 11 1 14 2 4 
3 3 26 6 5 1 1 
1 1 30 7 5 1 
1 27 3 5 8 1 
24 9 6 3 1 2 
8 6 9 19 1 1 1 
6 38 1 
1 7 35 2 
1 18 3 12 5 5 1 
1 31 5 2 6 
40 5 
6 33 6 
1 36 1 7 
18 17 8 1 1 
4 6 8 11 12 2 2 
2 4 27 7 3 1 1 
31 12 1 1 
1 41 1 2 
44 1 
2 35 3 1 4 
30 1 12 1 1 
2 8 30 4 1 
5 21 4 9 1 4 1 
1 35 9 
2 12 31 
40 4 1 
6 26 10 2 1 
45 
14 2 19 5 2 2 1 
4 18 17 4 2 
17 13 10 1 4 
1 21 1 9 8 2 3 
3 14 28 
10 16 2 5 8 3 1 
12 13 18 1 1 
2 8 11 20 4 
1 33 6 3 2 
3 42 
7 6 9 2 15 5 1 
5 28 7 4 1 
1 41 2 1 
1 8 33 3 
9 13 20 3 
1 7 31 1 5 
1 43 1 
17 17 2 1 1 7 
2 4 6 1 15 7 6 3 1 
2 29 14 
9 36 
1 4 5 15 18 1 1 
1 2 20 15 1 6 
2 38 4 1 
1 18 26 
6 5 5 1 14 14 
2 30 4 9 
1 18 19 1 2 2 1 1 
1 19 5 12 5 3 
10 10 7 8 6 1 1 2 
3 23 12 4 2 1 
1 30 13 1 
4 27 4 7 3 
1 42 2 
1 39 4 1 
2 21 12 7 1 2 
11 28 6 
3 14 28 
9 29 1 5 1 
7 32 1 1 1 3 
23 19 2 1 
2 4 4 23 1 6 2 1 1 1 
1 4 12 11 4 13 
2 32 1 10 
45 
1 4 40 
2 42 1 
2 28 1 13 1 
2 20 17 4 2 
2 32 11 
1 42 2 
13 28 3 1 
2 23 2 3 9 2 1 2 1 
1 32 7 2 1 2 
1 23 20 1 
2 11 12 4 6 6 4 
1 16 27 1 
1 31 5 2 1 2 3 
1 25 1 1 11 2 2 1 1 
1 40 1 3 
1 28 14 1 1 
1 28 2 10 4 
15 13 8 9 
1 43 1 
9 29 7 
24 12 7 2 
1 26 3 10 4 1 
3 8 26 4 3 1 
1 35 8 1 
7 38 
1 40 3 1 
3 18 21 1 1 1 
7 29 2 5 2 
8 4 18 11 2 2 
1 39 5 
2 20 23 
1 18 25 1 
25 11 5 3 1 
5 18 3 9 7 3 
1 14 25 4 1 
30 7 1 6 1 
28 16 1 
14 11 1 11 8 
1 5 37 1 1 
3 20 5 17 
4 25 7 2 4 3 
33 10 2 
1 43 1 
6 7 18 2 1 5 4 2 
4 9 14 7 8 2 1 
1 8 4 17 4 7 2 1 1 
43 1 1 
1 10 3 27 3 1 
2 32 9 1 1 
2 21 20 1 1 
4 39 2 
1 31 13 
3 12 29 1 
17 3 4 9 7 2 3 
31 4 3 2 5 
4 39 2 
1 18 25 1 
39 4 2 
5 27 1 2 7 2 1 
1 4 21 12 5 2 
4 35 2 2 2 
4 13 2 26 
2 43 
3 13 27 2 
4 32 5 4 
22 8 12 1 1 1 
1 14 24 2 1 2 1 
1 35 3 5 1 
1 25 16 3 
35 10 
6 28 1 3 3 2 2 
1 2 41 1 
2 17 4 21 1 
29 14 1 1 
6 4 9 11 7 5 2 1 
1 35 2 6 1 
1 41 2 1 
2 24 15 4 
1 7 28 2 2 5 
1 44 
1 21 17 5 1 
2 10 3 10 1 3 6 6 4 
2 40 3 
8 15 12 2 5 1 1 1 
9 3 11 18 4 
2 39 1 1 2 
10 17 3 10 3 1 1 
27 3 15 
1 21 19 4 
1 29 15 
1 23 13 6 2 
1 4 11 25 4 
3 25 6 1 3 3 2 2 
8 9 9 16 3 
3 8 34 
1 13 12 7 7 2 3 
24 3 9 8 1 
1 35 5 1 2 1 
3 18 10 1 11 2 
1 2 37 2 2 1 
1 30 8 3 3 
1 21 23 
34 4 5 1 1 
4 5 1 21 9 5 
5 31 9 
1 28 4 9 1 1 1 
1 39 1 4 
40 1 2 2 
1 25 10 1 4 1 2 1 
1 36 4 4 
1 9 33 1 1 
4 15 1 13 8 2 2 
1 2 41 1 
19 25 1 
9 16 20 
1 8 16 2 11 1 4 1 1 
7 29 5 4 
1 32 2 7 3 
43 2 
1 41 2 1 
1 24 17 1 2 
4 26 9 4 1 1 
1 2 1 4 8 14 10 3 2 
1 37 4 2 1 
5 15 18 3 4 
45 
5 36 3 1 
1 37 1 5 1 
1 9 35 
44 1 
1 6 3 35 
1 8 30 2 2 1 1 
1 26 17 1 
42 2 1 
11 16 16 2 
5 14 4 10 9 2 1 
1 2 41 1 
3 37 2 3 
1 41 1 1 1 
7 22 15 1 
1 14 2 2 8 6 6 1 4 1 
1 13 3 5 17 1 4 1 
1 27 3 12 1 1 
5 24 12 3 1 
5 18 3 8 1 3 4 2 1 
1 1 5 10 20 5 3 
35 1 7 2 
3 29 6 2 5 
2 40 2 1 
4 22 5 5 1 8 
19 15 10 1 
20 19 5 1 
1 32 4 1 6 1 
4 36 5 
1 30 8 2 4 
3 1 14 18 4 1 4 
17 7 19 1 1 
23 19 3 
4 41 
1 38 6 
1 17 1 21 1 3 1 
10 29 4 1 1 
1 29 1 11 3 
1 17 13 2 5 2 1 1 2 1 
1 4 15 9 1 3 5 5 1 1 
3 7 15 6 4 6 3 1 
2 32 9 2 
45 
40 2 3 
2 41 2 
7 4 27 6 1 
3 23 5 8 4 1 1 
2 15 7 15 6 
2 23 17 1 1 1 
2 36 6 1 
7 29 2 7 
30 9 5 1 
3 31 1 3 4 1 1 1 
15 21 9 
11 14 8 1 7 2 1 1 
12 1 11 18 1 1 1 
6 39 
1 4 17 19 4 
4 24 3 7 1 3 3 
1 39 3 2 
6 9 1 2 5 11 3 1 4 3 
1 4 2 4 29 4 1 
13 31 1 
1 40 3 1 
32 3 6 2 1 1 
1 38 6 
5 19 9 6 3 1 1 1 
2 37 2 3 1 
16 3 12 14 
10 3 14 9 9 
33 1 1 5 4 1 
6 20 2 12 4 1 
45 
36 4 4 1 
1 22 17 1 4 
19 22 2 1 1 
1 16 18 1 8 1 
4 32 9 
44 1 
17 4 24 
3 41 1 
1 11 31 1 1 
4 17 2 5 1 1 2 2 2 5 2 2 
4 4 8 5 7 10 4 3 
3 11 27 3 1 
3 19 23 
1 19 1 11 10 3 
1 4 27 6 7 
1 20 15 8 1 
1 26 15 1 1 1 
7 7 21 1 1 6 1 1 
1 43 1 
1 30 9 4 1 
27 6 7 4 1 
1 1 36 7 
1 36 8 
4 35 2 4 
1 39 2 1 1 1 
1 24 17 3 
1 26 6 1 10 1 
43 1 1 
29 5 11 
10 30 5 
4 33 3 2 2 1 
1 21 23 
1 9 13 2 7 9 1 1 2 
14 27 3 1 
45 
19 14 10 1 1 
1 39 3 2 
12 18 9 3 3 
2 26 5 8 4 
9 7 29 
41 4 
3 14 28 
13 3 25 2 2 
1 31 7 5 1 
4 37 2 2 
36 1 6 2 
1 25 8 8 3 
33 8 2 2 
7 3 21 9 4 1 
1 1 32 5 5 1 
1 16 5 9 2 8 2 2 
1 38 1 1 4 
2 10 22 4 2 4 1 
5 13 14 9 2 2 
1 13 7 16 6 2 
4 26 2 1 1 7 1 1 1 1 
4 39 2 
27 4 8 3 3 
1 11 21 7 3 2 
3 26 2 8 2 2 2 
1 31 1 3 9 
5 5 32 1 1 1 
45 
17 8 6 12 1 1 
3 5 17 3 15 2 
1 15 15 6 4 2 2 
2 15 27 1 
11 4 14 5 8 1 2 
4 15 2 13 2 7 1 1 
1 36 8 
14 3 9 4 6 2 2 2 1 2 
1 44 
16 26 3 
44 1 
1 13 26 3 1 1 
9 23 3 6 4 
7 35 1 1 1 
37 4 3 1 
1 37 1 6 
1 31 6 2 4 1 
2 40 3 
8 32 3 2 
1 21 22 1 
7 14 20 3 1 
2 31 7 4 1 
1 35 7 1 1 
1 24 3 16 1 
1 22 13 5 2 2 
1 11 13 4 10 4 2 
12 19 9 3 1 1 
20 8 5 11 1 
2 16 5 11 11 
22 14 9 
5 39 1 
7 2 25 10 1 
29 10 6 
14 5 12 5 2 4 1 1 1 
5 20 5 8 3 1 1 1 1 
3 38 2 2 
1 26 17 1 
19 15 11 
7 22 16 
1 22 16 3 1 2 
2 8 24 4 1 6 
2 40 3 
3 7 32 1 2 
1 15 3 20 4 1 1 
1 42 1 1 
2 36 3 4 
1 38 6 
1 18 19 2 5 
2 29 13 1 
35 8 2 
45 
6 24 13 2 
7 28 5 5 
1 21 23 
4 2 12 5 6 11 3 2 
1 7 4 24 4 1 3 1 
5 14 3 10 10 3 
2 2 21 20 
6 16 21 2 
1 11 30 3 
1 25 7 3 5 3 1 
45 
27 13 3 1 1 
36 5 3 1 
44 1 
12 11 1 17 2 1 1 
24 19 1 1 
1 37 7 
43 1 1 
1 39 2 3 
2 4 29 7 1 1 1 
1 21 17 4 2 
1 39 5 
6 30 7 1 1 
14 4 13 1 4 7 2 
1 5 22 7 5 3 1 1 
2 39 1 2 1 
4 3 14 19 4 1 
1 7 32 2 3 
27 4 4 3 7 
4 27 7 4 2 1 
3 25 1 3 4 2 5 1 1 
26 15 3 1 
1 17 18 2 5 1 1 
4 17 9 7 6 2 
15 29 1 
2 3 11 15 12 2 
1 23 8 8 5 
6 1 7 29 2 
1 43 1 
1 21 22 1 
1 26 1 9 2 4 1 1 
4 30 7 2 2 
4 23 2 12 2 2 
5 35 5 
2 9 26 8 
1 19 19 1 4 1 
1 44 
1 36 6 1 1 
5 15 12 8 5 
1 28 2 1 4 6 3 
4 24 7 6 4 
43 2 
2 42 1 
1 24 2 12 5 1 
5 31 9 
1 34 8 2 
34 5 6 
1 13 18 6 5 1 1 
1 17 24 2 1 
1 16 18 4 4 1 1 
12 18 9 6 
1 34 8 1 1 
2 32 1 4 4 2 
23 6 15 1 
28 10 7 
15 18 11 1 
44 1 
1 9 20 2 5 1 2 2 3 
1 29 7 1 4 2 1 
1 21 16 5 2 
9 17 1 4 3 9 1 1 
1 25 17 2 
2 22 8 9 3 1 
1 31 9 1 3 
11 12 20 2 
28 7 5 4 1 
1 33 2 8 1 
1 35 8 1 
4 24 16 1 
1 14 13 10 4 2 1 
6 37 2 
5 21 6 4 3 1 4 1 
20 15 10 
3 27 12 2 1 
1 40 3 1 
27 11 5 1 1 
1 19 5 19 1 
9 26 9 1 
4 26 10 3 1 1 
8 34 3 
2 30 3 10 
11 15 6 10 1 2 
3 8 34 
2 22 16 3 2 
7 25 11 1 1 
45 
1 24 7 6 7 
1 11 7 26 
1 29 3 3 9 
1 31 8 5 
2 41 2 
6 24 15 
24 18 3 
1 27 13 4 
1 8 24 4 3 4 1 
24 9 6 3 2 1 
3 23 9 8 2 
3 40 2 
6 22 16 1 
29 10 5 1 
2 2 35 6 
4 25 3 4 9 
1 15 14 2 10 1 2 
36 6 1 2 
10 15 11 6 3 
1 22 13 5 4 
1 25 6 13 
1 37 5 2 
44 1 
1 9 4 5 7 12 1 1 1 3 1 
29 3 6 3 2 2 
43 2 
2 36 7 
34 4 7 
21 7 3 13 1 
1 34 1 6 1 2 
2 8 26 4 3 2 
5 28 4 8 
45 
2 40 1 2 
1 35 9 
1 10 14 12 1 5 2 
35 8 2 
5 29 3 5 3 
1 33 9 2 
1 15 8 10 7 1 3 
2 25 15 1 2 
1 38 3 2 1 
1 38 2 2 1 1 
5 35 5 
1 13 9 14 1 7 
2 16 24 1 1 1 
7 15 23 
5 38 2 
18 17 9 1 
1 41 3 
2 33 1 1 6 1 1 
18 9 11 7 
1 1 31 10 2 
7 38 
1 1 32 3 8 
1 18 10 10 1 2 3 
41 2 1 1 
2 30 6 5 2 
6 9 3 9 6 2 7 2 1 
11 31 3 
1 16 24 1 1 2 
4 7 11 11 10 2 
2 16 25 1 1 
8 33 3 1 
6 24 4 1 10 
3 14 26 2 
2 32 2 1 4 2 1 1 
1 5 24 7 7 1 
30 11 2 2 
5 37 2 1 
1 40 4 
1 44 
5 14 1 13 1 7 1 3 
3 4 35 1 2 
4 25 11 4 1 
1 20 4 14 5 1 
4 5 24 9 2 1 
13 14 7 10 1 
1 17 10 10 7 
45 
26 16 3 
7 36 2 
1 20 9 1 1 3 3 4 2 1 
34 2 7 2 
1 26 2 13 3 
13 25 2 1 1 3 
1 36 8 
1 22 2 17 3 
1 22 5 4 5 1 3 4 
11 11 23 
1 35 9 
1 12 3 15 7 5 1 1 
1 9 30 1 2 1 1 
1 20 3 13 8 
4 31 6 2 2 
1 42 1 1 
3 35 7 
12 26 1 6 
8 5 24 3 5 
5 1 11 13 6 9 
1 25 1 10 8 
1 20 22 2 
3 36 5 1 
6 38 1 
2 37 1 3 2 
1 7 37 
1 4 12 24 2 2 
1 17 26 1 
1 21 18 2 3 
2 13 12 5 13 
2 22 16 1 1 2 1 
2 13 1 28 1 
45 
1 8 36 
41 3 1 
1 7 20 1 3 10 3 
4 28 4 9 
8 18 15 2 2 
6 13 12 5 9 
1 21 23 
4 29 1 11 
2 33 10 
4 23 14 1 2 1 
1 9 20 10 4 1 
1 36 6 1 1 
18 20 4 3 
27 15 3 
1 15 6 23 
1 10 21 13 
3 33 2 1 3 1 2 
9 27 3 5 1 
1 44 
1 22 20 2 
1 10 26 5 1 1 1 
2 24 12 7 
21 23 1 
1 18 25 1 
1 25 2 17 
1 20 3 19 2 
4 39 2 
1 31 3 10 
2 42 1 
2 10 18 14 1 
2 28 15 
3 16 26 
2 29 4 3 7 
6 34 5 
1 22 3 9 7 2 1 
1 1 38 5 
4 41 
9 15 12 5 2 1 1 
4 15 26 
1 31 6 2 2 2 1 
7 20 13 2 2 1 
7 2 34 2 
45 
5 31 2 6 1 
1 42 2 
1 42 2 
1 38 1 4 1 
1 3 29 8 4 
3 3 32 6 1 
1 25 16 1 1 1 
8 31 4 2 
1 34 10 
1 31 13 
2 12 24 6 1 
45 
1 28 4 5 4 1 2 
1 41 3 
45 
4 24 17 
2 23 18 1 1 
1 40 3 1 
1 12 30 1 1 
2 38 4 1 
20 13 12 
2 34 6 3 
2 41 1 1 
2 16 6 9 1 1 9 1 
2 30 13 
1 33 5 6 
7 5 28 3 2 
8 18 14 5 
1 14 4 10 5 3 6 1 1 
1 15 9 19 1 
2 28 6 7 1 1 
3 6 19 8 7 2 
2 39 3 1 
35 7 3 
11 16 16 2 
2 28 8 6 1 
1 26 12 4 2 
3 38 3 1 
1 38 6 
1 6 35 3 
3 1 9 1 28 3 
14 23 8 
2 34 6 3 
45 
6 36 3 
10 29 5 1 
3 27 3 2 6 3 1 
1 31 9 1 2 1 
2 38 1 1 2 1 
6 35 4 
2 8 27 6 2 
5 27 13 
6 16 11 5 1 2 3 1 
13 7 25 
3 8 31 2 1 
35 7 3 
21 7 9 5 2 1 
1 13 26 4 1 
7 33 2 3 
1 41 3 
2 6 21 11 4 1 
3 10 27 1 1 1 1 1 
11 34 
21 19 2 3 
1 9 25 5 3 2 
1 35 4 2 2 1 
2 7 10 11 1 10 1 1 2 
1 16 2 16 8 2 
2 33 10 
5 21 15 1 3 
1 3 21 5 6 9 
2 33 3 1 6 
6 2 11 5 1 11 5 4 
25 17 1 2 
27 11 1 6 
3 24 10 2 1 2 2 1 
3 24 16 1 1 
1 37 7 
31 1 2 6 4 1 
9 18 12 3 1 2 
35 2 2 2 1 2 1 
7 15 6 13 2 2 
13 10 5 5 8 1 3 
1 40 1 2 1 
3 39 2 1 
6 21 10 6 2 
1 34 2 3 4 1 
43 2 
2 4 23 13 1 1 1 
3 42 
1 5 33 1 3 1 1 
3 38 3 1 
9 24 11 1 
43 2 
8 30 5 1 1 
2 1 30 2 6 4 
1 10 4 23 5 1 1 
1 20 11 4 9 
1 7 34 3 
1 7 37 
24 18 3 
45 
1 43 1 
20 1 4 18 2 
6 8 12 6 7 6 
1 34 8 2 
2 31 1 10 1 
1 44 
43 2 
2 23 2 12 6 
4 8 12 15 6 
4 12 5 15 5 4 
30 11 3 1 
36 4 5 
1 17 26 1 
1 22 6 4 5 4 1 2 
12 18 9 6 
1 18 25 1 
2 2 19 4 10 2 6 
44 1 
2 16 8 19 
21 6 10 7 1 
2 4 4 16 14 1 3 1 
1 21 23 
1 27 12 4 1 
4 23 5 9 3 1 
1 41 1 1 1 
5 27 13 
3 12 25 3 2 
1 12 32 
1 23 16 3 1 1 
1 10 24 10 
2 17 13 1 1 8 1 1 1 
1 13 23 6 2 
23 14 2 4 1 1 
20 19 2 1 2 1 
4 39 2 
1 17 11 14 2 
11 34 
45 
5 39 1 
2 27 10 3 1 1 1 
1 38 5 1 
4 28 10 3 
2 43 
3 12 9 14 7 
1 36 6 1 1 
11 24 5 3 2 
1 10 10 18 4 1 1 
7 29 9 
5 34 1 5 
1 11 17 13 3 
1 43 1 
4 27 9 5 
1 28 14 2 
7 4 17 17 
1 4 25 3 12 
8 8 29 
1 41 2 1 
1 2 12 30 
38 2 5 
1 27 15 1 1 
2 38 5 
32 8 3 2 
2 2 3 9 14 9 3 1 2 
4 22 2 8 2 5 1 1 
29 16 
3 26 16 
1 3 14 23 4 
1 14 11 5 3 5 3 3 
3 11 7 17 6 1 
1 22 2 19 1 
1 20 23 1 
1 17 2 6 7 9 3 
6 36 1 2 
1 6 31 5 1 1 
1 16 15 6 2 2 3 
1 28 12 2 1 1 
9 17 2 11 2 4 
2 38 2 2 1 
1 7 35 2 
5 36 2 1 1 
4 16 12 11 2 
43 2 
4 35 2 1 3 
3 36 2 1 2 1 
6 38 1 
8 15 15 6 1 
1 14 24 5 1 
1 4 16 2 18 1 1 1 1 
4 40 1 
1 25 10 6 3 
4 13 1 25 2 
40 1 3 1 
2 33 1 6 3 
1 28 5 5 6 
3 20 20 1 1 
37 4 1 1 1 1 
2 10 3 21 7 2 
1 14 25 2 3 
1 6 5 31 2 
44 1 
2 43 
1 8 29 1 3 1 1 1 
1 30 12 1 1 
1 13 14 10 4 1 1 1 
4 20 2 9 1 1 1 4 2 1 
8 27 10 
10 20 9 1 3 2 
7 26 1 8 3 
13 6 19 3 4 
44 1 
15 20 8 1 1 
2 4 14 12 2 2 4 5 
4 40 1 
1 11 32 1 
4 28 12 1 
3 13 29 
1 36 5 3 
3 22 20 
10 15 18 2 
5 29 6 3 1 1 
1 20 16 7 1 
2 18 4 8 6 7 
41 4 
41 4 
1 35 7 1 1 
22 4 2 13 3 1 
3 3 21 16 2 
2 22 13 2 3 2 1 
2 31 9 2 1 
12 21 10 1 1 
4 24 8 8 1 
3 41 1 
4 18 7 13 1 1 1 
1 34 10 
42 2 1 
12 30 3 
4 9 11 11 2 5 3 
7 18 20 
17 19 7 1 1 
5 15 20 3 1 1 
1 12 26 6 
2 21 9 1 4 8 
2 8 35 
1 44 
20 22 3 
45 
22 5 10 7 1 
2 39 1 1 2 
1 6 29 8 1 
11 34 
1 23 18 2 1 
1 4 13 17 5 5 
2 3 9 11 18 2 
1 4 24 1 10 4 1 
1 3 9 32 
2 5 11 1 26 
2 28 10 4 1 
2 8 13 1 6 15 
3 19 6 3 4 3 2 4 1 
2 33 9 1 
1 9 34 1 
2 28 15 
1 40 3 1 
1 10 4 5 4 11 10 
1 33 6 2 1 1 1 
8 27 2 1 5 2 
2 15 2 11 14 1 
1 2 7 14 10 10 1 
1 42 2 
37 4 2 2 
1 31 2 6 5 
4 4 13 17 3 1 2 1 
11 23 1 9 1 
1 11 4 6 9 10 1 3 
1 14 28 2 
38 1 6 
1 12 21 4 6 1 
2 22 19 1 1 
45 
4 30 11 
5 1 16 21 1 1 
4 18 2 21 
9 7 8 9 4 2 5 1 
1 20 2 1 5 2 2 6 3 2 1 
3 5 7 9 21 
1 32 8 3 1 
3 16 2 11 1 9 3 
1 37 5 2 
1 12 11 17 1 3 
1 37 4 1 1 1 
1 33 10 1 
1 7 19 9 4 4 1 
20 6 4 1 13 1 
1 27 9 8 
1 32 9 1 2 
29 6 8 1 1 
2 42 1 
2 14 13 13 2 1 
2 27 7 8 1 
8 25 12 
4 2 35 1 1 1 1 
1 21 7 16 
37 3 5 
1 20 1 15 5 2 1 
2 18 3 8 11 2 1 
1 34 4 3 3 
13 4 3 22 3 
2 31 4 6 2 
5 15 13 1 5 5 1 
1 34 10 
2 31 6 5 1 
16 17 9 1 1 1 
1 6 35 2 1 
28 13 1 1 2 
3 14 1 22 1 4 
45 
8 33 4 
7 22 9 5 1 1 
1 12 30 1 1 
2 9 8 24 1 1 
2 7 14 10 6 5 1 
1 19 4 1 8 12 
1 12 17 3 6 6 
1 6 21 13 4 
7 14 13 4 5 2 
1 39 2 1 1 1 
3 1 14 14 3 10 
1 13 1 30 
31 5 9 
3 7 27 1 7 
5 6 27 2 2 3 
3 10 24 8 
1 14 3 21 6 
4 39 1 1 
1 22 15 2 4 1 
20 12 7 5 1 
1 28 4 2 2 1 7 
2 37 3 1 1 1 
23 11 11 
1 2 30 5 5 1 1 
5 17 18 3 2 
1 39 3 1 1 
20 3 3 8 2 9 
44 1 
2 36 3 4 
1 5 7 1 8 6 6 1 9 1 
1 27 5 2 1 6 3 
1 4 10 29 1 
1 42 2 
11 32 2 
10 23 6 3 1 1 1 
1 43 1 
4 12 29 
11 16 5 10 3 
10 22 7 2 2 2 
8 2 6 10 4 4 11 
3 32 10 
2 11 19 6 6 1 
1 30 12 1 1 
32 2 7 1 2 1 
2 23 17 1 2 
1 30 13 1 
2 36 4 2 1 
1 28 4 5 2 2 2 1 
5 6 11 17 2 4 
13 6 3 10 3 4 6 
5 3 17 12 1 6 1 
5 1 35 4 
3 13 14 6 2 2 5 
33 11 1 
21 1 9 3 5 6 
2 9 13 3 14 4 
1 11 30 2 1 
1 42 2 
3 35 5 2 
1 11 29 1 1 1 1 
1 18 3 14 7 2 
1 30 10 4 
44 1 
1 8 19 8 7 2 
26 8 7 2 2 
43 2 
1 41 3 
6 4 33 1 1 
3 2 40 
1 35 9 
1 18 24 1 1 
32 3 9 1 
1 12 22 5 5 
7 15 5 13 5 
1 39 5 
1 36 1 6 1 
2 12 31 
13 31 1 
1 44 
33 7 3 1 1 
1 18 12 5 5 4 
4 32 9 
4 21 3 10 2 4 1 
2 43 
3 1 21 2 14 3 1 
2 27 16 
2 40 3 
3 7 5 25 3 2 
1 26 18 
1 33 1 6 1 2 1 
9 14 22 
1 30 14 
2 12 31 
23 21 1 
40 5 
1 21 21 1 1 
15 26 4 
5 27 11 2 
1 29 3 6 4 2 
22 16 1 1 2 1 1 1 
2 24 11 1 3 1 2 1 
1 9 18 3 5 4 5 
1 40 1 3 
11 22 12 
1 12 16 1 15 
1 26 16 1 1 
15 28 2 
1 22 6 2 12 2 
7 14 11 7 5 1 
1 22 10 9 2 1 
1 1 38 2 1 2 
3 39 3 
2 17 22 3 1 
45 
4 19 3 6 11 1 1 
1 21 13 1 8 1 
2 21 21 1 
1 19 20 4 1 
1 18 2 22 1 1 
3 39 1 1 1 
11 25 8 1 
20 10 2 13 
4 6 27 4 2 2 
29 14 2 
29 16 
2 24 19 
1 30 13 1 
8 23 1 4 8 1 
1 40 4 
2 22 3 6 5 2 5 
2 20 1 8 12 1 1 
32 12 1 
2 31 12 
4 35 6 
1 12 30 1 1 
3 13 20 6 2 1 
5 12 1 25 1 1 
7 12 26 
2 1 37 2 3 
21 21 2 1 
2 8 25 3 5 1 1 
45 
1 34 6 4 
14 4 4 22 1 
3 17 16 6 1 1 1 
19 4 4 5 1 2 4 6 
1 16 12 13 1 2 
10 20 3 3 9 
13 20 12 
1 33 11 
14 19 8 4 
1 17 21 4 2 
1 36 8 
3 16 1 8 16 1 
7 12 7 3 2 7 1 4 2 
21 10 14 
1 25 19 
15 29 1 
6 23 16 
1 29 5 3 4 1 2 
5 35 5 
1 8 23 1 4 3 2 3 
1 30 1 9 4 
2 30 2 9 2 
1 13 28 3 
1 29 15 
19 9 1 3 12 1 
3 31 5 5 1 
3 21 4 10 2 4 1 
1 9 30 2 2 1 
2 17 23 2 1 
1 1 8 14 17 2 2 
1 7 6 26 4 1 
1 7 36 1 
1 15 27 2 
42 3 
7 18 7 10 1 1 1 
1 10 33 1 
4 20 13 4 4 
2 17 8 12 3 2 1 
1 5 12 9 14 3 1 
14 1 5 10 4 4 7 
1 14 6 4 5 2 9 3 1 
45 
2 28 9 3 3 
1 31 10 3 
1 20 11 9 3 1 
4 31 7 3 
12 23 10 
1 4 20 5 9 5 1 
1 13 8 9 9 2 2 1 
3 38 1 1 2 
28 13 3 1 
1 23 12 3 6 
1 15 14 4 5 5 1 
3 35 7 
1 23 12 1 3 1 3 1 
2 41 2 
1 38 4 1 1 
2 19 2 7 13 2 
5 15 1 14 5 3 1 1 
1 38 6 
1 4 38 1 1 
10 26 9 
7 27 4 5 2 
7 12 14 5 6 1 
31 9 5 
26 9 1 8 1 
2 33 2 8 
2 41 1 1 
44 1 
1 19 25 
3 42 
1 7 12 18 7 
1 3 41 
1 33 1 5 1 4 
3 3 27 5 4 2 1 
2 25 14 3 1 
42 2 1 
1 19 25 
11 34 
1 30 8 4 2 
2 23 4 12 4 
24 17 1 2 1 
7 21 1 3 12 1 
8 21 2 14 
2 1 12 21 6 1 2 
37 6 2 
1 11 16 11 6 
43 1 1 
1 18 26 
1 21 16 3 1 3 
45 
3 19 7 4 2 6 4 
1 43 1 
1 11 7 24 2 
44 1 
2 12 19 11 1 
29 8 8 
5 39 1 
2 15 17 4 3 3 1 
6 36 2 1 
3 25 13 1 3 
1 12 21 1 3 3 2 1 1 
2 39 4 
2 5 22 13 3 
3 42 
1 11 30 3 
5 22 17 1 
5 14 6 12 6 2 
3 5 36 1 
28 3 11 3 
17 25 3 
1 18 4 10 7 5 
30 10 5 
7 11 20 1 5 1 
7 20 5 2 11 
1 3 15 8 8 7 1 2 
1 42 1 1 
45 
21 6 9 1 7 1 
23 20 2 
1 7 17 3 10 7 
8 7 13 8 9 
1 38 6 
1 12 8 14 10 
16 12 3 9 5 
3 16 20 2 1 1 2 
1 23 5 11 1 1 3 
7 9 3 23 3 
29 10 3 2 1 
5 33 6 1 
12 6 23 4 
1 15 11 13 4 1 
3 23 17 2 
11 12 6 9 3 1 3 
1 37 2 5 
2 30 12 1 
45 
1 38 5 1 
2 17 8 18 
2 25 9 1 8 
7 5 4 1 18 6 3 1 
11 21 13 
4 1 38 1 1 
4 40 1 
1 22 21 1 
7 37 1 
32 9 1 3 
2 13 13 7 8 1 1 
4 5 9 5 14 8 
4 23 18 
19 19 2 4 1 
39 4 1 1 
26 9 4 5 1 
2 27 8 3 2 3 
26 17 1 1 
20 23 2 
25 6 3 8 1 2 
1 32 4 7 1 
1 18 5 12 1 2 2 3 1 
1 20 9 4 4 2 2 1 2 
1 9 11 22 2 
1 21 16 4 3 
5 26 14 
6 21 9 2 6 1 
12 6 24 3 
5 6 11 5 18 
1 22 8 4 6 2 2 
1 3 4 7 29 1 
1 23 11 10 
2 2 35 4 1 1 
3 16 21 3 2 
1 26 7 9 1 1 
1 37 2 2 1 2 
6 9 20 5 5 
1 33 8 2 1 
1 31 10 1 2 
4 38 3 
1 2 9 7 20 5 1 
1 20 11 12 1 
1 35 8 1 
1 44 
1 25 9 2 2 5 1 
45 
3 25 17 
12 25 3 2 3 
1 41 3 
9 1 1 7 1 6 10 8 1 1 
45 
32 3 8 2 
1 10 34 
42 1 2 
15 9 13 6 1 1 
1 25 8 1 8 2 
1 43 1 
2 36 4 3 
1 28 12 4 
1 41 2 1 
2 4 21 9 1 7 1 
1 22 16 1 5 
16 4 2 4 5 7 1 3 3 
5 15 16 4 1 1 2 1 
11 11 7 9 2 5 
2 5 32 4 2 
1 19 9 9 6 1 
20 21 2 2 
4 30 2 1 8 
10 9 2 12 5 1 3 1 2 
1 33 11 
1 19 7 3 12 2 1 
1 43 1 
4 4 3 9 6 9 8 1 1 
11 33 1 
1 6 13 25 
2 36 1 6 
4 14 10 9 4 4 
1 24 7 10 3 
1 39 5 
3 21 9 10 2 
4 19 4 4 10 2 2 
5 34 4 2 
2 23 20 
45 
5 13 27 
3 23 16 2 1 
1 19 18 3 3 1 
1 12 12 20 
1 9 25 9 1 
1 16 18 3 7 
2 31 1 2 2 5 2 
8 27 4 5 1 
2 14 24 5 
30 10 3 2 
10 28 7 
1 16 8 2 2 15 1 
2 23 15 4 1 
35 2 4 3 1 
1 28 16 
6 39 
1 36 6 1 1 
1 24 19 1 
1 36 7 1 
2 3 6 23 2 5 1 3 
