1 25 14 6 
6 10 10 7 10 3 
44 2 
43 3 
2 32 1 8 3 
6 23 14 3 
46 
1 41 2 2 
46 
5 33 1 3 3 1 
4 12 6 4 18 2 
2 23 17 3 1 
2 33 2 4 5 
9 26 9 2 
1 13 20 7 5 
2 21 6 10 1 1 1 2 1 1 
2 42 2 
2 10 23 4 7 
2 7 13 3 6 6 5 4 
33 5 4 2 2 
10 10 23 2 1 
7 8 10 3 12 4 2 
1 36 1 2 6 
3 35 2 5 1 
1 20 18 2 4 1 
1 21 6 9 1 1 3 4 
2 42 2 
1 33 11 1 
1 19 3 6 11 4 1 1 
1 6 17 22 
1 21 2 11 4 6 1 
1 29 14 2 
1 33 12 
3 23 19 1 
1 33 9 1 2 
2 24 12 5 2 1 
9 14 1 21 1 
2 33 4 1 5 1 
1 39 1 3 2 
1 18 18 2 2 1 4 
3 27 12 3 1 
12 22 12 
4 8 34 
2 41 3 
1 19 3 10 10 3 
12 8 22 3 1 
1 7 27 6 3 2 
7 27 10 2 
27 11 7 1 
1 42 3 
6 29 8 3 
2 13 27 1 3 
1 9 36 
3 29 9 2 3 
1 36 3 1 1 1 2 1 
2 10 20 5 5 1 1 1 1 
28 18 
28 8 8 2 
1 30 1 2 3 1 8 
2 24 20 
32 7 1 2 1 2 1 
1 33 3 4 2 2 1 
1 4 14 27 
2 20 13 10 1 
1 4 30 7 4 
1 22 8 7 4 4 
7 1 11 11 12 4 
3 12 25 4 2 
46 
2 16 10 4 2 6 5 1 
16 14 13 2 1 
3 31 8 2 2 
1 34 8 1 2 
1 28 8 3 4 1 1 
1 13 23 6 3 
1 11 33 1 
5 39 2 
1 40 2 2 1 
1 14 24 7 
1 9 12 1 2 11 6 2 1 1 
15 3 23 3 1 1 
3 43 
5 2 22 6 2 6 3 
10 30 1 4 1 
39 3 3 1 
22 12 3 7 1 1 
1 44 1 
2 44 
6 16 4 20 
44 1 1 
1 27 7 1 4 5 1 
1 5 39 1 
2 29 5 9 1 
1 34 2 6 2 1 
2 33 8 3 
5 36 5 
4 6 34 1 1 
1 39 6 
1 5 9 14 15 1 1 
14 1 10 5 10 1 1 4 
2 15 11 9 1 1 1 6 
4 6 22 14 
2 39 5 
1 22 8 2 13 
4 14 28 
6 12 18 1 8 1 
6 40 
1 1 25 12 6 1 
32 1 10 1 2 
7 13 3 9 12 1 1 
1 40 1 4 
1 14 16 3 4 2 6 
1 35 2 6 1 1 
46 
3 34 8 1 
1 43 2 
1 35 10 
1 24 18 1 1 1 
27 18 1 
17 18 7 2 2 
1 40 5 
1 2 3 7 1 6 13 6 3 4 
5 31 8 1 1 
34 5 7 
1 19 20 5 1 
2 6 19 18 1 
30 13 2 1 
1 26 19 
19 12 12 2 1 
7 7 12 19 1 
1 1 39 4 1 
46 
5 1 7 3 14 5 5 3 1 2 
1 17 4 6 7 2 2 2 2 2 1 
1 1 29 1 10 2 1 1 
5 41 
3 39 1 2 1 
1 18 2 1 24 
10 21 12 1 2 
3 37 2 3 1 
1 22 20 2 1 
1 38 1 5 1 
3 27 9 4 2 1 
3 13 29 1 
6 25 8 7 
2 23 16 4 1 
3 37 5 1 
11 34 1 
2 44 
2 42 1 1 
27 18 1 
1 1 31 1 10 2 
1 23 13 4 4 1 
10 18 17 1 
17 10 1 10 5 2 1 
11 9 26 
3 15 27 1 
2 41 3 
1 12 9 10 11 2 1 
5 20 9 2 9 1 
3 13 30 
1 44 1 
2 36 1 1 2 3 1 
22 24 
6 2 11 13 2 4 3 1 3 1 
5 23 11 2 2 1 2 
3 20 18 3 2 
1 21 18 3 3 
1 17 11 15 2 
1 35 7 2 1 
11 18 10 5 1 1 
1 30 4 2 4 5 
2 37 3 2 2 
8 12 22 2 2 
1 36 1 7 1 
1 22 12 9 2 
5 2 11 10 3 14 1 
2 23 7 4 3 3 2 1 1 
1 37 6 2 
4 13 3 3 9 3 8 3 
46 
1 43 2 
1 10 20 7 5 2 1 
1 38 7 
2 3 2 32 5 2 
1 26 15 3 1 
1 30 2 7 4 1 1 
6 36 4 
1 17 27 1 
2 44 
3 27 8 5 3 
1 38 3 3 1 
1 20 5 19 1 
5 39 2 
4 30 4 1 5 1 1 
2 6 33 1 4 
1 43 2 
40 6 
10 12 22 1 1 
16 27 2 1 
9 36 1 
1 39 3 3 
39 1 2 1 3 
4 4 16 2 1 8 5 3 2 1 
1 20 18 1 6 
1 7 3 32 3 
14 17 5 9 1 
6 28 12 
6 9 10 18 1 1 1 
5 38 2 1 
2 36 5 2 1 
4 37 3 1 1 
26 9 7 2 1 1 
12 17 11 1 2 2 1 
40 2 1 3 
3 13 13 1 1 4 3 1 3 4 
3 9 2 27 2 1 1 1 
4 16 17 7 2 
1 17 12 5 7 1 3 
1 28 8 2 5 2 
1 16 18 4 6 1 
33 11 2 
3 24 14 5 
13 14 1 7 9 2 
26 5 4 9 2 
46 
1 42 1 2 
27 12 5 2 
1 33 10 1 1 
34 10 2 
1 7 6 19 4 3 3 1 2 
10 17 15 3 1 
1 23 10 8 1 1 2 
1 5 40 
2 14 30 
1 42 3 
1 13 30 2 
23 22 1 
2 19 15 2 6 1 1 
1 17 9 15 3 1 
2 30 6 7 1 
4 36 6 
1 10 20 10 1 3 1 
19 13 13 1 
2 32 12 
1 28 12 4 1 
2 6 26 7 4 1 
3 33 4 5 1 
22 9 1 6 2 3 3 
21 3 22 
4 8 20 5 3 5 1 
2 38 5 1 
31 2 10 2 1 
1 21 10 1 2 2 7 1 1 
36 6 1 2 1 
7 39 
13 9 20 4 
1 1 14 26 4 
2 27 15 2 
1 10 29 1 4 1 
1 31 11 1 2 
9 15 9 6 4 3 
1 11 31 1 2 
1 36 8 1 
44 1 1 
1 16 2 9 18 
5 23 11 2 3 1 1 
2 39 1 2 2 
2 6 9 19 8 1 1 
1 31 9 4 1 
10 3 14 9 3 7 
1 26 15 4 
1 24 9 10 1 1 
25 13 2 5 1 
10 17 17 1 1 
2 23 14 2 5 
1 9 7 28 1 
12 24 2 2 5 1 
3 23 20 
10 26 9 1 
2 20 5 18 1 
46 
15 13 4 4 2 8 
1 26 5 9 3 2 
1 7 9 17 6 2 3 1 
2 23 21 
5 38 3 
1 3 34 2 5 1 
1 45 
2 10 18 9 6 1 
14 9 18 5 
1 32 1 11 1 
3 39 1 2 1 
1 17 13 12 3 
1 37 8 
41 5 
1 39 5 1 
3 30 11 2 
5 35 4 2 
39 3 2 2 
1 40 5 
9 19 17 1 
7 15 8 16 
9 17 5 12 2 1 
16 23 5 1 1 
1 25 18 2 
3 11 32 
9 21 13 3 
36 7 2 1 
1 41 4 
2 24 6 8 3 2 1 
46 
5 12 9 6 9 5 
45 1 
1 22 17 4 1 1 
1 27 4 9 2 1 1 1 
1 10 17 11 2 2 2 1 
46 
7 36 1 2 
1 31 14 
39 2 5 
1 30 15 
10 11 5 18 1 1 
9 15 10 10 2 
2 4 7 6 2 5 10 1 6 3 
3 7 15 10 5 3 3 
29 5 5 3 4 
5 11 22 2 2 1 3 
1 26 11 6 2 
20 22 1 3 
4 9 29 3 1 
6 36 4 
1 2 19 1 17 4 2 
1 27 18 
5 6 32 2 1 
4 11 25 6 
30 9 7 
3 40 1 1 1 
3 34 5 1 1 2 
2 27 3 6 7 1 
1 4 30 11 
2 1 31 5 2 2 3 
11 2 25 5 2 1 
5 37 2 2 
7 36 1 1 1 
9 22 15 
1 1 37 3 1 3 
1 27 12 1 3 2 
4 33 3 1 3 1 1 
3 16 27 
2 12 2 3 3 14 10 
16 6 14 9 1 
4 15 4 13 4 5 1 
1 11 23 2 5 4 
1 14 14 11 3 2 1 
1 4 28 5 3 1 2 1 1 
10 32 4 
35 5 2 2 1 1 
16 18 1 1 10 
1 11 8 3 3 10 5 5 
6 5 35 
46 
3 21 12 7 1 2 
1 23 9 9 4 
1 37 5 2 1 
1 3 9 26 1 1 3 2 
1 20 22 3 
7 9 25 5 
25 8 1 11 1 
2 17 26 1 
16 21 2 2 5 
1 25 20 
28 14 4 
19 13 14 
2 3 27 8 2 2 2 
7 30 7 2 
1 20 20 1 3 1 
1 41 2 1 1 
34 8 3 1 
1 38 7 
4 10 4 6 17 3 2 
6 31 2 7 
7 16 12 8 3 
36 9 1 
5 18 13 1 5 2 2 
44 1 1 
4 33 3 2 3 1 
2 10 25 7 2 
11 24 9 2 
2 19 20 5 
42 1 2 1 
3 28 10 4 1 
46 
2 22 4 14 4 
2 33 8 3 
15 24 7 
1 33 12 
8 35 3 
5 11 19 6 4 1 
1 18 21 6 
1 35 10 
1 4 41 
3 20 14 6 3 
1 1 30 4 4 1 3 2 
4 21 15 6 
1 36 1 7 1 
18 14 5 6 3 
1 41 1 1 1 1 
2 8 31 4 1 
1 18 8 18 1 
5 6 16 9 8 1 1 
44 1 1 
1 13 27 5 
2 24 11 8 1 
4 16 10 11 5 
6 22 6 11 1 
1 44 1 
7 33 4 1 1 
3 40 3 
2 13 31 
1 15 11 15 3 1 
5 9 26 4 2 
2 36 8 
1 12 5 3 1 18 1 2 3 
1 28 17 
46 
1 34 10 1 
2 31 5 7 1 
19 11 1 7 6 2 
8 35 1 1 1 
2 25 1 16 2 
1 42 3 
7 27 6 6 
1 30 3 11 1 
5 8 26 5 1 1 
3 12 9 14 3 1 3 1 
4 17 23 1 1 
14 25 1 4 2 
8 30 6 2 
2 36 8 
2 30 13 1 
46 
1 20 11 7 7 
1 40 1 2 2 
13 31 2 
2 24 4 15 1 
6 36 4 
3 17 2 3 3 5 12 1 
1 17 27 1 
1 12 1 29 3 
3 3 40 
5 37 1 3 
1 33 2 8 1 1 
2 25 10 3 1 5 
1 7 38 
2 12 18 14 
2 6 2 20 2 8 4 2 
4 22 12 4 2 1 1 
1 20 16 1 8 
7 35 1 3 
5 37 1 2 1 
27 16 3 
1 44 1 
11 5 23 2 1 1 3 
12 32 1 1 
1 39 5 1 
2 44 
6 28 9 2 1 
46 
13 5 10 12 3 3 
1 2 23 4 8 3 3 2 
1 29 9 5 1 1 
1 22 21 2 
1 45 
1 44 1 
2 4 29 5 5 1 
46 
2 15 8 13 5 1 2 
46 
46 
1 1 31 10 3 
32 11 3 
3 28 1 2 9 1 1 1 
39 1 5 1 
35 4 5 1 1 
2 11 26 5 1 1 
2 43 1 
5 29 2 8 2 
2 43 1 
8 12 4 21 1 
3 19 3 8 10 3 
3 40 2 1 
1 7 20 4 6 3 2 2 1 
1 2 26 6 1 6 4 
24 13 9 
1 24 18 2 1 
7 32 3 3 1 
1 32 9 3 1 
12 6 18 5 3 1 1 
4 42 
1 10 18 17 
3 35 8 
3 1 10 30 2 
1 17 5 6 11 6 
1 7 1 19 2 10 4 2 
10 27 9 
2 43 1 
1 3 33 7 1 1 
1 45 
1 42 2 1 
1 40 3 2 
2 28 1 1 2 5 3 3 1 
1 45 
3 28 2 2 4 2 3 1 1 
1 7 31 2 2 3 
3 42 1 
2 19 1 14 1 6 2 1 
15 12 1 17 1 
1 9 12 17 4 1 2 
15 6 16 3 3 2 1 
2 3 33 8 
1 26 10 4 1 4 
3 31 12 
1 10 35 
1 41 1 2 1 
1 18 23 1 1 2 
40 4 2 
28 5 2 1 6 3 1 
1 1 1 2 5 13 16 3 3 1 
2 38 2 2 1 1 
30 8 7 1 
2 22 21 1 
1 12 4 11 4 13 1 
30 2 12 2 
2 44 
36 7 2 1 
1 26 17 2 
3 40 1 2 
3 15 27 1 
46 
1 8 25 6 2 4 
3 24 8 5 3 2 1 
1 24 21 
2 30 8 5 1 
46 
1 1 37 1 6 
23 14 2 2 2 1 1 1 
6 30 5 5 
45 1 
1 12 8 21 1 1 1 1 
2 32 8 3 1 
2 4 19 9 2 7 3 
1 38 7 
1 1 8 6 27 1 2 
2 32 6 6 
1 14 12 17 2 
1 2 2 3 20 14 4 
37 5 4 
1 31 13 1 
2 5 23 14 1 1 
1 2 16 9 10 4 2 1 1 
2 16 4 4 12 1 3 4 
20 23 3 
1 17 2 17 8 1 
2 11 5 13 2 6 7 
17 23 6 
14 21 5 3 1 1 1 
1 26 15 4 
11 26 5 1 3 
20 13 12 1 
1 39 6 
1 17 28 
2 5 18 10 11 
10 6 25 4 1 
2 26 16 2 
1 29 16 
12 31 3 
14 16 9 5 1 1 
1 20 9 3 13 
2 41 3 
2 16 26 2 
9 18 19 
37 7 2 
1 33 12 
1 8 31 2 3 1 
5 1 9 20 2 9 
1 16 29 
12 3 5 26 
1 18 10 12 3 2 
1 21 5 17 2 
3 11 16 11 4 1 
1 14 1 17 7 3 2 1 
36 2 7 1 
1 33 3 8 1 
46 
38 5 3 
1 35 9 1 
1 15 2 21 2 5 
1 34 1 7 2 1 
2 30 14 
10 11 24 1 
7 11 19 6 3 
1 44 1 
1 28 14 3 
2 6 20 5 4 5 3 1 
30 6 4 2 1 3 
24 18 1 3 
2 34 7 1 1 1 
2 20 24 
1 31 10 3 1 
1 5 21 10 7 1 1 
7 39 
1 38 3 4 
8 18 4 1 10 2 2 1 
4 29 2 7 3 1 
1 4 12 13 12 4 
3 4 33 5 1 
1 1 25 2 6 8 1 2 
1 33 6 4 2 
2 20 10 14 
9 11 11 6 5 1 3 
6 38 2 
15 9 19 2 1 
1 27 12 6 
46 
1 27 8 9 1 
3 8 34 1 
33 7 2 3 1 
2 25 8 6 2 1 2 
1 18 4 6 7 3 7 
1 18 27 
4 26 3 9 1 1 1 1 
5 41 
1 32 13 
2 4 1 15 12 6 6 
1 3 27 9 3 1 1 1 
43 1 1 1 
11 29 5 1 
3 33 1 7 2 
2 10 7 9 8 3 2 2 2 1 
1 21 21 3 
1 6 12 7 3 1 7 5 3 1 
2 23 6 11 4 
1 19 7 12 1 4 1 1 
3 19 20 1 3 
1 28 5 10 2 
1 12 5 28 
34 3 1 4 3 1 
1 42 3 
2 40 1 3 
1 36 4 2 3 
16 10 19 1 
2 17 23 2 2 
46 
1 13 11 14 3 3 1 
44 1 1 
3 13 5 3 14 1 7 
4 17 21 3 1 
1 4 30 2 1 6 1 1 
1 24 20 1 
13 9 23 1 
1 23 13 9 
1 13 25 4 2 1 
46 
1 24 21 
1 3 28 9 1 4 
1 38 5 2 
1 20 19 4 1 1 
4 25 5 7 5 
1 24 14 1 6 
1 5 40 
1 23 7 4 7 1 3 
12 6 23 5 
1 1 21 8 1 4 2 3 4 1 
1 6 5 13 19 2 
1 9 24 9 2 1 
1 29 10 5 1 
4 23 16 1 1 1 
1 1 12 32 
5 18 1 2 15 1 3 1 
10 25 7 4 
3 37 6 
3 9 15 9 10 
7 32 4 1 1 1 
2 36 7 1 
4 18 24 
1 17 26 2 
1 37 7 1 
3 36 5 1 1 
6 30 8 1 1 
2 31 12 1 
4 38 2 1 1 
6 32 8 
3 42 1 
3 34 7 1 1 
1 34 11 
1 31 4 6 4 
1 34 11 
9 27 3 3 2 2 
3 2 17 16 3 2 2 1 
1 43 2 
46 
3 4 3 11 11 5 3 6 
1 13 13 13 1 1 3 1 
1 26 6 12 1 
1 40 5 
1 27 12 4 1 1 
16 20 10 
1 23 3 8 6 1 3 1 
2 7 12 22 3 
42 4 
2 29 10 5 
7 9 13 5 8 2 2 
1 3 14 17 4 5 1 1 
1 28 17 
9 26 11 
1 25 6 1 2 2 5 4 
1 3 20 2 4 10 4 1 1 
28 8 8 2 
1 42 3 
3 15 28 
1 4 21 20 
1 24 14 1 4 2 
1 27 18 
22 2 16 4 1 1 
9 16 21 
1 45 
3 38 4 1 
9 2 15 2 4 14 
15 17 14 
6 20 4 5 11 
24 15 2 2 3 
2 2 37 2 2 1 
2 30 3 11 
1 3 6 14 6 14 2 
1 43 2 
2 3 23 16 1 1 
2 29 7 4 4 
4 10 5 16 10 1 
3 8 6 13 5 8 3 
4 4 25 1 1 8 3 
35 9 1 1 
1 45 
2 34 8 1 1 
19 11 1 6 4 1 4 
1 26 3 9 7 
1 10 17 6 11 1 
1 45 
1 42 3 
1 9 36 
7 11 14 13 1 
44 2 
1 28 5 8 4 
2 36 6 2 
15 3 12 10 1 5 
1 4 24 6 2 7 2 
31 11 4 
1 24 2 16 2 1 
4 18 4 5 1 13 1 
3 3 2 35 3 
21 5 16 3 1 
1 31 3 7 3 1 
2 17 4 2 1 2 14 2 1 1 
1 17 18 1 5 1 3 
1 3 28 5 3 1 5 
1 38 5 1 1 
1 27 3 8 6 1 
3 41 2 
19 12 5 5 5 
37 1 3 3 1 1 
1 3 6 14 5 11 6 
1 45 
9 1 7 26 3 
3 22 5 10 3 2 1 
45 1 
3 24 19 
19 18 1 8 
1 9 15 6 6 6 1 2 
12 23 11 
1 5 30 7 1 2 
1 16 23 3 3 
1 35 10 
46 
46 
1 1 31 10 1 2 
4 15 24 1 2 
1 18 14 2 1 9 1 
1 21 24 
5 3 33 4 1 
16 4 12 8 1 3 2 
43 2 1 
2 1 29 2 8 2 2 
34 2 6 3 1 
1 39 6 
1 43 2 
1 30 12 1 1 1 
5 3 1 5 8 11 5 4 1 3 
6 35 2 1 1 1 
1 32 2 7 1 3 
9 27 6 3 1 
1 22 23 
1 16 9 15 2 1 2 
1 16 11 1 14 1 1 1 
22 24 
2 27 16 1 
1 17 25 3 
15 3 18 4 1 1 3 1 
1 31 14 
8 15 7 14 2 
1 36 3 2 1 2 1 
6 7 33 
4 15 27 
36 8 2 
46 
5 27 8 3 2 1 
25 2 5 4 10 
1 15 30 
1 2 25 6 9 2 1 
2 4 8 15 6 8 2 1 
2 9 18 2 1 9 4 1 
42 1 2 1 
1 4 18 16 5 1 1 
45 1 
1 39 6 
27 19 
3 23 2 2 9 5 2 
1 6 21 6 11 1 
8 19 10 2 1 2 3 1 
17 15 12 1 1 
2 25 19 
13 19 10 2 2 
14 1 15 2 6 7 1 
1 6 15 21 3 
1 41 4 
1 13 22 3 7 
1 16 18 1 2 7 1 
1 33 2 5 1 1 2 1 
1 9 15 13 7 1 
6 37 3 
2 12 30 2 
5 5 31 3 2 
1 35 10 
10 10 6 9 11 
1 39 4 1 1 
20 12 7 7 
2 16 25 3 
5 13 2 24 2 
10 23 1 4 7 1 
1 31 4 9 1 
3 1 4 15 13 10 
35 1 1 4 2 1 1 1 
1 23 10 8 4 
1 22 23 
2 25 16 2 1 
7 33 4 1 1 
1 26 19 
1 14 5 16 9 1 
13 30 1 1 1 
4 6 18 13 2 3 
46 
1 30 5 4 2 3 1 
31 11 2 2 
5 6 2 32 1 
44 1 1 
1 38 1 2 1 1 2 
1 33 1 8 2 1 
28 7 4 1 2 4 
1 29 10 5 1 
4 15 21 3 1 1 1 
2 8 24 5 5 1 1 
1 10 30 4 1 
1 1 22 3 2 4 2 10 1 
43 3 
1 12 10 19 1 2 1 
1 28 2 9 4 2 
2 7 35 2 
44 1 1 
1 23 5 2 9 1 1 3 1 
15 26 5 
15 9 11 4 7 
17 9 3 1 12 2 1 1 
5 14 6 4 11 5 1 
11 31 4 
2 18 16 6 4 
1 37 2 2 2 2 
12 33 1 
33 12 1 
1 19 12 4 4 2 2 2 
1 1 27 16 1 
1 21 23 1 
3 23 20 
1 2 35 4 2 2 
2 5 17 11 5 5 1 
34 9 1 1 1 
2 15 27 1 1 
7 27 5 3 4 
1 6 39 
4 2 13 24 1 2 
20 2 11 9 4 
1 15 30 
1 32 1 1 7 3 1 
4 1 9 4 3 1 11 2 6 2 1 1 1 
1 14 2 18 4 6 1 
2 39 5 
2 38 3 2 1 
1 12 30 3 
1 24 2 18 1 
1 2 35 5 3 
5 37 1 1 2 
1 35 10 
41 1 4 
1 33 7 5 
1 28 6 5 5 1 
2 28 6 9 1 
3 24 7 11 1 
2 26 9 6 2 1 
3 4 31 6 1 1 
1 10 30 1 3 1 
1 43 1 1 
27 12 3 4 
24 21 1 
1 26 4 13 2 
1 44 1 
19 14 13 
1 5 27 1 9 3 
42 3 1 
6 20 12 2 3 1 2 
28 12 6 
1 36 9 
26 6 12 1 1 
1 16 15 7 2 2 1 2 
1 29 12 1 2 1 
1 44 1 
5 41 
1 36 9 
45 1 
1 44 1 
5 36 5 
4 28 8 5 1 
2 38 6 
13 14 19 
2 17 27 
7 17 22 
1 26 1 5 2 3 3 5 
3 1 28 4 4 3 1 1 1 
9 4 4 26 2 1 
1 36 9 
1 34 6 4 1 
3 22 21 
1 13 7 22 3 
2 25 16 2 1 
1 5 40 
1 27 18 
45 1 
1 15 2 11 2 1 1 2 11 
34 6 6 
3 4 16 7 16 
12 33 1 
5 4 18 3 15 1 
4 41 1 
6 10 30 
1 36 8 1 
1 25 9 6 5 
5 38 3 
1 36 9 
1 20 2 8 4 7 3 1 
3 38 5 
1 13 28 2 2 
10 24 12 
1 21 7 12 5 
7 18 21 
5 15 7 2 13 4 
1 28 11 2 4 
3 24 16 2 1 
8 32 3 2 1 
3 43 
1 14 4 1 9 9 2 6 
46 
4 38 3 1 
2 20 4 15 1 4 
1 39 3 3 
1 30 11 3 1 
1 33 4 2 4 1 1 
26 11 9 
2 35 7 2 
1 27 10 7 1 
5 34 6 1 
3 27 16 
1 20 3 4 6 6 3 2 1 
4 33 6 1 2 
5 4 35 2 
41 2 1 1 1 
1 7 27 3 7 1 
1 10 9 18 7 1 
3 15 12 8 4 4 
31 10 1 4 
13 21 2 8 1 1 
6 35 2 2 1 
1 34 6 5 
1 4 22 5 1 2 4 6 1 
26 14 1 5 
9 28 2 4 1 1 1 
1 28 17 
1 2 11 22 3 5 2 
10 11 15 9 1 
2 40 4 
17 14 13 1 1 
1 36 1 6 1 1 
1 37 4 3 1 
1 43 1 1 
1 45 
6 35 4 1 
7 32 5 2 
1 4 41 
1 23 6 14 2 
32 10 1 2 1 
1 9 13 8 14 1 
41 4 1 
8 28 3 3 1 1 2 
1 16 26 3 
1 23 3 12 7 
1 7 6 5 22 3 2 
1 33 12 
2 37 4 3 
3 42 1 
1 39 2 4 
2 23 21 
1 25 15 1 1 3 
1 44 1 
1 45 
8 3 20 10 1 3 1 
1 5 40 
1 31 11 3 
1 21 4 16 4 
30 14 2 
8 2 5 2 15 3 2 6 1 2 
2 14 3 12 7 8 
2 38 6 
36 3 6 1 
1 24 1 11 4 5 
17 8 7 14 
2 4 32 2 6 
1 13 5 26 1 
1 39 1 3 2 
1 28 2 8 4 3 
1 18 19 1 1 6 
1 8 26 10 1 
2 36 8 
2 23 4 5 8 1 3 
1 43 1 1 
1 12 13 4 16 
1 3 4 11 20 7 
3 18 15 6 3 1 
3 17 26 
2 16 5 19 4 
4 40 2 
3 25 3 11 3 1 
2 34 10 
3 42 1 
1 39 4 2 
1 42 1 1 1 
2 35 2 2 5 
1 13 29 2 1 
1 38 3 1 2 1 
3 31 2 5 2 3 
5 41 
10 26 7 1 1 1 
1 10 25 8 2 
17 13 5 8 3 
11 21 1 9 2 1 1 
1 45 
2 23 7 3 6 1 4 
10 3 26 4 2 1 
1 10 27 8 
1 34 11 
2 14 22 4 2 2 
1 31 14 
1 39 1 5 
16 6 4 7 3 8 2 
1 40 3 2 
2 40 2 2 
8 6 4 25 1 2 
5 31 10 
4 15 27 
3 41 1 1 
9 27 6 3 1 
1 4 1 34 2 2 2 
1 36 2 4 3 
5 2 12 24 3 
13 1 23 3 1 4 1 
3 43 
3 32 8 2 1 
8 27 8 3 
12 25 5 1 3 
1 42 2 1 
1 43 1 1 
15 10 21 
1 18 11 12 2 1 1 
1 40 5 
12 23 11 
7 16 2 18 3 
1 32 6 6 1 
1 32 2 11 
8 10 13 5 2 2 2 3 1 
1 36 3 6 
46 
2 30 1 11 1 1 
5 3 7 30 1 
1 42 3 
17 6 7 7 5 1 1 2 
4 32 1 8 1 
37 4 4 1 
11 34 1 
2 42 1 1 
1 37 1 5 2 
2 38 1 3 2 
6 37 3 
5 10 31 
26 13 2 3 1 1 
2 19 10 10 5 
11 20 5 9 1 
13 29 2 1 1 
2 25 11 8 
1 6 7 25 6 1 
1 31 5 6 1 1 1 
1 30 15 
6 38 1 1 
1 34 11 
2 35 6 1 2 
1 25 3 9 8 
1 9 31 4 1 
1 18 2 25 
2 14 30 
5 40 1 
1 22 11 7 5 
2 7 33 2 1 1 
6 32 5 2 1 
1 33 9 2 1 
1 13 24 4 3 1 
8 6 17 13 2 
4 11 29 1 1 
1 20 16 6 1 1 1 
2 23 20 1 
21 23 2 
1 9 24 3 4 4 1 
1 34 10 1 
2 24 10 4 6 
3 24 1 11 1 5 1 
4 41 1 
2 2 21 15 2 1 2 1 
45 1 
1 20 11 14 
14 1 8 15 8 
33 6 7 
1 45 
25 19 2 
2 24 3 2 8 6 1 
5 41 
21 2 19 4 
21 11 10 3 1 
7 9 17 6 6 1 
2 30 9 5 
2 15 29 
2 1 33 7 3 
1 27 13 4 1 
27 11 5 1 2 
24 12 2 6 1 1 
1 15 30 
19 19 7 1 
1 38 5 1 1 
2 27 7 7 1 2 
7 1 35 3 
1 43 2 
1 40 2 1 2 
11 15 10 5 5 
5 38 2 1 
5 11 23 5 1 1 
1 16 12 2 10 1 1 3 
2 28 16 
22 23 1 
1 14 27 4 
1 4 25 9 2 4 1 
15 26 2 1 2 
11 21 9 4 1 
16 1 28 1 
2 20 16 4 4 
20 11 3 9 3 
1 33 3 2 5 1 1 
5 21 2 18 
1 11 3 21 4 5 1 
1 35 8 2 
9 18 8 7 4 
1 32 7 4 2 
3 5 9 18 9 1 1 
1 45 
20 1 25 
16 28 2 
5 21 20 
11 28 4 3 
2 2 39 2 1 
1 19 8 13 5 
19 14 10 2 1 
3 8 17 2 12 4 
1 45 
7 7 19 5 7 1 
1 29 13 3 
1 44 1 
2 18 1 25 
2 10 30 4 
1 27 8 5 3 2 
25 18 3 
4 11 28 2 1 
2 11 30 3 
1 15 23 6 1 
45 1 
1 28 17 
43 1 2 
13 10 4 15 3 1 
5 23 18 
16 19 3 4 1 2 1 
7 18 17 2 1 1 
1 7 29 4 3 1 1 
3 5 15 20 2 1 
2 27 4 12 1 
3 41 1 1 
9 17 11 1 8 
1 13 4 1 1 14 9 2 1 
3 6 3 32 1 1 
3 39 4 
6 18 22 
3 10 10 7 1 14 1 
46 
6 25 15 
31 1 8 5 1 
31 8 5 1 1 
1 13 6 10 10 6 
3 40 3 
1 24 21 
27 15 4 
40 1 3 2 
2 13 17 14 
5 17 2 22 
1 20 11 3 10 1 
7 14 10 6 3 5 1 
1 45 
1 32 5 7 1 
1 39 6 
3 23 13 3 4 
5 41 
12 28 6 
45 1 
1 35 5 2 3 
17 7 4 12 6 
7 12 27 
1 1 1 32 1 4 5 1 
11 23 1 2 5 4 
19 4 23 
4 31 11 
2 3 38 3 
33 9 3 1 
1 9 1 20 7 4 1 1 2 
45 1 
4 31 11 
6 16 14 9 1 
16 12 12 2 3 1 
1 4 2 16 13 7 1 1 1 
46 
7 10 20 7 2 
46 
45 1 
6 14 23 2 1 
2 10 23 5 2 3 1 
1 24 18 3 
6 38 1 1 
19 17 10 
4 14 25 1 2 
1 11 9 18 1 2 3 1 
2 27 3 6 4 2 2 
14 2 15 1 14 
4 5 22 7 1 2 1 1 2 1 
38 8 
3 30 10 2 1 
4 12 9 9 1 2 2 4 2 1 
1 24 8 5 8 
43 3 
4 34 8 
4 29 3 5 1 3 1 
12 32 2 
1 45 
3 37 6 
1 2 38 3 2 
1 43 2 
37 1 5 1 2 
3 27 16 
2 7 2 21 11 1 1 1 
30 1 15 
1 1 42 2 
1 42 1 1 1 
1 5 13 5 20 2 
3 14 1 16 4 6 2 
1 36 8 1 
24 2 20 
23 1 7 1 1 11 1 1 
11 22 3 9 1 
1 20 20 4 1 
17 29 
3 18 20 1 1 2 1 
1 34 2 9 
1 4 18 22 1 
3 30 8 3 2 
28 13 5 
1 44 1 
2 28 10 4 2 
5 17 15 1 8 
2 28 11 5 
3 41 1 1 
1 28 10 5 2 
24 19 2 1 
1 22 2 15 5 1 
37 5 2 1 1 
35 5 6 
44 2 
3 12 31 
1 20 16 4 4 1 
3 13 3 10 13 2 2 
3 5 5 21 6 5 1 
1 29 2 1 12 1 
18 8 2 12 2 2 2 
4 40 2 
13 14 19 
3 17 5 15 1 4 1 
2 1 3 10 13 11 5 1 
1 41 4 
3 9 3 11 12 2 3 2 1 
36 5 4 1 
12 11 13 9 1 
1 15 13 14 1 2 
5 21 16 4 
4 27 13 2 
1 4 41 
1 37 6 1 1 
1 37 5 3 
8 23 4 3 2 2 2 1 1 
1 20 20 2 3 
4 21 3 4 1 10 2 1 
1 38 2 2 1 1 1 
3 6 19 17 1 
5 35 5 1 
3 16 27 
1 27 1 8 8 1 
2 27 1 11 3 1 1 
19 26 1 
31 5 3 7 
28 6 4 5 3 
2 1 19 19 2 2 1 
3 33 10 
1 38 7 
9 2 33 2 
1 23 8 12 2 
1 10 7 8 14 3 3 
1 30 5 2 7 1 
1 1 27 15 1 1 
5 34 7 
1 41 1 3 
9 15 8 5 5 4 
13 19 8 4 1 1 
31 14 1 
1 27 17 1 
1 43 2 
22 24 
5 22 5 11 3 
5 16 12 9 4 
1 12 18 7 4 4 
3 22 16 2 2 1 
7 34 5 
1 28 17 
2 32 5 3 4 
1 42 3 
9 30 4 2 1 
8 35 1 1 1 
1 35 4 6 
25 16 4 1 
5 23 18 
6 12 28 
2 27 3 11 1 2 
1 6 21 3 6 9 
1 40 3 1 1 
1 37 8 
36 1 5 2 2 
5 22 17 2 
1 34 4 4 3 
13 30 3 
7 17 20 2 
1 3 19 17 1 3 1 1 
1 36 2 3 1 1 1 1 
2 3 10 24 3 2 2 
24 4 17 1 
1 12 12 2 2 12 1 4 
4 19 21 1 1 
1 9 15 6 14 1 
18 11 16 1 
1 28 17 
13 6 27 
1 39 6 
2 29 13 2 
39 7 
1 37 5 1 1 1 
1 4 16 24 1 
1 24 9 2 5 3 2 
8 10 28 
5 7 30 1 1 1 1 
1 28 6 3 4 2 1 1 
3 42 1 
4 35 3 4 
1 38 5 1 1 
13 27 1 3 2 
1 18 27 
1 16 18 8 3 
1 29 14 2 
6 10 16 5 5 4 
28 16 1 1 
1 42 1 1 1 
4 30 4 8 
14 14 11 2 4 1 
1 14 4 4 15 4 4 
2 14 3 16 6 2 3 
7 5 27 6 1 
10 10 26 
42 2 1 1 
1 36 9 
1 43 2 
1 31 14 
1 38 1 6 
32 10 4 
1 36 5 2 1 1 
3 42 1 
11 32 2 1 
1 35 7 3 
2 3 26 15 
1 18 27 
2 19 23 1 1 
2 14 8 3 12 1 1 1 4 
1 16 23 3 3 
1 5 5 15 13 6 1 
2 15 20 8 1 
1 24 6 4 8 3 
10 29 5 1 1 
1 33 2 2 5 2 1 
6 16 3 14 3 1 2 1 
18 8 5 12 1 1 1 
1 35 8 1 1 
3 31 5 4 3 
2 15 19 3 2 3 2 
9 23 2 11 1 
1 36 7 2 
1 16 3 13 13 
3 40 3 
1 29 16 
1 23 13 7 1 1 
1 37 3 2 1 2 
2 12 4 16 3 1 8 
1 10 6 8 12 7 2 
1 27 11 1 1 4 1 
2 19 18 6 1 
7 20 7 9 1 2 
3 1 24 10 4 1 3 
2 38 6 
3 14 11 10 8 
1 42 3 
4 33 9 
1 45 
2 39 3 2 
5 33 3 1 1 1 1 1 
7 32 7 
6 23 15 1 1 
5 6 22 11 2 
1 20 18 7 
1 3 13 22 4 2 1 
4 35 3 4 
14 28 4 
2 1 24 17 2 
1 35 7 1 1 1 
4 1 21 4 5 7 1 3 
5 29 5 5 2 
2 12 22 7 1 1 1 
20 13 9 4 
1 5 16 18 4 2 
8 28 9 1 
3 38 2 3 
4 22 17 3 
4 8 1 18 13 1 1 
1 18 27 
4 9 9 24 
2 24 8 1 3 8 
12 21 12 1 
1 43 1 1 
4 37 5 
26 8 12 
2 7 10 16 4 6 1 
1 6 38 1 
22 13 10 1 
1 34 8 3 
30 5 9 2 
1 27 5 12 1 
1 26 2 17 
1 6 13 19 3 3 1 
7 28 6 3 2 
5 6 25 6 3 1 
5 15 22 3 1 
1 26 19 
3 1 27 1 14 
13 22 2 7 2 
2 8 28 8 
4 16 22 1 2 1 
1 39 6 
43 1 1 1 
1 8 8 12 3 6 7 1 
28 13 1 3 1 
22 3 15 5 1 
5 10 31 
4 7 29 3 3 
1 45 
23 19 3 1 
2 2 24 9 5 4 
1 44 1 
3 21 8 13 1 
1 45 
46 
1 43 2 
46 
1 41 3 1 
11 18 3 7 2 1 4 
1 34 1 5 4 1 
46 
3 36 3 1 1 2 
1 45 
46 
8 21 17 
16 3 26 1 
7 28 5 5 1 
38 3 1 3 1 
13 25 8 
18 6 14 4 2 2 
43 2 1 
4 17 1 15 4 4 1 
1 26 16 3 
1 31 14 
12 19 10 4 1 
33 2 7 4 
1 15 17 8 2 3 
2 42 2 
1 26 5 13 1 
4 39 2 1 
2 29 4 10 1 
6 34 2 2 1 1 
3 21 16 1 5 
15 27 1 3 
3 41 2 
18 27 1 
46 
36 8 2 
9 5 12 12 8 
1 30 2 11 2 
46 
4 21 14 7 
20 25 1 
2 3 10 23 3 1 2 2 
1 4 40 1 
1 42 2 1 
40 3 1 1 1 
2 18 23 3 
3 11 11 1 5 6 3 1 2 3 
1 30 15 
2 18 5 16 2 3 
36 7 2 1 
46 
39 3 4 
1 13 10 20 1 1 
2 43 1 
46 
6 29 7 4 
4 19 9 7 3 1 3 
1 16 14 9 5 1 
1 6 6 31 1 1 
2 25 19 
1 43 2 
14 2 5 15 6 4 
1 13 1 22 7 2 
3 24 8 6 1 4 
46 
1 29 9 2 5 
4 29 3 7 2 1 
1 45 
7 18 14 3 4 
44 1 1 
8 18 1 16 2 1 
1 3 34 6 1 1 
1 37 3 2 1 2 
1 20 8 4 7 5 1 
1 6 4 34 1 
3 41 2 
44 2 
3 28 1 2 8 4 
42 2 1 1 
1 15 14 15 1 
2 5 35 4 
1 18 27 
28 8 2 3 3 1 1 
45 1 
2 7 3 16 1 4 3 2 5 2 1 
1 9 11 6 8 10 1 
17 8 3 1 10 2 1 4 
1 37 4 3 1 
2 17 23 4 
1 5 32 6 2 
4 34 1 2 3 2 
1 25 6 5 7 1 1 
1 14 3 27 1 
8 31 2 4 1 
1 32 7 5 1 
8 7 31 
1 34 4 4 2 1 
1 13 28 1 3 
1 38 5 2 
1 23 2 17 1 2 
1 14 1 7 5 12 1 3 1 1 
1 29 6 1 5 4 
24 2 14 4 2 
1 39 2 2 2 
3 29 6 2 6 
1 12 4 28 1 
1 6 29 2 2 6 
1 30 9 2 3 1 
1 27 3 13 2 
1 27 17 1 
3 5 6 27 2 1 2 
10 3 11 3 10 8 1 
1 45 
27 8 10 1 
42 3 1 
39 4 2 1 
1 8 12 1 2 16 2 1 1 2 
41 5 
17 1 4 17 4 1 1 1 
2 26 8 4 6 
1 9 15 20 1 
23 19 2 1 1 
2 22 22 
3 11 27 5 
5 9 18 10 1 2 1 
1 21 20 1 1 2 
1 35 10 
31 10 4 1 
2 28 4 9 2 1 
3 6 28 3 5 1 
1 27 4 5 8 1 
22 13 11 
26 7 9 3 1 
6 8 21 2 2 7 
26 8 9 1 2 
9 34 3 
2 31 8 3 2 
12 10 23 1 
2 42 2 
20 18 8 
1 11 34 
40 4 2 
1 44 1 
2 43 1 
3 10 28 5 
35 7 4 
5 18 20 1 1 1 
43 1 2 
3 15 13 11 4 
1 20 25 
3 16 27 
20 8 1 14 3 
5 25 16 
1 33 9 3 
24 5 14 2 1 
1 43 2 
1 5 31 4 3 2 
1 22 4 18 1 
2 29 9 5 1 
4 9 29 4 
1 2 41 2 
1 25 14 5 1 
21 10 15 
4 19 1 3 18 1 
1 35 7 1 1 1 
1 7 2 10 4 4 2 12 1 1 2 
7 27 7 1 4 
1 19 26 
1 21 18 2 4 
3 33 5 3 2 
34 11 1 
14 26 6 
1 44 1 
5 13 14 12 2 
20 2 24 
2 21 23 
6 13 1 9 2 4 10 1 
1 38 5 1 1 
46 
1 25 9 9 1 1 
1 41 4 
19 15 11 1 
7 27 5 3 3 1 
3 5 15 1 18 1 3 
1 7 9 11 3 13 2 
1 23 3 10 4 1 2 2 
3 29 14 
44 1 1 
1 23 10 10 2 
2 23 7 7 2 1 4 
1 7 30 3 3 1 1 
2 17 27 
1 42 2 1 
3 17 3 13 7 2 1 
1 41 4 
3 2 14 4 2 19 1 1 
14 6 22 1 2 1 
1 29 14 2 
1 30 8 2 5 
2 27 1 8 7 1 
5 33 3 3 2 
1 33 10 2 
29 12 5 
6 14 6 12 4 2 2 
1 35 1 9 
4 22 15 2 1 2 
16 16 8 5 1 
18 24 2 2 
13 22 1 2 1 3 3 1 
2 13 14 2 15 
2 2 40 1 1 
1 5 28 8 4 
2 13 2 4 20 1 1 3 
1 16 16 13 
1 8 10 13 5 3 6 
5 29 12 
12 21 7 3 3 
1 28 1 7 8 1 
1 7 5 12 9 10 2 
1 35 8 1 1 
3 42 1 
1 41 3 1 
1 17 15 1 2 6 3 1 
2 39 5 
1 5 34 6 
27 13 4 1 1 
1 42 3 
1 10 35 
2 42 2 
1 6 28 7 4 
1 12 14 9 3 6 1 
36 7 2 1 
5 17 24 
5 17 23 1 
3 23 5 9 2 4 
3 12 19 5 6 1 
10 8 26 1 1 
1 32 12 1 
15 12 2 8 5 3 1 
9 23 13 1 
25 12 5 4 
26 17 1 1 1 
29 1 8 8 
1 1 30 10 3 1 
4 4 24 14 
6 23 15 2 
29 2 9 6 
23 17 2 1 1 2 
5 41 
4 19 23 
1 29 10 4 1 1 
16 21 7 1 1 
1 45 
2 28 9 2 1 4 
1 6 30 4 2 1 1 1 
2 17 3 9 15 
2 22 11 5 2 2 2 
1 3 21 10 2 7 2 
17 14 3 7 3 2 
1 20 4 8 3 2 6 1 1 
1 44 1 
1 44 1 
1 22 20 3 
39 2 4 1 
8 37 1 
1 25 1 2 17 
2 38 6 
3 8 25 6 2 1 1 
1 29 16 
19 23 2 2 
1 42 1 1 1 
1 33 7 5 
8 8 15 10 1 3 1 
3 22 8 12 1 
1 36 7 1 1 
4 15 18 7 2 
39 5 1 1 
4 20 20 2 
1 1 25 14 1 3 1 
2 41 2 1 
15 20 1 8 2 
1 22 10 8 5 
45 1 
8 26 8 1 3 
6 37 2 1 
2 22 19 1 2 
16 11 2 5 11 1 
6 15 9 14 1 1 
9 32 5 
1 15 18 11 1 
42 1 1 2 
4 11 16 7 1 7 
1 30 3 7 4 1 
2 12 32 
1 31 13 1 
23 2 1 18 2 
3 30 7 5 1 
1 31 3 9 1 1 
1 28 15 2 
1 42 1 2 
1 1 9 16 12 3 2 2 
1 26 9 8 2 
1 26 14 3 2 
8 20 8 9 1 
22 10 9 4 1 
4 36 6 
31 2 3 7 3 
6 4 27 2 4 3 
1 21 23 1 
3 36 5 1 1 
22 22 2 
40 2 2 1 1 
1 10 35 
1 40 3 2 
1 9 21 14 1 
1 10 22 8 3 2 
6 36 3 1 
1 40 4 1 
4 10 2 28 2 
7 19 7 12 1 
42 4 
46 
6 35 5 
11 14 13 7 1 
1 41 4 
1 16 7 19 1 1 1 
36 2 5 2 1 
1 18 27 
30 1 6 9 
1 1 35 6 3 
6 39 1 
1 15 14 14 2 
1 39 6 
18 12 5 5 6 
2 22 8 11 1 1 1 
1 12 13 3 16 1 
1 21 1 23 
17 27 2 
4 8 33 1 
8 32 6 
1 2 31 10 1 1 
1 42 2 1 
2 5 31 6 2 
3 43 
1 29 8 3 1 1 2 1 
1 23 16 5 1 
4 22 12 2 3 2 1 
8 7 2 5 16 6 2 
1 34 1 7 1 1 1 
1 34 8 1 1 1 
1 33 6 3 3 
1 4 18 16 3 3 1 
2 42 2 
1 13 18 2 9 2 1 
1 28 1 9 2 2 3 
7 24 14 1 
1 36 4 3 2 
4 28 5 1 6 1 1 
1 9 3 23 9 1 
13 15 9 1 3 2 1 2 
2 44 
1 17 17 3 8 
2 23 14 4 1 1 1 
1 35 4 3 1 2 
1 24 12 9 
2 10 4 30 
7 18 1 19 1 
22 12 1 3 6 2 
1 25 18 2 
6 3 9 10 5 7 2 2 2 
4 33 2 7 
1 45 
1 28 4 7 6 
33 1 9 2 1 
6 22 6 3 6 1 1 1 
1 25 18 2 
1 16 19 7 3 
4 35 7 
2 22 11 11 
3 8 27 2 2 2 1 1 
1 15 19 4 7 
1 5 10 19 3 6 1 1 
46 
3 36 4 2 1 
1 32 1 11 1 
45 1 
6 22 17 1 
7 12 7 6 8 2 2 2 
6 20 13 3 2 2 
13 33 
2 5 4 19 14 1 1 
1 38 7 
34 9 2 1 
4 10 13 11 8 
36 10 
32 10 4 
10 6 27 2 1 
5 18 20 2 1 
3 2 5 32 4 
30 15 1 
11 11 16 8 
6 7 12 20 1 
13 16 3 1 5 4 1 2 1 
1 24 17 2 1 1 
10 29 6 1 
1 35 2 6 1 1 
1 3 27 15 
6 16 15 3 6 
3 10 1 21 5 6 
1 5 21 2 10 4 3 
1 41 1 3 
11 32 2 1 
1 19 26 
1 21 11 1 9 2 1 
2 30 9 2 3 
9 18 6 2 4 3 4 
1 34 6 2 3 
10 15 13 1 3 4 
4 27 1 1 12 1 
23 3 13 5 2 
6 10 16 10 1 3 
5 14 14 10 1 1 1 
3 40 2 1 
1 45 
2 29 5 10 
36 1 2 4 3 
2 35 9 
1 2 32 1 8 1 1 
1 45 
3 39 4 
2 23 21 
2 34 5 1 4 
2 26 5 3 8 2 
1 19 5 20 1 
2 6 6 9 5 4 5 5 2 1 1 
2 12 29 2 1 
5 10 8 3 16 3 1 
1 34 10 1 
2 14 26 4 
9 14 18 4 1 
1 45 
1 11 2 32 
4 34 5 3 
27 14 3 1 1 
5 20 17 3 1 
22 19 5 
14 2 3 11 1 8 5 1 1 
6 3 13 1 11 4 7 1 
2 21 17 1 1 4 
1 9 4 21 9 1 1 
46 
9 16 21 
15 30 1 
2 17 13 5 6 3 
2 36 7 1 
7 20 10 9 
1 1 41 1 1 1 
11 24 9 1 1 
3 7 12 3 5 6 2 6 2 
1 20 18 1 2 4 
7 16 9 10 4 
3 23 4 13 1 2 
5 8 28 3 2 
8 1 22 1 5 4 3 2 
1 38 6 1 
1 30 7 8 
1 43 2 
26 17 3 
46 
1 35 8 1 1 
4 19 15 5 3 
1 6 20 6 13 
8 19 3 7 2 1 2 3 1 
1 26 19 
1 28 5 4 1 1 2 4 
11 3 15 17 
2 11 3 15 5 4 1 1 3 1 
1 1 33 4 3 1 3 
4 10 20 10 1 1 
2 6 29 1 1 7 
1 14 26 1 2 2 
28 3 3 3 3 2 1 2 1 
8 36 1 1 
5 8 12 11 4 5 1 
23 13 1 1 5 3 
2 36 8 
19 20 4 2 1 
25 2 13 1 5 
1 21 20 3 1 
1 4 8 10 13 4 2 4 
5 35 6 
2 36 5 3 
28 7 11 
1 35 4 1 1 3 1 
33 6 4 2 1 
2 15 17 4 5 2 1 
1 37 3 2 3 
6 34 6 
1 4 41 
1 20 15 9 1 
6 14 22 3 1 
1 21 11 1 10 1 1 
1 25 8 2 8 2 
1 7 29 1 6 1 1 
8 12 19 1 5 1 
5 11 30 
16 6 19 4 1 
18 22 2 4 
3 38 1 4 
3 10 23 1 9 
8 10 12 9 1 1 4 1 
2 38 6 
1 22 11 3 9 
30 11 1 2 2 
1 13 17 11 3 1 
1 23 17 1 1 1 2 
12 31 3 
1 22 10 5 3 1 1 3 
1 13 21 7 2 1 1 
11 24 11 
1 31 9 1 3 1 
37 9 
45 1 
1 30 5 1 9 
1 23 22 
6 36 4 
8 37 1 
4 37 4 1 
2 44 
7 29 5 2 3 
26 17 3 
10 36 
1 25 3 1 10 1 2 2 1 
8 22 1 7 5 3 
1 2 5 18 17 2 1 
1 27 7 8 2 1 
46 
1 44 1 
30 5 2 1 5 3 
3 34 2 3 2 2 
3 3 9 1 21 4 4 1 
8 16 15 3 4 
2 17 17 4 5 1 
5 34 1 2 2 2 
21 2 6 9 1 2 5 
1 22 21 1 1 
5 16 5 17 3 
1 7 8 11 14 1 2 1 1 
2 6 15 9 3 4 3 4 
1 8 28 9 
1 13 32 
2 29 2 6 7 
3 17 26 
45 1 
4 37 3 2 
15 9 12 5 2 3 
2 13 17 9 3 2 
3 40 3 
27 4 8 4 3 
40 2 4 
14 19 6 5 2 
3 29 9 4 1 
6 40 
1 29 3 3 6 1 1 1 1 
3 20 4 17 1 1 
1 32 1 2 8 2 
5 1 37 1 1 1 
5 32 9 
12 6 27 1 
2 16 24 3 1 
4 11 15 3 10 1 1 1 
1 45 
2 38 1 2 3 
6 30 6 4 
3 1 24 13 5 
1 2 43 
1 34 4 4 3 
12 32 2 
5 9 4 15 10 2 1 
3 31 7 5 
7 5 7 9 5 10 3 
2 19 3 1 21 
1 37 8 
16 15 15 
1 43 1 1 
1 32 2 1 8 1 1 
1 34 4 4 3 
11 29 6 
6 16 22 1 1 
1 23 22 
1 18 17 9 1 
18 1 1 6 20 
1 3 24 8 10 
1 21 1 5 7 1 6 3 1 
6 16 19 3 1 1 
1 26 18 1 
3 28 15 
1 21 4 20 
2 40 2 1 1 
1 42 3 
1 12 12 2 1 8 3 1 4 1 1 
1 22 19 1 1 1 1 
2 40 3 1 
10 36 
1 2 1 14 2 4 2 9 6 4 1 
2 43 1 
9 33 4 
7 32 5 1 1 
1 44 1 
1 13 16 11 1 3 1 
5 37 1 3 
1 19 12 11 1 2 
1 38 5 2 
9 11 8 1 5 2 6 2 2 
2 24 6 2 5 5 1 1 
1 8 23 4 8 1 1 
1 44 1 
7 37 2 
1 11 25 3 1 3 2 
2 14 30 
2 15 19 7 1 2 
2 5 30 2 2 3 1 1 
1 12 31 2 
43 2 1 
6 9 18 12 1 
3 2 36 1 4 
4 31 11 
1 9 36 
26 1 14 2 3 
2 2 18 15 3 2 3 1 
1 44 1 
46 
46 
1 27 16 1 1 
16 24 5 1 
1 40 1 3 1 
4 39 1 1 1 
1 38 3 3 1 
3 9 34 
1 6 28 7 3 1 
3 25 17 1 
5 22 18 1 
5 35 2 4 
30 1 1 11 3 
40 4 2 
35 9 2 
2 36 8 
1 32 2 11 
1 11 29 4 1 
1 10 34 1 
5 41 
33 10 3 
5 24 17 
7 18 18 3 
8 20 14 3 1 
20 22 3 1 
11 11 16 1 7 
2 28 1 15 
2 20 3 7 10 4 
3 28 6 6 1 1 1 
1 45 
1 42 3 
1 4 8 2 30 1 
1 17 20 4 4 
1 24 17 1 1 2 
7 21 1 6 5 1 2 2 1 
9 2 35 
28 11 7 
8 19 9 8 2 
43 3 
2 28 12 2 2 
12 20 10 1 1 1 1 
24 11 8 2 1 
1 21 2 19 1 1 1 
6 13 18 8 1 
2 42 1 1 
3 11 15 7 4 6 
1 37 8 
21 19 4 2 
44 2 
2 25 19 
1 38 6 1 
11 11 5 15 2 2 
1 35 10 
1 44 1 
1 13 10 2 16 1 3 
1 41 4 
46 
2 41 2 1 
1 39 1 4 1 
34 2 2 2 5 1 
4 22 18 1 1 
21 3 6 2 2 1 8 2 1 
3 33 3 5 1 1 
1 29 16 
2 18 20 4 2 
1 31 3 11 
3 37 6 
22 14 5 5 
4 33 8 1 
1 10 19 5 2 5 4 
1 9 20 6 5 4 1 
1 1 16 20 5 3 
17 3 15 8 3 
4 39 3 
46 
18 23 2 1 2 
1 8 7 7 11 6 3 3 
4 13 18 4 7 
8 6 27 1 2 2 
5 18 10 7 4 2 
2 23 9 11 1 
1 11 34 
4 10 4 28 
1 35 10 
7 34 2 3 
8 1 36 1 
28 16 1 1 
1 39 4 1 1 
1 31 12 1 1 
26 18 2 
2 29 15 
1 25 6 1 8 4 1 
23 7 5 3 1 2 5 
1 7 7 22 9 
5 32 8 1 
1 17 9 9 1 8 1 
4 37 1 2 1 1 
1 9 4 15 1 11 2 1 2 
1 17 6 14 2 6 
9 3 11 8 5 4 3 3 
12 20 6 4 3 1 
2 31 13 
12 18 8 3 3 2 
1 22 19 4 
1 14 2 17 2 6 1 2 1 
46 
12 11 16 1 1 2 3 
5 28 13 
1 3 13 2 2 14 7 4 
2 12 32 
4 23 5 6 3 5 
1 8 15 4 8 6 1 2 1 
8 24 11 2 1 
1 16 14 6 9 
2 17 13 9 3 1 1 
1 41 3 1 
7 25 1 1 3 8 1 
10 4 26 1 4 1 
1 37 7 1 
1 35 8 1 1 
33 12 1 
2 44 
1 35 8 2 
42 3 1 
1 28 2 7 8 
3 28 2 3 6 2 2 
1 35 3 3 1 3 
4 25 1 2 8 1 2 3 
1 9 33 2 1 
23 7 6 2 2 6 
36 7 3 
16 12 14 1 2 1 
2 42 1 1 
6 4 8 16 6 1 1 2 1 1 
13 8 2 14 2 2 2 2 1 
9 21 16 
1 13 17 12 2 1 
4 36 4 2 
4 32 8 2 
8 9 6 10 3 1 5 3 1 
1 3 18 2 2 14 2 3 1 
4 22 1 14 2 1 1 1 
11 26 8 1 
2 31 12 1 
4 21 9 9 1 2 
1 3 28 9 1 3 1 
3 32 11 
10 10 6 1 3 13 2 1 
2 37 1 5 1 
1 5 23 4 4 5 2 1 1 
2 42 1 1 
1 39 5 1 
2 40 4 
19 9 14 4 
5 26 14 1 
21 22 3 
1 28 13 3 1 
1 11 26 1 7 
5 35 6 
1 31 6 2 5 1 
3 26 6 10 1 
1 6 9 7 3 1 13 6 
1 6 7 14 2 15 1 
1 31 2 4 8 
2 27 13 2 1 1 
1 22 11 2 4 1 2 1 2 
6 19 16 3 2 
2 8 35 1 
31 12 1 2 
2 41 1 1 1 
1 30 9 2 2 2 
44 1 1 
2 17 2 24 1 
29 16 1 
46 
1 18 23 4 
4 31 7 4 
2 39 1 4 
1 7 33 4 1 
1 38 2 1 2 1 1 
1 12 23 3 3 3 1 
1 2 27 8 6 2 
3 31 12 
4 28 12 2 
3 9 26 4 4 
1 37 6 1 1 
43 1 1 1 
1 4 6 4 18 13 
44 1 1 
4 13 10 19 
6 11 18 8 3 
3 7 30 6 
46 
1 13 21 9 2 
1 32 11 2 
2 29 14 1 
4 24 11 6 1 
1 10 9 3 14 9 
2 33 11 
1 16 22 6 1 
6 9 31 
1 1 23 10 10 1 
3 4 27 1 11 
43 1 2 
2 21 3 5 5 7 3 
9 5 14 7 6 4 1 
1 21 24 
1 8 23 1 8 2 3 
1 27 2 8 5 1 1 1 
1 3 8 18 11 2 2 1 
2 14 19 6 2 1 2 
1 26 14 4 1 
22 15 7 2 
28 12 6 
3 4 39 
27 4 14 1 
1 2 32 11 
1 13 4 15 1 9 1 1 1 
7 37 2 
10 34 2 
10 9 2 17 4 1 3 
34 2 2 6 1 1 
44 2 
2 12 16 10 2 4 
1 2 39 1 2 1 
10 10 24 2 
2 9 34 1 
4 28 13 1 
45 1 
1 31 13 1 
1 11 29 3 2 
10 26 2 2 2 4 
1 16 22 7 
1 1 23 10 4 2 2 3 
17 14 12 3 
1 41 1 1 2 
8 32 1 3 1 1 
1 28 3 8 4 1 1 
2 35 9 
1 38 7 
1 3 16 22 1 2 1 
3 11 14 13 5 
2 23 16 1 1 3 
1 11 7 10 17 
9 17 12 8 
40 1 1 1 1 1 1 
1 27 1 4 2 5 1 1 1 2 1 
3 14 12 6 10 1 
42 3 1 
10 26 5 1 4 
10 33 3 
17 14 11 4 
8 7 25 5 1 
2 9 11 10 5 6 3 
1 22 16 7 
1 34 6 3 2 
2 21 23 
2 23 2 6 12 1 
2 8 25 6 4 1 
1 35 5 2 3 
12 3 11 3 1 6 1 5 2 2 
7 31 1 7 
8 11 10 4 2 9 2 
1 24 18 2 1 
1 11 2 21 11 
1 5 15 16 9 
2 18 11 12 2 1 
35 8 1 2 
4 4 7 11 14 1 1 3 1 
2 38 2 2 2 
1 33 1 10 1 
2 1 37 2 2 2 
1 29 16 
2 18 17 2 2 1 2 1 1 
19 23 1 1 2 
1 39 6 
1 5 15 4 1 7 2 8 1 1 1 
5 12 4 10 1 7 1 6 
4 20 5 14 1 1 1 
1 40 3 1 1 
1 43 1 1 
1 45 
1 36 5 1 1 2 
3 23 9 8 3 
4 38 4 
3 18 9 12 4 
5 12 13 6 3 6 1 
1 28 17 
10 20 4 7 2 2 1 
2 1 13 28 1 1 
33 1 7 5 
1 1 41 3 
17 8 15 2 2 1 1 
3 21 21 1 
1 40 3 2 
9 29 6 2 
1 42 1 2 
8 13 16 3 6 
3 40 1 1 1 
1 3 20 7 2 3 7 2 1 
38 2 6 
1 41 4 
1 6 35 1 3 
24 18 4 
1 2 29 13 1 
1 16 29 
6 11 26 1 1 1 
1 31 12 1 1 
1 10 17 4 1 6 1 2 2 2 
7 21 13 4 1 
4 14 7 8 2 10 1 
4 20 5 13 4 
14 15 12 5 
1 10 35 
1 39 2 1 2 1 
7 34 4 1 
7 30 9 
1 1 24 8 7 3 2 
5 23 10 1 3 2 1 1 
7 32 7 
9 34 2 1 
1 28 2 4 8 3 
3 36 1 2 1 1 1 1 
41 5 
4 41 1 
31 10 2 1 1 1 
13 27 2 2 1 1 
1 38 4 3 
26 9 2 4 2 1 1 1 
1 19 20 5 1 
26 16 1 2 1 
1 33 12 
2 5 10 8 8 13 
2 28 11 4 1 
2 21 20 1 1 1 
3 38 5 
6 35 3 1 1 
2 18 15 10 1 
1 1 17 14 3 6 4 
1 36 9 
1 38 7 
1 15 26 3 1 
3 2 29 3 2 4 3 
1 3 21 6 5 3 4 1 2 
5 27 10 3 1 
40 5 1 
1 2 24 19 
25 3 15 3 
1 25 10 7 2 1 
1 10 33 2 
18 1 15 7 4 1 
2 24 1 18 1 
1 8 4 10 2 14 4 3 
1 1 25 1 1 7 4 5 1 
1 20 25 
5 12 15 8 4 1 1 
42 2 2 
1 18 25 2 
2 3 8 26 6 1 
4 40 1 1 
3 43 
1 18 15 11 1 
21 2 21 1 1 
3 12 4 18 2 2 1 3 1 
2 6 19 10 4 1 3 1 
15 10 21 
1 8 34 1 1 1 
2 20 21 3 
1 38 1 4 2 
9 27 10 
2 4 29 6 3 1 1 
2 8 18 2 1 7 7 1 
3 5 5 5 21 6 1 
3 16 7 11 8 1 
1 42 1 1 1 
2 4 20 13 1 6 
3 31 4 5 1 1 1 
1 13 14 8 7 3 
8 25 13 
3 33 5 2 1 1 1 
1 5 25 14 1 
2 13 17 4 5 3 1 1 
5 11 11 16 1 1 1 
1 39 2 1 3 
1 27 18 
7 38 1 
1 9 11 16 3 3 3 
1 1 39 1 3 1 
5 1 31 3 5 1 
30 8 1 3 1 1 1 1 
1 18 2 5 16 3 1 
1 13 31 1 
45 1 
15 7 19 4 1 
45 1 
2 3 1 35 5 
3 19 21 2 1 
5 38 3 
1 29 1 15 
1 22 19 2 1 1 
2 1 35 8 
1 12 8 21 3 1 
2 4 9 21 7 1 2 
8 31 2 2 2 1 
2 41 1 1 1 
4 7 13 18 4 
8 2 26 7 2 1 
1 31 5 4 5 
46 
3 34 9 
1 34 11 
2 8 22 7 3 3 1 
1 45 
11 16 17 2 
3 7 20 6 9 1 
27 8 7 4 
25 17 1 3 
25 17 4 
1 34 11 
25 16 4 1 
7 15 10 3 6 5 
46 
4 37 3 1 1 
11 19 14 2 
12 2 2 7 17 1 2 1 1 1 
5 18 13 5 5 
46 
3 25 13 5 
1 4 5 6 1 14 5 1 2 7 
1 24 9 6 1 5 
1 13 27 4 1 
1 33 9 3 
5 3 34 1 3 
2 34 7 2 1 
1 35 9 1 
4 2 1 17 6 1 15 
3 39 2 2 
1 18 25 1 1 
1 2 32 2 2 4 3 
1 30 15 
2 31 4 8 1 
19 27 
24 11 1 1 5 1 1 1 1 
5 18 16 5 2 
1 3 18 4 1 1 9 5 3 1 
10 32 3 1 
5 12 21 8 
4 32 10 
13 9 3 8 7 2 2 2 
2 43 1 
1 38 4 2 1 
16 30 
2 13 2 12 4 9 3 1 
1 24 8 7 5 1 
8 21 17 
3 32 7 1 2 1 
1 44 1 
1 9 36 
2 6 31 1 2 3 1 
29 7 5 5 
7 11 16 8 2 1 1 
2 9 9 18 1 2 4 1 
4 1 14 1 8 2 1 9 2 3 1 
17 1 17 2 5 2 1 1 
5 3 17 21 
3 35 5 3 
2 19 3 18 1 2 1 
5 17 21 2 1 
1 34 5 1 1 1 3 
24 18 1 2 1 
45 1 
2 37 1 3 3 
4 38 4 
10 14 5 1 4 1 1 4 3 2 1 
26 5 13 1 1 
3 16 7 1 1 2 2 8 6 
2 11 22 1 7 3 
42 4 
2 37 1 3 3 
1 20 8 2 13 1 1 
6 24 2 5 1 7 1 
7 36 3 
2 38 1 5 
2 34 2 2 3 1 1 1 
1 29 8 3 4 1 
2 27 10 5 1 1 
8 9 1 21 1 3 3 
1 45 
24 21 1 
17 20 3 1 1 4 
1 7 4 27 6 1 
5 3 8 30 
6 6 29 5 
6 35 2 1 1 1 
46 
45 1 
1 17 28 
4 37 5 
9 9 4 14 1 6 3 
20 6 14 6 
4 17 24 1 
1 22 13 3 6 1 
1 26 11 2 5 1 
4 31 1 1 5 2 2 
3 43 
23 23 
2 33 11 
1 12 31 1 1 
1 27 11 7 
1 39 4 1 1 
1 17 16 4 1 6 1 
6 35 1 4 
2 43 1 
5 17 7 16 1 
1 12 19 7 1 4 2 
4 25 7 6 4 
2 23 2 2 17 
42 1 1 2 
1 28 9 2 4 2 
2 10 5 7 14 1 2 2 1 1 1 
2 19 9 3 13 
1 11 11 21 2 
2 22 19 3 
1 33 1 8 1 1 1 
38 7 1 
41 5 
8 35 1 2 
45 1 
9 14 22 1 
7 39 
1 9 18 8 5 1 3 1 
13 32 1 
2 14 21 1 6 2 
1 36 5 4 
46 
27 10 1 5 3 
2 25 1 15 2 1 
6 12 10 2 5 4 3 4 
2 31 13 
1 33 6 1 4 1 
2 30 3 5 5 1 
4 42 
1 12 4 17 7 4 1 
4 22 10 3 4 3 
6 8 21 9 2 
16 19 7 4 
4 9 20 3 7 2 1 
46 
3 29 14 
26 18 2 
10 31 1 1 1 2 
1 4 16 21 4 
4 14 22 4 1 1 
3 37 1 2 1 2 
2 24 12 2 6 
42 4 
2 43 1 
4 14 22 4 2 
1 25 18 1 1 
1 27 2 4 3 4 2 1 2 
2 17 9 13 5 
3 23 10 1 9 
6 1 23 1 8 2 1 2 1 1 
46 
5 19 22 
46 
19 18 6 3 
24 4 5 10 2 1 
6 34 2 1 3 
1 13 4 21 2 4 1 
2 38 1 2 2 1 
3 38 3 2 
1 22 6 2 15 
5 25 11 2 1 2 
45 1 
6 14 25 1 
8 1 3 31 3 
46 
1 43 1 1 
7 14 24 1 
5 22 1 4 9 5 
13 6 15 11 1 
8 23 5 2 2 5 1 
1 45 
42 3 1 
28 1 11 5 1 
4 27 4 4 6 1 
1 20 13 4 4 1 1 1 1 
1 12 11 17 1 2 2 
17 14 13 1 1 
44 1 1 
1 20 24 1 
2 44 
1 9 19 12 4 1 
3 22 20 1 
5 27 11 1 1 1 
1 8 8 2 19 8 
1 31 11 2 1 
31 10 2 1 1 1 
19 25 2 
1 10 35 
1 44 1 
1 43 2 
2 2 42 
37 4 5 
2 6 38 
2 2 20 17 4 1 
1 4 7 31 3 
4 30 10 1 1 
1 41 1 3 
6 26 1 12 1 
1 38 7 
1 20 23 2 
9 11 21 5 
3 29 10 3 1 
1 28 4 4 9 
1 42 3 
1 5 35 1 4 
5 19 18 1 2 1 
2 41 2 1 
1 8 6 11 10 6 1 2 1 
1 4 21 8 9 2 1 
7 1 21 17 
1 36 7 1 1 
1 11 30 3 1 
3 20 23 
1 26 18 1 
39 2 4 1 
8 2 5 29 2 
36 9 1 
1 15 15 1 4 5 1 4 
1 39 1 2 3 
30 9 2 5 
2 13 30 1 
34 7 5 
5 11 4 6 6 8 1 1 3 1 
1 35 3 3 4 
1 24 10 7 2 2 
4 27 7 1 3 4 
1 17 28 
2 28 12 4 
1 1 32 5 4 3 
2 25 11 5 2 1 
37 8 1 
1 30 10 5 
3 40 1 1 1 
1 44 1 
1 39 6 
45 1 
1 15 29 1 
2 40 3 1 
1 32 12 1 
1 8 16 3 3 3 5 1 4 1 1 
1 20 17 6 1 1 
2 11 8 16 3 4 2 
1 10 28 6 1 
23 22 1 
1 11 11 17 2 1 3 
1 9 30 1 2 2 1 
44 2 
2 34 5 5 
3 21 20 2 
4 30 11 1 
1 14 30 1 
1 41 2 2 
2 6 29 9 
2 30 8 5 1 
31 7 8 
19 25 2 
1 38 1 5 1 
1 42 2 1 
1 41 3 1 
2 32 2 10 
17 13 14 1 1 
6 34 2 3 1 
1 28 3 4 7 3 
1 35 9 1 
1 24 6 10 4 1 
3 32 5 1 1 3 1 
20 5 7 5 2 3 4 
1 12 24 3 6 
42 2 1 1 
23 2 9 5 3 2 2 
4 30 12 
1 39 6 
3 3 11 14 15 
1 5 22 10 1 4 1 1 1 
2 1 39 1 1 1 1 
6 18 2 19 1 
3 8 22 4 2 4 3 
1 29 12 3 1 
1 8 11 5 5 6 2 3 2 2 1 
4 39 3 
46 
1 26 3 4 5 6 1 
1 39 3 2 1 
9 30 1 4 1 1 
4 36 5 1 
42 1 1 2 
6 1 11 3 6 13 1 2 1 1 1 
7 35 1 3 
1 36 4 5 
3 13 11 3 16 
1 23 15 4 3 
30 10 1 3 2 
1 33 11 1 
1 29 13 2 1 
1 25 13 5 1 1 
2 34 2 6 2 
2 44 
3 35 8 
1 39 4 2 
25 21 
1 30 6 7 2 
2 37 3 1 3 
1 18 18 7 2 
2 5 13 25 1 
1 7 21 15 2 
1 45 
14 8 20 1 2 1 
13 8 23 2 
4 20 11 1 9 1 
5 32 3 4 1 1 
1 26 2 3 14 
1 24 9 7 4 1 
3 10 27 1 2 1 1 1 
11 15 11 1 8 
1 25 15 2 2 1 
1 10 35 
3 16 25 2 
1 38 3 2 1 1 
3 34 6 3 
1 18 4 19 4 
1 21 15 3 4 1 1 
3 25 9 7 2 
4 19 5 13 1 1 3 
12 1 27 5 1 
6 5 4 13 11 5 2 
5 15 13 12 1 
8 37 1 
1 43 1 1 
18 4 13 4 4 1 1 1 
1 42 2 1 
2 5 39 
4 17 24 1 
4 21 19 2 
1 5 18 2 8 7 2 1 2 
4 19 2 21 
1 4 3 4 20 7 3 2 1 1 
1 8 10 23 2 2 
1 9 15 7 5 5 3 1 
20 16 2 6 2 
1 31 7 5 2 
7 37 2 
17 28 1 
1 44 1 
2 38 6 
43 2 1 
2 7 2 1 26 8 
6 39 1 
4 24 18 
30 15 1 
1 16 6 22 1 
8 16 7 2 11 1 1 
1 20 12 8 4 1 
29 14 1 1 1 
1 3 17 22 2 1 
1 33 7 4 1 
43 3 
7 33 1 2 1 1 1 
15 19 8 4 
2 43 1 
18 23 5 
3 40 3 
1 13 1 11 1 11 6 2 
2 25 3 4 6 2 1 2 1 
1 39 2 4 
1 5 37 2 1 
5 8 15 16 2 
21 3 6 6 8 2 
3 29 1 7 2 4 
11 34 1 
3 34 2 4 3 
1 38 5 1 1 
1 44 1 
8 17 20 1 
3 32 11 
3 34 9 
3 22 20 1 
10 15 17 1 3 
1 2 36 6 1 
1 29 7 9 
20 24 2 
3 29 9 5 
3 25 6 8 1 1 1 1 
28 9 9 
2 1 34 4 1 3 1 
1 24 5 16 
1 4 34 3 2 2 
45 1 
1 43 1 1 
4 4 17 16 5 
8 9 15 13 1 
1 16 29 
1 39 3 3 
8 38 
1 15 17 12 1 
1 29 1 11 1 3 
12 20 10 3 1 
6 10 11 9 2 5 1 2 
1 35 10 
2 29 8 4 3 
1 23 15 2 5 
6 9 29 2 
1 38 7 
7 21 13 3 2 
1 33 12 
5 36 4 1 
3 43 
1 42 1 1 1 
17 21 1 7 
1 36 9 
8 5 28 1 2 2 
1 23 10 9 2 1 
3 32 8 2 1 
1 34 3 1 2 5 
2 36 7 1 
1 12 13 7 4 3 2 1 2 1 
1 4 16 10 14 1 
1 9 12 23 1 
1 19 7 18 1 
1 19 26 
1 25 13 3 4 
1 39 4 1 1 
5 32 8 1 
1 31 11 3 
2 35 9 
1 19 25 1 
8 26 9 1 1 1 
3 32 10 1 
5 8 10 13 3 3 3 1 
10 22 1 1 2 4 3 3 
1 18 6 11 9 1 
6 39 1 
