6 27 12 1 1 
5 36 6 
2 2 3 2 5 15 11 4 1 2 
1 28 6 9 2 1 
19 21 1 6 
3 41 2 1 
3 9 8 5 7 1 6 6 2 
1 13 20 8 2 1 2 
16 15 3 2 3 5 2 1 
20 27 
2 38 3 3 1 
13 14 6 1 1 3 9 
7 9 25 2 1 2 1 
8 15 16 5 3 
40 5 1 1 
1 22 14 4 5 1 
23 2 8 12 1 1 
1 9 5 20 9 3 
8 36 3 
1 8 38 
1 30 16 
2 23 19 2 1 
26 14 2 1 1 1 1 1 
1 29 14 1 2 
3 37 5 2 
1 1 39 2 2 2 
1 38 2 3 1 2 
1 38 3 1 3 1 
46 1 
2 9 33 2 1 
5 6 22 4 6 2 2 
7 10 30 
16 11 14 1 1 4 
25 18 2 1 1 
45 2 
1 27 15 3 1 
44 2 1 
5 13 3 14 1 3 3 1 1 2 1 
2 38 4 1 1 1 
1 10 6 2 16 8 2 2 
12 20 1 2 9 3 
1 25 21 
1 8 13 8 17 
4 39 4 
38 9 
4 28 6 9 
6 39 2 
4 22 16 4 1 
1 4 28 11 3 
47 
37 6 1 1 2 
7 27 3 7 3 
1 25 17 2 2 
1 6 27 12 1 
3 27 14 1 2 
1 31 6 7 1 1 
21 3 20 3 
1 43 2 1 
1 30 6 5 1 4 
1 23 15 3 4 1 
1 40 4 2 
2 36 8 1 
2 25 17 1 1 1 
2 29 11 4 1 
10 22 8 1 4 1 1 
1 42 4 
11 19 11 1 2 3 
3 17 26 1 
2 34 2 7 1 1 
1 32 14 
3 24 1 19 
46 1 
1 3 4 1 29 3 6 
2 3 15 1 2 21 3 
2 4 39 1 1 
3 24 16 1 2 1 
10 4 15 1 8 5 4 
2 9 35 1 
28 13 2 4 
5 32 2 6 1 1 
1 24 21 1 
1 46 
1 7 14 15 2 7 1 
2 19 5 10 10 1 
13 34 
1 11 28 1 2 2 2 
2 28 2 11 3 1 
1 38 8 
3 11 19 8 5 1 
8 25 11 2 1 
1 22 16 3 1 4 
5 15 27 
5 42 
11 28 4 4 
44 2 1 
2 19 23 2 1 
7 10 27 1 1 1 
19 9 18 1 
34 1 7 3 1 1 
1 5 40 1 
2 32 13 
3 19 22 1 1 1 
5 33 9 
1 27 2 13 1 3 
30 12 2 2 1 
22 10 14 1 
2 38 3 3 1 
1 33 13 
8 19 7 5 1 6 1 
2 29 2 7 3 4 
1 33 5 8 
2 13 16 1 8 3 4 
22 9 8 6 1 1 
1 5 10 1 6 18 1 3 1 1 
3 21 8 7 5 1 2 
3 14 6 8 9 6 1 
43 2 1 1 
1 18 4 5 11 5 2 1 
5 32 9 1 
26 14 3 1 1 1 1 
3 27 6 11 
1 16 6 16 4 1 3 
24 2 17 3 1 
1 29 7 5 4 1 
11 19 2 4 1 2 5 1 1 1 
1 21 15 8 1 1 
1 40 1 1 3 1 
15 16 15 1 
1 23 5 10 2 1 1 1 1 2 
1 41 5 
16 27 4 
3 13 13 17 1 
40 7 
47 
1 7 3 2 20 5 6 3 
6 13 22 6 
2 34 9 2 
4 42 1 
2 15 6 6 1 4 11 1 1 
1 8 4 5 8 10 3 6 1 1 
1 8 12 19 1 2 2 1 1 
2 11 2 29 2 1 
1 36 5 4 1 
14 31 1 1 
2 5 5 21 12 1 1 
1 39 7 
5 4 10 15 1 3 9 
22 3 3 9 8 1 1 
47 
6 28 1 1 4 6 1 
31 16 
1 7 39 
2 24 9 3 1 1 2 2 1 1 1 
5 17 8 13 4 
7 7 4 11 5 7 6 
1 33 7 1 2 1 1 1 
2 33 8 2 1 1 
1 15 9 5 12 1 4 
3 24 6 6 1 7 
9 32 6 
47 
1 26 4 3 6 3 3 1 
1 37 2 6 1 
17 14 9 3 4 
1 10 13 21 1 1 
2 20 8 9 2 4 2 
1 1 27 6 3 3 3 1 2 
1 26 9 10 1 
1 5 25 2 6 4 1 2 1 
21 8 7 7 4 
4 1 7 10 17 2 1 1 3 1 
3 12 32 
39 8 
5 8 28 4 1 1 
14 4 9 16 3 1 
11 1 7 28 
9 23 15 
1 1 3 22 18 1 1 
2 45 
2 44 1 
3 19 9 9 5 1 1 
1 42 1 3 
12 33 1 1 
1 21 2 7 10 3 3 
2 36 6 3 
43 4 
1 37 8 1 
6 9 25 5 2 
1 37 9 
3 17 9 13 3 1 1 
17 6 7 17 
1 10 29 4 2 1 
26 5 1 4 7 3 1 
2 16 29 
1 31 6 3 6 
1 14 15 12 5 
2 27 7 9 2 
4 16 7 16 1 3 
1 12 34 
5 10 21 11 
46 1 
7 6 32 2 
5 19 8 7 6 1 1 
1 2 12 5 6 5 2 5 5 1 3 
4 31 3 2 1 3 3 
2 43 2 
15 3 3 9 6 6 5 
1 10 3 13 15 2 2 1 
1 41 5 
1 28 7 3 2 2 3 1 
1 7 18 16 3 2 
3 34 4 5 1 
1 12 34 
3 7 24 1 6 3 2 1 
1 38 2 3 1 2 
16 28 3 
3 20 3 19 2 
1 30 2 11 2 1 
3 5 11 22 6 
8 18 10 5 5 1 
2 41 1 1 1 1 
2 19 16 10 
2 23 19 2 1 
4 26 3 4 9 1 
37 9 1 
39 6 1 1 
4 20 23 
2 26 4 2 3 1 5 3 1 
4 37 3 2 1 
2 42 2 1 
47 
1 29 3 10 3 1 
7 2 28 6 3 1 
6 12 16 12 1 
43 4 
31 5 2 1 2 3 1 1 1 
3 36 8 
2 44 1 
6 41 
1 35 10 1 
2 16 16 11 1 1 
1 14 32 
1 6 31 1 5 2 1 
1 40 6 
1 22 10 14 
13 22 9 3 
1 38 4 4 
2 13 10 14 8 
2 31 4 10 
3 4 27 4 9 
4 1 8 22 9 2 1 
8 36 1 1 1 
2 16 2 1 9 6 1 6 2 1 1 
11 5 2 6 13 3 3 1 2 1 
1 41 2 1 1 1 
1 18 8 5 11 4 
1 13 8 18 1 6 
1 28 18 
26 8 2 2 1 6 2 
10 17 20 
1 5 38 3 
2 14 8 9 7 3 4 
28 18 1 
38 7 2 
1 29 3 11 1 1 1 
2 34 1 8 2 
34 1 2 1 4 1 2 1 1 
1 39 2 5 
1 13 22 10 1 
11 30 3 2 1 
1 23 1 18 1 3 
1 2 9 29 5 1 
1 40 5 1 
3 2 25 15 1 1 
1 38 8 
1 37 4 5 
1 18 23 4 1 
2 5 20 2 2 6 3 1 4 2 
1 44 2 
2 3 35 1 5 1 
1 3 30 5 1 6 1 
1 31 12 3 
3 3 26 11 1 2 1 
2 44 1 
12 11 19 1 2 1 1 
1 14 24 3 3 2 
4 30 8 3 1 1 
18 1 4 18 3 3 
42 3 1 1 
2 11 2 15 17 
24 16 7 
37 3 1 4 2 
1 31 11 3 1 
10 35 2 
46 1 
1 23 5 8 10 
8 18 5 4 10 1 1 
1 21 13 12 
2 22 10 4 6 2 1 
1 38 8 
2 45 
1 13 28 3 1 1 
6 32 4 1 2 1 1 
11 13 2 3 4 11 3 
1 19 20 1 5 1 
16 16 9 6 
17 5 10 8 6 1 
1 2 15 22 2 4 1 
47 
7 12 5 19 1 2 1 
15 27 1 3 1 
4 3 30 9 1 
47 
3 42 2 
1 12 34 
43 1 1 1 1 
3 39 5 
1 9 1 34 2 
20 19 8 
1 39 1 6 
5 28 9 1 2 1 1 
1 16 28 2 
8 25 1 1 6 3 3 
37 3 6 1 
1 13 5 6 22 
23 10 14 
46 1 
3 29 13 1 1 
30 2 1 6 3 1 2 2 
3 25 13 1 4 1 
1 37 1 7 1 
1 22 2 16 5 1 
9 12 4 13 6 3 
34 5 3 4 1 
5 31 2 6 3 
1 22 1 12 1 1 6 3 
39 7 1 
1 41 1 3 1 
1 18 22 4 2 
4 25 2 14 1 1 
2 15 25 2 1 1 1 
1 2 11 1 18 10 4 
9 35 2 1 
2 4 6 35 
1 28 6 1 9 1 1 
20 9 18 
5 33 5 3 1 
1 30 3 1 8 2 2 
1 24 12 9 1 
1 17 16 1 7 1 2 2 
1 26 19 1 
18 1 17 5 5 1 
1 3 41 2 
1 11 35 
2 41 4 
1 14 22 10 
19 1 21 6 
1 10 30 1 5 
3 30 14 
1 8 38 
1 15 22 2 3 3 1 
5 26 16 
2 19 2 8 6 5 5 
1 37 2 4 1 1 1 
10 21 14 1 1 
1 34 12 
18 13 4 2 3 1 1 5 
1 7 2 2 9 6 12 5 3 
2 8 8 13 2 13 1 
1 19 5 22 
1 13 1 16 11 3 2 
3 17 16 11 
28 2 1 11 4 1 
2 10 23 5 7 
11 5 14 17 
1 7 16 2 4 11 2 1 3 
29 10 8 
40 1 5 1 
5 37 5 
23 8 6 8 1 1 
1 26 13 4 1 1 1 
5 28 1 5 6 2 
4 12 6 22 2 1 
1 27 12 4 1 1 1 
11 24 9 3 
1 5 40 1 
29 4 4 6 3 1 
29 3 5 2 8 
1 42 1 1 2 
24 7 15 1 
4 34 4 4 1 
44 2 1 
1 23 20 3 
2 4 13 5 17 2 1 1 1 1 
27 2 7 4 2 1 2 2 
1 31 3 4 6 1 1 
1 31 8 5 2 
6 31 3 6 1 
1 44 2 
3 4 11 14 13 1 1 
32 4 4 2 3 2 
21 2 24 
1 8 3 18 4 9 2 1 1 
5 42 
22 9 3 11 2 
1 20 6 6 3 6 5 
2 1 12 1 17 6 5 2 1 
2 5 32 7 1 
2 2 19 3 7 6 5 1 1 1 
20 4 16 4 1 2 
11 17 7 10 1 1 
2 24 3 1 3 3 1 4 3 3 
2 44 1 
1 22 3 14 4 2 1 
1 39 2 5 
1 40 1 1 1 3 
1 29 3 12 2 
1 43 1 2 
1 44 2 
12 10 11 6 7 1 
9 29 9 
26 8 1 5 7 
10 32 1 4 
4 16 11 9 7 
46 1 
3 15 29 
4 42 1 
2 30 4 11 
1 25 2 14 1 4 
47 
1 8 24 1 1 9 2 1 
4 34 7 2 
3 24 16 1 3 
31 9 7 
21 15 1 2 8 
47 
1 25 21 
3 36 8 
35 1 3 8 
1 27 4 10 4 1 
1 27 2 4 11 2 
1 6 1 39 
41 6 
12 27 1 2 5 
9 16 22 
2 1 18 3 17 5 1 
46 1 
6 19 18 2 2 
2 30 10 5 
34 2 8 2 1 
41 6 
1 43 2 1 
3 40 4 
1 44 2 
1 44 2 
1 13 10 1 2 11 1 2 3 3 
1 25 12 7 2 
1 2 40 2 2 
1 35 11 
1 18 16 4 5 2 1 
2 5 23 13 3 1 
1 6 32 5 3 
1 38 8 
10 23 10 4 
1 17 10 14 5 
1 43 2 1 
1 28 11 1 1 1 2 1 1 
1 39 7 
1 42 4 
1 8 23 6 7 1 1 
47 
2 25 20 
2 41 3 1 
1 43 3 
4 10 20 13 
23 5 4 13 1 1 
1 12 30 2 1 1 
1 7 39 
1 40 4 2 
3 28 16 
2 9 2 1 4 17 8 1 2 1 
47 
11 18 4 3 3 6 2 
1 9 17 9 2 4 3 2 
33 8 6 
2 33 8 3 1 
1 32 4 7 1 2 
6 20 17 4 
2 36 7 1 1 
9 36 1 1 
3 19 14 8 3 
1 43 1 1 1 
1 44 1 1 
2 13 8 1 10 10 3 
3 23 17 2 2 
5 37 3 1 1 
1 25 21 
1 20 2 7 17 
37 1 5 4 
1 10 21 12 1 1 1 
1 30 16 
1 38 3 2 3 
1 23 20 1 2 
10 12 12 8 3 1 1 
1 29 15 1 1 
1 1 19 13 12 1 
1 31 9 6 
1 17 20 3 6 
1 9 33 3 1 
13 28 1 5 
7 2 5 26 2 1 1 1 1 1 
1 26 16 2 1 1 
4 21 9 2 11 
1 45 1 
2 25 5 3 9 2 1 
43 1 3 
9 19 1 14 2 2 
14 25 8 
1 23 15 6 2 
3 26 18 
3 2 30 1 10 1 
2 33 9 3 
3 37 1 2 1 2 1 
6 15 23 3 
11 15 17 1 2 1 
6 20 9 5 2 5 
2 2 14 7 2 3 17 
10 14 13 6 1 1 2 
2 5 6 29 1 3 1 
26 17 3 1 
1 11 35 
3 30 12 1 1 
1 40 6 
1 6 35 5 
1 40 1 4 1 
18 15 14 
22 8 5 2 3 4 1 1 1 
1 32 14 
31 6 1 5 1 3 
30 2 6 5 4 
1 16 8 4 7 3 8 
9 35 3 
1 3 6 1 13 13 2 5 3 
1 37 8 1 
2 35 4 3 1 2 
2 3 2 9 1 13 8 5 4 
1 15 14 4 1 7 3 1 1 
5 33 9 
1 25 21 
19 7 6 7 6 2 
2 31 14 
1 40 6 
13 15 17 2 
3 32 12 
4 42 1 
1 37 5 4 
2 40 2 2 1 
10 30 2 5 
1 12 34 
2 25 19 1 
2 18 17 10 
15 30 1 1 
13 15 18 1 
22 6 1 1 3 4 3 5 1 1 
1 26 7 1 2 7 2 1 
1 8 29 2 1 6 
3 18 19 1 2 4 
5 28 14 
16 15 15 1 
2 33 8 4 
5 18 19 4 1 
2 9 27 2 2 2 2 1 
1 3 5 30 4 1 3 
47 
2 14 31 
16 29 2 
2 44 1 
1 9 7 30 
2 25 19 1 
4 20 8 11 1 2 1 
1 23 13 9 1 
15 29 2 1 
26 16 4 1 
2 3 9 16 2 10 1 1 1 2 
20 19 4 2 2 
38 5 4 
8 14 19 2 4 
3 36 3 4 1 
8 37 2 
8 34 5 
1 25 15 3 1 1 1 
1 2 42 2 
1 7 2 22 1 9 4 1 
4 42 1 
6 18 11 12 
4 9 11 2 11 8 2 
1 39 3 2 2 
45 1 1 
1 36 1 2 7 
1 12 34 
1 2 24 5 8 1 6 
1 11 33 2 
10 26 8 1 2 
5 26 2 13 1 
22 1 22 1 1 
2 35 3 4 2 1 
4 12 19 1 6 5 
37 2 4 4 
3 31 10 2 1 
6 29 10 1 1 
13 8 2 2 15 4 2 1 
3 19 23 2 
1 30 14 2 
2 30 7 5 1 2 
47 
1 17 7 11 5 6 
29 3 8 5 2 
14 11 18 2 1 1 
17 30 
2 32 1 11 1 
2 18 2 5 1 4 3 8 4 
23 4 2 7 10 1 
27 7 10 3 
1 33 5 3 3 2 
7 16 12 12 
4 12 28 1 1 1 
7 15 23 1 1 
3 42 1 1 
6 38 3 
1 43 2 1 
1 2 18 15 2 7 1 1 
1 10 35 1 
46 1 
2 12 17 16 
1 29 16 1 
25 14 7 1 
1 15 3 9 4 3 5 7 
4 30 5 8 
1 46 
2 39 1 2 2 1 
1 28 18 
12 23 1 8 2 1 
15 11 12 3 2 4 
1 8 3 12 7 10 2 2 2 
1 5 21 18 1 1 
1 23 4 12 6 1 
1 44 2 
31 4 12 
2 26 19 
12 33 1 1 
17 17 2 8 1 1 1 
26 10 7 2 2 
1 31 4 1 5 2 1 1 1 
45 2 
12 27 7 1 
1 16 26 3 1 
2 34 9 1 1 
2 8 29 7 1 
2 32 7 6 
13 2 31 1 
1 14 5 11 7 5 4 
3 15 17 3 9 
1 8 25 5 4 1 2 1 
1 30 11 3 2 
10 3 31 1 2 
45 2 
2 35 8 1 1 
3 1 15 6 9 3 10 
2 17 7 3 4 7 5 1 1 
11 28 8 
1 30 8 6 2 
5 4 25 7 4 1 1 
8 36 3 
1 44 1 1 
3 34 9 1 
4 39 1 3 
2 7 26 8 1 2 1 
1 20 9 14 2 1 
5 14 17 9 2 
3 43 1 
1 17 8 17 2 2 
14 7 4 2 9 8 2 1 
2 29 6 10 
4 36 1 6 
1 9 6 1 13 6 9 1 1 
1 23 22 1 
21 7 4 2 9 3 1 
12 1 6 22 5 1 
1 43 2 1 
1 43 1 1 1 
6 17 6 16 1 1 
9 37 1 
1 30 3 13 
1 28 18 
47 
2 3 5 31 6 
47 
1 7 36 3 
7 23 12 5 
1 39 2 1 3 1 
3 21 8 10 2 3 
2 41 1 2 1 
1 32 13 1 
3 15 10 19 
1 2 26 15 3 
2 42 3 
1 39 1 3 1 1 1 
4 24 11 3 1 1 2 1 
4 32 9 2 
1 43 3 
6 38 1 1 1 
2 27 11 4 3 
2 5 15 6 3 3 12 1 
2 32 13 
31 13 1 2 
6 36 2 3 
1 39 7 
1 18 16 6 6 
3 6 13 7 1 8 7 2 
6 29 12 
2 28 4 6 3 1 1 1 1 
1 41 5 
15 26 1 3 2 
1 4 6 12 23 1 
1 40 1 3 1 1 
1 13 11 15 5 1 1 
1 36 8 1 1 
21 6 16 2 1 1 
7 2 36 1 1 
2 21 6 13 3 1 1 
2 39 1 1 1 1 2 
3 6 22 12 4 
11 18 7 6 2 1 1 1 
23 5 7 11 1 
1 34 1 1 2 8 
11 5 2 12 12 3 2 
30 3 6 7 1 
1 27 17 1 1 
3 30 3 10 1 
2 5 11 9 13 2 2 3 
3 9 6 5 14 6 4 
1 33 4 8 1 
1 42 2 2 
41 4 2 
5 40 1 1 
2 34 10 1 
1 12 9 11 2 2 9 1 
28 4 15 
5 33 2 5 1 1 
36 9 2 
16 12 11 6 2 
4 18 21 3 1 
15 24 8 
4 39 4 
1 18 27 1 
2 24 14 1 1 4 1 
40 3 1 2 1 
1 16 28 2 
15 26 4 2 
1 45 1 
1 9 17 1 6 3 10 
1 25 12 8 1 
2 9 32 3 1 
5 16 26 
17 28 1 1 
5 29 12 1 
3 9 1 30 4 
8 30 3 4 2 
46 1 
1 5 8 13 10 4 6 
1 41 5 
5 20 21 1 
1 42 1 2 1 
25 21 1 
11 29 6 1 
3 10 34 
3 12 10 13 2 5 1 1 
15 25 3 3 1 
1 6 32 5 3 
5 23 3 7 4 4 1 
6 13 28 
5 26 2 8 2 3 1 
14 13 18 1 1 
1 16 7 14 6 1 1 1 
38 4 3 1 1 
7 4 18 1 15 1 1 
44 1 2 
12 6 23 1 2 2 1 
2 25 11 1 4 2 2 
2 38 4 1 1 1 
2 10 19 9 7 
30 3 6 5 1 2 
5 16 11 6 9 
9 13 21 2 2 
1 14 32 
47 
44 1 1 1 
6 8 14 1 18 
3 8 13 6 5 2 10 
47 
1 33 13 
7 30 5 2 3 
2 39 5 1 
2 21 15 5 4 
3 15 14 3 7 2 1 2 
1 34 1 2 5 4 
3 24 20 
36 11 
1 5 4 26 1 4 2 4 
1 3 43 
1 33 12 1 
2 1 40 2 2 
1 42 3 1 
1 17 16 1 9 1 2 
6 9 1 16 8 4 3 
3 41 1 1 1 
4 38 5 
47 
1 36 7 1 2 
1 3 26 1 2 2 7 2 2 1 
1 20 12 9 3 1 1 
1 16 27 2 1 
22 7 8 5 4 1 
1 27 16 3 
2 8 13 12 12 
1 5 37 2 1 1 
30 5 5 7 
1 27 2 14 2 1 
2 44 1 
6 16 25 
1 4 10 24 4 4 
1 30 7 4 3 1 1 
2 35 10 
14 32 1 
40 2 2 2 1 
2 21 7 9 7 1 
2 36 8 1 
40 2 5 
1 2 28 10 3 2 1 
3 6 11 23 1 1 2 
43 2 1 1 
47 
1 34 10 1 1 
1 2 20 2 22 
10 31 6 
12 5 17 4 3 1 2 3 
3 30 14 
6 20 1 8 4 1 7 
2 25 3 17 
1 26 1 12 3 1 3 
6 32 9 
2 9 30 1 3 1 1 
3 6 26 6 3 1 1 1 
1 13 14 19 
9 15 11 10 1 1 
25 9 1 5 3 1 3 
1 36 10 
1 26 13 7 
1 5 31 7 3 
9 37 1 
2 21 9 8 6 1 
1 29 10 7 
5 28 13 1 
28 8 5 6 
2 26 10 1 6 1 1 
2 45 
1 39 7 
5 5 4 21 3 7 2 
9 5 3 7 19 3 1 
1 2 32 9 3 
1 36 8 2 
2 13 21 2 7 1 1 
2 38 1 5 1 
2 27 18 
25 17 2 3 
1 20 8 16 1 1 
1 23 6 14 1 1 1 
1 43 3 
2 3 24 11 5 1 1 
21 26 
1 10 29 7 
2 4 15 5 4 3 2 2 5 1 1 1 2 
36 7 3 1 
1 34 2 5 3 1 1 
5 4 36 1 1 
10 4 15 7 11 
1 27 19 
3 23 5 4 1 9 2 
2 4 22 15 4 
11 18 12 4 2 
2 11 29 1 3 1 
7 29 9 2 
8 19 2 7 5 2 1 1 2 
1 3 8 22 4 5 1 1 1 1 
19 7 5 3 13 
15 11 5 8 6 2 
3 23 1 8 2 2 2 1 3 2 
2 20 4 21 
3 34 6 2 2 
41 1 4 1 
1 15 5 15 1 8 1 1 
4 5 1 12 12 2 7 4 
1 7 20 12 7 
3 16 20 7 1 
1 28 10 5 2 1 
12 30 3 2 
1 41 2 1 2 
2 23 4 4 14 
3 29 4 2 6 2 1 
1 29 11 5 1 
3 6 6 3 8 3 6 1 7 4 
10 13 20 4 
6 27 10 3 1 
23 23 1 
16 15 5 2 1 6 1 1 
1 1 36 8 1 
24 4 17 2 
11 3 13 20 
1 13 15 4 10 2 2 
3 4 21 14 5 
47 
8 37 1 1 
14 22 1 4 6 
1 36 3 7 
1 24 1 4 2 6 4 5 
2 41 1 3 
4 2 12 26 1 1 1 
5 14 8 12 5 1 2 
3 27 10 5 2 
8 14 4 10 4 2 2 2 1 
1 39 3 3 1 
1 45 1 
1 20 10 3 2 8 3 
3 16 20 6 1 1 
3 39 1 4 
5 35 1 1 5 
2 19 6 8 8 2 2 
17 25 4 1 
20 20 4 3 
19 3 6 2 9 2 1 4 1 
11 25 7 3 1 
4 35 2 5 1 
13 4 30 
1 8 20 8 4 3 2 1 
2 35 6 3 1 
1 33 3 8 2 
10 28 9 
1 42 2 1 1 
45 1 1 
1 6 10 1 2 6 17 4 
19 8 6 1 11 2 
1 25 2 19 
1 33 3 7 3 
2 33 11 1 
2 11 24 1 4 1 1 1 2 
10 25 9 2 1 
5 39 3 
16 11 18 1 1 
5 42 
8 12 15 5 6 1 
6 34 7 
1 11 1 28 3 3 
5 41 1 
2 22 11 12 
44 3 
42 3 1 1 
1 32 3 4 1 1 4 1 
5 6 5 1 11 1 13 3 2 
2 33 4 4 3 1 
1 26 2 11 4 1 2 
1 28 18 
3 31 7 3 2 1 
2 28 6 11 
1 28 10 1 3 3 1 
1 37 8 1 
14 2 17 5 1 7 1 
3 6 1 36 1 
1 19 12 6 3 3 2 1 
1 45 1 
3 42 1 1 
1 27 19 
47 
2 43 2 
7 4 16 12 8 
1 18 15 3 4 1 1 2 1 1 
1 5 37 1 1 2 
8 39 
1 46 
9 18 20 
19 26 2 
1 23 6 17 
1 12 1 25 7 1 
1 26 19 1 
30 2 6 8 1 
1 32 14 
1 36 9 1 
3 7 19 18 
5 40 2 
3 43 1 
16 20 10 1 
1 32 7 6 1 
8 25 4 8 2 
1 11 27 3 5 
1 37 3 6 
5 28 11 1 1 1 
1 17 7 17 3 2 
1 37 9 
2 2 17 25 1 
11 1 17 4 5 2 4 1 2 
1 1 13 30 2 
1 16 28 2 
4 24 8 8 3 
21 17 4 3 2 
1 31 15 
1 33 4 3 3 3 
1 33 7 6 
2 12 3 24 5 1 
41 3 2 1 
24 23 
1 32 11 1 2 
26 17 1 1 1 1 
2 31 2 12 
1 10 3 15 5 2 2 1 7 1 
17 15 4 3 8 
13 20 14 
1 30 8 7 1 
1 44 1 1 
1 39 7 
41 5 1 
11 14 19 1 1 1 
2 5 20 17 3 
1 44 2 
1 16 25 1 1 3 
2 29 10 2 3 1 
15 5 20 6 1 
1 1 11 1 20 6 7 
4 40 3 
1 18 24 3 1 
42 3 1 1 
1 46 
8 12 14 12 1 
1 43 3 
1 42 1 1 2 
33 3 10 1 
1 10 4 2 1 9 13 1 4 1 1 
1 44 2 
1 44 2 
39 4 4 
46 1 
1 2 4 28 3 9 
3 24 4 9 2 3 2 
2 31 7 7 
5 39 2 1 
1 17 1 18 3 4 1 2 
1 16 13 6 5 1 2 1 1 1 
8 18 1 19 1 
1 3 35 4 4 
1 42 4 
37 8 2 
1 20 8 3 12 2 1 
1 2 44 
1 24 22 
9 29 4 3 2 
1 15 17 10 4 
39 8 
1 6 25 13 1 1 
37 8 2 
4 3 20 14 6 
1 37 9 
1 37 9 
30 4 7 6 
1 41 4 1 
8 21 13 2 3 
1 34 3 6 2 1 
1 38 5 1 2 
8 14 14 1 10 
1 40 5 1 
1 41 3 1 1 
1 1 3 18 23 1 
2 17 1 18 9 
1 16 13 16 1 
2 35 6 2 2 
1 28 18 
8 8 31 
22 20 4 1 
8 16 14 6 3 
2 11 9 11 13 1 
2 43 1 1 
1 5 30 4 6 1 
2 42 2 1 
3 17 27 
12 17 15 1 2 
1 25 11 10 
1 35 9 2 
1 3 29 3 10 1 
1 9 37 
1 39 7 
20 6 21 
17 13 8 2 4 1 1 1 
4 10 13 8 9 3 
1 30 8 5 2 1 
7 11 15 8 6 
6 4 25 6 2 1 1 1 1 
2 8 1 2 18 9 6 1 
32 7 8 
1 32 14 
10 34 2 1 
1 36 10 
2 15 20 5 2 3 
2 4 25 2 14 
7 19 11 4 1 3 2 
1 44 2 
2 15 27 2 1 
5 23 19 
1 37 3 3 2 1 
1 3 3 20 4 4 11 1 
3 3 1 25 3 10 2 
5 10 31 1 
1 35 10 1 
1 36 9 1 
12 15 17 2 1 
1 4 15 16 1 10 
24 17 6 
1 21 3 14 4 1 2 1 
1 28 17 1 
4 2 13 18 8 2 
18 28 1 
1 33 11 1 1 
1 7 10 10 13 6 
4 10 12 1 12 6 2 
1 39 3 3 1 
47 
1 26 4 4 5 4 3 
1 12 7 9 12 2 4 
23 2 14 5 2 1 
1 20 20 5 1 
1 43 1 1 1 
2 40 5 
2 30 7 3 2 3 
10 15 18 2 2 
5 17 20 4 1 
2 5 7 8 22 2 1 
3 14 22 7 1 
21 19 6 1 
46 1 
9 16 7 6 9 
29 7 3 4 1 2 1 
43 4 
3 12 17 12 2 1 
13 19 15 
12 21 1 11 2 
1 24 19 3 
43 1 1 1 1 
1 24 3 14 5 
4 5 12 18 1 1 2 1 1 1 1 
3 37 5 1 1 
2 2 34 3 6 
31 9 7 
1 17 28 1 
1 29 15 1 1 
1 22 14 3 5 1 1 
1 24 19 3 
47 
1 3 27 4 9 3 
1 31 7 3 2 3 
1 22 1 20 2 1 
3 33 10 1 
33 7 4 3 
1 17 12 16 1 
1 11 13 3 17 1 1 
1 38 8 
11 23 5 2 6 
2 37 3 3 2 
34 11 2 
1 16 4 16 4 2 3 1 
47 
3 20 7 7 10 
4 2 13 2 16 6 4 
1 21 9 2 1 3 2 4 1 3 
1 10 24 9 2 1 
1 45 1 
1 38 4 1 2 1 
47 
2 37 1 2 5 
1 44 1 1 
11 34 2 
2 9 5 14 6 3 4 1 3 
46 1 
1 33 13 
7 30 10 
2 22 14 6 1 1 1 
6 25 16 
18 20 6 3 
47 
12 8 13 6 1 6 1 
20 10 4 5 4 1 3 
1 16 13 9 8 
2 34 11 
10 11 6 16 2 1 1 
9 9 29 
4 32 2 7 2 
2 6 21 18 
1 2 9 14 20 1 
1 29 15 1 1 
2 24 21 
1 8 5 4 8 13 3 4 1 
1 35 9 1 1 
1 8 24 14 
19 3 3 8 14 
1 12 13 4 5 7 1 2 1 1 
1 32 10 2 2 
1 35 11 
1 1 7 7 21 5 4 1 
1 12 20 6 5 2 1 
2 36 9 
4 41 2 
1 13 24 9 
3 26 1 8 2 1 1 1 3 1 
1 5 26 1 6 8 
13 2 15 4 13 
2 24 19 1 1 
8 23 16 
1 19 3 2 8 8 3 3 
33 4 10 
3 38 6 
31 1 2 5 7 1 
44 2 1 
2 43 1 1 
8 34 5 
6 25 4 12 
1 9 16 8 8 2 1 2 
14 33 
16 26 5 
42 1 3 1 
1 16 23 6 1 
1 37 1 7 1 
1 5 8 32 1 
3 3 13 7 8 4 4 5 
4 29 12 2 
1 26 20 
1 13 28 1 3 1 
10 4 6 4 4 14 5 
12 33 2 
1 35 10 1 
1 28 16 2 
4 43 
1 32 14 
1 15 31 
2 20 11 10 1 1 1 1 
2 38 5 2 
39 8 
1 4 11 10 3 9 1 3 2 2 1 
1 45 1 
7 6 31 2 1 
3 22 19 2 1 
8 33 6 
3 43 1 
3 4 1 13 23 1 2 
7 25 14 1 
1 33 13 
1 35 10 1 
1 37 1 6 1 1 
1 41 3 1 1 
4 38 5 
1 42 4 
5 37 5 
47 
47 
40 6 1 
6 33 8 
3 29 7 4 2 1 1 
3 35 9 
25 18 4 
2 22 3 12 6 2 
1 17 4 3 14 7 1 
1 17 8 10 1 5 4 1 
2 18 19 3 1 2 2 
31 1 6 1 8 
1 38 7 1 
43 1 1 2 
5 10 17 3 3 6 3 
1 36 1 9 
1 37 1 8 
2 38 3 3 1 
1 7 31 8 
3 22 22 
18 21 1 1 1 2 1 1 1 
6 24 16 1 
1 10 12 8 7 7 2 
11 13 23 
36 7 4 
11 14 21 1 
46 1 
2 18 10 6 4 3 1 1 1 1 
1 12 8 24 2 
5 10 28 3 1 
23 13 11 
1 6 9 6 13 4 3 1 4 
4 17 17 3 2 1 2 1 
2 30 15 
15 3 29 
4 24 14 3 2 
1 1 26 10 9 
1 12 24 9 1 
42 5 
8 23 14 2 
3 37 1 4 1 1 
22 15 10 
1 15 10 12 7 2 
28 15 4 
5 23 17 1 1 
19 18 10 
22 17 8 
3 26 16 1 1 
47 
11 32 4 
2 17 13 5 1 4 2 3 
18 7 18 1 3 
31 1 7 4 4 
7 8 6 25 1 
4 36 2 1 3 1 
2 44 1 
46 1 
1 14 1 22 3 4 2 
29 16 1 1 
4 30 8 1 1 1 2 
2 14 6 5 12 3 1 4 
2 26 17 2 
10 26 5 1 4 1 
2 11 29 5 
1 28 18 
46 1 
1 24 9 9 2 2 
1 16 21 9 
1 27 10 6 3 
19 26 1 1 
5 33 5 1 2 1 
2 25 8 7 5 
2 17 23 4 1 
25 22 
3 34 2 2 2 4 
8 33 3 2 1 
2 6 19 14 5 1 
9 23 1 5 7 1 1 
1 12 11 3 2 2 9 1 6 
20 18 8 1 
1 44 1 1 
2 38 3 4 
25 13 9 
29 12 5 1 
9 31 1 2 2 1 1 
41 4 2 
1 22 19 5 
1 39 5 1 1 
2 42 1 1 1 
2 4 13 9 5 9 4 1 
11 19 4 6 7 
1 32 14 
4 9 9 15 4 4 1 1 
1 4 19 8 9 6 
22 1 10 6 7 1 
1 14 3 26 3 
2 36 9 
12 8 6 12 5 3 1 
2 45 
3 19 11 4 8 2 
5 22 9 9 1 1 
1 5 39 1 1 
1 10 22 12 1 1 
1 34 1 2 4 4 1 
3 21 16 5 1 1 
2 35 4 4 2 
9 30 7 1 
4 39 4 
1 25 6 8 2 5 
3 14 18 4 5 3 
2 29 16 
2 30 14 1 
1 29 13 2 2 
1 11 2 33 
1 41 4 1 
1 2 44 
1 41 4 1 
2 22 6 17 
1 17 16 2 8 1 2 
36 10 1 
3 25 15 4 
1 24 3 16 1 2 
1 6 3 15 4 12 6 
1 34 4 3 1 1 2 1 
47 
7 4 29 2 1 1 3 
10 18 16 1 2 
1 25 20 1 
1 4 14 8 4 8 3 2 2 1 
35 11 1 
1 22 8 9 1 4 2 
3 22 8 8 1 2 1 1 1 
2 45 
2 26 3 15 1 
6 4 5 2 11 12 4 2 1 
9 18 6 7 2 1 2 1 1 
4 41 2 
1 30 3 2 8 2 1 
1 33 13 
4 29 10 2 2 
4 13 23 3 2 1 1 
47 
14 8 17 4 4 
7 1 26 5 6 1 1 
1 29 1 1 14 1 
7 22 18 
1 22 22 2 
1 27 16 1 2 
29 14 1 3 
1 40 5 1 
1 15 27 2 2 
6 14 6 7 12 1 1 
1 34 2 10 
38 5 4 
38 6 1 1 1 
4 31 1 4 2 3 1 1 
1 1 10 2 8 21 1 1 2 
3 8 4 11 19 1 1 
7 9 5 13 11 1 1 
3 14 8 4 12 1 2 2 1 
37 2 3 3 2 
11 9 18 8 1 
1 18 27 1 
1 42 1 2 1 
1 2 32 2 1 2 3 2 2 
2 16 2 14 4 2 2 3 1 1 
10 18 6 10 2 1 
1 31 15 
20 2 17 4 3 1 
1 8 2 6 4 8 17 1 
4 42 1 
1 3 8 18 1 6 1 4 1 1 2 1 
36 4 1 2 4 
3 18 1 17 5 3 
3 7 16 10 8 2 1 
4 37 4 1 1 
1 42 4 
1 34 8 4 
2 25 16 2 2 
1 40 1 1 3 1 
1 25 10 4 5 1 1 
2 6 21 3 2 13 
1 26 11 9 
2 33 4 1 5 2 
4 25 18 
3 37 7 
1 34 12 
9 13 15 3 6 1 
2 45 
3 5 22 4 8 2 1 2 
46 1 
29 15 3 
1 37 4 4 1 
1 35 8 2 1 
2 33 6 5 1 
15 9 1 4 2 1 13 1 1 
4 33 4 1 4 1 
1 7 21 1 2 15 
4 5 35 3 
4 36 6 1 
1 40 6 
2 10 17 11 6 1 
1 3 1 35 2 4 1 
1 21 8 16 1 
10 29 2 5 1 
1 5 38 3 
45 2 
10 23 4 3 3 3 1 
1 15 3 2 6 3 4 8 4 1 
2 12 30 3 
46 1 
43 1 2 1 
1 31 7 1 1 4 1 1 
1 16 15 8 3 3 1 
9 28 10 
45 1 1 
16 29 1 1 
1 30 2 10 4 
4 24 8 4 1 3 1 2 
2 21 18 4 1 1 
2 44 1 
16 10 14 5 1 1 
17 5 6 18 1 
4 30 13 
2 40 4 1 
4 34 8 1 
3 11 4 21 8 
17 24 1 2 1 1 1 
1 28 2 15 1 
15 25 4 1 2 
7 24 6 5 1 1 1 2 
1 26 5 13 1 1 
11 19 17 
20 26 1 
20 22 2 2 1 
2 41 4 
40 1 2 1 3 
10 3 27 2 3 2 
1 8 25 4 1 2 3 3 
1 25 13 6 1 1 
34 6 4 1 2 
1 19 17 6 3 1 
2 1 20 24 
2 28 13 4 
1 29 17 
1 6 5 24 3 3 1 1 3 
34 10 1 1 1 
1 8 19 10 2 7 
16 11 18 2 
47 
3 5 34 3 2 
1 30 7 1 3 1 2 1 1 
7 11 25 4 
1 23 18 3 2 
3 25 15 4 
1 5 12 5 22 2 
6 6 35 
1 46 
1 11 35 
35 2 6 3 1 
1 45 1 
12 25 10 
3 22 5 12 1 1 2 1 
1 9 20 7 4 6 
7 5 35 
1 3 2 39 1 1 
3 27 17 
1 43 3 
1 45 1 
38 1 2 6 
3 32 4 4 4 
2 31 5 4 2 1 1 1 
46 1 
47 
1 41 2 2 1 
47 
1 20 12 1 8 2 3 
1 10 6 2 19 9 
3 27 11 6 
21 9 12 4 1 
1 41 4 1 
4 34 4 4 1 
4 22 21 
2 38 3 3 1 
21 4 9 11 2 
1 40 6 
2 24 5 12 3 1 
46 1 
8 37 2 
3 28 16 
2 10 17 7 10 1 
14 28 4 1 
47 
2 20 1 12 1 4 2 2 1 1 1 
10 2 1 34 
2 24 13 2 1 4 1 
2 32 2 8 2 1 
3 8 28 5 3 
1 7 3 25 4 5 1 1 
1 20 12 13 1 
1 32 10 1 3 
7 24 13 2 1 
10 3 27 6 1 
1 43 2 1 
25 1 15 4 1 1 
3 20 1 5 3 7 2 1 4 1 
4 40 2 1 
1 14 7 18 6 1 
32 6 3 4 2 
7 14 21 3 1 1 
31 5 6 2 1 1 1 
1 41 5 
14 6 24 1 2 
3 31 12 1 
3 20 11 13 
42 5 
3 31 3 8 1 1 
4 13 13 2 15 
1 7 34 1 3 1 
1 13 9 20 2 1 1 
1 43 2 1 
5 7 3 28 1 2 1 
31 2 12 1 1 
10 21 14 2 
19 2 3 12 5 2 2 1 1 
1 35 3 7 1 
1 1 45 
2 3 3 30 1 2 6 
6 4 6 12 19 
1 10 10 2 24 
1 42 1 3 
14 19 7 7 
1 38 6 1 1 
2 6 36 3 
7 31 7 1 1 
34 8 4 1 
1 37 9 
9 10 28 
1 33 12 1 
1 19 20 1 2 1 1 1 1 
1 27 5 2 5 1 2 4 
1 18 12 9 6 1 
1 45 1 
5 13 6 11 7 1 1 1 2 
1 25 6 8 5 1 1 
1 19 27 
40 3 4 
1 45 1 
1 12 19 9 6 
44 1 1 1 
1 25 21 
1 45 1 
1 2 23 15 5 1 
1 34 9 2 1 
2 20 12 10 3 
3 1 26 8 3 1 2 3 
2 45 
2 34 4 6 1 
17 6 12 5 7 
1 41 2 1 1 1 
1 14 24 7 1 
1 19 27 
1 22 1 8 2 8 2 2 1 
1 25 14 1 3 2 1 
7 32 8 
2 12 21 5 2 5 
1 21 12 6 7 
19 12 14 1 1 
1 9 25 2 10 
1 4 19 18 1 3 1 
32 11 2 2 
2 33 3 4 2 3 
1 14 9 3 5 15 
2 18 26 1 
1 38 8 
43 3 1 
1 15 31 
17 8 4 11 7 
3 37 1 2 2 2 
1 42 4 
3 28 15 1 
31 14 2 
4 7 5 26 3 1 1 
3 31 2 5 5 1 
1 14 3 11 11 1 3 3 
47 
5 12 10 13 6 1 
3 39 4 1 
3 18 9 11 6 
2 22 9 7 1 6 
1 36 3 1 2 4 
1 38 6 1 1 
1 4 35 5 1 1 
1 3 38 4 1 
1 35 1 1 3 6 
3 9 13 3 7 5 3 4 
17 17 13 
5 35 7 
47 
21 26 
45 1 1 
25 6 5 11 
1 21 2 14 5 4 
45 2 
1 40 4 2 
4 8 7 6 2 13 2 2 3 
10 4 23 4 4 1 1 
1 1 14 2 3 15 8 1 2 
3 29 13 2 
1 10 16 14 5 1 
1 17 21 6 1 1 
3 43 1 
13 31 2 1 
1 39 4 2 1 
45 1 1 
1 17 1 14 4 8 2 
1 29 1 7 9 
1 43 2 1 
9 37 1 
1 44 2 
32 6 7 2 
14 31 1 1 
1 22 13 8 1 1 1 
8 31 7 1 
4 30 9 3 1 
1 32 5 1 4 2 2 
2 42 2 1 
2 25 10 3 5 1 1 
1 35 3 7 1 
1 39 1 4 1 1 
1 41 3 1 1 
6 37 1 2 1 
6 27 3 7 3 1 
20 23 4 
1 27 5 12 1 1 
2 8 32 2 2 1 
4 35 1 7 
46 1 
5 22 4 6 1 2 4 1 2 
1 3 9 10 2 14 2 5 1 
3 30 13 1 
10 29 7 1 
1 14 3 7 14 4 1 2 1 
1 35 11 
42 2 1 1 1 
1 46 
1 4 30 5 7 
32 5 9 1 
1 1 12 32 1 
17 8 19 3 
1 33 11 1 1 
3 15 3 1 10 8 3 2 2 
1 38 2 1 5 
1 33 2 7 2 1 1 
3 23 20 1 
2 17 28 
1 14 19 5 3 4 1 
1 16 29 1 
45 2 
4 21 22 
3 4 15 12 3 9 1 
8 27 8 1 3 
17 25 5 
1 39 5 2 
1 28 18 
44 2 1 
33 2 12 
1 40 1 2 3 
46 1 
10 36 1 
9 21 8 5 1 2 1 
1 43 3 
6 20 3 8 5 4 1 
1 24 19 3 
46 1 
1 33 6 3 3 1 
1 35 3 1 3 2 2 
1 38 4 4 
7 28 6 6 
1 13 29 4 
1 11 31 1 3 
2 26 6 4 4 2 1 1 1 
2 11 5 19 2 8 
1 31 8 5 2 
1 19 9 11 1 1 2 1 2 
3 6 26 6 3 2 1 
1 45 1 
4 38 3 2 
20 15 12 
3 14 17 10 1 1 1 
7 39 1 
1 10 31 5 
1 10 36 
17 22 7 1 
1 12 32 2 
2 34 9 1 1 
1 44 2 
1 36 9 1 
1 9 18 2 3 4 9 1 
1 45 1 
1 4 33 1 2 5 1 
17 26 1 3 
1 35 11 
2 21 5 15 1 3 
46 1 
23 11 1 12 
47 
2 33 10 1 1 
1 12 6 14 8 4 1 1 
1 11 5 2 23 4 1 
8 30 9 
27 9 5 2 4 
7 31 5 2 2 
1 33 10 3 
44 1 1 1 
1 36 6 2 2 
10 26 5 6 
1 31 15 
9 7 2 27 2 
39 1 7 
6 11 13 9 7 1 
17 4 16 6 2 1 1 
2 12 10 8 2 12 1 
1 21 7 14 3 1 
43 1 1 1 1 
8 14 24 1 
15 15 12 3 2 
31 12 4 
1 40 2 3 1 
47 
1 38 8 
1 10 31 2 3 
13 2 21 10 1 
1 26 13 6 1 
1 32 4 10 
2 24 13 8 
4 15 20 1 1 5 1 
1 41 5 
4 30 1 11 1 
3 30 9 1 1 2 1 
1 41 3 1 1 
32 2 5 5 1 1 1 
2 21 19 3 2 
5 39 2 1 
1 13 24 1 7 1 
2 7 2 21 9 3 3 
2 29 16 
1 43 3 
47 
2 11 11 10 13 
8 33 4 1 1 
1 40 6 
5 37 2 1 2 
4 29 8 6 
2 34 9 1 1 
1 46 
1 41 1 3 1 
3 42 2 
3 20 6 17 1 
1 44 2 
1 41 2 1 2 
1 17 28 1 
13 18 9 7 
1 22 3 2 17 1 1 
6 7 13 14 7 
46 1 
1 18 13 2 5 4 2 2 
2 1 20 10 1 2 6 3 2 
1 22 11 6 7 
2 37 6 2 
2 45 
36 3 6 2 
1 3 39 3 1 
3 34 2 3 4 1 
6 7 31 3 
4 34 9 
23 6 11 2 2 3 
41 1 1 3 1 
1 31 12 1 2 
3 40 2 1 1 
2 6 32 1 5 1 
44 1 2 
1 35 3 8 
6 17 24 
12 32 3 
2 19 19 5 1 1 
2 6 4 19 4 2 9 1 
5 2 5 35 
3 25 1 9 8 1 
2 35 10 
29 15 3 
9 21 11 2 3 1 
2 33 8 1 3 
2 32 8 3 1 1 
1 16 17 10 2 1 
1 44 2 
9 19 19 
1 8 16 16 5 1 
10 34 3 
1 13 30 3 
2 4 38 3 
1 37 7 1 1 
3 43 1 
3 31 12 1 
4 17 26 
1 5 9 13 2 5 12 
10 26 9 2 
46 1 
35 1 1 10 
1 14 14 3 2 4 1 3 1 4 
39 8 
1 44 2 
2 25 13 4 2 1 
47 
1 28 16 1 1 
1 11 25 10 
11 13 23 
1 32 1 1 11 1 
22 15 3 1 2 1 1 1 1 
12 10 21 2 2 
3 43 1 
4 8 35 
9 6 22 8 2 
1 18 1 14 6 1 3 2 1 
4 9 22 9 3 
2 32 9 3 1 
2 45 
1 45 1 
45 2 
1 39 5 2 
1 17 17 8 3 1 
15 3 15 3 5 6 
23 18 1 4 1 
1 18 27 1 
8 4 24 6 5 
6 23 16 1 1 
5 22 6 9 3 1 1 
1 7 6 12 7 10 4 
27 14 6 
1 18 19 2 7 
1 10 28 3 5 
1 23 23 
1 45 1 
2 37 7 1 
16 10 16 4 1 
1 27 15 3 1 
35 3 3 1 5 
41 4 2 
2 35 10 
2 1 5 32 5 2 
1 39 1 4 2 
10 34 3 
3 40 4 
4 21 14 3 5 
3 2 31 10 1 
36 8 2 1 
1 43 3 
11 10 18 4 1 3 
6 18 2 19 1 1 
4 8 22 4 9 
2 5 36 4 
1 19 26 1 
20 16 2 8 1 
1 25 17 1 3 
3 38 3 2 1 
1 46 
1 14 18 2 2 1 5 1 1 2 
5 12 8 7 1 3 4 5 2 
2 4 39 2 
10 25 1 2 5 4 
1 2 36 8 
6 36 5 
1 32 11 2 1 
1 33 11 1 1 
4 10 8 20 1 1 3 
17 10 16 2 2 
1 15 4 27 
1 36 9 1 
1 37 1 8 
4 23 18 1 1 
1 41 5 
32 11 4 
34 5 6 2 
1 40 6 
9 17 10 2 2 3 4 
1 20 22 2 1 1 
22 24 1 
1 25 4 11 2 1 3 
1 44 2 
47 
3 17 20 3 2 1 1 
3 7 22 11 2 1 1 
1 2 34 9 1 
2 41 4 
14 23 4 2 4 
3 3 13 27 1 
1 30 16 
8 17 22 
1 29 7 2 1 3 4 
4 11 30 2 
2 17 18 6 4 
3 19 17 5 3 
1 39 5 2 
1 31 5 5 4 1 
46 1 
1 44 2 
1 32 5 4 3 1 1 
1 23 22 1 
17 20 3 6 1 
1 8 12 2 20 1 3 
1 13 12 7 10 1 1 1 1 
1 34 12 
3 22 22 
4 8 32 3 
7 15 2 12 9 2 
23 5 5 2 1 9 2 
43 2 2 
1 1 2 5 1 6 25 2 4 
1 30 8 4 4 
1 22 24 
3 10 24 8 2 
6 20 8 12 1 
19 13 11 4 
1 46 
1 45 1 
1 1 21 17 6 1 
1 30 16 
4 3 10 15 2 6 1 1 2 3 
1 37 6 2 1 
7 21 6 8 5 
1 16 13 7 9 1 
2 23 3 14 3 1 1 
1 42 4 
1 10 17 15 4 
2 33 12 
1 13 20 2 5 2 4 
1 9 25 11 1 
37 8 1 1 
5 36 5 1 
1 32 13 1 
5 24 17 1 
5 7 19 3 10 1 1 1 
22 1 11 8 1 1 1 2 
1 20 22 2 2 
1 10 25 2 8 1 
47 
8 38 1 
1 29 4 12 1 
14 4 20 3 2 2 2 
1 35 6 2 2 1 
1 10 33 3 
25 4 18 
2 37 8 
1 26 17 2 1 
4 23 2 1 16 1 
7 25 9 3 3 
3 30 4 2 8 
3 21 15 8 
2 41 4 
1 37 2 2 3 1 1 
1 7 12 3 8 6 5 3 1 1 
18 13 7 8 1 
46 1 
1 19 27 
1 39 5 1 1 
1 29 16 1 
11 13 18 4 1 
2 29 16 
1 24 20 2 
1 18 14 9 4 1 
1 8 7 27 4 
1 29 17 
2 36 2 2 1 4 
1 20 21 5 
46 1 
6 9 13 3 16 
2 23 22 
2 10 20 12 1 1 1 
1 7 33 4 1 1 
1 23 13 10 
1 26 2 7 10 1 
6 37 4 
37 5 1 4 
11 30 5 1 
28 19 
3 10 20 14 
1 27 16 2 1 
1 7 24 15 
4 1 6 3 33 
1 1 1 27 4 5 1 3 2 2 
2 9 34 1 1 
9 32 3 3 
4 8 14 17 4 
3 22 8 7 5 1 1 
20 9 7 6 5 
34 7 5 1 
31 4 12 
1 43 3 
5 8 20 4 3 4 3 
1 19 1 5 15 4 1 1 
2 41 2 1 1 
31 6 1 7 1 1 
10 12 22 2 1 
5 14 24 1 1 2 
46 1 
1 23 21 1 1 
2 1 8 16 17 2 1 
22 10 12 3 
1 45 1 
25 11 8 1 2 
1 33 1 6 4 1 1 
15 24 7 1 
6 22 2 10 2 4 1 
39 3 3 2 
1 32 1 13 
2 22 23 
1 42 4 
1 15 19 9 2 1 
1 23 5 7 7 1 2 1 
3 39 1 4 
47 
1 37 7 1 1 
6 36 1 2 2 
2 5 27 4 3 5 1 
1 7 37 1 1 
35 7 3 1 1 
2 34 1 8 1 1 
2 36 8 1 
10 3 5 26 3 
1 10 10 3 4 5 4 6 2 1 1 
2 14 25 5 1 
13 26 4 1 2 1 
1 30 5 8 2 1 
32 1 1 1 6 4 1 1 
2 26 9 10 
5 12 7 2 2 3 7 3 6 
2 4 11 4 2 15 8 1 
4 31 5 3 3 1 
1 17 8 4 1 12 1 3 
20 24 2 1 
1 17 16 1 3 7 2 
1 16 26 4 
2 14 12 9 3 5 1 1 
1 26 10 8 2 
1 33 4 7 2 
7 26 14 
43 4 
29 3 3 3 7 1 1 
1 25 9 6 6 
12 23 4 2 2 4 
1 11 18 7 9 1 
1 43 3 
16 24 1 2 3 1 
19 10 2 1 13 1 1 
20 22 2 1 1 1 
1 45 1 
1 18 28 
4 21 10 10 2 
7 17 2 2 8 1 1 4 4 1 
3 34 8 1 1 
11 14 12 5 4 1 
1 13 31 2 
6 5 2 31 3 
18 24 3 2 
2 35 9 1 
10 36 1 
2 28 2 2 12 1 
11 11 17 8 
4 11 2 20 10 
14 6 12 2 5 4 1 2 1 
4 22 16 4 1 
22 1 13 2 1 2 1 3 2 
1 16 18 6 6 
1 34 11 1 
5 37 2 3 
1 13 27 3 2 1 
2 19 11 9 3 3 
27 12 3 4 1 
2 10 21 3 8 1 2 
4 34 3 6 
45 1 1 
6 13 7 18 3 
2 7 36 1 1 
2 40 4 1 
3 15 9 7 13 
3 37 1 2 1 2 1 
1 2 2 4 18 13 1 5 1 
7 5 29 4 1 1 
2 10 1 15 6 8 1 3 1 
26 18 3 
3 27 10 3 3 1 
14 10 6 1 13 1 2 
2 45 
31 9 1 4 1 1 
4 40 3 
2 5 32 4 1 3 
10 20 9 7 1 
3 8 16 17 1 2 
2 41 4 
3 20 6 3 3 1 2 1 6 1 1 
19 5 22 1 
14 13 6 13 1 
3 19 12 13 
1 21 9 2 6 6 2 
1 44 2 
7 37 1 1 1 
6 23 5 2 6 2 3 
1 13 8 16 9 
2 32 13 
1 13 5 5 10 7 4 2 
1 40 4 1 1 
1 41 4 1 
8 4 24 10 1 
12 19 15 1 
26 10 7 2 2 
1 45 1 
2 2 27 2 13 1 
4 8 20 10 1 3 1 
1 12 14 15 2 3 
1 30 3 3 1 8 1 
1 9 6 12 18 1 
32 15 
9 25 9 4 
4 20 3 5 12 2 1 
40 4 2 1 
1 45 1 
2 16 18 10 1 
1 39 6 1 
1 41 2 3 
41 1 4 1 
9 35 3 
1 39 3 1 3 
1 12 4 25 4 1 
1 44 1 1 
47 
1 9 19 3 10 5 
4 34 3 4 1 1 
3 33 11 
3 31 8 5 
1 44 1 1 
8 10 7 20 2 
18 2 13 1 1 3 3 3 1 2 
4 38 2 3 
5 39 2 1 
5 24 14 3 1 
1 31 15 
12 9 2 22 2 
47 
1 28 3 6 9 
1 4 5 1 9 9 2 4 6 4 2 
1 9 35 2 
10 11 16 2 8 
1 2 32 1 9 2 
11 17 9 6 2 1 1 
2 21 5 2 8 9 
20 13 2 3 9 
1 35 4 6 1 
2 26 5 1 13 
13 28 2 1 3 
1 37 7 1 1 
6 30 11 
2 42 3 
1 41 5 
1 44 1 1 
1 13 1 22 7 1 2 
1 4 29 2 2 9 
47 
3 5 36 1 1 1 
1 3 2 13 9 16 2 1 
4 32 5 2 2 1 1 
1 41 4 1 
13 17 15 2 
3 10 28 4 1 1 
5 36 1 1 2 2 
2 5 3 15 12 2 3 1 4 
1 21 11 3 7 3 1 
31 15 1 
1 30 16 
7 19 5 3 2 1 5 3 1 1 
2 7 19 7 5 6 1 
3 26 10 4 4 
2 36 9 
8 23 2 12 1 1 
1 42 4 
36 9 2 
5 15 24 3 
9 10 12 16 
2 16 26 1 2 
1 9 2 5 1 11 10 2 1 2 2 1 
12 18 6 4 2 5 
15 23 9 
2 2 17 15 11 
3 31 9 1 1 1 1 
1 1 8 31 2 1 2 1 
7 5 3 3 20 5 4 
34 12 1 
2 42 3 
1 32 8 5 1 
34 9 2 2 
4 4 11 12 4 1 3 4 1 2 1 
1 40 6 
1 15 5 15 1 5 4 1 
1 31 7 2 4 2 
1 25 3 9 8 1 
10 9 5 23 
2 37 2 2 1 1 2 
1 33 5 2 1 5 
26 16 5 
1 8 21 3 8 5 1 
7 8 17 2 5 1 1 6 
1 45 1 
1 23 15 7 1 
1 36 8 2 
3 19 25 
7 24 8 1 2 1 1 3 
4 17 22 4 
9 14 5 8 3 2 4 2 
1 18 3 18 3 3 1 
17 21 1 7 1 
1 23 3 12 1 5 1 1 
46 1 
1 44 1 1 
6 22 13 2 2 2 
2 6 14 20 1 3 1 
1 34 3 9 
26 15 5 1 
1 37 3 4 2 
2 3 32 4 6 
2 12 29 2 2 
2 17 20 2 3 1 1 1 
3 32 12 
23 14 9 1 
1 26 1 2 8 3 2 2 1 1 
16 18 12 1 
2 21 23 1 
28 19 
2 44 1 
2 20 3 21 1 
1 8 11 24 1 1 1 
1 36 4 4 1 1 
1 1 13 20 3 4 5 
1 22 18 2 4 
3 29 13 1 1 
1 32 4 7 3 
1 4 31 2 8 1 
3 37 5 1 1 
9 12 26 
1 16 25 4 1 
2 17 6 6 6 1 6 3 
1 44 1 1 
1 3 22 15 4 2 
2 10 17 7 3 5 3 
1 7 14 18 2 3 1 1 
25 13 1 2 2 4 
3 5 38 1 
10 1 1 4 17 10 1 3 
1 7 39 
1 15 9 13 2 7 
1 43 3 
2 39 1 3 2 
1 4 32 9 1 
12 14 18 2 1 
1 24 3 5 12 2 
1 17 4 2 18 5 
47 
6 5 2 19 4 2 3 2 2 2 
3 26 5 8 2 2 1 
1 39 5 1 1 
1 2 23 5 12 2 1 1 
1 32 10 1 2 1 
26 13 6 1 1 
4 25 2 3 13 
7 2 5 28 1 2 2 
1 46 
1 3 32 1 10 
1 40 6 
1 4 24 3 12 2 1 
20 1 18 2 5 1 
1 29 4 13 
1 40 4 1 1 
1 45 1 
43 1 1 2 
47 
38 1 8 
2 17 4 5 9 10 
3 30 12 1 1 
8 9 2 9 4 1 2 9 3 
1 44 1 1 
9 24 11 3 
31 5 9 2 
9 20 17 1 
4 2 36 1 3 1 
7 2 38 
2 13 3 9 9 3 2 6 
4 22 21 
1 42 4 
2 39 1 1 4 
13 18 11 4 1 
1 28 16 2 
1 11 9 10 3 5 8 
1 7 6 21 3 1 2 4 2 
1 46 
1 38 4 3 1 
1 1 1 14 15 9 3 2 1 
15 9 1 20 1 1 
1 20 25 1 
6 27 14 
4 12 31 
1 39 6 1 
1 38 7 1 
1 35 9 2 
1 10 6 9 13 4 1 2 1 
1 35 5 3 1 2 
2 15 10 17 1 1 1 
1 7 2 33 2 1 1 
8 1 29 6 1 1 1 
7 40 
1 44 2 
1 22 14 1 7 2 
1 17 27 2 
1 36 4 1 2 3 
4 31 4 4 1 1 2 
2 28 4 2 5 3 3 
3 35 3 6 
1 20 13 8 3 2 
1 30 13 3 
38 5 1 3 
4 35 7 1 
2 31 6 8 
8 36 1 2 
1 30 13 2 1 
1 23 5 3 11 3 1 
3 8 36 
7 35 3 1 1 
1 16 20 3 3 3 1 
1 5 26 6 7 1 1 
1 2 24 5 6 1 4 1 3 
9 14 14 4 5 1 
47 
1 13 20 13 
2 18 4 5 1 10 4 1 1 1 
1 4 12 17 5 3 1 4 
1 8 15 13 5 2 1 1 1 
1 40 6 
23 3 10 3 5 1 2 
1 45 1 
1 7 10 16 7 4 2 
8 20 17 1 1 
1 37 9 
3 42 2 
1 12 28 1 1 2 2 
3 16 24 2 1 1 
2 31 14 
5 35 6 1 
1 24 22 
2 21 9 7 5 3 
1 15 19 6 6 
1 40 5 1 
3 10 23 4 5 2 
2 14 19 5 5 1 1 
1 11 10 25 
2 43 1 1 
5 25 15 2 
3 19 20 5 
1 21 12 13 
1 31 3 9 2 1 
1 8 7 13 8 10 
2 29 11 4 1 
2 21 11 5 2 1 4 1 
46 1 
1 22 24 
2 5 23 17 
8 31 1 1 5 1 
25 22 
1 5 33 6 2 
2 15 4 9 8 9 
1 15 15 8 1 5 1 1 
2 42 3 
5 16 23 2 1 
1 43 2 1 
5 36 2 3 1 
19 5 7 15 1 
1 42 1 3 
5 23 15 4 
1 1 22 14 7 1 1 
40 5 2 
9 16 18 3 1 
7 17 3 12 5 2 1 
1 23 12 3 8 
4 22 1 13 3 1 1 2 
1 30 1 11 4 
2 18 10 5 1 9 1 1 
2 29 12 3 1 
3 37 4 2 1 
1 13 27 2 3 1 
1 16 10 16 3 1 
47 
18 11 13 2 1 1 1 
11 6 29 1 
1 29 17 
1 18 5 21 1 1 
1 21 23 1 1 
2 23 13 7 1 1 
1 7 2 29 7 1 
12 16 12 7 
2 33 3 8 1 
9 38 
17 17 3 6 4 
23 2 16 5 1 
1 28 18 
1 5 32 8 1 
9 1 21 1 4 2 1 2 1 1 4 
3 9 11 6 15 2 1 
3 2 21 21 
39 4 1 1 1 1 
3 17 9 14 1 1 2 
1 35 9 2 
12 1 15 14 2 2 1 
41 4 2 
2 1 3 20 20 1 
1 32 11 3 
3 36 5 3 
30 17 
1 45 1 
2 20 20 5 
1 39 7 
1 20 16 3 5 2 
1 40 3 3 
4 33 7 1 1 1 
1 2 4 33 6 1 
3 8 36 
1 31 5 2 5 3 
2 25 12 4 1 2 1 
1 25 6 10 2 2 1 
2 26 8 8 1 2 
1 35 6 5 
1 35 7 1 1 1 1 
6 34 7 
3 30 13 1 
1 34 3 5 3 1 
8 14 20 5 
2 31 10 4 
1 1 23 16 6 
3 42 2 
14 14 19 
1 41 1 1 3 
20 8 9 10 
1 30 12 1 2 1 
40 3 4 
1 35 8 2 1 
2 7 1 29 4 2 2 
1 36 1 6 3 
6 10 5 8 15 3 
1 14 30 1 1 
1 34 10 1 1 
1 8 12 20 4 2 
4 17 11 3 10 1 1 
28 11 4 4 
1 31 1 3 6 4 1 
13 22 11 1 
1 1 37 7 1 
8 31 6 1 1 
1 16 1 29 
5 17 11 7 4 3 
5 23 6 2 8 1 2 
2 23 11 9 2 
13 31 3 
2 10 33 1 1 
1 46 
22 5 10 6 1 1 2 
1 1 23 16 6 
1 41 4 1 
17 9 13 1 3 2 2 
4 17 8 14 3 1 
1 24 16 1 1 1 3 
2 18 1 17 6 3 
1 6 16 5 1 6 1 3 1 1 1 1 4 
2 28 15 1 1 
6 9 32 
1 46 
5 17 3 21 1 
20 2 15 2 4 4 
2 10 29 2 4 
1 29 13 3 1 
2 29 2 7 3 1 2 1 
6 8 5 4 15 4 3 1 1 
1 3 4 29 10 
1 28 13 3 2 
3 14 30 
3 42 1 1 
1 40 3 1 2 
21 12 4 7 3 
1 11 33 2 
1 41 1 4 
1 3 21 5 12 1 4 
2 9 14 8 13 1 
3 27 15 2 
24 15 8 
1 37 6 2 1 
1 14 30 2 
2 41 4 
5 35 3 4 
4 27 16 
4 34 7 2 
2 25 19 1 
1 25 13 3 3 1 1 
4 11 6 16 10 
1 35 8 1 2 
32 2 1 1 3 4 3 1 
33 11 3 
1 15 11 20 
3 32 2 2 4 1 2 1 
2 25 4 1 11 4 
1 37 2 7 
14 17 11 2 1 2 
4 23 3 1 8 1 3 1 1 1 1 
1 43 1 2 
1 40 2 4 
30 6 5 2 3 1 
2 24 12 1 4 3 1 
23 2 10 12 
1 14 12 3 11 6 
1 46 
33 10 3 1 
13 13 17 1 1 2 
2 43 1 1 
8 22 2 14 1 
47 
1 40 3 3 
1 17 3 6 6 6 8 
4 19 24 
1 45 1 
4 25 9 5 4 
1 36 3 7 
1 4 39 1 2 
47 
33 12 2 
1 16 1 15 6 7 1 
1 10 35 1 
1 43 2 1 
14 19 5 1 7 1 
1 29 1 6 1 4 1 3 1 
1 17 1 10 2 13 3 
1 14 32 
43 4 
1 33 6 1 6 
26 18 3 
47 
18 22 4 1 2 
21 14 1 1 5 4 1 
2 45 
1 41 5 
1 46 
1 16 15 1 6 1 5 1 1 
2 33 3 3 3 3 
47 
1 20 26 
1 25 3 1 8 5 4 
2 15 5 2 19 4 
1 13 27 1 5 
2 20 23 1 1 
37 3 2 1 2 2 
5 39 3 
3 17 15 6 5 1 
47 
15 11 9 6 6 
2 19 12 14 
3 38 2 1 1 2 
8 1 18 7 6 1 4 1 1 
47 
4 36 2 1 2 2 
47 
1 29 6 4 4 3 
1 38 2 1 5 
16 1 19 2 8 1 
2 34 4 6 1 
4 40 3 
13 28 6 
1 18 10 17 1 
1 40 3 3 
1 37 8 1 
3 16 11 13 1 1 2 
2 29 16 
6 8 33 
15 6 1 14 7 3 1 
3 36 4 4 
20 9 16 1 1 
1 11 3 2 6 4 11 3 1 2 1 1 1 
4 4 7 16 14 1 1 
3 26 9 1 3 4 1 
30 3 7 3 3 1 
4 34 2 1 3 1 2 
4 35 2 3 3 
1 10 3 20 11 2 
6 10 30 1 
30 6 3 5 3 
2 24 21 
1 5 3 18 2 13 5 
2 10 15 9 5 5 1 
46 1 
11 17 8 3 2 2 4 
1 25 18 3 
1 8 13 9 9 1 4 1 1 
20 20 3 1 3 
1 38 5 2 1 
4 35 7 1 
3 2 7 8 13 6 4 2 2 
39 1 4 1 2 
6 23 2 4 2 10 
1 10 12 3 21 
1 26 20 
42 1 2 2 
1 4 23 6 12 1 
1 16 25 2 1 1 1 
4 34 9 
1 36 10 
5 28 11 1 1 1 
1 3 9 15 8 9 2 
1 38 2 1 2 3 
1 8 38 
3 3 4 37 
2 23 8 8 5 1 
23 20 4 
2 1 40 4 
3 28 16 
1 11 17 1 2 12 1 1 1 
6 14 21 5 1 
1 27 11 1 1 1 1 4 
34 1 9 3 
4 27 4 2 3 4 1 1 1 
1 45 1 
30 4 5 3 4 1 
39 6 2 
3 18 20 2 3 1 
1 25 7 8 4 2 
3 25 14 1 2 2 
3 6 3 12 7 15 1 
1 18 17 11 
2 11 34 
46 1 
8 15 14 6 1 1 2 
14 23 8 2 
1 38 8 
1 7 39 
2 21 20 2 1 1 
2 9 9 11 15 1 
8 20 2 11 5 1 
4 34 1 8 
1 26 1 19 
4 17 23 1 1 1 
1 32 12 1 1 
1 5 40 1 
7 12 21 2 5 
9 25 13 
3 28 16 
35 9 3 
1 40 2 2 1 1 
3 14 28 1 1 
3 40 4 
1 26 18 2 
39 4 3 1 
3 29 13 2 
2 40 3 1 1 
24 11 8 1 2 1 
1 11 29 2 3 1 
1 1 45 
14 21 12 
44 1 1 1 
1 25 7 3 11 
1 16 2 4 4 10 2 2 3 1 1 1 
3 15 26 2 1 
1 37 5 3 1 
27 16 1 2 1 
7 6 21 8 5 
4 4 25 11 3 
8 34 5 
8 5 28 5 1 
11 17 17 1 1 
15 6 12 13 1 
7 9 25 4 2 
2 25 15 1 1 2 1 
10 18 19 
1 13 28 5 
46 1 
2 39 1 4 1 
12 27 5 3 
36 8 1 2 
1 14 29 1 1 1 
7 11 18 1 1 1 2 1 4 1 
1 44 2 
5 35 6 1 
15 24 1 5 2 
32 9 6 
16 11 8 5 1 5 1 
30 12 5 
1 5 7 28 6 
10 1 7 5 9 8 7 
1 34 4 7 1 
44 1 2 
9 11 20 3 1 2 1 
33 4 4 6 
7 19 10 11 
1 2 22 20 1 1 
1 36 6 1 3 
1 33 1 4 3 1 4 
4 11 17 1 12 1 1 
1 29 2 10 5 
11 34 2 
47 
42 1 4 
29 2 14 2 
15 7 8 2 6 4 4 1 
3 33 11 
1 11 13 16 6 
1 22 24 
22 4 17 3 1 
1 3 21 21 1 
1 39 7 
4 29 7 1 2 3 1 
2 4 17 10 14 
1 12 18 2 4 6 4 
43 1 1 1 1 
1 8 1 3 13 3 10 1 6 1 
3 39 4 1 
40 6 1 
15 32 
31 10 1 2 2 1 
3 29 9 3 3 
1 22 1 17 1 3 1 1 
9 29 3 5 1 
1 45 1 
31 2 9 4 1 
47 
1 30 4 9 3 
3 36 1 3 4 
3 21 2 1 3 4 8 5 
3 20 4 4 11 4 1 
30 4 8 1 1 1 1 1 
1 29 5 4 2 5 1 
1 26 20 
6 18 13 7 1 2 
1 18 5 10 9 2 2 
1 33 13 
1 35 11 
15 10 15 5 2 
1 46 
1 31 15 
1 15 16 9 5 1 
1 31 7 4 2 2 
14 31 2 
42 4 1 
4 20 23 
30 4 11 1 1 
5 41 1 
1 40 6 
12 24 9 1 1 
1 44 2 
1 26 1 16 3 
6 41 
1 23 22 1 
5 27 15 
5 13 28 1 
36 5 5 1 
4 37 2 2 2 
10 36 1 
1 42 1 3 
3 24 16 3 1 
1 19 10 8 2 5 2 
21 13 3 9 1 
2 27 10 7 1 
26 5 5 5 6 
7 6 12 8 9 2 2 1 
13 17 8 1 1 3 1 3 
25 2 20 
2 8 33 4 
4 17 26 
1 11 34 1 
1 44 2 
2 3 18 4 6 10 4 
2 31 10 1 3 
45 1 1 
3 9 35 
1 43 2 1 
1 9 18 3 3 4 1 2 6 
6 14 27 
3 11 12 13 8 
1 18 7 4 4 6 6 1 
3 29 11 3 1 
2 1 5 13 18 4 2 1 1 
1 25 8 11 1 1 
1 23 23 
1 42 4 
2 3 9 22 7 3 1 
46 1 
1 12 4 23 2 4 1 
1 16 26 3 1 
3 36 1 4 1 2 
3 12 8 5 14 5 
1 19 23 3 1 
1 19 3 20 2 1 1 
1 38 8 
2 13 9 7 4 6 3 3 
1 44 2 
5 35 7 
3 31 5 4 2 2 
2 8 16 8 13 
1 40 2 1 3 
1 4 1 27 9 5 
15 8 20 4 
1 7 39 
7 11 27 2 
1 37 7 2 
1 14 26 4 2 
6 36 5 
1 13 1 31 1 
1 46 
3 37 5 1 1 
1 27 19 
15 25 1 2 4 
5 13 3 26 
3 30 14 
1 19 27 
4 16 22 2 2 1 
2 40 5 
1 10 10 3 13 1 2 1 4 1 1 
13 21 11 2 
1 3 1 5 6 7 12 6 1 3 1 1 
2 41 4 
1 12 20 6 8 
1 11 9 23 3 
2 27 2 16 
3 28 9 7 
1 22 10 3 6 3 2 
1 20 25 1 
47 
1 44 2 
1 16 16 12 1 1 
2 27 1 15 2 
2 8 17 15 4 1 
2 38 1 3 3 
3 6 33 4 1 
2 1 17 12 9 5 1 
14 33 
3 31 12 1 
2 16 15 2 7 2 2 1 
2 34 1 8 2 
5 3 16 11 9 3 
1 29 3 9 5 
1 41 4 1 
1 7 29 6 2 2 
3 15 29 
1 24 20 2 
6 4 14 18 5 
39 8 
1 28 1 3 3 2 3 3 3 
1 9 24 10 3 
2 20 18 2 5 
40 7 
2 40 3 2 
23 15 9 
2 1 5 27 7 5 
21 21 1 2 2 
2 23 13 3 2 4 
1 16 23 3 3 1 
1 13 19 14 
5 33 4 5 
5 27 15 
2 42 3 
1 39 1 6 
13 21 12 1 
17 22 8 
2 15 15 7 1 4 1 2 
35 11 1 
1 34 12 
41 4 2 
6 24 5 9 2 1 
3 36 4 3 1 
2 41 3 1 
1 28 18 
2 4 2 10 12 6 5 5 1 
1 46 
1 20 23 3 
1 22 12 12 
6 37 4 
8 19 8 11 1 
3 42 2 
1 4 21 19 2 
23 7 2 14 1 
1 26 9 4 7 
1 34 7 2 2 1 
1 24 3 1 10 2 4 2 
20 8 10 5 3 1 
8 15 12 10 2 
1 46 
1 36 6 2 2 
1 22 9 4 4 1 1 1 2 1 1 
2 43 1 1 
1 22 22 2 
1 21 2 21 1 1 
1 36 6 2 1 1 
3 30 11 2 1 
21 17 4 1 2 2 
44 2 1 
1 16 29 1 
3 7 34 3 
1 27 8 9 2 
1 45 1 
5 28 4 1 3 5 1 
1 33 2 4 4 2 1 
9 25 1 3 3 1 3 1 1 
2 15 19 3 2 4 1 1 
1 4 8 23 1 1 2 3 2 2 
44 2 1 
46 1 
2 39 5 1 
4 42 1 
47 
1 39 3 1 1 2 
8 25 2 1 4 3 4 
30 5 11 1 
1 16 9 18 2 1 
1 5 2 28 4 1 6 
1 45 1 
11 25 11 
1 11 10 2 10 13 
25 7 14 1 
26 7 1 1 12 
1 1 4 2 5 24 6 3 1 
14 17 12 4 
47 
8 18 11 4 5 1 
1 43 3 
2 17 2 20 2 4 
2 13 11 2 1 3 4 2 4 2 2 1 
