48 
1 45 1 1 
4 29 15 
3 26 19 
48 
9 16 22 1 
1 11 30 5 1 
1 16 5 20 3 3 
2 39 7 
1 8 6 11 1 10 11 
4 27 12 3 1 1 
24 1 21 2 
1 39 6 1 1 
1 22 7 9 7 1 1 
5 41 1 1 
1 14 8 24 1 
2 22 12 12 
2 33 7 6 
6 13 12 9 1 1 5 1 
1 22 25 
5 24 15 4 
47 1 
1 38 8 1 
6 4 20 1 1 4 2 6 2 2 
38 7 2 1 
2 25 18 3 
3 18 23 3 1 
47 1 
2 31 9 2 4 
1 5 37 1 2 2 
2 34 12 
3 2 12 14 4 5 3 2 3 
13 2 31 2 
1 9 4 20 9 1 3 1 
11 6 12 13 6 
1 30 17 
1 15 23 7 1 1 
40 2 2 3 1 
1 44 2 1 
33 4 9 1 1 
17 28 3 
24 19 2 3 
21 21 6 
2 14 32 
2 21 14 2 2 4 1 1 1 
2 12 5 1 11 10 1 3 1 1 1 
12 35 1 
1 30 10 7 
5 19 11 4 5 2 1 1 
9 26 11 2 
4 20 17 5 2 
2 25 3 17 1 
1 33 1 7 2 2 1 1 
12 14 11 4 1 1 3 1 1 
8 10 8 19 1 2 
7 9 27 3 2 
17 18 13 
1 43 2 1 1 
2 42 1 1 1 1 
11 13 6 8 3 3 4 
1 36 3 6 2 
1 24 6 8 8 1 
1 36 11 
11 25 9 1 2 
2 37 5 1 1 1 1 
2 16 20 1 3 6 
1 20 16 7 2 1 1 
1 24 23 
12 1 9 8 2 6 7 2 1 
1 45 2 
10 11 10 8 6 3 
4 41 1 2 
1 13 27 5 2 
1 28 19 
1 26 7 10 4 
12 7 29 
24 2 5 15 2 
2 34 12 
1 39 7 1 
39 5 3 1 
3 14 8 6 4 1 3 2 5 1 1 
12 14 6 2 12 1 1 
5 37 3 3 
2 17 8 16 3 1 1 
4 5 39 
1 22 18 6 1 
12 26 6 1 3 
4 44 
3 34 8 1 2 
5 36 2 3 1 1 
24 6 15 1 2 
1 19 18 5 4 1 
1 27 20 
1 2 34 9 1 1 
1 40 5 1 1 
2 34 6 1 4 1 
1 33 13 1 
1 2 16 18 4 7 
1 1 3 36 5 1 1 
2 23 8 12 3 
7 38 3 
5 24 6 4 4 3 1 1 
1 23 6 6 6 3 3 
2 22 19 2 2 1 
1 44 2 1 
1 16 14 11 5 1 
1 2 27 1 5 11 1 
18 1 18 2 1 3 1 3 1 
40 4 4 
1 17 7 19 3 1 
42 5 1 
2 11 29 5 1 
1 47 
12 16 20 
1 7 37 3 
2 16 19 8 2 1 
38 1 6 1 2 
3 6 15 24 
1 23 7 15 2 
3 7 30 2 5 1 
6 20 7 9 3 3 
34 1 7 3 1 1 1 
1 29 12 1 4 1 
4 39 1 3 1 
1 35 8 3 1 
9 10 21 3 3 1 1 
8 8 16 1 9 1 2 1 2 
1 27 12 3 1 4 
16 23 9 
1 22 25 
48 
41 5 2 
2 11 23 8 3 1 
5 27 8 1 5 2 
1 12 29 6 
1 35 12 
44 4 
5 19 21 2 1 
7 40 1 
2 2 31 8 5 
7 8 30 3 
3 12 29 2 2 
1 25 22 
1 36 7 3 1 
1 14 32 1 
1 1 23 2 16 4 1 
1 19 2 5 14 5 1 1 
2 25 19 1 1 
2 21 8 14 3 
1 27 6 2 7 2 2 1 
2 22 10 8 1 5 
1 8 6 17 6 4 4 2 
1 15 15 3 9 5 
6 12 2 3 4 21 
2 42 2 1 1 
10 27 4 3 1 1 1 1 
1 31 13 3 
1 36 4 1 2 2 2 
1 2 9 1 3 1 26 4 1 
2 11 35 
41 1 3 1 2 
1 22 22 1 2 
6 14 5 22 1 
1 23 2 5 9 8 
12 25 1 8 2 
1 17 30 
9 38 1 
3 17 24 4 
10 15 13 4 6 
2 8 35 1 1 1 
25 23 
2 4 41 1 
2 32 3 10 1 
48 
3 34 6 4 1 
1 16 27 3 1 
1 42 2 1 2 
3 15 19 1 8 2 
1 23 7 5 12 
48 
1 25 12 4 6 
1 7 35 2 1 2 
2 8 20 7 8 3 
3 39 1 2 2 1 
2 32 10 2 2 
3 42 2 1 
8 21 8 3 7 1 
1 40 4 1 2 
2 18 2 20 5 1 
1 40 6 1 
38 4 1 4 1 
2 43 2 1 
4 2 24 4 2 2 4 4 1 1 
2 7 20 18 1 
14 32 2 
1 4 42 1 
4 43 1 
2 33 2 6 5 
1 15 15 7 10 
1 5 32 1 5 4 
2 19 23 1 1 2 
1 47 
1 25 11 8 2 1 
1 24 16 6 1 
2 37 7 2 
2 25 19 2 
6 15 17 3 3 2 2 
1 15 28 3 1 
47 1 
1 28 12 6 1 
2 20 17 5 4 
3 13 14 18 
2 29 17 
1 26 17 2 2 
16 20 9 1 2 
19 16 9 4 
7 6 4 28 1 1 1 
1 18 10 16 2 1 
1 22 2 22 1 
2 41 5 
1 35 4 3 2 1 1 1 
1 25 1 19 2 
16 25 3 2 2 
1 10 28 3 4 1 1 
1 44 3 
3 2 17 7 1 4 10 2 2 
2 38 3 3 2 
1 28 17 2 
1 38 9 
14 23 11 
2 27 10 1 7 1 
31 4 5 8 
47 1 
17 28 2 1 
17 28 3 
34 12 2 
30 12 2 3 1 
3 26 19 
3 2 13 9 5 12 2 1 1 
1 41 1 4 1 
9 38 1 
1 27 20 
13 21 3 4 2 4 1 
5 25 9 9 
1 31 7 7 2 
1 25 12 1 5 1 2 1 
1 38 4 4 1 
5 43 
1 45 2 
8 3 10 18 9 
1 27 4 3 10 3 
25 14 1 4 4 
5 30 2 2 5 3 1 
48 
2 38 5 3 
22 19 7 
1 29 1 2 4 9 2 
1 6 29 5 1 3 1 1 1 
5 35 7 1 
3 9 9 9 2 9 4 1 2 
6 6 18 4 6 7 1 
1 22 13 9 1 2 
1 25 3 11 3 4 1 
1 9 17 21 
1 3 7 31 6 
1 36 3 2 1 2 1 2 
5 2 15 8 1 10 5 2 
11 13 14 9 1 
9 36 2 1 
15 33 
4 28 11 2 1 2 
2 34 2 6 4 
21 19 4 3 1 
1 9 13 16 5 4 
4 29 11 2 1 1 
5 38 1 2 1 1 
1 31 2 8 2 4 
1 45 2 
3 40 1 2 2 
1 36 3 7 1 
3 1 5 23 4 1 10 1 
21 4 19 1 1 1 1 
6 35 4 1 1 1 
3 38 7 
1 42 3 2 
1 18 29 
9 30 9 
2 45 1 
3 15 2 11 8 8 1 
14 27 4 2 1 
2 9 29 6 1 1 
3 9 35 1 
1 31 16 
1 34 12 1 
2 16 13 11 6 
17 10 1 6 12 1 1 
4 26 11 6 1 
9 11 25 1 1 1 
1 38 9 
1 44 1 2 
3 8 32 4 1 
48 
1 36 1 10 
1 46 1 
1 47 
10 5 4 14 9 3 1 1 1 
6 41 1 
2 19 17 6 1 3 
38 5 2 1 2 
4 31 5 4 3 1 
48 
1 40 4 1 2 
2 31 10 5 
8 33 1 5 1 
38 9 1 
4 17 15 5 7 
2 40 4 2 
1 47 
1 16 21 5 1 1 2 1 
2 20 5 17 3 1 
1 36 1 9 1 
33 14 1 
6 3 21 16 1 1 
19 22 5 2 
1 7 17 11 12 
1 31 16 
5 29 11 3 
5 22 3 5 4 8 1 
15 20 2 9 2 
3 6 3 12 14 2 1 1 6 
4 28 3 8 4 1 
1 24 2 14 3 3 1 
1 11 32 2 1 1 
26 4 3 1 12 1 1 
1 1 43 3 
29 9 8 1 1 
13 4 30 1 
1 17 29 1 
1 27 4 16 
1 27 8 5 3 1 1 2 
1 8 7 4 23 2 1 2 
1 24 14 7 2 
45 3 
1 19 27 1 
6 21 21 
1 20 20 4 3 
1 11 22 14 
46 2 
46 2 
19 13 12 1 2 1 
5 36 6 1 
2 35 8 2 1 
2 6 21 17 2 
11 7 24 1 4 1 
3 29 1 13 2 
1 15 28 4 
26 17 4 1 
1 40 3 1 3 
43 5 
1 26 15 2 3 1 
18 4 10 9 6 1 
12 17 19 
1 34 1 11 1 
7 18 8 15 
4 43 1 
4 26 13 1 4 
1 25 3 1 13 1 4 
1 35 4 4 1 2 1 
4 20 7 15 1 1 
14 34 
24 12 7 3 2 
11 27 9 1 
1 19 18 2 5 1 2 
8 33 3 1 3 
1 47 
1 8 34 2 1 1 1 
10 10 28 
2 38 8 
35 13 
24 1 1 8 12 2 
1 40 5 1 1 
1 18 14 14 1 
1 45 2 
2 13 18 7 5 2 1 
13 35 
2 7 16 9 7 6 1 
2 23 12 9 2 
1 40 1 4 2 
1 2 5 7 18 6 4 1 4 
2 32 4 6 1 3 
3 35 9 1 
9 21 18 
1 14 30 3 
1 26 1 13 3 4 
1 32 14 1 
2 8 18 7 5 1 2 1 4 
7 36 5 
3 43 1 1 
1 2 1 26 1 7 1 2 1 1 2 1 2 
35 10 2 1 
1 7 3 4 28 3 2 
5 26 17 
6 24 5 5 1 7 
29 8 5 4 2 
3 45 
31 12 2 2 1 
18 7 3 13 5 2 
3 2 24 19 
26 14 3 5 
1 5 12 13 7 5 1 4 
1 4 10 14 4 4 6 5 
12 14 8 14 
2 22 3 7 4 2 2 6 
3 4 26 7 1 5 2 
3 17 22 4 1 1 
23 17 6 1 1 
26 9 13 
48 
1 29 7 1 5 1 4 
1 7 23 11 3 3 
1 44 3 
41 7 
1 1 5 8 25 8 
2 25 15 5 1 
2 9 4 12 13 2 2 2 1 1 
2 34 6 2 2 1 1 
1 34 2 2 2 1 6 
1 22 14 4 7 
1 30 17 
1 1 34 4 6 2 
2 38 3 4 1 
3 45 
1 30 3 5 1 3 3 1 1 
1 8 11 17 4 1 2 2 2 
3 19 15 10 1 
1 13 11 17 6 
3 34 6 2 2 1 
3 21 6 8 8 1 1 
2 14 26 1 1 2 1 1 
2 22 14 9 1 
23 14 6 2 1 2 
1 25 11 7 3 1 
2 46 
2 39 5 1 1 
2 26 20 
7 32 2 1 2 4 
1 46 1 
1 8 29 3 4 3 
6 39 3 
29 10 3 6 
2 26 7 11 1 1 
6 14 1 27 
1 38 1 2 2 3 1 
4 17 27 
1 14 11 8 9 2 2 1 
18 7 6 15 1 1 
14 14 6 11 2 1 
1 2 31 10 4 
35 4 8 1 
2 34 3 8 1 
2 23 13 3 5 2 
5 19 24 
1 16 14 14 3 
2 16 3 6 8 6 3 2 2 
1 8 20 18 1 
10 25 11 2 
1 25 13 7 1 1 
5 30 4 6 3 
8 17 16 3 3 1 
31 10 1 5 1 
48 
1 12 6 18 10 1 
4 21 3 15 5 
3 7 25 1 8 3 1 
2 16 19 3 2 5 1 
3 6 28 9 1 1 
2 36 9 1 
1 13 11 1 17 4 1 
2 34 7 4 1 
15 31 2 
1 1 39 4 3 
4 21 2 21 
46 1 1 
1 25 19 2 1 
37 1 10 
1 24 2 10 2 2 5 2 
31 16 1 
1 38 3 3 1 1 1 
9 33 6 
1 28 15 4 
2 11 8 22 4 1 
3 20 15 8 2 
11 1 25 10 1 
15 4 2 16 3 5 3 
1 8 30 4 5 
1 46 1 
1 37 10 
1 42 4 1 
41 3 1 2 1 
1 41 4 1 1 
6 25 6 8 1 1 1 
48 
10 17 21 
42 1 2 2 1 
4 28 16 
1 46 1 
21 8 7 11 1 
25 16 7 
5 22 21 
2 36 4 4 1 1 
35 10 1 2 
7 12 15 8 1 1 2 1 1 
27 8 12 1 
1 20 24 3 
10 10 4 16 7 1 
8 40 
12 22 1 4 8 1 
1 12 34 1 
1 10 22 12 3 
1 13 24 7 3 
1 31 2 7 7 
5 9 24 7 3 
1 30 2 11 1 3 
1 20 10 10 7 
47 1 
2 7 15 2 12 1 5 3 1 
1 14 23 1 9 
1 13 24 9 1 
2 15 30 1 
1 13 30 4 
21 27 
3 36 8 1 
2 26 8 2 5 1 3 1 
4 4 8 15 7 5 4 1 
2 28 1 10 6 1 
30 16 1 1 
3 6 24 4 10 1 
2 12 8 14 3 7 1 1 
28 13 1 6 
31 12 5 
1 4 32 3 8 
1 11 29 1 6 
1 27 7 9 4 
4 40 2 2 
1 46 1 
1 37 10 
1 22 10 13 2 
19 17 1 11 
3 24 1 5 8 3 1 3 
1 10 21 7 9 
4 43 1 
3 39 1 1 3 1 
2 23 7 14 1 1 
40 5 2 1 
1 23 19 3 2 
2 4 3 37 2 
8 21 4 14 1 
2 38 5 3 
1 46 1 
1 30 11 3 2 1 
9 21 5 7 1 2 3 
1 27 3 3 6 7 1 
1 38 3 2 3 1 
3 14 13 7 7 4 
2 41 5 
3 24 8 3 10 
18 19 5 2 3 1 
5 41 1 1 
1 5 15 21 3 1 1 1 
3 9 14 2 17 1 2 
7 37 3 1 
1 31 15 1 
1 26 6 11 2 1 1 
1 23 21 1 1 1 
1 2 29 1 8 4 1 2 
2 19 23 4 
4 19 13 7 1 3 1 
2 24 1 13 2 6 
4 15 13 8 1 5 1 1 
44 4 
10 8 14 4 6 1 1 4 
47 1 
8 7 14 3 5 3 2 4 2 
26 14 1 4 2 1 
2 21 22 1 2 
34 4 1 6 2 1 
10 28 5 4 1 
4 6 25 5 2 5 1 
4 30 2 1 10 1 
1 45 2 
29 16 2 1 
2 3 5 33 3 2 
43 2 3 
22 5 8 7 6 
1 36 1 3 7 
46 1 1 
2 23 8 1 9 5 
1 3 32 4 4 2 2 
2 9 31 4 2 
1 32 8 5 1 1 
3 39 6 
1 44 1 2 
1 6 41 
2 3 43 
10 37 1 
3 29 14 2 
1 20 15 7 3 1 1 
8 20 13 7 
1 33 13 1 
1 26 1 1 3 4 3 7 1 1 
15 26 4 3 
28 10 4 1 5 
3 28 1 9 4 1 2 
4 17 24 3 
48 
1 36 3 1 2 4 1 
2 10 1 35 
1 12 34 1 
1 44 3 
48 
4 21 4 14 5 
3 34 11 
1 46 1 
8 37 3 
19 12 17 
2 1 30 4 1 6 3 1 
33 2 10 3 
1 29 18 
1 36 11 
2 6 10 26 3 1 
1 43 4 
40 4 2 2 
48 
13 19 16 
10 17 19 1 1 
1 22 18 7 
1 19 24 3 1 
1 40 3 2 2 
5 39 1 1 2 
2 27 18 1 
1 20 27 
1 44 2 1 
1 22 13 10 1 1 
1 29 3 3 2 3 1 3 3 
2 24 10 2 4 4 1 1 
2 26 3 17 
2 17 10 11 1 6 1 
1 29 7 8 3 
6 25 3 6 1 1 4 1 1 
1 11 31 4 1 
6 13 29 
1 26 19 1 1 
14 2 18 12 2 
3 2 14 15 5 4 4 1 
26 8 4 3 3 4 
3 32 8 4 1 
3 25 19 1 
1 35 12 
30 5 4 9 
42 4 1 1 
1 47 
20 1 14 2 7 3 1 
13 6 1 14 10 4 
3 33 12 
1 18 11 12 1 1 2 2 
17 9 21 1 
2 15 28 2 1 
3 29 5 2 2 1 6 
1 16 31 
15 17 7 3 5 1 
2 15 4 18 1 1 7 
2 13 10 7 15 1 
1 16 7 9 13 2 
4 33 2 3 6 
26 14 7 1 
3 39 4 1 1 
2 34 9 3 
1 41 5 1 
1 39 2 1 2 2 1 
5 22 17 4 
3 44 1 
1 23 13 3 3 3 2 
1 30 6 2 2 6 1 
32 8 3 1 4 
1 13 34 
1 15 31 1 
1 1 22 3 13 3 1 4 
2 6 22 14 2 2 
1 13 26 7 1 
3 41 4 
5 14 24 5 
1 27 14 3 3 
2 31 7 1 1 3 1 1 1 
1 35 9 2 1 
3 24 3 15 2 1 
4 4 39 1 
1 8 5 1 20 13 
4 34 10 
48 
48 
1 16 5 24 2 
2 1 39 2 3 1 
5 35 7 1 
1 26 15 5 1 
1 25 20 2 
7 26 15 
1 44 3 
33 4 3 3 2 3 
1 16 3 17 4 7 
4 43 1 
1 15 6 10 4 12 
36 12 
20 20 5 1 2 
9 6 12 4 6 6 4 1 
11 34 2 1 
24 17 7 
2 5 30 3 4 1 1 2 
1 9 8 24 5 1 
48 
1 21 26 
2 22 4 12 7 1 
11 3 4 7 7 14 2 
39 4 1 3 1 
2 42 2 1 1 
1 47 
3 40 2 2 1 
1 40 7 
1 35 9 3 
48 
48 
3 2 12 6 4 10 4 7 
7 3 7 20 6 4 1 
2 40 6 
1 47 
12 14 18 4 
26 12 2 3 3 2 
3 42 3 
1 24 14 4 2 3 
19 28 1 
1 10 30 6 1 
21 14 11 1 1 
10 28 8 1 1 
12 21 15 
1 32 6 1 4 1 2 1 
1 16 22 1 8 
16 32 
5 16 2 7 14 4 
4 30 10 4 
3 23 18 3 1 
5 28 14 1 
23 3 7 2 13 
1 34 6 6 1 
1 10 5 7 3 8 6 2 5 1 
1 40 1 4 2 
7 22 15 2 2 
1 34 8 1 1 1 1 1 
2 3 22 10 7 2 2 
2 27 7 3 9 
13 35 
1 47 
2 1 26 4 2 8 2 2 1 
12 21 2 7 5 1 
47 1 
5 6 7 22 5 2 1 
43 2 3 
1 37 10 
3 10 3 26 1 3 2 
2 2 27 14 2 1 
1 25 4 16 2 
15 28 3 2 
2 41 5 
1 28 7 6 4 2 
1 45 1 1 
6 2 16 5 9 9 1 
1 23 6 17 1 
15 18 1 7 7 
5 37 6 
48 
3 26 5 14 
1 17 6 1 21 2 
2 9 28 3 2 2 2 
4 37 7 
1 41 1 1 1 2 1 
27 18 1 2 
2 38 8 
2 40 3 3 
2 3 8 20 13 1 1 
6 35 6 1 
1 33 13 1 
1 21 15 1 2 4 3 1 
1 35 1 1 10 
1 47 
5 43 
1 28 9 3 2 4 1 
11 1 30 5 1 
11 28 8 1 
7 2 27 2 8 1 1 
2 18 27 1 
4 41 3 
2 34 12 
12 7 1 4 17 5 2 
1 33 6 8 
13 10 7 11 7 
3 40 4 1 
44 2 1 1 
29 18 1 
1 8 35 1 3 
3 15 1 16 8 1 2 1 1 
1 34 9 2 2 
2 25 10 9 1 1 
1 24 3 17 1 1 1 
2 28 4 6 6 2 
1 38 1 3 1 3 1 
11 5 7 21 2 2 
19 21 8 
17 25 6 
1 1 21 1 21 1 2 
2 24 18 4 
15 5 7 17 2 2 
3 44 1 
2 3 43 
33 2 2 6 5 
1 47 
1 20 18 6 2 1 
1 18 29 
1 18 7 15 1 4 2 
1 36 8 2 1 
1 5 8 22 10 2 
8 36 3 1 
7 36 2 1 2 
3 24 14 1 6 
20 20 1 1 3 3 
1 17 4 7 18 1 
2 36 4 2 3 1 
6 16 8 16 2 
1 7 30 10 
2 2 14 17 11 2 
1 32 5 7 1 1 1 
7 12 29 
19 28 1 
15 18 15 
1 39 8 
2 21 10 5 1 1 4 2 2 
1 9 15 15 2 6 
1 2 22 11 6 1 5 
3 44 1 
7 34 7 
3 18 16 9 2 
2 22 7 5 6 4 1 1 
1 22 10 3 11 1 
1 4 15 8 5 10 1 4 
3 1 43 1 
2 1 8 3 34 
1 39 8 
3 40 3 1 1 
1 32 15 
1 7 9 12 5 1 2 1 8 1 1 
1 17 27 1 2 
2 6 23 4 9 2 1 1 
1 41 1 1 4 
2 26 10 6 3 1 
2 14 17 4 6 4 1 
1 31 14 2 
48 
1 44 3 
45 1 2 
2 2 40 1 3 
1 4 9 6 10 5 2 4 1 6 
3 24 2 9 7 3 
20 9 13 2 2 1 1 
2 15 28 2 1 
3 35 6 1 2 1 
2 1 1 4 33 1 2 2 2 
4 18 21 2 3 
2 45 1 
3 12 1 17 9 4 1 1 
2 25 15 6 
1 28 9 1 2 6 1 
1 43 1 1 1 1 
5 13 11 1 12 6 
1 27 6 1 4 4 3 1 1 
1 42 4 1 
40 1 2 5 
1 11 7 15 6 8 
1 41 6 
32 3 2 7 3 1 
3 16 27 1 1 
28 9 2 6 3 
1 14 13 1 7 8 1 2 1 
1 32 15 
38 7 3 
1 3 40 4 
1 24 10 12 1 
2 31 13 1 1 
1 30 3 7 1 2 3 1 
1 39 8 
1 41 2 2 1 1 
3 3 13 6 8 11 1 1 1 1 
2 23 18 5 
7 16 1 13 3 8 
1 43 1 1 2 
2 28 15 1 2 
1 18 19 3 4 1 1 1 
1 34 12 1 
1 4 29 6 5 2 1 
4 11 1 23 4 2 2 1 
5 37 6 
48 
1 10 3 29 2 1 1 1 
1 43 3 1 
10 17 14 4 3 
3 13 32 
1 22 24 1 
1 40 1 3 1 1 1 
1 46 1 
2 38 7 1 
3 44 1 
2 15 30 1 
2 46 
4 27 3 9 5 
3 2 1 9 8 22 2 1 
8 23 3 12 1 1 
1 11 30 1 4 1 
1 2 26 2 11 2 3 1 
2 44 2 
1 33 4 5 1 4 
7 9 24 8 
29 15 1 3 
47 1 
24 21 1 2 
2 20 22 4 
6 28 6 3 3 2 
3 17 26 2 
1 23 3 11 10 
1 32 9 2 4 
14 13 19 1 1 
1 43 3 1 
1 28 4 10 2 1 1 1 
3 42 2 1 
28 5 15 
47 1 
1 2 11 8 14 6 3 2 1 
5 15 21 3 1 3 
1 2 2 12 16 3 7 1 1 2 1 
27 20 1 
48 
14 3 14 3 5 1 4 1 1 2 
8 1 32 7 
41 5 1 1 
10 30 8 
5 13 5 25 
2 2 29 11 2 1 1 
48 
1 47 
4 16 17 11 
5 33 3 4 2 1 
1 25 13 8 1 
3 35 4 2 1 2 1 
3 7 4 8 7 7 5 1 1 3 1 1 
31 12 3 1 1 
1 44 1 2 
7 13 27 1 
35 7 1 2 1 1 1 
1 6 20 20 1 
7 26 12 2 1 
1 19 24 1 2 1 
12 7 29 
1 25 1 14 6 1 
12 10 4 17 3 1 1 
4 44 
13 21 12 1 1 
1 8 11 16 5 7 
1 38 8 1 
3 32 2 7 4 
2 10 20 8 2 2 3 1 
9 10 26 2 1 
1 4 27 9 7 
13 33 1 1 
1 11 28 3 3 1 1 
6 28 11 2 1 
3 13 14 13 5 
13 30 3 2 
1 22 8 15 2 
1 39 6 2 
4 10 12 17 5 
48 
1 2 6 29 7 1 2 
6 9 1 29 1 1 1 
6 17 15 9 1 
1 7 5 31 2 1 1 
3 26 13 6 
48 
1 25 9 4 5 3 1 
18 1 12 9 8 
2 18 11 6 9 1 1 
3 16 29 
1 14 10 20 1 2 
2 6 1 33 3 2 1 
16 22 9 1 
20 15 5 5 2 1 
18 29 1 
1 22 5 1 1 6 7 3 2 
3 36 9 
1 2 8 6 11 17 2 1 
5 16 4 5 11 7 
1 4 2 28 3 5 1 1 2 1 
3 2 24 8 6 1 1 3 
3 31 5 5 1 2 1 
37 8 3 
34 5 7 1 1 
1 8 25 7 2 5 
3 13 1 1 8 21 1 
1 17 1 1 2 8 16 2 
4 29 2 4 1 1 6 1 
1 33 8 5 1 
15 24 9 
48 
5 39 3 1 
3 6 9 19 7 3 1 
12 20 5 10 1 
2 23 4 7 2 7 2 1 
6 41 1 
2 23 4 8 7 3 1 
32 8 3 3 1 1 
2 21 8 6 2 4 2 3 
1 9 19 7 8 1 2 1 
1 2 9 32 3 1 
2 4 21 2 8 7 3 1 
2 41 5 
1 19 26 2 
3 23 16 2 3 1 
1 4 25 9 8 1 
1 30 11 3 3 
6 22 20 
1 37 2 5 1 2 
1 2 31 4 9 1 
1 31 11 2 3 
1 24 16 2 5 
1 29 18 
3 26 19 
29 10 4 5 
1 18 25 3 1 
1 1 8 21 16 1 
3 3 5 12 17 7 1 
1 43 2 1 1 
1 29 2 2 1 4 4 4 1 
9 28 10 1 
40 8 
1 38 7 1 1 
1 4 2 3 13 13 1 10 1 
1 8 13 12 2 7 3 2 
1 29 1 6 5 6 
43 4 1 
10 22 6 9 1 
1 44 3 
18 2 9 6 1 2 4 1 4 1 
2 9 26 11 
1 20 19 3 3 1 1 
8 17 7 13 3 
12 17 3 7 8 1 
5 29 6 6 1 1 
3 3 42 
29 1 4 8 2 4 
3 18 12 4 4 7 
1 14 31 2 
13 10 5 7 8 2 3 
1 10 35 2 
1 37 10 
4 1 38 1 2 1 1 
16 10 4 12 6 
1 36 1 9 1 
1 26 2 4 8 2 2 2 1 
1 44 2 1 
28 3 9 3 4 1 
44 2 1 1 
1 15 3 10 5 14 
39 6 2 1 
6 13 17 1 1 5 3 1 1 
24 15 1 5 2 1 
4 34 7 3 
8 17 11 3 6 3 
1 43 3 1 
12 1 10 5 6 4 2 4 4 
1 26 20 1 
1 8 2 14 2 9 12 
3 17 4 14 5 2 3 
14 14 20 
3 13 9 19 4 
12 3 14 11 4 3 1 
5 12 31 
21 21 6 
7 36 5 
1 1 17 1 10 2 4 11 1 
9 15 24 
6 35 1 2 1 3 
41 5 2 
7 35 1 5 
2 41 3 1 1 
1 47 
1 18 12 10 5 2 
2 2 20 3 13 2 2 4 
18 21 1 6 2 
10 34 3 1 
6 39 1 2 
2 21 4 9 8 3 1 
1 28 16 3 
20 5 3 14 6 
1 3 16 7 11 7 3 
46 1 1 
10 37 1 
1 27 4 14 1 1 
1 43 1 1 1 1 
6 9 30 1 1 1 
1 46 1 
1 5 27 6 8 1 
3 30 11 1 3 
2 15 24 7 
1 31 13 2 1 
8 22 4 10 3 1 
12 5 21 1 3 1 1 4 
3 15 10 6 12 2 
1 8 34 1 2 2 
22 11 12 2 1 
1 24 23 
2 3 10 30 3 
15 22 9 2 
3 32 5 1 6 1 
48 
48 
1 12 1 9 3 14 7 1 
8 15 1 3 8 13 
1 22 18 2 4 1 
48 
1 47 
1 31 5 6 4 1 
2 33 5 7 1 
1 5 3 25 6 5 1 1 1 
47 1 
1 23 12 7 1 1 2 1 
46 1 1 
28 16 3 1 
1 13 33 1 
4 1 37 6 
4 21 21 1 1 
10 12 22 2 2 
1 14 2 13 11 4 1 2 
3 32 4 7 1 1 
18 13 2 12 1 1 1 
1 12 1 16 18 
5 7 10 22 3 1 
1 18 8 4 11 1 1 2 1 1 
1 10 18 5 10 1 3 
1 12 20 3 5 2 4 1 
6 25 17 
1 32 6 6 3 
39 3 5 1 
1 37 8 1 1 
10 28 6 3 1 
1 1 15 23 6 1 1 
18 26 2 1 1 
2 4 37 5 
13 21 3 5 1 5 
6 35 7 
2 26 19 1 
1 40 5 2 
1 35 9 2 1 
17 22 1 3 5 
1 29 16 1 1 
1 38 9 
3 4 28 12 1 
5 14 27 1 1 
45 3 
48 
20 20 8 
6 36 1 4 1 
2 13 14 17 1 1 
7 26 14 1 
13 4 30 1 
1 46 1 
1 39 8 
1 32 14 1 
26 17 1 2 1 1 
48 
1 10 8 4 15 4 1 1 4 
2 28 15 1 2 
1 40 5 2 
1 23 16 1 7 
6 22 20 
1 5 19 15 2 2 2 1 1 
1 4 7 3 33 
2 39 7 
1 35 2 10 
1 46 1 
1 4 7 16 15 2 1 2 
5 41 2 
2 12 34 
14 14 12 1 3 2 1 1 
5 22 20 1 
48 
20 24 4 
2 20 7 1 14 1 2 1 
2 32 8 5 1 
2 39 4 2 1 
16 6 24 2 
2 26 16 2 2 
29 11 2 6 
1 28 18 1 
4 12 32 
1 24 13 8 1 1 
1 41 2 4 
32 5 2 3 4 1 1 
47 1 
12 19 10 7 
2 11 30 1 1 2 1 
13 6 2 4 14 3 1 3 2 
5 9 14 8 9 2 1 
1 44 3 
1 1 40 1 2 2 1 
1 14 15 16 2 
1 24 16 3 4 
45 1 2 
1 46 1 
2 19 18 8 1 
20 25 2 1 
1 24 15 6 1 1 
2 16 2 18 9 1 
1 40 6 1 
8 23 11 1 4 1 
1 26 7 3 11 
1 8 34 5 
1 43 2 2 
2 29 5 7 4 1 
5 40 3 
10 31 2 5 
1 29 5 3 3 6 1 
1 1 43 3 
47 1 
39 4 2 3 
3 4 31 10 
9 17 1 20 1 
4 7 36 1 
3 6 36 1 2 
31 5 6 6 
1 42 4 1 
5 8 17 5 12 1 
2 26 17 3 
5 22 18 3 
12 35 1 
2 14 1 12 12 1 2 1 1 2 
2 35 11 
3 4 14 9 4 10 3 1 
46 1 1 
22 24 2 
48 
2 12 29 4 1 
1 28 9 4 3 1 2 
16 19 6 7 
2 1 31 9 3 1 1 
2 26 6 10 4 
28 16 4 
1 10 32 2 1 1 1 
42 3 1 1 1 
5 16 16 9 1 1 
16 32 
1 13 5 12 5 2 10 
3 22 4 9 1 3 2 2 2 
2 15 30 1 
25 4 14 5 
9 21 12 3 2 1 
1 41 1 3 1 1 
33 5 2 5 2 1 
7 6 32 2 1 
2 10 11 7 9 3 5 1 
3 8 3 9 24 1 
43 4 1 
7 5 25 5 3 3 
4 9 19 14 2 
1 20 13 6 3 3 1 1 
2 4 37 4 1 
7 39 2 
3 25 13 3 4 
5 24 17 1 1 
1 6 36 4 1 
1 7 9 4 11 3 2 1 6 1 2 1 
8 24 6 7 1 2 
2 45 1 
3 19 26 
2 40 4 2 
3 25 19 1 
23 8 2 2 6 6 1 
1 4 28 4 2 1 6 2 
2 46 
13 24 11 
3 19 21 1 3 1 
1 39 5 3 
8 16 12 8 1 3 
1 15 9 13 4 4 1 1 
1 24 16 2 5 
1 36 9 2 
4 5 34 4 1 
37 2 3 6 
1 29 17 1 
29 15 4 
12 18 15 3 
3 10 33 2 
2 39 7 
20 15 3 2 6 2 
1 35 9 3 
1 4 23 5 12 1 1 1 
5 38 5 
4 24 11 8 1 
1 28 8 5 2 3 1 
2 45 1 
2 15 5 11 11 2 1 1 
1 8 2 15 11 6 5 
2 3 10 15 10 6 2 
14 27 4 2 1 
1 46 1 
9 30 2 4 1 1 1 
2 1 43 1 1 
1 14 7 22 4 
4 5 39 
1 8 9 26 4 
1 27 2 7 5 4 2 
2 21 20 2 3 
1 35 12 
4 9 27 6 1 1 
20 25 2 1 
6 19 22 1 
4 31 13 
9 38 1 
45 3 
1 16 20 11 
2 36 3 4 3 
3 38 6 1 
1 12 15 15 1 3 1 
1 22 15 4 1 2 3 
1 35 5 1 3 1 2 
2 9 22 8 7 
12 16 19 1 
1 7 29 10 1 
3 11 18 13 3 
1 36 6 4 1 
4 18 14 7 2 1 1 1 
29 10 9 
2 26 17 1 1 1 
2 21 25 
48 
1 2 35 2 2 4 2 
26 19 3 
1 20 5 18 1 2 1 
2 1 6 16 11 10 1 1 
1 22 21 3 1 
1 41 2 4 
2 36 1 6 3 
1 12 12 8 3 7 5 
1 5 17 2 7 15 1 
3 32 7 6 
47 1 
1 3 6 23 3 4 3 4 1 
1 5 24 11 1 1 1 2 1 1 
3 29 4 9 2 1 
1 34 5 8 
2 18 12 1 14 1 
1 46 1 
2 23 22 1 
2 21 17 3 2 1 1 1 
2 19 22 2 3 
3 42 3 
1 23 6 5 10 1 1 1 
4 21 1 1 4 6 5 2 4 
1 34 8 5 
5 32 5 2 1 1 2 
9 21 18 
1 42 2 2 1 
2 4 38 3 1 
27 8 1 1 6 4 1 
3 43 2 
1 25 21 1 
1 2 44 1 
1 34 13 
17 4 9 3 3 1 7 1 3 
2 28 7 8 3 
1 23 4 5 12 3 
7 13 5 4 8 7 2 1 1 
1 22 4 16 4 1 
15 4 26 3 
1 30 14 3 
1 14 33 
1 15 31 1 
13 16 2 6 9 1 1 
1 37 9 1 
2 11 16 4 5 6 4 
1 20 7 3 2 13 1 1 
6 39 2 1 
8 16 24 
26 12 10 
6 19 9 11 1 2 
3 32 12 1 
1 21 4 17 5 
3 28 10 7 
11 26 3 1 1 3 3 
2 41 5 
5 8 19 11 5 
3 23 14 4 2 2 
1 26 7 5 2 2 4 1 
33 8 5 2 
2 24 14 3 5 
33 9 4 2 
2 30 16 
7 32 8 1 
4 42 2 
8 24 14 1 1 
2 20 1 18 5 2 
1 10 26 11 
2 26 20 
2 43 1 2 
45 3 
26 11 7 3 1 
14 29 5 
1 41 5 1 
5 24 15 3 1 
3 4 5 27 6 2 1 
4 36 8 
1 38 1 2 2 1 2 1 
23 13 9 1 1 1 
3 43 2 
1 17 16 13 1 
37 9 2 
3 5 18 1 16 5 
1 33 6 1 1 1 5 
1 30 17 
1 2 7 28 2 4 1 2 1 
4 24 15 3 2 
4 17 23 1 3 
1 25 16 4 2 
1 13 8 24 2 
8 22 5 5 5 1 2 
2 8 5 2 19 1 10 1 
46 1 1 
1 42 5 
1 42 5 
2 2 10 26 3 5 
8 34 3 1 2 
1 11 3 28 2 1 1 1 
5 3 26 12 1 1 
1 26 17 1 3 
1 42 5 
1 7 10 21 8 1 
6 40 1 1 
1 2 6 21 1 16 1 
5 18 25 
18 17 13 
2 30 16 
1 44 3 
2 2 12 10 17 1 2 1 1 
1 38 3 4 1 1 
2 23 17 4 2 
5 41 1 1 
1 31 1 14 1 
6 19 18 3 2 
4 19 17 7 1 
4 25 13 2 3 1 
1 44 3 
3 5 2 29 4 5 
11 6 30 1 
5 31 12 
4 19 25 
19 21 8 
29 10 9 
30 8 8 2 
27 19 2 
22 7 16 2 1 
8 3 36 1 
1 10 8 4 10 9 6 
4 40 1 1 2 
1 5 3 20 19 
2 8 38 
5 25 16 2 
1 3 13 6 16 8 1 
1 3 38 1 2 2 1 
12 10 20 6 
1 27 10 5 2 3 
2 7 18 5 2 10 3 1 
1 8 11 18 3 4 1 2 
2 23 21 2 
7 25 10 1 5 
47 1 
16 11 4 13 3 1 
2 15 18 2 2 6 3 
3 6 19 8 3 5 3 1 
4 12 32 
8 35 2 2 1 
5 41 2 
3 23 15 3 1 3 
1 19 3 11 3 9 1 1 
1 22 4 15 4 1 1 
1 24 14 7 2 
6 36 6 
2 19 1 1 17 2 5 1 
13 24 11 
2 31 3 10 1 1 
12 25 3 3 4 1 
1 14 18 13 1 1 
7 1 10 5 25 
32 12 4 
4 39 1 4 
40 4 4 
4 13 4 17 10 
2 21 4 5 1 9 1 3 1 1 
1 40 2 2 1 1 1 
2 20 13 5 4 2 2 
1 41 6 
6 18 14 2 5 1 1 1 
1 8 9 20 6 1 3 
3 6 13 5 15 5 1 
1 13 28 4 2 
4 39 2 2 1 
1 22 14 7 2 2 
1 20 17 5 4 1 
1 38 7 1 1 
1 42 5 
5 21 6 10 4 2 
1 17 15 3 8 2 2 
8 17 16 5 2 
1 33 13 1 
1 2 25 1 17 1 1 
3 40 1 1 1 1 1 
39 7 1 1 
1 11 15 17 3 1 
3 12 27 6 
1 24 23 
6 39 1 2 
2 25 13 4 1 3 
4 2 38 4 
5 24 10 5 3 1 
2 16 13 12 5 
13 8 3 8 12 4 
21 27 
21 15 3 1 6 2 
2 12 26 1 3 2 2 
43 3 2 
1 20 26 1 
2 35 4 3 1 2 1 
1 37 2 8 
2 8 16 15 6 1 
2 17 26 1 2 
47 1 
1 4 5 14 18 2 3 1 
1 32 15 
1 41 1 4 1 
2 37 1 8 
3 8 3 29 2 1 1 1 
3 8 37 
1 38 3 5 1 
7 32 9 
30 10 4 3 1 
3 2 6 26 3 5 3 
37 11 
46 1 1 
48 
1 14 24 4 3 2 
26 3 11 2 5 1 
31 6 6 3 2 
36 6 1 5 
19 28 1 
1 37 2 6 1 1 
23 5 5 10 3 2 
1 36 6 2 1 1 1 
1 37 9 1 
1 43 4 
4 17 27 
1 30 11 2 4 
1 11 30 4 2 
2 29 17 
1 11 5 31 
1 10 19 2 10 4 2 
3 25 13 1 2 1 3 
2 26 5 8 3 2 2 
3 36 9 
2 13 4 18 5 3 2 1 
1 9 32 3 1 2 
1 23 8 1 7 8 
6 8 18 8 1 2 2 2 1 
1 30 1 10 6 
20 19 8 1 
37 8 1 2 
2 33 5 3 2 2 1 
1 38 8 1 
4 10 32 2 
1 40 2 5 
1 15 19 5 3 3 2 
1 21 7 6 3 4 3 1 1 1 
12 7 5 8 2 6 1 5 1 1 
24 3 1 20 
1 44 1 2 
16 9 21 2 
1 26 13 6 2 
2 22 11 7 2 2 2 
5 9 32 2 
2 46 
1 35 8 4 
7 34 7 
1 14 18 7 5 3 
1 2 9 6 5 2 9 1 9 3 1 
3 36 8 1 
26 15 5 1 1 
24 19 4 1 
1 4 20 7 12 4 
16 18 14 
4 5 5 14 13 6 1 
8 2 33 5 
1 1 9 7 19 1 9 1 
40 1 5 1 1 
1 43 4 
7 32 9 
48 
1 39 5 3 
2 42 4 
6 28 2 3 7 2 
17 28 3 
1 11 21 11 2 1 1 
3 32 1 12 
1 11 35 1 
1 5 33 1 5 1 2 
2 4 10 19 13 
1 9 38 
6 21 12 6 3 
1 35 2 1 5 1 2 1 
6 28 3 4 7 
13 18 1 2 12 1 1 
1 47 
47 1 
4 24 4 2 9 2 1 2 
8 20 20 
47 1 
1 25 22 
1 14 3 23 2 3 1 1 
1 10 9 7 2 16 3 
4 34 1 1 2 5 1 
3 19 23 2 1 
6 3 7 27 2 2 1 
2 5 15 12 8 5 1 
3 40 1 3 1 
1 19 2 6 3 4 2 9 1 1 
1 11 9 26 1 
43 2 3 
4 44 
1 41 1 5 
4 1 13 25 1 4 
4 7 31 3 1 1 1 
1 25 15 1 5 1 
6 36 1 5 
1 10 19 11 4 3 
1 15 19 12 1 
1 20 26 1 
1 36 10 1 
1 12 22 8 3 2 
1 47 
2 38 1 7 
1 41 6 
4 5 17 21 1 
2 25 15 3 1 1 1 
1 43 3 1 
2 37 1 3 5 
48 
2 40 2 1 2 1 
1 2 33 7 4 1 
1 4 3 19 9 6 6 
1 1 36 3 5 1 1 
21 23 3 1 
1 46 1 
2 43 3 
1 12 18 1 1 1 2 7 5 
2 40 4 2 
1 3 32 9 1 2 
1 46 1 
2 40 6 
1 7 5 32 1 1 1 
7 19 9 1 3 9 
2 24 13 8 1 
3 4 30 3 8 
1 2 19 25 1 
12 10 2 12 4 2 5 1 
1 26 17 2 2 
1 37 10 
2 28 2 5 10 1 
4 17 26 1 
2 39 7 
1 14 22 8 2 1 
1 2 11 8 24 2 
47 1 
2 11 10 4 3 14 2 2 
3 40 5 
33 1 13 1 
13 4 15 15 1 
11 8 11 7 6 1 3 1 
4 41 3 
1 27 18 2 
7 31 3 4 3 
1 16 31 
47 1 
27 13 4 3 1 
27 21 
5 10 2 31 
3 39 6 
1 24 15 8 
1 26 2 16 2 1 
2 24 19 1 2 
3 31 3 1 4 6 
1 21 9 1 6 7 3 
34 6 7 1 
16 19 13 
8 25 14 1 
47 1 
2 2 30 9 1 3 1 
2 15 31 
3 35 10 
4 8 27 2 3 3 1 
3 24 20 1 
1 31 14 2 
1 5 2 11 16 8 2 3 
1 14 5 28 
1 1 14 17 1 12 2 
1 37 10 
18 1 22 5 2 
5 16 3 18 4 2 
1 27 17 1 2 
45 3 
1 37 1 9 
3 15 29 1 
19 2 20 6 1 
4 20 17 1 2 3 1 
1 19 28 
3 14 25 2 1 1 2 
1 47 
2 41 5 
36 6 4 1 1 
13 10 9 11 5 
1 13 14 14 6 
5 11 21 9 2 
1 26 17 3 1 
4 34 7 2 1 
35 6 7 
1 28 19 
5 16 22 4 1 
1 47 
1 40 7 
6 40 2 
11 28 6 1 2 
2 7 26 7 5 1 
13 18 11 6 
2 25 2 17 1 1 
12 5 18 1 8 2 1 1 
6 33 6 3 
3 19 18 6 2 
1 29 18 
1 15 6 23 3 
1 43 1 1 1 1 
46 1 1 
18 2 26 2 
3 35 1 2 1 3 3 
1 17 18 11 1 
1 32 15 
23 20 1 4 
1 13 3 23 2 3 1 2 
2 15 8 5 1 10 1 4 2 
45 3 
41 6 1 
1 37 8 1 1 
5 10 1 24 2 6 
3 26 14 4 1 
39 4 3 2 
1 37 2 5 1 1 1 
1 29 17 1 
2 32 1 7 5 1 
1 45 1 1 
18 15 10 1 1 2 1 
3 16 28 1 
1 2 10 9 25 1 
6 13 22 7 
48 
1 2 39 5 1 
14 14 20 
19 23 6 
9 36 3 
1 23 24 
2 4 42 
31 11 6 
1 42 1 3 1 
2 12 24 6 2 2 
45 1 1 1 
3 16 2 9 8 3 3 1 1 2 
1 16 15 13 3 
1 37 10 
10 20 11 7 
18 13 9 2 5 1 
3 31 14 
1 40 1 4 2 
2 21 3 17 5 
4 31 9 2 1 1 
5 34 5 4 
1 25 13 1 2 3 1 1 1 
1 40 7 
20 8 6 4 3 7 
2 31 14 1 
2 12 9 14 6 4 1 
2 45 1 
13 13 6 16 
4 32 8 4 
23 11 4 9 1 
1 13 11 20 1 2 
1 22 2 9 7 3 4 
8 40 
1 13 27 1 4 1 1 
1 12 31 1 1 2 
1 43 4 
48 
1 28 18 1 
1 45 2 
35 8 3 2 
7 9 32 
1 47 
1 16 5 12 4 8 2 
1 38 5 4 
13 9 26 
1 26 13 3 4 1 
20 4 9 13 2 
44 3 1 
3 12 24 9 
2 34 10 1 1 
17 11 17 3 
2 17 12 16 1 
3 40 2 2 1 
5 1 26 8 5 2 1 
2 11 27 7 1 
1 25 22 
2 33 9 2 2 
1 46 1 
2 19 11 12 3 1 
1 19 25 1 1 1 
13 6 8 15 6 
32 16 
2 29 5 5 7 
2 9 32 2 3 
11 22 15 
2 7 35 3 1 
1 3 3 32 4 3 2 
12 7 29 
15 28 3 2 
8 22 18 
1 10 34 3 
8 16 24 
12 1 35 
3 8 37 
27 8 9 3 1 
9 28 9 2 
37 2 4 5 
1 13 17 1 6 7 1 1 1 
15 19 7 7 
4 39 3 2 
1 19 25 3 
15 12 18 3 
5 37 6 
29 16 3 
10 38 
1 20 3 1 1 11 6 2 1 2 
48 
43 4 1 
2 17 2 21 3 2 1 
47 1 
3 40 2 1 1 1 
1 38 2 1 2 2 1 1 
8 13 25 1 1 
1 47 
2 13 16 16 1 
21 15 10 2 
7 10 14 15 2 
3 27 11 4 2 1 
2 40 5 1 
2 18 26 1 1 
1 13 4 19 4 7 
6 29 4 8 1 
6 21 8 11 1 1 
1 22 15 3 3 3 1 
4 37 7 
1 35 11 1 
1 46 1 
4 21 23 
5 30 6 6 1 
1 33 7 6 1 
1 39 7 1 
1 26 1 18 1 1 
5 3 20 14 3 2 1 
2 18 7 3 1 7 2 5 1 2 
46 1 1 
24 21 2 1 
1 44 3 
22 23 2 1 
41 4 1 2 
1 33 11 1 2 
8 27 13 
8 38 1 1 
7 41 
7 31 6 3 1 
1 30 1 14 1 1 
30 17 1 
1 44 3 
6 23 3 6 10 
1 38 3 3 2 1 
29 18 1 
1 40 6 1 
4 19 5 15 5 
48 
1 16 1 20 9 1 
2 35 2 8 1 
4 36 3 5 
1 32 10 5 
1 42 1 2 1 1 
1 46 1 
4 36 5 2 1 
1 34 10 3 
14 20 12 1 1 
2 1 42 1 2 
2 36 5 2 2 1 
1 27 4 12 1 3 
47 1 
3 29 14 1 1 
1 16 13 5 10 3 
5 6 20 9 1 3 4 
2 8 8 19 11 
16 2 29 1 
4 29 11 3 1 
1 8 30 4 5 
12 17 3 9 5 2 
3 14 2 25 4 
17 18 7 2 3 1 
6 38 3 1 
2 22 20 3 1 
1 1 46 
1 45 1 1 
1 40 3 2 1 1 
1 44 3 
20 10 12 1 4 1 
3 24 7 13 1 
1 22 19 6 
1 25 1 3 8 10 
3 31 7 1 5 1 
1 38 2 1 5 1 
48 
1 28 19 
1 4 8 7 24 2 1 1 
11 13 21 2 1 
2 18 7 2 11 1 6 1 
3 40 2 2 1 
3 5 7 1 14 14 4 
8 1 6 10 3 14 3 1 2 
7 38 3 
8 38 1 1 
20 17 11 
17 25 6 
2 24 3 7 1 11 
1 18 14 15 
1 26 13 1 4 2 1 
1 12 23 3 9 
11 36 1 
1 29 13 4 1 
4 29 1 12 1 1 
46 1 1 
13 25 2 6 2 
1 45 2 
2 8 15 20 2 1 
1 41 1 4 1 
1 24 14 8 1 
1 26 6 14 1 
10 28 1 6 2 1 
10 7 22 4 5 
1 47 
17 27 4 
2 6 40 
2 45 1 
3 24 11 7 2 1 
1 4 37 1 1 1 1 2 
1 43 4 
7 24 8 7 2 
4 36 6 2 
1 39 8 
7 18 21 1 1 
4 22 4 18 
1 39 2 5 1 
13 33 2 
1 38 6 1 2 
31 11 1 3 2 
1 42 2 3 
1 32 1 3 2 1 8 
46 2 
1 5 20 20 2 
2 3 41 2 
5 23 10 1 4 4 1 
4 8 31 4 1 
1 41 6 
1 8 3 11 2 17 3 3 
8 40 
1 39 1 1 1 2 2 1 
5 21 19 3 
1 20 11 15 1 
3 42 2 1 
1 32 3 6 2 3 1 
5 22 2 16 3 
1 14 16 11 6 
1 42 4 1 
2 41 5 
1 13 3 14 10 7 
1 45 2 
1 13 2 8 9 13 2 
4 3 15 7 19 
1 38 4 5 
16 3 6 18 4 1 
1 36 8 3 
48 
1 28 17 1 1 
1 36 11 
1 15 18 12 1 1 
4 4 27 9 3 1 
1 18 3 24 2 
1 30 10 1 6 
1 47 
1 3 13 26 2 2 1 
2 12 32 2 
7 38 2 1 
1 30 11 2 2 1 1 
4 30 7 2 3 2 
48 
12 28 4 4 
3 27 16 2 
2 9 37 
10 8 7 16 1 1 2 1 1 1 
2 44 2 
1 2 45 
1 45 2 
37 8 1 2 
1 42 3 2 
1 2 9 6 15 12 3 
1 20 22 2 3 
1 16 31 
1 24 19 3 1 
1 20 27 
1 3 42 1 1 
2 11 22 4 8 1 
17 4 15 10 1 1 
2 40 6 
1 40 5 1 1 
30 13 3 1 1 
3 14 21 7 3 
3 39 4 1 1 
29 17 1 1 
1 14 4 20 5 3 1 
2 4 15 3 5 1 13 1 1 2 1 
29 15 4 
1 47 
1 39 8 
6 27 14 1 
1 13 12 1 7 5 2 2 5 
39 7 2 
2 33 9 2 1 1 
4 32 4 6 1 1 
1 35 12 
1 36 2 5 3 1 
1 30 15 2 
1 8 2 25 1 4 3 1 1 2 
35 10 3 
7 21 20 
3 34 2 8 1 
1 41 2 2 1 1 
35 7 3 1 1 1 
1 43 3 1 
1 35 7 4 1 
1 42 5 
1 44 1 2 
1 30 15 2 
1 8 28 5 4 1 1 
5 43 
4 37 1 4 2 
3 35 7 1 2 
2 2 39 3 2 
3 28 15 1 1 
1 33 10 1 1 2 
2 43 2 1 
2 12 20 8 6 
3 28 11 6 
41 5 1 1 
21 2 20 4 1 
1 12 20 9 2 3 1 
1 7 34 2 3 1 
18 5 23 2 
2 5 38 1 1 1 
2 16 1 14 5 1 1 1 6 1 
1 35 9 1 1 1 
12 12 9 4 10 1 
2 22 19 1 4 
1 32 5 2 3 3 2 
2 20 17 8 1 
2 43 1 1 1 
1 28 19 
1 47 
1 29 11 6 1 
1 34 1 4 2 2 2 1 1 
1 29 18 
1 26 6 7 1 7 
2 36 10 
12 26 6 1 3 
10 1 25 9 3 
2 44 2 
1 47 
7 22 18 1 
3 8 20 10 4 1 1 1 
1 12 17 16 2 
12 21 7 5 2 1 
5 13 25 5 
4 11 28 3 1 1 
6 1 15 26 
12 23 6 3 1 2 1 
26 16 2 2 2 
1 43 1 3 
14 20 4 1 4 5 
1 19 21 4 3 
47 1 
1 35 1 7 3 1 
1 31 6 5 3 2 
6 27 11 3 1 
2 26 14 6 
3 30 12 2 1 
3 45 
13 27 1 7 
46 2 
1 9 38 
1 35 6 2 3 1 
2 29 5 12 
5 27 1 10 1 4 
1 23 9 14 1 
2 36 7 2 1 
14 18 2 2 10 1 1 
5 1 12 11 1 18 
1 45 2 
1 2 11 16 9 2 1 4 1 1 
4 20 24 
19 19 6 2 1 1 
15 22 6 5 
1 3 29 10 5 
43 1 3 1 
1 15 31 1 
1 26 3 4 4 10 
37 3 4 3 1 
7 17 12 10 2 
42 3 2 1 
11 36 1 
16 18 12 1 1 
1 36 10 1 
2 24 4 8 4 3 1 1 1 
45 3 
1 39 1 1 3 1 1 1 
2 40 4 1 1 
7 24 14 3 
16 4 27 1 
14 30 1 3 
5 26 13 3 1 
1 1 41 3 1 1 
2 11 35 
3 17 24 2 2 
1 5 7 33 2 
12 15 4 2 11 2 2 
2 10 15 4 4 3 6 4 
19 23 6 
1 10 19 8 9 1 
36 7 5 
4 43 1 
1 44 1 2 
1 47 
2 15 3 3 22 2 1 
2 2 10 20 2 6 5 1 
22 3 21 1 1 
18 29 1 
2 16 5 4 10 5 2 4 
5 10 23 8 2 
1 39 7 1 
4 40 2 2 
4 16 27 1 
6 41 1 
1 7 31 8 1 
1 40 4 2 1 
1 16 31 
1 12 18 1 2 13 1 
10 14 16 8 
8 36 4 
47 1 
1 14 31 1 1 
1 37 4 1 2 1 2 
1 11 19 14 2 1 
1 22 12 11 2 
1 36 10 1 
1 10 28 1 6 1 1 
1 19 6 22 
1 30 17 
19 27 1 1 
1 31 5 5 6 
1 19 16 2 4 3 3 
3 21 16 2 3 2 1 
3 41 1 3 
1 10 10 24 3 
1 15 12 19 1 
13 21 7 7 
17 30 1 
1 35 4 1 2 2 1 2 
1 44 3 
7 9 7 3 3 2 14 2 1 
45 1 2 
10 37 1 
6 17 5 12 6 2 
1 46 1 
1 42 5 
7 34 1 5 1 
3 18 13 1 4 1 3 1 4 
2 8 38 
1 41 5 1 
2 40 5 1 
3 39 6 
1 39 8 
2 10 36 
2 30 10 1 1 1 3 
33 1 1 6 4 1 2 
5 5 11 22 2 3 
1 17 29 1 
12 8 4 2 9 3 4 1 3 1 1 
34 9 2 1 1 1 
23 10 7 5 3 
5 26 6 3 7 1 
22 22 4 
1 6 24 5 9 2 1 
42 1 2 2 1 
4 18 4 8 12 1 1 
39 7 1 1 
3 43 2 
2 28 15 3 
5 43 
10 24 1 2 11 
1 22 23 1 1 
1 24 22 1 
1 33 8 6 
1 47 
3 45 
2 31 1 9 1 2 2 
2 4 26 12 2 1 1 
3 41 2 1 1 
1 16 3 18 5 3 2 
2 18 1 7 16 3 1 
1 15 31 1 
1 19 28 
2 34 5 1 6 
3 17 9 17 1 1 
4 20 4 17 3 
11 16 12 9 
41 3 4 
3 7 23 1 4 6 3 1 
29 13 2 1 2 1 
1 2 41 2 2 
15 23 5 1 3 1 
48 
29 13 6 
42 5 1 
22 7 10 3 2 3 1 
12 10 8 7 3 1 5 2 
9 9 3 5 19 1 2 
6 41 1 
25 13 1 8 1 
9 29 6 2 2 
3 12 13 20 
6 19 13 2 4 1 1 1 1 
37 3 5 1 1 1 
1 12 30 2 3 
4 6 27 6 1 1 3 
1 29 5 9 1 3 
6 31 11 
7 25 8 5 1 2 
2 8 11 8 13 1 2 3 
2 12 30 4 
22 4 1 7 2 7 3 1 1 
1 23 2 6 8 1 3 2 2 
46 1 1 
2 17 16 13 
4 18 12 4 3 4 2 1 
4 42 2 
5 38 5 
1 16 16 3 6 6 
1 21 9 4 11 1 1 
11 11 14 8 1 1 1 1 
11 5 25 6 1 
3 7 30 4 3 1 
3 13 28 3 1 
1 32 4 2 8 1 
30 8 4 5 1 
8 10 8 17 3 1 1 
8 33 6 1 
2 42 3 1 
35 3 7 3 
1 13 17 3 6 3 4 1 
4 40 1 3 
7 19 10 6 2 3 1 
5 22 3 1 1 5 4 1 3 2 1 
22 25 1 
39 9 
1 15 27 3 2 
1 11 35 1 
9 24 5 6 3 1 
9 2 20 15 1 1 
1 11 21 4 8 2 1 
1 47 
1 3 23 21 
1 13 26 2 4 1 1 
10 33 3 1 1 
13 19 15 1 
1 2 37 3 3 2 
1 23 24 
1 45 2 
1 26 21 
3 2 8 9 15 4 6 1 
2 43 1 2 
1 29 18 
29 15 1 3 
3 3 9 12 7 2 10 2 
1 29 11 3 2 1 1 
5 30 2 8 3 
1 32 13 2 
5 10 26 6 1 
47 1 
1 43 3 1 
1 11 31 3 1 1 
2 16 23 6 1 
11 10 10 10 7 
4 11 10 15 5 2 1 
6 37 4 1 
9 25 13 1 
6 26 16 
1 13 13 5 11 3 2 
4 31 8 5 
1 22 3 8 2 9 1 1 1 
33 11 4 
4 11 9 12 12 
3 32 11 2 
3 24 5 2 9 2 3 
15 22 7 3 1 
1 17 8 10 8 4 
2 41 4 1 
1 28 12 4 3 
1 33 3 4 7 
1 8 15 23 1 
4 13 7 19 4 1 
1 7 8 19 10 1 2 
4 18 23 2 1 
32 3 13 
2 16 24 6 
1 36 11 
4 36 5 1 2 
2 2 43 1 
32 9 4 2 1 
1 28 4 1 5 3 4 1 1 
7 13 13 8 2 1 2 1 1 
20 17 9 1 1 
5 10 1 9 22 1 
6 41 1 
1 38 7 2 
23 20 5 
1 39 3 2 3 
1 28 8 1 2 8 
2 30 15 1 
1 14 33 
48 
2 26 15 4 1 
4 22 4 8 8 1 1 
1 40 7 
1 36 2 5 3 1 
20 12 3 8 3 1 1 
11 28 1 5 2 1 
1 28 3 11 5 
1 12 1 25 9 
1 28 17 2 
1 27 13 4 3 
40 2 2 2 1 1 
1 26 1 13 1 3 3 
15 9 12 3 9 
4 30 13 1 
1 44 1 2 
1 6 5 12 2 5 16 1 
16 18 3 10 1 
40 4 1 1 1 1 
7 40 1 
4 43 1 
45 2 1 
1 37 9 1 
2 43 1 1 1 
1 43 1 2 1 
1 3 23 13 8 
37 2 7 1 1 
1 25 18 2 2 
1 11 7 14 2 1 10 2 
4 22 6 7 5 2 2 
1 34 9 4 
1 41 5 1 
4 8 29 4 1 2 
1 20 13 7 2 1 1 3 
1 24 10 13 
2 33 13 
2 33 13 
14 9 18 5 2 
2 40 5 1 
12 24 12 
3 8 16 5 6 1 8 1 
1 7 21 10 4 5 
6 39 2 1 
1 9 14 10 3 3 4 1 3 
31 4 3 10 
1 43 2 2 
1 3 30 11 2 1 
2 31 5 10 
1 9 10 5 9 4 4 6 
1 34 12 1 
2 1 45 
21 11 15 1 
2 27 19 
1 29 14 1 1 2 
1 14 11 13 9 
1 12 14 18 1 1 1 
1 15 20 6 6 
1 45 2 
1 37 5 5 
2 37 2 6 1 
21 21 6 
4 44 
1 2 36 3 4 2 
3 23 2 12 2 1 1 2 1 1 
2 25 17 4 
1 23 13 2 1 8 
1 41 6 
7 25 12 3 1 
1 36 11 
1 20 12 14 1 
1 32 6 4 2 3 
2 11 13 17 3 1 1 
33 8 7 
1 30 10 4 1 1 1 
8 1 19 19 1 
3 6 21 4 7 2 3 2 
14 2 21 5 6 
42 3 1 1 1 
1 15 9 13 4 4 2 
2 10 24 12 
11 6 21 2 2 6 
2 1 21 14 7 2 1 
2 15 21 4 1 2 2 1 
1 1 41 4 1 
39 2 3 3 1 
1 9 25 3 10 
1 26 10 3 8 
5 7 35 1 
2 14 18 3 3 3 1 3 1 
4 17 17 3 3 3 1 
2 9 14 2 11 4 2 3 1 
43 2 3 
2 41 5 
2 35 4 3 1 3 
3 23 5 17 
1 22 14 4 6 1 
47 1 
4 21 9 3 8 2 1 
4 11 27 1 1 4 
5 26 5 4 1 7 
22 2 5 16 1 1 1 
28 5 4 2 3 1 4 1 
1 21 13 4 4 3 1 1 
6 27 15 
25 19 3 1 
1 38 7 2 
1 13 33 1 
2 15 28 1 2 
1 35 8 2 1 1 
2 12 25 5 2 2 
1 14 27 5 1 
28 18 2 
11 34 3 
14 14 19 1 
5 8 29 3 3 
1 23 8 15 1 
7 23 10 8 
1 45 1 1 
2 26 20 
2 41 3 1 1 
4 23 11 6 4 
3 33 7 1 4 
1 9 17 9 1 5 4 1 1 
11 31 6 
43 1 1 2 1 
24 6 17 1 
2 11 14 17 1 3 
3 43 2 
2 43 2 1 
20 8 3 2 1 1 1 7 2 1 2 
17 16 4 4 1 4 2 
9 38 1 
43 2 2 1 
1 27 14 1 3 1 1 
9 27 8 1 2 1 
38 2 2 3 2 1 
1 3 26 6 2 6 3 1 
5 16 9 9 5 3 1 
39 4 4 1 
12 22 8 6 
1 43 4 
3 9 34 1 1 
1 35 6 3 3 
31 1 9 7 
1 29 10 6 2 
1 9 24 9 3 1 1 
1 29 1 15 2 
26 17 2 2 1 
39 2 7 
1 43 3 1 
1 8 22 4 9 2 1 1 
2 40 1 5 
35 7 5 1 
10 9 7 8 13 1 
1 2 31 1 10 2 1 
1 40 4 3 
5 42 1 
1 41 2 4 
1 37 1 7 1 1 
1 44 3 
1 38 3 4 1 1 
7 41 
2 31 6 7 1 1 
6 21 16 1 1 2 1 
5 5 24 14 
1 34 13 
23 21 4 
2 41 4 1 
3 38 7 
6 5 26 7 4 
9 6 33 
3 12 21 4 3 2 3 
1 37 4 6 
1 30 1 15 1 
1 47 
6 25 3 9 4 1 
6 4 5 21 5 4 1 1 1 
1 14 32 1 
4 25 10 9 
1 33 14 
2 45 1 
21 7 9 1 10 
3 40 4 1 
2 29 16 1 
9 6 4 1 19 6 1 2 
20 3 4 13 3 1 1 1 2 
6 33 1 8 
2 10 20 10 3 2 1 
2 13 10 11 6 1 4 1 
8 8 7 21 1 3 
13 14 18 3 
2 42 4 
3 34 8 2 1 
6 34 8 
3 29 13 3 
4 43 1 
5 29 14 
1 18 14 8 4 3 
4 36 5 2 1 
8 26 7 4 2 1 
2 42 2 1 1 
48 
1 3 36 5 3 
1 46 1 
1 14 27 5 1 
13 11 18 5 1 
1 14 26 4 2 1 
1 30 15 1 1 
48 
4 29 2 12 1 
6 40 2 
8 29 11 
18 20 10 
1 1 27 7 11 1 
1 11 18 8 2 1 6 1 
2 38 6 2 
5 20 6 14 2 1 
1 22 20 3 1 1 
1 17 5 8 4 2 1 6 3 1 
1 35 5 4 3 
43 1 3 1 
11 14 22 1 
6 26 11 5 
5 13 6 15 9 
1 32 13 2 
1 41 5 1 
1 34 11 1 1 
1 33 8 5 1 
2 16 1 29 
1 34 5 2 3 3 
8 11 14 13 1 1 
6 20 4 17 1 
6 34 1 2 1 1 1 2 
3 26 6 5 8 
2 46 
1 23 10 1 5 3 1 3 1 
39 2 3 4 
2 26 6 12 1 1 
9 22 16 1 
17 28 1 2 
6 31 11 
5 17 23 3 
1 47 
1 9 16 21 1 
15 32 1 
3 20 24 1 
12 27 1 5 3 
1 14 29 3 1 
1 33 7 5 1 1 
1 25 19 3 
45 1 1 1 
1 22 22 3 
1 42 3 1 1 
1 44 1 2 
1 37 10 
3 5 16 8 12 4 
25 3 1 10 4 4 1 
3 3 15 19 4 3 1 
1 41 6 
1 23 1 4 8 1 7 1 2 
9 35 4 
1 6 37 1 1 1 1 
2 32 3 5 1 4 1 
25 16 7 
47 1 
2 6 16 2 3 11 4 4 
16 23 2 5 1 1 
1 45 2 
1 27 9 5 6 
6 21 21 
1 47 
3 15 30 
1 44 1 2 
1 27 7 10 1 2 
1 39 8 
10 25 6 5 1 1 
43 2 2 1 
1 20 17 1 8 1 
3 25 12 7 1 
1 24 9 4 3 7 
1 13 24 6 3 1 
2 14 31 1 
1 27 9 1 9 1 
1 34 4 5 1 2 1 
10 6 22 5 1 3 1 
12 20 16 
2 19 13 9 4 1 
1 11 23 1 8 1 2 1 
1 30 8 7 2 
5 5 38 
1 20 27 
23 22 2 1 
3 39 6 
20 4 19 3 2 
2 5 24 12 1 1 1 1 1 
2 6 7 30 1 1 1 
47 1 
1 23 17 2 5 
1 4 1 7 3 12 11 4 1 3 1 
1 34 4 5 1 1 1 1 
1 45 2 
4 14 7 18 5 
2 20 3 22 1 
47 1 
9 33 3 2 1 
14 27 7 
8 29 9 1 1 
2 9 29 7 1 
3 31 13 1 
2 29 1 12 4 
9 33 6 
4 41 1 2 
13 4 1 3 6 15 3 2 1 
40 8 
7 10 5 4 19 2 1 
2 22 21 3 
17 16 5 1 7 2 
48 
1 45 2 
1 8 7 25 5 1 1 
1 19 24 1 3 
1 44 1 2 
1 7 38 2 
5 33 10 
3 43 2 
1 46 1 
6 1 15 26 
4 8 27 6 3 
1 35 12 
1 15 8 8 16 
3 12 10 8 12 3 
6 41 1 
37 8 2 1 
2 35 2 5 3 1 
33 14 1 
1 7 10 7 5 16 2 
2 9 19 8 1 8 1 
48 
3 37 1 2 3 2 
26 7 15 
2 13 16 4 5 5 1 2 
18 18 8 4 
2 35 11 
4 8 8 19 4 1 3 1 
3 17 14 9 1 4 
2 19 22 4 1 
3 13 25 7 
3 14 2 24 4 1 
1 30 16 1 
1 30 6 8 3 
2 14 4 11 10 1 1 2 2 1 
1 42 1 1 2 1 
22 7 16 3 
1 45 2 
1 23 22 1 1 
12 16 15 3 2 
2 20 7 14 5 
14 16 2 12 4 
47 1 
1 3 37 1 1 2 3 
5 15 10 11 7 
7 1 30 8 2 
19 7 6 5 4 7 
1 42 5 
1 10 3 18 7 9 
2 46 
2 29 2 12 3 
1 5 12 13 10 1 5 1 
30 5 7 6 
28 7 2 5 3 3 
1 17 19 7 4 
1 41 5 1 
1 38 4 2 1 2 
48 
1 42 5 
1 10 12 1 21 1 1 1 
5 21 7 15 
1 21 20 6 
1 33 6 2 4 1 1 
36 6 5 1 
1 42 2 2 1 
1 44 3 
9 6 12 1 9 7 4 
1 6 27 12 1 1 
2 19 27 
15 22 11 
3 6 27 8 1 1 2 
3 4 34 6 1 
46 2 
33 8 3 4 
2 27 9 10 
2 26 20 
4 16 25 3 
1 44 2 1 
2 10 26 6 2 1 1 
4 24 15 4 1 
1 40 3 4 
5 16 10 1 15 1 
48 
1 20 4 6 7 4 2 1 1 2 
1 15 26 1 4 1 
1 41 3 1 2 
1 10 33 4 
1 9 26 1 8 3 
1 7 35 4 1 
22 22 4 
3 41 4 
16 32 
16 10 19 2 1 
1 38 9 
2 12 31 2 1 
4 30 13 1 
1 22 5 15 3 2 
1 41 1 5 
2 9 25 8 1 1 1 1 
1 47 
44 3 1 
1 23 9 3 2 3 2 4 1 
12 13 12 8 1 2 
5 31 2 6 4 
2 23 2 12 3 2 2 1 1 
1 3 37 5 1 1 
1 31 4 4 1 5 1 1 
2 15 27 1 1 1 1 
2 30 15 1 
1 38 2 2 5 
11 17 5 12 1 2 
15 1 13 2 7 1 9 
27 11 10 
1 2 37 7 1 
1 3 10 11 7 3 11 1 1 
5 5 23 12 2 1 
48 
36 11 1 
1 22 9 7 2 2 5 
2 45 1 
1 18 4 11 1 1 4 3 5 
1 46 1 
1 29 5 1 12 
2 11 34 1 
21 12 6 5 4 
2 30 12 2 2 
1 1 3 5 12 20 1 4 1 
3 31 10 1 2 1 
6 7 35 
2 35 8 3 
5 26 13 1 2 1 
27 4 6 6 4 1 
5 37 2 2 1 1 
1 16 17 9 5 
1 26 14 2 5 
5 17 10 7 9 
5 1 20 17 4 1 
9 31 6 1 1 
3 36 2 5 1 1 
35 12 1 
1 24 3 18 1 1 
4 7 20 5 6 2 2 2 
32 6 6 2 2 
3 32 8 4 1 
2 29 7 9 1 
4 44 
5 8 30 2 1 1 1 
35 6 6 1 
3 43 2 
2 46 
6 13 4 21 3 1 
1 44 3 
1 25 13 1 4 2 1 1 
3 36 9 
48 
1 39 5 2 1 
1 4 9 8 6 10 5 1 2 1 1 
2 32 1 10 2 1 
2 34 6 2 4 
8 26 11 2 1 
1 47 
1 31 4 7 1 2 1 1 
37 7 1 1 1 1 
1 26 3 2 6 1 6 3 
1 32 5 7 2 1 
1 34 12 1 
48 
1 44 3 
12 24 12 
2 27 14 5 
1 34 3 7 2 1 
3 3 42 
34 7 4 2 1 
2 11 33 2 
1 22 10 8 3 1 3 
4 40 4 
14 16 11 6 1 
35 8 5 
5 38 4 1 
1 6 18 8 15 
1 9 32 6 
42 1 4 1 
1 24 10 3 6 2 2 
1 15 25 2 3 2 
2 14 1 31 
1 28 19 
3 40 5 
2 30 4 2 2 7 1 
1 45 2 
2 39 7 
1 10 22 7 3 2 2 1 
3 8 15 19 2 1 
1 33 9 1 4 
48 
10 8 7 8 9 3 3 
1 13 23 8 2 1 
1 31 14 2 
48 
3 1 16 6 18 3 1 
1 25 20 1 1 
1 7 12 27 1 
46 1 1 
2 10 20 14 2 
1 1 31 11 4 
1 10 25 11 1 
2 22 14 7 3 
24 14 10 
3 40 1 4 
1 22 7 5 2 4 6 1 
2 2 18 5 14 2 4 1 
10 32 6 
1 11 18 14 1 3 
4 2 29 7 6 
7 5 20 15 1 
1 22 23 1 1 
1 22 2 2 6 10 3 2 
39 5 4 
25 16 7 
19 11 18 
1 14 18 13 1 1 
2 32 10 4 
13 4 2 21 4 4 
3 9 2 20 14 
1 37 10 
8 18 6 15 1 
2 24 8 14 
5 15 25 3 
40 1 5 2 
44 1 1 1 1 
1 38 9 
1 23 20 1 2 1 
2 25 21 
2 4 32 3 2 4 1 
1 41 2 4 
5 35 2 4 2 
1 16 8 20 3 
1 40 4 1 2 
1 28 7 6 3 3 
1 38 2 4 1 1 1 
1 10 6 23 4 1 2 1 
1 33 10 4 
4 2 38 3 1 
5 13 15 14 1 
1 38 2 4 3 
14 32 2 
3 38 2 3 2 
6 27 10 1 3 1 
1 46 1 
11 30 2 2 3 
2 27 3 1 1 4 6 1 1 1 1 
3 37 7 1 
2 6 3 29 2 3 3 
4 41 1 1 1 
31 13 1 2 1 
1 47 
1 20 14 5 8 
1 34 10 2 1 
1 21 21 1 1 2 1 
3 42 2 1 
8 25 3 9 3 
1 38 9 
3 37 8 
6 33 1 1 2 4 1 
4 44 
6 18 13 11 
46 1 1 
1 22 1 24 
4 28 13 2 1 
1 17 17 1 3 4 2 1 2 
45 2 1 
32 10 5 1 
3 22 23 
21 12 3 2 3 2 3 2 
3 39 6 
5 18 17 1 6 1 
13 34 1 
1 39 1 3 3 1 
1 7 22 18 
1 43 3 1 
36 7 3 2 
2 4 11 11 14 5 1 
2 15 25 6 
3 10 14 18 2 1 
13 15 7 6 7 
11 16 4 7 4 2 3 1 
19 9 19 1 
2 1 37 3 2 1 2 
1 39 1 5 2 
7 3 1 3 5 7 7 8 1 2 2 2 
1 4 8 13 2 4 3 13 
3 12 12 16 3 1 1 
1 43 3 1 
1 2 17 27 1 
2 33 4 5 1 2 1 
3 24 19 2 
1 38 8 1 
3 41 4 
1 39 6 1 1 
5 1 14 27 1 
3 9 29 7 
2 2 8 33 1 1 1 
1 5 39 3 
1 42 1 4 
1 45 2 
1 42 1 4 
1 23 24 
1 13 14 14 5 1 
5 14 25 2 2 
48 
