32 12 4 1 
2 1 23 9 11 3 
1 15 20 7 5 1 
2 43 1 2 1 
9 17 3 9 1 2 2 4 2 
4 9 32 1 1 1 1 
5 32 6 3 2 1 
2 14 12 2 11 8 
1 19 28 1 
10 17 1 11 6 2 2 
1 24 9 15 
2 32 4 6 5 
8 7 9 9 5 2 1 3 3 1 1 
3 36 9 1 
1 30 11 1 4 1 1 
3 35 1 9 1 
1 24 5 2 11 3 3 
39 5 5 
2 33 5 4 3 1 1 
1 1 25 10 2 10 
7 21 8 6 3 2 1 1 
1 13 28 6 1 
6 10 7 22 1 1 1 1 
1 21 3 20 2 2 
5 36 8 
1 7 30 5 5 1 
7 23 7 9 2 1 
1 15 22 11 
1 5 3 36 2 1 1 
2 32 13 1 1 
14 18 6 11 
3 10 15 1 11 3 3 2 1 
6 32 3 6 1 1 
7 19 6 3 4 2 7 1 
2 33 1 3 6 2 2 
1 14 10 22 2 
15 8 22 1 3 
1 48 
4 19 5 10 11 
9 8 6 5 12 9 
4 4 18 21 2 
7 34 6 1 1 
4 40 1 4 
1 26 22 
24 11 13 1 
6 10 19 12 2 
1 21 21 2 1 2 1 
1 35 12 1 
18 29 2 
1 14 19 12 1 2 
2 42 4 1 
13 18 2 16 
3 40 6 
7 31 11 
4 24 17 3 1 
1 43 2 3 
2 31 14 2 
41 7 1 
22 9 13 5 
1 12 12 13 3 6 2 
8 23 4 10 4 
1 13 13 21 1 
3 21 20 3 1 1 
6 33 10 
1 48 
7 9 9 14 9 1 
3 11 18 8 1 4 1 1 1 1 
1 44 4 
1 46 1 1 
2 34 4 7 1 1 
49 
2 47 
46 3 
7 28 1 8 2 3 
1 10 30 5 3 
15 31 1 1 1 
17 32 
1 4 41 3 
2 13 16 8 4 2 2 1 1 
10 31 5 1 1 1 
6 34 2 5 2 
5 22 20 1 1 
2 42 4 1 
4 11 18 16 
3 43 2 1 
36 5 1 1 3 2 1 
2 15 12 6 6 7 1 
19 17 2 9 1 1 
1 39 1 6 1 1 
5 19 3 16 6 
2 3 30 4 9 1 
1 29 4 4 7 1 2 1 
1 4 39 5 
22 11 13 2 1 
32 2 7 4 2 1 1 
8 31 9 1 
2 36 7 3 1 
1 3 11 25 3 2 4 
1 2 31 6 9 
1 19 22 4 1 2 
1 13 6 29 
12 16 17 2 1 1 
2 46 1 
13 2 3 27 1 3 
45 1 3 
1 27 17 2 2 
1 26 15 4 3 
1 48 
1 43 5 
1 48 
6 16 6 11 3 3 4 
1 11 26 3 3 3 2 
1 27 15 5 1 
4 9 22 5 9 
1 32 10 1 4 1 
1 7 2 13 8 3 1 3 11 
1 42 2 2 1 1 
13 30 6 
18 1 2 26 1 1 
43 5 1 
1 34 4 6 4 
1 9 39 
1 5 37 3 2 1 
8 19 21 1 
14 31 1 3 
10 29 10 
1 34 14 
25 16 8 
16 11 13 5 3 1 
2 2 10 22 1 7 1 1 1 1 1 
47 1 1 
15 2 1 1 19 10 1 
2 36 10 1 
4 31 13 1 
22 23 1 3 
3 31 8 1 3 2 1 
36 1 7 1 4 
7 3 4 10 20 1 1 2 1 
1 27 17 2 2 
2 28 2 15 1 1 
8 27 3 10 1 
4 11 3 6 19 3 1 2 
4 30 13 2 
47 2 
9 24 8 1 4 2 1 
1 10 12 14 8 1 1 2 
45 3 1 
2 32 4 8 3 
7 29 2 3 6 2 
1 14 11 2 13 6 2 
16 25 8 
2 19 1 15 2 9 1 
1 48 
1 6 28 14 
14 7 7 16 1 2 2 
1 40 5 3 
3 42 4 
6 29 4 7 1 1 1 
1 14 21 5 4 4 
5 9 23 10 2 
4 3 39 1 2 
47 2 
2 23 19 1 4 
4 14 2 28 1 
1 48 
1 1 15 5 18 4 5 
1 3 15 14 14 2 
1 8 29 8 2 1 
1 24 16 2 2 3 1 
1 33 12 2 1 
1 11 22 1 6 2 2 1 1 1 1 
17 28 4 
30 17 1 1 
2 14 9 18 5 1 
11 15 3 1 7 4 4 3 1 
43 6 
11 19 11 7 1 
1 35 5 3 5 
3 39 6 1 
1 16 31 1 
2 1 32 13 1 
1 35 13 
2 17 1 12 5 4 8 
3 43 3 
1 6 35 3 4 
3 27 17 1 1 
7 22 14 1 3 2 
2 1 25 21 
36 2 10 1 
3 46 
3 46 
45 4 
2 15 21 9 2 
2 7 33 5 2 
3 23 19 1 3 
2 7 14 6 9 9 1 1 
1 11 10 18 7 1 1 
1 16 10 16 4 2 
2 43 3 1 
1 8 23 11 2 2 1 1 
10 25 5 2 1 4 2 
5 25 7 7 2 1 2 
1 32 3 3 1 9 
3 29 1 7 9 
1 27 12 4 1 1 1 1 1 
4 23 6 5 11 
3 23 6 9 2 2 1 2 1 
3 10 17 15 3 1 
49 
2 46 1 
1 10 24 2 8 4 
2 5 33 8 1 
1 40 1 4 3 
2 34 4 1 3 3 1 1 
4 12 6 25 2 
1 43 2 1 1 1 
1 38 1 3 3 3 
1 13 32 3 
1 10 34 2 2 
1 30 13 3 1 1 
5 16 28 
6 18 25 
38 7 4 
1 18 23 6 1 
1 29 10 8 1 
1 46 1 1 
37 11 1 
2 22 18 1 3 1 2 
8 30 7 2 2 
3 40 4 2 
1 21 22 4 1 
36 13 
2 41 4 1 1 
49 
4 36 8 1 
6 31 7 4 1 
33 9 5 1 1 
1 47 1 
1 47 1 
1 16 7 23 1 1 
1 1 11 4 4 6 6 1 1 3 4 1 4 2 
3 45 1 
2 23 24 
2 15 28 4 
6 23 20 
26 6 7 1 2 5 1 1 
1 41 1 5 1 
1 10 8 17 11 2 
2 3 2 23 8 9 1 1 
37 8 4 
17 5 3 6 16 2 
6 35 2 4 2 
1 44 1 3 
2 11 33 2 1 
1 40 6 1 1 
12 6 17 6 6 1 1 
2 33 14 
2 13 33 1 
2 25 22 
1 18 5 10 1 11 1 2 
30 18 1 
1 27 13 1 3 2 1 1 
1 15 27 1 1 4 
2 21 25 1 
1 17 28 2 1 
1 46 2 
1 13 25 10 
6 20 12 11 
37 3 1 3 5 
17 16 16 
1 12 33 2 1 
49 
4 21 24 
3 41 5 
5 2 20 12 8 1 1 
10 14 9 4 9 2 1 
1 32 14 2 
21 10 1 10 4 3 
1 6 42 
6 15 13 11 1 1 1 1 
2 45 2 
6 39 4 
1 1 20 2 3 8 8 2 2 2 
4 41 2 1 1 
1 25 23 
2 34 12 1 
3 1 45 
3 24 17 2 1 2 
42 3 3 1 
11 28 3 4 1 1 1 
1 16 21 7 2 2 
48 1 
14 21 14 
8 18 17 4 2 
4 18 1 15 3 6 2 
3 28 4 14 
1 26 18 2 2 
1 47 1 
3 45 1 
10 13 8 11 2 3 2 
2 11 4 20 8 4 
1 12 30 6 
38 2 9 
24 7 13 4 1 
1 17 27 2 1 1 
11 9 29 
3 34 2 1 9 
2 38 8 1 
1 43 3 1 1 
6 32 3 8 
1 26 7 2 4 6 3 
23 5 12 3 5 1 
41 5 1 2 
30 1 3 15 
49 
1 40 8 
15 34 
1 39 7 1 1 
6 5 35 1 2 
2 47 
1 42 6 
4 19 16 6 4 
1 8 30 9 1 
6 14 10 18 1 
2 42 4 1 
5 13 20 3 3 3 2 
2 17 6 8 11 2 2 1 
1 40 8 
1 5 22 19 2 
1 23 6 13 6 
43 4 2 
1 47 1 
1 37 5 1 2 1 1 1 
1 42 1 5 
21 18 8 1 1 
1 38 6 3 1 
1 34 2 8 3 1 
19 2 10 4 6 4 3 1 
21 2 21 3 2 
2 33 14 
2 27 10 7 2 1 
2 19 24 2 2 
3 41 5 
2 29 11 5 1 1 
31 9 6 1 1 1 
1 42 6 
2 23 10 4 10 
1 17 28 3 
1 40 1 5 2 
1 4 7 2 33 1 1 
13 8 7 15 4 2 
2 46 1 
1 23 23 1 1 
4 1 31 12 1 
1 4 23 15 1 5 
9 3 15 16 4 2 
4 10 23 7 2 1 1 1 
7 34 2 6 
18 13 5 2 8 2 1 
6 22 20 1 
4 18 27 
9 24 15 1 
1 40 8 
1 27 8 5 1 6 1 
1 45 2 1 
1 42 1 1 4 
7 15 21 2 1 2 1 
1 29 16 2 1 
3 38 2 3 3 
2 5 4 17 13 5 2 1 
35 6 8 
2 5 36 2 4 
9 40 
2 47 
2 22 5 2 7 10 1 
2 37 3 1 5 1 
3 22 4 9 11 
1 35 13 
1 37 3 3 5 
4 45 
8 33 8 
1 3 28 8 9 
7 1 34 1 4 1 1 
1 46 1 1 
1 32 14 1 1 
2 20 10 11 4 1 1 
24 24 1 
1 24 13 10 1 
1 42 3 1 1 1 
1 22 12 13 1 
1 28 12 7 1 
39 3 2 3 2 
48 1 
9 13 27 
2 26 12 4 3 2 
1 27 5 5 4 2 4 1 
4 15 25 3 2 
1 32 11 4 1 
1 39 7 2 
6 3 3 27 7 1 1 1 
10 20 11 3 2 3 
5 4 1 39 
48 1 
9 12 10 4 1 12 1 
3 32 4 4 5 1 
4 12 5 27 1 
4 18 1 23 3 
49 
1 39 1 3 4 1 
3 37 5 1 3 
1 26 1 3 11 1 3 2 1 
4 36 3 6 
2 47 
5 26 12 3 1 1 1 
4 10 35 
10 33 4 2 
2 32 8 7 
3 11 35 
2 37 10 
3 11 9 24 2 
1 11 10 26 1 
11 19 5 12 2 
49 
3 34 9 1 2 
1 44 4 
1 42 3 1 2 
2 41 2 2 1 1 
4 17 28 
4 43 2 
2 45 2 
48 1 
11 4 34 
12 1 15 3 17 1 
47 1 1 
1 38 10 
18 26 5 
14 32 2 1 
2 9 34 2 2 
9 36 1 1 1 1 
7 5 1 25 11 
2 25 4 2 2 13 1 
2 27 3 9 6 2 
47 1 1 
2 19 8 4 11 5 
2 7 18 17 1 1 1 1 1 
1 46 2 
2 44 3 
27 14 1 7 
5 29 7 8 
48 1 
35 8 2 4 
49 
4 17 15 4 8 1 
4 25 9 4 7 
2 9 15 14 2 7 
5 9 18 15 2 
4 44 1 
1 29 15 2 1 1 
16 7 14 6 6 
3 16 16 6 2 1 4 1 
47 1 1 
3 4 26 9 5 1 1 
1 35 2 4 7 
1 36 2 6 3 1 
8 1 28 10 2 
4 40 2 2 1 
12 5 2 26 2 1 1 
4 37 6 2 
4 28 2 7 8 
1 41 6 1 
2 8 37 2 
2 10 29 4 1 1 2 
11 8 12 1 12 5 
19 12 17 1 
1 32 16 
2 11 22 6 1 4 3 
3 29 16 1 
1 24 5 19 
1 14 27 5 1 1 
4 34 4 4 1 2 
6 42 1 
2 38 1 8 
2 26 17 1 1 1 1 
2 25 17 1 4 
2 17 30 
32 12 4 1 
2 8 23 6 9 1 
1 32 15 1 
3 27 7 1 2 1 8 
1 47 1 
1 11 13 22 1 1 
13 29 1 6 
2 43 3 1 
2 40 7 
2 11 8 13 15 
1 3 42 1 2 
1 45 1 1 1 
1 29 17 1 1 
49 
41 5 1 1 1 
32 14 3 
4 29 5 9 1 1 
1 25 15 2 6 
12 27 10 
3 34 1 3 3 4 1 
1 22 5 21 
3 6 24 4 4 2 6 
1 5 23 5 2 5 3 1 2 2 
1 7 9 6 10 1 9 6 
49 
11 23 12 1 2 
6 9 14 17 3 
8 29 4 8 
1 41 3 2 1 1 
2 27 20 
1 22 25 1 
4 35 1 3 6 
16 21 11 1 
2 26 3 18 
1 25 5 16 2 
34 3 5 5 1 1 
2 34 5 2 1 2 3 
2 36 1 3 3 2 2 
2 24 22 1 
28 7 13 1 
36 4 3 4 1 1 
5 39 1 4 
2 44 3 
49 
6 43 
1 2 41 2 1 2 
7 33 9 
5 40 1 1 1 1 
1 3 45 
26 16 2 1 1 1 1 1 
7 33 9 
6 36 4 1 2 
4 30 3 6 2 2 2 
32 14 2 1 
1 46 2 
1 3 19 9 5 11 1 
22 26 1 
3 21 21 1 2 1 
1 15 11 8 9 4 1 
1 34 13 1 
1 43 4 1 
11 10 25 2 1 
1 47 1 
36 5 3 5 
1 32 7 2 3 1 1 1 1 
11 5 17 11 5 
1 36 12 
6 15 15 12 1 
3 6 13 11 7 3 1 1 1 2 1 
1 47 1 
36 12 1 
2 47 
1 27 12 8 1 
1 10 34 4 
18 30 1 
1 18 3 14 5 5 3 
2 42 4 1 
3 33 9 4 
27 6 12 4 
1 33 15 
1 31 5 2 4 2 2 2 
1 7 10 21 2 1 4 3 
1 2 38 4 4 
2 16 31 
5 1 8 19 14 1 1 
2 44 1 2 
5 44 
1 28 13 1 2 3 1 
1 2 42 2 2 
1 11 37 
5 13 5 10 12 1 3 
2 11 10 16 8 1 1 
39 10 
10 30 6 1 2 
10 38 1 
33 12 4 
1 46 2 
4 40 1 2 2 
1 26 7 9 2 1 3 
1 7 20 20 1 
2 18 8 9 8 2 2 
3 34 8 2 1 1 
25 4 3 1 13 1 2 
1 45 3 
2 25 9 8 4 1 
1 18 2 25 1 1 1 
1 1 34 9 2 1 1 
1 45 2 1 
1 2 30 1 13 2 
8 29 5 2 3 1 1 
4 37 3 5 
26 13 2 1 7 
18 4 27 
48 1 
2 9 36 1 1 
3 29 16 1 
2 9 27 7 1 1 2 
2 41 6 
1 30 9 5 3 1 
46 3 
2 22 8 4 9 3 1 
1 26 21 1 
1 22 26 
1 36 2 7 3 
2 30 5 12 
2 34 13 
5 21 11 4 3 1 2 2 
1 39 5 1 3 
42 5 1 1 
14 20 5 3 3 1 1 2 
27 3 13 4 2 
3 46 
5 38 4 2 
7 38 4 
1 22 3 22 1 
1 33 11 2 1 1 
8 17 18 6 
1 31 5 2 6 4 
6 3 9 29 2 
3 20 10 12 2 1 1 
1 43 5 
1 38 6 1 2 1 
3 10 31 1 3 1 
44 1 4 
1 31 17 
1 33 15 
1 45 1 1 1 
34 15 
1 16 23 7 2 
6 2 31 9 1 
6 4 3 12 11 4 3 4 1 1 
31 2 6 9 1 
1 18 19 2 6 2 1 
1 9 7 9 9 10 2 2 
1 35 3 8 2 
2 38 1 8 
1 6 9 20 8 3 1 1 
3 22 11 3 10 
8 6 4 16 12 1 2 
2 1 15 9 13 7 1 1 
7 29 1 3 4 5 
4 6 22 10 7 
17 12 10 8 2 
1 9 38 1 
1 14 34 
4 21 6 3 14 1 
1 38 6 1 3 
7 16 23 1 1 1 
1 25 22 1 
2 36 11 
1 2 10 17 6 2 1 6 1 2 1 
48 1 
5 42 1 1 
2 29 5 10 1 1 1 
1 19 4 21 3 1 
13 1 35 
1 1 1 9 29 8 
1 44 3 1 
2 2 23 20 2 
2 36 8 2 1 
8 36 1 1 1 1 1 
5 2 36 4 2 
46 2 1 
1 29 6 6 1 2 3 1 
1 3 9 12 1 16 7 
4 8 27 6 4 
48 1 
1 13 32 1 2 
42 2 4 1 
1 37 9 1 1 
1 37 9 2 
32 13 2 1 1 
1 2 46 
12 26 11 
1 31 14 2 1 
30 18 1 
1 2 21 6 9 4 1 4 1 
6 31 6 2 1 2 1 
17 8 7 5 5 5 2 
4 15 6 15 9 
1 17 22 2 5 2 
14 4 2 1 8 8 6 1 1 1 1 2 
13 28 5 2 1 
35 1 5 1 3 3 1 
45 2 2 
12 22 14 1 
1 46 2 
3 24 7 14 1 
3 14 21 10 1 
8 34 4 3 
4 3 17 8 10 4 1 2 
1 20 28 
2 39 7 1 
1 40 6 2 
1 35 3 3 1 5 1 
5 8 26 7 2 1 
2 36 6 2 2 1 
4 43 1 1 
1 32 8 1 4 2 1 
2 34 13 
3 13 24 6 3 
16 28 2 1 1 1 
6 18 20 4 1 
3 26 20 
4 18 27 
2 36 7 1 3 
1 45 3 
3 40 4 2 
3 41 5 
35 5 7 2 
19 20 8 1 1 
2 33 1 1 6 1 2 2 1 
2 28 19 
1 7 5 6 6 2 21 1 
6 16 11 16 
4 43 2 
2 37 6 2 1 1 
11 22 5 6 5 
1 21 19 1 2 5 
12 11 26 
9 21 19 
4 35 2 5 2 1 
1 24 24 
2 11 9 8 17 2 
1 12 33 3 
2 16 18 3 7 3 
1 19 9 20 
4 30 11 2 2 
5 34 4 3 3 
4 23 1 8 13 
4 1 3 28 8 2 3 
13 34 2 
2 35 3 7 1 1 
1 39 2 1 1 1 2 2 
1 16 6 23 3 
48 1 
11 37 1 
9 34 1 2 3 
2 33 11 3 
47 1 1 
5 26 9 4 5 
12 26 5 6 
5 10 27 3 1 3 
19 15 12 2 1 
23 26 
8 24 6 3 1 2 2 3 
1 34 13 1 
4 25 16 4 
2 2 17 10 2 12 4 
1 9 30 7 2 
1 4 15 6 22 1 
4 10 9 17 3 1 4 1 
1 23 16 1 4 2 1 1 
1 13 33 1 1 
3 36 9 1 
11 22 16 
1 16 19 3 2 4 1 3 
2 29 15 3 
1 21 27 
20 1 15 1 5 4 2 1 
9 24 2 1 1 3 3 2 2 1 1 
4 29 13 3 
8 7 32 2 
22 22 4 1 
1 17 1 6 6 18 
1 44 2 2 
1 22 19 3 4 
49 
32 16 1 
4 37 7 1 
5 25 18 1 
10 21 12 6 
1 11 15 21 1 
1 43 4 1 
22 23 3 1 
1 4 38 4 1 1 
42 5 1 1 
1 38 7 2 1 
47 1 1 
4 28 1 9 3 3 1 
1 47 1 
3 32 3 11 
2 5 9 32 1 
2 38 5 2 1 1 
23 11 5 5 4 1 
11 25 4 9 
4 10 24 1 3 5 2 
3 35 9 2 
2 8 30 1 5 1 1 1 
1 47 1 
2 43 3 1 
1 20 14 1 2 1 6 3 1 
2 25 22 
3 40 1 5 
1 1 25 18 1 2 1 
1 28 14 1 1 3 1 
2 26 3 6 4 6 2 
9 13 2 11 5 6 2 1 
2 8 30 1 7 1 
4 37 1 3 4 
6 42 1 
1 37 5 2 3 1 
3 19 5 19 1 2 
46 3 
1 14 5 28 1 
20 23 4 2 
3 39 3 3 1 
9 29 5 1 3 1 1 
2 3 31 1 4 1 3 4 
3 29 2 1 7 3 4 
1 46 2 
1 20 26 2 
1 41 7 
3 24 19 3 
1 36 7 4 1 
7 19 18 1 4 
9 20 16 3 1 
43 3 2 1 
1 23 17 1 5 1 1 
1 17 19 2 3 7 
38 3 7 1 
6 1 22 14 3 2 1 
1 6 30 5 1 5 1 
2 23 2 12 2 5 3 
3 21 4 13 1 7 
28 19 2 
1 45 3 
4 25 8 7 2 1 2 
8 2 35 2 1 1 
1 28 8 7 4 1 
1 46 1 1 
1 18 2 24 1 3 
30 7 8 3 1 
1 41 7 
2 1 26 19 1 
17 10 22 
48 1 
47 1 1 
30 14 5 
2 32 12 1 2 
7 25 12 4 1 
7 25 12 2 3 
4 4 16 13 9 3 
1 38 10 
31 5 12 1 
1 36 12 
1 34 14 
1 4 42 1 1 
12 12 9 10 3 3 
48 1 
4 25 9 5 1 3 2 
1 45 1 2 
49 
1 32 16 
1 36 9 3 
1 35 9 1 3 
2 20 8 8 6 2 1 1 1 
1 28 19 1 
1 43 3 1 1 
1 7 41 
15 22 8 4 
16 26 2 5 
12 10 7 15 2 2 1 
2 46 1 
1 17 5 26 
3 36 9 1 
10 15 19 4 1 
1 39 8 1 
1 21 27 
1 39 4 1 4 
1 43 5 
4 25 10 2 3 2 2 1 
1 37 2 9 
1 47 1 
2 40 1 3 1 1 1 
2 47 
16 5 19 1 8 
2 15 30 2 
4 41 2 1 1 
2 8 5 24 7 3 
1 11 21 8 3 1 3 1 
1 28 4 9 4 3 
20 20 9 
2 14 15 10 6 2 
8 15 25 1 
1 13 15 2 13 1 1 3 
1 33 10 5 
1 41 5 1 1 
14 17 10 3 2 2 1 
14 21 13 1 
10 35 3 1 
2 45 2 
1 18 12 9 1 5 1 1 1 
12 37 
1 30 7 3 2 3 3 
31 3 9 4 2 
1 37 8 1 1 1 
1 7 8 3 15 15 
4 18 21 5 1 
49 
1 32 16 
7 40 1 1 
2 34 6 2 5 
1 47 1 
4 39 1 1 3 1 
1 43 5 
35 6 7 1 
27 11 2 4 5 
1 1 42 3 1 1 
42 7 
1 17 3 11 1 9 3 2 2 
4 41 4 
1 26 6 16 
49 
2 3 15 5 11 9 2 2 
22 26 1 
5 17 27 
1 44 3 1 
10 19 20 
25 14 8 2 
12 12 21 1 2 1 
6 2 26 2 6 3 3 1 
1 22 21 3 2 
4 13 24 3 5 
1 5 2 14 7 7 10 2 1 
10 8 18 9 2 2 
1 25 11 11 1 
49 
2 5 34 8 
1 21 25 2 
2 40 7 
5 44 
6 14 5 10 14 
1 41 2 3 2 
5 42 2 
13 16 16 3 1 
9 14 1 5 19 1 
19 18 2 9 1 
2 5 18 19 1 3 1 
1 29 3 14 2 
31 7 3 2 1 2 1 1 1 
2 23 22 1 1 
1 26 10 5 5 2 
1 27 4 16 1 
14 9 19 1 6 
1 14 34 
6 8 32 2 1 
46 3 
2 39 4 1 2 1 
1 22 25 1 
1 17 8 6 15 2 
2 47 
5 31 13 
26 14 5 2 2 
3 43 3 
3 26 3 8 5 2 1 1 
5 1 3 3 11 25 1 
3 3 9 31 2 1 
1 30 18 
1 18 5 9 8 2 2 2 1 1 
1 48 
1 21 21 4 2 
6 24 1 12 4 2 
39 6 4 
7 39 3 
1 25 1 7 9 6 
1 12 36 
15 19 9 5 1 
1 16 32 
19 30 
2 33 10 3 1 
3 2 11 10 2 16 4 1 
46 1 2 
5 15 18 5 1 4 1 
6 27 7 2 5 2 
3 4 20 8 5 9 
3 26 17 1 2 
1 37 3 5 2 1 
2 14 20 3 2 1 1 4 2 
1 25 19 4 
1 2 29 3 3 2 4 4 1 
1 3 2 11 3 3 1 4 7 5 4 3 2 
49 
5 27 8 7 2 
47 1 1 
3 14 26 3 3 
1 5 17 14 12 
28 4 3 10 4 
49 
2 28 16 2 1 
2 31 1 4 4 4 2 1 
1 46 2 
5 22 6 10 6 
7 13 27 2 
1 12 2 34 
1 1 39 7 1 
1 19 6 13 3 6 1 
1 1 10 2 35 
9 2 5 17 16 
39 2 6 1 1 
2 35 1 11 
1 35 7 1 3 1 1 
4 10 10 9 3 10 3 
1 43 1 4 
1 4 7 29 4 3 1 
3 39 7 
1 16 9 22 1 
1 28 12 1 7 
1 26 18 4 
2 44 3 
2 46 1 
1 46 1 1 
1 16 6 4 15 2 5 
1 37 10 1 
1 17 16 5 3 2 4 1 
16 22 11 
1 47 1 
2 40 5 2 
32 10 7 
4 13 32 
10 24 1 5 6 3 
2 33 10 2 1 1 
8 2 5 1 33 
8 20 17 2 2 
4 31 6 2 2 2 1 1 
49 
3 41 1 4 
1 8 15 7 9 2 1 3 3 
25 11 2 1 3 6 1 
2 45 1 1 
2 37 3 7 
17 21 1 10 
12 7 29 1 
11 35 3 
1 6 35 7 
1 32 11 4 1 
2 24 11 9 2 1 
1 12 9 6 21 
1 34 14 
6 10 29 4 
2 2 30 6 6 2 1 
30 12 1 4 2 
1 44 4 
2 21 26 
21 4 16 5 1 2 
1 43 3 1 1 
19 24 4 2 
3 33 8 1 4 
8 6 1 7 7 3 10 7 
2 34 13 
1 41 1 2 4 
1 11 34 3 
1 15 27 2 4 
1 9 6 17 4 7 3 1 1 
1 33 13 1 1 
2 20 16 11 
1 6 19 18 5 
1 41 6 1 
48 1 
18 4 7 6 1 2 3 1 5 2 
13 31 3 2 
1 29 7 6 4 1 1 
1 4 34 6 1 2 1 
10 35 1 3 
1 26 8 4 2 4 1 2 1 
1 33 2 2 9 2 
22 4 19 1 1 2 
1 43 5 
23 11 15 
2 38 8 1 
2 25 16 4 2 
9 15 10 15 
1 20 8 10 10 
1 48 
1 2 3 38 5 
1 35 6 3 1 1 1 1 
2 25 21 1 
1 30 15 2 1 
2 27 17 1 2 
4 17 16 5 2 3 1 1 
5 44 
7 17 10 13 2 
1 46 2 
3 24 16 1 5 
1 28 10 8 1 1 
1 21 18 6 1 2 
2 7 23 9 7 1 
1 6 10 21 2 3 6 
2 7 19 8 7 5 1 
8 23 8 10 
1 34 12 2 
2 36 5 6 
36 8 2 3 
22 17 9 1 
9 21 9 8 1 1 
48 1 
1 44 2 2 
1 48 
5 13 15 10 1 3 2 
2 23 11 11 2 
41 1 4 1 2 
1 29 18 1 
1 34 5 6 3 
12 35 2 
2 25 14 7 1 
1 31 1 13 1 1 1 
10 18 18 3 
2 29 18 
12 33 4 
8 14 6 18 2 1 
1 24 15 1 1 2 5 
1 24 3 15 2 3 1 
1 5 37 6 
18 25 6 
43 2 3 1 
2 35 5 3 4 
1 13 6 20 4 4 1 
2 35 12 
4 13 2 9 20 1 
22 10 4 7 1 5 
11 32 1 3 2 
22 18 6 2 1 
1 45 2 1 
2 27 19 1 
6 12 26 5 
13 27 8 1 
2 19 28 
1 24 11 3 6 1 3 
1 43 2 1 2 
23 11 8 7 
1 28 1 7 5 1 3 1 2 
7 12 27 3 
38 8 1 2 
1 18 13 3 11 1 1 1 
4 43 2 
47 1 1 
1 42 5 1 
2 36 10 1 
29 8 4 7 1 
4 18 2 17 3 1 4 
46 1 2 
39 9 1 
1 19 2 23 4 
1 19 19 4 6 
1 1 43 3 1 
49 
1 33 9 3 1 1 1 
1 33 14 1 
11 18 16 2 2 
1 36 12 
11 31 5 1 1 
20 10 15 3 1 
1 8 3 1 1 1 13 7 10 4 
1 16 11 15 5 1 
4 11 33 1 
1 12 27 8 1 
15 33 1 
29 14 1 4 1 
47 2 
17 22 3 1 5 1 
1 16 32 
2 42 4 1 
8 15 26 
3 37 1 1 1 1 1 3 1 
1 1 28 3 15 1 
12 33 2 1 1 
13 19 7 4 5 1 
3 30 5 3 7 1 
4 21 8 15 1 
5 37 5 1 1 
11 12 5 3 3 3 4 5 2 1 
1 44 4 
13 15 4 1 15 1 
1 7 12 8 17 2 1 1 
7 13 7 3 18 1 
23 6 15 2 3 
1 33 6 3 5 1 
1 7 14 22 3 2 
1 33 13 2 
5 4 13 7 8 8 3 1 
1 30 7 1 1 9 
6 1 2 17 22 1 
2 23 8 5 11 
3 46 
1 13 30 2 1 1 1 
2 47 
1 21 27 
2 39 7 1 
2 24 23 
6 33 6 3 1 
4 24 2 3 11 4 1 
4 12 6 7 2 17 1 
2 19 9 2 3 14 
46 3 
36 6 7 
44 1 4 
1 27 10 7 4 
2 39 7 1 
1 46 2 
16 32 1 
1 27 4 4 6 4 2 1 
10 26 4 7 2 
1 46 2 
12 33 1 3 
2 28 18 1 
2 27 13 5 2 
1 6 33 4 3 2 
16 3 22 8 
19 5 6 7 5 3 1 3 
44 5 
1 47 1 
1 2 31 14 1 
6 30 3 3 6 1 
1 5 27 10 4 2 
47 2 
1 38 10 
1 21 15 7 5 
1 43 1 3 1 
2 21 23 2 1 
4 18 8 18 1 
3 38 7 1 
1 3 18 24 1 1 1 
9 32 8 
3 21 19 6 
1 7 16 3 21 1 
1 10 3 15 1 17 2 
1 28 10 9 1 
3 17 8 13 3 3 2 
21 17 10 1 
1 45 2 1 
7 24 16 2 
47 1 1 
1 42 3 1 1 1 
1 8 27 13 
28 15 2 3 1 
2 47 
36 8 1 4 
16 9 8 16 
49 
3 24 11 6 1 4 
1 11 4 1 17 9 6 
1 15 20 9 3 1 
1 19 10 3 7 5 1 2 1 
6 13 8 15 7 
3 23 20 1 2 
1 24 10 6 6 1 1 
6 36 3 3 1 
33 6 10 
1 5 3 28 9 3 
2 12 6 9 10 7 2 1 
1 4 31 4 9 
1 22 26 
1 32 10 1 1 3 1 
5 35 3 3 3 
21 4 7 4 9 3 1 
2 17 13 6 6 5 
1 41 6 1 
10 10 26 2 1 
2 36 8 2 1 
1 19 24 3 1 1 
8 34 3 4 
4 21 8 2 14 
1 48 
1 37 5 5 1 
3 23 23 
13 29 2 5 
2 13 28 4 2 
1 23 21 2 1 1 
10 17 15 3 3 1 
2 22 4 9 3 9 
1 24 11 3 1 5 2 1 1 
3 29 16 1 
9 13 11 15 1 
14 20 5 5 2 2 1 
1 35 5 6 2 
8 6 18 2 13 2 
1 2 19 9 11 5 1 1 
10 29 8 2 
2 31 6 7 2 1 
1 9 39 
1 43 5 
6 5 9 1 14 2 9 1 1 1 
3 22 15 7 1 1 
22 20 1 4 1 1 
24 22 3 
25 11 12 1 
1 37 11 
11 37 1 
5 5 18 5 12 1 1 2 
1 17 30 1 
1 35 6 7 
17 13 9 3 7 
41 7 1 
1 28 11 9 
2 22 13 5 4 2 1 
4 12 29 3 1 
10 21 9 9 
5 44 
22 12 15 
1 16 2 2 4 20 1 3 
2 24 20 1 1 1 
2 30 16 1 
9 14 25 1 
2 40 1 4 1 1 
10 24 5 9 1 
6 2 9 24 7 1 
2 5 11 14 9 2 3 2 1 
2 46 1 
2 35 3 7 1 1 
1 3 17 18 8 2 
1 42 5 1 
9 28 12 
44 5 
2 13 25 9 
10 22 1 3 7 2 3 1 
1 29 11 1 2 2 1 1 1 
1 45 3 
1 7 3 35 3 
3 43 1 1 1 
29 14 6 
1 15 20 12 1 
3 36 7 3 
1 38 1 9 
2 12 16 19 
16 24 7 2 
17 1 26 1 2 2 
1 46 2 
1 20 8 8 8 3 1 
1 36 2 10 
17 8 24 
1 28 17 3 
1 33 2 4 9 
3 7 38 1 
1 29 18 1 
1 8 36 1 1 1 1 
2 32 8 4 1 1 1 
3 28 17 1 
1 6 31 11 
2 46 1 
2 14 14 5 5 1 5 2 1 
5 35 9 
1 14 29 1 4 
3 11 1 33 1 
2 45 1 1 
1 28 8 1 8 1 1 1 
1 25 10 7 1 4 1 
1 25 6 14 3 
1 13 29 6 
4 30 8 1 2 3 1 
2 30 1 2 3 4 7 
1 21 6 2 12 5 2 
1 3 39 1 1 1 2 1 
36 8 2 2 1 
38 7 4 
4 4 11 17 5 7 1 
2 29 4 3 5 6 
1 28 15 3 1 1 
16 8 17 5 2 1 
2 41 2 1 3 
28 3 3 9 1 4 1 
41 4 4 
11 13 2 14 2 5 1 1 
6 21 20 2 
1 25 9 8 6 
17 1 11 4 1 2 5 6 1 1 
8 32 4 1 2 2 
40 1 3 1 1 1 2 
2 30 12 2 3 
28 5 8 3 4 1 
1 26 9 12 1 
1 3 19 7 4 6 5 2 1 1 
1 18 30 
3 39 3 3 1 
3 39 2 5 
1 10 35 1 2 
1 45 2 1 
2 33 9 1 1 2 1 
1 8 20 19 1 
1 23 14 7 4 
1 15 21 3 9 
1 39 2 3 1 3 
6 37 1 3 1 1 
1 22 1 18 5 1 1 
3 21 11 7 1 2 2 2 
3 21 24 1 
1 33 1 10 2 1 1 
9 13 6 14 1 4 2 
1 47 1 
7 7 31 1 1 2 
1 23 14 6 3 2 
25 2 1 15 2 4 
5 17 16 6 5 
1 48 
5 33 3 5 1 1 1 
13 2 5 11 11 5 2 
4 18 27 
1 12 14 1 21 
1 43 4 1 
40 7 1 1 
1 19 12 3 1 3 5 2 1 1 1 
6 33 10 
1 47 1 
2 43 4 
1 38 10 
9 7 6 4 3 10 3 5 1 1 
28 13 8 
24 17 5 2 1 
33 10 4 2 
1 19 22 4 1 2 
44 5 
49 
2 36 11 
13 2 9 17 1 1 3 1 2 
3 21 9 6 6 4 
11 28 8 1 1 
2 32 11 3 1 
1 5 12 15 2 7 7 
10 6 2 30 1 
8 35 3 2 1 
7 23 8 1 10 
3 12 9 16 4 3 2 
48 1 
3 3 38 1 3 1 
11 20 8 9 1 
4 31 1 4 7 2 
1 24 11 3 10 
2 6 33 8 
27 8 1 12 1 
49 
1 40 2 4 2 
1 10 12 18 7 1 
9 6 14 2 10 1 3 1 3 
39 1 6 2 1 
12 8 19 4 6 
1 36 2 4 2 2 2 
1 19 1 19 6 1 2 
2 29 12 2 4 
1 48 
6 13 20 8 2 
1 46 1 1 
37 5 3 2 1 1 
1 15 7 1 21 2 2 
4 11 2 2 21 2 4 3 
6 35 5 1 1 1 
2 31 14 2 
5 11 10 13 3 5 2 
22 18 9 
14 35 
1 25 11 3 9 
35 8 6 
1 35 4 4 2 2 1 
1 23 6 1 16 2 
2 5 9 32 1 
2 4 22 9 5 2 1 4 
22 4 14 5 3 1 
2 21 17 7 2 
6 39 4 
2 34 5 3 5 
7 14 23 1 4 
1 20 15 8 2 1 1 1 
2 29 10 7 1 
30 6 12 1 
2 30 15 1 1 
1 41 5 1 1 
1 24 21 3 
3 6 12 28 
8 36 1 3 1 
7 27 3 12 
9 32 1 7 
14 26 3 1 4 1 
1 13 35 
4 9 31 3 1 1 
1 8 40 
3 7 8 27 4 
4 39 2 3 1 
1 27 9 4 2 3 3 
1 22 1 19 5 1 
33 9 4 2 1 
2 28 11 1 7 
8 3 28 7 3 
3 5 28 4 2 4 1 2 
3 44 2 
1 5 15 4 20 2 2 
44 3 1 1 
5 11 14 2 2 5 1 9 
1 25 9 8 6 
5 22 12 4 5 1 
4 11 31 3 
1 34 2 1 11 
12 35 2 
5 13 4 18 8 1 
49 
2 30 16 1 
2 2 20 9 8 6 2 
8 18 3 5 8 5 1 1 
7 11 30 1 
1 44 1 2 1 
1 41 3 4 
49 
4 18 2 11 6 1 1 2 3 1 
1 33 8 5 2 
2 26 4 16 1 
3 27 11 1 1 2 1 1 1 1 
19 26 3 1 
49 
1 19 29 
39 5 5 
1 15 5 17 1 8 2 
1 14 15 8 1 6 2 2 
41 1 1 6 
4 43 2 
2 17 28 1 1 
1 20 16 3 7 1 1 
2 12 28 3 2 1 1 
49 
1 8 39 1 
2 44 3 
4 5 36 3 1 
1 23 10 5 5 4 1 
1 45 3 
7 40 1 1 
1 28 10 7 1 2 
3 24 15 7 
2 5 21 9 9 2 1 
5 10 6 14 14 
1 6 41 1 
1 48 
1 30 15 1 1 1 
28 7 13 1 
1 38 10 
10 20 5 5 4 1 1 2 1 
2 29 1 8 4 1 2 1 1 
20 1 12 8 1 2 5 
1 46 2 
5 12 9 19 1 1 1 1 
1 28 11 9 
1 14 31 3 
4 11 30 3 1 
15 26 1 6 1 
10 10 25 1 3 
19 26 4 
6 26 1 8 6 1 1 
4 14 29 1 1 
7 33 7 1 1 
1 39 6 3 
1 45 2 1 
9 24 16 
1 20 24 3 1 
49 
15 5 13 13 3 
1 3 27 10 1 2 5 
3 40 1 1 3 1 
1 13 26 4 2 1 1 1 
2 15 31 1 
1 3 31 8 6 
1 39 1 4 4 
41 6 2 
2 10 19 4 4 8 1 1 
1 1 29 15 3 
3 36 6 1 2 1 
1 43 5 
2 25 18 4 
1 29 10 6 2 1 
1 25 23 
1 4 23 1 1 6 13 
1 41 5 2 
1 15 27 1 4 1 
19 24 6 
2 11 9 1 3 10 7 1 4 1 
9 8 5 2 22 1 1 1 
33 4 9 3 
48 1 
2 14 11 7 12 1 1 1 
2 5 18 23 1 
2 6 30 3 1 3 1 1 2 
49 
1 11 14 1 11 11 
1 28 14 6 
4 6 34 3 1 1 
1 42 4 2 
2 36 6 4 1 
1 35 2 2 5 1 2 1 
1 19 10 1 12 2 3 1 
4 30 12 1 1 1 
2 2 42 3 
6 9 23 7 1 3 
1 8 32 4 4 
3 13 7 18 1 1 2 3 1 
1 25 10 8 2 1 2 
1 26 22 
16 31 2 
2 37 4 3 1 1 1 
1 34 10 1 2 1 
1 44 3 1 
23 21 3 2 
4 31 3 3 7 1 
11 38 
3 13 33 
1 23 16 1 8 
1 43 4 1 
2 37 2 2 3 2 1 
2 3 16 28 
2 37 8 1 1 
1 39 4 3 1 1 
29 2 5 7 1 1 3 1 
1 9 33 6 
1 1 47 
6 19 19 5 
10 13 26 
7 24 5 9 1 3 
3 17 10 15 2 1 1 
1 36 1 7 2 2 
1 25 20 3 
1 13 7 15 1 8 4 
3 43 1 1 1 
1 40 8 
13 15 8 11 1 1 
1 36 5 3 4 
1 44 1 2 1 
1 3 16 27 1 1 
3 4 22 15 5 
43 3 2 1 
1 21 2 5 1 4 12 2 1 
1 29 17 2 
6 10 3 22 6 1 1 
4 16 12 7 9 1 
1 21 19 5 3 
6 29 14 
47 1 1 
28 11 4 5 1 
5 1 12 1 29 1 
1 29 12 7 
24 2 11 12 
2 4 17 6 13 2 1 4 
49 
35 5 4 3 1 1 
7 25 1 4 12 
17 16 16 
1 14 34 
49 
3 1 9 4 17 7 4 1 1 2 
1 14 2 7 1 7 5 10 2 
1 7 1 33 1 2 1 3 
2 30 9 1 6 1 
1 23 1 18 2 2 2 
1 11 32 3 2 
15 32 2 
3 40 3 2 1 
1 28 19 1 
27 5 5 7 3 1 1 
4 45 
2 5 11 13 1 11 1 3 2 
1 34 4 5 5 
1 18 12 7 1 1 2 4 1 2 
1 19 26 1 1 1 
3 21 11 9 4 1 
3 18 3 23 2 
24 3 7 5 4 2 4 
9 11 16 11 1 1 
1 45 3 
17 11 1 4 3 2 5 3 2 1 
5 21 20 3 
3 45 1 
1 29 10 7 2 
4 39 6 
1 1 40 7 
1 45 2 1 
2 14 15 4 11 1 2 
1 38 4 4 1 1 
1 30 1 17 
1 29 16 1 2 
2 24 9 14 
4 36 9 
1 8 29 6 2 3 
23 1 10 8 7 
2 1 6 3 2 3 12 4 12 3 1 
5 18 3 7 3 9 4 
3 34 3 7 2 
3 39 7 
1 32 3 7 3 2 1 
17 32 
1 22 17 7 2 
47 1 1 
2 12 31 3 1 
1 20 8 4 6 3 7 
1 16 30 1 1 
1 11 7 15 6 2 1 6 
6 6 19 4 11 2 1 
3 37 8 1 
21 15 6 1 1 2 3 
1 26 12 6 2 2 
1 1 9 8 11 17 2 
19 4 5 8 11 2 
2 41 6 
41 8 
1 22 25 1 
1 32 13 3 
1 4 28 5 3 2 2 2 2 
37 3 9 
1 15 24 1 3 4 1 
1 19 14 4 7 2 1 1 
7 6 14 18 3 1 
49 
1 30 18 
1 4 39 4 1 
1 29 17 1 1 
2 5 5 5 9 8 12 2 1 
1 13 6 14 14 1 
1 31 15 2 
1 18 29 1 
1 25 8 10 1 1 3 
1 10 37 1 
1 8 31 7 1 1 
9 10 10 18 2 
2 22 1 4 9 11 
7 42 
3 15 4 5 18 3 1 
7 20 10 7 5 
43 6 
1 41 3 3 1 
1 22 13 5 8 
10 36 3 
3 12 33 1 
15 22 6 2 2 2 
21 11 11 2 1 3 
11 36 2 
29 16 3 1 
1 44 3 1 
7 39 2 1 
46 2 1 
3 22 14 9 1 
2 47 
3 44 1 1 
12 11 25 1 
5 27 16 1 
1 15 32 1 
4 26 13 1 5 
1 46 1 1 
1 11 37 
1 33 7 8 
7 34 8 
1 8 3 6 2 13 15 1 
29 18 2 
26 21 2 
4 19 10 16 
1 36 4 6 1 1 
1 2 37 5 3 1 
15 22 10 1 1 
15 3 2 4 1 18 5 1 
2 13 1 15 10 4 1 1 1 1 
3 35 8 1 2 
4 2 30 7 1 2 2 1 
1 9 4 32 3 
18 6 9 5 9 1 1 
1 44 4 
37 5 3 2 1 1 
1 1 6 37 2 2 
26 23 
15 31 1 2 
14 10 6 10 5 1 3 
11 2 18 18 
3 16 23 3 3 1 
40 4 2 1 1 1 
22 9 9 5 2 1 1 
2 4 19 2 12 10 
32 4 4 3 4 1 1 
1 30 10 6 1 1 
5 7 30 7 
1 3 24 4 13 3 1 
9 14 7 16 3 
2 16 22 7 1 1 
5 28 2 3 4 3 3 1 
3 44 1 1 
1 3 5 30 3 4 1 2 
2 36 11 
2 19 1 9 9 2 3 3 1 
3 21 20 3 2 
2 11 4 23 1 5 2 1 
1 42 4 2 
7 3 15 7 4 6 7 
2 12 1 14 14 5 1 
42 3 4 
10 35 2 1 1 
4 17 3 10 6 1 3 2 2 1 
3 27 11 2 6 
1 10 34 2 1 1 
1 38 5 2 1 2 
1 32 11 5 
1 5 6 10 18 6 3 
1 34 14 
40 3 1 4 1 
1 6 25 12 2 2 1 
1 40 3 5 
1 19 25 1 1 2 
6 29 6 4 4 
44 2 2 1 
1 32 14 2 
42 5 2 
1 27 11 4 2 2 2 
37 4 3 5 
42 4 1 2 
5 17 27 
11 34 4 
9 26 14 
1 22 18 6 2 
20 3 3 4 3 1 1 13 1 
6 26 11 1 5 
1 21 9 4 3 8 1 2 
1 22 3 13 2 6 1 1 
3 15 26 2 3 
6 33 10 
5 15 14 11 4 
49 
2 31 8 6 2 
1 21 23 2 1 1 
1 28 2 9 2 1 3 2 1 
1 28 19 1 
5 38 4 1 1 
3 41 5 
1 1 19 7 3 15 3 
3 17 26 2 1 
1 7 3 10 8 17 3 
2 25 5 9 3 1 1 1 1 1 
1 36 5 4 1 1 1 
2 22 7 2 14 2 
1 39 1 8 
1 25 14 7 2 
3 40 5 1 
1 47 1 
1 33 11 2 2 
4 35 6 4 
8 1 20 15 4 1 
2 13 6 2 4 19 3 
1 11 12 20 5 
2 31 7 2 5 2 
2 33 2 12 
5 19 25 
2 19 21 3 4 
2 29 3 10 2 3 
7 21 11 6 4 
1 22 4 21 1 
22 20 7 
1 34 3 9 2 
1 15 5 2 7 7 9 3 
1 7 29 5 2 2 2 1 
2 5 36 2 2 2 
6 23 10 1 4 5 
1 35 13 
2 45 2 
4 34 7 4 
9 15 25 
37 9 3 
10 8 15 2 8 3 2 1 
2 22 25 
2 9 34 1 1 1 1 
19 4 8 7 10 1 
25 11 4 1 2 5 1 
28 11 10 
1 31 12 3 1 1 
1 40 7 1 
11 9 29 
3 3 17 3 20 2 1 
2 23 8 7 1 5 3 
7 22 2 15 1 1 1 
1 16 31 1 
3 39 5 1 1 
48 1 
6 18 23 1 1 
1 1 24 16 6 1 
37 9 1 2 
4 35 9 1 
1 34 7 3 3 1 
1 28 19 1 
3 6 13 12 6 5 2 2 
1 47 1 
1 13 5 2 1 20 1 1 3 2 
3 30 16 
1 17 25 2 4 
21 12 14 2 
24 11 1 10 2 1 
2 28 15 1 1 1 1 
5 19 2 10 12 1 
1 10 23 14 1 
11 1 3 4 21 3 6 
1 32 1 1 5 1 2 6 
1 46 2 
1 31 8 8 1 
1 20 15 12 1 
3 9 31 4 1 1 
1 12 28 4 1 2 1 
1 29 16 1 1 1 
1 30 12 6 
1 26 5 12 5 
1 4 5 7 5 1 1 10 10 5 
5 10 15 10 1 5 2 1 
4 30 10 5 
1 1 39 3 5 
1 17 14 10 5 1 1 
1 44 4 
1 17 21 3 7 
20 13 15 1 
1 20 25 3 
2 35 7 1 2 1 1 
1 25 2 9 1 4 5 1 1 
2 15 17 6 5 3 1 
3 15 17 7 2 4 1 
12 22 7 2 6 
49 
21 2 8 6 4 8 
4 31 6 6 2 
2 10 3 8 13 12 1 
1 47 1 
1 31 6 9 2 
2 34 10 3 
37 2 5 2 3 
1 47 1 
7 39 1 1 1 
1 5 31 7 2 2 1 
1 19 27 1 1 
1 5 20 7 10 1 5 
2 40 7 
2 38 8 1 
1 13 7 19 4 5 
3 21 12 3 6 2 2 
1 39 6 3 
1 3 17 4 20 1 1 1 1 
4 25 20 
4 32 12 1 
2 10 20 11 3 3 
1 1 15 13 3 5 9 1 1 
3 23 3 8 12 
5 32 5 1 2 4 
4 17 3 5 6 13 1 
3 6 24 12 1 2 1 
1 34 14 
1 8 26 12 1 1 
13 36 
7 39 2 1 
12 12 19 2 2 2 
12 24 1 3 5 3 1 
1 4 44 
3 34 11 1 
1 20 15 5 2 2 3 1 
2 4 5 10 7 19 2 
13 25 8 1 1 1 
49 
1 19 25 2 2 
10 24 12 3 
1 1 19 10 1 9 2 1 1 4 
2 40 5 2 
1 33 1 10 1 1 1 1 
2 30 5 8 3 1 
7 4 26 8 2 1 1 
2 36 11 
1 18 19 6 4 1 
19 20 10 
11 20 9 7 1 1 
2 10 30 4 2 1 
1 16 28 4 
1 27 2 11 8 
2 9 6 4 11 6 1 4 5 1 
2 22 12 2 10 1 
10 31 7 1 
2 35 5 4 3 
1 21 23 1 3 
4 1 3 16 22 3 
3 33 12 1 
7 29 1 5 4 1 2 
2 14 31 1 1 
4 26 15 4 
48 1 
1 32 12 1 2 1 
48 1 
1 13 20 4 6 2 3 
2 16 25 2 4 
1 16 27 3 2 
1 12 7 13 5 1 2 4 1 2 1 
45 3 1 
3 6 21 10 8 1 
5 18 19 1 6 
1 33 1 2 9 3 
17 3 26 2 1 
11 16 22 
14 6 8 12 3 5 1 
7 33 2 7 
45 4 
1 44 2 1 1 
1 19 6 2 19 2 
27 12 5 5 
6 1 8 4 9 1 20 
9 8 2 3 22 3 2 
16 12 16 4 1 
1 46 2 
2 37 8 2 
36 12 1 
4 28 11 5 1 
1 46 2 
5 19 5 10 10 
3 46 
1 15 33 
1 45 3 
2 18 18 2 6 3 
1 12 23 2 10 1 
9 12 6 19 3 
1 1 21 6 11 9 
1 10 5 20 9 4 
7 34 2 5 1 
17 26 5 1 
3 25 19 1 1 
1 34 14 
1 29 19 
17 2 3 1 1 13 1 6 1 4 
1 6 12 16 1 13 
1 44 4 
43 5 1 
41 8 
7 17 25 
4 11 16 13 5 
12 13 16 8 
2 31 13 2 1 
1 21 8 17 2 
4 4 3 11 2 14 10 1 
21 16 3 9 
3 23 11 1 8 3 
1 7 5 2 26 5 1 2 
2 47 
2 40 3 4 
35 12 1 1 
1 23 11 2 9 1 1 1 
2 19 10 12 1 3 1 1 
1 1 20 10 3 4 4 5 1 
2 14 5 17 4 4 3 
6 21 15 1 1 5 
1 28 20 
3 16 18 6 3 1 1 1 
5 25 10 7 2 
5 30 3 9 1 1 
47 1 1 
6 11 21 10 1 
1 40 3 3 2 
2 42 2 3 
1 42 6 
49 
10 2 22 8 4 1 1 1 
1 31 5 7 5 
2 45 2 
6 1 42 
15 25 8 1 
2 37 4 4 1 1 
1 32 16 
1 30 7 6 1 4 
5 17 14 5 2 5 1 
3 35 3 8 
7 24 2 4 6 6 
7 36 1 2 1 2 
3 25 12 4 4 1 
3 18 27 1 
32 5 5 3 4 
4 36 9 
1 24 6 1 3 10 2 2 
4 22 22 1 
1 26 14 5 2 1 
2 20 2 22 3 
1 3 22 22 1 
3 43 3 
2 18 28 1 
18 5 18 3 3 1 1 
1 26 22 
1 44 2 1 1 
20 3 18 7 1 
2 44 3 
5 20 21 2 1 
5 18 21 2 3 
1 40 1 5 2 
5 38 2 2 2 
1 8 4 6 8 5 9 1 1 3 1 2 
40 6 2 1 
1 20 17 8 3 
31 2 10 5 1 
12 13 19 2 3 
13 10 12 12 2 
5 30 11 2 1 
6 11 14 4 2 3 5 4 
38 6 1 4 
39 9 1 
2 9 38 
1 30 5 6 2 2 3 
12 1 34 1 1 
4 8 21 14 1 1 
5 31 3 6 2 1 1 
1 28 14 4 1 1 
1 39 7 2 
1 20 4 14 8 2 
1 27 3 15 1 1 1 
38 3 3 5 
1 22 26 
1 15 22 7 1 1 1 1 
4 33 7 1 4 
14 1 9 14 4 3 4 
1 43 4 1 
1 6 1 2 26 2 7 1 3 
2 24 2 16 2 1 2 
1 45 1 2 
1 30 2 2 9 3 1 1 
2 22 23 1 1 
1 8 25 13 1 1 
1 6 27 8 3 3 1 
3 8 1 37 
4 18 23 4 
33 8 4 2 1 1 
1 21 22 2 3 
8 24 5 5 4 2 1 
39 6 2 2 
1 12 7 29 
26 22 1 
34 9 6 
4 22 8 14 1 
5 18 26 
1 5 21 20 1 1 
1 23 19 3 3 
1 19 6 14 9 
2 37 1 6 3 
2 30 16 1 
17 7 11 14 
1 16 6 7 4 5 7 3 
28 14 4 3 
3 39 7 
3 1 5 10 7 2 3 3 10 4 1 
6 37 2 4 
1 4 35 9 
12 16 15 2 3 1 
20 5 24 
15 26 1 2 4 1 
2 9 29 9 
2 40 7 
3 25 4 3 3 7 1 2 1 
1 31 17 
15 28 2 1 3 
1 41 1 1 4 1 
6 42 1 
1 3 18 2 12 13 
24 18 7 
1 15 6 8 14 1 4 
1 43 2 2 1 
2 44 3 
2 40 2 3 2 
1 32 6 2 4 3 1 
9 17 4 8 3 3 1 2 2 
3 30 5 6 4 1 
2 15 13 16 3 
3 22 8 10 2 2 1 1 
1 27 15 5 1 
1 1 18 29 
17 25 7 
1 40 4 2 2 
1 5 17 15 8 3 
2 8 12 17 10 
2 46 1 
5 44 
1 34 6 7 1 
21 11 15 2 
1 35 10 2 1 
5 32 8 1 1 1 1 
1 33 3 12 
6 9 21 7 1 5 
2 11 29 7 
45 4 
24 4 11 3 1 6 
1 42 3 2 1 
1 43 2 2 1 
33 13 1 2 
1 32 2 1 13 
48 1 
6 8 21 12 2 
3 19 8 19 
1 33 10 1 2 2 
1 48 
4 3 6 12 13 7 1 2 1 
1 2 46 
8 15 19 2 1 4 
2 24 6 9 5 2 1 
2 30 17 
21 25 3 
11 29 2 4 3 
10 1 10 24 1 1 2 
3 31 3 11 1 
9 15 24 1 
1 31 16 1 
1 45 3 
2 28 2 3 9 4 1 
7 41 1 
1 33 6 1 3 1 4 
1 20 22 4 2 
2 17 14 15 1 
1 33 5 4 3 3 
2 22 25 
7 31 11 
4 1 11 4 26 3 
1 13 18 10 7 
33 3 11 1 1 
1 10 34 1 1 1 1 
31 13 5 
2 20 27 
34 12 1 2 
5 17 2 11 11 2 1 
3 7 29 1 2 2 5 
7 12 9 19 1 1 
3 22 14 6 4 
1 45 3 
2 4 16 10 7 6 4 
2 17 5 20 5 
2 17 2 25 1 2 
26 12 10 1 
2 22 25 
3 31 4 2 6 2 1 
16 9 11 1 8 3 1 
12 24 5 5 3 
42 5 2 
1 8 34 4 1 1 
1 13 15 14 3 2 1 
2 29 17 1 
2 41 5 1 
1 18 25 3 2 
21 3 5 3 12 1 2 2 
2 19 12 12 1 3 
48 1 
7 22 7 11 2 
1 44 2 1 1 
11 32 5 1 
1 31 1 2 3 1 6 3 1 
2 19 1 12 14 1 
2 39 4 2 2 
4 26 2 16 1 
10 12 5 2 8 5 3 2 1 1 
8 17 8 2 7 4 3 
4 39 6 
3 22 7 3 2 4 1 5 1 1 
3 24 9 13 
10 11 13 4 8 3 
21 5 20 3 
1 15 11 20 2 
1 35 11 2 
2 47 
46 2 1 
1 46 2 
3 41 4 1 
1 9 37 1 1 
23 15 9 2 
2 27 18 2 
1 3 30 9 4 2 
15 5 9 13 6 1 
1 38 10 
4 30 9 5 1 
1 30 6 1 5 6 
2 41 6 
3 34 1 6 1 3 1 
48 1 
1 2 29 7 1 5 2 2 
2 20 23 1 3 
3 13 32 1 
5 7 13 2 10 3 3 3 1 2 
5 12 28 1 1 1 1 
3 32 10 4 
17 20 12 
14 9 8 3 13 1 1 
12 4 3 22 5 3 
18 17 3 4 7 
1 48 
1 7 6 12 10 6 7 
5 26 3 9 2 1 1 2 
6 21 14 2 1 1 4 
3 22 3 18 3 
22 22 2 2 1 
1 4 19 10 14 1 
1 38 4 1 5 
1 22 3 14 3 1 1 4 
1 36 10 1 1 
17 18 2 11 1 
1 14 5 24 1 3 1 
2 2 9 24 4 2 6 
2 18 2 23 1 2 1 
37 2 10 
5 41 3 
8 22 3 10 3 1 2 
45 4 
3 29 9 5 2 1 
9 13 3 8 11 1 4 
22 17 3 4 3 
1 30 9 2 3 2 1 1 
1 29 8 5 3 2 1 
2 40 3 3 1 
39 8 2 
1 17 3 3 4 2 11 8 
1 12 27 8 1 
1 19 29 
1 22 15 5 5 1 
19 21 2 4 2 1 
7 13 6 23 
2 39 2 6 
8 24 4 4 6 3 
1 12 33 3 
1 2 20 2 12 11 1 
9 3 26 8 3 
44 5 
13 20 4 2 8 2 
1 48 
42 5 1 1 
1 27 2 2 8 3 1 2 2 1 
1 45 3 
9 34 5 1 
27 10 9 2 1 
2 26 14 3 2 2 
1 30 11 2 4 1 
20 17 11 1 
3 37 2 5 1 1 
9 7 24 9 
4 5 7 4 4 13 6 3 2 1 
11 17 13 7 1 
1 37 4 5 1 1 
5 4 23 4 12 1 
2 11 22 4 1 7 2 
1 46 2 
3 10 32 4 
27 18 4 
1 45 1 1 1 
1 14 7 7 8 11 1 
1 1 11 16 19 1 
1 16 30 1 1 
7 1 28 8 5 
3 5 7 17 2 5 7 2 1 
5 24 1 3 9 1 6 
21 10 10 2 4 2 
49 
12 21 15 1 
14 27 2 4 2 
3 45 1 
2 38 3 6 
2 46 1 
1 10 3 22 13 
26 4 2 12 3 2 
1 37 6 2 1 2 
2 31 10 4 1 1 
3 16 30 
5 32 11 1 
1 1 33 10 4 
25 4 13 2 5 
2 24 10 3 8 2 
1 38 10 
49 
3 34 12 
1 43 4 1 
9 23 8 9 
1 25 14 4 1 3 1 
1 14 16 12 3 3 
2 7 5 2 7 10 14 1 1 
17 5 7 13 4 1 1 1 
1 28 3 13 1 1 1 1 
15 24 7 1 1 1 
8 35 6 
26 17 6 
3 31 11 3 1 
2 37 5 2 2 1 
1 43 1 3 1 
43 4 2 
31 1 7 10 
1 11 8 23 6 
8 21 1 8 2 1 1 5 1 1 
45 1 3 
45 4 
30 3 6 3 2 5 
1 5 24 18 1 
1 31 12 3 1 1 
3 9 16 6 6 1 7 1 
1 45 2 1 
3 31 2 8 3 1 1 
2 30 16 1 
3 6 1 33 6 
2 6 3 38 
1 7 40 1 
49 
1 43 5 
4 11 31 2 1 
18 23 8 
3 40 3 3 
1 48 
1 6 22 9 9 2 
17 4 8 14 1 1 3 1 
9 34 6 
1 34 6 6 2 
19 10 18 1 1 
10 1 21 7 5 2 2 1 
25 3 4 3 1 5 4 2 2 
1 21 23 2 2 
1 27 12 8 1 
11 23 10 4 1 
6 42 1 
19 25 3 1 1 
2 41 3 3 
1 21 24 2 1 
27 15 3 3 1 
3 10 18 14 2 2 
4 34 3 2 3 3 
21 1 24 3 
2 35 12 
11 38 
3 34 12 
1 14 3 18 10 3 
2 27 19 1 
1 27 13 4 4 
1 41 1 6 
2 35 7 4 1 
4 29 3 6 4 1 1 1 
19 23 4 3 
4 30 6 9 
1 47 1 
1 21 13 14 
1 20 21 3 3 1 
44 5 
2 28 7 4 1 3 1 3 
1 45 1 2 
1 14 32 1 1 
1 3 16 18 9 2 
1 41 5 1 1 
1 47 1 
9 35 1 1 2 1 
1 24 22 1 1 
4 22 21 2 
44 5 
1 11 6 21 3 1 3 3 
3 25 5 5 11 
49 
1 44 3 1 
1 27 14 4 3 
43 5 1 
1 3 1 18 14 10 1 1 
2 31 9 4 1 2 
7 11 27 4 
1 27 4 6 3 5 2 1 
1 4 21 20 3 
2 8 6 17 16 
2 40 2 2 1 1 1 
33 10 5 1 
2 43 4 
3 36 6 2 1 1 
1 24 21 2 1 
4 32 8 1 3 1 
4 26 8 9 1 1 
1 43 3 1 1 
3 28 11 1 6 
4 33 2 4 5 1 
1 43 5 
2 13 2 17 14 1 
3 17 15 12 2 
1 43 5 
1 2 21 7 8 3 3 3 1 
3 45 1 
1 10 31 4 3 
1 32 1 13 2 
5 23 6 3 5 4 2 1 
1 28 14 4 1 1 
1 47 1 
3 10 31 5 
13 26 4 4 2 
2 5 8 26 5 3 
6 20 4 7 7 2 3 
2 24 7 9 1 6 
2 14 14 14 2 2 1 
3 12 10 14 9 1 
1 5 22 5 10 6 
1 5 14 21 6 2 
49 
1 32 8 8 
1 37 6 5 
6 20 12 7 4 
2 43 2 2 
1 6 4 5 11 9 2 3 2 5 1 
1 35 2 5 4 2 
20 13 7 2 4 1 1 1 
31 2 8 1 1 4 2 
14 16 13 1 3 1 1 
1 47 1 
3 37 2 5 2 
7 26 14 1 1 
1 26 12 3 4 3 
1 5 26 15 1 1 
5 10 32 1 1 
2 31 14 2 
1 23 22 2 1 
2 42 1 3 1 
7 2 9 8 20 2 1 
1 42 4 1 1 
3 44 1 1 
2 30 14 1 1 1 
2 33 14 
1 11 36 1 
5 40 4 
13 35 1 
1 30 8 1 9 
47 2 
3 40 6 
1 39 4 3 1 1 
2 11 28 7 1 
1 14 34 
2 5 4 30 1 3 1 3 
1 47 1 
1 28 8 1 10 1 
1 38 10 
5 22 3 9 8 2 
1 27 17 2 1 1 
5 19 21 2 2 
6 6 23 5 6 1 1 1 
49 
10 24 2 11 1 1 
30 9 2 5 2 1 
2 9 3 2 2 20 3 6 1 1 
1 42 6 
49 
1 2 39 4 1 1 1 
2 42 5 
1 46 2 
1 24 2 5 7 7 2 1 
1 8 1 16 13 10 
49 
3 27 8 11 
3 36 10 
16 30 2 1 
4 32 13 
1 6 16 12 7 4 1 1 1 
1 27 18 3 
1 46 1 1 
11 24 7 2 2 1 2 
1 15 9 14 10 
1 24 9 2 5 1 3 2 1 1 
1 44 4 
48 1 
10 37 2 
44 3 1 1 
6 16 5 22 
9 2 34 1 3 
36 11 2 
2 41 5 1 
4 39 6 
1 26 17 4 1 
16 2 13 15 3 
17 20 1 9 2 
2 25 21 1 
1 7 24 5 11 1 
1 47 1 
37 2 10 
15 31 3 
1 36 3 8 1 
9 13 3 12 4 1 2 4 1 
1 41 3 1 1 1 1 
2 22 9 8 3 5 
8 29 2 7 2 1 
4 3 5 3 3 27 1 2 1 
3 12 29 3 2 
41 3 2 1 1 1 
1 27 16 1 3 1 
14 7 6 11 3 7 1 
5 10 34 
1 21 18 3 5 1 
2 9 38 
15 11 21 1 1 
1 44 4 
15 7 20 3 2 2 
1 7 1 19 15 4 2 
5 30 4 9 1 
1 27 10 8 3 
7 30 12 
1 5 4 39 
5 1 41 1 1 
16 16 15 1 1 
31 15 1 2 
8 6 18 4 10 1 1 1 
1 40 8 
1 13 8 21 6 
3 18 12 15 1 
1 42 1 3 2 
5 17 11 14 1 1 
1 31 15 1 1 
1 22 13 3 1 2 5 1 1 
2 43 4 
3 19 3 14 1 6 3 
1 7 41 
13 16 13 4 2 1 
4 12 11 15 7 
3 15 10 7 3 10 1 
2 46 1 
4 21 7 13 1 1 2 
11 13 12 8 4 1 
23 24 2 
5 10 6 18 6 3 1 
2 8 2 36 1 
4 14 28 3 
48 1 
6 39 2 2 
4 31 4 5 2 1 2 
1 10 31 7 
1 25 8 7 1 6 1 
9 19 16 5 
3 39 6 1 
1 48 
1 5 15 14 14 
2 16 8 7 9 5 2 
1 6 3 20 6 3 9 1 
23 25 1 
2 3 30 6 3 2 2 1 
1 5 3 22 11 4 2 1 
8 14 6 5 14 2 
31 15 3 
1 32 7 4 3 2 
2 11 23 13 
7 24 11 7 
1 29 4 1 1 8 4 1 
3 10 7 14 7 6 2 
2 22 22 3 
1 3 15 2 13 4 3 5 2 1 
2 29 6 7 4 1 
5 35 1 5 1 2 
1 7 7 9 8 16 1 
1 7 1 37 1 2 
1 2 46 
1 33 5 6 4 
11 14 24 
1 46 1 1 
11 29 8 1 
1 9 35 1 3 
2 35 12 
2 23 15 1 7 1 
2 44 2 1 
1 42 1 3 1 1 
37 9 3 
6 21 21 1 
7 4 12 4 18 3 1 
1 17 21 3 5 1 1 
1 30 18 
1 19 6 17 3 1 2 
1 11 22 12 3 
1 38 1 3 4 1 1 
2 17 23 6 1 
2 13 11 11 12 
1 2 30 7 7 1 1 
1 14 10 22 2 
25 9 7 4 4 
1 11 32 2 2 1 
38 2 1 7 1 
2 19 24 4 
47 1 1 
6 17 3 1 15 2 1 3 1 
2 20 23 2 2 
14 23 10 1 1 
5 7 37 
1 47 1 
44 2 2 1 
1 37 8 2 1 
1 34 9 1 3 1 
13 15 21 
1 15 5 2 18 3 2 1 2 
4 32 5 6 1 1 
28 14 5 1 1 
3 3 27 11 5 
1 39 7 1 1 
1 32 14 2 
17 31 1 
2 43 1 2 1 
7 23 18 1 
4 18 26 1 
37 1 4 7 
4 26 16 2 1 
1 47 1 
7 35 7 
1 42 6 
1 19 21 1 7 
2 40 7 
1 4 25 4 9 3 2 1 
1 21 24 2 1 
5 13 16 12 2 1 
3 30 7 4 5 
2 9 8 28 1 1 
1 9 24 15 
1 34 7 6 1 
1 48 
15 7 16 7 3 1 
1 48 
1 8 33 3 2 2 
1 25 15 6 2 
34 3 2 9 1 
10 39 
49 
26 13 10 
33 3 5 8 
1 38 5 3 2 
1 8 12 10 10 2 2 3 1 
16 23 1 2 2 5 
12 24 7 1 2 1 1 1 
4 43 2 
1 29 10 7 2 
1 9 4 10 15 10 
13 28 2 4 2 
1 33 6 4 1 2 2 
1 37 6 5 
7 28 5 8 1 
49 
47 1 1 
14 13 22 
1 3 41 4 
4 41 4 
1 35 4 8 1 
10 9 4 18 1 2 4 1 
1 41 6 1 
12 23 6 7 1 
1 35 1 6 3 3 
6 24 14 1 4 
16 29 2 1 1 
4 10 23 7 2 1 2 
5 2 9 31 1 1 
2 44 3 
4 27 15 1 1 1 
1 8 27 6 3 4 
2 45 1 1 
1 29 11 5 3 
1 6 13 18 8 3 
1 21 15 12 
2 21 22 1 3 
1 17 29 2 
1 47 1 
2 15 24 4 3 1 
48 1 
9 35 5 
16 9 22 2 
24 25 
1 26 17 1 3 1 
14 30 4 1 
1 22 18 2 3 2 1 
4 36 7 2 
16 31 1 1 
27 9 4 8 1 
10 12 27 
1 9 17 9 9 3 1 
5 39 5 
1 24 6 8 1 5 1 1 1 1 
1 22 18 8 
1 4 42 1 1 
1 43 5 
3 13 13 14 6 
1 14 10 2 20 2 
2 33 12 1 1 
12 24 7 3 3 
23 4 13 5 1 2 1 
2 23 21 1 1 1 
23 1 8 10 4 1 2 
15 10 8 15 1 
5 39 5 
8 14 26 1 
2 18 28 1 
30 19 
1 7 14 13 12 2 
11 23 1 13 1 
8 30 1 3 5 1 1 
1 41 7 
1 24 5 3 3 4 4 5 
32 6 8 2 1 
2 11 29 6 1 
29 10 10 
5 25 18 1 
1 47 1 
1 14 17 14 3 
42 1 4 2 
1 41 4 1 1 1 
4 9 32 1 3 
1 12 28 2 5 1 
8 1 22 15 1 1 1 
3 14 14 12 4 1 1 
2 5 30 5 3 2 1 1 
3 34 8 3 1 
45 2 1 1 
9 10 23 6 1 
3 10 11 1 4 4 5 6 5 
1 1 44 2 1 
19 23 3 3 1 
1 45 3 
4 1 7 7 18 1 11 
9 39 1 
49 
1 26 17 2 1 2 
31 5 10 3 
6 33 10 
6 13 12 1 10 2 2 3 
3 46 
1 1 26 16 1 2 2 
11 5 16 14 2 1 
11 32 1 5 
3 41 5 
5 2 14 5 5 13 2 2 1 
1 22 22 1 2 1 
11 37 1 
1 34 11 3 
1 13 6 17 9 3 
8 35 1 1 3 1 
7 17 20 4 1 
1 38 2 6 1 1 
3 33 13 
16 13 7 12 1 
2 11 30 5 1 
6 26 16 1 
4 26 13 4 1 1 
1 12 36 
22 19 3 1 2 2 
1 23 6 7 12 
47 1 1 
13 20 13 3 
8 39 2 
1 3 11 14 13 3 2 2 
2 22 16 2 2 2 3 
4 8 3 2 10 21 1 
1 42 2 1 2 1 
1 38 10 
1 46 2 
1 16 22 10 
2 15 12 7 12 1 
2 8 16 15 2 6 
1 6 37 3 2 
1 40 2 2 2 1 1 
2 36 11 
20 16 3 8 2 
1 18 17 12 1 
26 14 7 1 1 
1 23 6 17 2 
20 7 11 11 
1 9 22 15 1 1 
3 43 3 
1 40 8 
8 31 2 1 5 1 1 
1 2 12 17 11 6 
1 21 14 4 9 
13 3 9 12 3 7 2 
46 1 2 
1 21 19 7 1 
3 1 42 3 
1 22 2 16 6 1 1 
5 13 3 4 7 17 
6 10 16 8 9 
42 4 2 1 
48 1 
13 10 10 6 4 2 1 2 1 
12 4 2 1 21 5 3 1 
1 40 4 4 
41 5 3 
39 8 2 
6 39 1 2 1 
1 21 3 11 13 
1 13 3 19 4 6 1 2 
1 37 11 
13 1 35 
3 7 33 2 4 
11 23 5 4 2 3 1 
1 31 8 4 2 1 1 1 
2 21 12 1 7 6 
1 33 10 2 1 1 1 
10 9 19 9 2 
2 31 11 4 1 
3 22 10 3 8 1 2 
1 42 4 2 
3 17 29 
1 1 46 1 
26 11 11 1 
1 23 19 1 1 4 
1 12 4 22 10 
3 1 3 5 35 2 
12 9 4 5 8 4 2 4 1 
1 5 2 30 5 2 4 
7 6 16 10 2 1 4 2 1 
1 48 
2 27 19 1 
19 8 15 1 5 1 
9 3 10 25 2 
39 10 
1 5 36 1 5 1 
2 32 8 2 5 
1 5 35 8 
2 40 6 1 
35 11 3 
3 37 7 2 
40 4 4 1 
32 9 1 3 1 1 2 
2 43 4 
1 5 17 13 4 2 6 1 
9 38 1 1 
4 22 2 9 10 2 
2 7 33 7 
1 24 22 1 1 
1 42 6 
31 16 1 1 
1 41 4 1 1 1 
21 17 7 2 2 
4 43 2 
10 24 5 6 2 2 
2 18 11 13 5 
1 5 42 1 
1 42 3 1 1 1 
2 6 41 
27 6 14 1 1 
1 30 15 3 
4 18 24 3 
14 27 8 
4 31 5 6 3 
5 32 12 
1 20 28 
7 10 15 17 
5 21 4 14 1 2 1 1 
2 35 12 
1 10 26 1 5 2 1 1 2 
5 39 4 1 
1 25 23 
1 21 4 11 6 2 2 1 1 
31 9 7 2 
32 9 7 1 
4 12 2 13 9 6 3 
4 27 8 10 
3 11 2 26 3 4 
3 32 11 2 1 
1 17 14 14 1 2 
5 17 16 3 8 
1 42 4 2 
21 17 7 3 1 
3 45 1 
1 11 17 13 5 1 1 
23 13 2 11 
2 18 15 13 1 
1 21 11 11 4 1 
1 5 16 27 
2 16 18 1 12 
3 26 10 10 
17 12 2 18 
2 39 4 2 1 1 
1 9 28 3 4 3 1 
1 46 1 1 
1 30 8 7 2 1 
1 27 11 1 4 1 2 1 1 
9 15 7 15 3 
2 24 23 
6 17 26 
28 20 1 
6 2 41 
31 15 3 
18 23 8 
3 12 3 9 4 9 1 3 1 2 1 1 
2 42 2 3 
1 48 
1 23 25 
1 29 10 4 2 2 1 
3 35 3 1 7 
1 2 13 14 4 10 4 1 
2 34 11 1 1 
2 9 20 9 8 1 
4 30 15 
3 14 21 10 1 
10 17 16 1 1 4 
8 4 22 15 
48 1 
1 33 9 2 2 1 1 
13 14 13 7 2 
1 36 12 
1 21 27 
2 16 5 21 1 2 2 
1 39 9 
49 
8 21 20 
16 14 4 10 3 1 1 
1 18 22 1 4 1 2 
3 43 1 2 
3 14 7 6 4 10 1 1 1 2 
4 12 3 27 2 1 
2 19 15 13 
20 9 5 4 8 1 2 
18 31 
27 13 2 2 3 1 1 
1 12 12 20 1 2 1 
1 34 13 1 
1 41 7 
45 3 1 
12 4 4 6 15 8 
22 22 1 3 1 
8 2 14 3 1 10 1 1 8 1 
1 48 
1 34 7 4 3 
1 20 26 1 1 
2 9 18 15 5 
3 21 11 4 5 3 1 1 
17 22 10 
34 11 4 
11 36 2 
26 7 5 4 1 3 1 2 
1 24 21 2 1 
