34 2 9 5 
3 35 12 
1 11 37 1 
1 23 7 3 11 3 2 
1 39 10 
1 24 13 11 1 
39 3 3 3 1 1 
5 7 22 11 5 
3 21 21 5 
11 32 7 
1 2 13 22 2 6 4 
6 36 7 1 
1 10 33 3 3 
3 33 13 1 
14 33 3 
1 36 13 
33 11 4 1 1 
29 2 3 5 1 8 2 
1 1 21 22 1 4 
1 44 1 3 1 
24 22 2 2 
3 20 13 8 6 
2 48 
4 8 1 11 2 17 2 5 
1 27 6 9 1 1 3 2 
3 31 14 2 
3 26 18 1 1 1 
1 11 25 6 1 5 1 
1 25 4 4 4 9 2 1 
2 35 10 1 2 
1 13 36 
2 13 30 2 3 
2 25 23 
1 28 12 3 6 
2 29 1 3 7 4 4 
1 7 7 32 2 1 
1 34 2 9 1 3 
5 14 23 2 6 
6 20 10 6 1 6 1 
46 3 1 
1 7 32 1 7 2 
15 20 11 2 2 
5 25 2 3 4 3 1 6 1 
3 42 5 
16 12 6 16 
2 45 3 
24 1 2 4 8 3 2 4 2 
29 13 1 1 5 1 
5 9 5 28 3 
3 15 15 6 2 5 2 1 1 
2 39 9 
10 30 2 6 2 
3 11 11 14 10 1 
1 40 6 2 1 
2 6 34 7 1 
1 45 1 1 1 1 
1 28 7 10 3 1 
34 13 3 
2 21 27 
1 6 43 
1 27 9 7 2 3 1 
1 1 15 26 4 3 
1 48 1 
1 45 3 1 
3 46 1 
1 13 36 
1 20 25 2 2 
5 17 1 25 2 
1 27 13 8 1 
3 1 23 2 17 4 
13 35 2 
4 13 8 2 17 3 3 
1 7 19 16 7 
12 31 5 1 1 
1 49 
1 9 11 26 1 1 1 
12 27 5 4 1 1 
2 10 18 2 13 2 3 
2 33 15 
38 11 1 
1 14 35 
1 25 19 4 1 
2 16 30 1 1 
1 39 4 5 1 
20 5 15 4 1 2 2 1 
1 1 2 42 3 1 
6 37 7 
42 3 1 4 
50 
2 47 1 
2 9 15 21 1 2 
1 10 33 4 2 
1 45 2 2 
7 43 
28 12 8 2 
4 3 19 10 10 2 1 1 
1 1 17 31 
50 
1 20 4 20 2 3 
3 15 4 19 1 4 4 
42 3 3 2 
3 2 5 40 
15 2 14 1 8 6 2 1 1 
11 34 1 4 
18 14 1 8 1 7 1 
14 36 
2 38 6 4 
2 13 22 2 9 1 1 
44 3 1 1 1 
1 3 13 27 2 1 1 1 1 
1 19 30 
1 46 3 
46 1 3 
2 10 6 6 14 2 7 3 
1 4 22 13 8 1 1 
14 3 28 2 1 1 1 
9 34 3 2 1 1 
2 19 9 6 14 
3 24 1 20 2 
12 37 1 
3 19 2 8 3 5 8 1 1 
2 8 17 19 3 1 
1 15 20 4 10 
5 40 1 1 1 2 
1 40 4 5 
1 41 8 
1 32 14 3 
1 23 23 3 
1 21 25 2 1 
20 16 6 5 1 1 1 
1 5 21 17 3 1 1 1 
2 47 1 
41 3 2 2 2 
2 30 3 12 1 1 1 
1 28 15 6 
1 35 14 
2 20 1 9 9 1 1 3 1 3 
1 16 1 22 3 1 6 
1 47 1 1 
1 13 34 2 
6 28 12 3 1 
7 39 4 
1 15 27 1 2 4 
3 43 1 3 
24 17 3 1 3 1 1 
50 
1 39 1 3 6 
1 11 30 7 1 
1 36 5 8 
1 21 26 2 
1 13 20 13 3 
1 39 4 3 2 1 
1 12 23 1 5 1 3 4 
49 1 
1 1 22 26 
1 32 15 2 
32 12 5 1 
2 14 21 1 5 7 
4 2 29 10 5 
1 28 5 10 1 3 2 
5 16 21 2 4 1 1 
1 31 12 5 1 
33 3 9 1 4 
2 10 31 3 3 1 
3 26 21 
1 30 11 4 3 1 
2 12 15 14 4 2 1 
4 45 1 
1 16 9 16 5 2 1 
8 2 21 6 4 1 1 2 3 2 
2 46 2 
19 29 1 1 
1 24 16 9 
2 23 6 14 5 
1 27 20 1 1 
3 13 10 18 1 5 
4 7 25 8 1 2 1 1 1 
1 38 4 6 1 
20 18 11 1 
27 5 6 11 1 
44 3 3 
1 39 10 
2 18 11 11 8 
4 34 9 3 
2 39 9 
13 31 6 
2 6 26 13 2 1 
1 38 7 4 
7 22 13 4 4 
1 8 17 19 4 1 
17 24 6 3 
1 21 4 1 22 1 
1 6 5 4 25 5 4 
1 45 1 3 
2 43 5 
17 11 13 9 
6 8 13 4 15 4 
3 14 29 4 
1 5 22 7 8 7 
7 33 3 4 2 1 
13 14 7 6 8 1 1 
5 8 15 9 4 3 6 
2 25 20 3 
3 23 8 14 1 1 
3 27 7 6 2 1 2 2 
2 43 3 2 
1 11 1 30 3 1 3 
50 
2 15 13 20 
43 4 2 1 
32 15 2 1 
1 28 20 1 
1 18 20 9 2 
2 18 22 8 
44 1 3 2 
3 22 4 14 1 6 
2 23 7 1 6 4 4 2 1 
28 5 7 9 1 
16 14 14 2 4 
3 19 28 
1 23 4 1 11 3 1 1 3 2 
1 25 24 
43 7 
1 11 19 8 10 1 
3 30 16 1 
1 14 14 9 11 1 
2 40 4 4 
10 15 11 5 9 
8 27 15 
2 13 28 3 2 2 
2 38 2 4 1 1 1 1 
1 43 6 
2 28 4 15 1 
1 17 32 
1 21 8 4 8 1 2 4 1 
2 25 12 11 
1 41 4 1 3 
41 9 
3 12 4 12 19 
1 31 8 1 6 3 
15 17 7 1 3 6 1 
29 17 1 1 1 1 
2 39 3 2 3 1 
2 23 1 1 9 9 3 1 1 
3 45 2 
1 29 17 1 2 
39 6 1 2 1 1 
28 4 18 
26 9 10 3 2 
14 18 18 
2 17 13 16 1 1 
1 44 1 4 
2 7 35 6 
5 36 6 1 1 1 
3 23 7 3 4 1 7 2 
1 19 18 6 6 
1 24 15 7 3 
2 1 23 2 8 6 7 1 
1 28 3 6 9 3 
3 21 19 5 2 
50 
4 6 21 18 1 
48 1 1 
3 12 19 15 1 
1 2 43 4 
2 3 16 2 17 10 
2 27 15 3 3 
16 27 2 3 1 1 
35 4 11 
2 1 33 14 
3 13 5 21 8 
1 22 26 1 
2 31 9 8 
19 12 9 1 1 7 1 
1 27 13 4 4 1 
1 42 6 1 
6 1 18 5 10 2 1 1 3 1 2 
3 17 9 2 6 7 3 2 1 
33 4 4 1 6 2 
7 40 2 1 
12 16 21 1 
12 1 19 5 2 5 5 1 
14 28 7 1 
25 5 2 2 6 8 2 
1 37 10 1 1 
1 14 18 13 3 1 
1 19 14 13 2 1 
1 23 19 5 2 
1 8 10 26 3 1 1 
1 37 4 5 1 2 
2 6 42 
4 34 7 4 1 
6 9 18 2 4 5 5 1 
29 2 10 8 1 
1 31 17 1 
1 3 5 31 1 8 1 
1 4 7 19 3 9 1 6 
6 12 8 20 4 
4 4 35 7 
17 26 7 
10 7 21 4 7 1 
1 27 1 18 3 
29 3 10 3 1 1 1 1 1 
27 8 15 
2 32 1 8 7 
2 39 9 
1 26 5 18 
50 
37 12 1 
48 1 1 
5 12 14 4 9 5 1 
2 28 9 1 1 2 4 3 
1 28 19 2 
1 1 32 6 2 5 1 1 1 
45 3 2 
6 3 31 8 2 
1 43 3 1 2 
6 31 8 4 1 
49 1 
1 33 16 
5 43 1 1 
5 17 10 9 5 2 2 
6 12 30 2 
48 1 1 
1 5 7 11 11 14 1 
21 3 4 11 4 2 4 1 
1 14 2 11 21 1 
48 2 
47 1 1 1 
1 45 3 1 
5 31 11 2 1 
4 18 28 
32 9 4 1 2 2 
23 23 4 
9 8 22 9 2 
3 44 3 
1 4 18 25 2 
1 20 3 7 19 
1 24 12 1 6 3 2 1 
3 2 38 7 
2 48 
1 15 31 3 
2 10 19 17 2 
3 16 18 7 2 1 1 2 
1 40 4 4 1 
2 30 2 9 7 
15 26 1 1 4 3 
21 19 4 2 1 2 1 
2 46 1 1 
2 5 23 19 1 
1 11 32 6 
1 10 38 1 
1 22 27 
5 38 2 5 
1 14 8 8 3 13 3 
7 26 2 8 7 
1 8 36 2 3 
6 42 2 
2 48 
1 24 19 2 1 1 1 1 
1 13 13 11 9 1 1 1 
3 17 7 8 8 5 2 
4 44 2 
1 30 11 4 1 3 
2 28 13 4 3 
1 48 1 
4 34 6 3 3 
3 42 4 1 
3 40 7 
1 31 6 12 
1 32 3 9 5 
1 33 16 
2 4 20 10 6 7 1 
29 15 1 1 1 2 1 
30 18 1 1 
10 21 10 5 2 1 1 
1 42 4 1 1 1 
13 21 1 2 6 5 1 1 
6 30 5 6 1 2 
1 17 17 15 
3 26 14 6 1 
1 44 3 1 1 
1 4 3 42 
2 38 3 7 
3 13 5 3 25 1 
1 29 19 1 
6 24 19 1 
6 37 7 
1 40 9 
50 
50 
9 38 1 1 1 
16 16 2 7 6 2 1 
1 15 33 1 
1 40 6 2 1 
3 27 4 7 7 2 
1 24 10 3 7 5 
2 41 7 
1 1 12 18 15 2 1 
1 8 20 1 19 1 
2 39 8 1 
1 38 11 
14 14 15 1 4 2 
12 12 26 
1 36 13 
1 42 5 1 1 
2 30 7 3 2 1 2 2 1 
1 7 23 14 2 1 1 1 
1 29 17 2 1 
3 19 4 9 15 
2 11 37 
1 24 16 9 
3 12 26 7 2 
5 1 21 9 4 6 3 1 
4 2 7 25 1 3 5 2 1 
2 37 9 2 
3 12 7 12 11 2 3 
1 36 4 7 1 1 
15 27 4 1 1 1 1 
27 6 17 
2 42 3 3 
10 36 4 
14 31 2 2 1 
1 47 1 1 
17 18 15 
4 31 1 5 9 
4 29 15 2 
5 9 8 11 15 1 1 
2 16 25 7 
21 15 6 6 2 
5 2 28 14 1 
1 24 25 
41 8 1 
1 33 1 11 1 3 
4 42 4 
6 17 23 2 2 
6 24 5 8 4 2 1 
26 21 1 2 
2 18 17 5 2 1 1 4 
24 8 16 1 1 
1 13 7 16 1 11 1 
1 4 21 17 4 3 
16 14 4 1 8 5 1 1 
36 10 3 1 
7 30 3 1 9 
3 25 7 11 3 1 
3 16 21 4 4 1 1 
1 37 5 3 2 2 
1 25 15 5 3 1 
3 5 14 27 1 
15 22 6 7 
37 4 7 1 1 
17 30 1 2 
9 25 15 1 
2 25 22 1 
17 33 
1 48 1 
2 6 21 10 5 1 5 
20 10 5 2 7 5 1 
2 36 12 
9 1 19 8 6 7 
1 40 9 
5 20 12 8 1 4 
3 18 16 4 1 8 
15 16 19 
1 15 34 
17 9 14 2 1 6 1 
1 26 18 4 1 
49 1 
18 19 12 1 
2 44 4 
1 4 20 8 4 11 2 
2 11 27 5 5 
10 38 1 1 
1 40 7 2 
1 48 1 
1 35 12 2 
7 38 1 3 1 
1 4 6 10 6 12 5 3 1 2 
7 2 18 16 1 1 4 1 
11 30 9 
3 37 7 2 1 
20 20 7 1 2 
1 2 43 2 2 
12 19 6 3 2 4 2 1 1 
14 24 10 1 1 
3 25 2 20 
5 38 3 3 1 
5 42 3 
8 18 10 2 10 1 1 
4 34 1 2 1 1 3 1 3 
3 17 12 15 3 
1 5 17 5 17 2 1 2 
1 27 6 14 2 
1 43 6 
1 3 19 5 8 8 5 1 
7 1 10 6 2 6 7 8 1 1 1 
5 21 12 6 1 1 3 1 
15 17 17 1 
10 21 16 2 1 
1 41 5 1 2 
1 43 2 1 3 
2 35 13 
3 20 25 2 
15 10 5 1 9 1 1 7 1 
25 24 1 
50 
2 35 11 2 
2 7 22 10 6 1 2 
2 2 6 31 1 2 1 1 2 1 1 
1 33 13 1 2 
1 49 
1 13 22 14 
1 22 1 18 2 5 1 
2 33 13 1 1 
1 27 22 
2 31 10 4 2 1 
3 37 5 2 3 
2 20 28 
18 27 5 
13 14 23 
1 44 2 3 
1 5 8 16 6 3 2 2 1 2 4 
38 4 1 4 1 1 1 
3 41 4 2 
6 26 2 10 2 4 
4 23 16 7 
10 32 8 
26 6 6 12 
10 19 8 9 1 3 
34 3 13 
1 4 42 1 2 
1 3 15 17 3 3 8 
2 5 6 11 20 4 2 
5 35 2 4 2 1 1 
25 18 6 1 
2 31 2 15 
20 7 10 7 5 1 
2 19 14 13 1 1 
33 7 6 2 1 1 
3 27 1 2 6 8 3 
1 8 38 2 1 
5 31 10 4 
1 30 5 7 6 1 
1 3 32 2 1 5 2 4 
4 6 12 8 10 5 4 1 
1 44 5 
2 20 4 11 10 2 1 
2 23 14 3 6 1 1 
50 
8 33 9 
3 20 15 10 2 
1 7 8 14 9 1 2 4 3 1 
1 6 35 1 7 
1 20 1 17 9 2 
17 24 7 1 1 
2 38 1 5 2 1 1 
1 13 27 5 2 1 1 
14 10 26 
50 
18 7 4 14 7 
17 7 16 9 1 
11 31 7 1 
8 4 13 10 8 4 1 1 1 
1 14 26 2 2 3 1 1 
5 18 10 2 11 1 3 
7 36 5 2 
15 18 10 7 
2 36 11 1 
1 29 10 4 3 2 1 
6 34 10 
11 30 6 2 1 
1 25 19 1 4 
39 6 2 1 2 
48 2 
1 31 9 4 5 
24 8 1 2 8 1 2 4 
2 21 10 3 9 4 1 
30 1 2 12 1 2 1 1 
1 33 13 3 
1 48 1 
1 20 5 19 1 3 1 
3 38 9 
1 34 4 4 1 5 1 
1 8 41 
1 45 2 1 1 
1 42 7 
5 39 1 1 2 2 
3 10 14 12 1 6 2 1 1 
12 2 30 2 3 1 
1 19 5 14 11 
21 17 5 5 1 1 
24 20 2 1 1 2 
1 6 40 1 2 
6 44 
1 14 10 24 1 
1 40 7 2 
33 13 1 2 1 
4 21 5 3 3 9 2 2 1 
1 4 7 32 4 2 
1 44 1 2 2 
3 2 9 21 4 2 4 5 
1 24 20 4 1 
1 16 9 9 14 1 
9 32 5 2 2 
27 20 1 1 1 
30 9 11 
1 23 25 1 
1 24 8 15 1 1 
2 18 21 4 2 3 
6 25 16 2 1 
1 17 30 2 
1 23 17 3 6 
5 14 4 11 5 3 2 1 3 2 
3 25 17 5 
14 4 27 3 1 1 
11 21 6 3 5 4 
1 14 35 
1 12 7 28 1 1 
1 24 7 4 13 1 
49 1 
1 25 20 2 1 1 
1 49 
1 14 26 4 5 
1 41 1 7 
19 15 16 
1 32 17 
45 1 2 1 1 
1 25 17 2 3 2 
10 17 8 11 4 
20 3 6 10 5 5 1 
8 5 21 10 5 1 
14 18 14 2 2 
2 28 19 1 
1 11 5 21 7 2 3 
1 20 10 7 5 7 
1 9 13 21 5 1 
1 4 11 25 9 
16 20 7 2 4 1 
2 12 15 3 18 
1 14 22 6 7 
6 21 14 6 2 1 
3 26 14 2 3 1 1 
6 25 2 12 1 4 
1 45 3 1 
50 
27 23 
1 19 30 
1 45 4 
49 1 
2 14 14 8 7 4 1 
39 6 2 2 1 
5 43 2 
13 18 15 1 2 1 
3 46 1 
3 17 2 1 22 3 1 1 
1 35 14 
1 16 19 2 4 5 1 1 1 
1 25 5 14 3 2 
1 7 20 1 8 5 5 1 2 
4 24 8 12 1 1 
1 35 1 5 3 2 2 1 
48 1 1 
50 
9 36 1 3 1 
1 27 22 
4 25 12 2 3 1 3 
46 1 3 
1 3 1 45 
2 15 20 11 1 1 
4 19 26 1 
4 3 39 2 2 
1 16 15 13 3 1 1 
5 41 4 
41 5 4 
1 28 17 2 1 1 
1 48 1 
26 3 4 8 1 7 1 
1 20 14 2 12 1 
2 35 13 
13 24 7 5 1 
2 40 4 2 2 
3 13 26 3 2 2 1 
1 49 
2 22 25 1 
18 7 13 6 6 
5 37 5 1 2 
1 29 20 
50 
5 41 1 1 2 
4 44 1 1 
3 13 25 2 2 1 1 3 
49 1 
41 6 3 
4 10 12 21 3 
1 2 10 35 2 
2 20 18 4 4 2 
36 11 3 
1 26 18 3 1 1 
2 46 1 1 
1 1 7 6 27 3 3 1 1 
35 1 14 
1 15 16 11 7 
49 1 
2 17 27 4 
9 38 1 1 1 
8 6 20 13 2 1 
1 48 1 
2 29 16 3 
1 44 5 
27 22 1 
2 37 2 5 3 1 
3 34 10 1 1 1 
1 1 38 2 4 4 
1 34 7 2 3 1 2 
1 45 4 
35 8 2 4 1 
20 15 7 7 1 
1 37 10 2 
9 24 2 6 2 4 3 
1 10 4 25 6 1 3 
2 36 11 1 
1 44 5 
2 7 35 3 3 
9 2 6 11 11 8 1 2 
10 6 34 
13 11 20 6 
1 26 1 1 13 2 2 4 
8 38 1 3 
50 
6 13 9 16 6 
5 44 1 
1 36 10 3 
3 18 14 14 1 
31 15 1 3 
1 9 8 24 1 7 
25 10 2 8 1 3 1 
2 40 2 3 3 
7 40 1 2 
1 18 6 13 2 2 4 4 
1 25 8 12 3 1 
2 46 1 1 
23 13 2 11 1 
6 30 1 12 1 
1 20 13 2 7 4 3 
19 9 3 13 6 
1 33 4 3 3 6 
4 44 2 
36 7 7 
4 39 3 1 2 1 
1 23 16 1 3 4 1 1 
1 14 20 8 3 2 2 
1 5 2 35 4 1 2 
5 20 23 2 
1 33 9 7 
3 13 10 15 6 3 
6 26 8 4 2 2 1 1 
3 35 12 
7 9 1 3 28 1 1 
16 25 9 
12 11 18 7 2 
23 24 3 
3 47 
1 16 27 3 3 
2 39 7 2 
2 38 10 
43 1 5 1 
1 24 21 4 
6 28 6 8 2 
12 37 1 
47 3 
6 28 7 7 1 1 
4 13 12 1 18 2 
2 38 6 4 
15 17 8 3 5 2 
2 47 1 
3 7 4 14 22 
3 30 6 4 7 
1 41 7 1 
1 7 23 2 14 3 
10 6 2 5 23 4 
2 3 26 13 4 2 
16 11 14 1 5 3 
1 17 30 1 1 
1 3 5 40 1 
3 28 3 14 2 
49 1 
15 26 8 1 
1 42 2 5 
1 45 1 3 
5 31 14 
1 42 6 1 
1 45 1 1 2 
1 5 22 1 9 12 
17 30 3 
50 
42 4 1 3 
1 34 14 1 
3 19 7 14 1 1 5 
30 18 2 
6 3 31 8 1 1 
6 14 8 9 13 
50 
14 4 1 14 15 1 1 
5 37 2 2 4 
48 1 1 
41 8 1 
1 2 28 13 1 2 2 1 
1 15 34 
3 6 37 1 2 1 
16 9 25 
2 42 4 1 1 
4 41 5 
1 5 26 6 4 4 2 2 
1 29 15 3 2 
2 27 20 1 
1 48 1 
1 45 4 
1 5 14 5 13 12 
1 47 2 
3 44 1 1 1 
2 26 22 
1 18 8 1 9 11 1 1 
46 3 1 
1 38 1 6 4 
37 12 1 
1 32 2 7 7 1 
1 19 5 13 1 6 1 1 2 1 
1 18 31 
14 23 2 7 1 1 2 
3 7 1 15 16 7 1 
11 38 1 
2 29 17 2 
2 47 1 
8 40 1 1 
2 20 3 25 
15 28 2 1 4 
25 17 3 2 2 1 
4 45 1 
1 14 31 2 1 1 
21 27 2 
2 36 8 3 1 
2 15 1 29 2 1 
1 18 2 13 12 3 1 
2 22 3 18 3 1 1 
1 4 44 1 
4 28 16 1 1 
33 13 1 3 
8 38 2 2 
36 3 4 7 
6 4 25 8 1 1 1 3 1 
33 13 4 
3 40 3 3 1 
1 19 18 9 2 1 
19 21 6 2 2 
45 5 
44 1 3 2 
2 44 3 1 
8 37 5 
20 1 3 17 4 3 1 1 
2 39 4 2 1 2 
1 46 2 1 
1 19 30 
1 23 7 10 4 1 4 
1 27 21 1 
7 19 24 
1 26 15 6 2 
3 29 7 11 
1 28 13 5 1 1 1 
1 2 28 13 4 1 1 
10 24 15 1 
6 1 25 4 1 11 2 
1 47 2 
5 19 26 
28 9 8 3 1 1 
37 8 1 1 1 2 
4 25 15 1 4 1 
3 45 2 
1 27 16 1 4 1 
33 16 1 
3 16 15 1 9 4 2 
1 10 30 1 3 3 2 
2 27 8 3 6 1 3 
2 43 5 
1 47 1 1 
16 26 1 6 1 
35 4 10 1 
8 37 5 
1 22 8 14 5 
14 36 
2 26 19 2 1 
23 6 14 5 2 
1 49 
2 24 1 18 5 
2 41 4 1 2 
1 13 22 2 7 3 2 
27 1 3 11 8 
6 13 29 2 
3 4 22 1 15 2 1 2 
2 30 16 1 1 
2 37 7 2 1 1 
2 17 24 6 1 
9 25 2 13 1 
3 6 14 14 13 
2 25 20 3 
1 6 43 
42 8 
4 36 10 
4 18 15 6 7 
1 41 2 5 1 
2 28 20 
7 11 11 20 1 
2 29 2 13 1 2 1 
48 2 
3 36 10 1 
2 21 25 1 1 
1 41 7 1 
1 34 4 2 6 2 1 
1 12 37 
1 22 5 21 1 
1 46 2 1 
1 6 10 27 1 2 3 
7 27 5 2 6 1 1 1 
19 9 21 1 
2 22 22 2 2 
1 2 12 20 2 10 1 1 1 
2 41 2 3 1 1 
2 20 28 
1 6 31 11 1 
9 13 19 4 2 1 1 1 
1 4 15 17 6 1 3 3 
11 5 29 5 
6 25 19 
1 33 16 
46 1 3 
4 8 30 6 1 1 
1 37 4 2 3 2 1 
27 14 6 1 2 
1 40 5 2 1 1 
1 6 9 10 4 3 3 10 2 2 
10 6 31 1 1 1 
17 15 16 2 
1 4 44 1 
1 33 15 1 
1 49 
5 37 7 1 
11 25 7 1 1 4 1 
26 12 3 1 1 7 
3 43 2 2 
3 32 1 11 3 
2 22 24 2 
5 28 1 9 5 2 
2 43 1 4 
10 25 15 
7 27 16 
1 18 22 8 1 
4 20 25 1 
1 47 2 
1 30 19 
49 1 
12 6 18 7 3 1 3 
1 29 2 11 6 1 
18 17 4 8 1 2 
1 25 24 
4 26 15 2 3 
7 11 31 1 
15 19 11 1 4 
6 13 17 7 5 2 
50 
5 6 25 4 7 3 
1 1 33 8 3 3 1 
33 5 11 1 
2 12 10 3 14 7 1 1 
6 33 2 3 3 2 1 
1 16 4 3 3 23 
12 35 3 
1 42 7 
2 34 3 5 3 3 
2 5 34 5 4 
1 39 1 6 3 
4 37 3 5 1 
8 6 24 6 4 1 1 
1 16 17 2 11 3 
6 30 13 1 
3 1 44 2 
12 33 5 
8 12 9 10 9 2 
1 37 3 6 2 1 
1 3 9 31 5 1 
1 22 9 9 2 1 4 2 
6 10 33 1 
5 43 2 
7 25 5 11 2 
7 14 5 5 14 5 
1 34 12 3 
3 8 39 
28 5 7 4 3 1 2 
27 18 5 
1 37 6 6 
3 29 15 3 
2 29 1 4 2 9 1 1 1 
5 3 35 4 2 1 
50 
2 43 5 
1 47 2 
7 5 24 13 1 
5 41 4 
7 9 33 1 
1 24 1 21 1 2 
1 12 19 6 9 3 
1 10 9 27 3 
8 21 10 8 3 
3 44 2 1 
12 35 1 1 1 
1 11 21 13 4 
46 1 3 
1 13 2 20 5 4 1 4 
17 3 14 4 12 
20 25 2 3 
50 
5 36 9 
18 25 1 6 
2 6 22 5 5 10 
6 23 16 4 1 
14 31 2 1 2 
6 29 15 
42 3 4 1 
2 18 3 25 2 
1 16 2 19 12 
11 24 9 4 1 1 
3 19 16 10 2 
5 31 10 4 
12 2 8 7 4 13 3 1 
50 
16 11 6 13 2 2 
9 9 5 27 
7 26 17 
7 17 12 8 1 2 1 2 
1 18 31 
5 11 10 21 1 2 
1 42 7 
13 30 4 2 1 
3 17 3 14 6 7 
8 9 14 9 5 5 
1 1 33 2 3 5 1 3 1 
1 29 4 8 3 2 2 1 
1 38 10 1 
1 20 5 7 9 6 2 
2 15 33 
2 15 13 20 
1 37 12 
1 22 15 4 7 1 
2 31 15 1 1 
4 10 25 9 1 1 
1 36 5 7 1 
1 40 7 1 1 
4 44 2 
1 35 13 1 
8 15 21 5 1 
2 24 9 6 9 
29 6 6 1 3 1 4 
10 6 20 4 10 
1 23 20 1 5 
17 11 13 7 1 1 
1 18 11 12 8 
4 22 5 11 1 5 1 1 
1 20 9 4 12 2 1 1 
1 9 16 23 1 
2 35 9 1 3 
1 46 3 
26 9 12 3 
1 17 32 
1 2 16 25 2 4 
2 28 14 5 1 
1 46 2 1 
1 5 19 18 3 3 1 
1 16 4 26 2 1 
46 4 
1 27 1 20 1 
6 23 17 1 2 1 
6 12 32 
1 16 11 19 1 1 1 
19 9 17 5 
50 
2 23 8 1 5 9 1 1 
1 31 18 
1 2 41 3 1 2 
12 27 1 4 2 4 
7 10 9 12 8 3 1 
26 6 6 3 7 1 1 
20 14 8 1 4 1 1 1 
4 39 6 1 
1 43 5 1 
2 31 5 6 6 
1 38 1 6 3 1 
2 35 10 2 1 
1 49 
24 15 7 3 1 
1 2 47 
4 22 17 2 4 1 
50 
49 1 
1 20 13 1 1 2 5 3 4 
1 11 21 1 3 2 5 4 2 
4 15 4 24 3 
1 12 10 20 2 5 
2 7 2 11 18 2 8 
6 42 1 1 
2 36 7 2 3 
2 25 13 6 2 1 1 
2 8 6 7 6 10 4 6 1 
1 27 3 4 6 9 
1 3 33 2 1 8 1 1 
1 43 3 2 1 
2 11 9 19 6 2 1 
22 9 17 2 
31 17 1 1 
31 17 2 
19 15 12 2 2 
3 27 8 10 2 
1 34 1 5 6 2 1 
1 34 6 7 2 
12 4 5 6 3 13 1 5 1 
1 30 15 4 
2 2 3 40 1 1 1 
22 18 8 1 1 
10 5 10 11 8 4 2 
46 3 1 
12 29 6 2 1 
7 6 1 25 2 2 6 1 
3 6 34 4 2 1 
1 27 5 14 3 
5 32 1 9 2 1 
2 14 21 8 5 
2 48 
10 1 14 23 1 1 
2 40 3 5 
6 16 9 16 1 2 
1 24 8 17 
2 15 5 13 6 6 2 1 
46 2 2 
1 21 11 7 7 1 1 1 
1 49 
1 38 11 
50 
4 15 31 
1 40 9 
4 36 3 6 1 
50 
11 20 5 1 5 3 1 1 3 
6 19 25 
35 13 1 1 
34 7 3 6 
3 5 9 2 9 12 8 1 1 
4 13 9 6 16 1 1 
2 18 14 15 1 
3 3 26 9 2 7 
22 26 1 1 
1 1 10 38 
1 1 15 19 5 6 1 2 
4 21 15 6 4 
1 41 5 3 
4 18 2 5 1 16 4 
1 5 43 1 
8 13 27 1 1 
46 3 1 
4 16 23 3 3 1 
10 39 1 
31 15 2 2 
3 5 20 2 14 6 
1 21 14 11 2 1 
5 25 15 4 1 
5 40 1 4 
1 29 8 7 1 2 2 
1 16 19 1 9 2 2 
12 14 11 1 12 
32 3 4 2 6 3 
1 5 14 21 2 4 1 2 
14 24 4 7 1 
37 7 6 
1 1 20 19 9 
2 48 
18 14 15 2 1 
12 24 2 8 4 
4 30 12 4 
23 11 12 4 
6 33 5 6 
1 35 1 3 8 1 1 
1 14 25 2 1 7 
1 36 10 3 
6 39 4 1 
7 4 16 6 2 3 6 5 1 
46 1 2 1 
12 33 4 1 
1 8 7 2 14 15 3 
1 40 3 2 3 1 
1 49 
12 15 8 14 1 
50 
19 19 8 2 1 1 
9 6 23 8 4 
3 33 6 8 
1 42 1 5 1 
4 1 42 1 2 
1 4 10 35 
1 30 19 
2 11 3 26 2 1 1 2 2 
1 44 4 1 
1 24 15 9 1 
3 15 12 10 6 4 
16 15 9 4 1 5 
1 30 13 2 4 
6 38 6 
5 45 
1 7 38 2 2 
2 35 11 1 1 
14 35 1 
1 16 14 16 3 
3 40 1 5 1 
1 4 6 28 2 3 1 3 2 
32 10 8 
1 34 2 4 9 
5 30 13 2 
43 5 1 1 
1 23 15 11 
2 24 13 6 1 3 1 
1 21 3 5 15 3 2 
45 1 1 1 2 
16 7 15 11 1 
5 34 4 5 2 
46 2 2 
2 7 20 2 5 8 1 4 1 
6 40 2 2 
3 15 31 1 
27 1 10 2 4 4 1 1 
1 5 32 12 
44 6 
1 13 20 9 3 4 
1 47 2 
40 2 4 3 1 
1 11 25 6 7 
1 15 2 3 13 8 5 1 2 
30 4 16 
3 43 4 
2 22 11 1 4 6 1 2 1 
1 25 24 
8 28 5 2 5 1 1 
1 47 1 1 
1 22 12 9 2 2 2 
1 10 20 15 1 3 
1 18 27 4 
16 29 5 
2 2 23 20 1 1 1 
1 25 12 11 1 
42 5 3 
1 31 14 2 1 1 
5 38 6 1 
43 6 1 
1 38 4 7 
1 24 8 11 3 3 
13 20 1 1 15 
2 38 10 
2 32 5 6 5 
1 32 17 
1 22 25 2 
2 36 8 3 1 
1 23 10 6 10 
1 38 8 2 1 
1 30 19 
1 21 12 14 1 1 
1 32 13 4 
29 14 2 1 2 1 1 
38 6 4 1 1 
3 9 24 14 
3 37 1 9 
8 38 4 
1 12 29 7 1 
14 36 
1 38 6 4 1 
2 38 10 
12 2 10 3 1 2 14 5 1 
16 22 1 2 7 2 
1 13 17 9 8 2 
1 23 18 6 2 
2 32 10 2 4 
1 33 14 1 1 
9 11 30 
2 8 40 
2 9 39 
1 38 2 4 3 1 1 
1 25 17 2 4 1 
1 11 38 
1 46 2 1 
1 37 6 1 5 
43 6 1 
1 39 10 
35 11 4 
35 3 8 3 1 
36 1 7 4 1 1 
1 23 17 7 2 
1 32 9 4 1 2 1 
14 12 1 4 13 3 3 
7 22 2 10 3 2 4 
14 16 9 10 1 
2 39 3 4 2 
13 21 1 6 6 3 
1 14 35 
9 28 9 3 1 
2 8 24 15 1 
50 
2 1 42 2 1 2 
7 38 2 1 1 1 
1 3 32 1 8 1 1 3 
42 5 1 2 
3 39 2 6 
3 7 21 11 5 2 1 
2 25 20 1 1 1 
1 39 3 3 3 1 
18 11 18 1 2 
2 19 17 12 
46 1 3 
50 
27 1 22 
6 10 17 17 
23 19 3 5 
48 2 
2 40 7 1 
1 10 1 24 6 8 
1 4 38 2 5 
7 23 17 3 
7 42 1 
1 38 11 
26 19 2 2 1 
14 33 1 2 
40 4 6 
6 1 9 2 25 7 
2 32 15 1 
1 26 10 8 1 1 3 
32 5 11 1 1 
2 10 19 9 9 1 
46 1 1 2 
1 45 4 
2 36 6 2 4 
1 43 6 
10 10 13 8 8 1 
1 11 20 15 3 
2 38 10 
2 23 21 1 3 
1 32 17 
1 29 20 
3 41 5 1 
5 44 1 
8 4 1 23 1 8 1 2 1 1 
29 14 7 
47 3 
8 26 4 1 4 6 1 
1 43 6 
1 2 38 1 8 
50 
7 25 13 3 1 1 
48 2 
3 26 6 11 2 1 1 
13 7 16 13 1 
1 26 5 15 1 2 
5 18 22 4 1 
1 46 3 
3 7 32 5 1 2 
35 15 
1 12 8 21 5 3 
1 26 15 2 2 3 1 
5 33 12 
3 1 38 2 1 1 4 
1 47 2 
8 12 14 6 4 2 2 1 1 
1 5 13 8 8 10 5 
50 
1 20 19 5 1 3 1 
1 22 2 2 7 11 5 
1 40 9 
4 11 22 11 1 1 
45 5 
1 22 10 7 3 4 1 2 
3 19 13 7 8 
1 22 3 12 3 2 3 2 1 1 
1 24 4 21 
2 37 11 
16 9 2 1 12 3 5 2 
2 13 21 3 9 2 
19 18 8 3 2 
1 25 12 10 1 1 
2 24 22 2 
5 40 4 1 
2 47 1 
1 12 36 1 
4 7 24 1 6 2 5 1 
2 18 1 9 6 14 
1 27 13 4 2 2 1 
2 34 4 3 5 1 1 
1 20 19 9 1 
1 13 16 16 3 1 
6 32 12 
1 49 
2 31 8 3 2 2 1 1 
1 39 10 
10 12 19 9 
2 6 29 11 1 1 
11 16 5 10 1 7 
1 25 16 3 5 
2 20 8 18 1 1 
28 21 1 
5 37 8 
6 4 11 19 7 1 2 
1 3 44 1 1 
50 
4 31 11 2 2 
48 1 1 
4 44 1 1 
7 13 18 2 2 7 1 
1 18 28 1 2 
1 45 2 2 
11 14 9 4 11 1 
7 12 31 
2 18 10 11 9 
1 26 23 
7 17 24 1 1 
4 29 17 
2 21 27 
2 33 14 1 
15 25 8 1 1 
1 26 21 1 1 
1 21 11 13 1 2 1 
1 27 16 6 
29 18 2 1 
3 15 4 4 14 2 3 5 
2 41 7 
6 35 3 3 2 1 
1 5 3 35 2 3 1 
1 39 5 1 2 1 1 
3 5 22 18 1 1 
2 37 11 
10 21 4 7 8 
20 4 8 18 
1 9 30 8 1 1 
1 47 2 
1 43 3 1 2 
1 9 3 14 8 11 3 1 
1 29 2 5 8 2 1 2 
1 48 1 
18 16 6 4 1 3 2 
3 39 8 
3 28 19 
6 30 13 1 
1 1 48 
23 4 18 1 3 1 
1 5 30 5 3 1 5 
1 2 34 13 
1 22 13 5 3 3 1 1 1 
1 49 
2 40 8 
1 37 8 2 1 1 
2 26 21 1 
49 1 
19 1 8 13 7 1 1 
12 21 10 7 
1 16 25 8 
1 43 3 1 2 
22 16 2 3 1 5 1 
12 19 1 9 5 3 1 
18 31 1 
2 26 20 2 
1 44 1 3 1 
4 4 2 36 2 1 1 
2 26 16 5 1 
33 8 4 1 4 
1 18 22 1 2 5 1 
41 3 2 3 1 
1 48 1 
15 28 2 1 4 
1 25 17 1 1 4 1 
2 36 9 1 2 
1 32 11 3 3 
1 24 6 10 2 3 1 3 
18 20 2 1 3 5 1 
46 1 3 
1 25 20 4 
6 33 2 2 1 6 
6 44 
4 19 20 7 
1 31 4 11 2 1 
21 8 7 1 9 4 
1 1 23 2 21 2 
3 32 7 5 1 2 
4 15 1 28 1 1 
1 36 10 2 1 
1 33 3 13 
15 2 31 2 
26 11 1 9 2 1 
1 40 9 
35 7 5 3 
4 28 18 
1 17 22 7 2 1 
34 11 4 1 
17 29 1 2 1 
31 1 7 10 1 
1 21 14 7 4 3 
30 4 11 4 1 
1 48 1 
1 4 30 8 7 
2 35 4 1 8 
2 39 8 1 
16 18 4 3 9 
13 22 12 1 1 1 
2 8 22 6 1 9 1 1 
1 44 5 
2 14 10 6 3 4 8 1 1 1 
1 28 5 1 1 6 6 1 1 
5 5 20 14 5 1 
3 43 4 
1 27 22 
4 34 1 4 3 3 1 
1 29 19 1 
2 48 
1 15 22 9 1 2 
1 45 4 
1 13 11 24 1 
1 31 6 4 5 1 1 1 
1 4 40 3 2 
2 41 3 1 3 
6 40 3 1 
2 48 
1 17 8 7 12 3 2 
1 46 1 1 1 
1 42 6 1 
2 8 29 7 4 
2 26 10 8 2 2 
4 32 14 
1 19 9 19 2 
2 4 15 23 1 2 2 1 
49 1 
3 14 17 4 9 3 
4 32 3 3 7 1 
1 38 3 2 3 1 2 
1 48 1 
1 25 5 18 1 
1 26 6 3 1 4 2 7 
2 19 6 1 10 4 3 3 1 1 
9 26 9 1 5 
18 13 4 13 2 
3 16 16 1 1 7 5 1 
1 23 7 7 8 1 2 1 
10 33 7 
1 22 22 3 2 
1 39 6 2 2 
2 32 13 1 1 1 
1 6 33 2 3 1 3 1 
4 9 6 12 6 6 4 2 1 
2 18 11 15 4 
8 19 13 8 1 1 
4 40 5 1 
4 17 28 1 
5 38 7 
45 5 
1 19 30 
1 11 24 1 4 1 7 1 
1 7 7 7 15 5 3 2 1 2 
13 31 6 
2 9 36 1 2 
2 37 11 
2 8 36 4 
1 18 17 12 2 
1 49 
18 31 1 
1 39 10 
46 1 1 1 1 
10 36 4 
6 30 14 
4 21 7 3 3 5 4 3 
4 26 20 
3 13 18 8 8 
4 37 9 
1 9 23 5 3 5 1 3 
1 10 24 13 2 
1 22 27 
1 24 19 3 3 
1 35 6 1 1 5 1 
1 24 19 5 1 
1 6 12 29 2 
50 
1 35 4 1 1 6 2 
1 45 3 1 
8 10 3 23 6 
1 19 13 11 6 
1 26 11 1 7 1 1 2 
1 2 7 11 2 3 2 2 14 6 
21 25 3 1 
49 1 
47 3 
24 23 1 1 1 
1 2 8 10 11 12 2 3 1 
1 44 1 2 1 1 
1 39 10 
44 6 
35 12 3 
49 1 
8 31 1 1 2 4 3 
39 8 2 1 
1 34 1 7 5 2 
2 19 17 4 8 
4 5 25 7 3 6 
23 9 4 11 3 
1 18 4 15 3 7 2 
8 20 22 
1 32 5 12 
1 7 24 12 1 4 1 
5 7 19 6 2 1 4 4 2 
1 1 9 34 1 1 3 
6 44 
4 12 33 1 
6 17 1 2 12 6 1 4 1 
1 41 5 2 1 
6 16 8 16 3 1 
10 5 10 9 2 12 1 1 
8 10 29 3 
1 7 41 1 
10 33 6 1 
17 32 1 
1 1 21 5 2 18 2 
1 34 3 11 1 
4 11 9 4 5 4 3 3 4 1 2 
50 
40 8 2 
49 1 
1 14 13 2 2 14 4 
1 32 13 4 
1 48 1 
1 27 7 2 9 1 1 2 
1 47 2 
6 32 4 3 3 1 1 
1 2 8 29 1 5 2 2 
1 15 21 3 5 1 1 2 1 
1 20 26 3 
1 26 17 3 3 
1 47 2 
14 13 1 1 3 8 5 3 2 
3 42 5 
1 43 6 
9 8 18 5 10 
1 47 1 1 
7 42 1 
36 11 2 1 
3 19 8 5 4 2 6 3 
2 29 18 1 
1 46 3 
1 11 18 14 6 
1 27 4 11 2 4 1 
5 5 18 5 5 8 3 1 
24 17 8 1 
1 5 1 9 28 1 3 1 1 
8 15 17 6 3 1 
1 21 4 19 4 1 
2 23 12 4 1 6 1 1 
6 25 6 12 1 
1 38 11 
18 7 21 1 1 2 
1 40 7 2 
2 22 5 13 6 1 1 
8 17 24 1 
1 49 
1 9 3 33 3 1 
48 1 1 
1 42 7 
2 28 11 6 3 
36 12 2 
1 16 29 1 2 1 
1 42 7 
37 4 8 1 
1 18 15 16 
1 3 30 1 14 1 
1 35 10 3 1 
2 24 5 16 3 
3 45 2 
25 2 16 3 3 1 
8 28 14 
1 37 11 1 
1 19 20 5 4 1 
4 33 13 
1 25 14 5 3 2 
1 26 3 9 2 5 4 
1 12 31 5 1 
1 4 13 4 22 6 
1 3 5 5 31 4 1 
2 24 15 6 3 
50 
11 24 10 2 2 1 
2 8 11 9 7 7 5 1 
3 13 17 8 6 1 2 
1 14 16 1 9 8 1 
2 4 18 12 7 7 
46 1 1 1 1 
29 11 9 1 
1 26 17 4 2 
1 40 2 7 
2 31 10 3 3 1 
8 19 16 6 1 
4 19 27 
27 18 1 1 1 2 
4 34 5 2 1 2 1 1 
1 41 8 
1 24 21 4 
24 22 1 2 1 
3 42 1 1 2 1 
3 28 4 5 4 1 4 1 
5 11 2 9 21 2 
3 14 13 20 
2 31 17 
2 2 17 26 2 1 
1 27 17 3 1 1 
2 17 15 5 6 1 2 1 1 
4 43 2 1 
2 43 3 1 1 
10 21 4 1 9 1 3 1 
17 10 8 13 2 
26 4 2 8 2 2 2 2 1 1 
3 25 22 
1 14 18 10 3 2 1 1 
5 42 1 2 
1 43 6 
22 18 7 1 2 
1 46 2 1 
2 31 1 9 5 1 1 
22 28 
1 22 14 11 1 1 
2 1 40 1 6 
1 24 3 14 7 1 
26 22 1 1 
8 9 1 9 10 12 1 
5 40 1 4 
2 47 1 
5 39 2 3 1 
7 5 2 14 2 14 2 4 
46 2 2 
10 24 7 7 1 1 
2 9 14 1 9 10 4 1 
2 39 3 6 
5 8 33 3 1 
23 1 2 11 4 8 1 
7 20 2 11 1 7 1 1 
1 15 2 23 4 1 3 1 
12 5 8 4 19 1 1 
1 18 25 3 2 1 
4 20 6 5 14 1 
3 14 31 1 1 
4 8 38 
9 19 22 
1 12 1 7 18 8 3 
24 26 
1 33 6 6 2 1 1 
1 20 25 3 1 
1 34 11 3 1 
23 17 4 2 2 1 1 
1 8 3 14 21 1 2 
3 4 13 18 12 
11 4 33 1 1 
1 22 1 18 7 1 
1 13 29 1 1 3 1 1 
19 14 2 6 8 1 
37 13 
1 10 37 1 1 
17 29 4 
3 41 2 3 1 
1 44 3 2 
5 4 9 12 13 5 1 1 
50 
2 13 20 7 8 
1 5 10 20 14 
46 4 
4 44 1 1 
2 30 15 1 2 
7 36 2 2 3 
50 
1 5 24 11 6 2 1 
1 12 37 
1 19 29 1 
1 37 5 4 3 
2 24 2 21 1 
1 2 27 3 6 2 4 1 3 1 
1 21 28 
4 15 31 
14 31 5 
3 18 17 8 3 1 
6 32 9 2 1 
1 4 18 18 1 2 2 1 2 1 
1 8 33 1 1 1 4 1 
1 2 8 10 9 8 1 3 1 1 6 
50 
1 9 34 3 1 2 
7 34 8 1 
18 21 10 1 
1 30 7 11 1 
4 42 4 
16 13 4 11 4 1 1 
4 18 20 1 1 1 3 1 1 
2 21 23 4 
1 35 2 11 1 
1 25 15 7 2 
48 1 1 
11 37 2 
1 16 4 15 8 5 1 
1 18 31 
9 36 3 1 1 
1 45 1 3 
10 14 8 2 9 6 1 
1 20 7 1 19 2 
13 14 21 1 1 
23 16 2 9 
1 21 23 3 2 
2 12 7 3 1 16 5 2 1 1 
39 3 8 
2 18 26 4 
1 45 1 1 1 1 
2 22 14 6 1 2 3 
27 19 2 1 1 
1 4 33 1 3 7 1 
2 26 22 
1 5 11 11 6 14 1 1 
2 23 1 12 5 7 
9 41 
13 25 10 2 
1 38 3 6 2 
1 32 4 12 1 
2 24 11 2 10 1 
1 40 5 4 
1 40 7 1 1 
1 45 3 1 
1 47 2 
50 
2 19 22 3 2 1 1 
2 27 8 5 5 2 1 
42 1 5 1 1 
1 45 3 1 
1 13 36 
24 19 5 2 
1 17 3 11 4 9 1 2 2 
2 20 19 9 
1 10 34 1 4 
1 29 7 5 3 1 4 
9 3 31 4 1 1 1 
3 16 14 6 8 1 1 1 
5 38 4 2 1 
28 18 4 
33 1 8 3 5 
11 23 9 2 1 2 2 
2 29 6 10 2 1 
1 16 33 
1 4 16 2 4 18 1 1 2 1 
5 35 8 2 
5 16 18 9 1 1 
2 48 
1 45 4 
2 24 13 3 4 2 1 1 
1 15 29 5 
1 16 19 12 2 
24 5 9 1 4 6 1 
1 44 1 2 2 
1 39 6 4 
28 10 8 4 
1 7 5 34 1 1 1 
2 7 41 
5 20 25 
7 19 15 5 1 3 
2 39 2 6 1 
1 15 15 4 10 5 
8 6 31 4 1 
36 9 4 1 
2 40 3 5 
5 42 3 
13 13 24 
3 32 9 2 1 3 
8 26 14 1 1 
3 29 7 8 3 
1 10 39 
1 46 3 
2 32 12 3 1 
13 18 7 4 8 
3 47 
11 2 16 18 3 
10 33 5 2 
9 33 2 1 1 2 2 
10 24 9 5 1 1 
7 26 2 5 8 1 1 
1 28 1 18 1 1 
1 37 3 9 
2 8 13 27 
1 38 4 6 1 
49 1 
1 6 29 5 1 1 5 1 1 
2 8 15 12 5 1 1 1 3 1 1 
2 33 1 10 2 2 
6 17 1 22 2 2 
2 17 6 12 13 
1 17 13 10 8 1 
3 17 21 8 1 
1 42 7 
3 4 1 17 22 2 1 
5 1 7 7 4 17 3 4 1 1 
1 13 14 11 3 7 1 
1 6 3 10 3 21 4 1 1 
6 35 7 1 1 
18 13 4 9 6 
29 4 9 2 2 2 2 
13 1 21 8 2 2 2 1 
37 2 10 1 
7 7 28 1 3 4 
50 
3 37 5 5 
1 3 25 9 12 
50 
14 21 12 1 1 1 
1 1 14 33 1 
1 32 12 2 2 1 
1 12 15 11 4 3 4 
2 3 10 34 1 
1 30 1 4 6 6 1 1 
34 8 5 3 
5 17 26 1 1 
10 4 4 5 4 11 3 6 3 
4 19 3 21 3 
5 18 2 8 5 8 2 1 1 
7 32 2 7 1 1 
1 7 1 23 9 6 2 1 
7 21 22 
50 
50 
1 38 11 
6 8 22 6 6 2 
1 14 12 21 1 1 
34 14 2 
29 18 3 
49 1 
1 15 15 16 1 1 1 
1 12 3 5 17 8 2 2 
2 16 13 19 
1 24 19 1 1 1 1 1 1 
1 9 7 17 12 1 3 
1 40 7 1 1 
1 4 5 30 6 4 
1 14 16 17 2 
6 30 10 1 2 1 
1 3 34 11 1 
32 5 13 
9 19 20 1 1 
3 3 21 7 3 1 12 
5 17 19 4 4 1 
47 1 2 
3 25 11 7 3 1 
34 15 1 
1 14 4 12 15 1 2 1 
25 13 12 
1 13 7 12 8 5 1 3 
1 39 4 6 
3 10 12 24 1 
18 23 6 1 1 1 
13 22 4 11 
39 10 1 
1 23 8 8 1 2 5 1 1 
13 11 24 2 
1 18 31 
1 48 1 
2 39 7 1 1 
2 18 3 17 6 1 3 
1 27 8 11 1 2 
29 21 
1 16 14 8 6 5 
2 48 
6 24 3 17 
6 24 6 2 5 7 
25 21 4 
40 9 1 
2 22 5 2 7 6 1 3 1 1 
50 
7 32 11 
1 30 6 3 3 3 2 1 1 
9 20 3 2 16 
1 2 3 34 7 3 
4 46 
1 32 6 4 4 3 
4 18 7 11 5 1 4 
11 5 8 9 1 14 1 1 
4 2 21 8 11 2 2 
1 46 3 
1 28 21 
1 27 14 4 3 1 
3 11 2 3 6 8 11 6 
3 17 4 17 4 4 1 
2 23 7 5 4 6 2 1 
1 14 14 1 4 14 1 1 
1 15 6 1 20 6 1 
7 36 3 4 
1 31 8 10 
1 27 8 1 12 1 
1 33 2 11 3 
1 37 6 4 2 
4 36 3 3 2 2 
1 8 11 1 24 2 3 
1 37 1 6 5 
7 30 3 2 3 4 1 
6 21 23 
9 5 1 7 18 1 8 1 
2 43 4 1 
1 23 5 21 
2 36 12 
2 7 16 21 3 1 
3 26 5 4 5 3 1 2 1 
1 12 37 
1 27 21 1 
1 11 6 18 11 3 
11 4 2 8 7 5 11 2 
1 16 29 3 1 
2 11 3 34 
37 3 1 8 1 
4 41 1 1 1 1 1 
6 21 14 1 1 3 3 1 
43 4 1 2 
1 40 8 1 
44 5 1 
2 1 10 13 14 4 6 
2 5 5 33 4 1 
24 1 9 11 1 3 1 
1 9 4 24 7 5 
2 10 3 19 15 1 
2 32 15 1 
4 41 4 1 
1 30 19 
9 4 22 9 6 
6 41 2 1 
1 40 5 3 1 
5 19 5 9 11 1 
2 24 24 
2 23 16 3 3 1 2 
28 5 1 8 8 
1 2 44 1 1 1 
12 14 24 
28 2 7 9 3 1 
1 12 3 7 24 3 
14 19 17 
20 26 3 1 
3 45 2 
19 31 
1 26 20 2 1 
2 16 21 7 4 
1 48 1 
4 8 3 20 4 7 4 
43 3 1 3 
1 12 31 4 2 
4 32 14 
7 31 4 2 3 1 1 1 
38 3 1 4 3 1 
2 18 28 2 
1 45 3 1 
5 5 15 23 1 1 
2 38 4 4 2 
28 13 2 5 1 1 
21 28 1 
9 20 3 7 9 1 1 
2 39 1 3 3 1 1 
7 6 8 21 3 4 1 
6 7 17 5 1 5 1 7 1 
2 12 23 10 2 1 
14 10 8 12 5 1 
31 14 4 1 
1 32 8 8 1 
8 35 7 
2 9 4 35 
2 43 5 
14 22 13 1 
1 35 10 4 
2 8 22 1 4 9 3 1 
3 17 3 3 6 10 2 5 1 
1 11 2 34 2 
7 10 6 5 2 19 1 
1 30 8 4 3 2 2 
4 43 1 2 
50 
1 1 15 17 9 7 
3 4 34 4 4 1 
1 33 13 3 
1 5 28 1 3 2 1 6 2 1 
31 14 4 1 
9 12 10 15 3 1 
1 2 20 3 1 14 2 1 2 1 1 1 1 
1 7 22 13 3 2 1 1 
24 1 3 22 
1 24 13 1 4 6 1 
7 32 1 10 
21 21 2 3 1 1 1 
1 26 7 16 
7 6 26 1 4 4 1 1 
2 8 5 6 16 8 1 2 2 
50 
4 16 25 2 1 1 1 
15 23 2 1 4 5 
30 20 
2 46 2 
1 44 5 
1 43 6 
2 22 10 11 2 3 
1 27 8 2 4 1 1 4 1 1 
20 22 5 2 1 
1 33 16 
1 24 10 8 7 
1 18 7 14 1 3 1 4 1 
6 41 3 
16 24 7 1 1 1 
1 41 2 2 3 1 
18 27 5 
1 19 21 4 5 
4 34 7 5 
48 2 
1 1 33 14 1 
21 9 16 1 3 
1 48 1 
1 20 26 2 1 
1 27 19 1 1 1 
6 42 2 
5 30 1 1 13 
12 26 8 3 1 
3 32 1 3 1 8 1 1 
1 8 8 2 6 25 
1 36 9 2 2 
1 30 14 1 4 
5 10 15 1 6 7 3 1 1 1 
1 25 7 4 4 3 1 1 4 
1 13 25 3 2 6 
3 21 26 
2 32 16 
2 34 6 1 4 1 1 1 
7 7 9 2 17 2 6 
9 12 9 5 3 7 1 3 1 
1 10 25 13 1 
6 40 2 2 
1 43 3 1 2 
2 17 5 4 15 6 1 
1 46 3 
25 20 2 1 2 
4 22 13 3 8 
46 1 2 1 
36 1 8 3 1 1 
7 42 1 
13 23 14 
1 16 30 3 
1 48 1 
1 3 41 5 
33 2 15 
50 
1 34 2 2 11 
4 18 15 3 8 2 
2 48 
1 10 14 9 11 5 
1 49 
1 13 19 13 4 
3 19 12 14 2 
7 11 26 4 2 
1 11 13 16 7 1 1 
1 49 
1 35 7 1 3 1 2 
1 43 3 2 1 
1 5 2 28 14 
3 34 2 2 9 
5 14 3 1 11 4 5 7 
1 5 17 27 
32 11 7 
14 9 27 
26 22 2 
38 3 5 3 1 
49 1 
26 6 4 3 2 7 2 
2 45 1 2 
1 30 19 
47 1 1 1 
2 20 5 17 3 3 
1 31 3 15 
14 19 3 7 1 5 1 
3 19 6 21 1 
10 3 25 9 2 1 
1 12 37 
1 29 8 11 1 
3 42 5 
2 12 23 6 7 
6 3 1 17 1 4 8 10 
1 31 2 2 8 6 
34 13 2 1 
3 21 14 1 5 1 1 4 
8 38 3 1 
1 46 1 1 1 
21 2 15 11 1 
3 3 36 8 
2 30 1 17 
12 38 
5 34 11 
2 47 1 
1 4 4 12 14 15 
1 12 25 6 2 1 2 1 
2 28 6 2 4 7 1 
5 5 38 1 1 
2 37 2 3 1 3 1 1 
2 9 32 1 4 1 1 
7 10 4 20 2 1 1 2 2 1 
7 40 1 2 
9 21 2 1 14 3 
2 47 1 
1 28 17 2 1 1 
1 39 2 1 7 
13 1 1 34 1 
30 17 1 1 1 
24 17 9 
47 2 1 
2 18 30 
2 44 4 
3 1 39 3 1 3 
26 9 5 7 1 2 
1 21 8 11 3 4 1 1 
39 7 3 1 
18 24 8 
24 13 3 3 7 
4 23 18 4 1 
50 
2 20 13 10 5 
45 3 2 
2 18 30 
2 45 3 
2 9 4 29 3 2 1 
3 27 7 10 3 
49 1 
10 26 14 
16 9 6 13 5 1 
1 41 1 5 1 1 
1 45 2 1 1 
48 1 1 
2 29 7 11 1 
1 29 18 2 
1 15 1 30 1 1 1 
2 1 38 7 2 
2 20 13 7 3 4 1 
7 22 13 7 1 
3 4 23 1 13 3 3 
15 22 6 4 3 
4 28 1 14 1 1 1 
2 10 11 14 11 2 
1 19 29 1 
14 20 6 4 1 3 2 
2 17 31 
24 8 9 3 4 2 
6 4 9 17 4 8 1 1 
1 43 6 
4 45 1 
1 15 2 22 8 2 
1 7 19 11 9 1 1 1 
1 37 8 2 2 
6 40 1 1 2 
9 22 18 1 
1 19 30 
7 35 2 6 
1 34 14 1 
9 23 8 10 
1 42 7 
2 14 21 13 
42 1 6 1 
3 25 12 4 2 1 2 1 
50 
1 40 2 1 6 
1 46 2 1 
1 22 6 10 1 10 
1 49 
9 34 7 
9 3 37 1 
1 24 12 8 2 2 1 
2 28 4 1 5 8 2 
2 32 15 1 
1 40 8 1 
3 41 4 1 1 
1 16 3 5 9 11 1 3 1 
2 9 38 1 
1 41 1 3 1 1 1 1 
9 29 10 1 1 
3 43 2 1 1 
3 36 8 2 1 
1 5 29 12 2 1 
2 8 4 5 21 9 1 
1 24 7 2 14 1 1 
1 23 17 9 
50 
2 47 1 
1 30 19 
4 15 31 
7 1 23 17 2 
1 8 32 4 3 2 
2 42 6 
1 24 22 3 
1 35 7 7 
1 31 14 2 1 1 
12 33 5 
5 42 2 1 
3 27 12 3 4 1 
4 1 23 5 1 15 1 
3 35 12 
1 9 40 
11 17 13 6 2 1 
1 28 19 2 
21 13 14 1 1 
2 22 23 1 2 
2 17 4 18 7 1 1 
8 14 8 8 7 5 
3 11 7 21 4 1 1 1 1 
1 23 20 3 1 1 1 
23 9 8 8 1 1 
3 2 3 10 7 13 9 2 1 
1 9 24 8 4 1 1 2 
1 44 2 2 1 
1 28 15 3 1 2 
1 42 5 1 1 
36 4 3 2 5 
1 32 17 
49 1 
2 4 21 7 7 8 1 
40 2 6 1 1 
11 21 18 
1 5 12 1 23 7 1 
1 43 2 4 
4 40 3 1 1 1 
5 28 16 1 
1 38 8 2 1 
1 20 22 3 1 2 1 
1 7 41 1 
1 42 3 3 1 
14 7 26 1 1 1 
4 34 1 8 1 2 
1 35 8 3 3 
1 48 1 
40 5 1 1 1 2 
4 39 4 3 
1 27 17 4 1 
1 12 6 30 1 
1 30 16 1 2 
8 21 6 4 5 1 5 
1 38 11 
1 27 12 7 2 1 
33 13 1 1 1 1 
2 2 17 28 1 
1 7 24 17 1 
2 30 6 7 5 
3 37 3 7 
5 38 3 3 1 
1 49 
13 14 4 5 4 9 1 
1 11 38 
8 17 21 3 1 
2 11 21 15 1 
1 37 2 9 1 
1 39 7 1 2 
1 22 2 3 12 8 2 
18 28 3 1 
1 42 6 1 
48 2 
3 22 24 1 
25 19 6 
12 9 21 1 6 1 
1 44 5 
3 46 1 
1 3 22 9 14 1 
20 14 12 1 2 1 
1 36 2 10 1 
2 12 26 5 1 1 3 
7 33 10 
1 39 3 7 
1 44 5 
2 38 3 1 2 2 1 1 
1 38 11 
26 17 6 1 
1 40 2 7 
5 4 16 10 1 3 11 
3 36 10 1 
3 38 2 3 4 
1 31 5 6 2 5 
4 13 5 1 1 11 1 12 2 
2 22 18 3 4 1 
15 17 5 2 5 1 2 3 
3 27 15 2 1 1 1 
20 30 
7 1 8 10 24 
2 28 2 6 10 1 1 
1 47 2 
8 32 5 4 1 
1 14 33 2 
3 14 21 9 1 2 
1 5 29 4 2 1 2 3 2 1 
1 9 13 23 1 1 1 1 
5 5 30 3 2 5 
50 
1 20 5 8 5 5 1 3 2 
37 4 3 2 2 1 1 
1 12 28 4 2 3 
1 5 42 2 
1 35 14 
16 10 16 6 2 
6 7 3 18 7 6 3 
1 1 32 1 4 3 7 1 
3 11 25 10 1 
49 1 
12 3 15 18 2 
2 18 30 
50 
2 12 6 12 1 13 1 2 1 
3 7 13 21 3 2 1 
3 5 39 1 2 
2 19 1 26 1 1 
2 26 22 
18 23 7 2 
25 9 1 9 3 2 1 
1 9 9 6 12 2 3 7 1 
1 3 5 5 3 13 9 5 5 1 
1 24 4 16 5 
1 15 25 6 3 
2 48 
1 29 14 4 1 1 
11 9 3 11 6 4 3 2 1 
7 16 17 10 
45 5 
1 28 3 7 2 3 3 2 1 
2 14 20 12 1 1 
24 11 7 6 2 
16 25 1 6 2 
6 38 3 1 2 
1 43 5 1 
16 27 6 1 
1 14 6 19 9 1 
4 46 
29 7 5 3 2 1 1 2 
1 3 41 4 1 
20 7 14 7 2 
47 3 
1 14 2 9 21 1 1 1 
1 29 12 1 5 2 
12 3 29 6 
45 5 
1 14 27 8 
8 41 1 
2 24 13 2 5 1 3 
11 27 9 3 
5 34 4 4 1 1 1 
2 18 16 5 6 1 2 
2 43 2 3 
1 38 5 2 1 1 1 1 
1 23 10 3 13 
40 9 1 
1 14 26 8 1 
1 41 8 
7 9 31 2 1 
1 2 44 2 1 
32 15 2 1 
5 15 4 12 4 3 1 2 3 1 
4 33 9 2 2 
41 6 1 2 
1 26 1 3 19 
10 2 7 17 11 2 1 
1 42 1 2 4 
1 41 7 1 
1 25 23 1 
3 6 7 23 7 3 1 
1 10 8 12 16 2 1 
4 13 3 19 4 6 1 
28 12 9 1 
2 20 4 5 14 1 3 1 
4 18 28 
4 13 1 15 2 13 1 1 
46 2 1 1 
3 41 6 
38 12 
1 9 38 2 
2 30 13 5 
2 41 1 1 2 1 2 
8 9 4 13 3 11 2 
1 29 12 8 
8 6 21 12 1 2 
1 29 19 1 
6 3 24 13 3 1 
3 36 3 1 6 1 
1 9 17 15 6 2 
2 1 37 10 
17 18 4 8 1 2 
1 38 11 
50 
3 5 36 5 1 
16 32 2 
2 24 20 1 3 
1 21 21 7 
8 23 15 4 
7 41 2 
2 3 7 21 1 13 1 1 1 
5 4 3 23 7 2 5 1 
4 29 2 6 4 3 2 
10 11 21 5 1 2 
1 41 8 
1 11 26 4 4 1 2 1 
2 20 3 3 3 17 2 
1 40 7 1 1 
33 17 
29 14 2 5 
1 32 14 3 
1 41 8 
19 31 
7 42 1 
1 48 1 
4 7 5 20 10 4 
8 7 35 
26 2 16 3 1 2 
13 14 4 9 2 6 1 1 
4 4 17 3 6 4 2 1 4 1 3 1 
15 3 1 28 2 1 
2 28 18 1 1 
1 40 9 
3 20 5 9 1 4 6 2 
1 37 11 1 
14 12 11 9 3 1 
27 13 5 1 4 
18 13 14 5 
25 7 16 2 
1 30 19 
1 17 9 4 9 3 4 2 1 
41 8 1 
18 19 1 6 6 
4 23 13 6 3 1 
1 23 24 1 1 
1 41 1 5 2 
19 31 
2 29 4 5 6 2 1 1 
1 18 10 16 4 1 
1 30 5 8 3 2 1 
1 2 43 2 2 
1 25 24 
1 9 40 
2 44 2 1 1 
1 46 3 
2 25 9 2 12 
15 34 1 
1 11 19 8 5 6 
11 12 14 10 2 1 
4 4 35 4 3 
3 13 19 15 
6 1 1 24 10 3 2 3 
13 18 19 
14 5 25 6 
10 34 5 1 
4 7 1 37 1 
9 28 1 8 4 
1 28 18 1 1 1 
37 2 6 5 
2 22 18 6 2 
1 44 3 1 1 
38 2 3 7 
3 24 20 3 
1 23 11 6 9 
11 26 13 
30 11 6 3 
12 12 6 2 15 1 1 1 
1 39 10 
3 20 7 18 2 
1 5 10 22 12 
1 7 18 11 2 7 3 1 
1 4 5 19 5 10 2 4 
35 12 3 
1 29 2 12 1 4 1 
1 4 1 17 8 18 1 
2 26 21 1 
2 30 18 
42 7 1 
10 26 12 1 1 
12 20 6 8 1 3 
1 46 2 1 
15 20 6 7 1 1 
2 1 42 2 1 2 
4 17 18 8 1 1 1 
22 20 8 
35 5 5 2 3 
1 1 43 5 
1 3 41 4 1 
25 2 2 18 2 1 
48 2 
41 6 1 1 1 
5 21 22 1 1 
1 49 
5 37 6 2 
9 29 6 6 
50 
5 43 2 
1 41 8 
1 33 16 
3 13 9 15 5 2 1 2 
7 22 7 4 4 3 1 2 
50 
3 16 28 2 1 
32 8 2 1 4 1 1 1 
8 25 8 3 6 
5 9 1 3 31 1 
1 36 13 
29 15 4 1 1 
1 39 4 1 2 3 
1 6 34 4 5 
1 21 28 
31 7 2 1 1 1 6 1 
2 19 28 1 
19 30 1 
5 23 12 10 
29 12 5 2 1 1 
9 1 14 11 1 13 1 
1 48 1 
1 46 2 1 
13 26 8 3 
2 47 1 
9 20 14 1 2 3 1 
5 40 3 2 
2 41 7 
1 19 14 3 2 1 3 1 4 1 1 
1 45 4 
4 7 24 3 6 1 3 1 1 
30 3 14 1 1 1 
2 48 
2 29 19 
3 45 1 1 
1 21 7 17 3 1 
12 14 4 7 6 5 1 1 
7 34 5 3 1 
2 12 36 
2 8 31 6 1 2 
1 42 2 1 1 2 1 
4 29 12 2 2 1 
1 7 26 2 4 3 7 
2 1 39 8 
7 37 1 5 
2 17 24 1 3 3 
3 17 7 19 4 
46 3 1 
6 13 19 8 3 1 
1 28 13 2 4 2 
1 30 18 1 
1 4 23 8 5 2 7 
1 10 25 2 1 1 4 5 1 
10 1 8 27 4 
1 10 5 8 19 1 1 4 1 
14 35 1 
50 
1 47 2 
2 29 6 7 4 2 
4 7 36 2 1 
27 22 1 
1 40 4 1 2 2 
1 12 15 3 15 2 2 
40 10 
27 16 2 4 1 
3 7 29 8 2 1 
1 45 4 
15 35 
9 25 8 2 4 2 
2 42 1 3 2 
12 22 15 1 
1 29 2 15 1 2 
16 10 5 16 2 1 
3 35 11 1 
1 40 7 1 1 
2 36 11 1 
1 18 28 3 
35 12 2 1 
1 22 9 12 4 1 1 
1 37 4 7 1 
1 25 18 1 1 4 
1 41 5 2 1 
1 25 8 15 1 
5 20 18 3 2 1 1 
2 27 9 12 
1 46 1 1 1 
50 
1 37 1 3 8 
2 1 31 3 3 2 3 2 1 1 1 
4 40 5 1 
39 5 2 4 
2 18 27 2 1 
1 36 9 2 2 
1 19 14 5 1 3 2 1 1 2 1 
2 29 14 2 1 2 
3 9 6 12 14 3 1 1 1 
3 34 3 2 4 2 1 1 
2 12 25 4 5 2 
2 27 10 2 8 1 
5 2 37 1 5 
1 18 9 2 9 8 3 
1 42 2 5 
2 14 33 1 
21 29 
5 42 3 
2 15 9 2 5 6 2 3 3 3 
2 34 8 1 5 
1 4 21 20 1 1 2 
1 13 34 2 
10 38 2 
47 1 1 1 
1 27 6 8 3 5 
2 11 30 6 1 
3 22 18 3 4 
10 36 2 1 1 
10 39 1 
30 19 1 
10 8 32 
10 26 8 1 2 2 1 
1 43 6 
3 10 29 2 3 3 
1 43 1 1 4 
50 
10 22 5 11 1 1 
28 4 5 3 3 1 5 1 
1 33 9 2 2 3 
50 
7 32 9 1 1 
1 35 8 2 3 1 
1 41 8 
2 30 1 14 3 
17 20 8 2 2 1 
36 5 9 
12 6 32 
2 31 8 1 1 6 1 
3 19 28 
4 7 16 20 3 
2 9 10 8 5 14 2 
1 30 3 4 5 6 1 
1 20 3 24 2 
37 2 8 2 1 
2 2 26 15 5 
3 42 5 
2 22 16 5 4 1 
5 43 2 
10 13 7 17 1 2 
27 19 4 
45 3 2 
7 35 7 1 
36 8 6 
6 10 3 11 9 7 4 
1 47 1 1 
10 24 2 2 9 3 
37 10 1 2 
1 40 9 
1 46 3 
41 6 3 
1 34 12 2 1 
6 38 5 1 
3 11 28 6 2 
2 29 8 4 7 
38 4 6 2 
11 24 15 
40 8 2 
1 2 47 
3 34 1 9 1 2 
1 39 10 
2 10 18 4 11 5 
3 3 44 
3 6 33 4 2 1 1 
4 1 3 2 2 5 1 6 8 11 4 2 1 
6 16 23 1 4 
4 20 19 5 1 1 
5 16 11 11 4 1 2 
4 15 6 17 1 3 3 1 
1 4 15 4 10 1 9 5 1 
2 37 9 1 1 
36 6 8 
8 9 6 1 12 7 2 3 2 
2 23 2 23 
1 6 17 2 19 1 4 
1 47 2 
4 41 4 1 
2 14 28 1 4 1 
1 18 30 1 
18 14 9 4 4 1 
2 40 6 1 1 
2 3 5 8 5 11 5 5 1 1 2 2 
1 14 20 10 4 1 
1 1 4 18 8 16 2 
11 39 
1 26 20 2 1 
1 41 6 2 
3 37 10 
1 19 29 1 
1 42 1 3 2 1 
11 34 2 3 
1 25 13 11 
3 39 4 2 1 1 
49 1 
48 2 
7 10 14 14 5 
1 42 2 5 
1 18 1 5 8 13 3 1 
3 5 34 1 3 2 1 1 
1 17 2 21 1 8 
1 23 22 3 1 
2 39 5 3 1 
1 42 6 1 
23 5 7 1 9 5 
7 19 24 
1 17 19 9 1 2 1 
1 13 23 10 3 
4 17 2 17 7 2 1 
1 22 4 19 4 
10 8 32 
1 20 15 14 
1 14 21 6 2 1 4 1 
4 3 24 13 6 
23 16 11 
2 16 20 7 1 1 2 1 
3 9 25 13 
2 32 10 6 
3 11 36 
2 47 1 
2 1 31 12 2 1 1 
40 1 9 
2 6 40 1 1 
1 10 6 14 10 4 2 2 1 
19 3 20 3 5 
1 8 25 12 2 2 
3 11 19 4 10 1 2 
20 26 1 3 
1 5 35 4 4 1 
2 35 1 11 1 
1 27 22 
1 15 4 5 3 13 2 6 1 
3 15 18 5 7 2 
4 31 8 3 3 1 
19 7 14 4 3 2 1 
1 17 12 16 3 1 
3 39 6 2 
1 2 25 12 4 4 1 1 
1 5 23 3 12 6 
14 33 3 
1 43 6 
1 39 1 4 4 1 
10 2 22 8 2 6 
49 1 
1 16 1 32 
28 16 2 4 
1 42 6 1 
2 13 20 1 11 3 
1 2 45 2 
1 30 3 6 3 5 2 
1 49 
17 3 24 5 1 
1 1 13 4 3 13 5 5 1 2 2 
47 1 2 
9 9 15 3 13 1 
1 26 22 1 
7 21 21 1 
42 7 1 
2 40 4 4 
1 16 26 1 6 
1 44 5 
5 22 15 4 4 
1 26 9 2 6 3 2 1 
37 13 
2 13 27 6 2 
1 19 14 7 3 6 
1 21 17 11 
1 11 24 6 1 1 4 2 
47 2 1 
2 36 7 4 1 
2 45 1 2 
5 43 2 
1 44 5 
1 47 1 1 
3 7 20 12 5 3 
24 5 6 4 7 2 2 
3 32 1 12 2 
12 10 3 16 9 
7 32 11 
1 12 14 14 5 1 1 2 
4 23 3 7 6 4 2 1 
3 14 29 3 1 
1 43 6 
1 14 14 6 13 1 1 
7 33 7 3 
8 24 8 10 
1 40 9 
8 35 2 1 3 1 
25 5 6 11 3 
1 5 14 20 3 2 5 
1 5 30 9 3 2 
2 40 8 
1 47 2 
3 35 12 
1 30 14 3 2 
14 33 3 
1 8 29 9 1 1 1 
50 
4 38 5 2 1 
1 39 4 5 1 
1 47 2 
2 10 4 29 3 2 
1 26 13 7 3 
9 12 18 6 4 1 
1 41 5 3 
1 28 6 11 1 2 1 
1 36 3 4 1 4 1 
1 49 
16 7 7 11 5 1 2 1 
1 15 29 5 
15 20 12 2 1 
1 10 34 1 3 1 
47 1 2 
2 4 17 11 8 5 2 1 
1 27 8 12 2 
1 13 28 8 
1 9 30 5 2 3 
18 20 6 1 3 2 
2 46 1 1 
1 33 3 9 2 1 1 
7 30 7 6 
3 38 2 4 3 
2 46 2 
1 31 13 5 
1 46 3 
6 34 3 5 1 1 
1 36 8 3 2 
1 37 12 
1 49 
1 4 8 21 15 1 
1 44 5 
3 47 
12 34 4 
34 14 1 1 
2 26 4 9 4 1 3 1 
1 45 2 1 1 
1 18 31 
1 12 10 8 1 8 2 7 1 
5 45 
7 28 15 
1 33 14 2 
1 24 4 12 1 4 2 1 1 
1 16 6 12 2 12 1 
3 36 1 8 2 
1 27 22 
2 9 39 
15 32 3 
5 1 18 2 21 1 1 1 
1 8 15 15 10 1 
8 8 14 14 2 2 2 
23 2 25 
2 22 23 1 2 
1 10 7 20 2 5 3 1 1 
3 34 4 9 
2 44 3 1 
40 10 
5 28 7 6 1 1 2 
5 26 13 1 5 
1 30 9 6 4 
1 34 12 2 1 
2 24 12 2 5 4 1 
1 7 28 2 8 1 2 1 
6 35 9 
1 43 4 2 
1 34 11 4 
35 5 2 7 1 
2 41 5 2 
1 47 1 1 
1 12 25 7 5 
32 6 12 
1 17 15 1 10 3 1 1 1 
3 23 3 7 4 1 9 
43 1 6 
34 7 7 1 1 
1 33 16 
1 7 36 2 4 
4 18 17 3 3 2 3 
1 20 8 2 5 7 1 5 1 
1 16 14 9 9 1 
3 7 29 4 4 2 1 
2 1 16 12 11 7 1 
4 7 23 5 4 3 2 1 1 
38 3 1 2 4 2 
2 40 2 3 2 1 
1 24 20 1 1 2 1 
1 17 10 16 5 1 
1 16 19 4 7 1 2 
25 12 3 5 2 2 1 
1 3 27 6 11 1 1 
1 8 32 4 5 
1 37 4 1 7 
1 6 8 6 5 4 12 3 5 
27 12 9 2 
33 10 1 1 5 
41 5 1 3 
6 4 33 5 2 
1 17 27 2 3 
7 22 8 7 2 1 2 1 
1 6 22 14 7 
13 17 19 1 
17 24 9 
1 13 7 3 7 12 7 
