1 38 11 1 
51 
1 50 
2 19 16 2 2 8 1 1 
1 38 1 11 
15 18 1 2 1 10 1 3 
1 24 5 10 3 4 2 2 
51 
1 6 39 2 2 1 
1 9 2 39 
19 23 2 6 1 
22 7 13 8 1 
2 43 3 3 
51 
8 42 1 
3 18 11 7 12 
14 25 11 1 
49 1 1 
2 1 6 32 4 2 4 
6 6 28 6 5 
5 21 21 4 
2 30 3 12 2 2 
1 24 26 
3 14 1 9 11 4 2 1 5 1 
5 38 2 6 
21 26 3 1 
4 10 3 9 8 7 7 2 1 
1 30 20 
1 33 1 13 2 1 
51 
1 27 6 7 9 1 
37 13 1 
1 42 8 
2 48 1 
30 6 4 10 1 
5 42 3 1 
1 33 2 4 6 2 2 1 
29 9 10 2 1 
1 14 27 9 
22 29 
32 18 1 
26 14 2 2 3 2 2 
12 33 6 
11 36 1 3 
1 37 3 8 1 1 
2 22 13 5 3 1 3 2 
1 48 1 1 
3 15 32 1 
13 30 5 1 2 
7 31 7 4 2 
1 12 14 23 1 
2 43 1 4 1 
1 8 27 4 11 
1 38 6 2 1 1 1 1 
17 28 3 1 1 1 
3 48 
1 7 25 10 8 
14 35 2 
2 24 23 1 1 
11 23 10 2 4 1 
19 1 4 16 5 1 3 2 
8 24 8 5 6 
1 22 3 14 6 2 3 
2 47 2 
43 4 1 3 
2 14 2 27 6 
1 47 3 
9 39 2 1 
1 15 18 17 
2 30 19 
4 24 23 
3 33 13 1 1 
8 40 3 
1 10 7 9 3 9 2 8 1 1 
2 18 5 14 1 8 1 2 
51 
1 25 24 1 
2 38 5 2 2 1 1 
2 2 23 13 2 4 5 
24 27 
3 46 2 
1 19 31 
2 6 13 27 3 
1 17 3 24 1 2 2 1 
16 11 2 2 12 5 1 1 1 
1 17 25 5 3 
25 5 18 1 1 1 
10 39 2 
46 5 
16 34 1 
21 14 8 7 1 
1 24 12 7 4 3 
12 5 12 16 6 
1 13 37 
2 27 22 
3 13 26 4 5 
1 11 10 11 1 7 10 
1 31 4 8 2 1 4 
4 36 11 
1 25 14 1 5 4 1 
4 39 8 
6 6 19 1 6 12 1 
14 9 21 4 3 
34 9 1 4 3 
1 4 19 5 4 11 2 1 3 1 
1 43 1 6 
1 15 7 2 21 1 3 1 
10 24 10 6 1 
1 15 18 6 8 2 1 
1 25 25 
1 3 16 18 2 3 1 1 1 2 3 
2 21 27 1 
9 23 1 18 
16 6 14 12 3 
2 11 10 20 8 
1 22 18 5 4 1 
1 34 4 2 7 3 
1 3 2 5 33 5 2 
3 16 32 
43 6 2 
1 49 1 
1 30 15 5 
12 32 3 1 3 
2 46 3 
1 43 7 
2 39 8 1 1 
2 8 41 
1 14 1 27 5 3 
1 33 3 4 4 4 2 
26 25 
1 12 34 3 1 
6 42 1 2 
15 23 13 
1 25 4 12 6 1 1 1 
1 26 5 2 6 3 8 
2 12 15 6 9 7 
1 43 2 4 1 
1 46 2 1 1 
2 43 1 4 1 
1 25 22 2 1 
1 47 2 1 
3 3 24 18 2 1 
1 20 11 11 2 4 1 1 
4 1 1 37 7 1 
1 22 27 1 
1 6 28 7 8 1 
1 5 44 1 
2 19 26 2 2 
2 20 3 4 6 7 1 7 1 
1 10 31 1 4 1 2 1 
2 42 7 
25 18 1 4 3 
1 33 17 
1 10 23 10 4 1 1 1 
1 13 23 6 7 1 
28 10 12 1 
2 7 22 2 4 9 2 1 1 1 
4 6 5 5 20 5 6 
45 6 
1 48 1 1 
18 21 9 2 1 
13 29 9 
1 38 12 
1 28 22 
3 7 22 18 1 
1 13 26 8 1 2 
2 17 24 3 3 1 1 
50 1 
10 2 19 14 2 3 1 
9 8 32 2 
9 12 5 13 7 2 1 2 
51 
3 28 1 5 10 1 3 
1 50 
2 30 2 13 2 2 
38 4 3 3 2 1 
6 14 18 10 2 1 
1 41 9 
13 4 2 14 1 9 1 4 1 2 
1 12 24 14 
10 35 5 1 
4 23 1 1 14 7 1 
1 29 20 1 
25 25 1 
1 49 1 
7 38 6 
2 38 11 
1 26 11 5 8 
1 15 28 3 3 1 
51 
37 6 8 
3 13 3 3 1 19 2 4 1 2 
25 3 11 8 4 
1 38 2 4 6 
4 25 12 6 1 3 
3 40 7 1 
1 32 13 3 2 
2 5 32 12 
1 27 23 
1 45 5 
8 36 7 
39 6 2 3 1 
1 48 2 
1 9 4 10 12 2 8 3 1 1 
29 16 2 3 1 
14 7 15 9 4 1 1 
11 35 2 1 2 
5 27 19 
3 2 43 1 2 
1 6 4 32 2 4 1 1 
18 20 9 1 3 
50 1 
8 25 16 1 1 
1 11 20 18 1 
1 31 12 3 4 
1 49 1 
1 18 22 10 
2 8 30 5 4 2 
12 19 20 
1 10 30 8 2 
18 20 13 
1 46 4 
1 16 13 11 9 1 
5 16 9 8 3 6 4 
24 13 9 1 3 1 
2 40 8 1 
1 6 44 
1 38 9 3 
2 46 3 
1 44 6 
1 10 12 1 9 1 9 2 4 1 1 
4 18 28 1 
2 23 26 
8 13 11 4 1 12 2 
1 43 6 1 
6 36 8 1 
20 14 17 
1 38 4 4 1 1 2 
49 2 
2 26 10 6 4 2 1 
3 18 20 7 3 
1 23 27 
1 17 33 
1 35 8 4 3 
1 30 15 1 2 1 1 
1 5 8 11 1 17 3 1 4 
1 15 5 21 3 1 3 1 1 
4 39 6 2 
3 18 21 1 8 
8 3 10 12 14 1 1 1 1 
3 18 17 2 9 1 1 
51 
1 14 22 12 1 1 
1 46 2 2 
2 10 3 13 14 9 
20 3 26 2 
5 18 23 1 3 1 
21 1 25 3 1 
3 16 23 4 1 2 2 
1 26 22 2 
1 50 
1 23 18 7 2 
19 32 
1 7 5 16 14 4 2 1 1 
16 4 24 6 1 
1 8 42 
46 3 1 1 
1 15 35 
2 41 3 1 1 1 2 
1 17 11 17 3 1 1 
15 16 20 
3 46 1 1 
2 42 4 1 2 
1 28 18 3 1 
8 40 3 
2 7 23 14 5 
2 8 27 1 10 3 
10 33 2 6 
47 4 
2 3 24 2 6 9 5 
2 27 5 2 9 2 4 
44 2 4 1 
1 3 42 5 
3 23 25 
1 44 4 1 1 
6 11 30 4 
7 13 24 2 1 4 
1 2 4 37 4 1 1 1 
3 25 12 9 2 
50 1 
2 22 11 4 1 4 6 1 
36 9 1 3 1 1 
3 42 4 1 1 
1 33 16 1 
1 47 1 2 
3 22 7 9 2 2 1 2 2 1 
3 48 
6 25 20 
46 3 2 
16 22 13 
6 13 18 8 6 
1 7 33 3 1 4 2 
1 16 11 5 3 5 4 5 1 
49 1 1 
2 21 3 7 2 6 8 1 1 
42 5 1 3 
1 32 6 1 9 2 
1 8 31 11 
51 
2 44 4 1 
3 7 3 22 16 
3 30 3 8 2 5 
1 19 20 7 3 1 
1 37 5 2 5 1 
1 29 21 
46 5 
23 9 16 3 
3 9 37 2 
2 40 7 2 
1 33 11 2 4 
2 6 9 8 20 2 2 1 1 
4 32 13 1 1 
2 14 12 3 20 
6 19 26 
37 8 2 2 2 
1 39 6 3 1 1 
1 29 20 1 
41 1 6 3 
1 8 24 14 1 3 
5 6 14 15 2 7 1 1 
1 21 29 
1 29 9 5 2 4 1 
1 28 4 12 5 1 
4 47 
2 6 8 5 20 5 1 1 3 
2 22 5 9 4 3 3 2 1 
1 7 34 5 4 
21 30 
1 16 10 3 3 18 
1 37 7 5 1 
27 3 5 13 2 1 
1 38 12 
3 23 25 
26 17 5 1 2 
3 5 16 17 9 1 
3 38 2 7 1 
4 44 1 2 
1 38 12 
7 24 3 13 1 3 
44 6 1 
51 
4 19 28 
5 43 2 1 
1 5 35 1 5 2 1 1 
26 18 4 1 2 
1 15 1 19 4 1 8 2 
6 24 12 2 7 
7 14 29 1 
2 25 24 
2 31 2 3 1 11 1 
2 2 25 20 2 
1 27 10 7 5 1 
8 5 10 10 10 3 3 1 1 
2 28 9 2 7 3 
1 31 1 4 4 2 8 
1 14 18 7 5 4 1 1 
1 5 33 8 2 2 
3 16 25 7 
12 30 9 
50 1 
12 28 4 7 
1 21 2 13 11 2 1 
2 49 
1 32 11 6 1 
2 28 19 2 
15 25 6 1 4 
2 8 21 1 13 6 
6 41 1 2 1 
36 15 
2 23 23 3 
28 23 
8 10 13 11 7 1 1 
5 44 1 1 
1 39 2 1 4 2 1 1 
37 3 8 1 2 
2 41 1 7 
31 13 7 
13 13 19 1 3 2 
2 41 7 1 
2 15 34 
1 30 5 15 
3 24 23 1 
14 9 28 
1 10 6 11 1 13 5 1 1 1 1 
1 26 19 1 4 
1 49 1 
1 31 4 13 2 
1 10 10 9 13 3 5 
2 9 35 5 
3 46 1 1 
13 22 6 6 2 1 1 
2 38 8 3 
2 19 4 20 3 2 1 
1 36 5 6 1 1 1 
2 11 9 29 
1 34 13 3 
3 47 1 
4 7 34 4 1 1 
23 13 8 6 1 
1 47 3 
2 41 5 1 2 
1 47 1 1 1 
4 17 20 2 7 1 
1 7 37 6 
1 36 14 
1 20 19 8 3 
1 14 22 8 6 
6 19 23 3 
3 7 41 
1 46 2 1 1 
12 5 23 3 1 1 2 4 
1 36 14 
7 35 5 3 1 
2 43 1 5 
1 26 12 11 1 
1 39 11 
3 11 5 5 19 8 
1 36 7 5 2 
51 
3 6 38 2 1 1 
1 7 7 36 
2 46 2 1 
29 19 3 
1 38 5 2 1 2 1 1 
1 20 3 16 11 
2 31 16 1 1 
1 40 2 4 4 
5 29 17 
3 7 23 6 1 4 2 4 1 
1 29 16 3 2 
1 15 30 4 1 
3 42 1 2 2 1 
1 50 
6 23 9 11 2 
1 45 1 2 1 1 
6 44 1 
9 36 1 3 2 
1 44 6 
5 33 13 
1 39 7 1 3 
2 33 3 2 5 6 
4 41 6 
2 2 1 36 9 1 
1 8 37 1 1 3 
4 17 5 7 11 5 1 1 
1 35 15 
2 37 1 8 3 
20 31 
14 6 14 16 1 
45 1 5 
31 2 5 10 3 
1 3 8 18 5 4 11 1 
3 14 8 17 1 8 
13 12 6 14 2 2 2 
4 39 8 
1 10 18 17 4 1 
2 8 36 3 2 
1 17 8 13 12 
2 37 1 5 5 1 
2 45 4 
16 31 1 3 
13 1 10 26 1 
2 44 5 
3 22 16 2 4 2 2 
1 7 22 11 4 6 
1 49 1 
4 44 3 
3 18 9 5 13 3 
2 35 14 
2 23 13 2 1 6 2 2 
4 3 6 4 19 10 1 2 1 1 
1 18 7 7 3 10 4 1 
25 5 9 4 4 2 2 
1 40 7 1 1 1 
31 7 10 3 
1 22 22 2 2 2 
1 8 8 16 9 6 1 2 
1 33 6 11 
29 3 8 6 1 3 1 
19 9 18 5 
6 30 15 
2 42 5 2 
1 25 20 1 4 
1 12 36 2 
3 48 
1 34 15 1 
1 28 16 2 1 2 1 
1 26 3 19 1 1 
36 10 5 
20 9 18 2 1 1 
3 11 13 18 6 
9 6 3 26 7 
1 8 12 28 1 1 
6 39 6 
50 1 
48 3 
6 35 7 2 1 
7 28 9 2 1 2 1 1 
31 6 12 1 1 
4 4 18 12 13 
1 29 15 5 1 
20 25 6 
1 18 6 22 2 1 1 
9 24 17 1 
7 5 4 6 9 19 1 
13 3 34 1 
5 15 25 2 1 3 
2 49 
1 49 1 
20 9 19 1 2 
1 29 6 9 3 1 2 
2 20 28 1 
1 46 3 1 
16 19 6 2 3 1 2 1 1 
1 47 3 
33 17 1 
1 18 3 9 16 2 2 
6 22 10 1 10 2 
4 1 34 11 1 
7 10 14 1 17 2 
1 11 14 25 
2 15 9 20 2 2 1 
2 27 22 
5 42 3 1 
5 29 7 8 2 
1 8 21 21 
1 7 9 7 25 2 
1 31 14 1 1 1 2 
4 27 15 3 2 
1 40 3 5 2 
6 4 20 7 4 9 1 
3 36 11 1 
1 10 24 9 1 6 
9 22 14 2 4 
3 38 3 2 5 
21 20 4 3 3 
1 29 16 4 1 
2 49 
1 41 9 
6 22 17 2 4 
1 48 2 
6 33 9 1 2 
1 25 25 
2 32 11 1 5 
3 40 8 
2 46 1 2 
1 26 21 3 
1 45 4 1 
1 44 6 
1 7 3 2 27 6 2 3 
1 6 4 5 9 4 7 10 3 2 
1 26 18 1 1 2 2 
1 18 28 4 
1 29 4 11 1 2 3 
2 13 36 
15 28 7 1 
22 11 17 1 
1 46 4 
11 29 7 2 1 1 
1 46 3 1 
2 42 7 
1 35 15 
11 37 3 
2 49 
1 34 3 13 
7 7 9 6 16 5 1 
5 5 5 3 27 2 2 1 1 
1 30 17 2 1 
4 2 16 24 5 
1 31 19 
1 27 8 14 1 
13 8 30 
1 49 1 
9 17 17 5 2 1 
3 38 1 3 5 1 
2 44 5 
2 9 37 1 1 1 
4 11 18 7 4 4 3 
1 42 5 2 1 
1 37 9 2 2 
3 9 21 15 2 1 
3 34 10 1 2 1 
5 39 2 5 
1 42 8 
21 29 1 
2 29 17 3 
6 15 3 21 3 1 1 1 
5 4 19 11 12 
1 3 33 3 11 
1 13 37 
2 19 24 5 1 
2 47 1 1 
4 20 25 2 
7 23 21 
48 3 
3 22 16 4 3 3 
3 40 2 4 2 
6 1 31 11 2 
1 41 8 1 
1 28 2 4 12 1 2 1 
2 16 2 24 4 3 
3 22 26 
1 30 8 8 3 1 
2 17 20 10 2 
1 9 35 3 2 1 
1 6 37 6 1 
1 24 11 4 11 
1 14 1 7 15 10 1 2 
8 43 
1 13 2 13 9 8 1 1 3 
1 9 17 3 18 1 2 
13 5 33 
3 3 40 2 2 1 
51 
20 21 10 
1 39 1 5 4 1 
1 50 
28 1 16 3 1 1 1 
2 30 16 1 2 
21 13 17 
2 4 42 2 1 
2 47 1 1 
2 42 1 4 1 1 
1 3 35 4 6 1 1 
1 23 22 5 
2 37 4 4 1 3 
1 32 14 1 2 1 
1 39 9 2 
1 20 14 1 15 
4 24 5 8 7 3 
1 27 22 1 
48 2 1 
6 30 14 1 
8 21 4 5 1 12 
15 14 7 6 9 
1 43 1 3 3 
1 32 16 2 
1 7 16 27 
2 45 2 1 1 
2 37 11 1 
1 47 1 1 1 
2 42 5 2 
2 1 10 15 14 1 3 5 
1 46 4 
1 32 14 3 1 
3 15 2 21 8 2 
23 8 5 8 5 1 1 
8 16 12 3 3 3 6 
3 29 14 5 
1 11 39 
1 41 5 3 1 
1 34 1 9 1 2 1 2 
15 3 23 2 6 2 
1 21 29 
4 4 36 2 1 2 1 1 
2 28 21 
2 25 19 4 1 
18 11 22 
17 4 5 16 7 1 1 
1 3 16 12 11 6 2 
1 12 21 17 
3 9 13 25 1 
30 11 6 1 2 1 
1 4 38 4 3 1 
2 1 48 
5 4 8 2 10 18 1 3 
1 40 10 
1 8 22 2 3 14 1 
5 12 2 30 2 
5 18 9 8 9 2 
1 47 2 1 
1 13 6 3 6 13 3 4 1 1 
2 45 3 1 
1 9 27 7 5 2 
2 43 1 5 
1 49 1 
1 42 4 4 
1 31 2 9 2 4 1 1 
1 6 7 5 24 2 2 2 2 
3 34 9 5 
4 16 30 1 
2 37 3 5 1 1 2 
5 28 18 
11 7 33 
6 18 19 8 
2 46 2 1 
1 19 24 4 2 1 
49 2 
48 2 1 
23 26 2 
11 27 10 1 2 
1 29 21 
1 10 24 9 1 4 2 
32 16 3 
16 17 13 5 
1 30 6 2 2 5 5 
6 28 1 6 8 2 
4 20 16 7 1 3 
4 29 2 8 8 
1 15 28 5 1 1 
2 41 4 4 
1 38 12 
1 48 2 
1 31 10 4 2 2 1 
2 49 
1 15 28 3 4 
8 11 29 3 
9 18 21 2 1 
42 5 1 2 1 
2 31 11 6 1 
1 28 9 7 3 3 
28 20 1 1 1 
1 5 39 2 4 
2 11 16 12 8 2 
1 6 29 4 8 1 2 
1 29 12 4 1 4 
1 28 5 11 3 3 
1 19 26 1 4 
2 29 5 9 1 3 1 1 
12 23 16 
1 12 32 1 1 1 2 1 
1 17 33 
1 14 16 14 4 1 1 
40 1 5 4 1 
1 49 1 
4 13 22 7 1 2 2 
11 26 13 1 
2 28 20 1 
7 31 3 4 5 1 
4 26 19 1 1 
3 47 1 
2 42 7 
2 17 7 1 19 4 1 
4 46 1 
2 42 6 1 
27 8 2 12 1 1 
1 14 22 8 2 2 1 1 
2 29 15 5 
6 35 10 
43 7 1 
3 27 13 2 3 3 
1 19 8 8 6 1 8 
1 7 1 9 28 1 4 
1 8 1 41 
2 39 3 5 1 1 
1 36 12 2 
5 21 24 1 
4 13 34 
3 44 3 1 
2 24 14 2 9 
1 26 9 9 6 
3 40 4 1 1 2 
17 2 26 1 2 2 1 
1 31 4 3 12 
5 27 10 4 3 2 
1 32 17 1 
1 8 31 8 3 
42 7 2 
1 29 7 14 
1 15 31 1 3 
9 12 9 3 5 1 10 2 
3 37 4 6 1 
2 6 31 10 1 1 
3 22 11 7 1 6 1 
1 35 8 6 1 
1 50 
3 33 8 5 2 
1 20 25 3 1 1 
1 23 22 1 3 1 
1 37 2 1 9 1 
10 12 14 10 3 2 
2 40 9 
11 5 35 
1 12 19 1 1 6 6 2 2 1 
7 2 26 8 3 5 
1 37 2 8 1 1 1 
50 1 
8 40 1 2 
15 3 23 6 4 
3 31 11 5 1 
1 14 21 5 5 1 1 1 2 
37 13 1 
1 33 11 4 2 
3 16 5 11 8 3 2 2 1 
2 14 20 2 1 4 1 1 3 1 2 
2 45 4 
5 12 12 14 6 1 1 
5 26 8 8 3 1 
6 27 2 4 12 
12 22 5 1 9 2 
4 30 12 5 
38 9 1 2 1 
25 11 5 9 1 
2 41 2 5 1 
11 20 1 3 3 2 2 1 7 1 
1 8 13 6 3 3 5 4 5 2 1 
6 12 20 5 7 1 
19 3 18 1 10 
31 7 13 
6 23 13 9 
8 13 8 5 7 1 1 5 2 1 
1 33 13 1 3 
3 7 17 5 2 11 5 1 
2 41 2 1 4 1 
2 32 17 
1 8 32 6 3 1 
6 11 22 5 5 1 1 
1 5 38 4 1 1 1 
2 36 4 7 1 1 
47 4 
11 4 25 11 
2 41 7 1 
1 50 
11 12 6 20 2 
2 1 30 13 1 2 1 1 
51 
3 46 2 
6 11 2 16 3 7 4 2 
40 3 2 6 
2 27 20 1 1 
8 12 31 
1 38 12 
1 17 1 7 23 1 1 
1 22 3 13 3 1 7 1 
1 41 2 2 4 1 
1 29 17 3 1 
5 22 20 1 1 1 1 
2 15 34 
1 49 1 
1 25 20 1 1 1 2 
1 7 27 3 8 4 1 
36 11 3 1 
14 10 22 1 1 1 2 
2 45 2 2 
1 3 41 2 4 
8 40 3 
3 9 29 2 4 3 1 
1 8 33 7 2 
1 49 1 
38 7 5 1 
1 30 20 
1 44 6 
9 17 22 2 1 
19 11 3 8 7 3 
1 45 5 
1 41 9 
15 18 1 9 3 2 1 1 1 
1 25 16 7 1 1 
1 24 5 20 1 
3 11 37 
1 27 7 2 5 2 6 1 
1 30 14 6 
8 15 13 6 1 3 5 
1 19 17 2 2 1 5 2 2 
50 1 
1 21 16 5 6 1 1 
13 10 6 5 4 12 1 
1 11 6 18 2 5 6 1 1 
42 9 
22 24 1 2 1 1 
5 16 8 21 1 
27 16 8 
1 25 25 
2 4 14 20 6 5 
2 22 2 9 16 
1 2 31 9 1 7 
12 14 8 3 7 3 1 1 1 1 
51 
11 2 30 1 1 1 2 3 
3 11 6 7 10 3 9 1 1 
4 26 2 19 
45 6 
1 17 28 3 1 1 
1 21 4 10 15 
1 46 2 1 1 
3 35 7 1 1 1 3 
1 2 2 1 23 21 1 
1 29 2 18 1 
2 46 3 
12 13 19 4 3 
5 34 2 4 5 1 
1 30 1 15 1 2 1 
1 20 30 
3 23 22 3 
2 12 6 26 4 1 
12 34 5 
2 47 2 
45 1 4 1 
1 50 
4 20 11 2 3 5 3 2 1 
2 1 5 30 6 1 3 1 2 
6 1 10 30 4 
4 45 1 1 
2 3 19 17 6 3 1 
1 25 14 6 4 1 
50 1 
1 21 4 6 1 12 1 3 2 
15 22 7 6 1 
1 33 7 2 1 5 1 1 
1 29 7 4 10 
1 26 12 7 2 3 
1 15 28 1 5 1 
1 25 11 1 2 1 2 2 4 1 1 
1 40 4 2 3 1 
49 2 
3 6 21 7 2 11 1 
2 47 2 
2 19 24 1 5 
30 21 
1 8 5 6 8 7 9 2 1 2 2 
41 9 1 
2 41 5 2 1 
2 25 24 
4 17 30 
3 5 42 1 
1 12 22 4 12 
12 3 19 15 2 
3 47 1 
1 44 6 
1 44 6 
18 12 17 3 1 
3 47 1 
1 34 16 
1 37 8 4 1 
5 27 9 6 4 
45 2 4 
1 9 3 31 1 1 5 
40 11 
1 50 
1 14 29 1 4 1 1 
1 15 17 10 2 3 3 
2 28 1 2 15 1 2 
1 10 39 1 
9 6 29 7 
1 5 16 11 18 
1 39 11 
3 36 2 10 
14 32 1 1 1 1 1 
4 14 7 4 15 2 3 2 
1 17 5 27 1 
9 38 4 
2 41 8 
21 13 9 7 1 
1 45 5 
2 33 12 4 
1 35 2 10 1 1 1 
18 31 1 1 
6 6 9 13 5 10 1 1 
1 8 35 4 2 1 
7 21 16 1 2 2 1 1 
36 1 7 6 1 
6 40 1 4 
1 29 6 11 2 1 1 
11 12 14 7 2 2 1 2 
2 14 29 1 1 3 1 
3 11 7 3 17 8 1 1 
1 47 1 2 
3 39 8 1 
35 8 7 1 
1 50 
1 14 32 2 1 1 
10 29 12 
1 38 6 4 2 
18 10 11 11 1 
2 45 4 
16 4 25 1 1 3 1 
1 4 29 4 3 2 2 3 3 
3 32 16 
1 5 22 23 
9 27 10 1 2 1 1 
2 8 29 4 8 
11 28 6 3 1 1 1 
3 30 17 1 
1 13 19 10 3 4 1 
1 4 7 10 1 6 9 2 2 1 4 4 
36 7 2 1 3 1 1 
2 21 9 12 7 
51 
2 18 25 3 1 2 
2 42 5 1 1 
1 50 
9 39 3 
7 27 15 2 
1 3 47 
42 9 
1 32 5 12 1 
9 26 4 2 5 3 2 
4 27 10 6 2 1 1 
1 28 11 7 3 1 
1 25 25 
8 17 3 4 9 9 1 
1 41 4 3 2 
2 15 5 2 16 2 1 5 1 1 1 
2 19 30 
20 21 9 1 
7 6 13 18 1 3 2 1 
1 25 6 5 8 4 2 
3 6 19 3 14 4 2 
1 40 6 4 
48 1 1 1 
2 28 15 4 2 
2 42 1 6 
25 6 19 1 
19 16 8 6 2 
7 7 25 1 3 7 1 
14 1 3 9 2 16 2 2 1 1 
1 15 30 2 1 2 
51 
1 21 14 10 3 1 1 
1 6 24 11 6 2 1 
1 38 11 1 
12 2 37 
3 29 9 1 9 
5 10 12 24 
2 30 13 2 3 1 
4 43 1 2 1 
2 48 1 
1 36 8 1 2 3 
3 39 8 1 
16 22 13 
9 28 6 8 
1 22 28 
4 38 9 
2 12 36 1 
2 48 1 
1 39 1 6 2 1 1 
1 23 17 9 1 
20 12 10 6 2 1 
4 23 16 2 3 2 1 
1 31 3 5 3 6 1 1 
2 4 11 33 1 
5 25 21 
5 3 7 15 11 7 3 
4 2 16 4 24 1 
6 36 3 1 4 1 
9 16 24 2 
4 18 29 
22 1 19 1 6 2 
1 29 18 3 
2 40 1 1 7 
5 31 2 7 6 
3 28 14 6 
1 5 29 7 6 1 2 
3 46 1 1 
2 20 6 16 2 4 1 
5 13 10 18 5 
3 25 20 2 1 
13 26 3 4 3 1 1 
2 39 1 9 
1 31 11 2 5 1 
3 34 5 2 3 3 1 
1 10 20 8 5 4 3 
7 11 3 18 5 6 1 
1 16 2 1 26 1 3 1 
1 31 12 7 
6 17 9 7 5 6 1 
12 37 1 1 
1 9 17 15 1 3 4 1 
2 30 18 1 
5 3 36 1 6 
1 23 27 
1 12 13 25 
2 36 7 2 2 2 
2 17 30 1 1 
3 12 10 13 12 1 
1 49 1 
5 15 21 3 3 4 
5 5 19 14 8 
2 12 36 1 
1 34 16 
51 
30 14 7 
5 35 1 1 2 3 4 
9 9 26 4 3 
51 
7 7 31 5 1 
10 23 14 1 1 1 1 
19 29 3 
1 19 5 17 8 1 
1 10 8 24 6 2 
1 42 5 2 1 
1 37 5 4 4 
2 42 7 
3 34 5 9 
1 14 36 
7 20 7 12 2 3 
19 4 12 3 10 1 1 1 
7 44 
39 10 1 1 
1 25 22 3 
30 5 1 5 7 2 1 
1 41 8 1 
3 9 5 11 23 
46 3 1 1 
5 2 37 5 1 1 
8 11 22 6 4 
3 8 40 
11 16 18 2 2 1 1 
7 16 27 1 
13 9 20 7 2 
1 2 3 6 16 22 1 
24 15 12 
1 34 11 2 3 
38 7 5 1 
1 12 11 9 9 7 2 
1 50 
1 3 37 10 
1 8 41 1 
8 1 36 3 3 
1 17 7 5 11 6 2 2 
4 33 14 
48 3 
23 2 24 1 1 
3 34 2 6 3 3 
51 
1 13 37 
1 35 8 5 1 1 
1 29 9 6 5 1 
1 8 23 8 7 2 2 
1 36 12 2 
2 21 15 12 1 
1 32 18 
1 30 16 2 1 1 
51 
2 47 2 
2 40 5 2 1 1 
1 35 9 2 3 1 
41 8 1 1 
11 17 3 11 8 1 
33 13 1 4 
26 17 8 
1 14 19 8 5 1 3 
13 4 27 5 2 
49 2 
1 7 2 22 2 16 1 
16 9 21 2 2 1 
8 12 15 8 4 2 2 
3 7 11 6 13 4 2 3 2 
51 
2 41 5 3 
1 26 8 7 3 3 3 
13 30 8 
1 14 36 
1 14 13 23 
5 16 16 12 1 1 
2 33 16 
2 12 14 14 7 1 1 
1 37 6 5 2 
2 13 15 7 8 1 3 1 1 
2 32 16 1 
38 12 1 
2 36 2 3 3 4 1 
1 31 16 3 
1 13 34 2 1 
1 7 43 
20 25 5 1 
1 43 5 1 1 
1 45 3 1 1 
1 31 7 10 1 1 
1 48 2 
1 32 4 13 1 
1 17 9 7 11 3 3 
1 50 
8 23 10 4 5 1 
5 6 6 15 14 3 2 
2 33 2 4 8 1 1 
1 41 1 8 
2 44 5 
5 4 21 9 3 1 2 5 1 
8 19 22 1 1 
3 20 5 19 1 1 1 1 
33 3 14 1 
1 26 1 5 2 2 11 2 1 
26 7 17 1 
2 26 6 15 2 
1 18 15 10 3 3 1 
1 4 18 25 3 
7 12 32 
4 24 17 1 4 1 
1 31 7 9 1 1 1 
3 41 4 1 1 1 
51 
1 19 31 
7 44 
4 5 41 1 
3 15 7 25 1 
1 48 1 1 
1 14 33 3 
15 2 21 4 2 6 1 
8 11 11 7 2 7 1 3 1 
37 8 4 2 
22 10 1 3 6 3 5 1 
1 8 10 8 2 4 9 3 3 3 
1 49 1 
9 23 19 
1 29 4 9 4 3 1 
9 36 1 1 3 1 
1 31 14 5 
5 42 2 2 
2 6 3 34 2 4 
24 7 6 5 1 7 1 
1 17 8 10 1 2 2 6 2 1 1 
1 4 3 37 6 
3 6 5 23 1 5 1 2 2 3 
19 28 1 2 1 
1 28 22 
1 39 1 10 
1 40 10 
49 2 
16 12 17 5 1 
8 28 13 1 1 
21 23 7 
1 42 5 3 
1 32 7 4 5 1 1 
1 10 32 3 5 
31 14 6 
3 28 20 
1 43 7 
4 5 4 26 12 
3 14 11 19 4 
1 13 27 10 
6 21 4 4 1 3 5 7 
3 18 21 6 1 2 
1 7 9 33 1 
1 8 38 2 2 
35 13 2 1 
10 25 13 3 
7 1 39 3 1 
32 8 1 4 3 1 1 1 
7 29 2 11 2 
1 29 21 
25 3 20 2 1 
1 46 4 
1 24 18 4 3 1 
7 38 2 2 2 
1 13 22 1 4 1 2 2 1 4 
1 46 4 
1 39 5 3 3 
1 16 20 7 3 4 
1 42 7 1 
2 21 24 4 
1 33 17 
30 10 2 9 
1 24 7 18 1 
14 33 3 1 
27 18 3 2 1 
1 27 14 7 2 
5 32 14 
15 11 10 7 8 
1 31 10 4 1 2 2 
3 7 20 13 7 1 
41 4 4 1 1 
2 40 8 1 
12 3 1 13 2 10 2 7 1 
44 1 5 1 
4 21 20 4 2 
1 43 7 
2 34 2 5 8 
1 38 8 4 
4 45 1 1 
13 10 28 
13 7 21 10 
1 11 2 20 7 6 3 1 
14 21 16 
11 31 9 
2 40 6 2 1 
1 17 26 7 
3 31 1 10 5 1 
1 10 14 18 1 1 5 1 
8 10 7 20 6 
44 2 5 
21 14 13 2 1 
2 6 34 5 4 
2 2 46 1 
1 22 12 16 
4 35 12 
29 20 1 1 
2 32 1 13 1 2 
1 37 3 7 2 1 
10 3 1 30 1 2 1 2 1 
29 13 9 
4 20 1 25 1 
5 32 4 2 5 1 1 1 
1 49 1 
48 1 1 1 
2 46 2 1 
10 17 14 9 1 
1 40 7 2 1 
1 43 7 
9 40 1 1 
2 49 
11 12 27 1 
3 40 8 
1 3 41 5 1 
2 5 3 4 12 12 12 1 
51 
1 32 11 2 1 2 1 1 
14 10 26 1 
1 21 2 4 1 22 
4 13 20 12 2 
1 50 
1 29 13 8 
1 41 6 1 2 
23 28 
19 8 8 6 10 
4 39 5 3 
3 45 1 1 1 
5 29 13 2 2 
9 34 5 3 
1 18 13 1 9 1 1 5 2 
1 21 12 6 6 1 1 3 
2 25 7 17 
1 25 21 1 3 
1 26 21 3 
5 24 1 12 1 6 2 
18 31 2 
6 43 1 1 
1 22 23 5 
24 22 2 2 1 
51 
16 11 18 1 1 1 2 1 
26 16 9 
33 7 11 
11 18 6 16 
1 48 1 1 
48 1 1 1 
1 27 9 3 4 5 2 
2 28 7 1 8 3 1 1 
11 5 2 15 14 4 
3 25 23 
3 14 33 1 
1 50 
2 17 1 15 3 5 1 1 3 3 
4 15 32 
1 9 40 1 
7 10 31 2 1 
1 28 21 1 
2 13 19 16 1 
1 48 2 
8 36 7 
11 15 1 17 3 2 2 
3 42 3 3 
2 26 14 2 7 
2 46 1 2 
1 6 4 12 27 1 
1 47 3 
1 34 2 1 3 8 2 
6 18 26 1 
1 13 6 23 5 1 1 1 
23 3 21 1 3 
1 50 
1 31 17 2 
1 39 5 3 2 1 
42 3 1 3 1 1 
1 20 27 2 1 
2 12 33 3 1 
6 44 1 
1 26 22 2 
46 1 2 2 
18 8 24 1 
9 13 19 10 
1 36 4 10 
51 
1 50 
19 22 5 4 1 
1 14 16 1 7 4 8 
1 25 6 12 6 1 
1 36 11 3 
1 20 3 12 9 2 3 1 
1 4 12 32 2 
1 35 11 2 1 1 
1 49 1 
2 48 1 
3 3 43 1 1 
1 21 9 10 7 1 2 
2 49 
9 26 1 5 10 
1 44 6 
1 14 11 2 13 9 1 
1 1 23 4 19 2 1 
30 6 4 9 2 
1 32 1 2 8 3 4 
2 45 4 
3 37 9 1 1 
12 21 18 
2 43 5 1 
18 2 2 9 10 5 2 1 2 
1 16 3 25 6 
1 11 25 4 3 7 
4 8 39 
25 15 5 2 2 1 1 
21 7 23 
1 36 7 2 4 1 
49 2 
10 19 4 15 3 
2 1 42 6 
1 21 22 7 
7 36 1 7 
1 14 36 
4 45 1 1 
2 3 35 3 3 3 2 
11 33 6 1 
1 21 14 13 2 
2 28 8 7 1 1 1 2 1 
3 5 2 1 17 3 1 17 2 
1 2 40 8 
1 35 8 2 1 2 1 1 
1 33 5 8 4 
2 48 1 
1 33 4 1 10 1 1 
1 49 1 
12 1 3 13 7 15 
2 32 10 3 4 
42 5 3 1 
3 10 23 9 5 1 
1 25 4 3 15 2 1 
1 5 12 18 1 9 5 
6 5 6 24 4 3 3 
1 2 26 2 10 2 6 1 1 
1 13 36 1 
1 49 1 
1 41 8 1 
7 18 25 1 
31 8 3 2 2 3 1 1 
2 9 4 24 10 2 
13 37 1 
11 37 2 1 
1 39 1 9 1 
1 14 36 
1 19 29 2 
4 42 5 
1 44 3 1 2 
1 23 21 3 1 2 
4 1 32 7 7 
36 1 10 2 1 1 
1 8 26 15 1 
1 12 5 19 10 4 
1 40 4 4 1 1 
1 22 24 3 1 
1 50 
8 13 29 1 
1 44 6 
1 4 9 9 20 2 3 2 1 
2 32 16 1 
4 39 4 2 2 
38 9 4 
4 28 14 1 2 2 
1 25 23 1 1 
3 27 1 9 7 3 1 
15 30 6 
1 18 32 
2 8 24 14 3 
13 31 6 1 
5 36 3 6 1 
28 4 19 
5 8 26 8 1 3 
1 6 32 5 3 4 
23 11 12 4 1 
1 30 16 1 2 1 
5 26 1 15 3 1 
3 26 4 2 6 1 6 2 1 
15 4 31 1 
1 23 14 8 2 3 
1 33 14 1 2 
1 22 18 3 1 3 1 2 
1 50 
9 42 
12 25 1 2 11 
1 25 12 7 2 1 3 
7 15 8 15 6 
1 4 2 23 13 6 1 1 
11 5 29 4 1 1 
2 9 5 30 3 2 
1 12 17 5 12 2 1 1 
2 39 4 4 2 
1 37 8 1 2 1 1 
1 15 3 21 5 6 
1 29 9 2 8 2 
1 4 4 18 5 14 2 1 1 1 
4 38 3 4 2 
1 46 4 
9 10 16 12 1 3 
2 8 20 2 11 4 1 2 1 
12 5 11 13 10 
35 2 7 1 6 
4 22 12 4 9 
9 15 27 
46 4 1 
1 7 42 1 
6 45 
1 20 30 
3 17 27 2 2 
1 22 6 1 1 5 9 1 2 2 1 
50 1 
1 1 46 1 2 
3 46 2 
1 42 6 2 
2 43 6 
22 4 5 6 12 1 1 
3 5 35 2 2 3 1 
19 8 22 2 
35 13 3 
1 13 28 8 1 
4 17 12 11 4 1 2 
11 4 33 3 
42 7 1 1 
6 37 7 1 
19 16 6 2 8 
13 36 1 1 
1 40 2 1 2 2 1 1 1 
8 12 8 13 7 3 
1 3 31 14 1 1 
1 44 6 
3 38 10 
10 1 9 6 2 19 4 
1 34 16 
51 
47 4 
4 13 15 13 5 1 
2 11 9 25 4 
1 47 2 1 
1 9 23 8 6 1 1 1 1 
1 20 24 5 1 
48 1 1 1 
1 33 4 13 
3 48 
1 34 15 1 
9 2 22 17 1 
29 14 7 1 
11 18 6 13 2 1 
40 6 1 1 1 1 1 
1 39 7 4 
6 19 25 1 
3 43 4 1 
4 30 8 8 1 
1 9 4 14 4 12 7 
1 21 22 5 2 
6 27 15 1 2 
1 37 2 7 1 3 
1 45 5 
49 1 1 
6 4 32 8 1 
17 27 2 2 2 1 
1 27 7 15 1 
5 38 8 
4 13 7 22 5 
36 4 11 
1 22 19 3 5 1 
7 28 16 
1 13 5 5 23 4 
2 35 14 
1 16 26 4 3 1 
4 47 
7 24 16 2 2 
36 5 10 
1 2 40 2 1 5 
1 18 4 22 1 3 1 1 
2 35 13 1 
3 47 1 
4 16 24 4 2 1 
2 24 25 
9 8 2 11 8 13 
1 37 13 
1 41 2 1 3 1 2 
1 48 2 
1 18 27 5 
1 9 37 4 
1 43 7 
30 7 14 
26 18 1 5 1 
5 1 11 24 4 2 2 1 1 
51 
2 41 8 
2 48 1 
1 49 1 
4 29 17 1 
1 39 2 6 2 1 
2 17 2 7 11 11 1 
1 43 5 1 1 
3 21 18 6 3 
4 30 1 12 1 1 1 1 
3 35 10 1 2 
1 46 3 1 
13 25 8 3 2 
11 19 1 2 2 5 10 1 
11 10 13 6 9 2 
1 18 16 12 4 
47 1 2 1 
3 16 25 1 5 1 
18 9 17 2 3 2 
1 36 4 6 4 
1 42 8 
5 25 15 2 4 
28 3 17 2 1 
1 9 39 1 1 
1 3 17 8 12 4 5 1 
5 34 7 2 2 1 
1 36 3 9 1 1 
6 22 5 14 2 1 1 
5 4 38 2 1 1 
1 26 13 8 2 1 
2 37 1 3 8 
1 9 11 1 7 7 9 3 3 
23 27 1 
49 2 
2 47 1 1 
41 4 6 
4 29 13 4 1 
1 18 32 
21 13 10 4 3 
1 43 6 1 
1 33 1 7 2 1 3 1 2 
6 14 28 1 1 1 
2 48 1 
2 33 11 1 2 2 
5 33 11 1 1 
4 39 5 3 
1 16 8 17 5 3 1 
1 8 41 1 
1 12 17 17 4 
1 20 4 1 16 3 6 
1 33 17 
9 1 16 21 2 1 1 
1 34 5 1 6 3 1 
42 9 
2 36 11 1 1 
5 37 3 3 3 
7 2 31 9 1 1 
1 2 38 10 
1 32 18 
2 14 17 15 2 1 
1 2 48 
1 50 
2 10 37 2 
1 4 33 6 5 2 
7 30 14 
3 34 4 8 1 1 
6 27 12 5 1 
1 11 15 7 13 4 
2 41 2 5 1 
1 1 22 8 6 1 3 7 1 1 
13 24 2 11 1 
21 27 1 1 1 
51 
49 2 
1 34 1 10 4 1 
1 37 13 
1 5 12 19 14 
1 11 6 2 25 5 1 
1 27 15 5 2 1 
1 46 4 
3 22 1 19 6 
1 42 5 2 1 
19 27 5 
11 31 9 
2 33 4 11 1 
3 19 2 21 1 5 
6 30 11 3 1 
1 23 17 6 3 1 
1 25 9 7 9 
25 24 2 
14 36 1 
1 38 8 2 1 1 
26 21 1 2 1 
5 45 1 
2 26 20 1 1 1 
1 36 13 1 
1 41 5 3 1 
1 46 3 1 
5 39 7 
1 30 7 4 3 6 
2 15 20 3 8 1 1 1 
1 10 34 1 2 3 
6 15 30 
11 30 3 6 1 
17 21 5 6 1 1 
3 12 22 13 1 
2 41 5 3 
1 1 37 5 3 4 
35 6 10 
4 29 5 8 1 2 2 
6 43 1 1 
1 22 27 1 
5 8 38 
11 31 6 2 1 
1 18 23 7 1 1 
1 20 30 
6 38 7 
1 41 7 1 1 
49 2 
7 13 22 4 4 1 
1 33 17 
2 27 22 
9 6 6 19 11 
7 8 2 18 2 1 5 8 
1 28 22 
1 17 14 1 16 1 1 
8 10 17 9 1 5 1 
1 31 13 1 3 1 1 
25 16 7 1 1 1 
2 26 3 5 8 7 
2 14 10 11 1 13 
1 34 16 
45 3 2 1 
4 7 13 14 1 7 4 1 
1 35 13 1 1 
14 31 5 1 
1 31 17 2 
2 17 7 23 1 1 
4 36 11 
1 21 23 3 2 1 
19 11 19 2 
1 15 7 28 
3 41 4 3 
7 36 1 6 1 
1 29 8 2 5 3 1 1 1 
8 22 21 
14 37 
7 41 1 2 
2 9 1 30 3 3 3 
1 18 30 2 
6 17 17 11 
20 26 2 2 1 
1 31 9 1 9 
9 40 2 
38 7 4 1 1 
1 34 6 2 4 2 1 1 
4 47 
2 16 21 9 3 
6 12 10 2 16 4 1 
12 24 10 3 1 1 
2 22 16 7 3 1 
3 9 3 5 27 3 1 
1 9 1 35 5 
25 23 2 1 
6 44 1 
1 46 2 2 
3 35 6 7 
26 6 5 5 3 3 2 1 
8 30 4 5 2 1 1 
1 30 16 1 3 
1 46 2 2 
1 28 21 1 
3 6 7 30 5 
1 2 47 1 
1 18 8 1 11 4 4 4 
5 41 1 4 
1 44 1 1 3 1 
33 4 8 5 1 
3 42 5 1 
2 5 31 10 3 
2 31 18 
45 3 3 
6 26 18 1 
51 
1 2 32 1 15 
28 1 19 3 
2 21 27 1 
10 30 5 6 
3 14 31 1 1 1 
47 1 3 
1 12 38 
1 41 4 5 
8 35 3 2 1 1 1 
32 8 11 
1 35 7 3 3 1 1 
25 5 12 5 3 1 
2 27 22 
16 23 4 2 1 3 2 
11 15 19 5 1 
16 6 21 1 5 1 1 
3 18 19 9 2 
43 8 
9 29 1 2 4 2 1 1 1 1 
1 39 11 
24 26 1 
1 28 16 3 3 
2 41 1 2 4 1 
1 40 9 1 
35 7 7 2 
2 19 17 3 10 
1 7 43 
4 4 16 2 11 6 6 1 1 
42 4 1 4 
1 39 3 4 2 1 1 
1 22 22 5 1 
1 38 5 3 3 1 
15 10 20 1 4 1 
3 46 2 
1 1 1 36 9 2 1 
1 24 7 11 4 2 1 1 
2 16 15 8 2 2 6 
3 18 3 7 4 9 2 5 
1 1 37 10 2 
15 27 8 1 
1 17 30 3 
2 42 7 
1 48 2 
1 50 
1 10 9 10 11 3 6 1 
1 39 11 
3 42 6 
3 13 26 4 5 
6 39 5 1 
10 32 7 2 
1 10 38 2 
2 16 24 3 2 2 2 
1 14 20 7 7 1 1 
2 1 8 1 1 25 6 3 2 2 
16 31 4 
2 16 10 15 8 
2 40 6 3 
35 10 5 1 
6 39 5 1 
48 2 1 
2 33 3 6 3 1 2 1 
1 15 28 5 2 
51 
44 3 2 2 
4 30 16 1 
2 40 3 4 2 
2 7 23 7 12 
3 44 3 1 
8 10 3 21 5 1 3 
42 8 1 
6 11 17 6 5 3 1 2 
9 11 26 3 1 1 
4 45 2 
7 40 4 
8 26 17 
1 38 2 6 3 1 
37 2 12 
1 39 11 
40 11 
14 15 5 2 11 2 2 
2 21 28 
50 1 
1 42 8 
1 34 3 1 10 2 
2 26 1 10 2 6 3 1 
8 38 5 
46 1 3 1 
44 6 1 
4 14 7 12 2 12 
4 14 27 1 3 2 
2 4 7 38 
1 39 2 9 
6 41 1 1 1 1 
2 33 14 2 
2 13 20 8 6 1 1 
2 4 26 15 2 1 1 
22 3 21 1 1 1 2 
37 3 6 3 2 
3 37 2 5 4 
1 7 25 14 1 3 
1 33 12 5 
1 12 30 3 3 2 
1 34 16 
1 41 9 
1 31 12 7 
3 3 40 2 3 
1 43 5 1 1 
3 40 3 5 
11 36 4 
2 43 5 1 
2 46 2 1 
29 15 3 1 2 1 
1 22 27 1 
4 35 7 1 2 1 1 
1 47 2 1 
1 24 18 5 3 
2 36 13 
7 7 37 
1 50 
2 44 1 2 2 
23 17 11 
2 15 28 4 1 1 
18 7 23 1 2 
6 4 6 2 16 11 6 
2 37 10 2 
6 8 22 5 4 6 
4 16 30 1 
3 32 6 5 3 2 
5 16 30 
1 44 1 5 
1 1 37 5 3 1 3 
23 8 1 10 6 3 
1 9 27 12 1 1 
1 44 1 3 1 1 
1 21 6 23 
1 2 25 10 5 6 1 1 
1 25 3 9 10 1 1 1 
39 11 1 
16 15 17 1 1 1 
1 24 7 4 11 1 1 1 1 
4 14 33 
49 2 
1 23 26 1 
1 36 14 
1 33 10 6 1 
1 39 2 1 4 4 
3 31 17 
1 49 1 
30 15 5 1 
3 42 5 1 
1 45 5 
3 29 9 9 1 
1 4 1 3 24 6 11 1 
31 7 1 12 
1 41 9 
2 40 8 1 
1 35 10 1 1 2 1 
1 14 26 10 
1 50 
1 18 23 9 
2 33 4 7 4 1 
1 20 13 9 2 3 2 1 
21 30 
51 
7 39 1 2 1 1 
46 5 
1 23 12 8 6 1 
1 35 13 1 1 
2 12 20 11 1 2 3 
3 34 13 1 
14 35 2 
3 1 40 6 1 
3 48 
2 44 5 
1 9 7 10 1 6 5 1 7 1 1 2 
5 32 14 
50 1 
1 24 20 4 2 
6 4 37 3 1 
1 43 7 
1 14 31 1 2 1 1 
11 6 10 21 2 1 
51 
6 45 
5 39 7 
12 16 22 1 
6 41 4 
1 35 14 1 
1 29 14 6 1 
5 15 30 1 
1 12 38 
1 45 2 1 2 
3 5 43 
1 26 20 1 1 2 
48 1 1 1 
1 25 6 3 8 7 1 
4 32 13 2 
2 10 20 17 2 
2 18 9 6 2 11 1 1 1 
9 13 24 4 1 
1 25 21 3 1 
41 8 1 1 
1 10 13 23 4 
1 42 8 
1 32 8 7 2 1 
3 27 21 
1 5 16 2 20 7 
3 34 11 2 1 
4 14 13 10 10 
1 32 14 2 2 
2 33 15 1 
5 37 2 4 2 1 
1 16 32 2 
44 3 4 
31 15 4 1 
5 21 1 4 10 2 3 5 
35 5 5 6 
3 47 1 
3 29 12 2 4 1 
1 29 18 1 1 1 
1 10 13 18 8 1 
1 2 39 8 1 
2 3 12 8 3 9 4 2 6 1 1 
2 27 16 5 1 
1 33 15 2 
3 20 18 2 7 1 
1 31 3 9 6 1 
1 45 1 4 
1 45 5 
28 3 12 5 2 1 
2 32 1 13 2 1 
4 10 27 1 4 5 
42 6 3 
1 38 4 8 
3 4 16 20 8 
1 3 32 13 1 1 
2 3 13 6 5 1 18 2 1 
6 35 3 4 2 1 
1 30 17 2 1 
5 31 11 4 
2 25 23 1 
7 21 19 2 1 1 
1 30 10 8 1 1 
30 8 9 4 
1 5 5 26 13 1 
1 17 32 1 
5 38 8 
1 26 1 13 8 1 1 
1 43 1 6 
1 38 8 4 
5 4 35 4 3 
1 40 7 2 1 
1 8 28 4 9 1 
3 47 1 
34 2 9 5 1 
3 48 
1 36 14 
2 27 17 3 2 
1 34 16 
46 1 4 
2 32 5 11 1 
1 48 1 1 
2 28 14 4 2 1 
7 31 13 
10 37 1 3 
3 17 22 5 2 1 1 
2 11 37 1 
3 44 2 2 
2 33 16 
1 7 8 22 9 4 
15 35 1 
1 15 5 17 9 4 
1 17 31 1 1 
1 33 17 
1 14 26 10 
1 35 12 3 
3 21 6 12 1 6 2 
49 1 1 
4 41 2 2 1 1 
1 14 11 8 6 10 1 
4 17 4 9 1 11 2 3 
8 42 1 
3 35 2 11 
49 2 
3 35 8 5 
4 9 18 6 1 2 8 1 1 1 
7 12 16 14 2 
28 16 2 2 2 1 
27 9 9 6 
1 2 43 3 1 1 
1 24 18 7 1 
31 16 4 
10 11 21 8 1 
1 40 6 4 
20 30 1 
1 16 6 12 14 1 1 
1 46 3 1 
1 34 15 1 
8 17 24 2 
1 32 6 1 9 2 
4 2 31 9 3 1 1 
1 5 28 5 5 3 3 1 
48 1 1 1 
31 8 10 1 1 
1 49 1 
8 2 22 15 4 
1 23 27 
5 24 1 13 4 3 1 
1 10 11 1 18 3 4 3 
1 36 14 
5 40 6 
4 40 4 2 1 
2 4 19 11 4 5 3 2 1 
4 16 6 17 7 1 
2 44 4 1 
1 12 20 18 
28 13 7 1 2 
1 50 
3 28 17 2 1 
2 8 34 3 2 1 1 
17 16 15 3 
1 42 6 2 
8 42 1 
24 1 2 23 1 
1 4 39 2 5 
2 15 27 2 1 2 2 
1 41 1 4 3 1 
1 50 
1 5 8 32 3 2 
1 18 24 6 2 
7 16 18 7 1 2 
1 41 1 1 5 1 1 
14 7 27 1 2 
1 28 1 15 5 1 
1 23 19 7 1 
1 27 23 
4 39 3 4 1 
6 15 30 
1 17 3 19 11 
46 1 1 2 1 
51 
4 12 30 5 
31 2 17 1 
1 21 29 
1 49 1 
51 
7 40 4 
39 7 5 
1 45 4 1 
1 39 11 
1 49 1 
1 24 26 
1 2 28 20 
40 5 2 4 
22 14 15 
1 14 11 10 1 12 2 
1 47 3 
2 30 8 10 1 
2 2 19 1 15 8 4 
26 17 6 1 1 
12 20 16 1 1 1 
1 25 2 18 4 1 
1 21 6 10 11 2 
1 12 16 4 5 10 2 1 
1 40 10 
6 17 21 3 4 
2 37 6 6 
13 12 23 1 2 
1 3 43 4 
10 13 21 4 2 1 
13 12 26 
17 7 13 6 7 1 
50 1 
39 3 1 8 
3 44 4 
7 42 1 1 
1 50 
49 1 1 
2 28 21 
20 31 
2 7 1 31 9 1 
2 24 2 6 9 6 2 
5 35 4 4 3 
1 44 6 
3 14 13 10 11 
1 28 2 1 16 3 
1 34 15 1 
13 23 1 10 3 1 
1 35 14 1 
7 43 1 
1 49 1 
1 33 6 4 6 1 
10 19 19 2 1 
6 42 3 
39 6 2 2 2 
1 3 17 8 10 5 3 3 1 
1 9 41 
2 27 8 8 6 
33 10 4 4 
2 22 14 11 2 
1 25 4 14 2 5 
1 35 9 1 4 1 
5 19 19 1 6 1 
9 25 17 
1 23 1 7 13 3 2 1 
1 27 18 1 1 3 
2 32 9 8 
3 6 2 28 8 4 
1 36 4 9 1 
6 22 21 1 1 
1 22 23 1 4 
3 44 3 1 
1 20 26 1 2 1 
2 36 4 5 4 
6 38 7 
2 5 29 7 5 1 2 
1 36 2 9 1 2 
1 47 2 1 
1 20 3 17 6 3 1 
11 26 1 13 
9 13 2 27 
1 25 12 6 3 4 
8 19 1 10 5 5 2 1 
1 9 33 4 4 
2 17 32 
7 24 19 1 
1 14 32 1 1 1 1 
1 42 1 5 1 1 
4 33 1 7 6 
1 21 1 4 3 11 9 1 
9 34 8 
50 1 
5 21 7 4 14 
4 37 4 2 2 1 1 
1 34 7 4 3 1 1 
1 41 7 1 1 
3 20 11 6 11 
2 43 4 1 1 
1 25 12 5 2 2 3 1 
1 25 12 2 7 2 1 1 
2 45 1 2 1 
22 23 2 1 3 
46 2 2 1 
15 15 14 6 1 
10 13 10 1 8 1 3 3 2 
1 1 42 7 
2 15 24 8 2 
7 20 20 4 
45 1 2 2 1 
12 24 15 
16 26 9 
9 34 2 2 2 2 
9 22 17 2 1 
16 26 9 
1 47 3 
2 26 6 10 4 1 2 
35 12 3 1 
1 31 14 4 1 
1 44 6 
1 35 6 9 
7 3 41 
1 29 10 10 1 
1 41 3 4 2 
4 12 34 1 
7 20 24 
1 3 26 2 18 1 
42 7 1 1 
1 41 6 1 1 1 
1 2 6 3 4 7 7 5 1 7 1 3 3 1 
1 39 4 7 
3 40 6 2 
1 45 5 
36 4 11 
1 44 3 1 1 1 
3 1 45 1 1 
1 12 38 
1 38 8 4 
7 28 16 
6 18 27 
1 10 11 11 12 4 1 1 
2 43 6 
2 38 11 
1 15 21 11 3 
1 32 1 9 4 1 1 2 
8 42 1 
1 18 23 7 2 
2 17 25 5 2 
1 27 3 1 4 7 1 1 4 2 
2 43 2 1 3 
3 25 21 2 
33 6 10 2 
2 48 1 
2 43 6 
2 49 
1 42 8 
8 37 1 5 
1 14 21 6 9 
1 33 14 2 1 
1 19 11 16 4 
17 19 15 
1 5 39 6 
2 22 20 5 2 
5 9 15 2 16 2 2 
4 31 11 2 1 2 
1 39 7 4 
10 34 1 4 2 
2 8 12 1 13 9 1 2 2 1 
9 15 24 3 
41 3 4 3 
3 11 22 5 2 3 1 1 2 1 
21 6 24 
1 33 9 5 1 1 1 
17 5 5 13 2 7 1 1 
3 32 11 1 4 
11 3 2 25 2 5 1 2 
22 16 8 4 1 
1 41 7 2 
10 35 5 1 
1 13 14 8 15 
1 24 26 
1 13 33 3 1 
47 1 1 2 
1 10 13 4 9 7 7 
2 39 2 7 1 
47 4 
17 33 1 
5 9 30 1 1 4 1 
2 22 1 6 7 6 4 1 2 
1 19 19 7 1 4 
1 37 13 
2 17 29 3 
1 41 5 1 3 
48 2 1 
2 22 19 7 1 
1 10 24 8 6 2 
1 9 34 3 4 
1 14 25 8 1 1 1 
1 34 16 
32 17 2 
1 41 4 3 2 
1 49 1 
1 18 14 5 4 1 5 3 
1 8 36 1 5 
1 18 31 1 
1 38 12 
2 8 25 4 3 4 2 2 1 
3 33 3 7 2 3 
1 1 34 4 6 2 2 1 
1 40 9 1 
3 13 24 9 1 1 
3 11 25 6 5 1 
41 3 6 1 
5 22 24 
4 32 3 3 1 2 6 
2 44 3 1 1 
4 41 4 1 1 
50 1 
7 12 3 3 7 15 4 
8 9 4 10 4 1 7 1 5 2 
1 19 27 2 2 
2 14 9 20 6 
1 34 15 1 
7 43 1 
9 37 4 1 
2 23 21 5 
2 40 6 1 1 1 
1 5 35 9 1 
11 21 10 3 5 1 
2 21 26 1 1 
11 8 32 
4 22 11 12 2 
1 16 33 1 
17 17 9 3 3 2 
2 46 3 
4 17 9 9 5 7 
16 34 1 
1 11 13 8 17 1 
48 1 2 
9 10 11 3 8 2 2 1 3 1 1 
2 3 36 1 2 6 1 
22 24 5 
1 2 33 14 1 
1 26 22 2 
3 25 23 
22 5 7 3 2 7 3 2 
1 8 5 11 3 21 2 
1 16 1 6 19 7 1 
27 5 9 5 4 1 
1 45 4 1 
1 10 12 16 3 4 2 3 
10 12 5 3 4 3 4 4 3 1 1 1 
1 47 3 
3 45 3 
1 37 11 2 
3 26 19 3 
3 40 6 2 
7 37 6 1 
2 45 4 
40 2 1 7 1 
4 3 19 18 4 3 
12 25 11 2 1 
1 42 1 4 2 1 
2 15 29 4 1 
1 43 3 2 2 
1 26 3 9 5 4 2 1 
1 28 13 4 2 3 
36 9 6 
12 7 22 7 2 1 
8 19 15 8 1 
2 35 14 
11 30 5 4 1 
1 38 6 1 5 
1 16 14 4 8 5 3 
1 32 11 6 1 
1 29 9 11 1 
1 29 21 
2 9 26 4 4 3 2 1 
3 34 14 
1 36 11 3 
1 14 5 22 1 7 1 
1 5 10 22 13 
2 16 1 18 6 3 1 4 
20 28 3 
2 25 10 6 1 6 1 
3 45 3 
37 5 8 1 
19 15 2 5 7 2 1 
2 12 13 2 5 1 12 1 2 1 
16 1 13 11 8 2 
1 35 1 7 2 2 3 
5 34 6 5 1 
35 9 6 1 
1 16 20 8 2 4 
6 35 10 
4 35 1 5 2 4 
11 8 31 1 
1 37 3 2 4 3 1 
2 22 24 1 1 1 
1 30 15 4 1 
8 27 13 3 
1 19 3 22 2 2 1 1 
11 9 24 6 1 
10 32 2 5 2 
1 34 1 6 4 5 
17 11 22 1 
18 10 2 20 1 
2 44 5 
1 25 6 13 1 2 2 1 
28 4 16 2 1 
1 34 6 9 1 
1 1 30 11 4 2 2 
1 17 32 1 
3 12 18 7 1 9 1 
1 40 10 
1 24 14 1 5 5 1 
4 5 24 12 5 1 
1 9 10 21 7 2 1 
1 45 2 3 
4 36 11 
2 13 6 5 20 5 
1 12 38 
2 45 2 2 
18 9 21 2 1 
1 28 4 3 8 3 1 1 2 
5 28 17 1 
1 32 1 5 4 6 1 1 
51 
51 
1 43 7 
1 33 5 8 2 2 
1 33 6 7 4 
1 39 11 
2 30 19 
4 8 32 6 1 
2 39 9 1 
6 25 6 7 6 1 
1 38 12 
1 1 15 11 1 19 3 
1 33 17 
1 9 12 25 4 
51 
1 19 6 6 17 1 1 
1 46 2 1 1 
26 2 14 7 1 1 
1 1 14 19 14 2 
1 41 4 4 1 
2 46 3 
5 3 38 1 3 1 
9 20 1 2 8 1 2 8 
4 30 2 7 5 1 2 
3 34 8 6 
2 29 6 13 1 
1 16 34 
3 31 9 6 2 
3 39 9 
1 39 11 
10 4 2 15 5 2 1 9 3 
1 47 1 1 1 
8 28 6 1 4 2 1 1 
1 24 20 6 
1 11 26 9 2 2 
4 11 9 17 8 2 
47 3 1 
30 8 6 2 4 1 
1 42 8 
19 14 14 2 1 1 
1 16 7 14 11 2 
1 10 4 25 2 1 6 2 
1 32 18 
31 16 4 
40 5 3 1 1 1 
3 2 6 11 1 4 22 2 
1 16 23 10 1 
41 1 6 2 1 
2 2 27 7 5 1 3 3 1 
3 6 28 9 3 1 1 
1 21 8 14 6 1 
1 26 23 1 
1 49 1 
2 9 37 3 
2 19 1 8 21 
9 13 12 13 2 1 1 
7 16 20 2 6 
14 30 4 2 1 
16 22 11 1 1 
5 5 22 8 11 
12 23 8 6 2 
2 18 2 27 1 1 
6 40 3 2 
3 12 1 31 4 
4 28 4 13 2 
1 44 4 2 
4 43 4 
6 10 19 10 4 2 
3 2 42 2 2 
1 5 19 8 4 7 1 5 1 
1 16 14 13 4 2 1 
34 5 8 4 
1 39 3 4 1 2 1 
35 14 1 1 
3 7 29 5 2 1 2 1 1 
1 30 5 11 2 2 
2 26 23 
1 39 4 6 1 
1 7 21 3 18 1 
10 27 11 1 2 
4 3 16 15 3 2 7 1 
2 42 5 2 
15 15 20 1 
1 9 32 8 1 
4 24 7 8 7 1 
4 39 7 1 
10 29 11 1 
4 8 29 3 4 3 
7 44 
11 25 14 1 
1 30 18 1 1 
1 13 37 
1 30 13 7 
3 7 2 14 21 1 1 1 1 
3 10 6 3 5 18 6 
5 34 2 1 8 1 
14 24 13 
7 26 6 5 1 2 3 1 
8 31 8 4 
5 8 33 5 
5 39 6 1 
24 17 10 
4 14 18 7 6 1 1 
1 27 11 6 5 1 
1 31 19 
4 29 18 
5 32 4 4 3 2 1 
8 1 36 3 2 1 
6 28 16 1 
13 29 1 4 2 2 
1 23 14 7 3 1 1 1 
20 29 1 1 
47 1 2 1 
2 45 4 
2 20 23 6 
8 12 8 13 1 8 1 
10 28 7 6 
1 9 3 29 6 2 1 
8 19 17 4 3 
30 16 5 
1 5 18 1 7 14 2 1 1 1 
46 4 1 
20 27 4 
1 16 7 27 
1 49 1 
4 21 7 1 6 2 9 1 
46 4 1 
1 11 9 14 8 6 2 
2 39 3 7 
2 28 8 5 3 4 1 
51 
6 21 11 2 4 5 1 1 
2 2 36 8 3 
2 18 31 
4 23 19 4 1 
3 39 2 5 2 
30 15 4 2 
16 21 14 
1 36 5 6 2 1 
3 6 39 1 1 1 
1 24 2 12 2 1 2 1 1 3 2 
3 14 20 10 4 
1 27 20 2 1 
1 34 5 5 1 4 1 
47 4 
50 1 
1 33 1 2 6 1 2 1 2 1 1 
6 39 5 1 
3 39 4 1 3 1 
1 19 10 19 1 1 
1 34 7 8 1 
1 43 4 2 1 
3 19 29 
4 11 31 2 1 1 1 
1 35 8 2 1 1 1 2 
2 40 9 
6 31 8 4 2 
1 29 8 4 1 7 1 
5 42 4 
7 23 7 3 9 1 1 
48 2 1 
3 5 10 7 10 8 8 
5 23 17 1 4 1 
34 11 4 2 
9 38 4 
26 4 6 14 1 
23 5 18 3 2 
2 19 9 2 4 10 5 
1 48 2 
10 34 2 2 2 1 
38 9 3 1 
1 8 13 11 3 2 1 1 1 4 3 2 1 
4 14 12 15 6 
32 14 1 4 
11 7 22 10 1 
3 26 19 3 
10 38 3 
2 47 1 1 
1 41 9 
1 7 14 23 1 2 1 2 
4 35 2 7 1 1 1 
6 18 9 16 2 
3 45 2 1 
1 14 23 6 1 4 2 
4 9 25 6 2 5 
1 50 
44 1 6 
8 27 2 2 11 1 
51 
2 38 8 1 2 
1 40 8 1 1 
28 1 20 2 
2 11 38 
1 15 33 2 
2 49 
2 41 3 1 1 3 
1 15 21 10 2 2 
1 4 29 15 2 
4 36 2 4 3 1 1 
1 47 3 
2 27 7 5 10 
4 10 22 14 1 
2 42 1 1 4 1 
1 32 6 6 6 
1 20 17 9 1 2 1 
2 48 1 
1 21 11 6 9 2 1 
6 36 5 2 2 
1 24 14 9 1 2 
1 27 14 4 2 3 
1 33 15 1 1 
1 45 2 3 
1 16 11 1 7 9 6 
1 34 16 
16 14 6 3 7 3 2 
6 36 5 4 
1 49 1 
1 40 10 
2 6 3 23 15 1 1 
9 17 22 2 1 
1 34 16 
1 11 21 7 5 1 2 2 1 
2 48 1 
1 16 11 20 3 
2 30 18 1 
5 37 7 1 1 
2 1 19 10 15 1 3 
2 15 28 4 1 1 
19 25 4 1 1 1 
2 41 5 1 2 
19 5 27 
35 10 5 1 
1 36 14 
27 19 5 
1 48 2 
20 21 7 3 
2 20 17 7 3 1 1 
48 2 1 
1 37 9 3 1 
1 32 11 2 5 
1 31 7 7 3 1 1 
2 48 1 
1 20 8 4 16 2 
15 18 16 2 
1 8 9 18 15 
15 25 11 
1 46 4 
9 24 18 
1 14 36 
1 24 14 9 2 1 
4 2 7 32 1 2 2 1 
4 41 5 1 
1 16 30 1 1 1 1 
15 3 31 2 
45 1 5 
1 31 19 
40 7 1 1 2 
1 31 19 
1 11 7 2 4 24 1 1 
3 28 2 1 13 3 1 
1 18 1 28 2 1 
1 19 5 1 11 9 5 
2 28 8 6 5 2 
39 3 6 2 1 
3 38 4 1 5 
2 18 30 1 
47 4 
5 7 38 1 
44 4 1 2 
1 26 22 2 
2 1 21 17 2 8 
26 17 1 3 3 1 
6 2 8 11 3 4 13 2 1 1 
13 23 2 5 2 1 3 1 1 
5 44 1 1 
1 39 3 1 7 
10 35 6 
1 21 9 12 6 2 
4 45 2 
1 4 44 1 1 
1 20 17 10 3 
42 9 
9 10 7 7 7 2 8 1 
4 41 4 2 
5 32 13 1 
7 37 5 2 
20 23 3 4 1 
1 2 43 2 3 
50 1 
1 44 6 
6 25 2 17 1 
1 15 23 2 1 1 8 
49 1 1 
1 37 11 1 1 
5 26 5 8 7 
5 10 36 
2 41 2 1 2 2 1 
3 41 5 2 
7 31 4 3 6 
1 21 9 3 10 5 2 
1 47 3 
24 3 24 
7 1 26 17 
5 33 5 4 4 
3 33 1 14 
1 18 2 4 17 4 5 
1 47 1 2 
1 26 13 1 8 2 
3 3 26 19 
12 5 29 2 2 1 
28 22 1 
1 41 1 6 1 1 
25 20 4 2 
4 10 36 1 
3 7 34 1 3 2 1 
17 26 7 1 
18 23 6 1 2 1 
6 31 14 
19 25 5 1 1 
38 13 
2 22 5 6 2 7 5 1 1 
4 20 26 1 
2 24 9 15 1 
1 37 12 1 
9 36 4 2 
1 21 1 27 1 
3 21 25 1 1 
2 29 11 7 2 
30 13 2 5 1 
1 45 5 
50 1 
1 40 1 3 2 1 3 
4 19 12 2 1 9 1 2 1 
4 8 38 1 
1 24 13 12 1 
7 10 7 1 24 2 
1 45 5 
2 36 1 7 2 2 1 
1 5 9 17 2 16 1 
51 
33 7 7 2 2 
51 
5 23 21 1 1 
3 33 12 2 1 
1 16 32 1 1 
1 29 8 4 3 6 
3 34 4 3 7 
51 
1 20 24 4 1 1 
1 1 31 17 1 
6 10 19 13 1 1 1 
47 3 1 
5 15 29 2 
22 12 7 2 7 1 
2 24 17 1 6 1 
4 40 5 1 1 
1 45 4 1 
1 11 9 8 4 7 9 2 
1 14 32 4 
1 17 33 
9 3 30 3 5 1 
2 30 15 2 2 
2 39 10 
5 4 10 16 2 4 10 
3 47 1 
48 2 1 
51 
2 42 6 1 
1 27 1 18 4 
1 25 25 
3 48 
1 30 15 5 
1 12 10 2 21 2 2 1 
6 11 12 11 1 10 
1 16 30 2 2 
9 6 5 28 3 
6 32 10 1 2 
43 4 4 
7 5 26 8 2 1 2 
4 5 31 4 2 4 1 
27 10 8 4 1 1 
2 24 18 1 5 1 
1 15 17 15 2 1 
8 25 11 6 1 
1 41 7 2 
2 7 35 4 2 1 
4 33 13 1 
26 18 3 2 1 1 
6 32 13 
2 21 1 14 3 5 5 
44 1 1 3 2 
4 27 13 4 1 1 1 
1 47 3 
1 49 1 
5 36 5 4 1 
50 1 
1 31 16 1 2 
9 30 12 
1 11 17 19 2 1 
1 21 10 6 3 7 2 1 
8 34 2 5 1 1 
1 45 5 
5 8 3 32 1 1 1 
1 30 16 4 
17 8 9 8 9 
49 2 
1 28 14 2 2 2 2 
12 28 8 3 
2 12 30 2 3 2 
1 27 2 8 9 1 1 1 1 
2 6 36 1 2 2 2 
1 22 2 21 2 1 1 1 
20 8 1 7 6 3 1 2 1 2 
4 1 38 6 2 
1 27 19 2 1 1 
2 49 
1 26 22 1 1 
3 18 11 9 2 6 1 1 
51 
45 3 1 2 
22 28 1 
51 
1 40 1 7 2 
1 37 1 12 
3 2 21 13 4 7 1 
47 3 1 
2 30 13 3 3 
4 25 12 3 6 1 
48 1 2 
51 
2 42 1 2 4 
6 26 19 
2 17 26 3 2 1 
1 5 34 3 6 2 
3 16 4 28 
10 39 2 
1 27 1 21 1 
3 1 31 4 11 1 
1 38 9 2 1 
12 30 9 
4 2 3 1 7 23 11 
10 20 4 16 1 
1 50 
17 5 2 2 15 1 9 
1 43 2 5 
51 
1 45 1 2 1 1 
2 42 4 1 1 1 
1 5 8 4 3 13 14 1 1 1 
1 45 3 2 
3 46 1 1 
6 28 15 1 1 
49 1 1 
1 13 34 3 
9 25 12 3 2 
2 43 3 2 1 
1 4 2 21 4 4 15 
14 30 7 
1 21 14 3 2 3 7 
1 31 19 
5 3 23 4 2 3 5 2 1 2 1 
6 32 5 4 1 2 1 
2 45 4 
1 41 9 
1 41 6 3 
3 4 31 8 2 2 1 
2 32 10 7 
1 50 
2 14 22 1 10 1 1 
7 23 5 14 2 
1 28 22 
1 6 42 1 1 
7 36 3 5 
1 5 22 5 18 
30 6 12 2 1 
1 21 14 13 2 
19 26 1 4 1 
1 17 27 2 4 
3 21 17 1 9 
30 10 7 4 
14 31 4 2 
1 36 2 2 5 3 2 
1 36 5 8 1 
3 42 6 
1 24 26 
1 34 16 
6 26 1 4 6 4 4 
2 28 3 5 4 3 1 5 
15 15 21 
4 4 42 1 
8 24 15 3 1 
1 13 32 5 
1 38 12 
13 2 10 16 1 8 1 
4 5 25 15 2 
1 9 10 18 7 4 2 
3 8 35 1 4 
2 10 38 1 
19 25 7 
21 1 8 9 9 2 1 
4 4 30 9 2 2 
6 1 12 15 6 1 2 2 4 1 1 
1 13 14 14 3 6 
5 24 7 11 3 1 
1 25 10 4 3 1 4 1 2 
1 13 32 5 
5 26 1 8 3 1 7 
1 15 9 11 2 6 1 4 1 1 
1 48 1 1 
2 26 6 17 
1 4 32 12 2 
4 34 12 1 
1 2 26 21 1 
2 35 9 5 
1 50 
1 25 18 2 2 3 
1 36 14 
1 30 11 2 1 6 
1 40 9 1 
1 21 8 17 4 
1 32 18 
36 11 4 
3 32 3 12 1 
1 21 25 1 3 
1 36 3 6 5 
1 18 19 13 
43 3 5 
37 12 1 1 
20 4 22 3 2 
1 32 17 1 
2 11 38 
1 35 12 3 
3 13 5 18 3 1 5 1 1 1 
1 7 5 29 8 1 
1 8 25 16 1 
5 26 17 1 1 1 
2 22 11 13 2 1 
1 32 18 
1 16 4 10 18 2 
2 14 10 15 5 5 
3 27 11 9 1 
10 7 2 9 6 3 9 4 1 
1 27 23 
1 24 26 
1 2 38 6 2 2 
9 35 7 
3 10 26 9 2 1 
5 40 6 
2 5 1 31 6 1 3 1 1 
2 11 7 15 4 1 1 6 1 2 1 
41 5 3 2 
3 36 11 1 
9 20 2 19 1 
21 1 26 2 1 
16 10 7 13 3 1 1 
51 
1 47 3 
2 47 1 1 
2 46 3 
50 1 
18 23 9 1 
1 39 9 2 
1 23 8 16 3 
1 21 16 3 9 1 
1 50 
1 18 18 1 8 5 
51 
1 30 10 4 6 
14 37 
