21 18 7 6 1 
6 45 2 
3 5 28 4 2 7 1 2 1 
3 3 39 3 3 2 
1 20 28 2 2 
5 42 6 
2 47 4 
1 44 1 6 1 
1 47 5 
1 28 12 9 2 1 
1 3 37 3 7 2 
18 19 16 
1 45 3 4 
1 49 3 
12 38 2 1 
39 1 5 2 6 
1 34 11 7 
2 49 2 
1 28 1 23 
1 37 13 1 1 
31 13 4 5 
2 27 15 2 4 1 2 
27 18 1 1 1 1 3 1 
1 25 23 2 2 
1 34 13 2 1 2 
1 9 15 4 18 6 
1 42 3 3 4 
45 1 3 1 3 
1 31 3 9 7 2 
3 23 7 7 4 2 7 
1 32 15 2 3 
1 2 12 15 19 2 2 
1 36 3 13 
1 32 20 
41 8 2 1 1 
1 48 3 1 
43 2 5 1 1 1 
8 6 26 6 4 2 1 
3 36 14 
1 50 1 1 
9 5 25 11 1 1 1 
3 47 3 
3 15 35 
1 32 18 1 1 
5 7 37 2 2 
1 33 19 
2 34 1 11 5 
1 27 7 4 12 1 1 
1 19 32 1 
29 1 20 2 1 
20 9 20 2 2 
11 11 28 1 2 
22 18 4 1 6 2 
35 12 6 
7 20 25 1 
1 3 40 2 5 1 1 
2 47 4 
2 3 36 9 3 
50 3 
1 36 16 
9 23 12 3 6 
27 14 6 6 
1 23 23 4 1 1 
1 21 1 4 19 2 1 1 2 1 
2 19 11 6 9 4 2 
1 24 14 6 8 
2 50 1 
2 19 27 3 2 
8 29 1 11 4 
5 32 12 4 
12 1 27 2 2 3 6 
2 20 6 8 14 3 
2 21 30 
1 25 5 1 9 5 5 2 
1 35 6 4 5 1 1 
1 10 1 11 16 7 1 1 5 
16 25 5 6 1 
41 11 1 
1 27 11 9 2 2 1 
2 34 5 7 2 3 
4 8 29 8 4 
1 42 4 6 
2 27 17 4 3 
1 33 8 8 1 2 
1 18 14 1 5 10 4 
9 7 18 1 16 2 
5 10 11 21 3 1 1 1 
2 42 1 8 
10 40 3 
35 4 4 7 3 
1 6 6 40 
13 35 5 
32 5 1 9 5 1 
49 2 2 
2 43 6 2 
1 38 9 1 3 1 
39 11 2 1 
2 11 13 24 2 1 
1 35 16 1 
1 48 1 1 1 1 
2 17 19 14 1 
2 37 7 3 2 2 
1 37 15 
3 40 6 2 2 
2 11 39 1 
53 
3 37 10 2 1 
1 49 3 
5 12 17 12 3 2 2 
2 5 46 
1 13 22 2 11 1 2 1 
1 7 36 1 1 5 2 
1 25 14 1 4 4 1 2 1 
1 44 2 3 1 2 
49 3 1 
1 18 24 6 2 1 1 
28 2 3 8 3 8 1 
17 24 2 3 6 1 
2 43 8 
1 3 42 1 6 
1 29 15 1 7 
1 16 19 8 9 
5 27 3 17 1 
53 
1 23 1 15 12 1 
1 45 6 1 
1 18 31 2 1 
1 48 4 
50 3 
1 16 13 5 18 
1 11 11 2 3 7 11 5 2 
51 2 
47 1 3 1 1 
3 34 5 11 
2 23 21 5 1 1 
1 11 37 1 3 
11 5 22 12 3 
35 7 9 1 1 
2 6 25 20 
5 37 10 1 
2 4 44 2 1 
1 27 6 17 2 
6 12 5 7 18 1 2 1 1 
35 10 8 
5 26 5 11 1 4 1 
2 10 30 5 2 1 2 1 
7 23 10 7 5 1 
2 49 1 1 
5 19 5 14 7 1 2 
1 48 2 1 1 
53 
3 31 16 3 
9 9 24 7 1 2 1 
53 
1 50 2 
12 36 3 1 1 
52 1 
1 7 30 14 1 
2 5 29 8 5 4 
27 12 14 
1 8 11 21 1 9 1 1 
46 3 2 1 1 
1 39 6 5 1 1 
7 7 1 12 18 4 3 1 
1 39 1 9 2 1 
1 39 5 2 6 
1 30 15 6 1 
8 12 4 7 7 13 2 
1 12 7 29 3 1 
14 17 19 1 2 
45 4 2 2 
3 41 9 
4 5 38 1 2 2 1 
5 41 7 
1 7 29 13 2 1 
9 24 7 3 8 2 
3 19 16 12 3 
2 16 34 1 
20 16 13 1 3 
3 5 3 26 2 5 2 2 4 1 
5 39 2 4 2 1 
2 31 6 8 1 1 2 1 1 
1 52 
1 29 17 1 2 3 
1 41 1 4 4 1 1 
16 37 
3 6 27 8 8 1 
1 12 30 9 1 
25 2 12 12 1 1 
1 45 5 1 1 
26 10 6 7 3 1 
27 16 2 6 2 
9 42 1 1 
2 22 13 15 1 
1 8 18 21 5 
16 20 14 2 1 
2 24 11 1 9 6 
5 7 41 
1 23 15 9 3 1 1 
1 19 22 3 6 2 
10 37 1 1 4 
1 11 1 14 26 
1 27 24 1 
2 2 17 6 23 1 1 1 
2 33 2 3 10 2 1 
1 9 21 5 17 
2 38 12 1 
1 35 7 3 5 2 
2 37 5 4 5 
50 2 1 
2 51 
5 7 16 25 
1 30 6 1 3 11 1 
49 4 
1 10 37 4 1 
14 29 5 3 1 1 
1 40 12 
1 44 7 1 
37 13 2 1 
44 7 2 
38 11 4 
1 34 2 7 5 3 1 
4 46 3 
2 38 4 1 3 2 2 1 
3 36 14 
1 32 11 6 1 1 1 
28 9 3 10 2 1 
1 9 20 17 6 
1 38 4 6 4 
1 30 2 9 9 2 
1 45 7 
13 23 3 2 2 1 6 1 1 1 
1 21 6 7 7 7 1 1 1 1 
2 15 9 25 2 
33 19 1 
53 
1 12 8 8 2 14 7 1 
1 12 21 5 9 1 4 
3 17 6 17 6 1 3 
1 52 
2 18 33 
3 18 2 6 5 7 1 1 3 1 5 1 
1 51 1 
1 16 5 6 3 16 5 1 
1 52 
1 7 24 19 1 1 
7 27 5 11 3 
1 35 15 1 1 
26 19 8 
3 22 27 1 
1 33 4 10 5 
1 50 2 
1 22 30 
10 14 26 2 1 
2 10 10 12 9 3 5 1 1 
1 47 5 
2 46 1 4 
1 5 37 4 2 2 1 1 
52 1 
2 40 4 5 1 1 
3 23 3 2 3 4 7 5 1 1 1 
24 9 17 3 
49 2 1 1 
2 19 14 10 7 1 
4 25 7 13 2 1 1 
43 3 2 3 2 
1 30 21 1 
1 26 17 2 6 1 
12 15 6 9 3 8 
2 33 13 2 1 2 
1 45 2 1 4 
3 50 
32 12 1 8 
1 41 6 2 3 
53 
2 21 30 
1 1 51 
19 17 3 7 6 1 
8 3 35 5 1 1 
2 29 21 1 
22 26 5 
16 20 16 1 
37 3 4 5 3 1 
5 33 14 1 
2 42 9 
3 12 3 13 7 4 2 1 6 2 
6 13 11 12 8 2 1 
1 43 9 
14 25 8 6 
1 38 14 
7 8 1 31 6 
1 10 22 9 8 2 1 
2 8 24 10 5 2 2 
53 
1 48 3 1 
3 16 19 14 1 
2 33 17 1 
6 30 14 2 1 
1 35 14 1 1 1 
2 16 32 1 2 
3 26 7 8 3 1 4 1 
17 18 4 10 4 
2 21 8 1 18 2 1 
23 4 21 2 3 
1 18 27 3 4 
2 34 16 1 
5 19 22 1 5 1 
2 51 
4 20 28 1 
1 39 4 2 7 
3 46 3 1 
2 24 12 4 1 4 4 1 1 
2 23 9 5 9 3 2 
1 19 19 3 11 
2 31 20 
1 25 6 16 5 
28 3 14 5 3 
1 24 4 15 2 6 1 
1 43 9 
1 20 29 1 2 
4 3 44 1 1 
1 25 27 
6 38 9 
25 11 2 1 14 
1 11 24 16 1 
2 9 31 6 1 1 2 1 
1 38 10 3 1 
1 12 25 3 4 3 5 
1 40 5 4 3 
5 25 7 10 6 
2 32 1 18 
3 43 7 
2 9 16 23 1 1 1 
44 7 1 1 
5 18 3 26 1 
1 12 16 20 3 1 
4 23 24 2 
1 30 22 
17 34 1 1 
5 36 12 
2 13 12 2 7 10 7 
1 17 24 3 8 
4 1 2 6 13 22 2 1 1 1 
4 48 1 
1 37 13 1 1 
10 4 20 5 12 1 1 
2 20 23 2 3 1 2 
2 45 1 2 3 
2 6 43 2 
1 48 4 
1 18 30 4 
1 16 10 10 6 2 2 2 4 
16 7 25 5 
5 15 6 21 5 1 
1 29 23 
52 1 
1 19 24 1 6 2 
1 29 23 
7 7 7 30 2 
1 7 44 1 
1 52 
1 33 16 2 1 
17 34 2 
3 36 11 3 
6 29 9 6 2 1 
1 29 21 1 1 
6 36 10 1 
17 25 11 
1 47 4 1 
7 15 31 
2 47 1 3 
16 9 16 6 2 3 1 
35 13 5 
2 9 32 2 8 
1 21 8 10 8 5 
1 40 1 11 
6 43 1 3 
1 48 1 3 
7 6 13 23 3 1 
1 51 1 
1 1 30 9 4 6 1 1 
1 14 38 
18 22 7 2 1 1 1 1 
3 36 4 2 6 2 
1 47 5 
1 12 32 4 1 3 
2 3 29 2 7 10 
1 24 3 25 
1 46 6 
1 15 3 6 27 1 
1 13 7 14 6 6 6 
1 23 4 16 5 3 1 
2 20 2 6 17 6 
30 14 9 
53 
1 33 14 4 1 
5 7 31 6 3 1 
1 8 22 8 2 11 1 
1 28 18 1 2 2 1 
1 32 8 5 3 4 
3 40 10 
3 39 7 3 1 
1 6 18 25 3 
1 47 3 2 
4 24 9 15 1 
1 13 18 3 9 5 4 
19 34 
1 39 4 1 5 2 1 
1 35 13 3 1 
8 37 8 
4 18 18 12 1 
1 22 25 5 
1 13 29 5 2 3 
3 48 2 
16 24 13 
2 37 14 
2 29 4 7 1 6 2 2 
1 9 20 9 5 7 1 1 
2 49 1 1 
1 45 1 6 
1 32 13 4 2 1 
9 21 23 
5 28 17 1 1 1 
4 16 13 10 7 1 1 1 
51 2 
1 25 9 17 1 
31 9 13 
2 47 1 2 1 
1 11 41 
1 48 3 1 
1 27 5 17 1 2 
1 32 1 2 15 1 1 
4 8 14 19 2 6 
9 21 23 
15 26 1 8 2 1 
1 1 10 29 7 4 1 
7 37 9 
5 16 14 3 14 1 
1 21 2 29 
2 18 33 
35 16 1 1 
8 22 13 4 1 1 2 1 1 
3 26 10 11 3 
1 49 1 2 
1 32 12 2 6 
7 19 12 10 5 
2 20 15 12 1 3 
2 27 4 14 3 3 
6 36 2 4 3 2 
52 1 
2 15 17 13 6 
26 14 4 9 
2 46 2 3 
1 34 5 11 1 1 
1 12 40 
4 26 14 5 2 1 1 
1 33 15 4 
1 49 1 2 
30 3 7 10 2 1 
2 9 19 14 6 3 
1 10 39 1 2 
3 30 6 3 8 1 2 
10 18 19 2 1 2 1 
1 45 1 4 2 
2 40 11 
1 5 18 23 3 1 2 
3 32 8 9 1 
1 4 38 1 3 4 1 1 
3 24 15 9 2 
48 1 2 2 
1 35 16 1 
3 21 19 3 5 1 1 
1 11 1 10 9 9 3 7 1 1 
1 45 7 
8 4 4 14 17 2 2 2 
1 52 
1 18 14 17 1 1 1 
2 18 32 1 
1 37 13 1 1 
53 
1 32 20 
3 14 4 20 9 1 2 
1 21 8 3 19 1 
4 11 29 9 
1 5 28 9 3 2 4 1 
2 25 18 1 2 1 1 3 
3 2 41 2 2 1 1 1 
47 3 1 1 1 
17 5 15 1 2 13 
2 19 5 23 4 
34 12 7 
1 6 36 5 3 1 1 
1 5 1 19 22 5 
1 20 13 16 3 
16 25 12 
5 36 4 3 5 
32 17 4 
1 45 6 1 
1 35 16 1 
1 28 9 1 1 7 4 1 1 
1 16 2 8 24 1 1 
3 17 17 7 2 4 3 
4 34 11 4 
1 48 4 
2 45 6 
15 11 16 8 2 1 
2 41 2 6 2 
3 30 5 12 3 
13 32 1 7 
1 42 10 
11 36 1 5 
8 27 9 1 1 5 2 
33 2 4 12 2 
3 12 2 5 31 
1 51 1 
4 40 8 1 
24 29 
3 33 9 8 
2 31 16 1 1 2 
2 24 18 5 2 2 
5 27 20 1 
9 1 24 13 3 1 2 
42 4 7 
2 14 7 29 1 
2 1 17 23 6 3 1 
1 46 6 
1 36 12 3 1 
2 15 30 3 3 
53 
14 31 6 1 1 
4 5 43 1 
3 45 1 1 3 
1 35 3 12 2 
2 7 20 19 3 1 1 
3 11 18 7 14 
1 30 3 1 5 5 7 1 
53 
1 24 26 2 
35 3 2 9 4 
1 36 9 7 
1 23 17 8 3 1 
33 18 2 
7 38 3 5 
2 46 5 
21 27 5 
2 35 12 1 2 1 
29 4 19 1 
1 19 14 18 1 
1 17 6 6 5 6 3 6 3 
1 4 4 33 5 1 3 2 
6 47 
1 35 17 
3 14 6 1 4 8 4 8 4 1 
24 16 6 2 3 1 1 
25 12 15 1 
1 18 32 2 
37 6 5 2 2 1 
4 39 9 1 
1 20 19 11 1 1 
1 3 11 3 28 2 2 2 1 
53 
2 51 
1 2 1 15 18 2 1 1 5 2 2 2 1 
1 18 14 4 11 3 1 1 
2 39 11 1 
1 52 
5 23 25 
1 18 1 27 6 
1 31 7 2 5 7 
1 12 33 1 1 2 1 1 1 
1 42 10 
1 21 22 5 4 
1 23 5 12 12 
1 17 6 19 3 7 
2 31 20 
1 1 30 10 3 1 5 2 
36 14 3 
2 41 10 
5 8 23 9 2 5 1 
3 5 18 25 2 
1 35 2 3 2 3 3 3 1 
1 2 27 5 14 1 1 2 
3 6 37 4 3 
1 7 2 19 13 6 3 1 1 
1 37 4 6 5 
9 10 22 3 9 
1 50 1 1 
47 2 3 1 
2 2 10 22 11 1 1 3 1 
1 42 7 2 1 
2 40 4 1 2 3 1 
47 2 4 
8 34 1 4 4 1 1 
1 51 1 
42 11 
2 37 13 1 
4 32 17 
1 21 25 6 
2 50 1 
1 20 22 9 1 
2 4 33 7 4 2 1 
1 42 8 1 1 
2 32 14 1 3 1 
1 44 3 4 1 
1 47 1 1 1 1 1 
3 12 11 17 6 1 3 
2 34 13 4 
14 17 21 1 
1 8 17 7 9 2 3 2 4 
1 11 14 16 3 4 1 3 
1 25 27 
31 11 10 1 
5 14 3 1 16 1 9 2 2 
1 14 8 2 28 
4 30 14 1 1 2 1 
2 35 13 2 1 
1 32 19 1 
1 33 19 
7 41 3 1 1 
1 30 1 12 8 1 
49 3 1 
2 36 10 5 
15 19 15 3 1 
1 29 8 13 2 
1 28 15 3 4 2 
1 17 2 5 18 5 5 
7 14 5 3 5 7 3 6 1 1 1 
2 6 25 6 2 8 1 1 1 1 
1 13 6 4 2 4 8 4 7 1 3 
2 40 4 3 4 
2 18 27 5 1 
6 23 14 8 2 
1 3 34 12 3 
1 4 46 2 
1 51 1 
1 4 23 11 9 1 4 
1 44 8 
5 34 7 2 5 
2 28 23 
38 15 
3 26 1 13 6 1 1 2 
1 32 20 
4 46 3 
1 8 13 6 19 1 5 
1 42 5 1 1 1 1 1 
1 43 9 
2 35 10 4 2 
5 14 34 
12 17 10 2 5 1 6 
1 39 1 11 1 
3 16 12 15 7 
1 21 22 7 2 
1 13 22 16 1 
7 25 2 17 2 
1 37 1 11 3 
2 8 26 17 
2 17 9 24 1 
2 28 11 4 2 2 3 1 
1 44 4 2 1 1 
14 27 10 1 1 
14 37 2 
10 8 4 31 
5 15 33 
1 17 6 24 2 1 1 1 
2 31 20 
9 27 8 2 3 2 2 
6 20 27 
4 47 2 
1 45 7 
2 41 8 1 1 
5 26 11 5 5 1 
13 6 24 6 3 1 
1 17 30 1 4 
1 2 21 8 9 7 4 1 
2 6 41 4 
1 3 40 6 3 
8 39 3 3 
13 13 7 13 2 3 1 1 
1 10 32 7 3 
1 18 12 4 7 2 6 3 
15 36 2 
1 15 26 11 
3 10 14 16 2 2 6 
1 47 5 
1 31 14 2 4 1 
7 44 2 
2 7 15 21 3 5 
1 32 15 4 1 
1 40 9 2 1 
14 7 14 18 
1 22 11 5 13 1 
1 45 7 
1 50 2 
21 21 10 1 
4 37 9 3 
11 38 2 2 
1 20 19 2 2 1 7 1 
1 6 22 23 1 
6 31 11 1 3 1 
13 15 17 1 5 1 1 
2 41 8 1 1 
1 51 1 
4 1 13 29 6 
39 13 1 
1 37 15 
4 27 10 3 7 1 1 
21 26 1 1 3 1 
1 43 7 1 1 
1 20 16 15 1 
1 10 7 18 6 7 4 
1 3 31 4 14 
3 5 39 5 1 
5 45 1 2 
1 30 19 1 1 1 
1 35 17 
10 16 3 1 15 6 1 1 
2 11 24 5 6 2 1 2 
2 8 43 
6 4 22 9 10 1 1 
36 13 4 
52 1 
1 39 7 1 3 1 1 
3 7 35 8 
6 22 3 2 1 3 15 1 
1 3 20 26 2 1 
7 6 33 5 1 1 
2 11 19 4 12 3 1 1 
8 27 5 2 9 1 1 
6 25 21 1 
4 33 4 12 
1 3 49 
1 24 1 8 10 6 3 
1 1 39 3 1 5 1 1 1 
1 37 7 8 
4 23 18 1 6 1 
2 27 24 
1 28 23 1 
1 7 7 25 1 6 3 1 1 1 
8 13 18 11 1 2 
6 18 21 7 1 
1 51 1 
4 10 2 12 5 2 1 17 
3 31 13 3 3 
15 4 33 1 
3 13 22 10 3 2 
7 14 7 5 2 16 1 1 
6 3 22 11 10 1 
1 25 19 2 6 
1 34 12 5 1 
36 8 4 3 2 
53 
20 21 10 2 
1 43 9 
3 23 15 2 5 3 1 1 
4 49 
1 48 2 2 
1 27 25 
8 29 10 2 3 1 
3 7 13 4 16 2 6 2 
2 50 1 
19 5 6 14 4 2 2 1 
2 32 2 8 1 6 2 
4 48 1 
24 24 4 1 
2 9 42 
1 18 27 5 2 
3 33 2 7 5 2 1 
2 24 5 4 11 5 1 1 
1 32 14 3 3 
1 17 5 26 2 1 1 
2 27 8 8 1 5 2 
1 20 16 8 8 
42 10 1 
1 15 17 13 7 
1 16 4 32 
2 47 1 2 1 
32 4 9 3 3 1 1 
2 7 15 13 14 1 1 
1 39 5 6 1 1 
1 41 3 4 3 1 
16 22 5 8 1 1 
2 43 8 
6 43 3 1 
11 34 8 
12 9 17 9 3 1 2 
2 20 15 16 
20 18 15 
53 
4 44 1 1 3 
3 36 14 
5 37 1 5 5 
1 49 3 
1 48 2 1 1 
1 19 16 3 5 2 4 3 
1 48 1 3 
7 18 13 4 8 1 1 1 
1 42 5 2 3 
1 46 5 1 
7 42 2 2 
2 40 9 2 
2 7 3 7 6 10 1 12 2 3 
2 13 31 2 2 3 
1 3 33 1 4 2 5 1 3 
10 1 2 35 5 
2 13 1 9 28 
21 12 19 1 
4 46 3 
46 1 1 2 3 
5 9 28 10 1 
1 18 9 16 4 1 1 1 1 1 
2 19 2 5 14 1 3 1 5 1 
3 9 32 3 5 1 
3 24 1 7 10 7 1 
4 3 45 1 
17 36 
4 37 4 1 2 3 2 
1 24 18 4 2 2 2 
1 13 17 9 12 1 
1 50 2 
1 34 13 3 2 
1 5 47 
1 30 9 13 
3 23 15 4 5 2 1 
37 11 1 2 2 
19 5 24 2 1 2 
1 18 18 1 15 
3 41 2 6 1 
40 12 1 
7 33 2 4 3 2 2 
5 30 16 1 1 
1 43 8 1 
6 25 3 9 5 4 1 
1 6 9 11 21 3 2 
1 50 2 
2 27 11 6 3 1 2 1 
11 9 7 24 1 1 
1 41 11 
1 24 24 2 1 1 
2 9 42 
15 22 3 4 2 7 
2 22 11 12 4 1 1 
50 3 
1 50 2 
2 11 29 3 5 1 1 1 
1 17 10 13 6 1 3 2 
1 31 16 3 2 
1 10 19 16 7 
22 8 15 2 6 
1 38 14 
13 25 10 2 2 1 
2 27 10 3 6 5 
4 7 2 19 5 7 7 1 1 
1 37 13 1 1 
1 10 2 18 8 2 2 5 1 1 2 1 
2 47 3 1 
4 16 32 1 
1 21 8 2 21 
1 27 2 6 12 4 1 
1 49 3 
1 6 32 10 4 
31 11 11 
3 41 9 
3 46 3 1 
1 15 5 14 8 10 
45 7 1 
9 8 9 1 3 5 8 4 6 
4 21 3 16 9 
1 50 2 
1 28 7 15 2 
11 14 11 3 14 
1 26 2 15 5 4 
39 2 12 
9 27 17 
34 12 3 1 1 1 1 
1 31 20 1 
1 32 4 12 1 1 2 
1 8 10 11 23 
1 41 11 
3 11 13 20 3 2 1 
3 8 13 24 3 1 1 
1 43 9 
3 32 14 1 3 
3 50 
53 
2 49 2 
1 49 3 
1 19 16 6 11 
2 48 2 1 
42 9 2 
1 6 23 20 1 2 
35 14 4 
5 28 10 5 3 2 
28 24 1 
52 1 
1 25 6 15 1 1 2 1 1 
2 49 1 1 
2 47 4 
2 9 19 19 1 2 1 
16 18 6 7 6 
2 34 3 7 5 1 1 
1 2 15 2 19 4 3 2 4 1 
6 39 2 6 
1 12 1 33 5 1 
6 26 21 
18 14 21 
12 14 16 7 4 
28 23 2 
5 22 26 
2 17 32 2 
42 10 1 
53 
1 38 5 4 2 3 
1 7 17 22 2 2 2 
1 13 39 
1 22 27 2 1 
2 22 18 1 6 4 
53 
17 20 2 7 7 
1 5 24 2 2 5 9 3 1 1 
32 16 1 1 3 
1 48 1 2 1 
2 28 4 18 1 
2 17 23 6 5 
1 19 32 1 
1 28 8 1 14 1 
2 23 10 11 4 2 1 
1 8 10 13 21 
3 23 18 6 3 
1 51 1 
1 40 3 8 1 
1 35 16 1 
13 32 2 1 4 1 
29 13 2 5 1 3 
2 26 21 3 1 
1 37 14 1 
1 26 21 5 
2 26 10 4 9 1 1 
1 14 13 11 1 2 8 1 2 
1 51 1 
1 12 3 18 16 2 1 
27 20 6 
2 13 34 3 1 
4 41 7 1 
49 1 1 2 
1 8 44 
1 37 3 5 2 1 3 1 
2 22 11 4 6 8 
5 44 2 2 
8 44 1 
2 5 41 1 1 2 1 
2 7 44 
8 38 1 3 1 1 1 
17 36 
2 9 21 5 1 10 2 1 2 
15 24 6 7 1 
53 
13 34 6 
6 31 9 5 2 
1 8 28 15 1 
5 3 9 3 11 3 7 8 4 
2 2 36 10 3 
1 50 1 1 
14 25 2 5 4 3 
44 8 1 
14 33 1 5 
13 1 27 9 1 2 
13 37 3 
1 4 1 4 31 1 9 2 
1 22 29 1 
10 5 37 1 
7 41 5 
1 36 14 1 1 
2 42 5 4 
2 5 7 19 13 2 4 1 
1 11 3 8 19 1 3 7 
3 7 26 13 3 1 
1 18 6 1 4 22 1 
16 19 17 1 
3 42 8 
2 2 13 23 9 4 
25 17 1 9 1 
8 34 10 1 
2 30 20 1 
6 40 7 
6 10 31 3 3 
49 3 1 
3 15 20 7 7 1 
3 16 14 14 2 3 1 
9 9 2 5 9 6 11 1 1 
3 1 11 35 2 1 
1 31 9 8 4 
3 30 7 4 6 2 1 
1 16 36 
6 29 18 
3 34 2 14 
2 30 7 14 
8 22 10 11 1 1 
4 3 26 11 8 1 
1 45 7 
7 26 7 3 10 
11 15 3 8 15 1 
1 34 5 11 1 1 
1 16 1 16 17 2 
1 28 19 4 1 
5 35 1 5 5 1 1 
1 43 1 3 5 
1 6 41 5 
1 27 18 6 1 
1 50 1 1 
1 8 1 2 15 26 
1 3 16 24 9 
2 26 9 5 8 1 2 
3 39 11 
3 31 16 1 1 1 
2 33 1 2 13 1 1 
1 4 20 18 10 
2 16 8 2 16 8 1 
3 48 1 1 
5 12 28 7 1 
42 3 7 1 
2 33 4 4 2 4 2 1 1 
3 8 34 6 1 1 
3 24 14 9 2 1 
4 29 11 8 1 
4 41 3 2 1 1 1 
2 34 5 8 3 1 
21 24 5 3 
1 34 1 3 7 2 5 
5 45 1 2 
18 18 17 
11 14 22 5 1 
1 28 24 
2 14 7 29 1 
1 43 7 1 1 
1 12 11 4 10 5 4 2 1 1 1 1 
2 33 12 5 1 
53 
53 
1 45 5 1 1 
45 8 
6 21 10 15 1 
1 52 
1 12 9 25 3 3 
49 2 2 
4 39 10 
5 25 13 3 6 1 
14 11 28 
1 26 16 2 2 3 3 
38 7 8 
2 10 15 13 4 4 2 2 1 
2 1 37 10 3 
6 47 
4 6 26 7 6 3 1 
2 45 4 2 
1 3 45 3 1 
1 22 19 7 4 
1 11 41 
1 43 9 
1 4 4 22 8 3 2 6 1 1 1 
6 33 8 3 3 
1 15 37 
1 46 2 2 1 1 
1 46 6 
1 43 1 5 2 1 
5 42 4 1 1 
5 6 3 11 8 6 8 3 1 1 1 
1 15 1 20 4 3 4 1 1 1 2 
1 7 18 14 6 1 3 1 1 1 
20 26 7 
1 38 3 8 1 1 1 
41 3 9 
52 1 
18 30 1 3 1 
1 4 30 14 3 1 
1 50 2 
1 11 11 14 4 6 6 
2 47 2 1 1 
12 41 
34 10 7 1 1 
9 39 2 2 1 
1 12 39 1 
12 25 9 7 
3 47 3 
4 18 1 6 12 8 4 
11 26 4 10 2 
1 29 21 2 
17 8 13 13 2 
9 3 21 16 1 3 
1 48 4 
1 3 6 19 10 7 3 3 1 
1 13 14 5 17 2 1 
2 23 3 19 3 1 1 1 
1 2 6 25 17 2 
1 44 8 
1 24 28 
7 42 1 1 2 
16 18 18 1 
17 12 6 12 4 1 1 
13 25 2 2 6 5 
4 41 1 7 
1 23 22 7 
3 17 9 8 11 3 1 1 
2 40 2 9 
1 40 1 4 2 4 1 
6 46 1 
6 36 6 1 4 
2 40 11 
52 1 
1 32 4 3 1 5 4 1 1 1 
2 37 8 6 
53 
2 18 1 19 1 9 3 
19 13 2 8 4 5 1 1 
34 8 5 1 1 1 2 1 
2 29 22 
3 50 
5 37 11 
2 34 5 9 3 
5 14 27 3 4 
1 23 14 8 5 1 1 
3 28 12 8 1 1 
40 6 5 1 1 
2 22 3 15 1 10 
2 37 5 2 2 3 1 1 
16 22 9 4 2 
11 34 8 
25 4 23 1 
21 28 4 
23 1 4 13 9 3 
2 18 22 2 6 2 1 
5 45 1 1 1 
45 1 6 1 
14 12 4 23 
1 15 37 
3 21 29 
2 15 8 28 
1 11 24 7 2 2 1 3 2 
5 8 20 3 17 
24 24 3 1 1 
6 21 2 18 1 5 
35 13 1 3 1 
12 11 20 3 1 6 
6 30 3 10 4 
3 43 7 
1 21 5 7 2 6 6 3 1 1 
11 42 
6 36 4 2 4 1 
43 9 1 
21 7 4 8 12 1 
4 42 7 
4 41 8 
1 25 10 4 11 2 
1 46 6 
1 28 24 
4 27 6 2 5 3 4 2 
1 33 13 5 1 
3 21 28 1 
10 29 11 1 1 1 
1 15 19 16 2 
1 8 14 30 
53 
24 28 1 
1 16 9 5 15 4 1 2 
4 48 1 
1 20 31 1 
14 18 14 3 4 
37 15 1 
1 10 10 10 1 10 8 2 1 
1 34 17 1 
1 24 26 1 1 
2 33 3 10 5 
5 40 7 1 
3 47 2 1 
1 3 6 35 5 3 
1 1 31 16 4 
14 11 27 1 
1 23 14 9 3 1 1 1 
1 51 1 
1 51 1 
9 8 13 22 1 
6 25 17 3 1 1 
6 9 14 12 2 2 4 1 2 1 
13 23 16 1 
24 22 5 1 1 
1 43 3 5 1 
1 11 15 17 6 1 2 
53 
1 3 30 8 11 
2 41 10 
4 1 11 6 2 5 19 4 1 
2 14 37 
8 27 17 1 
1 38 6 2 6 
13 2 7 5 26 
38 7 4 4 
48 2 2 1 
1 4 37 9 2 
9 26 3 8 4 2 1 
4 19 9 3 12 4 1 1 
20 15 15 3 
8 18 7 9 11 
1 21 20 10 1 
1 14 9 3 15 3 2 6 
16 16 15 3 2 1 
49 4 
3 42 8 
26 25 1 1 
1 4 1 27 16 4 
4 5 33 7 1 1 1 1 
1 2 12 8 27 2 1 
3 42 1 4 1 2 
4 44 3 2 
2 28 14 8 1 
4 37 12 
3 36 5 6 3 
47 1 5 
1 25 25 1 1 
4 29 13 5 2 
1 20 8 24 
2 38 10 3 
1 9 8 27 7 1 
29 19 3 2 
3 13 21 14 2 
2 16 24 10 1 
2 24 4 3 7 4 5 2 1 1 
2 4 37 3 3 1 2 1 
2 50 1 
4 14 28 7 
7 1 8 4 29 4 
14 1 27 7 4 
8 8 31 5 1 
33 15 1 4 
1 11 40 1 
5 16 32 
18 7 28 
5 46 1 1 
1 42 4 6 
4 18 5 15 8 1 2 
52 1 
1 43 9 
2 30 6 5 4 2 2 1 1 
53 
7 38 2 3 3 
7 40 2 4 
1 41 9 2 
1 49 1 1 1 
21 11 21 
2 10 22 19 
31 13 3 1 1 2 1 1 
1 39 8 4 1 
4 4 7 8 21 3 6 
1 27 2 5 9 3 3 3 
5 47 1 
1 31 4 16 1 
1 1 9 37 1 2 1 1 
4 18 25 3 2 1 
1 25 27 
1 34 4 11 3 
2 8 35 5 1 1 1 
2 29 6 7 5 1 2 1 
27 9 4 9 4 
53 
1 47 2 1 2 
1 27 7 17 1 
1 23 20 4 4 1 
14 30 3 5 1 
9 31 11 2 
51 1 1 
1 44 8 
6 9 17 3 4 10 2 1 1 
1 33 12 7 
4 33 11 1 4 
1 16 36 
4 42 6 1 
4 12 18 5 2 5 2 2 2 1 
4 36 1 7 5 
25 15 12 1 
1 19 1 16 2 6 7 1 
1 24 25 3 
1 10 24 16 2 
1 46 6 
7 28 11 6 1 
1 3 9 6 26 7 1 
1 48 3 1 
1 2 12 5 30 2 1 
7 2 17 15 1 11 
53 
6 43 2 1 1 
1 45 2 3 2 
5 25 15 7 1 
6 39 1 4 1 1 1 
13 34 3 2 1 
1 24 17 8 1 2 
2 42 9 
8 36 2 7 
5 29 9 4 5 1 
31 9 10 2 1 
5 11 8 2 21 4 2 
1 8 30 6 1 4 3 
4 29 8 1 5 1 4 1 
3 32 17 1 
2 21 9 20 1 
20 16 14 3 
4 24 18 1 2 1 1 2 
1 32 13 1 4 1 1 
15 15 4 15 2 2 
15 4 17 7 1 4 3 1 1 
1 15 4 1 27 2 3 
20 16 16 1 
2 43 7 1 
5 47 1 
48 4 1 
3 12 1 30 4 2 1 
1 23 15 9 3 1 1 
3 11 16 12 7 3 1 
11 27 1 8 2 4 
6 22 20 4 1 
35 15 2 1 
1 51 1 
24 12 2 13 2 
2 21 4 20 6 
1 45 6 1 
19 16 5 11 1 1 
1 16 25 1 9 1 
1 12 40 
1 15 37 
8 25 4 9 6 1 
2 31 12 5 1 2 
1 15 9 11 16 1 
6 6 7 1 10 4 19 
2 11 8 4 5 15 6 1 1 
35 10 1 1 2 1 2 1 
39 1 11 1 1 
2 22 3 25 1 
1 20 1 24 3 3 1 
1 41 9 2 
2 10 35 4 1 1 
12 26 4 7 4 
13 17 20 1 2 
1 40 12 
1 46 5 1 
7 17 2 21 6 
2 32 19 
1 22 1 12 17 
53 
1 7 27 5 10 2 1 
11 21 6 1 3 2 7 1 1 
7 45 1 
1 36 6 3 7 
53 
1 25 24 3 
3 6 2 9 31 1 1 
5 46 2 
1 31 1 20 
1 10 10 28 4 
10 27 5 10 1 
1 7 27 18 
5 14 19 5 2 2 6 
1 7 12 19 9 4 1 
21 23 5 3 1 
35 17 1 
1 50 1 1 
4 34 8 6 1 
1 51 1 
1 16 25 5 1 2 2 1 
1 3 4 2 29 11 2 1 
1 19 20 9 1 1 2 
10 35 6 2 
1 22 21 6 3 
21 8 22 2 
7 18 27 1 
1 35 10 5 2 
3 13 8 4 14 10 1 
1 38 9 4 1 
3 50 
28 17 4 4 
2 9 3 39 
38 7 2 5 1 
9 33 6 2 3 
2 6 5 24 5 9 2 
2 29 15 6 1 
11 27 2 3 5 5 
11 4 20 6 12 
4 37 11 1 
1 48 1 1 2 
46 1 6 
1 8 42 1 1 
1 36 5 2 7 2 
13 25 1 5 8 1 
1 22 23 4 3 
3 12 32 1 5 
15 1 5 26 2 1 3 
1 24 27 1 
2 22 7 3 12 6 1 
1 21 13 7 2 6 3 
1 18 25 5 4 
1 50 2 
1 37 11 1 1 2 
4 35 8 4 1 1 
21 6 26 
9 7 6 18 1 7 4 1 
4 15 10 1 14 6 1 2 
1 18 10 1 22 1 
20 12 11 2 7 1 
4 49 
19 1 14 16 2 1 
49 3 1 
1 41 4 4 3 
3 23 4 1 22 
28 20 5 
1 10 16 22 1 1 1 1 
5 2 28 5 8 3 2 
2 24 15 7 4 1 
5 8 40 
1 4 1 20 24 1 1 1 
34 16 2 1 
2 19 22 10 
2 4 8 1 24 10 1 3 
2 8 20 4 11 1 1 1 2 2 1 
30 9 11 2 1 
1 52 
6 6 39 2 
2 34 4 9 4 
1 19 15 15 2 1 
1 20 20 9 2 1 
48 1 3 1 
14 23 8 2 1 1 4 
18 30 3 1 1 
7 29 13 2 2 
52 1 
6 4 41 1 1 
17 32 4 
7 9 4 18 15 
2 34 5 8 1 1 2 
12 20 10 1 6 2 1 1 
2 18 32 1 
1 21 20 7 3 1 
5 25 3 8 10 1 1 
6 43 3 1 
2 18 28 2 2 1 
8 29 16 
1 31 18 3 
1 35 17 
2 34 13 2 2 
7 36 10 
25 24 1 3 
2 50 1 
1 15 11 22 4 
1 51 1 
4 20 29 
2 32 15 2 1 1 
1 30 11 1 9 1 
8 43 2 
2 6 35 10 
7 5 32 8 1 
28 18 4 1 1 1 
1 16 21 10 1 3 1 
1 44 1 3 2 2 
1 44 3 1 3 1 
45 2 2 1 3 
1 44 2 4 2 
8 16 17 3 3 3 1 1 1 
11 38 3 1 
1 8 44 
5 31 2 4 4 3 3 1 
2 34 13 1 2 1 
1 17 20 8 1 4 2 
4 38 11 
10 1 27 2 3 3 3 3 1 
1 22 28 1 1 
14 24 13 2 
52 1 
5 40 8 
1 37 11 2 1 1 
3 49 1 
42 10 1 
6 13 22 7 3 1 1 
2 48 1 1 1 
29 1 19 4 
3 25 25 
3 30 12 4 3 1 
1 50 1 1 
1 20 4 1 1 12 6 5 3 
9 25 7 8 4 
16 21 5 10 1 
11 20 6 11 2 3 
1 48 4 
2 12 19 15 1 3 1 
6 6 11 5 19 3 3 
5 32 16 
14 16 23 
1 8 40 2 1 1 
2 17 18 5 5 5 1 
1 36 7 6 2 1 
6 2 21 14 10 
10 40 2 1 
3 7 20 5 3 6 2 2 2 1 1 1 
1 44 4 3 1 
2 47 1 3 
7 25 1 1 12 6 1 
1 28 18 3 1 1 1 
12 39 2 
1 47 2 1 2 
5 2 39 7 
17 22 13 1 
36 5 11 1 
2 47 4 
27 24 2 
1 1 17 6 26 2 
53 
4 43 3 2 1 
17 24 6 4 2 
14 9 1 10 12 5 1 1 
6 36 1 3 7 
2 45 1 3 2 
1 4 35 12 1 
1 5 15 6 5 11 8 1 1 
1 7 7 11 1 8 14 1 1 2 
49 1 3 
2 10 4 10 22 4 1 
13 15 25 
1 39 11 1 1 
5 21 2 20 2 2 1 
2 11 10 1 8 8 8 1 4 
3 5 14 1 9 21 
1 30 20 2 
6 3 4 12 5 11 10 1 1 
14 1 33 5 
2 5 24 11 11 
1 32 20 
1 46 2 2 2 
1 25 16 10 1 
1 28 13 2 1 4 1 2 1 
7 40 6 
2 6 3 18 24 
1 30 5 8 3 3 1 1 1 
2 16 34 1 
28 9 16 
6 41 1 3 2 
38 8 2 4 1 
1 44 7 1 
1 34 18 
3 40 10 
23 9 1 9 2 1 2 5 1 
1 44 3 3 1 1 
21 17 5 5 2 1 2 
2 1 38 6 2 4 
44 6 1 1 1 
1 35 1 6 4 1 3 2 
1 15 8 8 2 9 10 
9 17 19 1 5 1 1 
5 44 3 1 
1 29 7 14 1 1 
4 12 31 6 
50 2 1 
2 6 9 21 2 11 2 
2 16 15 7 9 1 3 
3 37 13 
20 7 26 
7 16 11 15 4 
1 8 11 24 3 5 1 
1 29 11 4 1 2 1 4 
1 18 27 7 
5 16 19 1 12 
8 40 1 2 1 1 
2 41 1 4 1 4 
2 18 2 17 3 1 7 1 1 1 
53 
1 52 
53 
1 10 22 7 10 1 1 1 
1 29 20 2 1 
19 8 23 2 1 
1 43 8 1 
5 26 22 
4 18 1 19 9 2 
30 3 4 6 3 6 1 
3 7 6 2 28 3 4 
1 17 24 3 2 1 5 
8 6 1 10 25 2 1 
1 8 34 10 
1 21 25 6 
1 31 3 14 3 1 
1 17 35 
13 13 7 5 7 1 1 4 2 
1 47 3 2 
1 22 25 5 
42 5 3 3 
5 27 10 10 1 
49 4 
10 39 1 3 
2 23 3 13 6 4 2 
4 38 4 7 
4 17 15 5 10 1 1 
8 15 15 9 4 2 
2 18 24 1 3 3 2 
1 29 17 2 2 2 
1 8 10 31 1 2 
1 8 24 3 4 6 1 2 3 1 
3 32 16 1 1 
1 42 5 3 1 1 
1 26 26 
3 37 3 10 
32 17 4 
2 27 4 17 3 
16 37 
1 46 2 4 
1 49 3 
6 41 5 1 
8 45 
1 16 3 15 1 2 5 9 1 
8 7 28 8 1 1 
6 21 14 5 7 
53 
1 29 2 7 3 10 1 
1 48 4 
6 26 12 4 5 
1 14 30 8 
2 24 19 6 1 1 
1 10 40 2 
28 1 10 3 3 4 2 1 1 
1 46 4 1 1 
2 7 43 1 
1 13 3 36 
1 13 22 14 2 1 
33 16 4 
1 16 27 6 2 1 
42 1 8 2 
1 1 4 6 12 8 3 18 
5 20 13 3 12 
1 27 25 
1 31 19 1 1 
1 33 19 
2 36 14 1 
1 20 1 10 10 5 2 1 3 
1 2 8 6 29 3 2 1 1 
4 30 18 1 
41 11 1 
1 23 2 22 2 2 1 
22 15 6 7 2 1 
1 2 5 8 26 6 5 
2 35 13 3 
6 43 1 3 
4 47 2 
20 28 5 
30 8 15 
1 52 
2 5 9 13 11 4 8 1 
4 34 14 1 
5 41 5 2 
46 1 5 1 
1 51 1 
32 21 
1 32 10 1 3 1 1 3 1 
3 43 3 2 2 
3 17 18 2 7 1 5 
52 1 
1 49 3 
34 2 16 1 
3 1 30 3 7 4 3 1 1 
5 13 20 14 1 
5 16 21 2 8 1 
3 16 16 12 2 1 2 1 
5 21 10 4 10 3 
14 30 2 2 3 2 
1 17 19 8 4 3 1 
2 5 42 4 
5 38 10 
1 14 6 11 12 1 7 1 
34 17 2 
3 33 13 4 
2 20 8 5 11 7 
11 29 10 2 1 
2 16 28 7 
1 30 4 3 5 2 8 
12 2 19 20 
12 39 1 1 
51 2 
2 37 9 1 4 
1 13 25 5 8 1 
40 3 7 3 
3 12 2 15 3 1 6 1 6 3 1 
2 21 23 2 1 1 3 
53 
4 40 9 
2 49 2 
1 36 14 1 1 
1 15 25 10 1 1 
3 30 15 5 
3 34 11 4 1 
1 25 22 1 2 2 
1 29 22 1 
2 50 1 
1 7 14 30 1 
1 17 17 5 9 3 1 
2 1 10 3 16 5 2 5 5 2 1 1 
12 15 9 14 3 
1 44 8 
1 17 7 21 2 1 1 2 1 
1 51 1 
1 51 1 
1 13 39 
1 20 6 15 7 3 1 
46 4 2 1 
1 22 25 2 3 
1 35 17 
1 21 28 2 1 
2 22 17 8 3 1 
12 5 8 3 18 5 1 1 
3 26 4 12 7 1 
1 19 31 2 
18 33 2 
17 19 14 2 1 
3 16 19 11 4 
4 26 17 3 2 1 
2 17 7 4 17 5 1 
1 7 20 13 11 1 
49 3 1 
2 25 3 8 5 8 1 1 
1 33 14 2 3 
53 
1 11 41 
1 13 3 25 8 1 1 1 
26 19 5 2 1 
6 40 7 
42 10 1 
1 17 35 
2 23 2 22 2 2 
13 9 1 27 1 2 
1 43 4 2 1 2 
7 19 20 3 3 1 
1 8 19 9 10 2 2 1 1 
5 6 40 2 
12 22 10 5 4 
2 30 19 1 1 
1 8 17 9 18 
7 7 24 11 2 1 1 
4 6 31 4 3 4 1 
1 34 16 1 1 
2 42 3 3 2 1 
1 10 41 1 
2 37 9 4 1 
1 20 31 1 
4 32 8 7 1 1 
1 27 21 2 2 
5 37 3 2 5 1 
1 39 10 2 1 
6 37 5 3 2 
2 19 20 4 2 1 5 
48 5 
1 44 1 2 1 4 
2 19 32 
6 21 25 1 
3 10 18 20 1 1 
3 25 25 
4 24 25 
1 29 8 1 12 2 
1 31 16 5 
1 6 46 
42 10 1 
2 18 5 23 1 3 1 
37 14 2 
1 5 39 5 3 
1 1 5 17 19 9 1 
1 50 2 
1 12 35 4 1 
5 20 28 
1 34 12 4 2 
7 8 12 19 5 1 1 
1 41 11 
41 8 4 
1 46 6 
3 3 30 1 3 10 2 1 
7 39 3 1 2 1 
1 40 1 2 9 
3 10 11 13 10 6 
9 23 13 1 6 1 
6 34 1 10 2 
3 35 10 2 2 1 
1 38 14 
2 45 3 3 
2 49 2 
3 20 4 21 4 1 
1 29 22 1 
1 47 5 
1 29 1 5 11 1 3 2 
12 15 9 6 8 1 1 1 
9 7 19 10 8 
1 21 3 4 24 
1 49 1 1 1 
2 13 38 
6 16 1 13 9 4 3 1 
13 5 13 6 10 1 3 1 1 
1 1 17 34 
6 3 16 26 2 
2 20 30 1 
39 8 6 
3 29 14 4 1 2 
1 35 4 8 4 1 
1 48 4 
4 30 15 2 1 1 
6 20 3 3 14 4 1 1 1 
2 37 10 2 1 1 
1 3 9 1 10 7 3 1 2 15 1 
2 36 7 1 5 1 1 
1 1 23 13 5 8 2 
1 5 12 27 4 3 1 
2 26 22 2 1 
5 1 47 
28 2 5 11 6 1 
2 47 1 3 
50 2 1 
1 5 28 13 4 1 1 
11 29 1 7 2 3 
1 41 9 2 
2 31 7 10 3 
3 23 2 23 2 
1 4 17 1 28 2 
4 29 4 3 6 5 2 
28 3 13 6 3 
1 14 10 25 2 1 
34 8 11 
2 46 4 1 
4 17 6 25 1 
3 15 29 4 2 
2 29 9 13 
46 7 
53 
8 41 2 2 
1 43 9 
1 51 1 
19 18 16 
2 32 8 2 7 2 
11 33 6 1 2 
4 39 3 1 2 2 2 
10 10 7 2 16 8 
2 32 15 1 3 
53 
39 6 8 
1 20 32 
4 37 9 1 2 
1 16 18 6 5 6 1 
45 1 4 1 1 1 
11 38 1 1 2 
17 27 3 1 2 3 
10 21 22 
14 37 2 
1 4 46 2 
1 47 5 
1 38 14 
2 42 5 2 1 1 
1 1 3 32 4 4 8 
6 2 45 
1 13 39 
21 8 11 1 8 2 1 1 
2 29 6 1 4 1 8 1 1 
12 28 4 1 2 3 1 1 1 
13 13 10 3 1 2 4 4 2 1 
1 12 3 27 5 4 1 
29 15 7 1 1 
1 31 21 
1 41 11 
1 34 2 14 1 1 
9 11 27 5 1 
6 2 7 20 6 3 9 
1 31 12 4 1 3 1 
42 11 
2 37 8 3 1 1 1 
1 39 2 4 1 2 4 
5 7 26 10 1 2 1 1 
1 12 35 3 2 
6 24 10 8 5 
1 24 8 13 7 
9 32 5 1 2 1 1 2 
5 40 8 
3 8 4 33 5 
1 39 13 
4 6 42 1 
23 29 1 
52 1 
2 22 24 1 2 2 
2 41 5 4 1 
7 6 10 8 15 4 1 2 
1 16 35 1 
1 7 45 
6 37 6 1 3 
23 29 1 
2 1 36 4 9 1 
1 27 10 5 5 5 
23 10 15 3 2 
4 49 
40 8 3 2 
1 6 5 30 5 5 1 
1 52 
50 2 1 
2 8 16 21 6 
3 41 6 3 
2 18 32 1 
49 3 1 
4 11 31 2 3 1 1 
1 38 4 9 1 
1 52 
19 8 11 6 3 1 3 2 
8 6 21 11 7 
3 46 1 1 2 
1 33 14 2 3 
21 27 4 1 
3 30 10 5 1 2 1 1 
1 25 20 1 3 3 
1 11 41 
2 12 4 27 3 2 3 
33 7 12 1 
6 13 29 3 2 
6 1 43 2 1 
1 34 8 3 2 2 2 1 
5 9 21 4 10 1 3 
11 13 22 7 
1 21 26 1 1 3 
2 50 1 
1 3 47 1 1 
1 45 5 1 1 
1 44 5 2 1 
43 8 1 1 
1 18 30 1 2 1 
1 39 8 1 2 1 1 
1 12 33 6 1 
16 1 24 2 7 2 1 
3 5 2 13 7 2 21 
1 10 35 2 2 1 1 1 
12 28 11 1 1 
12 15 9 5 12 
1 27 22 1 2 
1 51 1 
3 6 38 4 1 1 
1 22 23 6 1 
1 3 18 23 3 1 3 1 
3 47 1 2 
3 27 15 7 1 
3 49 1 
2 3 39 1 3 1 1 3 
4 7 3 11 19 4 3 1 1 
9 18 6 7 2 11 
13 16 19 5 
12 2 4 3 9 1 5 7 8 1 1 
1 34 14 4 
3 11 7 27 5 
28 6 12 1 3 2 1 
3 18 32 
9 1 9 8 13 9 2 2 
12 40 1 
1 47 5 
3 43 7 
2 27 14 4 5 1 
2 26 24 1 
1 13 18 19 2 
3 30 20 
1 5 38 9 
2 31 19 1 
13 13 8 17 1 1 
4 30 6 2 7 1 2 1 
4 45 3 1 
1 19 13 3 12 4 1 
4 9 10 28 1 1 
1 8 38 4 2 
2 50 1 
29 8 9 1 6 
3 47 2 1 
2 17 12 14 2 5 1 
35 15 1 2 
2 3 33 9 4 2 
1 18 26 2 3 3 
1 26 26 
1 6 1 9 8 9 13 4 1 1 
1 17 2 15 4 13 1 
1 39 3 8 2 
1 48 3 1 
20 12 4 1 6 8 1 1 
27 12 9 1 1 2 1 
2 25 26 
1 42 5 4 1 
19 26 2 5 1 
37 2 3 11 
13 9 31 
1 7 3 6 11 19 4 1 1 
6 23 20 2 1 1 
2 14 6 17 14 
4 27 13 2 7 
3 46 2 2 
5 6 33 6 2 1 
1 19 8 14 2 3 2 3 1 
46 2 5 
43 3 1 3 3 
1 20 9 4 11 5 3 
1 29 18 1 2 2 
37 1 5 8 2 
1 25 25 1 1 
2 33 3 1 8 4 1 1 
1 47 5 
13 31 8 1 
3 42 2 6 
2 24 18 2 4 1 1 1 
2 14 14 1 3 16 3 
11 23 17 2 
5 26 10 5 7 
12 9 18 11 1 2 
40 4 7 1 1 
5 44 4 
8 22 13 2 2 4 1 1 
2 28 12 1 7 2 1 
1 45 1 1 4 1 
36 12 5 
1 48 4 
27 10 4 9 3 
3 21 14 13 1 1 
1 5 47 
1 20 15 2 2 1 6 3 2 1 
1 50 2 
1 27 16 4 3 1 1 
10 17 9 3 9 5 
50 2 1 
6 44 3 
3 16 31 1 2 
22 4 8 15 2 1 1 
1 10 20 6 14 1 1 
1 37 6 5 1 3 
8 37 3 4 1 
4 14 29 1 5 
1 35 10 1 1 4 1 
27 7 14 5 
38 9 6 
1 29 20 1 2 
3 13 18 12 5 2 
1 40 8 3 1 
53 
1 41 1 9 1 
1 20 7 2 13 10 
3 46 1 1 2 
2 49 2 
17 21 5 1 4 1 2 1 1 
1 40 4 5 1 2 
27 4 17 1 3 1 
4 46 3 
6 33 2 4 4 1 1 1 1 
1 26 25 1 
1 37 11 2 1 1 
2 48 2 1 
1 23 17 5 3 4 
5 29 11 7 1 
3 17 23 4 2 3 1 
1 32 20 
1 29 3 3 14 2 1 
4 48 1 
3 13 21 1 6 7 2 
8 36 4 5 
1 24 18 7 1 1 1 
3 21 13 9 3 3 1 
7 42 4 
1 13 39 
52 1 
1 7 18 9 8 8 1 1 
15 33 4 1 
9 34 2 5 2 1 
18 8 26 1 
1 31 16 1 2 2 
1 25 26 1 
7 28 12 2 3 1 
2 50 1 
28 13 1 4 7 
3 40 1 2 2 1 3 1 
5 7 4 3 34 
1 47 5 
3 20 26 2 2 
1 10 22 14 6 
25 26 2 
25 10 8 8 2 
1 25 26 1 
32 3 6 9 2 1 
3 8 26 11 2 1 2 
8 36 4 1 3 1 
1 31 16 5 
4 12 8 6 9 2 3 9 
38 14 1 
1 33 4 3 1 4 3 4 
1 18 30 2 2 
1 45 7 
14 31 7 1 
2 47 2 2 
2 25 13 12 1 
2 9 10 16 5 8 3 
2 30 21 
5 6 38 2 2 
1 39 13 
1 35 13 3 1 
19 11 23 
3 39 9 2 
3 21 26 1 1 1 
1 15 16 4 15 1 1 
4 28 1 13 5 2 
1 44 2 4 2 
3 20 4 6 15 5 
4 48 1 
3 47 1 1 1 
1 45 7 
1 39 6 2 1 3 1 
4 49 
45 7 1 
1 2 3 31 7 2 3 4 
9 32 9 3 
8 10 6 18 1 9 1 
1 12 35 2 1 2 
8 13 14 16 2 
1 4 21 17 9 1 
14 13 17 6 3 
1 22 4 16 6 3 1 
4 47 1 1 
12 5 35 1 
6 43 2 2 
7 25 12 1 1 1 1 2 2 1 
2 26 19 1 2 1 2 
1 23 1 28 
13 11 24 1 1 1 1 1 
2 28 23 
19 5 6 17 1 2 2 1 
1 5 38 2 4 3 
30 2 5 8 4 2 1 1 
6 15 23 3 5 1 
11 26 13 1 1 1 
1 9 22 12 4 2 2 1 
4 27 19 3 
42 9 2 
1 14 17 14 2 2 3 
12 39 1 1 
1 38 14 
2 11 13 23 4 
16 24 8 4 1 
1 42 7 1 1 1 
4 19 5 2 1 1 7 8 6 
3 19 10 16 4 1 
28 24 1 
11 11 19 4 8 
8 6 20 8 1 1 8 1 
2 11 37 2 1 
1 44 2 1 3 1 1 
1 24 26 2 
6 42 5 
40 4 1 4 3 1 
1 19 27 6 
2 28 14 7 1 1 
1 28 20 1 2 1 
1 1 12 19 3 2 15 
5 47 1 
4 11 28 10 
4 49 
2 33 16 2 
7 11 28 7 
8 36 9 
53 
3 6 2 16 22 2 2 
2 45 5 1 
2 12 20 15 3 1 
52 1 
1 11 16 17 8 
25 18 6 3 1 
2 39 12 
1 6 8 7 1 16 1 1 11 1 
1 6 45 1 
15 4 16 5 9 4 
10 11 32 
1 47 5 
3 21 21 3 3 2 
2 11 10 16 3 11 
1 42 10 
1 26 14 7 2 1 2 
1 25 26 1 
2 15 20 4 2 4 5 1 
5 47 1 
1 25 22 2 3 
2 39 1 10 1 
1 6 40 6 
2 39 12 
18 24 6 4 1 
1 18 18 16 
1 25 19 8 
1 11 40 1 
1 39 9 1 3 
3 22 3 24 1 
45 2 6 
1 6 6 33 5 1 1 
1 8 34 7 1 2 
3 27 8 15 
1 3 42 5 2 
1 5 16 18 5 3 2 3 
19 14 1 2 3 6 2 3 3 
1 34 10 2 5 1 
42 4 6 1 
1 19 32 1 
2 47 2 2 
1 16 36 
1 26 5 5 8 1 3 2 2 
1 6 45 1 
10 39 3 1 
43 1 9 
1 38 6 1 5 1 1 
33 9 11 
2 29 1 16 1 2 1 1 
5 19 3 11 1 2 5 2 4 1 
1 22 1 6 15 6 1 1 
11 15 25 1 1 
37 3 7 4 2 
3 9 25 16 
3 1 20 26 3 
5 5 43 
1 37 14 1 
1 21 7 20 1 3 
4 6 2 34 4 1 1 1 
1 46 2 1 3 
6 15 21 8 1 2 
1 45 7 
2 29 7 6 9 
35 2 3 2 3 3 5 
2 36 14 1 
1 35 12 5 
46 4 3 
1 28 2 12 5 4 1 
2 18 17 10 4 1 1 
3 5 12 5 9 6 1 3 2 5 2 
51 1 1 
1 50 2 
2 47 4 
8 34 2 2 3 2 2 
38 13 2 
2 18 1 13 14 4 1 
3 8 30 2 8 2 
2 11 20 17 2 1 
1 30 5 1 7 6 2 1 
5 10 26 8 3 1 
3 2 17 3 5 8 4 10 1 
10 22 16 2 3 
6 30 3 9 1 2 2 
4 15 33 1 
11 35 7 
1 6 5 19 8 11 2 1 
22 28 3 
44 7 2 
30 17 5 1 
1 51 1 
1 39 11 2 
35 8 7 2 1 
1 44 5 3 
6 7 32 1 6 1 
7 3 13 8 5 16 1 
6 11 11 13 3 3 5 1 
52 1 
1 13 17 5 13 4 
2 48 3 
10 29 11 2 1 
1 26 19 6 1 
1 26 19 4 2 1 
47 5 1 
26 13 14 
1 15 26 8 2 1 
7 41 2 2 1 
1 37 3 9 1 2 
3 42 5 2 1 
23 14 4 6 4 1 1 
18 3 8 8 6 10 
1 7 35 5 4 1 
3 16 4 25 5 
48 2 3 
1 40 4 4 3 1 
2 19 14 5 13 
1 48 2 1 1 
1 41 10 1 
3 12 30 7 1 
28 6 19 
1 47 5 
5 47 1 
16 15 9 11 1 1 
1 24 25 3 
1 11 33 4 1 2 1 
4 5 11 14 12 2 4 1 
1 10 9 29 2 1 1 
1 25 22 2 2 1 
6 2 5 35 1 2 2 
1 35 6 1 10 
1 25 22 3 2 
1 9 21 17 4 1 
1 50 2 
2 24 5 8 14 
38 6 8 1 
1 43 5 1 1 2 
2 10 12 26 3 
4 39 10 
2 33 18 
1 43 8 1 
1 31 21 
2 45 5 1 
1 36 15 1 
2 29 15 3 1 2 1 
52 1 
2 17 11 14 3 6 
35 11 4 2 1 
1 2 23 20 1 3 3 
1 2 6 9 7 7 2 10 4 1 2 2 
3 36 14 
2 1 37 1 8 1 1 1 1 
9 41 3 
1 45 2 5 
1 38 6 3 3 2 
44 4 5 
1 12 8 27 1 1 2 1 
7 45 1 
43 2 6 2 
21 9 21 2 
1 1 21 16 11 2 1 
3 50 
1 50 1 1 
7 24 18 1 1 1 1 
2 27 14 3 1 2 4 
53 
1 35 1 4 1 9 1 1 
2 26 25 
2 14 5 7 11 13 1 
1 13 29 10 
1 36 4 5 3 2 1 1 
3 31 15 2 2 
1 33 11 7 1 
5 42 2 4 
3 42 7 1 
1 20 18 4 8 1 1 
3 49 1 
4 42 1 6 
2 7 25 1 18 
10 26 17 
23 12 18 
4 14 32 3 
2 9 3 39 
1 41 10 1 
2 6 2 12 8 19 4 
1 19 1 17 12 3 
24 16 10 2 1 
14 30 7 1 1 
9 38 6 
19 20 14 
4 21 4 4 6 9 3 2 
1 21 1 8 2 13 2 2 2 1 
11 31 6 1 1 3 
4 3 11 17 5 11 1 1 
29 20 4 
5 14 7 3 17 2 4 1 
1 39 13 
1 11 15 7 5 2 2 9 1 
5 25 10 13 
51 1 1 
3 14 26 4 4 2 
3 2 15 15 11 7 
2 44 1 3 2 1 
1 29 6 17 
7 23 9 14 
3 6 29 14 1 
2 43 3 2 2 1 
1 31 9 7 5 
1 27 25 
1 9 24 15 1 2 1 
4 31 7 3 2 5 1 
14 5 6 15 2 2 2 4 2 1 
1 38 14 
10 5 18 8 1 6 5 
11 29 3 8 2 
36 8 7 1 1 
8 1 34 6 4 
10 19 2 6 1 10 5 
15 20 8 4 2 4 
2 38 9 1 3 
1 30 1 21 
18 4 13 6 6 1 1 4 
1 50 1 1 
1 42 4 2 1 1 2 
1 5 46 1 
2 49 2 
1 29 12 9 1 1 
53 
1 8 16 6 10 8 3 1 
9 7 10 2 22 3 
3 29 15 4 2 
1 39 12 1 
4 6 12 7 10 4 3 6 1 
2 39 2 5 5 
40 12 1 
1 18 1 11 15 5 2 
1 35 7 7 2 1 
40 13 
4 19 20 2 7 1 
51 1 1 
1 31 17 3 1 
3 44 5 1 
11 4 27 11 
46 7 
3 25 4 6 10 1 2 1 1 
53 
9 29 15 
1 8 21 17 2 3 1 
1 12 3 31 1 5 
1 44 6 2 
42 7 1 2 1 
2 11 21 19 
1 43 2 5 2 
40 10 3 
1 31 4 13 3 1 
2 11 40 
4 14 2 1 27 3 1 1 
3 2 4 11 25 2 1 1 1 2 1 
5 10 5 25 6 1 1 
2 26 15 3 2 2 3 
1 45 1 1 1 1 3 
1 37 3 3 9 
3 6 32 11 1 
1 47 5 
2 44 3 2 1 1 
1 9 4 30 7 1 1 
5 6 11 27 2 2 
2 41 10 
2 14 15 15 7 
2 26 24 1 
2 34 11 3 1 1 1 
32 19 2 
1 35 13 3 1 
15 3 33 2 
1 27 8 5 8 2 2 
24 23 6 
22 6 19 5 1 
34 17 1 1 
1 25 7 1 19 
1 52 
1 15 37 
1 30 22 
1 38 9 1 3 1 
9 10 8 3 9 8 6 
2 43 4 3 1 
1 3 20 9 3 6 2 2 7 
1 42 1 5 4 
23 14 12 2 2 
1 18 18 1 11 3 1 
2 19 32 
2 51 
2 50 1 
1 38 12 1 1 
1 23 17 2 9 1 
3 42 8 
27 24 2 
1 23 27 2 
2 1 11 24 1 4 6 1 1 2 
31 19 3 
4 30 8 5 3 1 1 1 
5 19 20 9 
3 13 33 3 1 
1 8 13 28 3 
11 30 6 3 3 
1 20 28 2 2 
19 26 8 
5 39 9 
1 44 1 1 1 4 1 
7 26 12 5 3 
9 41 2 1 
1 37 9 4 1 1 
9 44 
6 37 4 2 4 
3 40 4 6 
2 11 6 26 8 
1 31 14 6 1 
2 32 6 12 1 
1 7 31 2 10 2 
4 5 30 13 1 
28 10 10 1 1 2 1 
1 31 21 
1 15 10 10 6 10 1 
2 10 23 3 1 4 1 3 3 3 
2 23 14 7 3 2 1 1 
2 51 
1 42 10 
1 19 25 2 5 1 
22 30 1 
40 5 1 3 2 2 
3 17 17 16 
8 37 8 
1 16 17 3 14 1 1 
14 9 18 5 7 
4 36 13 
1 7 24 17 4 
23 28 2 
2 3 27 6 6 3 2 3 1 
1 41 10 1 
1 43 7 1 1 
4 11 37 1 
1 36 13 1 1 1 
1 32 5 5 4 2 2 2 
2 46 4 1 
10 25 10 4 2 1 1 
5 22 23 1 2 
3 41 9 
1 3 35 2 5 2 3 2 
1 39 13 
4 35 6 6 1 1 
1 50 1 1 
1 18 29 2 3 
2 7 32 9 1 1 1 
1 16 16 3 16 1 
50 1 1 1 
5 11 27 2 4 3 1 
4 35 5 6 2 1 
2 22 21 7 1 
1 19 7 16 3 4 3 
2 26 14 7 1 1 1 1 
3 38 12 
2 19 27 2 1 2 
2 31 15 3 1 1 
16 3 11 3 19 1 
16 20 1 4 7 3 2 
51 2 
4 6 41 1 1 
2 47 4 
4 32 15 1 1 
21 24 6 1 1 
1 36 12 2 2 
1 47 5 
20 8 17 2 1 4 1 
2 19 12 13 1 6 
2 29 12 1 1 8 
1 42 1 3 3 1 2 
19 32 1 1 
1 11 11 13 10 1 5 1 
3 8 33 7 2 
2 18 17 3 1 2 4 2 1 1 1 1 
38 7 8 
10 32 11 
1 35 9 5 3 
1 21 14 15 1 1 
40 11 2 
4 24 4 11 1 5 4 
16 18 7 6 1 3 2 
1 22 30 
3 32 18 
1 36 9 3 3 1 
2 12 15 24 
47 5 1 
3 28 9 10 3 
2 15 7 15 4 3 2 3 2 
3 10 10 6 15 4 1 3 1 
3 12 38 
1 24 28 
2 24 17 3 7 
15 6 8 8 2 11 2 1 
1 46 6 
1 52 
1 52 
1 19 33 
1 25 19 4 4 
2 23 23 3 2 
5 44 1 3 
1 23 12 2 9 5 1 
2 36 4 1 1 6 1 2 
3 35 15 
6 23 19 4 1 
3 24 24 1 1 
1 36 16 
6 37 1 4 4 1 
10 21 21 1 
2 29 8 3 5 5 1 
1 30 22 
2 26 17 5 2 1 
2 26 14 1 5 1 1 3 
53 
4 40 9 
1 51 1 
3 42 3 1 2 1 1 
1 36 10 2 1 1 1 1 
5 26 10 7 5 
2 11 27 11 2 
8 36 7 1 1 
32 4 7 2 1 5 2 
1 49 2 1 
1 24 17 6 5 
2 50 1 
1 40 3 5 3 1 
6 21 2 16 1 5 2 
1 36 5 4 3 3 1 
5 16 5 14 8 4 1 
2 7 10 13 11 3 7 
1 5 27 13 7 
2 33 13 3 1 1 
3 39 10 1 
2 41 1 6 1 2 
1 17 32 3 
2 30 19 1 1 
53 
15 5 19 7 4 2 1 
5 43 5 
1 17 4 10 3 1 17 
7 35 4 6 1 
1 16 34 1 1 
5 31 17 
4 43 2 1 1 1 1 
16 31 3 3 
4 42 7 
5 1 2 6 9 1 16 9 4 
3 29 3 1 3 2 9 2 1 
53 
1 47 3 2 
1 17 34 1 
2 9 37 3 1 1 
1 28 22 1 1 
6 4 11 13 4 7 7 1 
4 8 18 20 3 
1 15 36 1 
4 45 4 
7 13 27 6 
1 51 1 
49 1 1 1 1 
1 18 32 2 
3 12 21 4 8 4 1 
2 32 19 
2 29 21 1 
36 13 4 
4 36 10 2 1 
2 7 26 12 6 
1 49 3 
1 39 12 1 
36 6 7 4 
1 41 11 
1 38 3 2 3 4 1 1 
52 1 
1 23 24 4 1 
2 26 25 
1 7 12 16 5 10 1 1 
1 23 17 1 5 1 5 
4 1 14 2 15 8 5 2 1 1 
1 24 20 6 2 
11 39 3 
3 30 18 2 
4 14 11 17 6 1 
1 11 2 32 5 1 1 
18 23 7 4 1 
2 37 2 6 6 
53 
1 1 5 38 2 4 2 
52 1 
9 38 1 5 
4 14 35 
6 23 15 5 3 1 
12 18 23 
3 36 1 8 5 
26 10 11 4 1 1 
47 6 
42 11 
2 13 24 10 2 2 
1 36 9 5 1 1 
16 37 
8 36 3 4 2 
1 9 39 4 
6 44 2 1 
23 20 6 1 2 1 
1 47 2 3 
3 22 12 14 2 
2 23 28 
3 46 4 
5 15 7 9 4 12 1 
8 27 14 4 
3 6 3 32 7 1 1 
38 4 11 
14 14 14 2 1 3 5 
3 1 4 16 15 1 4 5 1 2 1 
2 41 2 2 1 3 2 
34 7 9 2 1 
3 13 10 6 10 5 5 1 
8 25 6 1 13 
1 19 29 2 1 1 
1 10 40 2 
1 21 4 1 2 10 4 1 5 4 
2 28 23 
52 1 
7 18 21 4 3 
1 23 23 6 
1 43 8 1 
1 36 13 3 
50 1 2 
4 28 5 12 2 1 1 
25 13 4 9 2 
53 
1 35 16 1 
1 41 4 1 6 
2 25 5 7 14 
2 20 12 16 3 
53 
1 9 39 1 2 1 
49 2 1 1 
1 16 27 5 4 
4 27 10 3 9 
51 2 
5 36 12 
1 46 5 1 
5 39 2 1 2 4 
1 43 5 3 1 
2 17 29 5 
1 33 5 10 2 1 1 
2 6 33 6 4 1 1 
1 45 2 4 1 
1 10 21 17 3 1 
1 41 8 1 2 
15 27 2 7 2 
1 15 37 
14 11 15 7 6 
12 37 2 2 
1 29 22 1 
5 19 6 19 4 
3 1 34 1 2 10 2 
2 44 1 1 5 
2 31 4 13 2 1 
5 6 21 2 1 11 4 1 2 
1 25 13 11 3 
3 4 37 3 5 1 
12 17 9 12 3 
4 8 41 
1 13 10 10 9 2 2 4 1 1 
2 6 27 2 9 5 1 1 
1 25 2 14 8 1 1 1 
1 34 17 1 
1 38 5 6 1 2 
20 17 4 1 9 1 1 
49 1 1 2 
2 36 13 1 1 
1 24 26 1 1 
3 30 5 12 3 
2 22 10 7 12 
1 2 15 1 34 
1 3 33 16 
1 16 9 2 14 11 
1 30 11 5 6 
1 9 41 1 1 
1 1 5 21 24 1 
44 3 6 
9 42 2 
2 22 20 3 2 1 3 
2 49 1 1 
9 36 2 1 3 2 
1 8 13 2 21 8 
4 7 21 10 11 
1 29 13 7 1 2 
1 40 8 1 3 
22 30 1 
12 19 15 4 2 1 
1 17 8 14 8 3 1 1 
3 36 13 1 
1 3 8 13 15 7 4 1 1 
14 27 4 5 1 1 1 
2 46 1 2 2 
1 47 3 2 
32 14 7 
4 44 1 2 1 1 
27 4 18 3 1 
4 17 19 11 1 1 
1 51 1 
53 
40 1 6 5 1 
1 50 2 
2 6 32 10 1 2 
1 24 26 2 
1 48 4 
9 27 15 1 1 
23 4 10 10 5 1 
3 20 24 5 1 
1 13 23 7 9 
22 15 16 
4 12 8 9 9 3 8 
1 33 3 3 13 
1 10 22 4 5 2 9 
15 3 25 4 4 1 1 
3 48 2 
2 17 24 5 1 4 
1 32 16 4 
19 25 7 1 1 
3 49 1 
1 35 7 5 2 3 
30 10 8 4 1 
1 31 1 12 1 6 1 
2 29 1 8 13 
1 5 47 
1 52 
45 3 2 1 2 
4 24 4 1 16 4 
2 27 2 10 12 
1 17 4 15 10 2 1 1 1 1 
14 34 1 3 1 
13 22 18 
53 
25 11 2 9 6 
1 35 8 5 4 
30 12 9 1 1 
1 26 21 5 
13 23 12 3 1 1 
1 26 8 13 2 1 1 1 
4 23 23 2 1 
15 21 13 3 1 
44 6 2 1 
16 7 12 1 12 5 
1 33 19 
1 52 
2 42 6 1 2 
1 32 20 
1 10 39 1 2 
1 48 4 
22 15 13 1 1 1 
33 12 6 1 1 
1 6 30 9 7 
3 21 15 14 
7 35 4 7 
1 22 23 2 1 2 2 
1 13 24 7 6 1 1 
7 26 20 
44 3 6 
21 2 5 7 9 9 
1 2 47 1 1 1 
1 3 44 2 1 1 1 
19 2 29 3 
1 46 4 2 
18 22 9 4 
1 28 12 11 1 
13 36 1 2 1 
7 40 3 3 
1 19 11 13 1 1 7 
1 5 28 1 16 1 1 
1 35 15 1 1 
26 22 2 2 1 
4 43 1 2 3 
1 20 23 6 2 1 
2 19 13 7 1 3 8 
9 35 6 2 1 
1 14 31 5 2 
7 41 4 1 
1 37 2 3 8 2 
2 15 7 12 8 5 4 
1 10 39 1 2 
19 17 10 4 3 
5 23 25 
1 30 16 5 1 
35 3 13 1 1 
1 40 12 
1 51 1 
2 21 24 6 
11 36 1 1 4 
1 40 2 6 1 1 2 
9 3 14 19 7 1 
2 13 13 25 
37 3 8 2 1 1 1 
1 34 8 1 8 1 
3 50 
4 16 12 20 1 
37 13 1 1 1 
1 41 4 2 4 1 
7 16 25 3 2 
1 22 2 5 16 5 2 
18 15 7 7 4 2 
1 52 
4 20 17 3 7 1 1 
1 17 31 1 3 
1 2 4 15 23 4 1 1 1 1 
1 8 11 1 28 3 1 
3 5 21 14 5 5 
1 18 11 17 6 
10 8 11 10 8 2 4 
3 26 20 1 3 
4 35 9 5 
5 17 10 21 
2 10 12 22 3 2 2 
1 44 1 7 
1 29 2 8 12 1 
30 5 5 5 2 2 2 1 1 
11 38 4 
3 22 13 7 8 
1 48 4 
8 17 7 7 13 1 
4 29 15 4 1 
1 17 31 1 2 1 
2 31 8 10 1 1 
1 8 13 24 7 
1 17 25 6 1 1 2 
1 46 6 
1 48 2 2 
1 3 2 35 3 1 7 1 
1 11 37 4 
1 9 40 1 1 1 
16 11 14 6 2 3 1 
1 14 20 9 5 1 3 
6 22 12 10 1 2 
1 50 1 1 
4 21 4 21 3 
51 2 
2 36 15 
3 42 5 1 2 
9 11 31 1 1 
32 15 6 
11 41 1 
38 1 11 1 1 1 
1 27 8 5 11 1 
44 5 4 
1 42 4 2 1 2 1 
5 34 13 1 
1 7 22 10 13 
50 2 1 
1 44 2 3 3 
1 24 28 
5 9 17 21 1 
2 9 34 7 1 
12 18 2 6 10 4 1 
1 26 11 2 4 6 1 2 
53 
40 5 6 1 1 
1 45 3 4 
4 27 1 6 9 1 5 
1 44 4 4 
1 20 30 1 1 
7 2 18 18 2 2 2 1 1 
1 45 3 1 2 1 
45 2 1 3 2 
1 1 25 12 3 8 2 1 
1 16 27 4 2 1 2 
1 18 17 16 1 
2 50 1 
6 1 46 
1 15 25 11 1 
1 48 2 2 
2 25 13 10 1 2 
1 26 19 5 2 
1 7 7 27 8 3 
1 10 20 2 7 12 1 
1 42 7 1 2 
5 25 4 1 11 5 2 
15 22 15 1 
1 31 5 11 1 1 2 1 
39 9 3 2 
7 25 18 3 
1 44 8 
1 38 14 
2 2 1 43 2 2 1 
8 40 2 2 1 
1 20 28 2 1 1 
14 17 13 7 1 1 
1 46 6 
1 11 41 
1 5 10 19 1 2 12 3 
53 
6 35 7 4 1 
3 34 11 1 1 1 1 1 
1 3 12 2 11 19 2 1 1 1 
1 46 1 3 2 
1 1 11 9 21 7 1 1 1 
9 11 10 9 4 9 1 
45 7 1 
53 
1 52 
11 32 4 5 1 
1 11 27 2 5 2 4 1 
2 19 9 3 4 9 4 2 1 
2 15 2 14 18 1 1 
6 16 6 10 10 1 3 1 
1 46 3 3 
5 18 7 19 4 
1 27 18 6 1 
5 38 10 
3 24 8 2 11 4 1 
48 1 4 
1 4 22 13 1 5 1 4 1 1 
1 41 11 
3 20 6 2 14 3 4 1 
1 50 1 1 
1 12 14 7 7 10 2 
1 44 8 
3 18 24 5 1 2 
1 41 7 2 1 1 
1 47 5 
38 8 5 1 1 
3 27 9 2 12 
3 11 5 28 4 1 1 
1 38 8 5 1 
10 25 6 4 5 3 
48 5 
53 
4 24 1 19 5 
1 45 7 
4 37 7 1 4 
2 34 8 9 
1 30 17 1 4 
4 21 11 15 2 
16 29 7 1 
2 33 10 7 1 
53 
1 47 5 
29 24 
1 34 14 4 
1 12 40 
53 
