23 24 1 1 2 1 2 
15 27 8 3 1 
1 6 23 17 3 2 1 1 
1 18 34 1 
1 33 11 3 3 2 1 
13 31 8 1 1 
1 45 8 
4 31 19 
3 12 38 1 
1 5 11 10 9 9 8 1 
28 1 11 8 6 
15 38 1 
8 41 1 3 1 
50 2 2 
1 10 33 6 4 
1 29 20 2 2 
24 7 12 7 1 3 
1 36 8 4 3 1 1 
1 11 34 1 7 
1 14 2 14 12 9 2 
2 31 21 
7 13 20 13 1 
1 22 20 9 2 
24 9 1 19 1 
2 13 12 27 
1 40 2 5 2 3 1 
22 7 1 8 10 2 1 1 1 1 
2 10 1 20 5 8 7 1 
12 34 4 4 
7 45 1 1 
18 18 14 4 
53 1 
21 33 
1 11 24 14 1 1 1 1 
2 22 17 8 2 3 
12 39 3 
1 26 18 6 2 1 
1 27 23 2 1 
2 50 1 1 
2 33 14 5 
1 25 21 1 1 5 
8 12 3 17 8 1 4 1 
11 33 10 
23 19 1 4 4 1 2 
15 25 4 10 
41 5 2 4 1 1 
3 31 15 5 
33 20 1 
2 22 8 2 4 8 3 4 1 
2 21 21 9 1 
1 10 2 11 5 14 5 1 1 2 1 1 
32 2 14 2 2 2 
12 35 5 2 
2 1 8 9 10 6 13 1 3 1 
1 12 29 10 2 
6 15 33 
38 4 10 2 
4 21 19 3 1 3 3 
4 44 3 3 
2 35 9 2 6 
54 
18 25 4 5 1 1 
4 6 16 11 6 4 3 4 
3 16 22 2 11 
1 51 2 
13 33 1 1 6 
2 34 11 1 3 3 
1 35 18 
1 53 
3 29 7 3 12 
1 7 14 16 10 6 
1 40 2 9 2 
1 48 3 1 1 
23 8 22 1 
18 5 18 4 7 2 
10 1 9 5 29 
1 11 17 16 2 2 3 2 
10 31 13 
3 51 
1 47 6 
13 16 15 4 5 1 
3 33 18 
1 16 24 4 7 2 
8 38 2 4 2 
2 2 30 19 1 
41 5 5 1 1 1 
1 29 23 1 
1 3 32 18 
35 9 3 4 1 2 
1 1 30 4 17 1 
39 12 1 2 
9 26 19 
3 11 11 23 2 2 2 
4 18 4 14 12 1 1 
2 16 4 2 25 2 1 2 
5 41 8 
5 43 5 1 
34 8 2 1 2 5 2 
4 20 7 21 2 
1 38 15 
3 29 15 2 2 1 2 
2 38 6 7 1 
2 31 18 2 1 
10 6 8 13 10 6 1 
1 3 15 25 2 5 2 1 
1 4 17 31 1 
1 39 4 7 1 1 1 
34 20 
6 23 23 1 1 
2 36 16 
1 16 28 5 2 2 
2 30 6 11 2 1 1 1 
1 33 20 
7 42 5 
3 17 31 2 1 
17 11 5 14 6 1 
24 15 13 1 1 
2 19 33 
4 27 6 13 1 3 
9 30 7 2 4 2 
13 32 5 3 1 
1 12 12 7 16 1 3 2 
1 39 13 1 
1 5 9 3 13 10 13 
1 5 21 11 2 8 3 1 1 1 
1 16 3 25 2 3 4 
1 29 24 
1 18 29 2 3 1 
18 19 11 2 2 2 
6 20 17 3 2 2 1 3 
1 44 9 
7 43 3 1 
1 9 4 37 1 1 1 
5 18 31 
2 17 2 31 2 
28 18 6 2 
4 32 15 2 1 
2 23 24 3 2 
16 32 3 3 
29 1 9 3 3 5 3 1 
3 37 10 2 1 1 
1 27 20 3 2 1 
1 34 4 15 
42 11 1 
1 46 4 1 1 1 
3 9 19 12 5 4 2 
3 35 16 
4 30 9 1 5 2 2 1 
10 29 15 
24 7 13 3 3 1 3 
1 15 12 15 11 
1 4 37 7 5 
3 29 22 
1 12 3 7 31 
52 1 1 
1 34 17 2 
4 16 16 17 1 
1 50 3 
54 
1 11 41 1 
3 40 3 3 4 1 
1 47 4 1 1 
1 9 3 1 16 3 2 1 3 6 3 1 2 2 1 
1 48 1 4 
2 18 31 3 
1 25 28 
3 6 20 17 4 4 
40 4 6 3 1 
6 3 9 7 7 6 2 7 3 1 3 
1 37 16 
44 10 
2 52 
2 4 26 8 3 11 
1 27 1 4 3 11 7 
1 34 18 1 
1 14 13 13 11 1 1 
1 47 4 1 1 
1 15 1 36 1 
1 32 13 4 1 2 1 
1 50 1 2 
32 7 7 3 3 2 
1 43 8 2 
6 22 7 7 7 3 1 1 
1 23 6 6 7 4 1 1 1 4 
1 5 28 4 12 4 
13 13 25 2 1 
1 11 34 5 1 1 1 
2 44 1 4 1 2 
28 9 14 1 2 
51 3 
1 48 2 2 1 
4 34 3 13 
1 46 2 3 1 1 
11 1 27 12 1 1 1 
1 17 36 
43 1 8 2 
1 3 49 1 
1 6 9 16 18 2 1 1 
1 2 40 9 2 
3 17 19 3 11 1 
2 50 2 
53 1 
2 7 12 4 9 1 11 3 5 
17 27 3 3 4 
32 9 7 4 2 
22 1 15 4 7 3 2 
6 21 27 
1 22 8 23 
1 25 20 6 1 1 
2 36 7 9 
2 50 2 
4 20 22 3 5 
2 37 15 
6 30 10 2 1 4 1 
1 4 7 1 6 11 10 11 1 2 
4 26 24 
2 15 19 13 5 
1 43 5 4 1 
4 18 2 2 2 23 2 1 
2 47 4 1 
2 16 23 2 11 
3 40 8 3 
2 14 14 8 1 2 9 2 1 1 
2 28 21 3 
4 30 20 
3 9 36 5 1 
4 46 4 
3 42 3 5 1 
8 20 21 3 2 
4 36 14 
8 42 3 1 
1 46 4 1 1 1 
54 
7 37 4 1 4 1 
4 2 34 5 9 
6 27 20 1 
30 12 10 1 1 
1 48 4 1 
4 18 5 13 6 3 3 1 1 
2 1 13 30 5 3 
1 46 3 2 2 
40 9 2 2 1 
1 4 35 8 3 2 1 
4 1 21 12 12 4 
53 1 
1 19 9 11 7 3 3 1 
19 11 22 2 
9 36 3 3 2 1 
2 12 17 20 2 1 
2 51 1 
4 30 8 5 1 6 
2 20 29 2 1 
15 10 16 11 1 1 
15 36 2 1 
1 48 4 1 
36 4 9 1 3 1 
2 3 27 18 2 2 
1 45 7 1 
4 11 1 6 21 9 1 1 
27 26 1 
1 45 2 5 1 
2 37 15 
54 
1 4 47 1 1 
1 41 7 3 2 
1 6 35 3 5 2 1 1 
16 13 3 2 19 1 
1 15 18 18 2 
53 1 
37 2 11 4 
4 48 2 
13 17 15 1 5 1 2 
4 15 27 5 1 1 1 
21 10 5 1 9 2 3 3 
4 29 18 2 1 
1 18 27 7 1 
1 13 38 2 
4 25 11 1 1 1 2 7 2 
3 45 1 2 2 1 
2 10 7 33 2 
1 17 20 6 8 1 1 
47 7 
5 17 23 2 7 
51 2 1 
37 7 6 3 1 
4 2 5 10 8 20 2 2 1 
1 49 1 1 1 1 
1 43 1 1 2 3 2 1 
1 30 7 3 11 1 1 
2 51 1 
14 30 1 5 4 
1 47 1 5 
6 40 4 2 2 
10 35 5 3 1 
42 9 3 
33 9 11 1 
2 39 8 3 1 1 
4 35 10 4 1 
1 21 23 2 7 
1 16 20 6 3 8 
1 12 24 8 8 1 
1 7 30 16 
1 47 5 1 
6 30 14 3 1 
8 12 12 3 19 
1 10 14 8 4 12 5 
32 16 3 1 1 1 
1 21 27 3 2 
3 28 14 3 4 1 1 
3 25 8 10 1 1 2 3 1 
1 7 5 16 17 4 2 1 1 
1 47 6 
2 24 9 3 13 1 1 1 
1 9 44 
23 1 25 1 1 2 1 
22 8 8 3 9 1 1 1 1 
1 29 22 1 1 
3 9 17 25 
1 8 2 11 25 3 1 2 1 
1 48 5 
1 31 15 4 3 
1 35 13 5 
4 27 19 1 1 1 1 
5 42 1 5 1 
1 16 21 13 2 1 
1 11 36 4 2 
4 37 8 2 3 
1 15 24 12 2 
24 17 13 
6 21 11 5 1 10 
3 38 9 2 1 1 
1 45 2 5 1 
14 4 10 23 1 1 1 
1 50 2 1 
1 1 52 
4 8 33 3 2 4 
1 34 13 3 2 1 
1 26 9 7 1 6 2 2 
1 48 5 
1 52 1 
1 52 1 
1 20 29 4 
1 21 13 5 5 5 1 3 
1 33 20 
7 9 14 2 9 10 2 1 
2 17 4 28 2 1 
14 4 36 
1 40 1 12 
1 2 41 10 
7 44 1 2 
2 14 24 13 1 
1 9 33 9 1 1 
2 45 2 5 
1 1 52 
32 2 16 1 3 
53 1 
1 20 33 
1 13 26 11 3 
1 50 1 1 1 
50 3 1 
1 50 2 1 
2 32 20 
3 31 3 4 13 
18 26 9 1 
41 8 3 1 1 
18 22 14 
1 31 20 1 1 
33 16 5 
12 30 2 6 1 3 
2 32 15 3 2 
1 22 2 9 14 3 1 1 1 
3 16 29 6 
2 19 31 2 
1 7 24 4 18 
1 34 18 1 
1 12 30 8 3 
5 1 20 13 11 3 1 
4 50 
1 40 1 2 5 3 1 1 
5 46 2 1 
33 9 10 2 
35 18 1 
1 2 30 3 12 1 2 2 1 
2 24 20 7 1 
24 24 6 
2 21 6 24 1 
2 35 7 3 1 3 2 1 
8 35 10 1 
4 9 19 2 8 10 1 1 
12 10 6 15 7 2 2 
6 24 5 7 9 1 2 
54 
8 15 19 11 1 
1 28 2 20 2 1 
2 38 2 1 2 3 6 
4 2 15 10 13 5 1 2 1 1 
22 26 6 
3 48 3 
13 41 
1 29 13 8 1 1 1 
3 8 29 4 5 5 
1 4 30 10 5 4 
22 18 13 1 
6 25 23 
2 38 6 3 5 
2 8 39 4 1 
4 31 9 1 5 1 1 2 
4 39 2 9 
6 45 2 1 
1 5 20 18 4 3 2 1 
31 19 1 1 2 
35 5 11 1 1 1 
53 1 
12 21 21 
1 39 12 1 1 
5 4 16 24 3 1 1 
11 19 7 12 5 
1 16 15 3 8 10 1 
51 2 1 
10 14 22 4 4 
11 37 2 3 1 
2 19 31 1 1 
2 32 7 1 2 1 3 1 3 2 
8 30 15 1 
2 47 5 
3 36 1 1 1 8 2 2 
2 16 35 1 
19 26 7 1 1 
1 10 24 12 4 3 
1 17 24 12 
1 37 1 15 
4 19 26 2 1 2 
3 4 4 29 9 3 2 
7 40 7 
1 36 2 7 7 1 
4 19 20 3 3 3 2 
1 37 15 1 
1 14 18 21 
1 30 23 
1 25 6 15 5 2 
10 44 
18 22 9 2 1 2 
1 41 10 1 1 
3 35 14 2 
1 47 2 2 2 
52 1 1 
54 
12 40 2 
1 24 3 13 11 1 1 
2 37 9 5 1 
4 10 6 27 1 1 2 1 1 1 
2 43 4 5 
13 14 4 23 
6 44 4 
1 19 1 31 1 1 
1 11 2 2 24 8 5 1 
2 18 34 
4 31 10 6 3 
1 34 13 2 3 1 
1 37 7 3 6 
5 31 12 4 1 1 
2 17 30 1 3 1 
1 42 6 4 1 
47 7 
2 5 4 11 6 3 5 4 11 1 1 1 
4 26 22 2 
1 16 34 3 
10 15 11 9 1 8 
5 45 4 
15 15 12 6 5 1 
3 32 4 1 9 4 1 
1 3 35 10 3 1 1 
3 6 10 4 1 18 11 1 
1 2 39 11 1 
42 6 1 3 2 
23 10 8 9 1 2 1 
5 11 15 2 7 7 3 3 1 
1 4 1 5 10 30 1 1 1 
1 21 24 2 1 2 3 
1 33 5 7 2 6 
53 1 
54 
1 28 19 6 
1 43 2 4 1 2 1 
1 10 10 23 4 3 1 1 1 
3 20 19 5 2 2 3 
54 
4 40 10 
6 1 23 3 12 1 7 1 
31 6 11 6 
1 43 4 2 2 2 
2 31 13 7 1 
2 26 26 
1 42 10 1 
1 14 39 
34 20 
3 30 18 1 2 
1 45 8 
2 27 15 2 5 1 1 1 
5 18 15 1 2 6 1 1 3 1 1 
1 14 22 7 9 1 
2 2 49 1 
1 35 1 12 1 4 
34 19 1 
10 19 24 1 
14 10 7 6 17 
1 42 5 3 2 1 
4 1 39 2 3 4 1 
1 17 16 2 3 2 2 5 4 2 
1 16 12 12 3 1 1 7 1 
1 36 1 7 4 1 4 
1 40 13 
1 40 6 5 1 1 
4 21 27 1 1 
12 28 14 
1 18 29 6 
11 40 3 
1 27 12 13 1 
1 20 13 3 10 5 1 1 
1 13 9 31 
1 36 3 10 1 1 2 
1 23 13 8 9 
22 27 4 1 
1 24 4 6 2 11 6 
4 47 3 
8 23 11 7 4 1 
3 28 8 8 2 1 2 2 
3 3 28 6 2 7 5 
2 28 9 11 3 1 
1 29 5 18 1 
2 13 29 7 2 1 
1 49 3 1 
7 1 7 30 3 3 2 1 
7 41 5 1 
1 26 26 1 
2 17 30 5 
30 16 4 3 1 
53 1 
2 25 4 19 3 1 
2 41 10 1 
1 9 40 2 2 
3 38 13 
1 20 16 9 1 3 1 1 2 
35 15 4 
4 22 23 2 2 1 
11 3 28 2 3 4 1 2 
53 1 
37 5 9 2 1 
2 52 
1 53 
2 21 2 29 
19 1 22 4 4 3 1 
4 49 1 
1 25 28 
23 29 2 
49 2 3 
13 1 6 9 15 5 2 2 1 
3 20 31 
1 13 40 
4 4 6 13 3 19 2 1 1 1 
1 29 24 
2 35 17 
36 10 2 6 
1 27 4 19 3 
20 32 2 
1 8 1 33 4 4 2 1 
2 14 33 5 
3 48 3 
1 49 4 
1 46 7 
3 11 2 21 17 
5 19 9 12 5 3 1 
2 2 22 20 5 2 1 
2 3 39 3 6 1 
52 2 
3 15 36 
1 52 1 
1 23 15 11 4 
1 4 16 1 3 27 1 1 
1 4 18 12 5 5 8 1 
5 36 6 3 1 1 2 
1 6 20 15 1 6 4 1 
2 23 18 8 1 1 1 
39 11 1 1 1 1 
30 15 8 1 
1 2 33 16 2 
21 20 4 9 
3 19 32 
52 2 
1 27 8 17 1 
44 7 3 
11 7 26 7 2 1 
2 8 6 19 19 
2 38 2 2 1 4 1 1 2 1 
2 15 18 14 2 3 
6 2 44 2 
15 29 8 2 
2 18 1 31 2 
1 37 1 2 10 1 2 
1 40 2 5 6 
2 42 10 
1 13 7 33 
1 42 7 1 3 
2 14 21 16 1 
1 27 5 15 3 1 1 1 
1 3 28 17 5 
3 29 10 1 9 2 
4 6 16 17 5 3 1 2 
1 47 6 
53 1 
1 24 14 6 8 1 
25 6 22 1 
1 38 15 
5 3 30 15 1 
5 46 3 
3 42 7 2 
30 4 5 1 5 7 1 1 
1 42 3 1 1 5 1 
1 28 23 1 1 
1 38 8 2 5 
1 9 14 2 3 4 10 7 3 1 
16 31 1 4 1 1 
3 13 1 30 7 
8 10 18 17 1 
1 17 5 12 2 1 6 5 1 2 1 1 
1 51 2 
5 6 29 14 
1 12 9 1 28 1 2 
30 14 9 1 
1 51 2 
3 2 23 5 8 3 7 3 
21 22 11 
25 7 18 1 1 2 
4 34 14 1 1 
1 47 6 
50 4 
7 30 11 2 4 
1 20 17 15 1 
13 32 6 3 
1 26 25 2 
9 39 2 4 
2 46 2 2 1 1 
1 33 4 2 5 1 5 3 
1 51 2 
1 40 1 12 
3 13 8 2 20 3 2 3 
1 11 18 20 4 
29 11 8 6 
6 30 8 3 6 1 
1 6 7 8 23 2 3 3 1 
6 19 10 19 
15 13 18 6 1 1 
53 1 
1 40 5 3 1 1 1 2 
4 44 1 1 2 2 
35 9 10 
2 51 1 
2 40 9 3 
1 46 4 1 1 1 
51 3 
1 29 9 10 2 1 2 
1 14 39 
18 33 3 
2 45 2 4 1 
1 52 1 
1 48 1 1 2 1 
3 14 14 19 2 2 
2 31 21 
1 51 1 1 
2 1 38 1 10 1 1 
10 26 17 1 
29 10 15 
1 27 9 13 1 1 1 1 
2 33 10 7 2 
7 38 2 4 2 1 
1 26 4 4 3 10 5 1 
9 34 11 
1 53 
46 1 7 
10 24 10 3 2 1 1 3 
2 1 42 2 5 1 1 
1 29 1 23 
1 45 3 3 2 
1 48 5 
1 14 31 6 1 1 
1 34 11 3 4 1 
1 41 10 1 1 
2 25 6 3 15 3 
34 5 8 7 
9 27 17 1 
1 39 4 2 3 2 3 
30 22 2 
27 22 3 1 1 
1 36 4 12 1 
1 43 2 6 2 
1 8 32 10 2 1 
1 20 22 6 1 4 
23 14 12 5 
1 8 38 2 5 
6 5 7 4 6 22 1 2 1 
4 26 20 4 
3 28 23 
17 13 18 4 2 
7 22 23 1 1 
3 24 9 6 10 1 1 
1 40 5 1 7 
1 7 26 1 9 7 2 1 
1 28 17 4 4 
1 48 4 1 
1 51 2 
1 24 13 1 8 2 1 2 2 
6 31 15 1 1 
13 3 36 1 1 
6 43 4 1 
2 11 10 16 4 2 8 1 
1 48 2 2 1 
15 12 4 5 5 13 
6 28 9 10 1 
1 47 6 
7 33 5 7 2 
2 33 18 1 
2 50 1 1 
1 7 16 3 4 1 5 10 1 4 2 
2 8 44 
1 20 18 4 6 1 2 2 
1 52 1 
17 3 13 1 9 10 1 
3 36 13 2 
3 29 14 3 5 
9 36 8 1 
4 28 5 14 1 2 
53 1 
53 1 
2 45 2 2 2 1 
1 48 1 1 2 1 
22 12 13 1 3 2 1 
1 46 6 1 
2 51 1 
1 19 27 2 1 1 2 1 
29 10 15 
4 45 5 
2 16 26 9 1 
9 29 12 4 
27 11 12 1 3 
3 44 7 
2 16 1 6 15 8 1 2 1 1 1 
1 36 3 9 3 2 
7 29 18 
47 4 1 1 1 
3 47 3 1 
9 2 12 12 1 1 10 6 1 
3 19 16 6 7 3 
1 50 3 
21 14 19 
3 49 2 
1 22 12 9 4 2 3 1 
16 1 1 36 
4 38 9 1 2 
1 13 12 21 2 2 1 2 
6 33 7 5 2 1 
4 9 23 14 3 1 
46 8 
13 19 1 16 3 1 1 
2 38 14 
1 34 3 3 6 6 1 
51 2 1 
1 21 32 
2 17 35 
30 17 1 5 1 
8 22 8 4 7 2 3 
5 17 25 2 5 
2 35 14 1 2 
1 33 12 7 1 
10 24 20 
1 37 10 6 
3 19 26 5 1 
11 35 1 4 3 
2 15 8 23 1 2 1 2 
39 6 3 5 1 
36 14 2 2 
50 3 1 
1 38 3 12 
1 47 4 2 
10 35 9 
1 48 1 1 1 2 
1 4 34 6 6 3 
3 7 14 6 8 8 3 2 3 
51 2 1 
40 2 1 4 1 3 1 2 
1 5 46 2 
21 12 9 5 2 1 4 
1 23 2 28 
9 5 13 10 4 6 3 2 2 
21 12 4 2 11 4 
1 7 24 7 10 5 
4 46 4 
4 20 25 3 2 
1 50 1 1 1 
2 9 10 8 25 
5 12 15 20 2 
1 41 8 3 1 
1 15 11 8 6 7 1 1 1 3 
7 4 30 6 6 1 
2 12 1 5 6 21 1 5 1 
3 43 8 
3 12 30 7 2 
1 20 4 5 14 4 2 3 1 
1 42 10 1 
1 1 2 38 11 1 
9 36 9 
12 38 2 1 1 
54 
1 38 11 2 2 
28 11 13 1 1 
2 32 3 1 5 9 1 1 
1 21 32 
3 23 27 1 
6 5 40 2 1 
1 46 4 1 2 
3 19 13 6 13 
1 7 40 2 1 3 
6 46 2 
1 42 6 2 3 
13 8 29 2 2 
47 3 4 
3 21 7 21 1 1 
1 36 10 6 1 
1 24 29 
21 4 2 22 2 2 1 
2 51 1 
1 44 4 5 
34 17 3 
5 30 11 1 3 1 2 1 
14 33 2 2 1 1 1 
1 18 14 10 3 4 2 1 1 
10 4 32 5 3 
1 2 28 8 1 8 3 2 1 
1 23 22 5 3 
6 48 
1 50 3 
4 44 1 1 1 1 2 
1 47 6 
2 15 5 2 17 6 1 3 1 1 1 
44 8 1 1 
3 40 4 7 
4 6 29 2 2 2 6 3 
1 41 2 9 1 
23 14 14 3 
2 50 2 
3 48 2 1 
1 15 38 
1 15 13 20 5 
7 7 27 1 8 1 1 1 1 
6 12 26 6 1 3 
1 26 18 2 5 1 1 
1 12 35 2 1 2 1 
1 8 19 3 4 7 8 1 2 1 
1 47 4 1 1 
1 23 30 
10 8 13 9 9 1 4 
17 25 6 2 1 1 2 
4 46 1 2 1 
5 29 10 4 5 1 
1 37 16 
1 11 42 
53 1 
1 1 9 12 2 17 2 5 4 1 
23 12 6 4 1 6 2 
5 37 4 7 1 
4 21 21 8 
3 19 13 15 4 
30 24 
45 6 2 1 
2 24 21 3 3 1 
1 21 10 12 6 3 1 
16 22 10 2 4 
1 31 5 14 2 1 
10 37 3 3 1 
1 2 28 6 10 5 2 
4 39 11 
14 30 5 2 1 1 1 
1 41 12 
1 36 14 2 1 
29 18 1 6 
5 27 2 3 12 3 1 1 
10 9 26 5 4 
5 14 15 20 
3 33 7 2 4 1 2 2 
11 19 9 14 1 
1 50 3 
2 17 12 3 12 7 1 
8 27 19 
11 17 14 5 6 1 
52 2 
10 26 9 7 2 
1 12 23 16 2 
1 50 3 
2 51 1 
50 1 3 
2 8 28 9 4 3 
2 37 1 8 6 
5 22 24 2 1 
15 20 8 2 1 2 2 1 1 1 1 
1 11 28 11 1 2 
1 43 7 1 1 1 
1 26 6 21 
2 16 3 11 3 17 2 
2 33 3 2 2 5 5 2 
4 34 5 11 
1 50 3 
1 18 30 4 1 
1 33 13 5 1 1 
6 40 8 
1 40 2 5 6 
41 2 2 3 3 2 1 
25 12 2 11 3 1 
1 3 39 9 1 1 
1 53 
1 16 10 11 1 1 14 
38 2 14 
16 17 13 6 1 1 
13 29 8 3 1 
1 9 30 11 3 
41 10 1 2 
1 50 2 1 
1 1 43 6 3 
1 52 1 
4 3 33 7 7 
14 37 3 
8 32 9 4 1 
8 42 4 
53 1 
8 32 14 
54 
1 22 29 2 
2 11 39 1 1 
47 3 4 
2 20 11 21 
21 18 3 5 3 4 
1 47 1 3 2 
1 46 4 3 
52 2 
1 17 30 4 2 
1 19 34 
24 16 10 2 2 
2 23 3 16 3 2 2 1 1 1 
50 4 
8 18 12 2 3 11 
6 24 17 5 1 1 
1 39 9 2 3 
3 18 33 
3 22 19 9 1 
34 3 16 1 
7 27 15 5 
1 41 10 2 
4 8 1 13 15 1 12 
1 16 5 31 1 
5 41 1 2 3 2 
1 39 7 3 3 1 
4 37 3 7 1 1 1 
42 8 2 2 
5 44 2 1 2 
1 19 26 8 
1 36 17 
16 14 19 5 
1 38 15 
1 45 7 1 
1 40 9 1 3 
3 15 36 
44 5 2 3 
19 35 
1 29 3 20 1 
2 25 8 10 8 1 
1 37 2 6 8 
1 37 16 
5 8 18 18 3 2 
2 27 13 7 1 4 
4 15 31 2 2 
5 21 6 11 6 2 3 
1 49 3 1 
3 18 6 20 2 2 3 
1 38 12 2 1 
3 10 16 3 11 3 2 5 1 
1 52 1 
1 50 2 1 
1 8 37 6 2 
3 10 21 8 8 4 
23 2 4 10 6 6 1 2 
3 48 3 
50 2 1 1 
1 43 3 4 3 
1 27 17 9 
33 13 3 4 1 
1 49 3 1 
1 33 5 12 3 
2 6 44 1 1 
7 27 10 3 7 
2 7 40 1 2 2 
2 22 29 1 
4 50 
1 41 5 7 
10 13 11 2 10 5 2 1 
18 10 14 8 4 
2 35 3 5 3 2 2 1 1 
1 33 17 1 1 1 
41 1 1 2 5 1 3 
1 42 10 1 
2 11 40 1 
29 8 10 7 
3 8 43 
8 15 19 7 4 1 
28 7 13 6 
10 26 18 
1 46 6 1 
1 14 7 16 10 2 1 2 1 
1 12 27 10 4 
5 35 6 7 1 
4 38 11 1 
2 14 2 34 2 
1 2 31 3 8 2 5 1 1 
1 53 
2 18 24 10 
3 38 5 3 5 
33 21 
40 12 2 
4 1 7 17 11 5 1 7 1 
8 41 4 1 
54 
34 4 14 1 1 
1 34 9 10 
4 24 8 7 1 10 
1 21 9 7 11 2 1 1 1 
4 6 38 2 2 1 1 
2 28 11 12 1 
14 7 6 20 6 1 
3 28 3 2 18 
31 9 10 3 1 
1 9 43 1 
1 31 15 2 5 
13 30 10 1 
21 14 1 17 1 
1 40 3 4 4 1 1 
34 1 19 
6 14 2 7 1 18 3 3 
2 17 3 20 7 2 3 
3 39 4 1 7 
9 32 5 1 5 1 1 
2 42 10 
1 39 14 
6 4 13 22 3 5 1 
1 31 13 9 
2 33 3 16 
8 9 28 9 
11 40 2 1 
44 8 1 1 
8 11 35 
5 45 2 2 
35 5 11 2 1 
14 17 2 17 3 1 
2 41 11 
2 46 5 1 
1 29 23 1 
3 33 10 5 3 
1 44 7 2 
2 13 16 22 1 
1 2 10 23 7 5 1 3 2 
18 12 11 11 1 1 
1 50 2 1 
1 37 14 1 1 
1 11 15 27 
4 1 12 21 1 6 6 1 1 1 
2 27 9 2 11 1 2 
1 11 23 16 3 
1 23 25 3 2 
27 4 5 6 10 1 1 
1 20 13 17 1 2 
1 51 2 
2 2 4 42 1 2 1 
1 49 3 1 
5 23 8 18 
12 14 24 1 2 1 
2 14 15 1 10 2 6 2 1 1 
1 13 20 16 4 
1 47 3 1 1 1 
5 46 2 1 
1 8 25 19 1 
1 10 30 8 5 
1 45 5 2 1 
1 1 20 10 6 15 1 
38 3 10 2 1 
44 2 4 1 1 1 1 
1 28 20 4 1 
6 22 15 3 1 5 1 1 
1 51 2 
37 6 9 2 
12 7 29 4 2 
31 11 2 7 3 
5 21 22 4 1 1 
1 23 16 10 3 1 
22 17 10 5 
13 15 13 12 1 
3 29 6 15 1 
1 13 11 8 7 9 1 3 1 
1 41 7 4 1 
13 2 12 15 4 1 2 3 1 1 
6 33 2 11 1 1 
3 21 18 4 6 1 1 
6 18 22 6 2 
2 32 10 9 1 
1 25 21 2 1 4 
30 3 7 2 7 2 2 1 
5 6 43 
5 4 21 18 5 1 
8 21 24 1 
5 42 1 6 
6 35 7 2 2 1 1 
54 
12 24 18 
1 50 3 
32 18 2 2 
2 24 13 7 6 2 
42 6 4 1 1 
10 41 1 2 
14 25 4 9 2 
2 49 1 1 1 
1 38 9 6 
24 18 12 
3 31 9 6 5 
1 19 11 18 1 4 
1 35 7 1 9 1 
8 18 7 4 6 2 6 1 1 1 
18 28 8 
42 8 1 3 
3 33 3 9 6 
2 49 1 1 1 
1 16 33 3 1 
42 9 2 1 
7 1 14 2 8 12 9 1 
1 6 20 22 1 1 3 
1 49 4 
11 32 6 5 
1 47 2 4 
3 12 38 1 
10 43 1 
1 7 28 15 2 1 
2 6 21 17 7 1 
17 6 20 1 4 1 4 1 
11 13 21 9 
1 36 11 1 1 2 2 
16 29 8 1 
2 38 10 4 
1 47 1 1 4 
49 4 1 
1 6 35 2 3 4 3 
1 45 6 2 
24 3 1 3 14 3 3 1 2 
2 20 9 23 
17 13 17 5 2 
1 20 4 27 1 1 
1 28 16 5 4 
5 13 16 14 5 1 
51 1 1 1 
5 34 6 9 
7 45 1 1 
2 37 13 1 1 
4 7 39 4 
20 1 23 9 1 
5 48 1 
1 33 11 4 5 
54 
2 36 16 
9 22 20 1 1 1 
5 13 26 10 
11 6 25 2 7 3 
13 38 3 
7 40 1 2 1 3 
1 27 1 21 3 1 
7 18 29 
54 
1 3 40 9 1 
1 15 5 13 11 8 1 
48 4 1 1 
1 32 17 4 
26 16 5 5 2 
1 39 2 1 2 6 3 
3 6 5 15 17 1 4 2 1 
4 35 9 5 1 
1 36 11 2 4 
5 6 7 9 11 3 6 4 1 1 1 
8 22 7 11 1 3 1 1 
6 46 1 1 
1 19 12 15 7 
1 5 45 3 
2 13 32 3 1 2 1 
1 16 37 
9 34 11 
1 14 34 4 1 
1 4 27 10 7 5 
3 36 10 5 
1 18 20 12 3 
1 14 13 2 16 2 1 5 
1 1 49 1 2 
8 31 12 3 
4 2 21 8 5 11 1 2 
1 24 29 
10 35 9 
1 21 25 1 3 3 
1 43 10 
3 3 26 12 4 6 
2 12 40 
2 35 16 1 
2 5 24 9 1 1 7 1 1 1 2 
16 25 4 9 
7 41 3 2 1 
1 7 45 1 
47 6 1 
26 11 15 1 1 
5 44 1 1 1 2 
5 38 10 1 
6 47 1 
2 20 6 23 3 
9 6 22 6 1 6 2 1 1 
1 44 1 3 2 1 1 1 
33 17 4 
1 5 41 5 1 1 
1 53 
1 15 1 1 12 5 10 1 5 2 1 
47 2 5 
1 22 3 5 4 8 10 1 
5 39 1 3 2 1 3 
1 10 42 1 
2 38 14 
4 29 4 7 3 3 2 2 
13 27 13 1 
19 13 16 2 3 1 
1 13 30 1 4 2 3 
19 27 8 
1 50 2 1 
4 45 4 1 
1 12 17 23 1 
29 16 2 2 3 2 
39 9 2 3 1 
1 37 4 3 3 5 1 
3 41 8 2 
2 14 7 18 13 
12 38 2 1 1 
11 19 16 7 1 
23 1 17 7 4 1 1 
20 6 1 23 4 
17 25 11 1 
13 26 5 8 1 1 
3 12 6 19 9 3 2 
54 
1 24 16 3 6 1 3 
1 46 1 6 
9 16 29 
2 3 12 27 7 1 1 1 
7 19 2 7 16 3 
4 31 16 2 1 
54 
15 35 2 1 1 
3 8 36 2 3 1 1 
1 13 18 4 5 2 11 
1 7 18 1 21 6 
10 14 12 1 4 2 1 2 8 
1 40 13 
1 51 2 
1 19 20 13 1 
1 49 4 
2 16 35 1 
1 41 2 4 4 1 1 
2 25 8 17 1 1 
2 15 17 5 15 
19 4 13 2 3 2 2 5 2 2 
3 43 2 1 1 2 1 1 
5 40 6 2 1 
24 8 5 2 13 2 
1 19 31 2 1 
1 38 15 
17 22 13 2 
1 20 9 13 1 8 2 
4 31 13 3 3 
12 41 1 
3 44 7 
1 28 25 
1 12 36 5 
13 29 4 2 1 4 1 
2 21 2 4 9 2 13 1 
48 4 2 
1 3 28 5 7 3 1 6 
1 6 35 5 1 4 1 1 
29 17 1 2 5 
20 12 10 7 3 1 1 
1 32 14 6 1 
7 38 6 1 2 
52 1 1 
1 6 1 45 1 
1 3 29 13 6 2 
1 24 19 10 
2 4 16 4 8 5 14 1 
52 1 1 
2 31 9 6 3 2 1 
2 18 2 6 18 4 2 2 
24 29 1 
54 
1 21 32 
4 21 6 13 7 2 1 
1 10 16 26 1 
48 6 
1 4 37 9 2 1 
3 50 1 
5 31 11 1 6 
4 30 4 14 2 
15 19 6 13 1 
3 21 8 15 5 1 1 
13 19 13 2 6 1 
1 25 27 1 
3 9 25 9 2 1 4 1 
2 46 2 1 3 
2 42 10 
38 11 3 2 
1 7 12 33 1 
19 17 13 4 1 
34 15 5 
1 31 13 7 2 
6 13 1 1 6 24 1 2 
1 45 8 
1 17 20 1 2 12 1 
38 2 7 2 5 
20 24 7 2 1 
5 7 6 18 14 4 
2 37 6 5 3 1 
1 15 28 7 3 
3 39 2 8 1 1 
2 39 13 
1 13 12 15 10 2 1 
18 20 16 
8 15 1 5 5 8 10 2 
26 2 5 6 10 1 1 2 1 
1 47 4 2 
54 
8 1 11 9 19 4 2 
3 23 28 
2 21 15 10 2 2 1 1 
2 6 17 17 1 8 3 
7 30 6 7 2 1 1 
9 3 19 2 19 2 
1 12 35 5 1 
7 20 19 8 
1 40 12 1 
1 2 14 27 9 1 
50 4 
2 35 16 1 
10 40 3 1 
1 18 3 26 6 
3 25 26 
9 10 10 19 3 1 2 
8 28 18 
7 9 16 13 5 1 2 1 
52 2 
1 2 14 25 9 1 2 
5 25 3 15 1 1 4 
48 2 4 
1 37 10 2 3 1 
3 29 6 5 2 2 3 3 1 
1 53 
34 20 
1 38 4 5 1 4 1 
16 8 16 1 4 9 
1 52 1 
1 29 23 1 
27 19 2 3 1 1 1 
1 51 2 
3 33 5 6 1 4 2 
2 2 20 1 13 8 3 2 3 
54 
2 47 4 1 
7 34 13 
51 2 1 
1 45 1 2 4 1 
6 48 
4 2 33 8 1 1 2 1 2 
12 18 21 1 2 
1 24 12 15 2 
5 33 16 
1 27 20 6 
1 25 1 6 5 15 1 
8 5 10 6 19 2 2 1 1 
1 22 5 20 3 2 1 
2 35 15 2 
4 3 34 4 2 1 5 1 
1 33 1 17 2 
6 28 20 
1 15 27 6 3 2 
1 52 1 
7 16 9 17 1 3 1 
2 36 16 
2 45 7 
11 3 29 10 1 
3 11 11 1 23 3 1 1 
1 19 16 9 9 
2 45 4 2 1 
7 27 7 13 
1 48 3 1 1 
8 29 11 4 1 1 
25 8 21 
1 25 12 14 2 
1 17 19 9 6 1 1 
20 18 5 3 3 2 2 1 
3 40 2 2 7 
4 31 15 3 1 
2 7 14 24 1 4 2 
34 15 2 2 1 
9 39 6 
1 22 4 25 2 
3 28 16 4 3 
1 41 10 2 
2 12 28 8 4 
1 32 16 1 1 3 
44 2 7 1 
1 5 5 7 18 4 14 
1 27 22 3 1 
1 13 13 9 2 8 1 2 3 1 1 
1 21 9 18 5 
1 49 3 1 
1 49 1 1 2 
6 46 1 1 
1 24 2 16 4 5 2 
1 11 16 20 6 
2 9 21 20 2 
1 52 1 
6 37 4 3 2 1 1 
3 25 15 11 
54 
1 21 11 16 5 
39 2 4 5 4 
3 51 
2 12 33 5 2 
6 44 4 
1 33 8 5 1 2 1 1 2 
1 44 4 1 2 2 
1 41 10 2 
4 41 6 3 
1 42 7 1 3 
2 38 6 7 1 
6 43 5 
3 25 16 5 4 1 
2 21 17 9 5 
2 17 35 
3 29 17 2 2 1 
3 43 7 1 
1 11 42 
29 21 1 2 1 
46 3 2 3 
11 16 17 7 1 1 1 
1 33 20 
2 42 9 1 
1 15 19 9 7 3 
21 18 15 
1 50 1 2 
3 15 9 26 1 
2 12 39 1 
2 34 15 3 
1 48 5 
5 31 18 
1 22 11 19 1 
1 13 34 1 4 1 
6 17 13 2 2 11 1 2 
17 18 16 3 
1 5 25 8 4 3 2 1 2 1 2 
1 30 23 
1 8 2 8 10 12 10 1 2 
1 33 20 
45 6 3 
1 43 5 1 1 2 1 
17 36 1 
1 5 9 18 21 
6 22 11 9 2 3 1 
1 7 13 26 6 1 
3 44 4 1 2 
47 6 1 
47 4 3 
1 24 9 11 9 
5 26 23 
18 20 6 2 8 
22 16 11 5 
2 2 22 3 25 
11 22 21 
3 29 12 9 1 
53 1 
1 12 23 12 4 2 
28 9 10 1 6 
2 51 1 
12 39 3 
1 14 32 2 4 1 
3 35 15 1 
2 27 25 
1 24 27 1 1 
26 9 13 5 1 
23 12 9 10 
2 43 4 3 2 
1 21 32 
2 35 16 1 
1 13 9 1 9 19 2 
7 21 12 1 8 3 2 
2 6 7 10 3 3 3 6 4 3 7 
1 29 9 8 7 
10 3 19 6 16 
7 34 12 1 
1 25 16 11 1 
10 32 7 4 1 
10 34 8 2 
1 23 19 6 5 
1 41 4 8 
3 1 25 21 1 2 1 
1 50 1 2 
32 12 7 3 
1 9 44 
4 23 7 1 16 3 
2 20 1 29 2 
2 8 33 7 2 2 
53 1 
14 16 3 8 13 
48 6 
1 19 16 10 8 
3 36 1 4 5 2 3 
1 26 2 9 16 
1 37 10 6 
9 34 6 5 
6 41 3 3 1 
1 34 3 6 3 7 
10 11 28 2 2 1 
1 29 23 1 
12 37 3 2 
54 
4 25 10 9 2 2 1 1 
1 2 16 11 23 1 
6 7 14 25 2 
2 47 3 1 1 
54 
1 1 50 1 1 
51 3 
6 33 7 5 2 1 
1 33 13 5 2 
11 14 2 3 11 3 8 2 
15 20 11 4 1 3 
1 39 13 1 
3 34 6 6 3 1 1 
2 20 12 19 1 
1 14 30 4 1 3 1 
1 14 21 2 6 8 1 1 
24 26 4 
1 30 4 1 4 11 1 1 1 
1 38 1 6 4 1 1 1 1 
14 35 2 2 1 
1 4 9 16 4 8 12 
4 44 6 
1 4 41 5 2 1 
2 49 1 2 
1 53 
33 13 4 2 1 1 
3 11 28 2 4 2 4 
1 20 30 1 2 
36 3 10 4 1 
44 4 3 2 1 
1 36 10 1 6 
2 18 20 6 8 
25 12 15 1 1 
4 2 36 4 3 4 1 
1 9 10 16 12 4 2 
13 24 9 1 6 1 
1 35 18 
3 8 15 19 5 3 1 
16 35 2 1 
1 5 1 30 11 5 1 
20 13 1 17 2 1 
4 47 2 1 
7 29 7 11 
1 5 3 44 1 
11 10 29 2 2 
1 6 4 14 20 4 1 2 2 
1 18 4 11 12 6 1 1 
1 13 25 4 6 4 1 
1 33 5 10 2 2 1 
16 21 14 2 1 
17 27 5 3 2 
6 35 6 4 3 
1 52 1 
15 18 20 1 
25 17 9 1 1 1 
1 33 2 16 2 
2 51 1 
3 26 18 5 2 
5 31 10 6 1 1 
22 26 1 4 1 
7 41 3 2 1 
2 25 21 6 
49 2 3 
1 3 23 15 10 1 1 
46 8 
2 40 2 9 1 
6 32 4 3 3 2 3 1 
4 41 3 5 1 
2 24 23 4 1 
1 10 36 5 2 
1 17 12 14 9 1 
3 26 11 11 1 2 
7 7 39 1 
2 33 4 1 5 6 1 1 1 
1 29 24 
29 8 6 4 7 
2 7 8 25 4 6 2 
8 23 17 1 1 4 
1 31 22 
1 17 35 1 
2 32 20 
1 20 2 21 2 4 3 1 
2 2 46 3 1 
53 1 
2 48 3 1 
1 48 5 
1 32 21 
9 33 12 
2 35 15 1 1 
2 42 10 
5 40 9 
5 1 9 23 1 13 2 
6 8 37 3 
1 20 19 11 1 2 
10 18 5 12 1 8 
53 1 
2 41 11 
1 12 22 2 11 4 1 1 
54 
15 2 8 19 8 2 
2 8 4 28 3 3 2 3 1 
44 4 5 1 
19 7 27 1 
2 19 32 1 
7 3 9 7 19 6 2 1 
1 31 13 3 6 
1 18 16 3 14 2 
2 24 26 1 1 
48 3 3 
27 22 2 2 1 
1 34 19 
26 14 8 5 1 
1 28 1 18 6 
1 4 46 3 
2 40 12 
3 30 21 
1 31 4 14 4 
3 44 7 
1 51 2 
1 16 11 26 
14 13 10 6 9 2 
33 3 18 
39 14 1 
1 11 23 4 11 4 
2 7 25 17 1 2 
1 47 5 1 
1 29 16 5 3 
2 9 43 
3 9 20 19 1 2 
38 2 11 2 1 
1 28 2 14 6 1 2 
7 10 34 3 
9 44 1 
1 34 2 8 9 
1 42 6 4 1 
1 27 7 5 10 3 1 
4 28 10 6 3 3 
2 35 9 5 2 1 
1 1 22 30 
1 6 15 28 3 1 
7 29 10 7 1 
1 23 13 7 1 9 
3 22 13 8 4 2 1 1 
1 40 11 2 
6 9 24 13 1 1 
1 8 23 17 4 1 
7 34 4 2 4 2 1 
3 31 12 6 1 1 
2 50 1 1 
54 
10 16 2 26 
2 1 2 15 18 4 12 
39 15 
1 2 5 43 1 1 1 
3 47 4 
1 43 5 3 2 
2 39 11 2 
1 1 42 2 6 2 
1 37 16 
14 34 5 1 
6 15 3 8 3 3 2 14 
3 18 29 2 1 1 
1 38 9 6 
1 22 28 3 
24 28 2 
1 14 34 1 4 
5 34 15 
48 2 1 2 1 
2 3 32 9 3 5 
4 23 12 11 3 1 
1 19 34 
19 34 1 
47 5 1 1 
2 34 7 6 2 1 1 1 
45 3 4 2 
47 5 2 
12 30 2 8 2 
3 40 11 
25 7 17 2 2 1 
1 40 10 3 
4 17 8 24 1 
26 16 4 2 2 3 1 
10 7 31 3 3 
17 13 9 3 3 5 1 3 
2 34 11 4 1 1 1 
1 11 27 2 8 2 2 1 
1 42 5 6 
1 38 9 3 3 
22 17 1 13 1 
4 26 16 2 3 1 2 
35 18 1 
1 3 20 11 19 
1 15 15 23 
1 25 2 19 5 2 
6 31 17 
7 9 28 6 4 
5 7 22 17 1 2 
1 4 10 38 1 
1 50 2 1 
2 3 49 
7 33 13 1 
7 37 10 
1 5 13 24 2 4 2 3 
53 1 
1 29 19 5 
1 14 31 3 1 1 2 1 
13 13 6 13 9 
21 25 8 
3 51 
44 10 
3 34 1 5 11 
2 40 12 
12 23 4 12 2 1 
3 34 17 
7 29 17 1 
1 28 5 13 4 2 1 
2 26 5 17 3 1 
1 6 44 1 2 
1 29 12 1 6 3 2 
4 6 7 25 10 2 
3 21 30 
1 10 27 12 4 
2 51 1 
1 35 7 2 3 2 2 1 1 
54 
2 38 2 2 2 4 4 
1 38 11 3 1 
8 39 2 5 
8 44 2 
2 21 30 1 
11 27 2 6 7 1 
1 26 27 
3 19 13 16 2 1 
35 2 6 10 1 
26 17 10 1 
2 48 2 2 
1 12 4 1 30 6 
1 6 44 1 1 1 
1 30 21 2 
3 46 3 2 
1 53 
6 12 7 8 10 2 9 
17 29 5 1 1 1 
8 32 10 1 3 
1 50 1 1 1 
1 42 11 
1 23 15 4 2 3 3 1 2 
4 12 1 20 11 6 
2 26 19 3 1 1 2 
2 38 7 6 1 
5 37 8 4 
1 48 4 1 
1 13 31 7 1 1 
2 40 7 1 3 1 
3 38 9 3 1 
51 1 2 
5 17 15 15 2 
44 2 8 
3 44 7 
14 2 28 2 6 2 
1 3 39 5 3 3 
15 9 6 1 5 6 5 1 3 2 1 
1 47 2 3 1 
2 47 5 
1 20 7 9 16 1 
12 11 31 
1 26 27 
26 25 2 1 
11 5 17 5 8 8 
21 29 3 1 
1 15 32 6 
1 37 6 10 
2 7 24 4 12 2 1 2 
1 42 4 1 5 1 
1 46 5 1 1 
3 23 10 10 4 1 1 1 1 
11 31 10 1 1 
20 9 5 20 
1 30 9 5 9 
2 50 1 1 
20 13 12 6 2 1 
1 51 1 1 
1 10 5 13 8 7 7 1 1 1 
3 16 26 2 7 
1 50 3 
2 19 30 1 1 1 
54 
1 32 21 
41 5 4 4 
51 2 1 
3 45 6 
31 11 12 
1 17 18 8 9 1 
4 31 3 1 14 1 
2 26 9 17 
1 41 4 1 5 2 
6 30 18 
3 34 17 
1 53 
1 6 18 10 2 1 4 5 7 
1 45 8 
1 12 41 
33 1 20 
1 4 33 5 1 8 1 1 
2 47 3 1 1 
3 38 11 1 1 
1 4 31 17 1 
15 38 1 
1 7 46 
32 15 2 1 3 1 
7 47 
2 23 4 25 
17 1 15 10 11 
10 37 3 1 2 1 
4 2 11 1 34 1 1 
1 21 19 1 9 2 1 
2 19 9 13 2 1 5 1 1 1 
54 
3 26 11 4 4 6 
3 26 25 
1 41 4 1 1 1 2 1 2 
2 30 5 15 1 1 
36 11 3 3 1 
1 36 13 2 1 1 
8 18 28 
1 5 22 8 7 5 2 2 2 
19 25 5 4 1 
1 41 3 5 1 2 1 
1 15 38 
48 5 1 
2 41 11 
19 20 15 
1 42 6 2 2 1 
6 40 2 2 4 
1 15 37 1 
2 21 19 4 3 5 
39 14 1 
11 8 30 1 1 1 2 
6 12 36 
5 41 8 
1 48 5 
2 34 5 5 5 2 1 
28 3 3 8 6 5 1 
1 40 3 6 1 2 1 
11 22 21 
3 25 12 10 3 1 
34 12 8 
54 
1 41 4 2 2 3 1 
46 5 2 1 
1 5 30 10 3 4 1 
1 15 37 1 
1 3 1 38 7 3 1 
4 45 3 1 1 
1 42 6 3 1 1 
10 39 1 3 1 
53 1 
1 48 2 2 1 
1 15 23 13 1 1 
4 35 12 2 1 
3 13 24 7 4 3 
35 10 8 1 
1 8 27 10 8 
26 26 2 
21 17 6 1 5 2 2 
1 7 36 2 4 3 1 
1 47 2 3 1 
3 47 4 
1 2 5 11 9 13 5 7 1 
1 45 7 1 
1 7 34 1 5 4 2 
1 50 3 
3 33 5 1 4 4 2 1 1 
6 3 15 26 2 2 
2 3 8 41 
4 12 34 1 3 
6 22 8 4 1 5 4 3 1 
41 2 6 1 2 1 1 
1 42 4 5 1 1 
8 44 2 
14 21 11 3 5 
13 5 29 7 
1 22 31 
54 
1 39 6 2 4 2 
1 21 27 1 1 1 2 
2 29 9 6 3 4 1 
7 7 5 11 16 3 3 2 
3 16 7 20 7 1 
7 36 7 3 1 
3 16 21 3 10 1 
20 34 
2 14 38 
1 11 15 13 14 
6 27 13 3 2 3 
38 5 10 1 
1 52 1 
1 7 15 1 8 19 3 
1 46 7 
6 33 10 4 1 
4 17 30 2 1 
3 6 10 33 1 1 
1 1 46 2 3 1 
6 3 32 10 3 
11 18 1 16 4 4 
1 3 9 33 5 3 
3 11 29 2 3 2 3 1 
1 10 38 5 
1 8 5 11 4 6 9 7 1 2 
3 22 11 14 1 3 
1 2 47 4 
1 43 3 7 
9 28 17 
1 26 16 2 3 5 1 
1 53 
15 17 16 5 1 
1 27 18 1 7 
1 15 17 11 2 1 2 5 
32 19 3 
6 27 13 2 4 2 
2 30 12 10 
1 8 21 8 8 8 
6 22 13 11 1 1 
1 41 5 3 1 3 
9 42 3 
3 20 28 3 
16 5 5 2 10 4 2 6 4 
1 10 43 
1 23 7 14 2 3 2 2 
13 38 3 
3 33 17 1 
22 21 11 
1 42 1 10 
3 19 18 3 5 1 1 3 1 
23 13 4 5 3 3 2 1 
2 38 2 9 2 1 
19 2 33 
13 30 4 1 5 1 
1 9 44 
3 28 19 4 
10 34 2 1 2 1 1 2 1 
10 11 33 
3 6 26 19 
52 2 
14 18 9 7 5 1 
10 13 28 2 1 
2 48 4 
3 13 32 3 1 1 1 
54 
4 29 12 7 1 1 
6 35 10 2 1 
3 36 5 2 3 4 1 
1 20 13 2 18 
3 51 
1 38 1 14 
1 25 27 1 
3 14 15 10 8 3 1 
1 22 31 
11 9 28 5 1 
6 38 1 1 5 1 1 1 
2 21 31 
15 36 3 
16 12 15 11 
26 1 10 8 2 2 3 2 
1 4 27 20 2 
2 8 5 4 1 6 18 8 2 
3 51 
1 27 8 9 9 
6 37 3 4 4 
6 32 16 
1 2 39 1 1 8 2 
3 25 26 
3 16 30 4 1 
32 13 8 1 
1 6 32 3 12 
5 4 33 11 1 
2 20 8 20 3 1 
2 43 4 3 1 1 
23 16 15 
2 34 1 3 10 2 1 1 
20 18 15 1 
1 35 12 2 3 1 
53 1 
1 14 20 2 7 7 3 
32 7 10 5 
2 26 20 1 1 4 
2 35 8 1 1 1 6 
3 37 6 5 1 1 1 
25 26 3 
31 2 5 1 14 1 
8 37 9 
1 42 11 
1 29 20 2 2 
18 35 1 
3 41 2 6 2 
13 9 3 23 6 
36 12 1 1 1 1 1 1 
2 12 27 12 1 
2 8 21 1 10 9 3 
1 38 2 12 1 
1 33 20 
3 4 47 
3 26 7 5 12 1 
1 23 24 4 1 1 
1 37 3 13 
1 46 5 2 
2 27 19 6 
20 16 18 
12 32 9 1 
1 24 7 22 
1 19 26 4 1 1 2 
1 45 5 2 1 
1 8 30 10 4 1 
9 43 2 
1 50 2 1 
10 17 25 2 
5 43 1 1 2 2 
1 47 3 3 
6 16 24 1 2 1 2 2 
2 42 10 
3 29 16 6 
3 35 5 4 2 3 1 1 
1 14 9 26 1 1 2 
3 5 24 11 9 1 1 
1 42 1 2 3 2 1 2 
4 27 17 6 
43 4 7 
4 27 4 8 8 2 1 
3 41 8 2 
1 6 40 1 2 2 1 1 
2 12 19 18 3 
3 34 17 
5 38 9 2 
1 12 28 8 2 3 
1 33 1 6 8 3 1 1 
1 41 12 
10 42 2 
1 25 2 6 6 14 
1 6 32 13 1 1 
5 20 4 10 13 1 1 
1 6 33 14 
3 3 25 9 4 2 1 7 
1 3 48 1 1 
1 12 26 14 1 
3 40 11 
1 30 23 
17 32 5 
4 11 28 7 2 1 1 
1 42 10 1 
1 23 22 2 5 1 
21 10 16 4 3 
14 23 3 7 5 2 
1 53 
11 35 8 
1 6 6 38 3 
41 11 1 1 
1 31 14 4 4 
1 8 40 4 1 
4 50 
2 22 27 1 2 
1 50 1 1 1 
6 5 15 23 5 
1 17 1 17 2 11 1 4 
5 15 5 4 13 2 5 3 1 1 
4 31 10 7 2 
1 10 32 6 3 2 
19 15 20 
3 12 5 7 23 3 1 
32 16 6 
54 
1 40 2 9 2 
9 39 5 1 
14 21 15 4 
1 24 23 6 
1 35 7 3 5 3 
1 45 3 2 2 1 
1 48 3 2 
2 40 9 1 1 1 
2 40 3 6 2 1 
2 35 15 2 
29 17 6 2 
2 15 15 19 3 
16 4 18 7 7 2 
12 8 6 26 1 1 
1 11 10 31 1 
7 32 9 4 2 
45 5 4 
1 33 11 4 2 2 1 
1 30 18 5 
1 17 9 6 3 6 10 2 
6 6 37 5 
2 16 35 1 
1 37 2 9 4 1 
9 34 7 2 2 
6 11 19 14 4 
1 32 6 8 7 
1 21 5 22 4 1 
1 49 1 3 
4 19 3 16 9 1 1 1 
12 28 7 4 2 1 
2 35 3 9 1 4 
2 3 1 34 3 7 4 
4 35 10 5 
9 19 2 6 7 6 3 1 1 
6 1 6 14 20 5 1 1 
2 39 10 2 1 
5 37 7 3 2 
5 38 7 4 
1 22 11 11 9 
19 7 22 5 1 
3 32 2 6 1 4 6 
1 50 3 
11 21 22 
8 36 10 
10 30 13 1 
25 28 1 
1 43 2 6 1 1 
9 6 2 10 22 4 1 
43 2 3 1 3 2 
2 17 27 4 4 
2 34 17 1 
6 5 37 5 1 
1 51 2 
1 44 7 1 1 
28 23 1 2 
1 36 9 6 2 
2 22 14 1 9 2 4 
10 34 9 1 
2 46 5 1 
3 1 23 23 2 2 
1 39 6 1 5 1 1 
1 11 17 5 15 2 1 1 1 
1 22 27 4 
1 29 12 3 1 4 3 1 
1 19 34 
7 41 6 
1 48 5 
5 39 10 
1 43 3 3 2 1 1 
3 3 22 8 8 1 6 1 2 
1 53 
4 49 1 
1 48 2 1 1 1 
1 35 4 9 1 4 
3 5 43 3 
9 19 4 16 6 
8 1 2 18 23 2 
2 41 10 1 
22 14 6 6 6 
1 32 11 4 4 1 1 
1 1 25 21 5 1 
17 17 18 2 
1 14 12 13 14 
3 7 9 19 14 1 1 
3 12 15 23 1 
33 10 2 9 
44 7 3 
3 48 1 1 1 
42 7 5 
5 41 8 
1 25 10 11 1 4 1 1 
1 19 30 4 
1 12 2 12 21 1 1 1 1 2 
2 11 27 8 1 5 
1 9 1 31 1 10 1 
1 5 14 5 14 10 2 2 1 
2 4 37 3 8 
19 5 12 17 1 
20 25 3 6 
1 13 22 5 2 8 1 1 1 
6 43 3 2 
2 33 8 8 2 1 
1 14 28 9 1 1 
4 22 28 
2 3 39 1 4 4 1 
27 27 
35 11 8 
5 18 22 6 1 1 1 
23 20 2 1 1 2 1 4 
1 33 18 2 
8 5 23 10 6 1 1 
1 17 15 18 2 1 
1 45 6 1 1 
3 18 14 10 3 4 1 1 
1 19 34 
1 18 9 8 11 1 2 4 
1 11 25 11 1 1 4 
5 28 9 4 4 4 
1 12 41 
7 18 23 6 
2 20 12 9 11 
2 30 11 9 2 
1 8 2 7 2 1 4 4 15 1 3 3 2 1 
1 30 4 2 3 5 5 1 1 1 1 
8 43 2 1 
1 20 7 4 15 6 1 
9 44 1 
1 1 47 3 1 1 
1 26 15 3 5 1 2 1 
1 29 19 3 2 
1 1 38 8 1 1 2 1 1 
1 32 6 2 5 8 
1 11 17 8 3 9 2 2 1 
6 48 
5 44 2 2 1 
5 16 28 4 1 
25 14 12 3 
1 6 12 3 12 11 1 3 1 4 
1 50 1 2 
2 44 8 
2 43 4 1 1 2 1 
19 14 13 2 3 2 1 
6 14 8 25 1 
1 27 14 5 7 
52 2 
4 35 1 2 6 6 
4 22 16 6 6 
2 22 25 3 1 1 
2 51 1 
15 13 26 
4 14 1 12 13 10 
19 11 1 9 2 9 3 
2 22 17 12 1 
1 16 7 13 15 1 1 
4 46 3 1 
3 44 1 6 
1 31 17 5 
5 40 2 5 2 
4 45 5 
54 
1 46 6 1 
53 1 
2 35 4 10 3 
32 12 8 2 
1 39 8 4 1 1 
6 4 5 34 5 
1 9 5 28 3 8 
2 7 36 7 2 
1 9 27 4 11 1 1 
3 14 6 13 16 1 1 
8 34 6 4 2 
8 35 11 
10 39 3 1 1 
19 19 7 4 3 2 
2 49 3 
1 20 28 2 3 
1 27 14 8 1 3 
1 19 16 18 
6 32 10 1 2 1 1 1 
17 36 1 
1 33 19 1 
16 11 4 7 14 2 
2 16 11 6 2 17 
1 32 19 1 1 
1 44 6 1 1 1 
54 
50 2 2 
1 11 32 4 6 
12 18 23 1 
1 7 11 22 5 2 6 
1 9 21 7 9 7 
29 14 7 3 1 
5 45 4 
2 1 23 18 3 6 1 
3 40 7 3 1 
1 28 4 7 3 3 5 1 1 1 
54 
2 29 13 2 8 
6 42 4 2 
4 42 2 3 1 1 1 
8 19 8 14 2 3 
1 33 17 2 1 
3 43 5 2 1 
4 6 37 2 5 
2 29 10 2 5 4 2 
3 26 23 2 
4 49 1 
4 45 2 1 2 
1 15 2 33 2 1 
4 50 
1 35 3 10 4 1 
2 25 27 
3 20 24 6 1 
1 41 8 3 1 
7 10 3 7 2 7 17 1 
1 10 6 11 24 1 1 
2 30 18 3 1 
1 12 6 5 6 9 8 3 1 1 2 
51 1 2 
54 
53 1 
1 45 1 1 2 3 1 
1 36 4 7 6 
43 9 2 
20 23 3 6 1 1 
2 37 4 9 2 
1 30 12 1 4 4 1 1 
2 46 4 1 1 
1 2 29 11 9 1 1 
2 1 24 9 14 2 1 1 
3 36 10 3 2 
2 21 3 18 9 1 
48 5 1 
2 11 37 2 1 1 
1 14 19 17 3 
4 13 2 9 6 4 1 7 6 1 1 
1 37 9 6 1 
4 46 1 1 1 1 
42 3 9 
12 4 23 11 1 1 2 
3 14 17 1 1 3 15 
29 17 8 
2 4 48 
4 43 3 3 1 
1 52 1 
1 49 3 1 
1 40 11 1 1 
2 15 4 10 15 2 6 
1 27 10 5 2 4 2 3 
29 9 7 3 1 3 1 1 
4 7 3 19 20 1 
2 29 23 
51 3 
36 12 6 
1 32 21 
1 10 9 18 15 1 
6 28 18 2 
1 15 38 
10 7 10 14 13 
1 9 15 11 13 1 2 1 1 
40 1 11 2 
1 29 23 1 
12 42 
22 3 1 7 6 1 5 3 4 2 
9 1 26 11 6 1 
53 1 
54 
2 49 1 1 1 
1 2 20 12 19 
3 2 7 3 8 2 12 2 1 1 2 3 5 1 2 
1 22 25 5 1 
1 34 14 4 1 
8 25 6 5 10 
15 3 36 
14 17 8 13 1 1 
2 5 45 1 1 
1 42 2 5 1 1 2 
15 9 29 1 
1 51 2 
3 1 37 4 1 2 2 2 2 
4 44 4 2 
13 40 1 
3 46 1 4 
2 16 26 10 
38 11 5 
1 34 18 1 
1 25 6 8 3 2 2 5 1 1 
1 15 8 30 
3 15 20 16 
1 36 4 4 8 1 
2 8 39 5 
8 27 8 9 2 
14 2 27 5 3 2 1 
2 40 7 1 2 1 1 
1 11 24 16 2 
1 47 3 2 1 
1 53 
1 11 34 5 2 1 
1 49 3 1 
1 46 5 1 1 
33 20 1 
24 3 1 5 20 1 
1 43 6 4 
1 10 13 12 10 6 2 
2 30 5 8 2 7 
15 4 7 8 3 4 5 6 2 
4 33 3 2 2 7 3 
1 12 34 1 1 1 1 3 
1 2 18 33 
41 4 1 8 
1 37 11 5 
1 7 28 12 4 1 1 
2 25 18 6 3 
13 6 16 7 11 1 
1 10 32 1 6 3 1 
3 22 8 19 2 
1 34 14 1 1 3 
2 39 2 7 3 1 
2 21 9 1 11 8 2 
2 4 39 2 5 2 
2 15 16 14 1 4 1 1 
1 43 7 3 
6 40 8 
1 8 40 2 1 1 1 
1 48 5 
2 7 14 23 8 
2 49 2 1 
1 23 18 1 9 1 1 
5 33 16 
2 26 25 1 
2 43 1 6 1 1 
2 24 5 15 8 
4 48 2 
3 49 2 
1 48 1 3 1 
1 32 21 
4 50 
1 51 2 
3 27 21 3 
4 40 5 5 
5 33 12 1 3 
4 8 32 8 1 1 
1 52 1 
9 12 5 16 8 2 1 1 
44 5 5 
50 4 
4 29 12 5 1 1 2 
3 9 31 3 5 2 1 
54 
14 30 10 
3 42 8 1 
1 33 20 
16 36 2 
1 13 13 17 9 1 
1 52 1 
9 5 13 19 5 1 1 1 
3 7 11 2 15 8 4 1 3 
2 15 25 4 1 7 
2 17 32 2 1 
1 12 17 15 8 1 
1 44 9 
54 
16 16 10 6 1 1 1 2 1 
3 34 9 3 5 
5 14 7 7 17 4 
28 15 4 4 1 1 1 
1 44 7 1 1 
1 6 24 17 4 2 
2 42 10 
8 13 10 12 3 3 3 1 1 
1 24 8 11 8 2 
53 1 
3 4 25 17 4 1 
21 10 6 15 2 
52 2 
1 18 16 19 
1 4 31 13 1 2 1 1 
2 49 3 
1 25 28 
49 1 4 
3 31 15 1 4 
12 12 17 12 1 
1 13 1 23 13 3 
49 3 2 
2 42 7 2 1 
41 3 6 2 1 1 
54 
3 26 2 20 1 1 1 
1 29 23 1 
6 38 6 1 3 
1 17 31 5 
12 41 1 
1 21 11 20 1 
25 26 2 1 
4 34 4 1 10 1 
1 53 
1 50 3 
3 36 15 
6 43 5 
1 4 2 12 11 10 14 
2 39 5 2 4 2 
1 8 40 4 1 
4 35 15 
3 29 16 2 1 2 1 
3 11 13 17 7 3 
7 18 13 5 8 2 1 
1 42 5 1 4 1 
1 6 15 4 18 9 1 
1 14 27 7 3 2 
1 49 2 1 1 
2 36 16 
1 53 
2 3 19 6 4 12 8 
1 26 23 3 1 
2 20 29 1 1 1 
1 12 9 21 7 2 2 
1 31 13 1 3 5 
19 25 10 
2 37 15 
3 16 6 28 1 
3 19 18 1 11 2 
2 2 33 3 3 8 2 1 
1 42 10 1 
1 14 16 19 1 3 
27 4 12 10 1 
2 34 18 
1 15 35 3 
1 51 1 1 
4 35 1 6 7 1 
2 23 9 18 2 
3 15 26 9 1 
29 25 
1 47 5 1 
1 17 31 1 2 1 1 
4 2 35 11 2 
21 4 18 10 1 
3 38 9 1 2 1 
40 9 5 
50 1 1 2 
2 30 14 7 1 
1 39 2 11 1 
14 28 10 1 1 
1 41 12 
3 29 20 2 
44 9 1 
51 3 
51 3 
42 6 6 
1 35 18 
2 29 4 1 2 15 1 
12 30 8 4 
15 10 12 11 1 1 1 3 
1 6 4 19 11 1 2 4 6 
16 1 9 11 17 
1 37 10 1 5 
2 11 40 1 
2 4 20 14 9 2 2 1 
12 11 17 1 3 5 4 1 
14 3 1 24 3 8 1 
4 21 4 16 2 3 4 
5 23 14 11 1 
1 9 44 
2 26 9 10 5 1 1 
53 1 
1 13 40 
1 25 27 1 
1 46 7 
1 7 13 23 2 1 1 1 2 2 1 
1 48 4 1 
1 33 3 2 6 5 3 1 
1 41 5 4 2 1 
2 36 16 
6 41 2 2 1 1 1 
1 47 6 
2 44 8 
1 48 2 3 
1 50 2 1 
32 1 16 4 1 
2 24 12 7 9 
1 19 7 21 2 1 2 1 
1 7 37 9 
54 
1 36 11 2 3 1 
1 18 10 9 15 1 
1 44 6 3 
17 27 5 5 
11 19 12 2 10 
1 8 32 4 4 2 1 2 
1 8 22 4 2 10 3 4 
2 16 15 19 2 
1 28 1 6 4 14 
5 29 16 1 3 
2 6 35 7 1 3 
6 47 1 
1 27 20 4 2 
1 49 4 
2 18 15 16 3 
3 19 1 30 1 
1 39 13 1 
1 51 1 1 
2 51 1 
27 27 
30 5 16 1 1 1 
1 40 13 
5 35 13 1 
1 26 20 3 1 1 2 
1 19 16 15 3 
1 31 1 1 18 1 1 
1 18 25 9 1 
1 43 5 5 
2 2 45 3 2 
1 25 28 
2 50 2 
1 34 19 
2 42 10 
1 15 35 1 2 
4 36 4 5 1 4 
1 3 11 4 27 1 3 3 1 
54 
1 16 37 
1 13 14 6 6 12 2 
2 26 20 1 3 2 
43 9 1 1 
18 35 1 
1 14 39 
25 11 2 3 12 1 
5 44 4 1 
4 18 25 5 2 
1 7 42 2 2 
11 21 6 1 13 2 
4 13 22 3 8 2 2 
14 4 14 6 9 2 2 2 1 
2 50 1 1 
2 12 18 10 3 2 1 1 1 3 1 
54 
1 44 6 2 1 
5 38 11 
3 30 4 3 5 9 
2 12 28 11 1 
27 12 15 
4 49 1 
27 3 12 5 2 4 1 
8 20 26 
5 11 17 16 2 2 1 
1 30 23 
1 41 11 1 
2 16 15 14 7 
9 43 1 1 
2 51 1 
5 24 8 10 6 1 
9 12 26 3 2 2 
16 18 12 6 2 
1 22 9 18 1 2 1 
1 24 25 3 1 
1 27 24 1 1 
1 42 6 3 2 
1 41 1 11 
4 14 27 2 1 3 3 
1 15 33 2 3 
3 25 16 9 1 
1 40 12 1 
10 1 25 8 8 1 1 
1 40 2 3 2 6 
7 44 2 1 
15 37 1 1 
1 48 2 3 
7 20 3 3 19 1 1 
54 
3 47 2 1 1 
12 39 1 2 
1 38 13 1 1 
1 51 2 
1 37 6 9 1 
18 12 21 3 
1 52 1 
2 27 17 4 4 
2 31 15 5 1 
25 8 13 4 4 
2 45 3 4 
18 29 3 4 
4 24 16 8 1 1 
2 35 4 3 3 4 3 
1 44 3 6 
1 15 37 1 
14 26 6 5 1 2 
2 26 8 15 2 1 
1 51 1 1 
9 12 6 21 4 2 
4 9 9 26 6 
8 32 2 12 
12 18 2 17 5 
54 
3 10 6 25 2 8 
4 41 5 4 
2 51 1 
5 19 23 5 2 
5 15 4 5 22 3 
2 25 26 1 
20 6 17 4 5 2 
45 3 6 
2 12 8 19 10 3 
2 46 3 1 2 
1 40 10 2 1 
3 22 18 4 2 3 1 1 
1 21 15 3 13 1 
1 30 7 12 4 
2 5 3 38 5 1 
4 16 23 7 4 
2 47 1 2 2 
54 
10 31 7 4 1 1 
2 21 30 1 
1 11 1 33 3 1 2 1 1 
6 46 2 
25 12 5 4 3 1 3 1 
3 44 7 
10 1 4 15 7 17 
1 6 47 
2 17 35 
5 28 10 7 2 1 1 
4 44 1 3 2 
9 31 14 
2 19 3 24 2 2 1 1 
1 35 8 2 3 2 2 1 
23 24 2 4 1 
2 12 29 2 5 3 1 
50 1 1 1 1 
2 35 15 1 1 
27 23 3 1 
2 16 9 9 2 12 1 1 2 
8 31 8 3 2 1 1 
1 30 18 1 4 
13 15 24 2 
18 12 1 16 1 5 1 
3 45 6 
1 9 7 26 5 6 
1 3 21 20 8 1 
2 3 9 22 2 1 3 9 3 
11 6 22 8 1 1 2 2 1 
7 1 5 9 23 9 
1 17 2 6 4 1 9 12 2 
2 13 33 1 4 1 
1 27 22 2 1 1 
15 5 5 14 6 1 4 4 
1 23 11 3 3 6 4 1 2 
3 28 22 1 
5 20 26 3 
54 
1 11 12 24 1 3 2 
2 44 6 2 
6 15 17 13 2 1 
1 39 14 
2 7 38 6 1 
1 32 17 3 1 
1 8 17 19 8 1 
29 3 15 6 1 
1 31 14 3 5 
1 25 4 15 6 1 1 1 
1 5 21 18 3 3 3 
1 17 36 
9 21 24 
1 5 38 5 5 
9 32 4 6 3 
1 4 21 11 16 1 
22 5 8 8 7 4 
1 22 10 15 5 1 
1 13 31 9 
2 10 8 22 5 6 1 
2 22 10 16 4 
1 47 6 
51 3 
1 21 8 21 3 
1 27 7 17 2 
10 4 28 11 1 
54 
10 44 
2 26 20 4 2 
1 26 14 1 6 3 1 2 
1 16 2 31 1 1 2 
54 
5 49 
2 19 33 
31 5 14 2 1 1 
1 46 2 2 1 1 1 
54 
1 48 1 2 1 1 
51 3 
1 5 26 12 6 4 
2 19 26 5 2 
3 42 7 1 1 
33 4 6 6 2 3 
1 23 23 4 3 
3 14 16 6 15 
18 19 10 5 2 
31 22 1 
2 7 45 
4 26 24 
2 48 3 1 
1 33 2 16 1 1 
8 10 12 5 4 3 12 
1 29 2 20 2 
1 45 3 4 1 
4 27 23 
2 46 6 
1 9 38 2 3 1 
1 27 23 2 1 
4 4 17 16 5 7 1 
1 38 9 4 1 1 
1 12 33 7 1 
1 22 24 5 1 1 
2 36 9 6 1 
48 2 3 1 
5 12 24 7 4 2 
1 36 14 3 
2 27 11 7 1 4 1 1 
22 15 13 4 
1 22 31 
46 7 1 
7 1 41 5 
17 13 8 6 4 2 4 
10 35 2 3 2 1 1 
3 32 1 10 8 
40 12 2 
35 12 7 
14 40 
1 53 
5 1 19 5 2 6 9 6 1 
1 27 16 5 5 
29 24 1 
6 46 2 
1 17 20 7 5 1 1 2 
3 19 32 
3 7 13 19 12 
5 21 27 1 
9 42 1 1 1 
21 20 13 
10 4 13 3 24 
1 32 12 2 7 
1 20 12 15 6 
3 44 7 
1 11 30 10 2 
3 31 10 6 2 2 
5 38 11 
1 34 17 1 1 
54 
15 5 13 9 6 2 3 1 
1 13 17 23 
4 32 12 6 
1 48 3 1 1 
3 45 1 2 2 1 
21 23 10 
52 1 1 
1 7 41 2 1 1 1 
3 42 9 
7 4 43 
1 26 18 6 2 1 
2 52 
1 47 3 1 1 1 
1 31 16 6 
1 16 25 8 3 1 
3 22 9 20 
1 14 39 
4 21 28 1 
1 31 6 15 1 
2 11 26 3 2 9 1 
53 1 
1 10 16 12 2 3 4 6 
1 23 5 13 10 1 1 
1 3 37 2 1 6 2 2 
2 42 10 
54 
1 12 39 1 1 
2 6 36 7 2 1 
1 11 33 6 1 2 
1 21 15 9 7 1 
46 3 2 2 1 
1 47 3 1 2 
6 8 18 3 18 1 
3 49 2 
1 16 32 2 2 1 
7 24 5 6 12 
1 10 27 5 8 2 1 
4 27 23 
1 23 3 8 7 5 3 1 3 
1 40 3 2 4 1 2 1 
1 49 2 1 1 
27 25 1 1 
1 12 20 12 5 2 1 1 
1 26 25 1 1 
4 35 13 1 1 
2 35 14 1 2 
19 15 18 2 
1 17 9 19 2 3 3 
1 5 13 32 2 1 
1 2 15 1 30 1 4 
5 15 6 13 5 1 2 3 1 1 1 1 
2 46 2 4 
20 30 2 1 1 
1 53 
1 22 31 
1 20 29 1 3 
2 2 21 14 9 1 1 1 2 1 
4 31 12 2 4 1 
2 2 33 1 4 10 2 
1 42 2 9 
1 25 25 1 2 
1 33 6 6 5 2 1 
7 23 8 2 8 3 1 1 1 
1 21 18 6 4 2 2 
3 1 39 4 4 2 1 
2 50 1 1 
2 20 27 1 2 1 1 
1 49 3 1 
54 
4 26 13 1 10 
6 34 14 
4 12 6 13 8 6 2 2 1 
10 2 13 28 1 
2 40 1 4 5 1 1 
1 53 
15 27 9 2 1 
20 8 20 3 3 
17 30 7 
12 29 6 2 2 3 
1 7 46 
54 
5 5 16 12 5 5 3 1 2 
8 8 4 2 12 6 11 3 
2 34 12 4 1 1 
2 26 12 3 6 1 2 2 
53 1 
12 42 
2 25 17 6 2 2 
1 21 8 4 1 13 4 1 1 
1 32 6 5 9 1 
2 12 35 3 1 1 
2 22 11 10 9 
1 19 9 6 17 2 
2 20 30 1 1 
1 51 2 
1 25 28 
1 17 7 9 6 7 6 1 
4 26 2 10 7 3 1 1 
1 11 24 16 2 
1 26 13 9 4 1 
7 11 8 7 14 7 
1 28 5 13 7 
1 9 4 9 11 20 
3 31 13 2 4 1 
1 20 16 3 7 6 1 
1 37 11 2 1 1 1 
2 34 2 13 3 
1 5 22 3 15 4 1 3 
17 34 3 
2 40 5 2 1 2 1 1 
5 3 2 15 24 4 1 
52 2 
3 7 32 12 
1 4 20 12 7 1 7 2 
11 28 10 3 2 
1 38 15 
1 4 10 16 6 5 3 4 1 1 1 1 1 
1 49 3 1 
53 1 
6 2 32 9 1 3 1 
2 20 8 14 6 1 2 1 
1 2 15 19 16 1 
41 5 3 3 1 1 
3 51 
3 33 7 8 1 1 1 
16 38 
11 3 18 15 6 1 
14 28 12 
1 31 4 18 
3 15 2 16 4 10 1 3 
2 37 1 6 5 2 1 
4 29 21 
20 11 1 11 11 
23 8 15 7 1 
1 2 5 28 14 3 1 
24 25 5 
5 11 18 5 3 12 
1 15 23 12 2 1 
4 16 16 11 1 6 
4 41 1 1 5 2 
38 2 7 4 2 1 
6 21 27 
50 2 2 
1 18 30 2 3 
1 38 7 8 
1 28 1 10 12 2 
7 31 2 8 4 1 1 
2 34 13 5 
2 8 19 21 4 
6 43 2 3 
