18 2 29 6 
1 45 1 2 4 2 
4 20 28 1 2 
1 28 11 13 2 
1 36 10 2 2 4 
14 8 16 17 
15 40 
2 10 35 2 2 3 1 
3 18 34 
6 33 16 
23 29 1 1 1 
1 11 14 4 5 19 1 
2 39 10 1 1 2 
1 43 11 
27 7 3 7 11 
2 12 4 19 14 3 1 
49 1 4 1 
8 7 18 5 16 1 
1 42 7 3 2 
1 15 2 27 5 4 1 
2 40 4 3 6 
1 18 31 4 1 
19 24 10 2 
1 39 8 4 3 
1 39 15 
1 41 8 4 1 
1 11 35 3 5 
1 3 19 5 11 8 3 2 1 2 
4 27 11 8 3 2 
9 44 1 1 
39 5 11 
17 37 1 
4 34 11 5 1 
4 16 35 
1 24 2 13 7 5 3 
10 7 38 
2 21 32 
2 44 4 3 1 1 
1 21 20 3 4 1 5 
4 44 7 
1 10 25 11 5 1 1 1 
45 10 
3 3 49 
24 16 1 4 3 3 3 1 
1 2 26 23 2 1 
7 1 45 2 
7 17 23 7 1 
1 47 7 
1 3 48 1 2 
1 15 39 
22 21 1 10 1 
23 21 8 3 
1 39 14 1 
1 37 17 
1 23 16 13 2 
6 21 4 9 12 3 
1 30 2 5 10 3 3 1 
1 14 4 36 
16 15 24 
40 13 2 
2 39 2 11 1 
3 22 4 19 5 1 1 
2 51 2 
9 2 20 4 13 3 2 1 1 
1 2 27 6 7 5 4 3 
1 21 26 2 3 1 1 
1 2 40 10 2 
1 25 7 21 1 
1 21 33 
1 48 3 3 
4 34 14 1 2 
4 5 6 15 9 12 4 
8 23 11 2 9 2 
45 6 4 
1 37 6 8 2 1 
1 51 2 1 
33 8 14 
15 17 23 
1 37 2 9 4 2 
49 1 5 
2 23 5 20 1 2 1 1 
1 11 35 2 2 2 2 
1 35 19 
2 44 3 6 
2 15 37 1 
1 26 2 1 7 1 6 10 1 
1 38 8 1 6 1 
1 39 3 10 2 
2 22 12 15 4 
1 44 6 3 1 
44 6 3 2 
1 45 1 8 
11 29 5 9 1 
1 22 13 8 6 4 1 
1 28 8 6 12 
54 1 
1 13 28 10 3 
5 27 23 
1 53 1 
3 16 23 13 
1 41 11 2 
5 39 7 2 2 
33 22 
1 16 16 13 8 1 
5 24 24 2 
28 12 7 1 1 6 
1 50 4 
6 43 1 4 1 
6 25 8 5 2 4 2 1 1 1 
1 41 8 3 2 
4 3 20 14 8 5 1 
50 3 1 1 
1 15 29 7 3 
1 48 6 
3 36 15 1 
4 34 3 3 9 1 1 
1 24 14 15 1 
6 37 12 
2 47 6 
38 2 12 2 1 
8 34 12 1 
3 37 5 2 3 1 3 1 
1 9 29 1 15 
1 5 22 20 6 1 
5 7 2 22 19 
7 21 15 4 8 
5 24 5 16 5 
15 17 11 11 1 
1 31 8 13 1 1 
1 18 14 3 18 1 
1 14 35 5 
2 14 39 
5 28 3 10 2 7 
2 25 23 1 3 1 
1 19 35 
30 13 2 1 1 2 1 4 1 
6 34 2 13 
1 12 26 11 2 3 
5 37 11 2 
3 9 22 17 4 
2 11 42 
8 9 9 25 4 
1 29 4 3 16 1 1 
50 4 1 
2 5 5 4 14 25 
3 16 24 2 3 7 
2 1 38 7 7 
4 7 18 1 1 11 2 11 
2 24 29 
7 37 7 4 
27 27 1 
2 9 28 10 4 1 1 
1 4 45 2 3 
2 8 39 6 
1 1 31 11 7 2 2 
1 10 28 8 6 1 1 
6 11 15 12 1 6 2 1 1 
4 31 12 6 2 
5 1 16 14 12 5 2 
24 30 1 
2 41 6 4 1 1 
21 22 8 3 1 
3 6 28 5 13 
1 54 
55 
1 30 20 2 2 
3 40 1 6 2 2 1 
1 1 22 19 5 2 1 1 3 
1 34 5 8 2 5 
2 16 32 5 
6 39 7 2 1 
2 35 6 3 3 2 4 
1 31 12 9 1 1 
1 44 9 1 
1 18 2 4 7 7 9 5 1 1 
1 9 28 4 9 3 1 
54 1 
2 1 35 4 10 2 1 
1 34 20 
5 47 3 
3 50 1 1 
8 34 2 8 1 1 1 
6 10 14 20 3 2 
1 24 16 3 11 
2 50 3 
1 1 20 16 17 
1 10 11 16 15 1 1 
4 12 21 13 4 1 
48 4 1 2 
3 22 13 15 2 
3 49 1 1 1 
18 19 18 
3 51 1 
1 41 11 1 1 
1 54 
1 23 2 7 13 6 1 1 1 
2 18 31 1 3 
1 49 1 3 1 
6 10 3 34 1 1 
4 16 5 1 22 5 1 1 
10 11 33 1 
3 24 27 1 
1 50 2 1 1 
1 37 16 1 
1 4 22 8 9 1 8 1 1 
55 
1 13 18 19 1 1 2 
28 20 7 
6 18 23 6 1 1 
3 44 6 1 1 
5 43 3 1 1 1 1 
5 1 2 4 12 3 13 4 1 5 1 3 1 
1 9 45 
16 33 3 2 1 
2 22 29 2 
33 8 12 1 1 
12 14 9 6 12 2 
55 
1 41 1 1 7 1 2 1 
20 16 11 5 1 2 
7 37 2 6 3 
3 30 5 14 3 
1 34 15 2 1 2 
1 45 7 1 1 
1 22 4 3 21 3 1 
1 39 7 8 
33 16 1 3 2 
28 10 2 9 4 1 1 
8 40 1 5 1 
1 48 1 2 3 
1 50 1 1 2 
1 29 2 12 8 2 1 
2 9 8 20 13 3 
15 22 8 5 2 1 1 1 
5 11 13 6 2 10 5 1 1 1 
4 6 38 2 1 2 1 1 
1 30 24 
1 24 14 7 1 4 1 1 2 
6 12 14 19 2 2 
1 4 15 19 13 3 
7 21 25 1 1 
14 39 2 
1 40 13 1 
4 14 6 12 5 5 7 1 1 
1 23 31 
1 48 2 1 2 1 
3 46 6 
1 15 31 2 6 
1 43 7 2 2 
3 14 2 28 1 7 
43 6 6 
5 23 27 
12 28 13 2 
5 45 3 2 
4 1 28 4 13 1 1 1 1 1 
53 2 
33 17 2 2 1 
1 47 5 2 
1 19 24 10 1 
1 7 22 6 6 4 9 
11 17 15 8 3 1 
4 47 4 
1 16 13 14 5 4 2 
53 1 1 
43 10 2 
3 34 15 2 1 
29 7 14 2 2 1 
1 18 16 7 13 
13 11 20 10 1 
31 16 6 2 
1 31 15 4 1 1 1 1 
3 23 3 9 13 4 
3 45 3 4 
2 52 1 
2 32 5 13 3 
8 3 10 23 8 3 
15 16 3 8 6 1 4 1 1 
25 24 2 2 2 
2 16 15 1 7 10 3 1 
2 14 8 15 16 
1 18 2 22 1 1 2 7 1 
4 38 9 2 1 1 
1 31 15 2 6 
2 53 
27 20 8 
2 27 24 2 
1 26 15 9 2 1 1 
1 48 1 1 3 1 
2 46 3 3 1 
30 25 
2 29 8 6 2 1 6 1 
1 2 6 16 15 5 6 3 1 
11 38 1 3 1 1 
1 51 1 1 1 
1 33 21 
1 13 6 5 25 3 2 
1 45 6 2 1 
54 1 
4 2 31 15 2 1 
2 1 12 32 6 2 
5 5 17 22 5 1 
2 32 1 15 2 1 2 
3 20 2 23 3 1 2 1 
5 43 4 3 
4 50 1 
29 8 11 3 3 1 
2 21 12 6 4 4 4 2 
4 3 30 8 1 2 2 5 
1 24 14 11 2 2 1 
52 1 1 1 
1 33 13 7 1 
2 17 15 19 1 1 
16 29 2 2 3 1 1 1 
15 17 16 1 4 1 1 
49 2 4 
1 52 1 1 
3 48 4 
2 46 4 1 1 1 
4 15 23 9 2 1 1 
2 28 20 3 1 1 
1 54 
3 50 2 
1 46 7 1 
3 11 26 9 1 4 1 
46 6 1 1 1 
9 23 8 13 1 1 
2 53 
16 25 14 
3 8 8 33 3 
9 31 15 
1 52 1 1 
2 52 1 
2 7 31 15 
1 33 9 6 5 1 
28 19 4 3 1 
4 18 9 7 15 1 1 
12 15 20 7 1 
17 5 31 1 1 
1 34 5 13 1 1 
1 41 8 4 1 
4 27 14 9 1 
3 42 5 1 1 1 2 
8 39 8 
1 13 25 10 2 1 2 1 
51 2 2 
54 1 
3 32 16 4 
1 28 11 10 5 
1 36 7 10 1 
7 36 7 5 
1 4 9 6 33 1 1 
42 4 6 2 1 
1 17 15 22 
9 25 20 1 
4 9 40 2 
7 3 12 21 6 4 2 
1 20 25 9 
2 32 12 2 4 2 1 
3 41 3 5 2 1 
10 1 24 12 7 1 
6 12 7 10 14 2 4 
1 8 27 6 12 1 
2 29 20 2 2 
17 16 17 4 1 
5 20 1 1 19 8 1 
2 46 1 5 1 
55 
1 46 1 4 2 1 
3 49 2 1 
1 16 29 8 1 
9 13 3 30 
3 32 4 5 3 7 1 
2 21 31 1 
3 32 6 1 4 3 6 
55 
34 6 5 4 5 1 
3 13 34 4 1 
1 1 12 14 24 3 
1 13 33 2 6 
1 32 22 
16 37 2 
1 4 33 6 8 1 1 1 
9 40 1 2 1 2 
1 10 34 4 3 2 1 
6 41 8 
1 27 8 8 11 
16 8 1 27 1 2 
1 50 2 2 
5 43 5 1 1 
18 25 2 10 
1 9 9 14 4 1 4 7 1 3 1 1 
29 10 6 4 3 1 2 
1 22 21 10 1 
23 32 
38 4 5 4 1 1 1 1 
11 21 19 4 
16 13 11 1 6 4 4 
38 10 6 1 
1 22 7 11 3 2 5 1 1 1 1 
28 18 7 2 
8 12 7 17 11 
6 37 3 9 
7 31 14 2 1 
1 41 13 
1 21 7 14 6 2 2 1 1 
2 53 
3 23 8 1 16 3 1 
2 53 
52 3 
4 37 8 2 3 1 
1 32 6 5 2 4 2 3 
2 32 21 
8 8 2 6 9 20 1 1 
2 10 40 3 
2 2 16 8 8 2 2 13 2 
4 7 5 38 1 
3 31 13 6 2 
1 28 26 
4 2 12 15 8 10 4 
2 6 23 23 1 
2 21 9 13 2 2 1 2 1 1 1 
1 2 30 3 8 10 1 
2 16 36 1 
5 36 5 5 4 
51 4 
1 10 42 2 
1 13 24 4 8 1 2 1 1 
5 7 27 14 2 
1 47 2 3 1 1 
36 8 7 4 
1 17 36 1 
1 43 2 9 
6 33 12 1 2 1 
47 1 3 1 1 1 1 
3 30 8 10 2 2 
1 25 9 9 2 3 2 1 1 2 
19 12 5 16 1 1 1 
1 48 1 5 
1 40 14 
2 23 16 9 3 2 
2 28 17 6 2 
8 42 3 2 
2 43 5 2 1 2 
1 7 27 8 4 8 
5 6 20 15 4 4 1 
1 20 32 1 1 
5 28 18 2 1 1 
3 11 3 14 11 3 5 5 
6 31 7 5 4 1 1 
31 3 13 2 2 3 1 
1 16 22 15 1 
3 2 50 
1 4 48 1 1 
23 2 24 4 2 
1 45 4 5 
3 42 5 1 1 3 
13 26 11 4 1 
3 4 35 12 1 
1 19 27 3 1 1 1 2 
1 15 5 2 28 4 
48 3 3 1 
4 33 16 2 
3 41 11 
3 4 21 14 13 
43 2 10 
1 35 19 
33 8 1 1 5 7 
1 26 25 3 
1 17 21 10 1 3 2 
1 15 2 6 7 15 9 
16 19 12 3 5 
1 36 3 1 9 2 1 2 
1 53 1 
5 45 2 3 
2 42 11 
5 30 20 
1 19 8 2 21 2 1 1 
1 52 1 1 
1 18 9 16 10 1 
6 13 10 22 1 3 
19 16 11 5 4 
3 42 7 3 
3 47 5 
26 1 20 3 4 1 
1 2 17 11 4 1 8 2 1 6 1 1 
40 5 5 4 1 
6 4 16 2 8 14 2 2 1 
1 37 9 4 1 2 1 
27 20 4 1 1 1 1 
1 22 23 3 3 1 2 
14 18 12 2 6 1 2 
4 12 8 20 3 8 
54 1 
1 46 6 2 
1 48 6 
37 3 4 3 6 1 1 
4 21 12 2 13 1 2 
5 8 32 9 1 
5 5 20 12 2 3 6 2 
53 2 
6 13 4 22 7 3 
1 45 7 2 
17 34 2 1 1 
1 2 5 8 17 9 6 3 3 1 
10 35 5 1 3 1 
3 9 8 10 20 2 2 1 
4 8 2 33 3 4 1 
1 3 51 
36 12 1 2 3 1 
1 52 2 
1 9 28 11 4 2 
4 1 7 4 29 7 2 1 
6 11 1 2 8 5 5 17 
1 48 1 1 4 
2 8 1 32 2 8 2 
28 24 2 1 
2 44 3 5 1 
2 36 11 2 3 1 
30 16 2 7 
3 52 
5 43 5 1 1 
3 34 17 1 
1 40 9 5 
4 5 4 37 1 1 2 1 
36 17 2 
2 48 4 1 
1 8 40 6 
35 4 7 7 2 
1 46 4 4 
1 32 11 8 3 
29 20 6 
2 1 9 29 3 4 7 
7 45 2 1 
1 34 20 
2 28 9 2 1 7 3 2 1 
2 33 7 10 3 
1 3 16 11 4 3 6 11 
31 19 2 3 
51 2 2 
20 25 5 3 2 
4 28 22 1 
2 8 26 15 4 
53 2 
3 5 3 13 6 16 5 3 1 
1 32 10 10 2 
1 29 3 14 8 
9 38 5 3 
4 30 20 1 
1 20 24 9 1 
6 33 1 13 2 
1 53 1 
17 35 1 2 
6 28 18 3 
2 53 
41 13 1 
14 35 3 2 1 
6 7 9 2 17 6 7 1 
5 42 1 2 3 1 1 
1 6 2 15 25 6 
1 38 6 4 1 2 1 1 1 
9 31 11 3 1 
18 18 10 4 5 
2 16 14 16 7 
3 28 7 6 6 5 
1 21 23 3 6 1 
1 37 17 
14 6 4 5 5 16 5 
1 33 4 1 15 1 
1 8 26 6 4 9 1 
1 6 47 1 
3 46 3 2 1 
23 10 4 18 
55 
2 8 37 6 2 
2 6 37 2 6 2 
1 29 25 
2 7 26 7 4 6 1 1 1 
5 36 3 11 
15 29 5 3 3 
3 45 5 1 1 
33 2 3 8 8 1 
2 45 4 4 
3 14 32 3 3 
36 5 10 1 2 1 
1 23 30 1 
2 33 3 8 4 2 2 1 
1 27 18 7 1 1 
1 13 15 21 4 1 
2 43 10 
1 37 10 6 1 
1 39 15 
2 31 22 
17 22 16 
13 17 3 5 1 3 8 1 4 
1 30 16 2 4 1 1 
7 7 41 
3 27 13 8 4 
1 40 4 4 6 
1 6 34 3 3 1 3 4 
17 35 3 
2 14 11 1 17 4 6 
1 12 31 7 4 
1 40 14 
1 4 8 14 13 7 7 1 
1 45 5 2 2 
3 31 14 2 5 
3 21 30 1 
32 8 3 7 5 
2 53 
34 19 2 
9 7 39 
39 16 
2 14 9 25 4 1 
7 38 10 
2 40 13 
8 14 6 24 1 1 1 
2 15 35 1 2 
1 31 3 1 10 6 1 1 1 
8 27 12 6 2 
1 47 4 3 
2 38 7 2 4 1 1 
4 33 9 1 5 2 1 
45 8 1 1 
4 29 1 7 3 4 2 2 1 2 
2 34 14 1 3 1 
2 35 1 8 3 1 2 3 
1 26 14 7 7 
4 44 3 1 1 1 1 
17 8 9 8 13 
1 39 10 2 1 2 
12 2 14 24 3 
3 34 18 
3 24 26 2 
1 33 21 
4 18 18 1 13 1 
1 51 2 1 
1 21 28 4 1 
1 54 
17 20 11 4 2 1 
1 37 11 4 2 
1 54 
1 21 33 
8 37 8 2 
5 22 1 9 6 5 5 2 
4 16 26 4 5 
4 15 21 9 3 2 1 
1 24 20 9 1 
15 13 22 5 
2 27 19 3 2 2 
12 6 6 17 9 2 1 1 1 
1 12 24 13 4 1 
1 21 13 12 4 1 2 1 
7 1 23 10 12 2 
1 19 34 1 
3 23 3 5 4 1 3 6 1 6 
43 5 6 1 
1 21 16 4 6 5 2 
1 25 5 18 5 1 
1 1 8 32 7 5 1 
33 19 3 
1 36 3 7 8 
20 7 24 4 
21 14 9 1 2 8 
5 23 15 12 
3 36 3 13 
2 1 6 7 32 7 
55 
1 37 3 4 10 
11 10 32 1 1 
1 27 12 6 8 1 
3 45 7 
1 16 12 3 11 12 
1 48 3 2 1 
11 9 8 1 16 1 3 4 1 1 
4 24 13 3 10 1 
27 19 9 
27 4 9 3 2 1 8 1 
1 37 12 2 3 
21 22 7 4 1 
1 6 23 2 15 5 2 1 
2 38 15 
3 7 36 6 1 2 
2 13 37 3 
2 51 2 
53 2 
1 14 39 1 
2 45 7 1 
1 27 25 1 1 
11 33 9 1 1 
18 21 9 7 
8 5 7 10 17 2 1 1 2 1 1 
3 16 23 11 1 1 
14 28 4 9 
1 4 12 34 3 1 
5 20 29 1 
15 31 3 5 1 
1 46 1 3 3 1 
2 49 4 
55 
3 49 1 1 1 
2 26 13 14 
1 19 19 12 3 1 
47 7 1 
42 7 1 2 3 
1 2 40 9 1 2 
1 8 5 27 3 5 1 1 3 1 
4 33 18 
2 47 4 1 1 
2 7 29 15 2 
1 10 37 1 6 
27 8 18 1 1 
6 5 31 13 
8 40 1 5 1 
4 13 24 4 2 7 1 
2 38 15 
27 19 1 6 1 1 
1 52 2 
26 27 2 
1 50 4 
4 42 4 3 2 
47 4 3 1 
10 12 33 
48 3 2 1 1 
1 21 7 9 3 10 1 3 
11 40 2 2 
1 34 20 
11 15 15 8 5 1 
16 36 1 2 
53 2 
1 23 25 4 1 1 
2 46 7 
1 15 2 6 27 3 1 
1 54 
29 4 15 2 5 
2 13 21 8 11 
3 34 18 
1 3 11 15 1 10 3 2 8 1 
3 17 6 7 8 12 2 
3 34 10 7 1 
4 47 4 
1 10 37 7 
19 9 3 6 11 1 4 1 1 
22 19 9 3 1 1 
12 6 11 24 1 1 
1 43 11 
1 29 17 8 
15 32 8 
4 24 26 1 
2 44 5 4 
17 31 1 4 2 
3 44 7 1 
9 4 19 1 10 4 6 2 
3 19 8 13 4 1 2 2 3 
3 35 1 9 7 
1 17 7 15 8 6 1 
6 24 10 8 4 1 2 
2 46 2 4 1 
29 20 1 3 2 
1 13 6 12 13 9 1 
2 49 4 
44 9 1 1 
4 18 24 9 
7 22 15 7 2 1 1 
40 9 3 2 1 
41 5 9 
3 26 19 1 5 1 
2 8 6 21 4 1 3 7 3 
4 46 4 1 
1 47 1 5 1 
1 49 2 2 1 
1 24 6 3 12 3 1 3 1 1 
11 7 7 11 3 2 1 5 8 
2 25 18 3 5 2 
4 25 5 11 8 2 
3 7 11 7 10 13 4 
1 45 9 
9 17 6 5 15 2 1 
1 42 11 1 
22 24 7 2 
3 16 9 23 2 2 
5 20 22 6 2 
1 22 17 5 9 1 
5 37 7 5 1 
1 18 20 5 11 
1 45 9 
17 25 8 4 1 
35 1 10 8 1 
1 45 7 1 1 
1 13 24 1 11 4 1 
46 6 2 1 
54 1 
4 14 2 31 4 
1 22 12 7 12 1 
3 41 3 6 2 
1 11 29 13 1 
6 11 18 9 10 1 
3 23 8 6 3 6 1 3 1 1 
3 31 16 4 1 
44 5 1 3 2 
1 39 2 9 4 
6 5 7 17 2 9 7 2 
3 8 38 4 2 
5 25 8 4 10 3 
1 22 9 1 15 3 1 3 
13 27 13 1 1 
6 21 28 
1 33 10 3 2 3 1 1 1 
2 30 1 17 2 1 1 1 
1 28 25 1 
1 47 7 
1 52 2 
1 6 3 39 3 1 1 1 
42 2 9 1 1 
1 2 2 38 4 3 5 
13 8 15 9 10 
4 42 2 2 1 4 
1 17 12 1 17 3 4 
52 1 1 1 
3 25 26 1 
1 38 11 2 3 
1 1 20 15 3 9 6 
4 1 5 25 6 6 7 1 
1 7 23 14 6 2 1 1 
1 54 
2 41 8 2 1 1 
3 45 6 1 
1 14 25 2 12 1 
11 40 2 1 1 
1 13 11 16 1 3 5 3 2 
4 2 28 1 12 2 1 2 1 2 
2 24 17 3 1 7 1 
1 47 7 
1 39 8 6 1 
2 29 17 4 3 
4 15 19 13 4 
1 26 14 5 5 1 3 
1 7 14 24 2 3 2 2 
1 28 6 5 9 3 1 1 1 
55 
3 19 15 17 1 
1 13 11 9 18 3 
20 4 30 1 
28 15 6 1 1 2 2 
1 10 40 3 1 
23 15 3 4 6 3 1 
1 7 47 
55 
50 5 
1 21 14 10 3 1 4 1 
1 49 2 3 
2 41 5 5 2 
20 21 4 6 3 1 
2 45 1 2 4 1 
1 52 2 
1 7 28 14 3 1 1 
1 28 7 15 3 1 
1 31 16 6 1 
2 34 7 11 1 
1 46 8 
1 26 11 1 1 5 6 1 1 1 1 
1 21 29 2 1 1 
46 8 1 
1 16 38 
14 6 32 1 2 
1 21 32 1 
26 15 1 10 2 1 
7 16 11 3 3 4 3 7 1 
3 19 8 3 16 6 
1 3 44 1 5 1 
2 16 12 23 2 
1 22 25 7 
1 29 10 1 14 
48 4 1 1 1 
2 16 19 14 3 1 
44 9 2 
2 44 9 
1 3 13 31 5 1 1 
22 4 24 5 
32 3 4 9 4 2 1 
18 28 7 2 
4 29 22 
2 19 23 8 3 
2 18 18 3 3 5 3 3 
3 18 29 4 1 
23 9 4 5 5 7 1 1 
2 43 10 
20 13 1 21 
2 16 13 11 3 10 
55 
4 44 7 
46 3 5 1 
1 30 17 5 2 
1 31 14 3 5 1 
2 38 15 
1 22 32 
49 2 1 1 2 
3 36 8 3 5 
9 39 1 5 1 
3 47 2 2 1 
15 10 23 3 2 1 1 
9 4 4 13 7 10 5 3 
1 48 4 2 
8 35 11 1 
15 24 5 10 1 
4 3 7 2 21 13 5 
1 5 2 36 11 
6 37 8 3 1 
4 4 5 19 21 2 
12 12 22 5 4 
39 3 10 1 1 1 
5 3 14 10 9 2 7 3 1 1 
5 28 15 1 3 3 
6 1 37 11 
9 18 13 3 11 1 
17 4 27 2 2 2 1 
2 13 40 
3 16 34 1 1 
50 2 3 
1 36 4 8 6 
22 11 7 3 6 6 
1 22 18 10 3 1 
4 15 36 
1 47 7 
1 32 10 11 1 
3 35 5 11 1 
1 46 3 2 1 1 1 
8 12 20 13 2 
2 10 31 11 1 
1 29 11 1 5 3 2 2 1 
32 17 2 4 
9 15 18 8 5 
2 31 15 6 1 
1 34 20 
5 11 14 13 6 1 3 2 
1 9 33 12 
24 13 12 5 1 
2 44 9 
2 42 7 4 
1 54 
1 48 3 1 1 1 
4 16 31 4 
5 5 5 15 9 14 2 
16 7 15 13 1 2 1 
1 54 
2 3 9 27 12 2 
51 2 2 
12 38 4 1 
5 46 1 3 
8 35 3 2 2 5 
1 17 27 3 1 3 2 1 
1 35 8 5 6 
10 45 
1 29 4 9 10 1 1 
1 37 12 5 
1 1 31 12 3 2 5 
6 23 22 1 1 2 
55 
1 14 25 5 2 7 1 
1 53 1 
34 8 3 2 2 1 4 1 
20 24 10 1 
1 35 1 15 1 1 1 
47 5 1 2 
1 27 15 12 
6 12 5 18 2 5 5 1 1 
1 24 11 15 3 1 
2 36 14 1 2 
54 1 
8 33 4 10 
18 7 17 4 6 2 1 
6 45 4 
4 10 9 7 2 19 3 1 
2 14 32 2 5 
55 
13 16 18 4 1 1 1 1 
1 30 24 
2 50 1 1 1 
1 44 6 4 
13 29 13 
4 28 11 12 
8 16 2 9 10 3 3 3 1 
1 15 30 9 
2 48 1 3 1 
2 26 14 13 
1 4 8 25 12 2 3 
1 46 1 7 
17 13 25 
23 6 10 12 4 
2 45 2 6 
8 22 14 4 2 3 1 1 
1 10 1 34 4 2 1 1 1 
1 31 23 
39 6 8 2 
1 44 2 8 
1 50 2 1 1 
6 27 13 1 5 2 1 
50 3 1 1 
1 38 16 
6 41 8 
2 14 12 7 18 1 1 
2 43 1 5 4 
3 9 5 4 34 
1 51 2 1 
7 33 15 
1 40 14 
4 6 44 1 
3 47 5 
51 3 1 
5 34 4 5 6 1 
7 26 16 6 
14 34 7 
3 52 
2 20 33 
2 27 12 9 4 1 
1 26 28 
1 7 1 43 2 1 
1 15 39 
7 39 5 3 1 
11 42 1 1 
4 2 1 23 11 2 10 1 1 
1 8 41 4 1 
1 6 17 9 3 13 3 3 
1 16 36 1 1 
1 5 49 
3 5 38 4 1 1 1 2 
4 33 13 3 1 1 
1 11 5 29 1 8 
17 23 11 1 3 
52 1 2 
3 41 10 1 
3 18 1 11 2 16 4 
32 4 6 8 4 1 
2 1 37 13 2 
55 
1 15 18 1 13 7 
7 42 6 
20 28 7 
1 2 32 9 1 9 1 
1 17 19 16 2 
3 10 4 2 25 11 
10 30 4 1 9 1 
1 50 4 
1 25 18 6 5 
1 44 2 1 7 
20 35 
5 6 23 1 3 10 1 6 
1 28 3 20 3 
10 2 17 17 6 2 1 
1 21 8 14 10 1 
8 32 2 9 1 2 1 
1 37 10 3 1 3 
55 
3 40 7 3 2 
3 45 7 
46 6 1 2 
1 43 8 2 1 
1 38 14 2 
55 
10 42 1 2 
1 37 8 1 7 1 
8 28 14 4 1 
8 18 8 13 8 
2 6 14 16 9 1 1 4 1 1 
8 31 7 7 1 1 
2 2 4 11 20 1 9 1 1 1 1 1 1 
1 2 5 39 2 6 
28 26 1 
1 35 2 12 3 2 
2 37 11 5 
2 41 1 10 1 
46 6 2 1 
1 21 11 5 13 4 
36 17 1 1 
2 19 14 18 2 
1 20 34 
3 11 25 8 8 
8 27 19 1 
1 20 26 3 5 
19 29 6 1 
4 39 6 5 1 
1 37 15 1 1 
12 11 2 4 26 
1 51 3 
1 33 3 18 
5 25 12 10 3 
1 33 3 13 3 1 1 
1 16 4 20 5 1 8 
2 10 6 2 23 2 5 4 1 
1 54 
1 23 24 1 3 1 1 1 
4 51 
3 9 43 
2 32 17 3 1 
1 42 8 4 
1 10 1 31 12 
1 12 3 36 3 
2 1 23 5 19 4 1 
1 10 44 
2 43 1 3 1 4 1 
4 50 1 
12 22 4 7 9 1 
10 8 31 6 
1 39 13 1 1 
3 9 11 25 4 3 
6 49 
2 49 4 
4 27 1 4 14 4 1 
15 11 2 9 8 4 1 5 
1 30 6 16 1 1 
52 1 1 1 
4 49 1 1 
1 24 20 8 2 
1 28 16 7 2 1 
1 52 2 
7 4 44 
51 2 2 
3 10 3 12 10 10 5 1 1 
2 23 20 10 
1 33 21 
13 22 18 1 1 
9 42 2 1 1 
1 13 2 15 1 10 7 1 1 3 1 
1 21 18 4 11 
5 25 14 9 2 
1 21 16 1 9 1 5 1 
2 33 9 2 6 3 
1 3 32 6 1 5 2 3 2 
3 4 2 43 3 
15 32 8 
1 41 7 5 1 
1 14 18 19 2 1 
7 41 2 1 1 3 
5 31 3 5 8 3 
1 24 9 20 1 
2 44 8 1 
2 5 19 27 1 1 
1 44 7 3 
7 46 1 1 
1 44 9 1 
3 40 10 2 
3 11 29 8 4 
1 29 3 17 4 1 
3 44 8 
3 45 1 6 
53 2 
7 25 23 
1 50 3 1 
2 45 4 3 1 
2 8 7 7 11 12 3 4 1 
7 13 19 10 1 1 3 1 
1 12 4 6 1 23 1 4 1 1 1 
1 3 31 12 1 5 1 1 
2 52 1 
1 5 14 13 15 2 1 1 3 
1 44 9 1 
22 33 
1 10 18 20 6 
2 11 8 6 23 4 1 
12 22 21 
11 4 17 7 1 14 1 
1 1 20 25 2 2 4 
37 4 3 2 1 6 1 1 
1 17 7 19 4 6 1 
5 11 38 1 
1 32 6 1 4 1 1 7 2 
2 1 51 1 
18 11 2 1 16 7 
1 40 7 5 2 
55 
1 29 14 4 2 2 1 2 
1 38 16 
3 25 12 13 2 
7 45 3 
1 17 4 29 4 
1 42 2 9 1 
1 10 15 21 8 
55 
1 17 37 
3 45 7 
1 49 5 
1 29 25 
2 17 17 13 5 1 
1 51 1 1 1 
53 2 
1 33 1 18 2 
1 54 
4 21 1 8 9 6 2 3 1 
1 15 39 
1 34 19 1 
38 12 2 2 1 
2 19 24 9 1 
1 48 1 2 1 1 1 
1 45 3 2 3 1 
1 4 35 11 4 
8 18 3 17 9 
9 11 14 15 2 1 3 
4 17 27 2 5 
7 19 2 6 10 6 5 
7 43 1 2 2 
1 23 18 11 2 
24 22 7 1 1 
1 10 36 4 2 2 
1 15 36 1 1 1 
2 3 31 4 1 5 1 1 2 2 2 1 
21 21 2 2 2 2 5 
3 26 19 4 1 1 1 
1 47 5 1 1 
14 6 8 12 2 8 4 1 
23 10 3 1 18 
7 5 5 37 1 
1 38 16 
1 7 11 21 12 2 1 
1 3 15 27 9 
4 1 5 38 3 1 2 1 
1 44 1 7 1 1 
1 30 22 2 
55 
6 7 39 3 
1 26 24 1 2 1 
1 53 1 
2 14 37 2 
1 38 13 1 1 1 
11 7 16 1 2 7 8 2 1 
27 1 22 1 1 3 
1 2 14 8 14 1 6 8 1 
1 32 1 20 1 
5 7 5 32 1 1 3 1 
4 50 1 
1 10 44 
2 4 14 17 2 16 
1 20 23 11 
1 8 38 1 2 4 1 
1 10 19 10 3 3 3 2 2 2 
2 26 18 5 1 2 1 
1 26 6 4 7 7 3 1 
8 10 11 3 4 16 2 1 
1 4 14 35 1 
3 5 30 1 2 11 3 
1 10 10 25 1 1 2 5 
1 31 19 2 1 1 
10 3 15 6 19 1 1 
1 36 12 4 2 
3 11 21 11 3 4 2 
1 16 26 6 6 
6 42 1 3 1 1 1 
22 27 6 
1 33 21 
55 
2 1 49 2 1 
31 6 7 2 8 1 
1 14 31 3 1 5 
33 10 3 2 1 1 2 3 
19 5 30 1 
18 8 3 5 19 1 1 
3 26 8 14 2 1 1 
1 17 1 14 7 6 1 4 4 
54 1 
27 1 22 3 1 1 
1 17 37 
21 1 29 3 1 
9 22 1 7 12 1 3 
1 46 8 
1 34 12 8 
12 6 33 4 
8 45 2 
21 31 2 1 
2 43 10 
4 19 18 12 1 1 
1 35 19 
2 11 37 1 3 1 
28 27 
38 11 4 1 1 
3 13 22 10 3 2 1 1 
7 8 4 8 16 11 1 
18 22 10 5 
20 34 1 
2 30 6 10 4 3 
3 39 5 6 2 
1 29 10 5 2 2 3 3 
3 31 12 8 1 
9 46 
12 34 6 1 1 1 
38 5 8 3 1 
31 14 6 2 2 
4 49 1 1 
51 1 2 1 
1 9 33 6 1 2 1 1 1 
1 43 2 6 1 2 
4 14 20 5 1 7 3 1 
17 5 8 4 1 17 2 1 
2 40 5 6 1 1 
4 37 9 4 1 
34 18 3 
9 19 6 14 7 
4 22 7 18 1 1 2 
1 46 3 1 1 1 2 
19 25 4 4 1 1 1 
32 14 7 2 
2 11 30 10 2 
1 42 8 2 1 1 
3 51 1 
11 37 5 1 1 
2 23 29 1 
2 6 34 8 1 1 3 
1 20 16 13 1 2 2 
1 36 2 8 2 2 2 2 
33 16 6 
5 23 13 4 1 9 
4 42 1 7 1 
4 14 6 11 14 2 4 
1 39 15 
3 46 5 1 
3 23 29 
1 40 12 1 1 
19 22 4 9 1 
1 37 15 1 1 
1 15 34 1 4 
2 15 28 6 1 3 
2 52 1 
5 46 2 1 1 
5 5 9 7 11 10 6 2 
1 47 1 2 2 2 
1 51 3 
1 21 4 11 5 3 1 6 1 2 
43 5 4 1 1 1 
5 33 1 7 6 2 1 
1 2 35 11 6 
1 32 21 1 
7 44 2 1 1 
1 12 9 22 8 2 1 
1 25 12 3 6 4 3 1 
45 2 8 
4 28 12 10 1 
1 27 12 12 3 
23 2 22 7 1 
2 25 18 3 6 1 
1 9 45 
49 3 3 
1 20 34 
1 53 1 
1 12 25 15 2 
13 36 2 4 
2 51 2 
2 23 19 10 1 
1 5 1 6 15 7 20 
1 49 3 1 1 
10 20 20 3 1 1 
4 41 9 1 
1 20 20 8 5 1 
1 18 29 5 1 1 
1 53 1 
1 9 27 14 4 
1 39 1 9 1 3 1 
2 49 1 2 1 
53 1 1 
29 5 18 1 1 1 
1 15 35 4 
3 42 10 
2 39 14 
12 40 1 2 
39 9 2 2 3 
21 17 13 3 1 
53 1 1 
7 7 11 18 7 4 1 
3 49 3 
2 33 14 2 2 2 
5 29 21 
52 1 2 
9 33 9 4 
3 3 18 16 4 8 1 2 
2 46 6 1 
1 21 31 1 1 
2 7 40 3 3 
8 31 1 12 2 1 
53 2 
1 11 32 2 1 1 1 2 2 2 
4 13 8 18 11 1 
1 4 11 29 3 2 2 2 1 
38 15 1 1 
18 7 15 8 7 
1 33 19 1 1 
32 22 1 
5 4 1 19 3 2 6 5 8 1 1 
1 2 52 
5 11 15 6 15 3 
1 45 9 
1 30 24 
1 40 12 2 
5 31 18 1 
6 46 2 1 
4 38 10 1 2 
1 35 2 2 15 
1 41 1 8 1 1 1 1 
11 22 22 
17 12 18 6 2 
1 51 1 2 
4 1 38 1 1 5 4 1 
3 49 3 
55 
3 28 1 18 5 
3 1 4 29 14 4 
3 4 30 4 3 7 3 1 
2 7 24 21 1 
49 2 3 1 
1 46 6 1 1 
16 3 30 2 3 1 
4 5 3 3 26 10 4 
42 9 3 1 
18 21 1 13 1 1 
1 42 6 5 1 
6 38 11 
1 47 5 1 1 
4 17 18 4 12 
1 20 21 12 1 
1 34 16 4 
1 14 10 24 5 1 
1 17 32 3 2 
2 10 4 33 6 
1 16 4 26 1 2 5 
13 38 4 
1 31 5 4 12 1 1 
1 35 18 1 
2 10 35 6 2 
31 22 1 1 
37 18 
8 9 32 2 3 1 
1 53 1 
2 45 8 
1 21 16 9 2 4 2 
7 17 3 13 2 2 9 2 
1 16 3 30 4 1 
1 4 12 35 3 
34 9 12 
5 45 2 2 1 
48 4 2 1 
7 19 25 3 1 
1 22 15 3 14 
3 40 9 3 
3 6 4 35 4 3 
1 38 12 1 3 
6 6 9 7 7 4 3 1 11 1 
1 37 10 3 1 2 1 
2 52 1 
1 43 9 2 
24 18 2 2 3 6 
9 33 3 7 3 
4 40 11 
14 18 20 1 2 
7 13 25 5 1 1 2 1 
3 41 8 2 1 
1 42 12 
15 19 7 7 2 1 1 1 2 
2 35 5 9 4 
1 34 2 14 4 
1 16 24 2 8 4 
1 39 14 1 
4 9 39 2 1 
17 33 5 
7 26 15 6 1 
3 31 3 14 4 
1 2 8 6 35 1 2 
2 46 7 
43 5 1 2 1 1 2 
44 11 
1 42 6 4 2 
1 17 1 8 17 2 6 3 
43 1 4 6 1 
1 40 11 3 
5 42 3 2 3 
1 43 8 2 1 
4 38 13 
13 11 30 1 
2 14 12 21 2 4 
6 45 3 1 
3 1 3 40 5 2 1 
3 10 33 9 
4 49 1 1 
1 44 9 1 
9 20 26 
2 15 38 
6 44 4 1 
9 15 18 7 5 1 
1 39 1 2 6 1 3 1 1 
1 7 39 7 1 
1 1 49 4 
6 5 35 4 5 
1 19 33 1 1 
1 14 8 15 11 4 1 1 
3 1 22 28 1 
5 27 3 1 16 2 1 
1 14 32 2 5 1 
8 22 24 1 
37 6 9 2 1 
11 22 20 1 1 
2 37 16 
1 42 3 4 5 
1 39 7 6 2 
2 24 17 10 1 1 
1 9 26 19 
30 5 8 4 8 
4 15 25 10 1 
8 25 20 1 1 
7 37 9 1 1 
1 32 2 2 7 6 3 1 1 
40 1 4 8 2 
7 25 2 3 5 6 3 1 1 1 1 
55 
2 31 4 9 2 6 1 
1 47 3 3 1 
3 41 8 2 1 
2 18 6 10 2 1 15 1 
17 30 2 3 1 1 1 
42 1 10 2 
48 3 4 
2 35 2 7 1 4 3 1 
3 7 3 10 30 2 
2 1 30 21 1 
1 52 2 
3 38 7 2 1 4 
5 35 5 10 
54 1 
1 52 2 
10 41 2 2 
1 8 46 
8 4 11 31 1 
2 28 11 3 5 2 4 
5 44 1 3 2 
1 20 8 1 9 15 1 
2 32 19 2 
2 13 27 12 1 
1 20 16 6 6 2 4 
22 24 2 2 2 1 1 1 
1 25 10 3 16 
6 3 6 1 16 8 5 5 2 1 2 
1 33 20 1 
1 32 20 2 
55 
2 38 2 8 5 
19 16 2 12 2 1 3 
1 35 4 1 2 4 4 3 1 
52 3 
53 2 
11 20 3 11 3 7 
1 36 16 2 
31 7 12 1 2 2 
4 39 12 
2 46 4 2 1 
3 25 27 
2 12 3 38 
5 11 29 9 1 
1 28 23 1 1 1 
7 12 9 25 2 
52 2 1 
37 1 11 5 1 
2 7 6 24 8 6 2 
5 14 17 1 18 
1 28 1 3 5 11 1 1 1 2 1 
55 
2 45 7 1 
1 47 4 2 1 
7 47 1 
3 29 6 1 7 2 4 1 2 
1 52 2 
1 36 17 1 
22 21 3 3 3 1 1 1 
1 33 18 2 1 
10 2 24 17 2 
17 31 1 3 1 1 1 
50 3 1 1 
4 36 6 7 1 1 
1 15 12 10 17 
1 49 3 1 1 
52 1 2 
32 6 8 4 5 
3 23 6 1 8 7 5 2 
1 6 16 8 23 1 
1 49 3 2 
1 24 2 20 4 3 1 
5 21 29 
1 35 13 4 2 
4 51 
3 13 15 10 8 2 3 1 
7 17 6 5 4 15 1 
53 1 1 
53 1 1 
1 46 8 
44 10 1 
2 9 18 1 1 3 15 5 1 
1 10 6 12 12 8 6 
11 13 14 5 4 3 2 3 
55 
1 6 5 32 6 4 1 
1 51 1 1 1 
5 6 37 6 1 
7 12 17 12 2 1 3 1 
1 27 12 7 6 1 1 
23 2 15 4 10 1 
51 2 2 
1 46 2 2 1 1 1 1 
1 9 8 34 1 1 1 
1 39 5 1 9 
17 5 32 1 
1 25 2 17 9 1 
1 52 2 
21 33 1 
1 35 13 4 2 
4 40 1 2 3 3 2 
44 11 
2 23 19 5 3 3 
2 16 11 24 2 
4 20 11 8 10 2 
1 34 8 8 2 1 1 
1 10 29 9 1 1 3 1 
2 47 3 2 1 
2 7 43 3 
2 25 14 11 2 1 
12 33 10 
3 1 6 24 5 5 1 4 5 1 
4 10 36 4 1 
7 30 16 2 
1 18 36 
1 35 13 1 5 
1 31 17 1 1 1 3 
1 1 23 30 
1 47 7 
1 52 2 
1 16 22 15 1 
5 38 5 2 5 
1 14 28 4 7 1 
2 34 6 5 8 
36 13 5 1 
3 40 3 3 1 1 1 2 1 
3 49 1 1 1 
1 1 33 9 2 2 5 2 
3 39 4 2 4 1 1 1 
1 12 33 7 2 
10 17 4 5 13 3 2 1 
35 13 7 
1 27 8 5 6 4 2 2 
1 38 16 
9 13 29 2 1 1 
1 29 1 23 1 
41 12 1 1 
1 45 9 
1 34 6 14 
5 23 27 
3 49 2 1 
7 45 1 2 
16 1 36 2 
3 45 3 4 
1 26 15 9 2 1 1 
10 34 2 3 2 4 
33 18 4 
3 45 5 2 
1 38 16 
9 17 10 7 1 7 2 2 
17 7 31 
54 1 
1 19 19 10 3 3 
4 23 10 14 2 1 1 
2 53 
2 4 36 1 10 2 
1 40 11 3 
1 13 21 11 8 1 
2 20 20 10 1 1 1 
1 52 1 1 
1 10 42 1 1 
4 29 20 2 
10 37 1 6 1 
1 53 1 
1 34 1 6 9 3 1 
4 38 12 1 
2 30 21 2 
2 23 2 18 1 4 1 4 
17 20 14 2 1 1 
10 11 26 6 2 
6 27 14 7 1 
2 30 15 4 4 
1 31 20 3 
3 48 1 3 
1 18 32 2 1 1 
33 4 5 5 4 3 1 
55 
1 22 26 2 4 
37 14 4 
2 44 9 
1 51 2 1 
53 2 
5 18 1 8 21 1 1 
4 19 22 7 1 1 1 
4 25 25 1 
7 17 31 
1 54 
1 46 8 
13 14 2 26 
49 1 3 1 1 
37 13 5 
1 42 12 
46 3 5 1 
50 5 
2 13 12 6 19 1 1 1 
2 26 8 13 3 2 1 
2 43 10 
24 26 5 
11 9 34 1 
2 51 2 
49 3 3 
6 27 15 1 3 3 
16 31 3 1 2 2 
2 45 8 
10 16 28 1 
5 9 37 1 1 1 1 
1 5 48 1 
23 7 7 1 9 6 1 1 
1 37 14 2 1 
1 42 10 1 1 
1 17 37 
4 13 13 19 4 1 1 
54 1 
4 25 10 10 3 3 
1 19 27 3 5 
3 4 48 
1 27 4 19 4 
1 3 17 8 5 17 1 2 1 
2 34 14 5 
40 6 3 3 1 2 
23 2 26 4 
1 17 9 17 5 6 
1 9 18 7 9 2 7 2 
35 5 1 12 1 1 
35 18 2 
6 18 2 22 7 
4 9 17 12 9 2 2 
4 15 22 9 3 1 1 
1 36 1 4 5 1 5 1 1 
27 24 4 
1 17 19 17 1 
21 14 14 2 1 2 1 
2 42 3 8 
1 53 1 
8 9 4 2 4 3 21 3 1 
2 23 23 1 5 1 
1 12 10 32 
1 13 24 16 1 
4 49 2 
34 16 2 2 1 
37 8 4 3 1 2 
2 28 17 4 4 
5 43 3 1 1 1 1 
3 47 1 4 
22 10 14 4 2 2 1 
1 14 13 8 8 5 3 2 1 
38 3 1 12 1 
1 17 20 15 2 
1 48 6 
1 29 16 8 1 
36 7 7 5 
13 42 
1 39 15 
1 52 1 1 
1 19 26 4 5 
1 39 8 1 6 
4 42 2 2 3 1 1 
1 4 27 21 1 1 
1 22 1 25 3 2 1 
1 19 30 1 2 2 
2 5 13 21 14 
1 30 19 3 2 
4 6 15 7 20 2 1 
1 8 27 17 1 1 
1 53 1 
1 22 22 1 1 7 1 
24 4 4 23 
3 9 32 10 1 
2 43 2 4 1 2 1 
50 2 1 2 
2 53 
33 21 1 
1 38 9 5 2 
1 50 2 2 
2 8 36 2 2 2 2 1 
1 43 10 1 
14 15 25 1 
1 43 9 1 1 
2 19 5 4 23 1 1 
31 22 2 
4 5 28 14 3 1 
14 17 1 20 3 
3 23 29 
21 9 24 1 
4 24 23 2 1 1 
1 51 3 
1 6 38 1 6 2 1 
1 53 1 
11 32 11 1 
37 6 12 
1 13 30 9 2 
1 35 5 9 1 2 1 1 
3 13 31 8 
1 50 4 
1 37 1 2 5 3 2 1 3 
1 25 11 2 15 1 
9 45 1 
16 21 11 6 1 
2 23 4 19 7 
51 3 1 
39 10 4 1 1 
32 8 13 1 1 
1 17 24 11 2 
1 22 25 7 
10 35 5 2 3 
5 8 5 6 31 
42 3 2 2 4 2 
1 36 1 3 2 8 3 1 
2 49 2 2 
1 24 22 5 2 1 
2 29 22 2 
1 7 24 23 
2 9 36 4 3 1 
3 3 41 2 2 1 1 1 1 
8 21 18 8 
2 12 1 36 3 1 
1 18 4 5 10 4 2 1 9 1 
30 17 8 
1 25 20 6 3 
1 18 16 2 5 2 2 6 1 2 
3 17 14 19 1 1 
1 10 5 9 18 9 3 
9 42 4 
1 4 10 1 27 3 9 
3 32 19 1 
55 
1 45 6 2 1 
1 18 36 
28 13 13 1 
14 29 7 4 1 
1 52 2 
3 4 37 2 9 
1 27 21 3 2 1 
2 20 7 23 3 
1 39 7 2 1 1 1 2 1 
2 7 2 31 5 6 1 1 
4 17 23 11 
1 54 
36 12 1 3 3 
7 16 1 29 1 1 
4 10 23 17 1 
1 49 3 2 
3 9 1 25 3 3 3 7 1 
2 21 25 4 2 1 
18 37 
23 11 9 3 3 5 1 
1 3 3 18 1 14 3 11 1 
2 35 16 2 
7 31 6 7 2 2 
1 6 2 46 
2 43 10 
4 36 11 1 2 1 
52 3 
29 3 16 1 1 3 2 
3 9 30 6 3 2 1 1 
30 16 7 2 
1 49 1 1 3 
2 46 5 2 
2 32 19 2 
14 2 7 16 8 3 3 1 1 
55 
2 25 13 2 11 2 
3 37 11 4 
5 42 2 1 3 1 1 
21 4 7 8 10 1 1 2 1 
11 37 2 4 1 
6 8 22 1 16 1 1 
13 36 4 1 1 
1 49 1 2 2 
1 6 30 7 7 3 1 
1 4 20 28 2 
1 23 31 
20 5 27 3 
13 18 20 3 1 
9 31 4 1 1 7 2 
10 41 3 1 
6 46 3 
5 7 19 22 2 
1 26 14 1 5 8 
53 1 1 
51 1 2 1 
4 1 15 2 4 8 1 14 6 
7 30 11 2 4 1 
3 2 39 5 2 1 3 
1 35 18 1 
5 42 3 4 1 
1 13 10 9 20 1 1 
1 13 5 10 18 4 4 
2 40 6 6 1 
1 50 3 1 
1 49 3 1 1 
4 4 36 6 5 
19 23 10 1 1 1 
3 31 4 7 10 
1 16 30 6 2 
8 37 6 4 
32 6 5 10 2 
1 8 13 7 6 20 
34 11 10 
1 31 20 1 1 1 
2 25 28 
1 42 4 8 
1 12 15 4 3 2 13 5 
46 6 2 1 
1 40 4 3 3 3 1 
43 9 2 1 
1 29 14 3 8 
2 3 19 12 19 
2 9 12 27 1 2 1 1 
20 9 17 5 4 
12 36 2 3 1 1 
1 15 16 16 3 4 
34 8 4 6 3 
5 40 9 1 
3 13 14 25 
1 9 20 19 1 2 1 1 1 
17 9 12 6 11 
7 14 7 27 
5 16 21 10 2 1 
1 20 25 5 4 
1 33 11 7 3 
2 13 24 15 1 
1 22 28 4 
3 40 10 1 1 
3 15 10 15 12 
55 
2 47 6 
10 33 6 3 1 1 1 
8 10 21 2 4 9 1 
27 16 1 4 4 1 1 1 
23 21 11 
21 7 8 18 1 
1 5 3 29 10 6 1 
48 5 1 1 
9 11 17 6 1 11 
2 49 1 2 1 
1 34 18 1 1 
6 11 18 15 1 2 1 1 
6 33 14 1 1 
46 7 2 
3 40 2 1 1 8 
50 4 1 
1 44 4 5 1 
43 9 2 1 
55 
3 49 2 1 
1 36 13 2 1 1 1 
1 5 46 2 1 
2 2 26 12 10 2 1 
2 14 23 1 13 1 1 
54 1 
11 19 22 3 
9 26 6 9 5 
1 8 23 4 12 4 3 
16 15 4 6 3 11 
3 26 7 4 13 2 
1 5 19 11 18 1 
4 30 10 3 1 7 
5 23 14 13 
4 49 2 
2 4 20 1 2 11 7 6 1 1 
3 37 3 6 5 1 
1 49 5 
17 11 12 2 10 1 1 1 
1 28 11 5 10 
41 5 2 2 5 
2 36 1 3 5 5 1 2 
1 35 3 2 14 
3 17 4 10 14 6 1 
5 22 28 
1 44 3 4 3 
13 19 23 
5 42 8 
6 7 35 4 2 1 
5 1 10 28 4 2 5 
1 8 8 36 2 
2 21 2 22 5 2 1 
26 4 4 6 2 13 
33 13 8 1 
6 8 3 14 21 3 
2 36 16 1 
1 46 8 
1 39 9 6 
1 24 5 24 1 
1 7 17 12 18 
12 33 8 2 
3 24 18 8 1 1 
1 34 6 7 5 2 
2 18 5 18 7 5 
1 7 42 3 2 
4 33 18 
1 30 3 21 
1 40 2 12 
20 1 14 7 12 1 
1 39 6 3 4 2 
1 49 4 1 
2 30 10 10 1 2 
27 18 10 
4 37 14 
5 8 42 
40 1 7 6 1 
12 36 3 1 1 1 1 
26 25 4 
1 16 5 13 11 8 1 
24 4 11 14 1 1 
3 3 31 16 2 
4 37 13 1 
21 30 3 1 
1 26 28 
1 14 12 4 16 4 1 3 
15 4 18 15 3 
2 33 20 
2 33 10 10 
3 15 18 6 10 1 2 
3 49 1 2 
43 7 4 1 
5 30 12 1 1 4 2 
3 20 29 3 
1 20 26 3 1 2 2 
55 
11 2 21 9 4 8 
2 39 10 4 
25 28 1 1 
3 14 14 4 7 3 1 2 4 1 2 
1 34 7 7 6 
9 36 2 4 2 1 1 
2 20 10 9 8 2 4 
5 37 13 
47 7 1 
31 5 14 2 2 1 
3 17 18 13 4 
33 9 11 2 
37 4 4 10 
1 6 15 10 13 1 6 3 
50 3 2 
1 42 4 2 5 1 
1 43 1 5 3 1 1 
1 50 4 
4 51 
1 31 8 14 1 
4 16 9 1 25 
1 34 6 14 
14 41 
3 49 1 1 1 
2 18 8 6 8 2 3 8 
17 10 12 6 3 5 1 1 
2 44 9 
7 33 15 
1 50 4 
1 1 34 7 8 3 1 
2 49 3 1 
54 1 
2 33 13 7 
6 36 4 4 5 
1 40 13 1 
37 14 4 
6 11 2 35 1 
3 15 11 6 14 5 1 
2 46 7 
5 41 2 4 3 
10 17 16 7 3 2 
1 1 51 2 
2 48 1 4 
1 39 12 1 2 
30 8 5 11 1 
4 17 22 9 2 1 
1 46 8 
1 4 32 17 1 
1 14 35 2 3 
1 25 15 5 6 2 1 
5 35 10 3 2 
1 4 5 37 1 2 2 2 1 
10 43 1 1 
1 47 7 
24 4 8 2 1 4 2 7 3 
1 44 7 2 1 
1 39 6 9 
1 3 41 1 5 3 1 
1 27 19 6 2 
21 9 4 13 1 5 1 1 
19 3 16 3 10 3 1 
2 9 32 12 
42 1 4 2 1 2 3 
2 35 13 3 1 1 
1 19 27 5 2 1 
1 19 35 
5 29 8 4 1 1 6 1 
4 6 13 20 11 1 
1 53 1 
1 6 28 14 6 
1 4 27 21 1 1 
3 51 1 
5 35 5 1 4 3 1 1 
2 8 24 20 1 
1 46 8 
3 8 44 
2 22 14 8 9 
55 
7 3 5 29 11 
1 19 23 2 9 1 
3 45 2 3 2 
8 32 13 1 1 
1 36 14 3 1 
1 45 9 
1 20 33 1 
13 9 23 9 1 
1 32 21 1 
20 27 7 1 
4 41 5 1 4 
1 5 46 1 2 
3 24 28 
5 42 8 
2 40 5 5 2 1 
3 20 10 19 2 1 
1 8 2 8 27 3 1 4 1 
1 17 19 12 6 
27 14 1 3 5 1 4 
1 49 5 
1 14 19 12 4 4 1 
5 22 13 13 2 
6 9 6 11 6 1 13 1 1 1 
1 33 5 15 1 
4 21 16 2 1 2 3 3 3 
1 45 7 2 
23 5 17 6 3 1 
8 2 25 18 2 
18 23 8 5 1 
53 2 
8 33 11 2 1 
1 46 5 3 
45 7 3 
1 43 4 2 2 2 1 
1 22 5 27 
2 44 6 1 1 1 
55 
4 49 1 1 
1 35 10 4 1 2 1 1 
1 10 7 15 14 3 4 1 
16 31 8 
1 10 4 16 7 1 12 4 
3 33 17 1 1 
2 40 1 6 3 1 2 
7 15 19 3 9 1 1 
4 36 2 1 6 4 1 1 
7 36 10 1 1 
1 21 21 1 4 4 3 
2 31 20 1 1 
4 3 26 21 1 
2 16 36 1 
1 30 12 8 3 1 
48 4 3 
1 21 33 
1 3 42 8 1 
1 38 8 6 2 
1 7 10 36 1 
55 
1 27 2 22 3 
1 40 12 1 1 
2 9 41 2 1 
1 15 5 32 1 1 
1 43 5 6 
1 1 37 6 8 2 
13 18 3 15 1 5 
50 1 2 2 
12 34 7 1 1 
8 16 26 2 3 
23 32 
5 20 11 18 1 
7 31 15 1 1 
1 5 26 12 5 1 1 1 1 2 
1 15 25 9 5 
3 35 5 9 2 1 
13 26 10 5 1 
1 8 13 25 1 5 2 
1 38 16 
1 16 10 25 2 1 
2 52 1 
1 20 16 10 8 
42 11 2 
1 49 5 
26 25 2 1 1 
1 24 4 6 8 5 1 1 4 1 
1 52 1 1 
2 19 22 9 1 1 1 
40 10 4 1 
1 38 13 2 1 
2 4 23 24 1 1 
9 12 31 1 2 
4 49 2 
55 
7 22 20 1 5 
5 41 8 1 
2 46 1 1 1 4 
5 36 4 6 4 
44 5 2 1 1 1 1 
13 21 20 1 
55 
1 4 46 3 1 
27 11 9 7 1 
5 35 12 3 
1 6 26 5 2 2 2 4 5 1 1 
3 31 18 3 
37 8 1 2 4 2 1 
10 16 22 4 1 2 
1 19 15 19 1 
1 14 19 15 1 2 2 1 
5 41 7 1 1 
41 1 13 
1 15 35 4 
1 19 11 21 2 1 
2 3 35 15 
1 48 3 3 
4 25 18 6 1 1 
3 21 28 1 1 1 
1 41 5 1 5 2 
1 18 1 1 19 10 4 1 
2 2 19 11 18 3 
2 13 34 6 
23 30 2 
1 18 34 2 
2 18 34 1 
55 
10 20 21 2 1 1 
1 23 27 2 1 1 
16 2 15 17 3 2 
1 43 4 4 3 
18 9 16 10 1 1 
1 20 34 
6 36 3 8 1 1 
3 49 2 1 
1 15 13 7 6 8 5 
1 13 36 3 2 
3 17 33 1 1 
1 14 29 5 3 1 2 
14 35 5 1 
5 15 35 
2 24 28 1 
2 27 16 4 2 4 
1 3 12 14 14 4 6 1 
1 26 2 14 4 3 1 4 
1 49 1 1 2 1 
55 
2 2 36 6 1 5 2 1 
1 48 1 4 1 
4 33 9 3 6 
5 47 2 1 
7 28 9 6 1 2 1 1 
55 
1 32 11 4 5 1 1 
5 18 5 26 1 
5 22 13 1 5 8 1 
2 2 5 46 
3 21 23 5 1 2 
1 45 9 
2 50 3 
1 15 38 1 
1 31 9 13 1 
8 39 5 1 2 
1 51 3 
4 39 12 
55 
2 18 32 1 2 
1 22 20 2 2 1 3 1 2 1 
3 12 2 13 25 
41 13 1 
34 6 15 
1 43 2 7 1 1 
26 22 7 
1 33 19 2 
2 37 13 2 1 
2 6 22 20 2 2 1 
3 46 2 2 1 1 
1 35 2 9 4 2 1 1 
1 11 13 11 15 1 2 1 
1 4 15 24 9 1 1 
3 49 2 1 
4 15 35 1 
1 2 19 24 5 3 1 
43 5 4 2 1 
1 30 18 2 3 1 
1 35 12 7 
35 8 9 1 1 1 
5 8 15 11 4 5 5 1 1 
1 23 29 2 
1 32 22 
5 33 16 1 
18 14 23 
1 3 31 13 5 1 1 
10 20 25 
2 7 2 6 10 12 3 3 7 1 2 
52 2 1 
3 38 3 8 2 1 
23 3 19 4 6 
14 39 2 
11 10 34 
4 1 28 7 5 1 6 2 1 
5 28 6 16 
1 28 2 21 1 2 
4 24 17 3 3 3 1 
11 24 6 1 12 1 
1 37 16 1 
24 17 6 1 1 5 1 
2 9 11 19 11 3 
4 22 7 1 17 3 1 
7 12 2 8 7 5 1 8 1 1 1 1 1 
46 8 1 
55 
1 5 45 1 3 
2 24 25 3 1 
2 18 34 1 
1 44 7 1 2 
1 53 1 
52 1 2 
1 10 29 8 5 1 1 
2 20 9 23 1 
55 
2 37 7 6 3 
3 13 2 11 25 1 
31 20 1 1 1 1 
3 4 14 26 4 4 
28 16 1 8 2 
1 13 10 9 4 15 3 
13 2 18 18 4 
54 1 
1 18 18 14 4 
1 2 9 41 2 
3 45 1 6 
3 28 13 11 
2 41 12 
1 34 3 16 1 
2 31 5 14 3 
4 27 23 1 
12 19 18 5 1 
3 35 13 4 
3 4 15 31 2 
4 38 6 6 1 
2 7 41 2 3 
2 5 43 1 4 
3 51 1 
15 17 2 14 7 
16 1 24 4 4 6 
5 32 9 2 2 1 2 1 1 
1 12 9 22 9 2 
1 6 17 20 7 1 2 1 
2 40 12 1 
46 3 4 1 1 
41 14 
1 41 6 4 2 1 
7 26 22 
47 8 
1 53 1 
15 29 8 3 
1 36 16 2 
1 46 8 
4 43 5 2 1 
7 46 2 
9 40 6 
1 53 1 
14 15 6 15 1 4 
4 37 9 3 2 
2 1 40 3 4 4 1 
1 51 2 1 
1 20 2 30 2 
2 51 1 1 
10 8 30 2 5 
5 34 1 4 11 
1 21 22 11 
19 7 22 5 1 1 
1 17 22 1 3 3 5 3 
1 31 19 4 
1 17 9 13 9 4 1 1 
1 29 3 20 2 
9 8 8 1 21 5 3 
3 48 3 1 
5 14 7 16 13 
2 44 9 
1 42 2 8 1 1 
25 19 3 4 3 1 
4 37 8 2 1 1 2 
51 3 1 
2 8 27 4 1 8 2 3 
1 7 32 3 2 3 5 2 
3 26 26 
1 37 12 1 4 
2 39 7 4 3 
1 51 3 
1 4 34 14 1 1 
1 7 47 
55 
2 14 12 23 4 
1 45 1 7 1 
3 18 25 5 4 
2 23 7 4 14 3 2 
53 1 1 
7 21 19 5 2 1 
29 17 3 2 3 1 
3 4 16 2 10 20 
2 9 15 16 1 7 2 3 
2 23 15 3 11 1 
3 49 1 2 
1 33 9 3 7 2 
49 1 3 2 
2 6 16 22 9 
1 29 3 5 2 2 9 1 3 
1 43 2 8 1 
1 6 32 7 3 3 3 
5 25 7 1 7 8 1 1 
1 18 5 30 1 
1 44 9 1 
46 9 
1 34 18 1 1 
4 28 9 6 8 
1 53 1 
1 5 5 20 4 15 4 1 
23 15 17 
39 7 6 1 2 
1 33 18 1 2 
2 32 4 11 3 3 
9 44 1 1 
1 50 1 3 
1 41 13 
2 36 7 9 1 
34 10 6 2 2 1 
51 2 1 1 
1 50 4 
1 33 20 1 
31 23 1 
3 18 4 27 3 
2 43 1 4 4 1 
29 23 1 2 
1 2 35 10 3 3 1 
4 37 7 2 4 1 
20 16 1 7 10 1 
1 4 8 28 9 3 1 1 
3 49 3 
17 1 16 2 16 1 1 1 
1 37 7 8 2 
5 11 15 13 1 3 4 2 1 
1 52 2 
1 51 3 
2 48 5 
2 13 22 17 1 
15 28 9 2 1 
1 34 17 1 2 
4 12 22 1 1 5 4 1 4 1 
1 51 3 
52 1 1 1 
1 50 1 3 
1 39 13 1 1 
8 17 19 2 8 1 
2 21 32 
1 6 7 5 19 11 4 1 1 
1 42 8 2 1 1 
1 28 18 3 1 2 2 
1 45 8 1 
11 32 1 11 
4 15 20 9 2 2 1 1 1 
2 51 2 
1 2 38 14 
2 26 1 2 7 3 5 1 7 1 
1 36 11 1 2 1 1 1 1 
4 14 21 7 9 
2 18 12 12 11 
1 20 32 2 
29 21 1 3 1 
1 17 37 
4 1 43 6 1 
1 25 7 20 2 
1 1 44 7 2 
3 33 14 1 2 1 1 
8 38 3 2 2 2 
1 29 8 2 14 1 
4 9 4 23 5 1 2 2 4 1 
4 38 5 7 1 
20 25 10 
1 39 13 2 
2 51 2 
1 34 1 9 10 
1 53 1 
1 15 1 20 6 6 6 
17 8 17 8 4 1 
1 30 16 6 2 
2 28 5 9 9 1 1 
1 50 1 3 
1 37 14 2 1 
1 43 10 1 
1 52 1 1 
2 33 10 8 2 
31 12 12 
10 25 15 1 4 
3 19 3 10 8 12 
1 52 2 
4 4 41 6 
3 15 6 26 4 1 
2 11 39 3 
1 24 11 2 10 1 2 2 1 1 
1 46 8 
2 46 1 6 
7 20 17 11 
9 41 1 4 
12 16 27 
53 2 
4 25 25 1 
4 51 
1 14 13 27 
1 53 1 
2 8 18 2 24 1 
21 28 6 
41 10 2 2 
17 18 20 
1 9 38 2 3 2 
29 21 5 
2 43 3 7 
41 8 2 2 2 
55 
9 17 6 12 1 7 1 2 
3 52 
7 17 30 1 
9 11 10 7 7 3 8 
1 12 10 4 2 6 15 3 1 1 
2 22 9 19 3 
2 17 15 3 16 1 1 
1 12 8 17 14 2 1 
2 27 19 2 3 2 
3 47 4 1 
2 23 25 3 2 
55 
14 19 15 3 4 
1 28 16 10 
9 37 9 
4 23 2 16 7 3 
4 2 15 2 23 5 3 1 
1 52 2 
23 14 10 5 3 
22 12 20 1 
15 7 4 21 4 4 
6 25 15 5 4 
5 4 1 38 1 1 2 3 
9 3 17 9 12 3 1 1 
1 13 32 3 1 3 1 1 
1 43 5 1 3 2 
47 7 1 
1 14 10 12 11 1 4 1 1 
5 4 44 1 1 
7 35 13 
1 37 7 8 2 
2 27 23 3 
1 51 3 
55 
1 42 6 4 1 1 
36 6 3 2 6 1 1 
5 46 1 1 1 1 
2 2 12 23 8 6 2 
4 31 13 5 1 1 
4 19 10 3 6 11 1 1 
4 13 26 7 4 1 
1 15 39 
3 13 1 26 4 8 
21 21 12 1 
53 2 
1 46 6 2 
1 51 1 1 1 
2 43 3 3 4 
2 19 12 7 11 4 
2 43 6 4 
4 2 11 21 13 2 1 1 
2 25 7 20 1 
7 2 16 10 19 1 
2 9 10 8 3 5 4 2 9 3 
1 47 7 
1 52 2 
2 38 1 14 
2 36 9 8 
1 24 14 1 12 3 
23 24 4 3 1 
1 44 6 1 2 1 
1 40 3 2 7 2 
55 
12 37 5 1 
1 32 22 
3 37 2 8 5 
10 41 3 1 
3 24 27 1 
55 
38 8 3 1 4 1 
8 12 15 6 3 3 8 
3 37 5 7 1 1 1 
42 13 
5 49 1 
1 6 39 6 3 
17 33 2 3 
15 26 7 5 2 
14 37 1 2 1 
1 48 2 3 1 
46 2 7 
1 11 28 12 2 1 
9 29 3 1 1 3 3 2 3 1 
1 27 24 2 1 
3 37 15 
3 22 27 1 2 
1 15 38 1 
3 22 20 6 4 
3 33 18 1 
22 32 1 
1 37 5 4 5 2 1 
51 1 1 1 1 
2 19 4 28 2 
19 12 13 1 6 3 1 
9 17 26 3 
1 11 13 24 4 1 1 
1 26 16 10 2 
19 34 2 
4 40 4 6 1 
4 13 34 4 
30 12 13 
1 7 18 19 1 4 4 1 
39 1 15 
52 3 
3 22 8 20 1 1 
2 19 17 14 3 
1 17 10 7 3 4 9 3 1 
1 17 17 3 2 1 12 1 1 
6 31 18 
3 9 28 6 9 
1 13 39 1 1 
22 20 6 6 1 
4 16 33 2 
2 33 14 1 5 
20 12 14 9 
5 5 32 12 1 
1 16 6 5 16 7 3 1 
2 8 2 2 9 8 15 6 3 
1 3 46 4 1 
19 18 15 2 1 
1 42 3 1 5 3 
1 32 11 9 2 
7 30 18 
1 28 2 6 8 8 1 1 
12 16 19 1 6 1 
2 34 10 4 1 1 2 1 
39 15 1 
2 25 11 16 1 
12 40 3 
1 46 1 2 4 1 
1 4 4 15 15 8 6 1 1 
4 5 31 3 6 2 3 1 
30 1 1 14 7 1 1 
2 46 2 4 1 
2 44 3 6 
11 4 21 17 1 1 
2 3 8 8 12 9 10 1 2 
4 50 1 
10 29 2 13 1 
2 42 4 6 1 
1 45 9 
7 15 3 22 1 5 2 
2 40 13 
7 41 7 
1 6 42 2 4 
3 23 20 7 2 
4 51 
8 33 14 
4 46 5 
1 8 44 1 1 
2 32 4 14 3 
2 11 17 12 13 
8 30 6 1 3 1 1 4 1 
3 22 27 3 
3 8 27 8 4 2 3 
1 41 2 8 2 1 
2 29 23 1 
2 10 27 8 7 1 
13 36 2 1 1 1 1 
8 30 3 14 
2 18 13 18 4 
1 9 38 6 1 
1 5 14 12 15 5 3 
2 37 5 4 5 1 1 
1 46 6 2 
10 11 30 4 
1 37 5 6 6 
1 34 13 7 
1 24 28 2 
1 11 39 2 1 1 
7 41 4 2 1 
1 39 15 
7 7 12 4 1 6 12 2 3 1 
2 50 1 1 1 
2 6 17 21 4 4 1 
55 
1 44 10 
1 52 1 1 
3 7 13 22 3 7 
49 2 4 
2 47 6 
3 48 3 1 
6 14 25 1 4 4 1 
1 47 4 1 2 
2 13 20 2 10 1 1 6 
51 3 1 
55 
1 50 1 3 
1 30 17 7 
16 1 10 7 15 1 1 2 1 1 
4 14 33 3 1 
1 42 12 
2 26 9 2 11 2 2 1 
4 1 39 10 1 
9 3 13 25 2 1 1 1 
1 44 2 5 1 2 
1 1 15 12 20 6 
6 49 
1 14 30 5 1 3 1 
5 42 8 
2 6 16 10 21 
1 46 7 1 
1 38 9 5 1 1 
1 21 4 1 20 1 5 1 1 
3 1 26 1 24 
53 2 
8 3 15 7 1 18 3 
4 36 3 4 4 1 3 
1 28 9 14 3 
7 5 29 11 3 
22 31 2 
1 16 1 4 26 1 5 1 
1 36 9 1 8 
9 46 
1 19 15 19 1 
3 36 10 4 1 1 
1 36 2 12 3 1 
32 18 5 
5 6 22 3 14 2 3 
1 29 17 6 1 1 
1 15 1 4 34 
1 29 14 3 6 2 
1 23 6 2 8 1 7 6 1 
2 24 29 
3 52 
8 44 1 2 
3 40 11 1 
4 40 7 3 1 
7 13 9 11 2 11 1 1 
2 53 
8 1 18 6 7 4 9 2 
1 12 6 4 4 7 6 1 8 6 
4 24 19 8 
2 53 
8 22 7 4 1 5 7 1 
1 36 18 
2 36 2 2 10 2 1 
2 53 
20 1 15 4 3 2 3 6 1 
4 49 2 
2 51 1 1 
1 13 4 16 2 2 9 1 1 2 1 1 1 1 
1 13 11 17 7 4 1 1 
3 38 1 9 3 1 
1 13 29 11 1 
52 1 1 1 
52 1 2 
27 21 6 1 
1 15 19 15 3 1 1 
3 25 8 4 3 4 3 2 2 1 
3 27 23 1 1 
1 17 27 5 1 4 
55 
8 28 2 9 1 5 2 
16 30 9 
12 34 3 1 1 1 1 1 1 
1 8 40 2 1 1 2 
2 14 19 10 9 1 
15 32 5 1 2 
1 34 6 5 6 1 1 1 
21 30 1 1 2 
1 18 31 1 1 3 
3 50 2 
54 1 
2 3 16 17 5 6 4 2 
1 35 18 1 
2 50 1 1 1 
44 8 2 1 
19 14 1 1 18 1 1 
27 1 26 1 
10 5 40 
12 41 1 1 
55 
54 1 
2 3 32 13 4 1 
9 31 13 1 1 
2 33 20 
7 38 10 
55 
1 31 2 18 3 
1 31 13 4 2 1 1 1 1 
1 51 1 2 
1 24 27 2 1 
1 32 8 14 
3 4 30 6 8 3 1 
1 46 8 
23 18 6 6 2 
1 36 4 2 8 3 1 
3 28 23 1 
4 1 31 8 7 3 1 
1 33 20 1 
50 3 1 1 
3 38 14 
11 1 12 26 3 1 1 
1 7 23 8 12 2 2 
45 3 2 2 1 2 
36 18 1 
45 5 1 4 
3 9 21 10 3 5 1 1 1 1 
5 26 19 5 
2 25 11 6 3 1 1 4 1 1 
48 5 1 1 
1 21 30 3 
17 17 12 8 1 
6 1 36 4 4 3 1 
1 52 2 
4 44 1 5 1 
2 26 27 
33 12 9 1 
1 10 6 31 2 2 3 
7 39 9 
1 33 6 6 9 
1 32 1 21 
4 19 3 5 10 5 7 1 1 
24 28 1 2 
55 
1 10 7 9 20 4 1 2 1 
8 26 6 13 2 
1 12 6 28 6 2 
2 46 2 5 
1 1 53 
1 20 8 4 8 4 6 3 1 
1 44 2 3 1 4 
2 50 2 1 
1 6 31 8 1 4 4 
1 46 8 
14 25 16 
1 41 13 
3 26 26 
2 49 3 1 
4 23 8 2 18 
2 51 1 1 
37 13 1 2 1 1 
2 50 2 1 
1 28 22 4 
1 49 3 2 
17 27 11 
1 35 11 4 1 1 1 1 
3 42 6 2 1 1 
1 45 9 
7 13 12 2 20 1 
38 17 
9 3 6 6 30 1 
34 15 6 
4 14 28 3 2 1 3 
39 7 2 5 2 
2 46 2 3 2 
2 10 42 1 
44 3 3 1 3 1 
7 8 18 8 14 
1 4 41 5 1 1 1 1 
24 14 3 14 
4 28 15 5 2 1 
16 15 14 1 3 6 
2 51 2 
5 5 34 2 5 2 1 1 
2 19 34 
10 40 4 1 
33 4 11 5 2 
1 21 16 16 1 
14 18 6 8 9 
1 36 3 5 10 
5 6 24 15 1 1 1 1 1 
1 41 9 4 
2 2 13 3 14 6 9 3 1 1 1 
22 33 
5 40 7 3 
1 53 1 
1 42 6 4 2 
1 36 13 3 1 1 
1 48 1 5 
4 12 24 9 6 
3 32 20 
9 24 16 6 
16 36 3 
36 11 2 5 1 
3 4 3 3 6 3 8 17 1 4 2 1 
5 50 
3 21 15 12 4 
2 32 6 9 2 2 2 
1 54 
1 10 24 19 1 
43 10 2 
1 32 19 1 2 
32 22 1 
1 19 27 2 1 5 
5 43 1 2 2 2 
2 7 35 5 2 3 1 
1 51 3 
2 42 8 3 
5 26 19 3 2 
15 6 34 
8 8 6 29 4 
1 39 14 1 
4 22 22 2 5 
4 44 7 
3 28 16 1 3 2 2 
13 25 4 9 4 
2 15 2 25 1 6 2 1 1 
8 31 16 
1 28 12 1 7 6 
20 12 11 1 10 1 
1 31 13 5 4 1 
1 32 15 3 4 
1 41 13 
4 6 38 4 2 1 
1 2 48 1 1 1 1 
1 46 1 3 3 1 
51 3 1 
27 21 2 2 3 
30 3 8 5 5 1 3 
3 30 9 4 9 
23 7 23 1 1 
39 3 8 4 1 
1 15 8 30 1 
1 52 1 1 
14 11 14 8 1 3 2 1 1 
2 23 26 2 1 1 
1 8 10 28 3 2 1 2 
10 36 5 3 1 
5 22 4 19 3 2 
4 5 46 
4 25 7 3 11 1 3 1 
3 48 4 
1 31 5 4 1 5 6 1 1 
18 36 1 
1 14 18 20 1 1 
1 34 12 3 3 1 1 
14 16 17 3 5 
1 36 4 2 5 6 1 
29 21 4 1 
1 42 3 1 7 1 
1 43 1 7 3 
3 27 3 5 2 2 1 7 4 1 
1 37 1 12 3 1 
1 7 36 9 2 
4 6 4 6 9 25 1 
35 10 7 1 2 
22 10 23 
4 43 6 1 1 
54 1 
11 3 17 1 13 10 
13 19 8 2 9 2 1 1 
1 18 29 3 4 
1 35 3 16 
9 35 6 3 1 1 
1 47 4 2 1 
1 21 3 28 1 1 
2 51 1 1 
1 26 27 1 
36 16 2 1 
6 47 2 
1 44 6 1 2 1 
3 24 28 
15 9 31 
30 11 12 2 
1 16 17 7 8 3 3 
24 19 9 2 1 
1 29 17 7 1 
50 3 2 
5 14 16 15 5 
1 22 6 9 17 
1 52 1 1 
1 48 5 1 
1 3 12 21 2 7 5 4 
12 29 8 6 
2 53 
3 2 10 31 9 
22 12 13 2 3 1 2 
2 3 44 5 1 
27 20 6 1 1 
49 6 
2 21 29 1 1 1 
8 7 6 4 10 9 5 1 4 1 
46 2 1 1 5 
1 33 5 11 1 3 1 
2 47 4 1 1 
5 6 16 20 1 6 1 
3 3 33 16 
6 38 7 2 1 1 
