2 19 31 3 1 
2 39 2 11 1 1 
1 48 7 
7 47 2 
3 41 2 6 2 2 
1 52 3 
3 7 35 3 1 1 3 1 2 
1 36 10 5 4 
1 25 26 2 1 1 
13 2 29 4 8 
20 27 8 1 
26 23 4 3 
1 32 3 20 
1 24 15 13 1 2 
1 1 12 4 8 12 15 2 1 
1 12 7 27 9 
1 27 15 2 11 
6 16 30 1 1 1 1 
1 24 15 3 10 1 1 1 
2 44 9 1 
2 47 7 
3 51 1 1 
2 9 15 1 3 11 7 2 2 1 3 
1 40 12 2 1 
2 18 31 4 1 
1 44 11 
5 3 23 2 2 16 3 2 
10 24 5 17 
1 29 16 5 1 2 2 
23 4 14 9 2 2 2 
13 40 3 
56 
4 9 33 2 6 1 1 
4 49 1 2 
1 53 2 
1 55 
51 3 2 
1 5 46 3 1 
1 17 38 
1 45 9 1 
1 47 3 2 1 1 1 
17 2 11 23 2 1 
4 40 4 2 3 2 1 
2 29 14 6 5 
2 49 1 1 3 
8 1 44 3 
1 20 19 7 1 7 1 
2 48 6 
3 6 46 1 
5 2 49 
1 25 10 17 1 1 1 
1 12 28 4 2 3 4 2 
47 1 8 
1 52 1 2 
4 42 9 1 
1 34 9 5 1 4 1 1 
1 28 10 10 4 2 1 
45 2 4 5 
4 3 47 2 
1 23 32 
1 12 38 2 3 
4 40 2 4 1 3 1 1 
14 30 6 3 3 
1 21 10 12 8 4 
5 50 1 
1 42 13 
1 13 10 31 1 
1 20 30 2 2 1 
1 42 8 2 1 1 1 
1 51 3 1 
1 42 9 4 
6 22 22 1 4 1 
1 54 1 
1 47 2 2 1 2 1 
1 22 10 12 11 
1 49 1 2 2 1 
1 9 8 1 22 4 2 2 3 2 1 1 
4 45 7 
1 54 1 
2 21 2 14 13 1 2 1 
2 5 44 1 1 1 1 1 
1 43 4 3 4 1 
1 34 21 
1 23 25 4 3 
45 7 4 
1 29 15 6 2 1 1 1 
1 5 2 12 15 7 6 1 4 2 1 
3 46 5 1 1 
2 49 4 1 
1 16 12 20 3 1 3 
38 5 10 3 
17 22 11 2 1 3 
3 3 11 2 19 2 13 3 
27 15 14 
1 40 10 2 1 2 
4 20 22 1 6 1 1 1 
3 52 1 
1 37 14 3 1 
1 45 8 2 
2 27 13 6 8 
2 28 17 6 2 1 
2 6 22 23 1 2 
8 31 1 13 1 2 
3 10 33 7 3 
9 43 1 1 2 
1 52 3 
1 29 8 2 2 2 1 4 2 4 1 
1 45 1 2 3 2 1 1 
1 35 19 1 
1 4 30 18 3 
8 7 7 18 13 3 
1 32 1 5 14 2 1 
2 40 11 2 1 
1 42 13 
5 35 8 3 4 1 
2 15 24 13 2 
21 34 1 
3 21 19 12 1 
32 2 8 7 7 
3 12 31 10 
1 39 5 5 5 1 
11 17 11 10 1 2 3 1 
2 15 4 33 1 1 
2 40 9 5 
4 26 15 2 4 4 1 
1 18 23 2 10 1 1 
1 47 1 6 1 
48 4 1 3 
1 23 32 
1 35 5 11 1 1 2 
2 29 6 18 1 
48 2 5 1 
5 25 17 4 3 2 
24 32 
1 6 15 25 7 2 
1 28 27 
1 28 6 9 9 3 
2 5 7 25 16 1 
35 16 5 
28 4 24 
1 46 2 6 1 
53 1 2 
4 4 48 
1 48 6 1 
19 22 1 1 1 6 2 2 2 
3 12 20 10 11 
1 46 2 4 2 1 
4 43 8 1 
4 49 3 
16 39 1 
16 9 15 16 
1 8 22 19 4 2 
37 9 7 2 1 
1 51 4 
3 36 17 
6 17 20 11 1 1 
1 29 2 22 2 
28 1 17 4 5 1 
2 48 6 
43 5 2 2 4 
56 
6 7 6 20 17 
8 44 1 2 1 
8 14 17 4 7 4 2 
4 37 13 2 
3 31 7 10 1 4 
1 54 1 
1 43 12 
3 29 7 5 10 1 1 
3 23 10 6 2 4 7 1 
6 19 15 8 2 2 1 3 
2 1 24 8 10 8 1 1 1 
1 40 6 2 1 3 3 
2 19 30 1 4 
1 18 24 5 2 6 
1 24 20 6 5 
5 7 1 21 20 2 
2 52 2 
1 49 1 5 
2 9 16 19 10 
12 40 1 3 
12 19 1 20 3 1 
3 2 5 6 13 11 7 7 2 
2 27 6 9 7 1 1 2 1 
2 51 1 1 1 
1 3 6 41 4 1 
5 31 18 1 1 
2 19 26 9 
11 11 29 5 
7 15 4 8 16 2 4 
1 33 16 2 1 1 1 1 
1 44 5 6 
10 27 10 1 1 7 
29 11 3 1 9 2 1 
5 34 14 1 2 
36 20 
19 30 7 
1 31 23 1 
4 20 19 13 
5 38 9 4 
6 49 1 
2 38 16 
1 7 25 5 6 7 4 1 
38 5 3 5 4 1 
9 19 22 6 
2 35 19 
5 24 27 
25 24 3 3 1 
3 48 5 
13 34 1 6 2 
1 18 35 2 
1 54 1 
2 40 4 6 4 
1 2 13 10 23 5 2 
1 28 24 3 
10 1 11 25 1 6 1 1 
3 35 7 6 3 2 
1 25 5 9 1 14 1 
1 25 17 3 4 1 3 2 
2 20 15 6 10 2 1 
2 42 1 1 4 2 2 2 
6 25 11 12 1 1 
1 12 26 13 3 1 
1 15 12 6 12 5 5 
2 16 21 12 5 
13 26 6 11 
5 31 8 7 2 2 1 
6 17 26 1 4 1 1 
1 23 15 2 2 5 2 4 2 
5 7 23 11 10 
1 51 4 
1 26 22 4 3 
1 19 20 10 3 2 1 
5 18 21 3 1 8 
7 13 29 6 1 
1 43 2 8 1 1 
1 5 27 9 10 4 
7 7 6 17 16 1 1 1 
1 24 28 1 2 
2 4 10 8 13 13 4 2 
1 38 7 4 2 1 3 
1 40 7 6 1 1 
18 16 22 
1 16 9 4 9 11 5 1 
56 
2 24 29 1 
7 3 11 35 
17 32 5 2 
1 22 10 7 13 1 2 
3 37 11 2 3 
2 27 3 10 6 3 5 
2 52 1 1 
2 11 28 2 2 2 3 5 1 
29 16 9 2 
25 12 12 2 2 2 1 
1 32 8 13 2 
1 53 2 
52 2 1 1 
2 42 10 2 
1 13 13 3 16 9 1 
5 51 
1 55 
17 25 1 13 
1 43 3 7 1 1 
56 
1 7 6 6 6 5 4 4 8 1 6 1 1 
2 15 28 11 
5 25 26 
19 18 12 4 3 
1 50 5 
2 13 23 2 5 10 1 
1 30 5 17 3 
1 7 17 8 17 5 1 
6 42 4 4 
18 32 6 
1 24 30 1 
3 47 4 2 
1 20 5 4 23 1 1 1 
40 13 3 
9 40 1 3 2 1 
6 40 10 
45 10 1 
1 55 
8 46 1 1 
2 54 
1 38 13 3 1 
4 9 13 13 3 1 1 10 1 1 
2 21 10 7 5 7 1 3 
1 33 9 11 2 
6 12 12 3 2 14 6 1 
20 19 6 7 4 
5 39 9 2 1 
6 47 1 2 
56 
2 49 3 1 1 
1 38 16 1 
1 23 9 13 7 2 1 
1 9 10 27 9 
3 32 6 8 7 
1 1 23 26 2 2 1 
1 33 4 7 5 5 1 
15 19 4 3 7 2 2 3 1 
4 46 6 
4 10 32 3 3 1 2 1 
5 32 19 
1 48 7 
1 21 19 12 1 2 
40 1 9 4 2 
34 16 6 
18 12 6 6 14 
1 18 25 1 11 
2 29 16 2 3 4 
8 36 10 1 1 
1 9 14 31 1 
3 14 24 3 10 2 
27 22 4 3 
1 17 38 
50 1 2 2 1 
17 17 4 4 4 2 5 2 1 
7 39 9 1 
3 1 14 7 22 6 3 
1 14 14 8 5 7 7 
8 29 16 1 1 1 
44 9 2 1 
1 40 1 14 
1 3 45 4 3 
2 29 25 
33 5 18 
2 34 20 
5 19 32 
1 39 2 9 1 4 
16 1 37 1 1 
3 50 2 1 
43 5 8 
1 32 14 6 3 
2 2 28 5 4 7 8 
2 19 5 11 16 1 2 
1 44 3 4 4 
48 3 1 4 
17 17 2 9 10 1 
3 24 23 5 1 
2 54 
3 48 3 1 1 
3 12 40 1 
7 27 16 3 1 2 
36 9 11 
1 6 9 9 28 1 2 
1 9 21 14 2 1 5 1 2 
21 16 8 2 3 4 1 1 
1 54 1 
1 29 17 6 3 
55 1 
55 1 
13 1 41 1 
2 30 24 
3 24 19 10 
1 43 12 
1 11 9 3 17 1 6 6 2 
1 9 20 17 7 1 1 
3 10 16 3 1 10 4 3 2 4 
19 3 11 14 9 
1 27 24 4 
52 1 1 2 
24 30 2 
55 1 
10 44 1 1 
7 40 6 1 2 
3 53 
27 15 11 3 
1 16 7 25 1 3 3 
2 28 19 4 3 
1 2 30 4 5 12 2 
7 12 21 3 11 2 
55 1 
28 8 5 11 3 1 
1 2 45 7 1 
9 43 4 
2 38 10 4 1 1 
3 49 1 3 
7 32 17 
5 42 7 2 
5 4 45 2 
1 22 32 1 
3 23 23 4 2 1 
1 49 5 1 
10 42 4 
8 14 27 3 3 1 
3 13 1 6 16 8 6 1 2 
56 
4 39 9 3 1 
19 19 7 10 1 
1 53 1 1 
6 45 4 1 
5 5 37 2 6 1 
27 20 9 
2 21 12 9 11 1 
1 3 52 
1 29 26 
1 2 47 2 3 1 
1 18 5 11 1 17 3 
29 3 14 1 8 1 
52 2 2 
1 6 28 6 15 
2 46 8 
6 2 44 3 1 
5 39 12 
1 18 3 15 8 2 9 
1 33 21 1 
30 7 3 2 6 1 4 1 1 1 
30 17 9 
4 20 22 6 4 
11 41 2 2 
1 37 16 1 1 
2 19 30 3 1 1 
4 3 40 3 3 2 1 
1 50 5 
1 36 12 5 1 1 
1 24 13 13 2 1 1 1 
2 54 
44 10 1 1 
2 46 3 4 1 
41 14 1 
1 26 16 10 1 1 1 
5 31 2 5 6 2 1 2 1 1 
1 37 7 4 6 1 
9 38 8 1 
2 16 34 2 2 
46 6 4 
1 30 25 
30 6 8 5 5 2 
4 47 1 4 
5 26 6 12 6 1 
2 24 22 1 4 3 
1 36 19 
15 2 28 6 2 2 1 
56 
8 14 8 14 6 3 2 1 
1 15 11 5 6 2 8 3 3 2 
8 20 23 5 
3 36 17 
3 41 4 6 2 
1 5 9 23 11 6 1 
2 53 1 
1 50 4 1 
1 47 8 
1 43 10 1 1 
1 12 16 25 1 1 
2 12 6 5 17 11 3 
13 7 34 1 1 
1 15 18 7 5 10 
4 8 31 1 4 3 5 
9 13 30 4 
12 30 10 4 
1 17 3 5 2 23 4 1 
4 27 3 5 15 1 1 
51 4 1 
8 17 16 8 5 1 1 
8 30 18 
14 8 15 13 3 2 1 
1 45 7 3 
1 23 19 7 2 2 2 
1 46 5 2 2 
51 1 1 3 
1 48 5 2 
1 27 14 9 1 4 
3 25 28 
28 12 3 11 2 
9 34 9 4 
1 52 1 1 1 
1 5 23 1 21 1 4 
1 16 28 9 1 1 
34 6 14 1 1 
1 3 29 3 5 2 4 6 1 1 1 
5 26 7 7 5 1 5 
20 6 17 1 6 2 2 1 1 
40 16 
11 1 23 18 1 2 
1 16 33 5 1 
4 39 11 1 1 
1 35 19 1 
2 42 12 
1 53 1 1 
29 8 10 4 1 3 1 
4 18 2 32 
11 39 2 3 1 
2 21 24 7 2 
56 
2 44 2 2 1 1 1 1 2 
2 41 7 5 1 
2 2 28 22 1 1 
1 4 38 7 5 1 
1 35 5 14 1 
1 18 29 5 3 
10 35 2 1 6 2 
1 9 29 1 12 1 2 1 
13 38 5 
8 39 4 5 
3 30 1 2 13 2 2 1 1 1 
3 14 19 12 8 
1 54 1 
1 13 42 
11 19 2 23 1 
4 4 15 29 4 
2 14 39 1 
6 37 6 7 
1 30 17 7 1 
50 5 1 
4 51 1 
1 48 1 1 5 
7 32 6 5 3 2 1 
2 1 22 18 10 2 1 
1 26 26 1 1 1 
1 19 34 2 
11 25 5 4 3 2 5 1 
56 
35 17 1 2 1 
4 23 10 16 2 1 
7 6 11 14 3 3 5 4 3 
5 47 4 
47 1 4 2 2 
2 25 10 5 5 6 1 1 1 
2 15 24 8 3 2 2 
1 37 11 4 2 1 
2 41 7 5 1 
7 34 14 1 
1 48 7 
12 42 2 
12 20 23 1 
1 28 18 9 
1 7 48 
1 6 11 31 5 1 1 
1 48 7 
50 5 1 
1 27 28 
1 27 20 6 1 1 
1 14 4 11 6 6 12 1 1 
1 54 1 
6 44 2 4 
5 17 26 8 
3 20 1 14 7 1 7 1 1 1 
1 27 16 10 2 
1 12 13 28 2 
1 30 18 6 1 
1 3 33 19 
3 15 38 
2 38 4 6 4 1 1 
6 5 16 13 5 1 3 4 3 
1 32 5 11 1 6 
4 35 10 4 1 1 1 
1 50 5 
1 27 19 8 1 
10 39 3 1 1 1 1 
2 48 2 3 1 
1 9 36 1 4 5 
12 23 1 18 2 
1 20 35 
3 4 20 28 1 
2 20 32 1 1 
5 6 9 25 4 3 4 
1 16 11 20 7 1 
1 34 19 2 
1 12 12 6 20 1 2 1 1 
3 49 3 1 
17 20 12 6 1 
1 19 5 26 1 3 1 
6 9 29 4 4 4 
1 24 5 3 15 1 2 1 1 2 1 
2 17 12 2 10 5 1 4 2 1 
4 5 37 6 4 
13 15 27 1 
1 22 26 6 1 
1 27 22 2 2 1 1 
3 44 2 7 
2 47 2 3 2 
1 44 3 3 1 1 1 2 
2 13 41 
2 26 26 2 
41 13 2 
2 33 8 13 
3 17 30 2 4 
1 5 6 36 3 5 
6 46 3 1 
3 26 23 3 1 
17 12 18 1 4 3 1 
1 12 25 13 4 1 
17 24 13 2 
2 44 1 9 
11 25 1 3 5 9 1 1 
5 43 4 2 2 
1 46 5 4 
10 2 35 8 1 
1 31 14 3 6 1 
1 44 1 7 2 1 
4 27 21 2 1 1 
1 5 8 27 5 9 1 
4 10 40 2 
1 37 18 
3 18 6 19 10 
1 50 2 3 
14 35 7 
1 23 26 3 1 2 
3 9 36 5 2 1 
49 6 1 
10 26 5 9 4 2 
1 42 4 2 5 2 
35 13 8 
1 30 21 2 1 1 
3 26 11 15 1 
1 50 5 
1 10 28 1 16 
12 22 5 16 1 
1 50 1 4 
5 18 13 14 6 
43 11 2 
8 47 1 
2 8 5 12 27 1 1 
23 2 1 11 1 17 1 
8 7 36 1 4 
24 25 3 2 1 1 
1 16 39 
5 33 17 1 
10 1 22 23 
1 10 3 11 23 1 7 
3 2 10 21 16 4 
2 47 7 
1 30 25 
6 35 9 1 4 1 
1 48 1 3 3 
1 15 9 3 13 15 
2 52 2 
1 5 46 4 
1 24 19 9 3 
1 25 24 1 3 1 1 
4 37 8 7 
6 20 30 
3 4 48 1 
4 22 19 7 1 2 1 
2 48 3 2 1 
24 12 9 9 2 
54 2 
1 27 9 19 
1 38 3 11 1 2 
7 33 15 1 
1 46 6 2 1 
1 36 6 12 1 
1 54 1 
7 41 4 3 1 
2 39 10 3 1 1 
10 15 30 1 
22 30 1 3 
1 6 3 2 1 36 3 2 2 
1 5 16 25 2 7 
35 14 4 3 
1 14 29 2 9 1 
1 48 7 
2 50 4 
56 
10 42 4 
8 40 5 3 
1 21 15 12 7 
1 36 14 3 2 
56 
4 19 11 4 9 6 1 2 
1 23 5 21 2 4 
1 6 21 15 11 1 1 
2 40 8 4 2 
1 25 22 8 
1 21 12 2 20 
1 21 7 2 1 21 3 
8 9 36 1 1 1 
13 43 
1 23 32 
51 1 3 1 
1 53 1 1 
2 48 4 2 
1 34 10 4 2 2 1 1 1 
56 
7 1 40 3 5 
15 21 11 7 2 
3 40 7 4 2 
1 41 1 4 6 1 2 
5 38 5 7 1 
19 13 15 4 1 1 3 
1 52 1 2 
1 7 24 14 5 2 1 1 1 
4 27 10 8 3 1 2 1 
3 2 1 47 3 
3 21 21 10 1 
7 37 7 2 2 1 
3 29 1 20 1 1 1 
1 45 10 
22 13 4 6 6 5 
1 13 13 23 4 2 
1 36 6 4 8 1 
1 22 9 5 6 8 5 
1 11 40 2 2 
3 25 28 
2 31 13 3 3 2 2 
5 9 22 17 1 1 1 
37 5 12 1 1 
1 25 29 1 
29 24 2 1 
40 10 6 
5 40 10 1 
10 46 
1 45 10 
1 24 6 17 8 
6 37 2 10 1 
8 8 7 23 4 1 4 1 
56 
1 40 15 
2 12 38 2 1 1 
20 34 2 
8 23 23 1 1 
11 5 13 24 3 
1 51 1 3 
1 28 4 19 1 3 
56 
9 34 4 7 2 
1 31 22 2 
4 9 16 12 3 11 1 
45 5 6 
1 10 7 18 20 
2 38 1 9 5 1 
1 34 12 4 2 3 
4 6 2 32 11 1 
19 11 20 4 1 1 
1 40 14 1 
4 35 10 5 1 1 
17 10 27 2 
13 2 8 22 4 3 2 1 1 
1 21 31 2 1 
2 52 2 
1 9 40 6 
1 39 12 1 3 
10 42 4 
10 6 13 18 5 4 
1 25 5 10 2 6 4 3 
4 38 9 4 1 
1 8 22 18 6 1 
25 18 6 4 1 2 
5 45 4 1 1 
1 41 14 
2 50 4 
2 41 11 1 1 
1 31 20 2 1 1 
50 6 
40 15 1 
3 31 13 3 6 
2 31 8 15 
3 36 4 6 1 3 2 1 
1 1 40 1 13 
1 19 9 26 1 
53 2 1 
56 
56 
10 7 18 15 4 2 
4 34 5 9 4 
2 6 32 1 11 4 
9 43 1 2 1 
1 25 27 2 1 
1 54 1 
3 19 27 3 2 1 1 
1 11 43 1 
2 38 2 14 
1 22 31 2 
1 15 11 9 13 3 3 1 
2 21 31 2 
1 14 41 
7 15 16 17 1 
3 14 18 12 4 2 3 
50 3 1 1 1 
3 30 10 3 9 1 
1 21 18 12 4 
1 3 52 
53 3 
1 13 28 13 1 
5 2 38 4 4 3 
1 47 4 3 1 
8 39 8 1 
2 23 14 17 
1 27 15 10 2 1 
1 4 14 22 10 3 2 
1 42 8 4 1 
28 2 6 1 14 5 
3 10 29 12 1 1 
1 25 28 1 1 
1 30 25 
31 8 15 2 
3 17 36 
2 36 4 2 6 2 3 1 
1 41 3 11 
56 
2 27 27 
11 40 2 2 1 
3 41 10 1 1 
3 53 
1 23 17 4 6 5 
2 5 25 14 10 
2 27 14 8 3 1 1 
13 33 9 1 
53 1 2 
26 20 8 1 1 
2 25 6 20 3 
12 26 8 4 2 3 1 
33 10 13 
2 17 6 18 7 4 2 
1 54 1 
1 9 32 1 9 2 2 
2 35 11 2 4 1 1 
2 18 3 28 5 
7 34 1 12 1 1 
2 43 10 1 
1 48 1 6 
1 14 29 1 8 3 
1 33 9 13 
1 16 1 13 14 5 3 3 
6 32 16 2 
2 42 8 1 3 
12 14 10 7 3 8 2 
56 
3 26 20 6 1 
1 25 10 14 5 1 
2 2 10 29 2 2 7 1 1 
5 45 6 
31 16 2 4 1 2 
2 26 27 1 
6 35 14 1 
2 52 2 
22 12 1 11 3 5 2 
6 50 
1 44 11 
1 20 2 4 17 10 2 
6 28 11 11 
2 4 6 21 23 
1 1 11 5 13 21 1 1 1 1 
3 46 6 1 
16 28 3 8 1 
1 14 1 17 11 2 10 
1 3 20 17 2 13 
10 34 1 5 4 2 
13 17 7 2 17 
6 26 1 23 
1 33 22 
1 21 15 18 1 
1 51 4 
2 49 1 1 1 2 
49 6 1 
3 24 13 13 2 1 
4 46 4 2 
1 40 1 7 2 2 2 1 
3 3 30 2 1 5 4 3 1 2 1 1 
1 31 16 5 1 1 1 
1 30 4 1 7 11 1 1 
2 5 41 4 2 2 
56 
1 18 11 18 1 3 2 2 
1 48 7 
34 12 9 1 
1 3 45 7 
1 8 19 7 6 5 6 1 3 
1 17 12 12 7 6 1 
1 49 6 
6 27 1 5 12 5 
2 27 16 3 8 
4 8 2 24 6 6 3 2 1 
9 14 15 3 5 10 
1 28 4 20 3 
1 8 31 11 5 
3 8 44 1 
31 18 6 1 
1 36 19 
7 34 15 
4 40 11 1 
1 31 19 2 3 
2 11 7 3 19 1 4 7 2 
6 12 32 2 4 
1 1 18 14 2 9 7 4 
2 18 10 18 6 2 
1 10 24 13 8 
7 12 34 2 1 
1 38 16 1 
1 29 14 3 7 1 1 
2 40 14 
1 48 1 5 1 
3 26 2 5 14 3 2 1 
1 12 43 
1 2 4 18 10 20 1 
1 42 7 6 
1 10 16 4 14 10 1 
11 12 1 18 3 11 
5 17 21 12 1 
1 8 23 2 8 13 1 
6 25 24 1 
20 20 4 6 6 
1 53 1 1 
1 23 18 8 1 4 1 
2 27 19 3 2 3 
2 20 33 1 
13 14 5 15 9 
1 39 10 5 1 
28 7 5 2 1 7 3 3 
1 49 1 2 2 1 
1 32 9 9 4 1 
1 9 38 5 2 1 
1 20 8 9 12 3 3 
42 13 1 
32 1 9 10 4 
3 24 7 16 2 1 3 
14 15 2 19 2 1 2 1 
44 11 1 
3 51 1 1 
1 26 11 6 6 4 1 1 
1 18 37 
1 31 5 3 16 
1 52 3 
3 37 7 6 3 
6 7 40 2 1 
14 22 7 6 5 2 
1 49 6 
56 
1 43 10 1 1 
1 7 35 10 3 
1 50 4 1 
1 28 15 1 8 1 2 
4 20 15 3 1 7 5 1 
1 27 27 1 
1 45 8 1 1 
1 10 19 22 4 
3 37 9 4 3 
53 1 1 1 
1 20 35 
12 42 2 
18 23 12 1 2 
1 25 29 1 
6 28 22 
1 39 16 
2 19 18 17 
9 22 23 2 
9 46 1 
2 11 9 8 16 2 8 
5 37 13 1 
1 1 19 20 10 4 1 
2 29 7 17 1 
3 9 33 3 7 1 
4 13 5 33 1 
1 2 51 2 
1 12 10 29 4 
8 15 20 8 2 3 
1 48 1 2 3 1 
1 13 21 16 5 
2 12 1 12 10 6 8 5 
2 18 10 23 1 1 1 
1 27 14 5 3 5 1 
2 36 15 1 2 
1 3 15 14 23 
55 1 
1 11 35 6 3 
5 49 2 
2 39 7 1 7 
2 41 7 5 1 
3 35 5 11 2 
12 28 9 7 
2 20 6 10 6 3 8 1 
4 43 6 1 2 
1 4 22 2 13 7 1 5 1 
1 50 5 
1 38 6 5 3 1 2 
2 36 11 3 2 1 1 
6 32 10 6 2 
3 41 12 
1 39 8 5 1 1 1 
46 9 1 
1 48 7 
4 10 3 38 1 
3 30 6 16 1 
32 15 3 2 2 1 1 
1 41 5 6 3 
4 28 17 6 1 
5 49 2 
14 20 22 
36 20 
1 10 3 4 23 3 7 5 
1 35 19 1 
1 34 21 
1 20 7 28 
1 45 4 2 1 3 
5 49 2 
1 38 15 2 
1 6 3 6 26 5 6 2 1 
1 25 27 2 1 
1 16 6 20 6 7 
1 42 11 2 
1 9 4 23 2 17 
2 36 3 4 6 2 2 1 
56 
5 32 14 2 2 1 
1 39 7 6 2 1 
12 14 25 3 2 
5 28 21 1 1 
45 5 2 2 2 
1 30 5 5 15 
20 31 2 1 1 1 
3 18 7 16 1 1 1 4 3 1 1 
7 6 40 3 
1 39 7 5 3 1 
2 36 3 15 
10 37 1 4 1 2 1 
1 6 41 3 5 
20 34 2 
4 48 4 
1 41 11 3 
5 33 17 1 
1 6 32 12 5 
3 45 8 
1 9 35 10 1 
27 1 24 4 
2 28 20 2 2 2 
1 8 29 9 4 3 1 1 
2 15 29 4 1 5 
4 28 24 
2 4 41 7 2 
1 51 4 
1 10 45 
2 41 10 2 1 
1 30 25 
22 30 3 1 
5 38 12 1 
1 25 21 3 3 1 2 
56 
5 44 1 3 1 1 1 
1 1 36 18 
2 44 4 5 1 
9 25 13 1 2 5 1 
16 1 4 10 2 21 1 1 
1 13 32 2 1 5 1 1 
1 5 14 16 3 4 5 3 1 2 1 1 
3 11 31 9 2 
1 44 11 
1 42 13 
1 50 1 3 1 
2 53 1 
1 49 5 1 
12 23 12 5 1 1 1 1 
4 33 5 11 2 1 
1 45 3 6 1 
2 45 1 6 1 1 
16 12 10 15 3 
1 48 4 3 
1 29 20 5 1 
2 34 7 6 1 1 2 3 
1 50 1 4 
1 51 3 1 
31 18 6 1 
2 19 19 2 5 8 1 
1 36 8 5 6 
1 49 5 1 
1 6 26 13 1 4 4 1 
2 35 15 2 2 
4 14 12 10 1 10 1 4 
1 10 25 12 3 3 1 1 
4 26 19 1 2 1 3 
19 36 1 
54 1 1 
1 48 2 5 
14 35 1 1 1 1 3 
7 25 11 7 5 1 
1 40 15 
7 24 10 13 1 1 
2 14 9 25 6 
1 28 10 11 6 
8 4 33 10 1 
17 6 17 5 3 5 1 1 1 
1 51 1 3 
1 3 13 19 10 4 4 1 1 
1 52 3 
1 39 2 2 8 1 2 1 
2 35 4 1 5 5 2 1 1 
1 19 35 1 
1 30 9 1 5 5 5 
1 13 28 8 3 3 
2 3 7 18 5 18 3 
4 32 9 2 8 1 
1 47 8 
5 16 31 3 1 
2 7 45 1 1 
46 2 4 3 1 
2 21 19 13 1 
3 3 13 11 23 3 
7 21 13 11 2 1 1 
56 
1 10 10 10 11 13 1 
35 21 
3 11 2 11 5 16 8 
4 25 19 2 1 2 3 
7 33 11 4 1 
2 48 5 1 
38 5 8 4 1 
2 10 24 13 1 5 1 
56 
1 10 45 
1 20 11 16 8 
2 36 6 9 3 
1 7 32 12 3 1 
33 13 1 1 6 2 
1 36 9 7 3 
1 1 51 3 
2 4 2 32 5 3 6 1 1 
1 52 2 1 
1 41 7 1 6 
6 33 12 3 2 
6 17 20 1 3 6 1 2 
3 50 3 
1 30 9 13 3 
56 
12 30 13 1 
16 10 29 1 
2 51 3 
1 49 1 4 1 
2 22 15 3 11 3 
1 12 14 3 15 7 2 1 1 
1 17 38 
1 50 5 
53 1 1 1 
13 40 2 1 
2 32 15 2 5 
1 14 29 2 7 3 
30 26 
50 2 2 2 
1 34 5 12 4 
3 10 19 18 5 1 
1 24 31 
6 4 14 10 4 9 3 2 2 2 
12 31 13 
1 26 22 5 1 1 
3 38 3 6 4 2 
21 30 4 1 
1 13 18 3 11 10 
2 50 1 2 1 
1 20 35 
3 5 48 
1 14 4 32 1 1 2 1 
1 13 24 14 1 3 
1 40 7 6 2 
1 4 5 10 19 9 8 
27 10 19 
55 1 
33 1 12 7 1 2 
1 49 3 1 1 1 
8 47 1 
19 20 2 2 7 6 
5 29 21 1 
3 29 5 16 2 1 
4 19 24 1 5 1 1 1 
48 7 1 
1 21 19 10 2 1 1 1 
2 16 27 4 2 2 1 1 1 
4 49 1 1 1 
4 42 8 2 
1 15 40 
2 9 42 2 1 
12 1 40 1 2 
38 18 
12 25 11 5 2 1 
37 9 4 3 1 1 1 
1 13 9 33 
1 52 1 2 
1 23 6 4 10 4 6 1 1 
1 35 17 1 2 
1 48 7 
3 27 22 2 1 1 
7 24 17 7 1 
1 33 21 1 
25 14 17 
13 25 4 11 1 1 1 
4 1 20 13 1 4 9 1 3 
1 45 10 
3 2 22 14 8 5 1 1 
9 2 12 8 9 16 
11 30 7 8 
2 45 1 8 
4 52 
1 42 12 1 
4 2 8 28 1 1 4 1 5 2 
1 42 5 1 6 1 
3 51 1 1 
31 23 2 
1 45 4 6 
1 51 4 
4 41 8 3 
51 3 1 1 
1 20 5 15 14 1 
1 14 9 32 
1 40 8 6 1 
15 25 10 5 1 
40 6 4 3 1 2 
1 52 2 1 
1 16 32 6 1 
4 36 9 4 2 1 
31 15 9 1 
1 36 4 13 1 1 
7 19 26 1 3 
1 7 14 17 13 3 1 
21 33 2 
5 32 17 2 
3 6 27 2 4 11 3 
2 14 40 
1 48 4 1 2 
11 26 10 9 
2 15 27 1 9 1 1 
2 15 12 3 16 2 2 1 2 1 
16 20 12 1 2 5 
2 32 13 7 2 
1 10 2 7 15 3 1 2 4 7 3 1 
1 43 12 
1 44 5 4 1 1 
1 40 14 1 
6 49 1 
26 10 20 
1 32 5 8 7 2 1 
14 25 12 1 4 
7 33 16 
3 43 4 2 2 2 
3 51 1 1 
3 43 10 
2 6 44 1 2 1 
4 52 
1 53 2 
34 21 1 
1 7 32 9 1 2 2 1 1 
3 36 8 9 
2 52 2 
1 55 
1 35 20 
2 26 7 7 10 4 
1 44 11 
3 50 2 1 
28 11 16 1 
2 31 4 17 2 
1 19 36 
23 33 
1 20 29 6 
1 21 3 1 9 19 2 
1 36 18 1 
2 6 7 24 12 5 
1 27 24 1 1 2 
7 45 4 
17 27 7 3 1 1 
1 49 6 
1 38 17 
2 37 17 
13 14 22 7 
1 2 14 20 17 2 
33 9 11 1 2 
3 18 22 3 4 1 1 4 
3 33 9 11 
33 1 7 7 7 1 
1 7 10 24 14 
3 45 3 1 3 1 
1 42 9 2 2 
3 46 7 
2 5 14 5 14 15 1 
13 41 1 1 
3 49 2 2 
1 40 12 2 1 
8 33 15 
7 25 2 2 1 16 1 2 
5 49 2 
13 1 32 6 1 3 
10 4 5 23 13 1 
1 48 5 1 1 
1 12 25 7 6 5 
2 7 37 2 3 5 
5 4 42 2 1 1 1 
30 10 1 10 4 1 
4 31 18 1 1 1 
1 33 21 1 
3 30 19 4 
1 44 1 10 
13 6 34 3 
14 36 4 2 
1 5 7 30 10 1 2 
8 15 14 15 4 
1 23 22 2 6 1 1 
3 5 22 16 10 
4 22 5 9 6 8 1 1 
1 41 2 10 2 
3 3 21 2 23 1 2 1 
2 37 4 3 10 
7 48 1 
15 19 15 6 1 
2 8 14 30 1 1 
3 21 14 6 1 2 1 2 2 3 1 
1 6 25 13 3 1 6 1 
3 43 10 
7 21 13 4 6 2 2 1 
56 
1 26 5 19 4 1 
1 15 33 4 1 1 1 
5 48 1 2 
2 11 32 3 6 2 
8 33 14 1 
5 23 5 22 1 
2 45 9 
3 38 15 
3 37 13 1 1 1 
2 12 1 30 6 4 1 
43 7 1 2 2 1 
11 14 5 13 10 1 1 1 
54 2 
1 11 9 31 3 1 
56 
54 2 
5 35 12 4 
7 20 12 4 3 1 5 3 1 
6 8 21 8 2 6 3 1 1 
1 24 11 4 16 
8 48 
1 29 3 20 1 2 
1 42 8 1 3 1 
56 
1 10 26 8 6 4 1 
4 17 12 14 7 1 1 
4 26 2 6 13 4 1 
1 29 20 6 
1 2 16 36 1 
4 41 8 1 2 
34 20 2 
2 3 14 4 8 19 3 2 1 
24 24 8 
1 52 3 
6 22 22 6 
2 22 32 
5 22 26 3 
1 45 4 1 2 3 
3 24 20 5 1 3 
5 20 20 2 8 1 
56 
2 34 20 
8 12 16 16 1 2 1 
24 6 15 7 2 2 
1 53 1 1 
1 11 32 11 1 
2 44 10 
12 43 1 
15 21 4 3 6 3 1 1 2 
5 42 6 1 1 1 
4 42 9 1 
1 49 2 4 
2 36 16 1 1 
1 52 1 1 1 
1 9 4 9 1 19 4 1 7 1 
7 9 27 5 4 4 
1 29 20 2 1 2 1 
1 48 7 
1 45 1 6 1 2 
40 1 12 1 2 
4 41 9 1 1 
18 8 3 7 3 4 8 1 4 
5 2 3 19 9 11 2 2 1 1 1 
10 27 4 2 8 4 1 
48 6 1 1 
3 16 14 12 10 1 
4 42 6 4 
2 34 16 2 2 
1 32 8 1 7 6 1 
3 32 17 2 2 
1 36 5 3 11 
2 12 42 
1 35 11 9 
4 16 22 12 2 
1 5 50 
18 36 2 
4 46 6 
1 12 39 4 
2 24 2 8 20 
1 11 44 
1 22 32 1 
12 17 14 7 5 1 
2 27 11 12 4 
36 12 8 
7 16 6 3 4 5 12 3 
1 51 4 
54 2 
1 11 17 9 18 
1 52 3 
24 9 2 7 7 6 1 
1 50 1 1 2 1 
2 17 19 14 1 3 
4 48 3 1 
13 25 3 4 4 7 
2 22 12 18 1 1 
1 8 45 1 1 
47 4 4 1 
2 22 13 11 6 2 
4 11 14 20 6 1 
4 16 31 5 
3 31 21 1 
15 39 2 
4 37 15 
13 3 26 3 8 2 1 
6 48 1 1 
31 23 2 
1 50 1 3 1 
3 30 19 3 1 
1 39 16 
3 6 16 26 1 4 
3 17 22 10 4 
34 17 3 2 
38 9 9 
3 33 6 4 9 1 
1 12 26 1 1 7 2 1 3 1 1 
1 54 1 
2 17 10 19 5 1 2 
12 28 15 1 
2 45 1 2 2 4 
4 46 4 2 
2 20 5 16 13 
16 18 7 7 8 
1 7 36 9 3 
5 43 4 3 1 
1 33 6 14 2 
1 12 13 3 16 4 7 
1 20 6 16 7 1 2 3 
1 27 7 9 12 
1 29 3 10 10 3 
1 34 1 16 3 1 
1 35 14 6 
1 13 40 2 
1 15 6 26 4 4 
1 42 5 2 2 2 1 1 
1 47 5 2 1 
1 29 12 1 6 2 3 1 1 
1 18 18 17 2 
11 1 25 3 9 3 3 1 
34 4 1 13 3 1 
2 20 6 23 1 3 1 
1 14 39 1 1 
1 49 6 
12 5 15 11 2 5 6 
4 11 26 1 2 8 4 
1 24 11 11 7 2 
1 21 11 18 4 1 
3 10 31 3 8 1 
11 39 4 1 1 
9 30 9 2 3 2 1 
1 38 15 1 1 
2 48 5 1 
1 24 13 4 6 6 1 1 
1 17 15 1 7 10 1 4 
1 7 4 36 6 2 
2 44 1 9 
1 25 7 10 9 4 
1 36 15 4 
17 36 2 1 
56 
3 2 11 23 11 5 1 
1 50 4 1 
3 22 29 1 1 
50 5 1 
1 53 2 
1 5 8 9 5 23 2 1 1 1 
46 5 5 
54 2 
3 31 3 13 1 1 1 1 1 1 
1 41 6 4 2 2 
1 37 18 
1 28 16 8 3 
39 16 1 
1 35 5 7 3 4 1 
1 51 4 
1 29 15 4 6 1 
1 19 25 11 
2 42 5 3 4 
1 21 19 4 3 3 4 1 
5 6 42 3 
8 2 23 3 10 8 1 1 
1 53 2 
40 12 4 
15 11 22 6 1 1 
3 15 5 20 7 6 
52 1 1 2 
2 19 4 19 6 1 3 2 
7 23 8 7 3 1 6 1 
13 17 15 7 2 1 1 
7 48 1 
1 19 9 1 7 11 7 1 
1 16 18 10 5 4 1 1 
18 3 32 2 1 
1 12 15 16 10 2 
1 39 1 1 11 1 1 1 
1 2 30 7 14 2 
1 50 5 
17 18 10 11 
3 22 29 1 1 
2 29 3 14 1 6 1 
5 11 29 11 
3 24 12 17 
3 1 13 23 15 1 
1 25 16 6 4 1 1 2 
9 20 4 9 12 1 1 
1 12 21 3 7 2 6 4 
21 26 9 
1 9 38 6 1 1 
24 1 5 6 8 1 1 4 1 2 3 
9 9 12 7 6 1 5 5 2 
6 18 31 1 
4 52 
55 1 
5 31 17 3 
9 37 4 1 5 
1 37 14 4 
1 33 22 
10 43 3 
5 29 9 9 1 2 1 
5 10 24 6 2 4 2 1 2 
3 51 1 1 
22 27 5 1 1 
29 18 3 4 2 
51 5 
23 28 1 3 1 
4 23 27 1 1 
55 1 
1 48 3 3 1 
1 6 10 36 3 
1 48 7 
7 13 21 9 4 1 1 
1 49 2 2 2 
1 6 3 21 13 2 7 2 1 
5 47 4 
6 38 1 2 1 7 1 
5 36 11 4 
2 40 5 1 1 1 4 2 
5 21 6 24 
1 34 19 2 
29 20 3 2 2 
1 29 26 
1 42 10 1 1 1 
1 9 33 12 1 
1 24 17 8 1 1 4 
10 45 1 
27 28 1 
2 20 13 11 5 4 1 
1 35 20 
1 39 8 8 
3 17 8 4 23 1 
4 50 2 
21 7 18 7 3 
2 33 7 3 3 7 1 
1 17 4 18 4 7 3 2 
1 35 10 10 
2 48 6 
16 21 2 8 8 1 
2 40 1 1 11 1 
6 45 4 1 
1 5 33 13 3 1 
1 22 16 16 1 
20 13 22 1 
1 49 6 
2 31 3 10 3 2 1 2 2 
10 29 12 3 1 1 
9 39 2 6 
1 6 31 1 1 5 9 1 1 
3 3 15 28 7 
3 5 7 29 9 1 1 1 
1 5 49 1 
1 33 6 3 7 6 
1 10 13 21 4 1 1 4 1 
56 
1 50 5 
3 2 43 5 2 1 
1 47 8 
1 50 4 1 
36 3 3 12 1 1 
1 7 4 3 1 10 26 3 1 
4 27 19 4 2 
7 10 12 13 8 1 2 1 1 1 
2 51 1 2 
43 9 1 1 2 
9 11 22 4 8 1 1 
2 38 16 
1 54 1 
11 26 14 2 3 
6 47 3 
9 43 4 
5 41 5 4 1 
7 24 25 
14 10 12 2 12 3 1 2 
2 28 17 3 1 5 
7 10 7 2 5 10 2 4 6 3 
2 48 1 4 1 
1 2 3 7 15 26 1 1 
3 13 37 3 
1 43 9 2 1 
2 51 2 1 
3 12 28 11 1 1 
1 52 3 
1 26 14 8 1 4 2 
12 22 22 
11 38 5 2 
1 49 5 1 
1 5 46 3 1 
3 2 51 
3 40 9 2 2 
9 15 24 5 1 1 1 
2 33 15 3 2 1 
1 27 7 11 4 1 5 
25 24 3 3 1 
9 25 6 4 10 2 
1 4 20 29 2 
1 14 18 4 13 2 1 1 2 
1 50 5 
1 34 11 8 2 
2 26 28 
1 43 12 
10 21 20 5 
4 17 31 1 3 
1 15 31 7 2 
3 27 14 6 2 4 
2 27 6 3 9 8 1 
2 3 16 35 
1 35 19 1 
8 21 18 5 4 
28 18 10 
1 25 7 5 13 4 1 
2 24 25 2 1 1 1 
1 16 15 24 
3 21 25 1 1 1 2 2 
2 2 13 9 19 9 2 
1 50 5 
4 45 2 2 3 
12 37 7 
15 3 19 2 11 1 3 1 1 
10 9 20 15 2 
3 10 36 6 1 
2 40 6 5 2 1 
1 38 5 6 5 1 
19 6 25 4 2 
2 11 13 30 
1 1 53 1 
2 45 6 1 2 
7 37 3 1 2 2 4 
6 33 9 8 
1 51 4 
2 29 12 9 4 
23 27 4 2 
2 18 25 2 7 1 1 
2 51 2 1 
1 14 34 7 
5 18 13 15 5 
8 25 14 4 2 3 
2 45 3 6 
1 20 29 3 3 
3 2 37 1 5 1 4 1 2 
1 26 16 10 3 
1 10 30 13 2 
28 16 2 2 2 1 2 3 
1 42 2 7 2 2 
1 42 12 1 
1 10 45 
2 54 
41 9 4 2 
53 3 
6 40 6 1 3 
4 7 12 6 16 10 1 
4 48 2 2 
1 32 15 5 1 2 
1 14 24 4 11 2 
2 16 34 4 
8 37 8 2 1 
2 49 5 
2 13 37 3 1 
1 10 29 9 1 3 1 2 
1 17 1 20 11 4 2 
1 46 2 4 1 2 
3 7 32 12 1 1 
1 46 5 4 
2 53 1 
4 31 14 6 1 
1 44 2 5 2 1 1 
2 18 22 6 4 1 2 1 
2 20 13 17 2 1 1 
1 16 37 2 
5 8 24 17 2 
1 31 24 
1 50 5 
2 12 12 22 6 2 
1 1 45 4 5 
1 53 2 
1 10 17 2 13 13 
1 38 3 9 1 3 1 
1 46 4 4 1 
2 33 21 
7 21 6 12 9 1 
2 18 23 11 1 1 
50 5 1 
2 5 6 12 6 1 4 9 9 1 1 
4 1 50 1 
1 11 13 14 7 5 5 
13 24 4 2 12 1 
56 
1 41 14 
9 28 19 
1 18 35 1 1 
54 2 
2 42 1 1 2 3 5 
38 4 14 
1 22 4 20 2 7 
2 34 8 10 1 1 
1 4 19 26 1 1 4 
6 9 4 11 18 3 5 
5 33 18 
1 24 14 16 1 
1 21 28 1 1 2 1 1 
4 23 21 4 2 1 1 
8 6 1 31 4 6 
1 21 23 8 3 
1 12 27 11 1 3 1 
1 31 20 3 1 
1 8 5 10 27 2 1 1 1 
28 18 8 1 1 
1 10 13 3 28 1 
2 10 33 7 2 2 
2 15 6 30 1 2 
1 26 19 10 
5 38 13 
2 49 2 3 
1 26 29 
1 36 2 2 1 3 7 3 1 
35 2 12 4 2 1 
1 34 7 11 3 
2 14 8 24 2 1 3 1 1 
1 3 43 7 2 
11 7 25 11 2 
1 15 33 5 1 1 
3 8 2 36 6 1 
1 7 24 9 5 8 1 1 
1 48 7 
3 21 12 16 4 
1 35 5 11 2 1 1 
5 17 24 8 2 
26 6 6 3 7 1 7 
1 42 13 
2 52 1 1 
3 37 7 6 2 1 
2 35 13 4 2 
49 2 4 1 
1 20 32 2 1 
1 39 16 
3 15 27 9 2 
2 1 16 2 14 3 2 2 5 1 6 2 
22 20 14 
37 5 10 2 1 1 
1 5 20 25 2 1 2 
1 32 17 6 
56 
2 20 13 18 3 
1 6 11 8 10 3 7 2 2 2 4 
7 1 29 1 4 2 11 1 
15 22 18 1 
1 5 8 16 12 11 2 1 
1 37 18 
11 25 20 
1 52 2 1 
2 10 10 9 22 1 1 1 
25 22 7 1 1 
10 18 19 7 2 
1 41 9 2 1 2 
18 3 12 3 12 3 2 3 
5 18 22 4 1 4 1 1 
3 23 2 20 1 4 1 2 
1 51 1 1 1 1 
1 28 24 1 1 1 
4 27 5 16 4 
1 28 2 17 1 6 1 
1 41 2 4 4 4 
1 36 10 2 2 1 1 1 1 1 
55 1 
53 3 
5 50 1 
3 1 12 13 9 16 2 
2 22 21 4 5 1 1 
1 48 7 
1 28 26 1 
3 51 1 1 
5 14 28 2 6 1 
1 10 14 11 18 2 
56 
3 37 2 8 6 
1 20 29 6 
1 42 9 4 
2 52 1 1 
1 22 33 
3 27 7 9 7 1 2 
8 47 1 
1 46 9 
56 
11 26 19 
10 33 7 6 
3 26 24 2 1 
4 51 1 
23 4 17 6 1 4 1 
2 19 33 2 
54 2 
1 39 5 1 10 
3 23 16 6 6 2 
9 1 2 33 3 7 1 
1 53 2 
2 18 1 25 7 2 1 
1 18 15 16 3 2 1 
2 44 1 4 2 1 2 
1 30 24 1 
7 24 2 8 3 12 
6 35 1 5 3 1 1 3 1 
1 12 30 9 1 2 1 
8 14 18 4 9 2 1 
9 38 1 3 2 3 
13 7 32 4 
5 22 11 14 4 
6 14 34 1 1 
1 10 17 10 12 4 2 
2 9 15 2 8 15 3 1 1 
2 24 6 21 1 1 1 
4 40 11 1 
6 35 8 6 1 
3 19 28 2 4 
1 42 9 4 
1 40 2 11 1 1 
13 20 19 4 
35 20 1 
1 19 33 1 1 1 
4 42 7 3 
1 19 27 2 1 6 
6 12 38 
2 41 2 10 1 
1 40 10 5 
5 47 4 
2 36 2 10 6 
1 22 24 8 1 
1 40 7 1 2 5 
2 1 49 2 2 
17 28 11 
4 26 20 3 1 1 1 
2 53 1 
5 33 8 4 4 2 
3 9 3 31 1 7 1 1 
1 36 15 2 1 1 
1 37 10 3 4 1 
55 1 
1 49 6 
11 13 15 6 2 4 1 4 
52 4 
4 23 22 2 3 1 1 
53 1 2 
1 42 7 1 5 
9 41 6 
7 15 23 11 
16 38 1 1 
2 29 15 8 2 
5 37 4 1 9 
5 8 4 34 1 4 
1 2 6 36 6 1 1 1 2 
1 43 12 
2 4 15 20 2 6 1 6 
2 32 16 1 1 2 1 1 
1 31 9 1 8 5 1 
7 37 3 1 2 4 1 1 
1 51 4 
1 7 30 16 2 
1 15 34 5 1 
1 48 7 
1 37 13 3 2 
1 24 26 4 1 
1 23 29 3 
2 51 1 1 1 
18 5 2 7 21 3 
21 1 1 8 3 4 5 11 1 1 
2 29 17 5 2 1 
1 31 21 1 2 
1 40 6 2 4 3 
12 34 10 
3 20 26 6 1 
26 25 5 
30 2 19 4 1 
2 9 42 1 2 
1 15 27 9 4 
28 5 11 10 1 1 
18 15 9 13 1 
15 29 3 3 2 2 2 
5 50 1 
4 52 
53 3 
4 38 14 
31 16 6 1 1 1 
36 20 
1 20 23 12 
14 30 8 2 1 1 
2 35 5 13 1 
2 49 1 1 2 1 
6 22 6 14 1 1 6 
1 15 20 12 8 
21 1 29 5 
45 1 3 7 
3 37 1 5 8 2 
56 
1 34 21 
2 5 18 8 2 7 10 1 3 
4 40 12 
2 40 14 
11 23 15 2 2 1 1 1 
4 7 26 8 7 2 2 
4 47 5 
2 23 9 5 4 4 6 2 1 
1 42 3 8 2 
1 51 3 1 
1 50 4 1 
2 24 24 4 2 
4 19 21 12 
1 14 28 4 6 3 
1 6 49 
54 2 
2 31 7 2 5 3 5 1 
30 21 5 
1 26 24 2 3 
2 16 37 1 
1 39 14 1 1 
54 1 1 
12 9 35 
42 3 2 5 4 
3 47 4 1 1 
56 
1 33 11 8 2 1 
1 18 37 
2 10 35 8 1 
4 9 37 6 
4 34 1 11 4 1 1 
37 13 4 1 1 
4 39 13 
4 15 14 1 22 
29 16 7 3 1 
17 5 15 15 1 1 1 1 
1 5 15 16 3 3 8 4 1 
1 43 2 1 1 6 1 1 
10 43 3 
1 18 9 18 3 1 6 
3 51 2 
7 35 6 6 2 
5 38 3 4 2 1 1 2 
19 35 2 
1 48 1 2 2 2 
1 54 1 
17 18 9 1 4 3 1 3 
31 21 1 1 1 1 
4 16 6 28 1 1 
1 55 
3 34 2 17 
14 24 12 4 2 
17 14 3 12 4 4 1 1 
1 27 26 2 
2 15 31 7 1 
1 30 1 9 6 4 5 
11 9 8 14 7 1 1 5 
1 31 17 5 1 1 
2 14 23 13 3 1 
1 37 15 2 1 
1 45 2 6 1 1 
34 10 8 4 
6 7 4 2 6 14 4 8 3 1 1 
1 32 21 2 
1 23 32 
1 36 19 
1 25 19 3 6 1 1 
11 44 1 
1 48 5 1 1 
1 39 10 6 
1 42 10 1 1 1 
1 36 18 1 
1 51 1 3 
2 35 8 4 2 2 3 
13 32 1 9 1 
1 38 14 2 1 
3 38 13 2 
35 17 4 
1 1 47 1 2 3 1 
1 22 13 11 1 6 1 1 
2 17 12 8 8 9 
18 30 8 
18 19 13 2 2 1 1 
13 25 3 6 8 1 
53 3 
1 39 1 10 3 2 
6 46 2 1 1 
5 25 8 14 3 1 
2 46 5 3 
8 47 1 
1 20 35 
35 14 5 2 
1 11 6 18 13 6 1 
17 12 27 
56 
14 5 15 5 2 2 9 3 1 
2 21 17 15 1 
1 3 4 6 12 26 2 1 1 
4 28 7 1 1 10 4 1 
2 48 6 
3 2 20 22 8 1 
2 43 1 8 2 
2 34 10 10 
20 32 4 
50 4 2 
2 18 4 7 7 10 4 2 1 1 
8 26 18 3 1 
43 12 1 
2 18 33 3 
13 3 8 29 2 1 
41 5 6 3 1 
1 18 16 18 3 
2 54 
1 8 23 5 19 
2 31 14 7 1 1 
1 44 1 1 4 5 
50 2 4 
4 37 4 7 2 2 
1 51 4 
10 40 4 2 
1 23 6 21 5 
1 18 4 8 16 4 1 1 2 1 
38 15 3 
29 10 7 10 
20 25 2 1 2 4 2 
1 17 18 20 
16 17 16 7 
1 13 8 6 8 11 8 1 
1 27 2 26 
2 40 2 2 7 3 
40 11 5 
1 10 1 14 29 1 
4 21 12 7 6 2 2 2 
1 6 12 19 15 2 1 
10 22 14 10 
1 11 38 4 2 
1 10 10 35 
2 9 7 33 4 1 
56 
44 7 5 
3 29 7 8 1 3 3 1 1 
1 27 15 3 9 1 
17 16 19 3 1 
16 15 17 2 1 1 2 2 
2 45 2 2 3 2 
2 13 22 8 10 1 
9 13 12 12 5 5 
12 19 25 
24 31 1 
1 12 43 
2 27 1 14 6 4 1 1 
1 5 4 42 4 
1 14 33 1 1 1 4 1 
32 8 15 1 
1 21 34 
45 4 4 1 1 1 
9 47 
56 
1 49 6 
7 37 5 2 4 1 
2 36 7 9 2 
1 19 10 1 4 19 1 1 
2 26 6 4 1 7 6 4 
1 12 3 38 2 
1 6 6 4 12 26 1 
3 41 7 4 1 
14 29 13 
1 54 1 
54 1 1 
1 3 15 6 1 2 7 19 2 
1 53 1 1 
10 34 4 5 2 1 
2 21 25 5 1 1 1 
1 23 25 3 1 1 1 1 
29 26 1 
1 36 16 3 
8 33 1 4 3 7 
1 42 9 4 
4 23 18 4 6 1 
1 55 
19 16 2 5 4 8 2 
1 12 18 21 4 
1 13 41 1 
1 44 11 
4 24 27 1 
43 8 1 2 2 
4 16 23 1 9 3 
4 35 17 
1 25 24 3 3 
1 32 19 4 
21 35 
7 45 4 
11 21 13 2 9 
1 35 10 4 4 2 
2 44 10 
1 29 25 1 
1 7 20 17 6 5 
1 46 6 1 1 1 
1 49 3 2 1 
1 38 14 2 1 
1 2 43 3 4 2 1 
1 3 2 9 27 6 4 1 1 1 1 
46 8 1 1 
1 39 8 2 3 1 1 1 
19 13 6 8 5 4 1 
2 43 11 
6 48 1 1 
2 51 3 
6 18 1 7 13 6 3 1 1 
2 50 2 1 1 
56 
51 5 
4 35 10 6 1 
1 27 28 
6 5 4 3 8 23 6 1 
50 2 4 
1 40 4 4 7 
1 5 44 2 2 1 1 
15 37 4 
5 38 12 1 
17 4 7 20 4 1 2 1 
2 53 1 
18 18 20 
1 19 29 6 1 
2 22 15 6 5 2 4 
2 4 15 15 7 6 1 6 
3 1 52 
1 46 1 5 2 1 
1 43 5 4 3 
1 44 11 
5 31 10 3 6 1 
1 30 11 1 6 7 
43 2 4 2 4 1 
1 5 6 34 6 1 1 1 1 
3 30 10 12 1 
1 47 1 6 1 
2 25 23 4 1 1 
7 3 46 
22 26 5 1 1 1 
1 8 39 3 4 1 
1 25 30 
2 33 6 6 1 6 1 1 
1 13 36 3 3 
55 1 
2 22 9 12 9 2 
1 54 1 
4 32 1 3 4 6 3 3 
6 9 20 6 1 4 8 1 1 
1 50 2 3 
49 2 2 2 1 
1 32 11 8 2 2 
35 14 7 
14 25 11 2 4 
5 2 7 27 14 1 
21 9 8 12 6 
2 2 3 5 5 15 2 9 6 7 
26 23 1 1 1 3 1 
1 30 20 3 1 1 
1 13 42 
1 46 5 2 2 
3 16 10 8 8 2 5 3 1 
2 39 10 1 1 3 
13 35 1 5 2 
13 40 2 1 
1 46 1 6 1 1 
4 38 1 2 11 
1 4 43 4 4 
1 4 9 27 3 11 1 
1 19 30 5 1 
3 48 2 1 1 1 
5 19 31 1 
2 25 28 1 
1 55 
1 20 3 32 
8 33 11 1 1 1 1 
1 52 3 
8 32 1 11 4 
50 4 2 
39 13 3 1 
53 2 1 
47 9 
15 6 21 10 4 
1 20 18 7 6 3 1 
1 29 7 10 9 
3 34 5 1 9 1 1 2 
1 28 26 1 
4 32 9 1 8 2 
2 22 14 5 11 2 
1 32 8 7 6 2 
21 19 16 
6 14 27 5 1 1 2 
48 3 2 2 1 
7 48 1 
5 39 5 2 2 1 1 1 
4 13 31 1 3 4 
1 54 1 
1 49 6 
1 13 39 3 
2 50 4 
3 8 42 1 1 1 
1 24 22 6 2 1 
1 36 2 10 5 2 
1 11 27 10 4 3 
1 25 29 1 
1 2 53 
2 20 25 3 1 4 1 
2 10 38 4 1 1 
11 6 29 4 2 1 3 
2 12 19 16 7 
2 11 36 1 1 3 2 
2 4 9 4 30 7 
52 1 3 
3 52 1 
1 13 13 7 20 1 1 
19 8 19 1 8 1 
47 5 2 1 1 
56 
2 8 27 8 10 1 
1 4 42 2 2 1 1 3 
33 3 7 9 2 2 
1 26 11 8 8 2 
1 9 15 8 9 13 1 
1 13 20 16 5 1 
3 52 1 
56 
28 20 8 
27 28 1 
1 42 4 9 
3 46 6 1 
1 41 10 1 3 
2 23 23 4 4 
1 28 1 25 1 
19 31 1 5 
1 55 
1 1 23 20 11 
1 55 
3 44 1 3 5 
1 43 3 8 1 
5 28 23 
1 47 6 1 1 
12 25 7 9 3 
1 30 25 
2 12 25 6 11 
2 5 20 20 3 2 2 2 
2 12 22 20 
3 25 12 1 15 
1 11 24 7 1 2 5 3 1 1 
1 34 17 2 2 
1 17 6 4 10 4 7 4 3 
9 32 13 2 
41 13 2 
1 52 3 
1 6 21 4 21 3 
5 11 14 19 1 3 1 2 
1 1 25 20 2 6 1 
2 23 23 5 1 1 1 
30 2 13 6 5 
1 2 41 2 1 4 1 2 2 
18 9 24 5 
12 7 16 14 4 2 1 
6 23 3 10 7 4 2 1 
1 21 23 3 2 6 
2 4 2 20 5 12 8 2 1 
11 40 2 2 1 
24 12 2 11 6 1 
2 49 5 
5 50 1 
1 2 21 31 1 
1 36 12 5 1 1 
1 3 30 20 1 1 
44 1 11 
1 10 28 11 3 2 1 
1 13 29 2 11 
1 38 14 3 
1 55 
1 16 3 28 4 3 1 
5 46 5 
1 30 7 8 4 5 1 
3 31 22 
1 48 6 1 
1 36 18 1 
56 
16 4 17 10 7 1 1 
1 54 1 
5 40 3 1 5 1 1 
1 4 17 18 12 1 2 1 
54 2 
9 30 13 4 
1 12 13 19 3 4 1 1 1 1 
53 2 1 
1 47 5 3 
1 39 1 15 
28 1 3 1 11 3 2 3 3 1 
14 37 1 1 2 1 
2 11 31 5 4 3 
17 1 22 14 1 1 
1 42 9 1 2 1 
56 
1 16 29 6 1 3 
1 38 4 6 2 3 2 
1 28 20 5 1 1 
2 26 19 8 1 
5 45 1 1 1 2 1 
1 53 1 1 
1 2 11 10 18 1 7 1 2 3 
24 17 2 13 
2 18 21 12 3 
1 38 9 8 
9 21 26 
1 30 18 5 1 1 
1 16 6 9 4 7 1 4 4 1 3 
5 43 2 2 1 1 1 1 
1 18 24 4 4 4 1 
21 35 
2 49 5 
56 
6 22 6 11 9 1 1 
11 34 11 
1 5 17 26 3 4 
13 21 22 
1 42 13 
56 
2 15 23 11 4 1 
2 25 23 6 
3 5 27 7 2 6 3 2 1 
4 43 9 
48 6 2 
4 14 17 19 2 
1 40 8 1 2 1 1 2 
29 20 3 1 2 1 
2 4 24 13 2 5 2 2 1 1 
13 4 35 1 2 1 
2 12 29 11 1 1 
36 16 4 
1 13 22 11 5 4 
1 24 24 6 1 
48 4 2 1 1 
35 16 4 1 
5 29 13 6 3 
2 43 1 3 2 4 1 
1 25 15 2 13 
28 23 1 4 
48 1 7 
1 24 29 1 1 
1 31 6 3 15 
2 32 13 4 5 
1 49 6 
50 4 1 1 
55 1 
50 2 4 
2 16 19 5 9 5 
30 17 3 5 1 
3 30 13 9 1 
26 21 3 6 
1 51 4 
4 24 6 5 9 7 1 
2 37 7 1 1 2 5 1 
9 25 22 
35 1 19 1 
1 35 17 1 1 1 
1 27 10 2 10 2 1 3 
46 3 7 
2 24 12 4 9 1 2 1 1 
3 6 42 4 1 
55 1 
4 44 7 1 
4 20 8 14 2 1 5 1 1 
2 25 24 3 1 1 
3 33 11 5 1 1 1 1 
56 
1 48 7 
3 45 4 1 1 1 1 
3 1 14 32 3 1 1 1 
1 34 20 1 
56 
37 14 3 1 1 
55 1 
9 16 9 11 10 1 
10 15 14 11 5 1 
56 
1 16 33 3 1 2 
5 8 23 18 2 
1 8 32 2 1 11 1 
1 15 34 3 1 1 1 
1 55 
1 9 35 10 1 
8 39 9 
1 38 2 6 9 
1 35 1 15 3 1 
1 17 30 7 1 
1 9 2 4 15 7 17 1 
8 19 7 14 5 2 1 
4 34 18 
2 53 1 
9 20 24 2 1 
1 50 5 
1 8 34 6 7 
1 55 
9 7 29 9 2 
1 13 11 5 12 13 1 
3 3 35 9 1 4 1 
5 19 11 21 
1 19 33 3 
25 7 22 1 1 
1 52 1 2 
40 1 9 5 1 
49 6 1 
2 10 27 10 1 1 3 1 1 
3 47 6 
3 44 8 1 
1 51 1 2 1 
1 27 28 
12 17 9 14 2 1 1 
3 2 15 12 5 18 1 
2 10 15 9 7 12 1 
1 48 4 3 
3 13 30 7 3 
3 26 23 3 1 
1 46 9 
14 8 7 17 8 1 1 
1 16 6 5 7 20 1 
9 32 2 10 3 
4 40 2 7 1 1 1 
1 44 8 3 
34 21 1 
2 41 10 1 2 
56 
6 21 28 1 
37 10 1 7 1 
8 41 5 2 
6 28 22 
1 27 1 11 16 
1 26 10 11 8 
1 12 21 4 4 10 3 1 
55 1 
2 36 18 
8 6 36 5 1 
41 2 4 3 1 2 1 2 
1 51 4 
1 10 25 16 4 
2 54 
1 43 10 1 1 
2 20 18 16 
4 8 43 1 
1 26 3 24 2 
3 31 8 4 4 6 
11 45 
2 50 4 
1 12 27 14 1 1 
1 48 2 3 2 
1 12 32 11 
1 43 12 
29 7 12 4 3 1 
27 22 5 2 
2 43 10 1 
7 39 10 
1 54 1 
2 39 15 
1 46 9 
1 43 6 6 
1 38 3 3 11 
1 40 9 1 5 
2 43 1 2 4 1 2 1 
3 16 25 6 6 
9 13 22 8 4 
2 46 8 
53 2 1 
3 25 27 1 
3 23 1 1 5 19 2 1 1 
1 14 28 11 1 1 
2 45 2 6 1 
5 17 28 6 
2 43 3 3 3 2 
5 7 3 7 7 23 4 
1 55 
8 33 8 1 1 5 
1 32 19 1 3 
3 48 2 2 1 
12 27 9 6 2 
1 7 45 3 
2 54 
4 14 28 3 4 1 2 
1 47 8 
1 51 4 
2 52 1 1 
7 28 21 
4 51 1 
2 27 11 2 13 1 
9 35 12 
1 24 31 
35 15 6 
1 53 2 
2 6 48 
1 23 18 8 2 1 2 1 
2 23 29 2 
3 17 14 9 3 5 1 2 2 
15 20 21 
4 23 20 4 5 
2 50 2 2 
2 51 2 1 
12 26 13 5 
11 19 25 1 
2 15 1 28 3 7 
3 26 15 6 6 
1 22 11 11 1 2 1 3 2 2 
1 4 39 2 7 1 2 
11 24 12 7 1 1 
38 3 1 13 1 
1 35 19 1 
4 9 15 10 18 
54 2 
5 22 5 10 3 2 4 2 3 
14 35 7 
5 26 2 13 8 1 1 
3 24 7 11 4 7 
1 12 34 5 3 1 
3 21 9 22 1 
30 26 
1 10 8 15 16 2 1 2 1 
1 53 2 
1 15 13 1 4 20 1 1 
2 53 1 
24 26 6 
15 40 1 
2 53 1 
56 
2 3 40 9 2 
3 47 6 
3 42 7 3 1 
2 23 20 11 
3 53 
2 16 4 24 3 2 1 4 
2 21 33 
1 50 2 1 1 1 
1 12 30 1 5 3 1 2 1 
2 45 2 6 1 
13 25 17 1 
1 5 50 
2 42 5 4 3 
56 
1 53 1 1 
1 6 17 23 3 2 3 1 
2 1 4 25 15 8 1 
3 51 1 1 
31 13 4 4 2 2 
7 5 12 25 5 1 1 
1 27 21 5 2 
1 49 1 5 
1 40 12 3 
1 14 22 7 2 2 4 3 1 
2 26 28 
1 43 7 5 
2 28 26 
2 19 13 3 14 2 3 
6 29 2 13 2 2 2 
1 18 33 2 2 
2 38 12 2 2 
34 6 2 2 10 1 1 
2 6 11 36 1 
2 8 24 10 4 1 5 2 
1 22 25 1 3 4 
3 17 36 
55 1 
1 20 29 4 2 
1 25 24 5 1 
1 31 14 3 1 4 1 1 
1 47 5 2 1 
1 2 10 18 24 1 
8 44 2 2 
1 30 7 17 1 
1 25 30 
4 13 13 11 6 4 4 1 
1 47 8 
2 51 3 
3 9 22 18 2 1 1 
2 17 35 1 1 
56 
2 34 20 
1 20 18 4 11 1 1 
1 34 21 
49 4 3 
3 27 14 4 2 2 4 
7 16 1 22 2 2 2 3 1 
4 52 
1 50 3 2 
3 2 46 3 2 
6 15 22 1 9 2 1 
1 48 3 3 1 
4 5 26 11 7 2 1 
1 22 9 19 5 
3 36 9 6 1 1 
55 1 
1 51 4 
1 41 14 
1 12 10 2 2 11 7 6 2 1 1 1 
53 2 1 
1 53 2 
2 52 2 
56 
1 7 14 31 3 
1 52 3 
5 48 3 
1 16 34 1 1 1 2 
46 2 2 6 
1 43 12 
1 20 18 13 3 1 
1 55 
5 7 1 30 6 4 3 
1 12 28 11 4 
1 54 1 
4 48 4 
13 37 3 2 1 
2 43 11 
45 6 1 4 
1 39 16 
4 27 1 16 5 1 1 1 
3 23 6 23 1 
3 53 
52 3 1 
3 1 4 47 1 
12 44 
37 10 9 
1 15 31 7 2 
1 12 1 39 1 2 
1 1 7 14 12 7 3 10 1 
1 46 6 3 
1 24 7 2 12 7 2 1 
3 31 20 2 
1 26 27 1 1 
1 34 8 9 4 
2 3 40 9 2 
1 50 1 4 
1 51 3 1 
8 3 5 25 5 7 2 1 
1 1 46 6 1 1 
1 48 4 3 
1 43 5 6 1 
24 5 21 4 1 1 
6 23 1 13 2 4 2 3 1 1 
7 10 24 10 4 1 
4 40 12 
13 19 18 4 2 
9 15 32 
1 3 50 2 
4 21 4 11 13 1 1 1 
5 36 8 4 1 2 
1 24 26 5 
1 55 
1 42 13 
9 19 28 
2 54 
6 22 27 1 
1 20 29 3 3 
3 36 1 13 2 1 
16 30 6 1 1 1 1 
1 7 6 42 
38 11 5 2 
1 54 1 
56 
6 6 24 13 3 2 1 1 
1 30 20 5 
3 35 11 5 2 
15 28 3 2 3 4 1 
8 26 11 2 6 1 1 1 
13 21 18 3 1 
3 23 5 25 
40 5 10 1 
1 38 2 4 4 3 3 1 
20 28 1 3 3 1 
2 39 12 1 2 
47 7 2 
12 33 5 5 1 
47 3 1 2 3 
3 49 4 
16 2 37 1 
1 14 4 8 21 7 1 
1 4 6 21 20 2 1 1 
3 21 14 16 2 
1 37 9 9 
4 11 22 11 2 6 
4 8 16 9 12 7 
1 28 17 4 2 3 1 
40 16 
1 12 20 20 3 
5 28 1 19 2 1 
3 40 3 8 1 1 
1 47 6 2 
1 38 2 5 10 
10 29 16 1 
1 29 14 5 5 2 
1 50 3 1 1 
1 27 11 5 12 
1 23 25 6 1 
2 3 24 15 5 5 2 
55 1 
12 2 12 12 4 2 9 2 1 
1 33 7 12 3 
1 31 22 2 
49 3 3 1 
6 17 21 10 2 
5 36 15 
5 31 2 7 10 1 
42 10 3 1 
3 18 23 12 
9 30 4 8 3 1 1 
8 43 2 3 
1 34 18 1 2 
19 25 11 1 
5 33 18 
12 22 14 5 1 2 
56 
1 14 38 1 2 
5 31 17 2 1 
12 39 3 2 
1 13 34 7 1 
4 49 1 1 1 
2 4 25 23 2 
5 27 20 2 2 
16 30 9 1 
4 23 5 1 20 2 1 
2 34 18 2 
11 32 10 2 1 
16 29 11 
7 30 19 
3 18 29 5 1 
2 26 28 
8 40 8 
2 7 37 2 1 4 2 1 
1 36 11 8 
1 38 9 1 3 3 1 
31 24 1 
2 27 24 2 1 
51 1 3 1 
1 13 4 22 12 3 1 
13 23 15 3 2 
11 24 21 
2 44 1 1 3 4 1 
1 11 37 3 2 1 1 
9 40 1 3 1 2 
1 27 6 7 5 2 5 3 
1 5 48 2 
56 
49 6 1 
4 40 12 
3 40 2 7 2 1 1 
1 39 12 2 2 
2 34 1 17 2 
8 42 6 
47 2 5 2 
7 32 13 4 
1 28 2 10 5 6 2 2 
56 
1 32 14 3 3 2 1 
1 25 8 17 4 1 
1 50 2 1 1 1 
52 2 2 
7 32 13 2 2 
1 5 50 
2 27 4 19 3 1 
1 53 1 1 
1 5 50 
2 8 11 35 
2 51 1 1 1 
1 45 2 1 7 
3 42 11 
2 44 1 7 2 
1 9 3 6 19 6 2 1 4 2 1 1 1 
15 37 4 
3 15 17 19 2 
32 8 3 12 1 
3 19 8 18 5 1 2 
1 27 18 6 2 2 
1 9 20 8 4 10 1 1 2 
1 9 17 16 3 5 2 1 1 1 
56 
1 29 26 
52 4 
3 49 4 
1 49 6 
2 4 11 2 25 2 7 1 2 
1 52 3 
48 4 3 1 
6 37 13 
1 11 39 1 3 1 
1 29 4 22 
1 1 42 8 4 
2 54 
46 6 4 
1 7 30 3 7 5 1 1 1 
2 45 9 
46 5 5 
25 30 1 
1 2 41 5 7 
4 45 5 1 1 
5 42 8 1 
1 49 6 
6 8 41 1 
1 43 2 7 3 
1 24 28 2 1 
2 7 41 6 
27 12 11 2 1 3 
1 4 4 42 5 
1 37 13 1 4 
1 34 17 2 2 
2 28 26 
4 16 4 26 5 1 
4 26 12 7 1 1 4 1 
43 1 12 
1 41 13 1 
1 26 18 11 
1 32 16 4 1 2 
1 49 3 1 2 
48 6 2 
1 10 9 17 19 
1 20 8 27 
1 25 13 1 12 4 
1 27 2 5 2 16 1 1 1 
2 42 3 2 4 1 2 
1 43 3 9 
1 34 3 16 2 
1 54 1 
14 25 14 3 
3 33 6 4 2 5 2 1 
2 44 8 2 
8 9 24 3 2 4 6 
1 25 22 6 2 
1 15 38 2 
4 24 8 17 3 
1 22 18 11 4 
1 37 17 1 
9 23 2 18 1 2 1 
8 34 3 4 4 1 2 
3 19 34 
4 7 45 
2 31 13 8 2 
55 1 
1 51 2 1 1 
4 49 3 
8 38 1 1 4 4 
3 21 7 12 10 1 1 1 
26 17 6 6 1 
1 53 2 
1 51 4 
3 15 17 5 4 12 
12 33 8 2 1 
35 10 11 
4 26 10 12 4 
14 34 2 1 3 2 
1 37 4 13 1 
1 49 6 
5 12 24 9 6 
8 18 4 23 3 
5 33 15 1 1 1 
15 23 6 11 1 
2 43 11 
7 13 24 8 4 
1 31 23 1 
4 23 2 16 4 5 2 
1 16 1 37 1 
1 51 2 1 1 
4 2 15 26 8 1 
53 3 
1 6 44 4 1 
37 11 6 1 1 
2 40 9 3 2 
27 9 5 1 12 1 1 
1 12 9 11 13 4 1 1 4 
1 22 13 2 18 
1 50 4 1 
1 28 27 
2 18 19 6 3 5 2 1 
2 29 4 12 4 1 2 2 
1 39 16 
23 1 13 12 6 1 
7 6 33 5 2 1 2 
1 7 8 1 16 8 15 
4 26 12 9 5 
4 31 4 17 
1 55 
1 26 6 8 9 3 1 2 
12 21 15 7 1 
3 17 35 1 
32 6 9 4 5 
14 23 4 2 13 
1 5 32 3 6 1 8 
1 20 11 15 4 5 
1 6 49 
1 47 8 
24 28 2 2 
1 6 14 14 5 4 2 3 1 2 1 2 1 
1 45 3 7 
52 1 1 2 
1 20 12 3 1 14 1 1 1 2 
5 43 7 1 
1 35 16 1 3 
2 13 3 13 12 7 2 1 2 1 
25 24 7 
1 22 2 12 18 1 
2 13 39 1 1 
23 8 9 1 10 2 1 1 1 
1 19 16 15 4 1 
16 4 35 1 
6 36 3 8 3 
3 11 22 13 4 2 1 
2 46 8 
6 46 4 
1 7 13 34 1 
3 14 7 2 15 8 7 
1 8 5 29 10 2 1 
6 42 8 
5 33 13 4 1 
6 23 22 5 
2 40 14 
5 31 13 4 1 2 
1 43 10 1 1 
1 34 1 9 9 2 
1 19 14 2 2 5 12 1 
2 18 28 1 7 
6 9 40 1 
1 42 10 2 1 
5 11 35 5 
1 19 28 6 1 1 
1 45 10 
2 31 23 
3 30 19 1 3 
1 6 11 10 2 20 5 1 
2 26 25 1 1 1 
32 3 13 4 3 1 
1 3 6 16 21 1 4 3 1 
3 41 4 6 2 
1 39 3 7 6 
19 28 8 1 
56 
2 51 3 
2 46 2 6 
3 51 1 1 
1 40 15 
1 6 17 3 4 1 15 3 2 3 1 
2 41 8 2 3 
1 39 14 2 
1 27 11 13 1 1 2 
1 44 4 3 2 1 1 
1 43 7 1 2 2 
1 16 38 1 
1 17 15 22 1 
1 20 17 16 2 
55 1 
7 24 11 11 3 
25 30 1 
56 
1 22 26 5 1 1 
1 12 1 17 21 3 1 
7 33 12 2 2 
5 32 15 2 2 
1 47 4 4 
42 2 3 5 3 1 
1 15 31 7 2 
2 17 6 18 3 9 1 
10 20 24 2 
2 51 1 2 
12 43 1 
6 38 1 5 2 4 
2 29 21 3 1 
1 14 27 6 1 2 5 
1 55 
4 19 33 
3 45 8 
5 27 21 3 
1 33 19 1 2 
1 47 5 2 1 
1 18 25 1 2 5 3 1 
1 22 16 10 1 3 1 2 
22 9 4 2 17 2 
1 47 4 4 
37 13 2 1 3 
1 32 13 3 7 
1 44 7 4 
1 12 19 8 3 7 4 1 1 
2 47 7 
50 2 2 2 
1 55 
2 15 21 12 6 
12 43 1 
1 22 32 1 
2 48 4 1 1 
3 53 
1 17 15 23 
5 25 16 6 4 
1 41 13 1 
1 8 27 5 5 9 1 
48 8 
1 13 40 2 
3 35 18 
5 47 3 1 
3 31 6 7 8 1 
