57 
2 2 1 17 11 18 5 1 
7 13 29 3 5 
10 9 5 23 7 2 1 
1 1 8 34 7 2 3 1 
1 22 19 5 1 6 1 1 1 
53 1 1 2 
1 12 7 1 20 15 1 
7 42 1 6 1 
48 4 1 3 1 
1 21 12 18 5 
2 13 10 19 10 3 
2 33 15 7 
18 28 4 6 1 
1 35 3 4 14 
4 6 24 10 4 1 3 2 3 
8 48 1 
11 5 36 4 1 
2 2 52 1 
10 21 4 22 
17 22 15 3 
16 7 22 1 3 2 6 
1 22 29 5 
9 4 8 27 2 3 3 1 
1 33 22 1 
1 35 1 5 13 2 
10 12 22 9 1 2 1 
5 25 1 20 3 2 1 
3 23 9 7 8 2 5 
10 46 1 
4 13 38 2 
1 33 3 12 8 
1 51 1 1 2 1 
4 42 10 1 
1 44 11 1 
1 22 21 9 3 1 
57 
3 20 7 6 6 15 
5 52 
2 51 1 1 2 
1 41 11 3 1 
41 6 3 3 2 1 1 
1 16 12 7 21 
2 14 12 18 7 1 3 
1 38 11 4 2 1 
17 36 1 1 1 1 
1 9 16 1 7 18 4 1 
6 51 
1 22 24 3 7 
3 26 28 
2 25 27 2 1 
5 47 5 
7 23 20 5 2 
24 30 3 
26 28 3 
32 4 12 7 2 
5 25 4 20 2 1 
3 14 10 8 17 2 1 2 
6 43 1 5 2 
1 7 49 
1 28 21 1 2 4 
50 5 2 
1 24 29 3 
1 24 30 2 
3 25 27 1 1 
2 36 2 5 11 1 
6 27 10 6 5 3 
1 52 3 1 
1 3 34 10 9 
1 14 8 2 22 8 2 
1 3 6 23 3 6 5 1 3 4 2 
22 9 4 9 6 3 1 3 
4 48 4 1 
2 4 3 17 3 14 6 4 3 1 
1 25 1 21 9 
1 22 24 8 1 1 
2 22 20 11 2 
6 28 23 
1 45 11 
2 41 13 1 
2 13 18 7 10 7 
1 18 22 2 1 4 4 2 1 2 
7 28 18 1 3 
15 19 21 1 1 
2 14 19 5 17 
1 8 6 26 6 2 7 1 
2 13 8 6 14 9 5 
8 31 2 5 1 2 4 2 2 
1 55 1 
1 22 34 
2 8 28 15 4 
2 33 17 1 1 2 1 
34 10 4 1 7 1 
1 35 3 18 
1 22 8 4 19 3 
2 47 6 2 
2 51 3 1 
2 45 2 3 3 1 1 
4 28 12 11 2 
1 19 37 
2 43 2 5 4 1 
1 9 41 4 2 
2 3 52 
2 37 2 10 4 1 1 
28 17 4 8 
3 19 1 21 4 2 3 4 
1 44 4 1 7 
2 5 42 6 2 
1 19 27 2 3 5 
1 20 29 6 1 
1 26 27 3 
1 9 33 7 1 2 1 2 1 
2 33 2 20 
56 1 
57 
3 46 8 
34 22 1 
1 21 35 
3 17 23 13 1 
1 45 4 1 4 2 
1 13 10 25 5 1 1 1 
6 36 5 9 1 
2 15 40 
5 30 20 1 1 
5 35 13 1 1 2 
1 34 2 6 3 10 1 
7 34 11 3 1 1 
2 37 4 5 1 6 1 1 
6 12 2 17 18 1 1 
1 18 25 11 1 1 
5 4 7 14 12 2 7 5 1 
10 36 10 1 
1 44 12 
1 15 6 26 3 5 1 
4 44 9 
10 1 31 2 7 1 4 1 
3 15 31 8 
3 28 4 17 3 1 1 
1 52 4 
1 33 10 10 3 
1 30 25 1 
27 23 7 
2 41 14 
1 25 5 7 9 10 
32 25 
1 48 5 3 
37 7 12 1 
56 1 
1 40 3 8 1 1 3 
3 2 43 7 1 1 
1 28 22 4 2 
2 47 1 3 2 1 1 
3 39 13 1 1 
2 39 16 
45 12 
46 10 1 
10 42 1 4 
1 55 1 
1 19 17 11 9 
1 54 2 
13 13 12 3 2 8 4 2 
34 13 10 
1 22 7 4 18 4 1 
29 26 2 
2 49 6 
5 25 16 10 1 
1 26 24 3 2 1 
2 17 11 12 11 4 
1 43 13 
10 26 5 11 4 1 
9 27 7 6 7 1 
2 29 16 9 1 
1 5 7 2 26 3 13 
2 9 45 1 
1 49 4 1 1 1 
4 35 7 11 
1 12 19 13 5 3 3 1 
3 37 4 13 
1 2 15 9 12 12 6 
18 24 12 2 1 
29 22 2 4 
2 18 1 36 
18 29 1 3 4 1 1 
1 40 6 8 1 1 
57 
1 42 7 1 4 1 1 
1 34 11 11 
2 51 3 1 
1 27 1 21 7 
1 22 32 2 
10 9 17 2 7 8 3 1 
1 29 17 10 
2 19 12 15 2 1 2 2 2 
1 36 1 13 3 1 1 1 
5 16 25 5 5 1 
7 29 8 2 8 2 1 
3 49 5 
4 29 13 3 8 
1 50 4 1 1 
3 49 1 4 
15 1 34 1 1 3 2 
1 48 6 1 1 
1 50 5 1 
5 12 4 19 6 3 7 1 
2 55 
4 27 8 3 2 6 4 1 2 
7 29 8 6 3 1 3 
20 27 8 1 1 
1 3 1 11 3 31 7 
36 6 15 
2 53 2 
1 24 22 6 1 2 1 
1 47 3 5 1 
44 4 4 1 4 
1 11 43 1 1 
4 41 12 
8 47 1 1 
2 28 3 1 10 13 
1 8 38 8 2 
12 33 7 3 1 1 
23 21 1 3 9 
57 
1 42 7 3 3 1 
15 28 14 
6 27 24 
17 19 6 15 
6 41 9 1 
1 18 11 5 2 19 1 
13 33 11 
1 25 26 3 2 
45 11 1 
10 19 2 3 17 3 1 2 
4 2 19 9 9 11 1 2 
1 32 22 2 
3 19 28 6 1 
1 36 1 3 4 8 1 2 1 
2 52 1 1 1 
5 14 11 20 4 3 
14 42 1 
15 27 14 1 
1 55 1 
1 32 3 7 10 1 1 1 1 
54 2 1 
38 9 10 
3 52 1 1 
4 2 24 10 1 15 1 
6 48 2 1 
18 9 22 3 1 1 1 1 1 
3 3 37 5 9 
2 44 1 8 2 
2 15 10 2 20 5 2 1 
1 45 10 1 
1 37 4 13 1 1 
2 8 6 39 1 1 
8 17 22 2 4 1 3 
2 2 17 23 8 2 1 1 1 
55 2 
7 30 10 9 1 
57 
11 37 9 
2 36 15 2 1 1 
22 19 9 3 4 
47 2 4 2 1 1 
3 6 42 4 2 
1 32 9 1 12 1 1 
3 2 15 14 13 3 1 2 2 2 
1 52 2 2 
6 25 4 13 1 4 1 2 1 
2 51 2 2 
1 10 5 3 28 2 4 1 1 1 1 
18 32 5 2 
1 42 14 
2 27 7 14 7 
1 1 27 15 9 1 1 1 1 
57 
6 22 26 1 2 
1 14 3 12 13 4 6 3 1 
57 
1 45 11 
1 7 39 10 
4 34 15 2 2 
3 46 8 
47 9 1 
2 43 8 1 3 
2 7 21 27 
1 48 8 
2 17 36 2 
35 10 2 2 3 5 
1 17 17 8 4 2 1 4 2 1 
1 32 24 
1 15 37 1 2 1 
1 9 26 10 1 1 1 3 2 1 2 
1 33 13 7 2 1 
1 17 29 1 9 
8 37 12 
1 18 26 7 3 1 1 
1 41 14 1 
1 51 5 
2 24 27 4 
57 
2 6 42 3 4 
3 22 30 2 
1 24 9 3 3 10 1 2 1 2 1 
18 4 25 3 3 2 1 1 
5 47 4 1 
2 12 20 17 4 1 1 
8 44 2 3 
6 2 8 2 29 8 2 
19 27 1 7 3 
8 29 18 2 
14 4 6 28 4 1 
2 33 12 8 2 
15 15 10 5 5 1 5 1 
1 55 1 
3 37 11 3 1 2 
1 49 1 4 1 1 
2 46 9 
8 42 2 5 
57 
4 29 6 7 3 2 4 2 
1 52 4 
1 6 15 3 15 14 2 1 
3 4 11 32 5 1 1 
39 7 7 3 1 
51 1 5 
1 8 41 7 
1 32 4 5 5 2 2 3 3 
44 5 8 
3 6 47 1 
4 52 1 
1 24 23 2 1 4 1 1 
3 41 11 2 
1 47 9 
3 23 2 24 4 1 
3 12 42 
7 19 29 1 1 
1 15 40 1 
3 12 15 5 9 10 3 
1 48 5 1 1 1 
1 15 28 8 2 3 
1 33 11 12 
2 45 10 
13 23 10 2 4 5 
5 42 8 1 1 
4 20 17 6 2 1 7 
1 29 14 13 
28 24 3 1 1 
1 7 14 28 7 
9 4 4 8 6 22 2 2 
1 45 9 1 1 
1 51 2 1 1 1 
1 26 18 3 9 
5 4 36 12 
1 50 2 1 1 2 
1 48 8 
49 3 5 
10 36 5 1 5 
4 42 1 9 1 
2 29 10 1 7 7 1 
1 15 29 8 1 2 1 
15 20 1 21 
3 35 10 7 2 
1 5 50 1 
1 38 13 3 1 1 
2 50 2 3 
5 45 2 2 2 1 
1 39 13 2 2 
1 39 6 4 7 
1 32 5 8 7 3 1 
2 42 7 2 1 2 1 
1 50 3 1 1 1 
23 3 30 1 
1 19 3 23 3 6 2 
5 28 18 1 5 
1 2 1 21 3 24 2 2 1 
1 27 26 1 1 1 
6 24 6 6 3 2 2 7 1 
41 12 2 1 1 
1 47 5 2 1 1 
1 47 8 1 
1 28 7 6 9 6 
3 29 8 7 4 3 1 1 1 
3 29 20 1 4 
1 41 15 
16 11 24 5 1 
1 17 15 12 8 2 1 1 
1 48 2 2 1 3 
4 53 
1 4 33 15 1 1 2 
7 38 9 1 2 
1 3 45 1 3 4 
5 19 28 3 1 1 
10 28 19 
1 35 21 
1 28 8 15 5 
1 51 5 
2 37 3 3 3 4 5 
25 12 7 5 5 3 
3 50 2 1 1 
2 1 3 1 29 4 16 1 
4 10 8 26 7 2 
57 
1 51 4 1 
1 42 3 5 6 
55 2 
2 31 9 3 3 8 1 
2 30 10 11 4 
6 10 11 5 2 1 20 2 
2 2 37 2 2 8 3 1 
5 41 6 3 2 
2 50 5 
53 2 2 
3 18 15 16 4 1 
1 27 19 3 2 1 4 
1 51 5 
8 14 15 17 1 2 
33 3 15 6 
1 39 14 2 1 
23 20 7 1 6 
15 27 2 8 3 2 
4 14 18 11 9 1 
1 35 4 12 2 2 1 
1 55 1 
1 4 41 3 3 3 1 1 
1 56 
8 19 25 5 
7 8 2 18 1 19 1 1 
16 37 2 2 
8 46 2 1 
4 45 5 2 1 
4 34 7 4 3 5 
38 15 2 2 
12 45 
22 30 1 1 3 
12 30 5 9 1 
1 26 3 20 5 1 1 
3 3 22 9 9 9 1 1 
1 21 35 
2 46 7 1 1 
53 3 1 
1 5 5 6 14 24 2 
1 51 4 1 
2 44 9 2 
25 19 12 1 
46 4 7 
1 35 1 11 8 1 
54 2 1 
1 35 4 1 1 11 1 3 
1 17 23 16 
1 6 50 
3 7 13 20 1 1 2 6 2 2 
4 46 2 5 
3 26 2 13 6 6 1 
29 12 4 1 11 
40 4 4 9 
4 5 40 6 2 
1 3 13 10 27 1 2 
1 56 
1 45 11 
4 22 4 13 12 1 1 
1 44 7 2 3 
18 26 8 3 2 
3 41 4 5 3 1 
1 31 17 3 1 1 2 1 
1 40 10 2 4 
3 49 3 1 1 
1 45 10 1 
17 21 11 3 3 1 1 
49 6 2 
25 2 6 4 6 13 1 
3 40 14 
2 51 2 2 
9 2 26 5 14 1 
11 14 14 8 6 2 2 
32 15 8 1 1 
2 10 14 18 8 4 1 
3 35 18 1 
14 42 1 
1 24 30 1 1 
51 4 1 1 
1 28 27 1 
1 10 4 38 4 
56 1 
2 33 11 4 1 1 2 1 1 1 
5 42 1 9 
2 2 19 20 5 2 1 4 1 1 
16 28 10 3 
32 8 3 11 1 2 
2 48 6 1 
5 48 3 1 
52 5 
4 51 2 
6 26 17 3 5 
5 25 22 3 1 1 
1 38 15 2 1 
1 11 16 21 1 1 1 2 1 2 
1 44 8 2 2 
11 27 4 1 10 1 1 1 1 
1 40 16 
28 1 22 1 5 
1 49 7 
43 2 11 1 
57 
8 47 2 
2 27 28 
1 43 13 
6 5 46 
1 49 4 1 2 
8 24 8 9 1 6 1 
9 2 17 1 24 2 1 1 
4 44 4 5 
2 27 21 7 
52 1 4 
42 1 1 2 3 2 5 1 
39 5 7 5 1 
11 40 2 1 3 
45 4 2 6 
1 19 6 23 5 2 1 
1 46 8 2 
3 8 9 30 5 1 1 
1 47 4 3 2 
2 1 40 2 3 5 3 1 
1 47 2 6 1 
12 26 17 2 
1 6 15 22 4 2 4 1 1 1 
38 3 2 9 2 2 1 
53 2 1 1 
3 35 9 1 2 3 2 2 
1 14 26 13 3 
41 11 5 
4 35 16 1 1 
8 10 31 6 2 
3 43 8 3 
1 8 41 4 2 1 
3 37 12 5 
13 7 19 13 5 
8 45 4 
2 54 1 
57 
1 27 22 1 6 
8 6 26 14 3 
13 24 20 
2 52 3 
5 40 3 3 6 
5 14 35 2 1 
7 50 
1 49 7 
16 28 5 2 3 2 1 
2 4 9 30 3 2 2 5 
3 42 6 2 2 2 
25 19 2 11 
38 16 1 2 
1 33 13 7 2 1 
27 20 2 7 1 
6 47 4 
5 47 1 4 
3 19 22 3 10 
6 27 24 
3 18 10 4 12 10 
1 54 2 
55 1 1 
1 1 35 15 4 1 
1 4 27 16 5 3 1 
2 24 24 2 5 
2 55 
9 20 1 3 11 12 1 
2 54 1 
57 
1 22 25 1 2 6 
1 52 1 3 
1 18 38 
2 6 10 19 8 2 10 
11 20 16 10 
2 40 7 5 3 
56 1 
6 39 5 4 2 1 
57 
1 11 17 24 3 1 
7 49 1 
9 3 6 36 1 2 
1 41 7 3 3 2 
1 4 41 11 
51 5 1 
25 16 14 1 1 
1 32 14 6 4 
31 22 3 1 
1 21 7 16 3 3 3 2 1 
11 12 14 1 4 4 1 2 5 2 1 
21 26 3 2 5 
32 21 4 
1 24 6 16 1 3 1 1 1 3 
1 6 35 7 6 1 1 
2 40 13 2 
15 18 7 11 6 
5 49 1 2 
1 7 14 34 1 
2 11 44 
33 9 6 4 3 2 
3 40 9 3 1 1 
1 21 17 8 10 
1 46 10 
7 12 21 13 3 1 
7 29 18 2 1 
1 23 2 28 2 1 
56 1 
1 47 7 2 
24 30 3 
57 
52 5 
3 29 20 3 1 1 
2 26 1 14 12 1 1 
46 8 1 2 
1 35 16 2 3 
50 5 2 
1 20 23 9 4 
26 23 8 
4 42 8 2 1 
1 50 5 1 
30 14 1 4 2 1 4 1 
21 13 11 5 2 4 1 
2 24 8 22 1 
5 2 14 20 3 3 9 1 
1 16 5 1 32 1 1 
56 1 
6 20 22 8 1 
1 53 2 1 
56 1 
11 10 22 8 2 1 2 1 
4 14 21 1 17 
6 5 21 18 1 1 4 1 
4 12 25 4 12 
1 34 22 
3 29 25 
2 20 12 7 10 4 2 
1 9 45 1 1 
7 12 16 19 1 1 1 
3 52 2 
5 13 39 
4 10 1 28 3 2 1 6 2 
3 45 8 1 
6 37 7 4 3 
1 13 2 27 10 4 
5 9 27 11 5 
3 12 30 8 3 1 
57 
1 7 47 1 1 
56 1 
6 43 7 1 
2 34 19 2 
2 43 8 4 
9 46 1 1 
9 26 7 11 4 
1 43 12 1 
2 27 21 3 4 
1 35 2 19 
2 17 16 18 4 
57 
1 45 4 6 1 
1 42 4 3 5 2 
1 45 11 
6 32 1 8 2 3 5 
11 29 17 
5 33 19 
2 24 4 14 4 6 1 2 
2 33 18 1 2 1 
6 31 20 
5 1 10 3 23 3 7 2 2 1 
53 3 1 
47 6 3 1 
2 39 9 6 1 
3 41 10 3 
4 6 43 2 2 
1 31 7 17 1 
1 53 1 1 1 
4 19 5 1 2 23 2 1 
8 49 
13 42 1 1 
1 10 2 42 1 1 
1 54 2 
2 52 1 1 1 
53 4 
5 17 21 12 2 
6 23 27 1 
6 45 2 4 
2 22 29 1 1 1 1 
1 49 7 
1 32 13 10 1 
1 2 29 19 2 2 1 1 
31 4 12 9 1 
9 1 33 12 2 
6 40 6 1 4 
8 6 26 17 
2 39 3 4 8 1 
32 6 2 1 6 10 
2 34 19 2 
20 3 11 8 14 1 
5 36 16 
2 21 29 2 1 1 1 
1 26 29 1 
1 18 37 1 
2 30 5 3 2 2 12 1 
2 39 2 12 1 1 
2 8 1 37 2 3 4 
14 38 4 1 
19 4 3 14 3 5 8 1 
4 12 8 2 11 6 6 4 3 1 
2 55 
14 36 1 6 
1 53 2 1 
3 15 19 12 1 1 6 
2 39 11 3 1 1 
8 9 7 7 6 19 1 
9 16 18 1 12 1 
1 30 4 16 2 4 
5 5 25 9 13 
22 27 8 
1 42 13 1 
1 11 35 2 3 4 1 
1 3 30 22 1 
1 47 7 2 
17 40 
57 
6 51 
3 32 22 
32 13 4 3 3 2 
4 9 10 8 14 8 1 3 
1 31 4 20 1 
2 14 19 1 6 1 5 3 4 1 1 
54 2 1 
1 26 20 6 3 1 
1 35 12 5 4 
36 19 2 
57 
4 48 5 
22 22 6 7 
11 36 6 2 1 1 
16 4 22 5 8 2 
17 28 9 1 1 1 
57 
3 37 15 1 1 
2 15 29 6 5 
1 30 26 
1 37 7 2 10 
1 6 15 17 1 4 10 2 1 
3 36 18 
34 21 2 
57 
1 1 40 9 6 
1 29 11 5 5 2 1 1 1 1 
3 9 44 1 
57 
1 43 12 1 
1 45 10 1 
6 24 8 15 2 1 1 
3 37 14 2 1 
5 41 9 2 
1 14 11 31 
6 32 19 
9 36 12 
6 45 5 1 
1 20 1 18 3 7 2 4 1 
1 8 19 9 8 8 3 1 
1 55 1 
2 23 32 
1 19 36 1 
3 27 8 5 11 2 1 
1 51 3 1 1 
1 47 5 2 1 1 
21 23 4 6 1 2 
43 2 12 
26 25 6 
16 33 8 
1 39 3 5 2 3 4 
2 23 29 1 2 
3 30 2 10 7 5 
2 21 27 2 5 
1 22 20 2 4 2 2 2 2 
1 21 7 13 8 5 1 1 
7 16 2 11 11 2 6 1 1 
55 2 
5 44 5 2 1 
11 30 9 6 1 
1 33 18 4 1 
1 56 
22 25 3 7 
2 36 10 5 4 
2 5 30 6 11 3 
5 51 1 
1 35 21 
5 18 3 18 6 7 
5 7 8 9 22 3 2 1 
1 6 38 7 3 1 1 
5 23 21 8 
2 23 32 
2 28 18 5 4 
3 45 4 1 3 1 
12 24 19 1 1 
1 25 19 11 1 
20 35 2 
1 1 34 4 2 3 2 10 
1 4 21 13 10 7 1 
4 32 4 6 9 2 
1 13 36 4 3 
2 52 2 1 
53 4 
6 21 11 19 
1 6 48 2 
1 26 6 21 2 1 
16 41 
10 21 26 
2 34 5 14 1 1 
3 53 1 
2 51 1 2 1 
1 18 26 5 4 2 1 
1 19 10 8 9 10 
23 6 5 14 9 
42 9 1 1 2 1 1 
35 14 6 2 
2 40 13 1 1 
7 34 5 3 5 2 1 
2 1 30 5 19 
18 8 31 
21 11 19 6 
1 15 27 10 1 1 1 1 
4 10 1 10 4 15 5 1 5 1 1 
50 4 2 1 
3 3 43 2 2 3 1 
1 16 14 14 11 1 
1 1 50 3 2 
57 
1 6 6 4 3 29 1 2 3 1 1 
29 5 19 4 
1 15 8 2 27 1 2 1 
19 3 33 2 
1 54 2 
1 49 4 3 
20 2 9 14 5 2 3 2 
3 52 1 1 
2 16 24 13 2 
1 44 7 1 4 
3 12 28 8 6 
12 33 11 1 
2 44 3 7 1 
3 23 8 2 14 4 1 2 
2 24 5 16 9 1 
1 47 7 1 1 
35 9 7 5 1 
31 26 
1 54 2 
1 37 15 3 1 
1 27 21 5 3 
38 19 
1 52 2 2 
3 12 31 7 3 1 
17 2 7 23 3 1 4 
1 26 23 1 2 1 3 
3 37 8 1 8 
23 29 5 
8 44 3 2 
2 27 28 
3 38 5 5 4 1 1 
30 19 8 
2 44 7 2 1 1 
7 46 1 2 1 
15 13 9 3 10 2 5 
2 13 27 4 6 3 1 1 
1 22 9 8 6 2 1 8 
52 3 2 
4 36 3 2 3 4 3 1 1 
3 11 28 1 12 1 1 
5 36 16 
21 12 14 8 2 
1 23 8 22 2 1 
2 8 36 2 1 3 4 1 
2 17 18 9 1 3 2 2 3 
2 12 4 22 1 7 3 5 1 
10 2 27 18 
17 32 7 1 
1 15 11 9 8 10 3 
2 38 17 
2 16 15 1 6 2 8 5 2 
1 55 1 
21 10 26 
42 9 3 2 1 
1 34 17 5 
5 32 20 
1 17 6 13 13 3 4 
41 5 10 1 
11 19 19 7 1 
24 15 18 
1 5 16 15 9 6 2 2 1 
1 23 28 1 2 1 1 
2 41 9 1 2 1 1 
5 33 7 11 1 
2 52 1 1 1 
2 39 9 2 5 
2 55 
1 1 36 4 9 4 2 
8 49 
7 32 12 4 2 
21 8 16 1 1 8 2 
1 35 21 
1 3 37 1 8 1 4 1 1 
2 35 16 1 1 2 
7 19 31 
1 12 40 4 
1 38 18 
6 49 1 1 
32 15 9 1 
1 19 6 12 13 2 3 1 
1 36 1 1 18 
1 33 3 3 6 8 1 2 
3 53 1 
4 20 29 2 2 
1 16 36 4 
51 5 1 
1 46 4 5 1 
2 53 1 1 
1 47 8 1 
1 2 8 5 19 13 9 
40 9 6 2 
43 6 7 1 
1 9 14 3 18 3 5 2 1 1 
50 7 
57 
4 45 3 3 2 
37 9 3 3 1 4 
2 16 5 23 1 7 1 2 
38 13 5 1 
15 37 2 1 2 
1 22 19 9 6 
1 49 1 3 1 2 
2 16 13 5 11 2 6 1 1 
1 7 40 2 3 3 1 
4 25 26 1 1 
57 
13 12 26 2 1 3 
1 43 1 9 2 1 
1 51 1 3 1 
1 50 4 1 1 
4 45 8 
1 15 11 16 14 
2 9 39 4 1 2 
34 6 8 5 3 1 
6 30 1 20 
1 54 2 
1 50 1 3 1 1 
10 28 4 8 1 1 1 2 1 1 
4 51 2 
2 31 9 9 5 1 
6 27 2 14 2 6 
1 3 24 15 5 7 1 1 
1 5 21 1 19 2 7 1 
1 49 2 5 
3 34 6 13 1 
1 45 11 
7 44 6 
2 30 9 6 4 1 1 1 1 2 
11 13 33 
1 5 20 9 7 2 5 7 1 
1 12 5 30 6 1 2 
31 2 2 16 5 1 
3 38 8 6 1 1 
13 34 9 1 
1 14 42 
6 8 20 16 7 
4 46 6 1 
1 1 31 14 5 2 2 1 
1 11 8 36 1 
1 27 4 1 3 15 3 3 
1 50 2 2 1 1 
3 14 14 18 5 2 1 
2 20 2 14 2 13 3 1 
4 21 21 9 2 
5 13 28 9 2 
1 43 6 7 
10 45 2 
5 2 5 37 5 1 2 
1 3 6 39 6 2 
1 31 25 
6 28 6 10 2 5 
1 19 36 1 
34 6 5 3 3 3 1 1 1 
1 12 11 2 18 13 
25 14 17 1 
3 41 11 2 
1 46 1 2 5 2 
1 14 15 21 5 1 
1 43 7 2 4 
2 53 1 1 
1 16 36 1 3 
1 48 3 3 2 
4 2 43 1 1 1 1 2 2 
1 4 45 5 2 
4 28 2 1 13 2 3 4 
3 52 2 
10 37 10 
1 50 2 4 
1 37 2 5 2 1 4 2 3 
57 
28 11 1 2 5 5 1 4 
19 19 11 1 2 3 1 1 
26 31 
8 44 4 1 
2 51 4 
4 49 4 
2 27 8 8 8 2 2 
7 14 13 3 20 
2 46 7 2 
2 24 13 5 8 5 
47 8 1 1 
18 33 5 1 
3 40 6 2 6 
1 49 7 
3 40 4 2 1 6 1 
1 45 4 4 3 
1 34 3 18 1 
8 27 21 1 
10 24 4 16 2 1 
31 4 5 12 4 1 
1 46 3 5 2 
41 5 4 6 1 
13 27 4 2 2 5 1 1 2 
4 48 4 1 
1 16 25 2 13 
1 53 3 
9 17 31 
14 20 20 3 
1 6 49 1 
1 32 15 4 5 
1 53 3 
1 32 6 15 3 
2 44 1 1 3 1 1 1 2 1 
1 22 15 1 14 4 
4 11 35 5 1 1 
2 55 
3 1 9 35 8 1 
1 21 1 25 7 2 
4 45 7 1 
1 41 2 13 
1 28 28 
6 20 21 8 1 1 
4 44 4 4 1 
2 24 30 1 
36 3 9 5 1 1 2 
57 
1 8 20 18 6 3 1 
2 4 44 3 3 1 
1 29 25 2 
1 44 12 
1 33 12 4 5 2 
3 13 12 28 1 
2 21 33 1 
6 46 5 
2 21 29 5 
1 14 32 5 4 1 
8 37 2 9 1 
1 43 12 1 
1 40 8 7 1 
1 42 7 1 3 1 2 
1 11 12 18 14 1 
28 19 7 2 1 
1 51 2 1 1 1 
1 17 27 12 
13 8 31 4 1 
14 37 3 2 1 
9 30 15 3 
2 55 
16 38 2 1 
57 
12 39 6 
1 43 3 2 2 6 
1 9 30 7 4 5 1 
3 17 34 1 1 1 
8 36 13 
19 38 
21 31 4 1 
3 41 4 4 1 2 1 1 
3 3 19 9 1 17 5 
16 1 16 19 3 2 
4 45 7 1 
1 20 36 
1 50 5 1 
1 49 7 
1 50 2 4 
2 27 4 15 8 1 
3 48 1 2 2 1 
36 21 
3 39 5 7 3 
21 19 17 
3 47 7 
57 
1 33 18 4 1 
1 45 4 3 2 1 1 
1 2 10 6 3 12 15 5 2 1 
56 1 
2 6 9 40 
2 46 2 4 2 1 
1 38 10 5 3 
1 28 6 14 6 2 
57 
1 9 3 4 5 13 6 3 6 2 5 
46 10 1 
1 52 4 
1 42 13 1 
14 6 31 5 1 
16 28 8 4 1 
1 10 24 18 4 
1 49 7 
1 22 27 3 1 3 
19 27 3 4 4 
6 4 20 21 1 5 
51 2 4 
1 56 
1 36 20 
1 2 19 33 1 1 
16 17 10 14 
57 
3 3 17 11 14 5 2 2 
39 3 10 5 
3 42 12 
3 24 3 15 12 
23 27 7 
5 18 27 7 
1 41 6 9 
2 22 30 1 2 
2 19 11 7 3 8 1 5 1 
19 19 15 2 2 
1 20 2 13 2 4 1 6 7 1 
12 2 19 12 10 1 1 
8 13 36 
3 14 40 
1 22 9 13 5 4 2 1 
2 55 
57 
34 16 2 2 2 1 
14 6 6 24 2 4 1 
2 5 22 3 23 2 
3 5 23 13 3 5 2 1 2 
2 21 1 28 1 3 1 
1 6 50 
3 9 42 1 2 
54 2 1 
1 54 1 1 
1 7 3 9 33 1 3 
18 8 13 12 6 
2 53 1 1 
1 26 20 6 1 3 
1 55 1 
6 8 26 14 3 
1 36 17 3 
48 4 5 
1 10 15 31 
1 39 12 2 1 2 
7 48 2 
2 52 1 1 1 
1 56 
1 54 2 
21 30 5 1 
1 29 20 3 4 
3 6 28 8 2 5 3 1 1 
15 36 6 
1 22 14 6 2 5 1 4 2 
7 7 36 5 2 
3 36 13 3 2 
1 30 11 14 1 
7 11 23 5 5 2 2 2 
1 18 19 9 9 1 
4 24 4 7 15 2 1 
53 4 
1 20 5 8 18 3 1 1 
1 48 3 5 
7 49 1 
3 14 2 28 8 2 
13 38 4 1 1 
2 23 32 
2 2 18 11 10 3 1 9 1 
1 35 19 2 
1 52 3 1 
10 16 31 
4 31 2 14 1 1 1 2 1 
9 20 28 
1 23 27 5 1 
23 11 1 3 4 10 4 1 
4 52 1 
21 20 12 2 2 
5 39 13 
2 10 40 1 4 
1 49 4 1 1 1 
1 30 9 14 3 
1 22 12 13 7 2 
1 7 34 4 11 
3 51 1 2 
1 2 50 2 1 1 
29 5 15 5 1 1 1 
1 10 11 15 17 1 1 1 
2 52 1 1 1 
1 45 7 1 1 2 
4 23 18 12 
4 49 2 2 
34 7 11 3 2 
1 21 33 2 
3 26 18 3 4 1 1 1 
1 5 8 30 4 6 1 2 
50 2 1 4 
1 8 18 3 14 5 3 4 1 
1 56 
1 27 22 1 4 1 1 
7 1 25 8 6 1 6 3 
1 8 3 7 14 22 2 
29 23 5 
1 40 6 1 6 2 1 
1 14 41 1 
2 2 23 15 8 7 
41 6 5 4 1 
3 16 37 1 
1 43 11 1 1 
24 21 12 
1 32 17 1 5 1 
1 32 10 10 1 1 1 1 
1 18 26 5 7 
1 2 47 1 2 3 1 
1 30 9 5 1 3 3 2 2 1 
2 12 27 3 13 
2 46 5 4 
46 3 8 
1 28 28 
1 30 8 15 3 
57 
26 24 7 
16 10 6 22 3 
18 14 1 20 4 
21 10 19 7 
11 21 17 8 
28 25 1 3 
2 42 13 
2 35 12 3 3 2 
12 10 2 32 1 
2 3 12 38 2 
30 1 9 11 6 
1 14 13 25 4 
16 32 8 1 
2 37 9 9 
35 18 4 
1 18 31 3 4 
23 19 11 1 2 1 
56 1 
2 23 18 8 6 
6 47 1 3 
31 20 4 1 1 
2 9 41 4 1 
1 54 2 
21 27 3 4 1 1 
1 5 16 18 1 6 10 
2 53 2 
42 5 8 1 1 
1 28 20 8 
44 4 1 8 
21 16 12 1 7 
1 32 3 10 4 4 1 2 
1 50 5 1 
1 31 17 6 1 1 
10 15 17 10 5 
1 55 1 
5 38 3 1 9 1 
2 6 3 42 3 1 
1 41 2 5 3 4 1 
1 19 13 18 2 2 2 
6 49 2 
1 33 21 1 1 
5 29 19 1 1 1 1 
1 4 30 13 1 6 2 
15 22 18 2 
14 14 1 24 4 
6 31 3 2 10 2 3 
5 4 8 32 1 1 3 1 1 1 
57 
13 12 9 19 2 2 
2 48 1 2 2 1 1 
5 5 5 24 13 3 2 
12 11 33 1 
40 17 
49 5 1 2 
3 52 1 1 
4 17 1 35 
2 38 13 3 1 
6 10 20 5 12 3 1 
6 12 4 11 7 6 7 1 3 
5 31 21 
1 43 2 5 1 5 
1 18 10 10 7 2 7 2 
1 38 5 8 1 1 2 1 
1 21 2 30 2 1 
1 50 5 1 
2 30 22 2 1 
5 22 28 1 1 
6 9 5 13 8 7 1 4 2 1 1 
1 40 16 
8 5 12 3 24 1 1 2 1 
42 3 4 1 5 1 1 
41 2 14 
6 5 5 17 18 2 2 1 1 
1 50 5 1 
48 3 1 4 1 
11 28 18 
10 29 14 4 
1 12 2 7 17 2 3 5 6 1 1 
4 47 3 1 2 
1 23 24 1 4 2 2 
13 23 9 6 4 1 1 
1 33 17 4 2 
1 3 35 2 3 8 5 
2 18 7 12 11 6 1 
8 41 8 
1 22 10 23 1 
51 6 
15 30 3 2 4 3 
56 1 
2 44 6 2 1 2 
14 25 7 1 4 2 2 1 1 
14 23 3 17 
52 3 2 
4 12 3 11 6 10 6 5 
55 1 1 
4 31 14 7 1 
1 32 17 5 2 
30 16 3 5 3 
2 28 21 6 
1 40 10 4 2 
2 25 4 23 2 1 
1 4 14 31 4 1 1 1 
4 15 6 6 3 5 17 1 
1 44 6 5 1 
1 8 18 17 3 6 3 1 
2 25 23 7 
2 35 5 6 5 2 2 
28 11 15 3 
2 30 14 5 3 2 1 
56 1 
1 9 7 16 7 6 11 
1 52 3 1 
1 40 10 5 1 
1 43 13 
1 13 36 5 1 1 
7 7 42 1 
3 38 1 14 1 
2 15 27 5 2 6 
1 50 6 
2 39 16 
55 2 
7 2 15 22 11 
1 8 44 3 1 
1 26 8 1 5 7 3 4 1 1 
1 46 9 1 
50 1 4 1 1 
1 28 24 3 1 
2 52 1 2 
1 22 2 8 13 2 1 2 3 1 1 1 
2 33 18 1 2 1 
6 42 8 1 
4 53 
33 6 2 4 12 
49 7 1 
1 42 11 2 1 
11 26 18 1 1 
1 37 9 8 2 
2 52 1 2 
1 11 23 5 2 9 5 1 
15 32 9 1 
4 10 43 
1 28 1 10 3 8 2 4 
1 14 21 9 6 4 2 
2 52 2 1 
14 15 4 21 3 
1 31 23 1 1 
1 35 11 5 4 1 
2 40 12 2 1 
1 32 13 6 3 2 
2 24 31 
1 12 43 1 
15 38 4 
4 13 36 2 2 
3 37 15 2 
36 4 12 5 
4 33 20 
2 49 2 4 
2 55 
1 54 2 
6 47 4 
3 11 11 4 1 4 10 9 4 
3 14 16 15 4 3 2 
46 8 3 
9 20 17 4 6 1 
3 30 23 1 
24 30 3 
2 45 9 1 
14 12 1 15 11 3 1 
3 1 17 9 2 11 1 3 7 1 2 
1 31 1 1 7 6 5 5 
1 56 
2 15 35 2 1 1 1 
3 36 3 10 3 2 
1 43 13 
4 10 38 5 
4 48 5 
7 40 1 1 3 5 
1 20 33 3 
3 17 24 11 1 1 
24 3 28 2 
1 50 6 
4 15 37 1 
3 53 1 
1 42 14 
3 54 
37 11 6 1 2 
3 43 5 4 2 
1 25 19 4 2 1 2 2 1 
3 18 16 7 1 9 3 
1 35 9 2 8 2 
1 43 2 2 1 6 2 
1 29 12 11 1 2 1 
15 25 10 7 
1 39 12 4 1 
1 1 35 14 3 3 
47 3 6 1 
1 20 35 1 
1 20 32 3 1 
1 42 3 8 1 1 1 
6 10 29 4 7 1 
2 39 12 1 2 1 
1 18 10 19 9 
1 3 4 24 7 10 6 2 
18 21 3 7 6 2 
1 25 27 3 1 
27 7 3 13 5 2 
6 31 18 1 1 
2 41 3 10 1 
52 5 
9 6 33 3 1 4 1 
1 42 7 7 
2 14 35 4 1 1 
2 38 11 2 2 2 
2 34 15 1 4 1 
1 45 8 2 1 
8 20 1 9 6 2 3 6 2 
2 27 14 12 2 
1 17 39 
1 53 3 
1 46 10 
4 28 25 
12 41 4 
46 2 7 2 
9 16 31 1 
1 4 28 1 23 
1 11 10 4 12 9 4 3 1 2 
1 28 21 6 1 
2 52 2 1 
13 41 3 
3 36 1 13 3 1 
1 11 44 1 
3 40 3 11 
2 37 14 1 3 
1 44 9 3 
6 8 27 4 8 2 1 1 
54 2 1 
5 27 18 1 3 1 2 
54 2 1 
17 27 2 6 1 3 1 
1 30 25 1 
3 11 43 
1 39 5 6 4 1 1 
2 11 26 1 4 11 1 1 
57 
23 2 5 3 8 1 10 2 1 2 
2 1 12 42 
34 10 7 1 4 1 
2 10 17 2 18 5 3 
4 2 41 7 3 
54 3 
1 12 11 6 4 20 3 
4 16 33 4 
23 18 3 8 3 2 
1 50 5 1 
8 37 11 1 
1 35 16 1 3 1 
2 47 3 3 1 1 
1 3 21 4 16 8 3 1 
1 16 36 1 3 
2 5 3 44 1 1 1 
2 15 37 3 
1 35 8 4 2 3 4 
18 38 1 
1 49 6 1 
2 45 10 
18 32 7 
10 31 1 8 6 1 
15 34 1 5 1 1 
9 47 1 
3 26 11 14 3 
17 31 3 1 1 2 2 
3 9 29 15 1 
1 40 3 9 3 1 
3 29 13 1 5 1 5 
1 8 1 45 1 1 
11 44 2 
1 23 8 18 7 
1 49 7 
1 44 12 
57 
1 33 11 4 3 1 2 1 1 
3 10 13 6 1 16 2 1 3 2 
13 25 8 7 4 
5 7 16 3 9 9 3 1 3 1 
1 22 30 2 2 
1 35 8 5 3 2 3 
2 51 4 
57 
38 18 1 
1 19 37 
1 49 5 2 
42 8 6 1 
1 12 20 1 17 3 3 
3 50 1 3 
2 41 5 6 2 1 
24 17 6 6 3 1 
31 19 2 5 
1 38 6 7 4 1 
53 1 2 1 
5 15 22 10 3 1 1 
1 43 4 4 1 2 2 
13 8 6 22 5 1 1 1 
11 17 3 12 1 9 4 
2 51 3 1 
1 56 
1 38 14 2 2 
1 20 29 4 3 
8 20 19 6 3 1 
3 31 17 4 2 
2 26 3 18 3 2 2 1 
2 49 1 4 1 
1 30 11 6 7 2 
1 38 18 
3 41 12 1 
10 25 14 8 
16 37 1 3 
3 45 4 3 1 1 
26 18 2 6 2 2 1 
1 56 
1 6 28 16 1 3 2 
9 9 37 2 
1 27 4 12 9 4 
34 18 1 3 1 
1 52 3 1 
2 37 9 1 3 2 3 
1 49 6 1 
6 28 21 1 1 
3 50 2 2 
9 8 34 3 2 1 
56 1 
2 8 13 23 2 8 1 
8 31 2 2 1 11 2 
1 52 4 
4 16 14 8 2 6 6 1 
1 5 6 29 5 3 5 3 
2 51 2 2 
4 28 25 
3 15 31 2 2 3 1 
1 48 8 
1 33 22 1 
38 18 1 
1 39 17 
57 
1 28 17 2 2 4 1 2 
33 19 2 1 2 
3 43 5 4 2 
2 24 20 8 2 1 
1 32 23 1 
1 30 8 11 5 1 1 
1 1 8 18 10 10 9 
1 42 11 1 1 1 
2 31 3 19 2 
50 6 1 
3 44 3 2 1 4 
1 32 6 10 7 1 
9 25 5 1 9 2 6 
8 35 14 
1 36 14 5 1 
1 1 24 24 2 2 3 
41 14 2 
1 16 15 11 6 8 
4 30 23 
3 21 28 1 4 
2 7 43 2 1 2 
1 38 5 6 7 
1 47 2 4 1 1 1 
15 22 20 
57 
1 53 2 1 
4 19 8 8 7 8 3 
1 35 10 9 1 1 
1 51 3 2 
1 23 26 3 2 2 
25 31 1 
56 1 
4 37 4 6 6 
1 45 11 
1 36 18 2 
12 9 15 12 3 4 1 1 
3 4 29 20 1 
1 42 14 
1 22 4 17 7 4 2 
4 16 3 19 12 2 1 
1 40 16 
1 43 10 3 
6 8 29 9 3 1 1 
15 42 
6 26 8 6 1 1 3 2 4 
13 6 25 9 2 1 1 
1 33 9 6 8 
39 5 6 2 3 1 1 
16 37 3 1 
36 21 
4 36 4 6 5 1 1 
1 54 2 
1 49 1 1 3 2 
7 45 4 1 
5 29 2 17 3 1 
5 45 5 2 
1 46 10 
1 24 30 2 
1 38 14 1 1 2 
53 4 
1 46 10 
1 36 20 
36 14 1 5 1 
3 10 44 
2 50 5 
2 38 6 1 3 1 4 1 1 
4 31 9 4 3 1 2 2 1 
57 
42 13 2 
1 14 24 10 6 2 
16 1 37 3 
57 
37 4 14 2 
1 34 13 5 3 1 
1 1 45 6 4 
1 53 3 
3 1 32 11 6 3 1 
4 50 3 
4 23 11 5 13 1 
10 34 7 6 
1 29 19 1 7 
8 20 11 8 8 1 1 
1 12 37 1 5 1 
1 46 1 9 
1 53 2 1 
1 31 7 6 5 5 1 1 
1 10 45 1 
1 2 24 10 3 4 13 
1 31 19 3 3 
28 25 4 
10 43 1 1 2 
1 28 2 8 12 3 3 
1 7 30 11 7 1 
1 1 50 1 1 2 1 
1 53 2 1 
1 49 2 3 2 
1 36 19 1 
3 9 39 3 2 1 
1 19 16 7 10 4 
1 10 19 9 2 11 2 2 1 
2 23 32 
3 38 4 4 3 1 4 
55 2 
57 
5 7 42 3 
2 40 15 
34 22 1 
2 32 21 2 
6 36 15 
1 48 7 1 
1 17 8 22 9 
2 22 30 1 2 
5 35 17 
2 54 1 
2 18 5 21 11 
1 4 15 35 2 
12 39 6 
22 25 10 
1 45 5 1 2 1 1 1 
4 11 34 3 4 1 
47 3 1 4 2 
31 23 2 1 
27 3 24 1 2 
2 8 24 20 1 2 
2 34 12 5 1 1 1 1 
1 40 10 3 1 1 1 
1 19 8 5 11 2 3 5 3 
1 52 3 1 
1 2 50 4 
5 42 9 1 
2 22 19 3 3 1 3 4 
50 4 1 2 
1 9 4 8 34 1 
14 1 16 21 3 1 1 
53 4 
5 20 31 1 
1 11 10 23 2 6 1 2 1 
1 42 13 1 
13 22 4 9 7 1 1 
26 8 17 3 3 
1 56 
18 11 22 2 2 2 
3 48 6 
1 49 4 3 
1 40 1 6 2 5 1 1 
1 17 25 14 
1 6 4 32 9 5 
3 19 13 4 8 5 2 1 2 
1 53 3 
14 26 2 4 11 
52 1 3 1 
1 55 1 
42 6 4 2 1 2 
1 51 1 1 1 1 1 
11 15 14 11 3 1 2 
1 54 2 
1 49 7 
7 26 17 4 1 2 
1 27 11 2 3 1 2 1 3 3 1 1 1 
18 16 19 4 
6 29 11 7 2 2 
1 28 14 4 10 
1 47 9 
1 14 14 12 1 1 6 7 1 
1 50 5 1 
6 33 3 11 4 
1 47 2 4 1 1 1 
1 37 11 4 3 1 
12 32 13 
1 12 39 1 1 2 1 
2 50 1 3 1 
4 23 22 3 3 1 1 
1 55 1 
1 25 5 11 9 6 
1 51 5 
1 28 1 25 2 
5 8 27 6 2 7 1 1 
8 35 10 4 
9 31 12 5 
4 21 23 8 1 
1 31 12 3 7 3 
1 56 
1 45 4 5 2 
29 4 10 2 10 2 
4 20 30 1 1 1 
6 11 21 14 5 
1 18 36 2 
4 12 40 1 
3 4 18 22 7 2 1 
3 47 7 
1 28 8 16 2 1 1 
1 52 1 1 2 
1 2 24 15 3 5 5 2 
1 50 4 2 
39 16 1 1 
1 53 3 
1 14 9 3 7 3 7 6 7 
10 9 38 
1 18 17 13 2 5 1 
4 27 21 3 1 1 
16 25 16 
2 43 12 
1 46 3 7 
6 42 5 4 
50 3 2 1 1 
56 1 
1 20 32 1 1 1 1 
2 41 13 1 
12 13 8 9 10 5 
1 35 13 4 3 1 
1 36 11 5 1 3 
1 49 4 1 1 1 
18 3 23 1 10 1 1 
9 20 7 20 1 
1 51 2 1 1 1 
2 42 4 2 2 3 1 1 
2 41 13 1 
1 7 21 8 6 1 8 2 1 2 
1 4 9 18 2 4 16 2 1 
57 
14 15 2 8 8 5 5 
9 34 11 2 1 
11 41 4 1 
7 23 16 1 1 3 1 3 1 1 
15 5 33 3 1 
1 28 11 2 9 2 4 
1 11 21 18 4 2 
3 47 7 
1 55 1 
49 4 3 1 
1 29 3 12 11 1 
47 4 2 4 
57 
29 19 3 4 2 
1 4 45 6 1 
2 30 1 3 9 11 1 
5 21 18 6 7 
55 2 
1 48 8 
29 19 5 4 
5 37 1 3 10 1 
1 12 44 
3 20 31 1 2 
36 19 2 
16 39 2 
1 30 26 
2 23 4 5 14 3 6 
1 34 15 7 
4 35 7 10 1 
1 14 4 27 3 2 3 2 1 
1 5 9 21 15 1 2 2 1 
2 55 
2 5 12 9 3 17 2 6 1 
9 35 2 8 2 1 
3 20 13 11 1 4 5 
11 12 34 
5 20 7 10 8 4 2 1 
1 18 33 3 2 
1 41 11 2 2 
6 38 13 
54 2 1 
3 48 6 
4 49 2 2 
1 27 14 2 13 
2 26 5 11 6 1 1 2 3 
57 
4 34 9 4 5 1 
57 
1 54 2 
15 20 9 7 1 2 1 1 1 
45 6 3 1 2 
2 23 30 1 1 
34 1 18 3 1 
9 17 2 19 1 9 
8 2 31 8 2 6 
56 1 
4 40 12 1 
23 10 20 2 2 
1 19 33 2 1 1 
2 4 31 10 5 1 4 
40 4 9 1 1 1 1 
5 17 29 1 5 
1 48 1 2 5 
3 21 6 2 10 2 5 8 
1 30 20 1 1 1 1 2 
8 36 8 1 3 1 
1 37 3 16 
3 12 17 10 1 3 11 
1 5 30 5 5 6 5 
1 30 25 1 
8 48 1 
1 1 8 10 26 7 1 3 
1 37 11 1 1 1 4 1 
1 18 8 27 3 
1 29 20 7 
25 6 1 3 10 5 4 2 1 
4 40 1 8 2 2 
4 2 17 20 1 5 2 6 
41 11 3 1 1 
4 38 5 10 
1 46 7 3 
4 50 2 1 
7 32 18 
1 51 4 1 
12 31 13 1 
22 27 8 
31 18 7 1 
12 5 27 9 4 
1 12 18 21 5 
35 6 6 2 6 2 
31 7 8 2 7 2 
2 35 6 11 3 
43 10 4 
9 9 6 16 8 1 1 3 4 
39 10 3 1 2 2 
3 32 2 10 1 1 4 4 
1 33 15 2 2 1 3 
2 47 7 1 
3 36 12 2 3 1 
1 42 14 
47 2 1 4 1 1 1 
30 4 9 12 2 
4 14 38 1 
1 28 8 12 3 5 
1 40 2 2 2 3 4 3 
3 28 13 9 4 
5 20 23 5 1 3 
1 8 47 1 
1 56 
1 33 4 1 1 12 5 
5 48 3 1 
1 5 34 8 5 4 
1 8 41 7 
8 32 4 4 7 2 
15 23 19 
3 4 37 12 1 
3 40 5 9 
38 6 12 1 
2 18 20 9 2 5 1 
1 17 8 29 1 1 
2 32 10 7 2 2 1 1 
20 29 4 1 1 1 1 
1 3 33 4 16 
1 47 1 3 3 2 
1 7 43 1 5 
1 27 11 18 
1 36 18 1 1 
2 3 4 25 9 8 5 1 
4 11 4 8 4 1 2 4 16 2 1 
1 11 31 11 2 1 
1 15 5 16 9 7 3 1 
1 54 2 
11 27 17 2 
27 7 20 3 
56 1 
2 39 16 
1 54 1 1 
1 4 28 12 12 
1 5 40 3 1 4 3 
2 6 32 2 11 1 1 2 
1 28 20 8 
5 50 2 
1 46 6 1 1 1 1 
1 55 1 
1 46 7 1 1 1 
11 28 18 
2 4 45 1 1 1 1 1 1 
1 23 12 6 10 5 
1 46 10 
2 28 22 4 1 
1 44 12 
49 6 1 1 
6 24 3 7 7 3 4 2 1 
13 10 3 10 7 14 
20 7 23 2 4 1 
11 29 9 6 2 
6 34 10 6 1 
46 5 2 3 1 
1 12 27 17 
2 19 4 7 12 5 7 1 
1 9 25 11 9 2 
6 26 19 4 2 
1 20 22 5 5 2 2 
1 47 4 1 1 1 2 
2 38 12 2 2 1 
1 31 25 
4 14 21 2 1 8 5 1 1 
1 7 34 15 
57 
1 45 11 
1 16 30 6 1 2 1 
1 8 37 11 
1 56 
44 10 3 
1 7 6 22 14 5 1 1 
11 20 4 1 14 1 2 4 
11 15 29 1 1 
3 49 4 1 
2 20 28 7 
2 55 
1 4 32 17 3 
2 53 2 
1 36 20 
1 20 6 29 1 
6 30 3 8 1 1 5 1 1 1 
4 47 1 4 1 
1 1 33 4 5 2 2 2 7 
1 19 31 4 2 
44 7 6 
1 23 10 3 8 12 
13 35 8 1 
10 26 15 5 1 
1 31 7 13 3 2 
1 19 32 4 1 
3 31 8 11 3 1 
1 49 3 1 2 1 
1 8 27 16 3 1 1 
2 4 50 1 
17 17 15 2 6 
6 33 17 1 
5 10 38 2 2 
1 17 3 10 17 9 
46 9 2 
2 31 19 1 4 
17 21 1 8 1 6 3 
2 8 11 16 10 1 1 5 3 
2 39 2 8 4 2 
1 39 6 10 1 
3 28 9 4 1 11 1 
1 21 32 2 1 
31 20 6 
1 43 4 8 1 
1 53 3 
1 6 50 
3 24 8 10 10 2 
9 40 5 3 
28 1 1 15 2 4 1 2 1 2 
2 45 5 5 
1 23 16 2 6 3 3 3 
1 42 13 1 
43 1 3 5 1 1 3 
9 30 10 6 2 
32 22 3 
1 27 19 6 1 3 
6 13 38 
1 40 7 8 1 
2 32 23 
1 35 4 14 3 
2 30 4 8 2 11 
57 
5 46 6 
41 13 1 2 
1 25 25 1 4 1 
2 48 6 1 
4 34 14 3 1 1 
54 1 1 1 
50 6 1 
1 13 16 1 2 5 18 1 
1 41 10 1 1 1 2 
1 19 1 14 9 4 1 5 2 1 
1 37 9 3 6 1 
1 9 18 28 1 
1 40 12 4 
57 
1 28 27 1 
1 54 2 
1 19 32 1 4 
1 37 19 
1 56 
1 37 19 
2 40 2 12 1 
2 48 5 1 1 
32 1 17 6 1 
9 13 12 9 10 1 1 2 
3 48 1 4 1 
1 36 18 1 1 
1 9 25 21 1 
9 20 24 3 1 
1 44 1 1 2 3 1 3 1 
5 9 29 5 3 6 
5 9 27 8 8 
1 32 23 1 
22 28 3 3 1 
1 5 47 1 1 1 1 
2 51 4 
19 21 2 1 6 8 
2 37 12 1 3 1 1 
25 32 
1 19 37 
43 14 
29 3 24 1 
1 43 8 2 3 
1 47 6 2 1 
24 1 20 12 
1 28 9 9 6 4 
29 25 1 2 
57 
15 36 4 2 
5 9 5 4 21 3 4 4 2 
14 19 3 1 2 4 10 3 1 
1 55 1 
1 55 1 
2 44 11 
2 51 2 1 1 
43 7 3 2 1 1 
1 50 6 
3 11 42 1 
1 56 
11 35 10 1 
2 24 28 3 
1 37 3 15 1 
4 49 1 2 1 
1 18 20 13 5 
2 24 15 4 12 
20 21 6 8 2 
1 16 8 3 11 2 15 1 
1 10 12 13 8 12 1 
1 7 14 29 4 1 1 
1 54 2 
2 46 1 4 4 
1 29 5 20 1 1 
1 52 2 1 1 
23 3 5 25 1 
1 28 28 
8 24 25 
2 49 6 
11 29 12 1 4 
1 6 9 5 21 10 5 
1 45 8 2 1 
4 34 3 11 3 2 
52 1 1 3 
3 42 12 
6 25 2 8 6 1 2 3 2 2 
7 6 44 
1 42 9 3 2 
2 38 7 1 9 
2 48 3 3 1 
53 3 1 
7 26 23 1 
1 36 19 1 
6 27 23 1 
1 53 3 
55 2 
4 11 42 
6 3 39 8 1 
2 14 1 21 17 2 
2 39 16 
6 21 30 
3 9 31 10 4 
2 7 21 15 7 5 
2 4 50 1 
16 22 13 5 1 
1 49 6 1 
1 41 4 8 3 
1 42 5 6 1 1 1 
1 26 6 8 12 4 
2 23 17 13 2 
10 8 16 4 9 1 9 
3 8 18 2 9 6 3 2 1 5 
25 14 13 5 
3 33 7 7 7 
7 33 2 8 5 1 1 
2 29 8 11 2 2 1 1 1 
1 24 4 23 2 1 2 
25 26 6 
1 29 27 
10 21 22 2 1 1 
1 7 14 13 7 4 10 1 
2 55 
1 31 24 1 
44 2 6 4 1 
1 5 7 4 26 13 1 
3 46 6 1 1 
6 35 12 2 1 1 
1 16 13 20 1 5 1 
49 7 1 
1 55 1 
1 44 6 6 
16 19 7 13 2 
3 44 10 
26 18 3 9 1 
50 3 4 
4 48 5 
1 17 34 5 
27 28 2 
1 16 12 24 1 1 1 1 
1 44 6 6 
4 19 9 24 1 
1 48 8 
1 4 34 6 4 7 1 
57 
1 27 17 9 3 
37 18 1 1 
38 14 5 
4 21 26 3 1 2 
2 30 17 4 4 
2 37 2 16 
14 32 4 5 1 1 
8 46 2 1 
1 16 3 29 6 2 
54 1 2 
4 50 1 2 
1 15 4 28 1 8 
1 40 16 
1 51 5 
1 17 32 3 2 2 
1 24 18 13 1 
5 41 1 10 
3 47 2 4 1 
50 7 
1 48 7 1 
40 12 3 2 
2 9 8 26 9 2 1 
1 2 46 6 2 
14 19 11 3 1 5 4 
2 36 11 5 3 
7 34 11 4 1 
1 28 6 5 17 
3 28 20 5 1 
24 19 14 
8 1 9 16 11 11 1 
1 10 36 9 1 
11 6 38 2 
1 9 44 3 
6 41 10 
56 1 
3 20 29 2 3 
1 49 7 
2 46 1 1 2 5 
11 4 20 5 4 10 2 1 
34 13 4 6 
18 32 6 1 
1 15 10 17 2 10 1 1 
1 5 25 20 3 1 2 
3 32 21 1 
1 1 28 27 
2 26 13 14 2 
1 27 20 3 5 1 
4 20 33 
8 13 3 8 14 8 2 1 
2 9 36 2 1 5 2 
2 12 25 1 17 
2 44 11 
4 52 1 
19 19 2 9 4 4 
6 49 2 
3 2 19 3 19 8 2 1 
1 41 11 3 1 
50 4 3 
2 22 11 17 2 3 
2 9 21 21 3 1 
5 19 5 24 3 1 
3 37 11 2 2 1 1 
50 2 3 2 
10 3 4 3 10 25 1 1 
8 28 14 4 2 1 
7 31 9 10 
2 14 41 
3 20 17 7 9 1 
2 6 2 41 2 1 2 1 
2 38 6 8 1 2 
2 12 5 25 8 1 1 2 1 
1 52 3 1 
3 6 18 11 14 4 1 
2 54 1 
2 8 47 
2 52 3 
13 4 33 2 5 
1 1 24 6 3 2 1 9 1 3 4 2 
4 49 1 3 
3 13 37 3 1 
1 20 9 11 3 7 6 
54 1 2 
3 10 31 9 1 3 
31 23 3 
1 24 23 4 1 3 1 
1 24 23 1 5 1 1 1 
2 24 21 7 3 
3 35 9 9 1 
1 15 12 10 13 1 4 1 
2 41 6 6 2 
8 4 5 27 1 8 2 2 
3 1 33 4 2 9 5 
4 22 22 5 4 
2 8 26 11 2 6 1 1 
13 21 23 
8 18 31 
2 34 2 1 11 1 2 1 1 2 
1 38 12 2 1 3 
4 47 3 3 
1 51 3 2 
51 6 
1 31 10 12 2 1 
2 36 2 10 3 3 1 
8 17 23 5 1 3 
3 31 6 17 
22 29 4 2 
7 46 3 1 
23 13 7 3 6 3 1 1 
1 9 36 9 1 1 
27 16 12 1 1 
1 55 1 
13 19 19 3 3 
1 18 3 21 8 6 
1 44 10 1 1 
57 
13 41 2 1 
2 11 41 2 1 
18 33 4 2 
1 22 27 3 2 1 1 
1 19 36 1 
2 21 5 26 1 1 1 
1 47 7 2 
9 8 6 18 13 3 
53 2 1 1 
2 50 4 1 
57 
2 20 33 2 
2 17 7 2 12 16 1 
13 39 5 
1 55 1 
5 43 9 
2 48 4 2 1 
1 2 13 31 7 2 1 
25 28 3 1 
1 9 2 38 7 
27 16 12 1 1 
20 22 2 11 2 
4 27 3 3 16 2 1 1 
12 43 1 1 
6 21 10 2 13 5 
8 12 30 3 2 2 
7 38 12 
5 39 10 1 1 1 
1 50 6 
52 5 
1 32 24 
1 17 24 14 1 
3 49 5 
1 48 7 1 
1 12 16 22 3 3 
4 14 36 2 1 
1 39 12 5 
9 28 4 8 8 
1 20 29 5 1 1 
1 22 22 9 1 2 
1 3 37 4 12 
1 25 27 3 1 
1 48 1 3 2 2 
1 30 15 6 4 1 
1 18 38 
42 13 2 
2 6 42 6 1 
24 27 6 
2 52 2 1 
2 33 19 2 1 
1 48 4 2 2 
18 29 9 1 
14 29 14 
52 3 2 
7 46 4 
1 55 1 
11 16 6 13 4 6 1 
33 22 1 1 
9 29 6 13 
2 11 16 4 12 4 5 3 
1 8 10 22 16 
25 1 17 1 5 4 3 1 
19 14 23 1 
4 1 3 31 1 15 2 
3 43 11 
13 13 10 20 1 
1 33 4 12 7 
3 16 15 23 
1 9 10 23 5 7 1 1 
1 8 3 44 1 
1 38 11 3 4 
2 43 2 2 6 2 
31 21 4 1 
50 2 1 4 
2 46 6 3 
13 18 22 4 
1 25 23 2 6 
3 14 26 4 2 7 1 
1 33 3 14 1 5 
8 19 30 
4 50 1 2 
5 28 24 
6 14 2 18 8 8 1 
2 27 23 4 1 
30 21 6 
19 29 4 3 1 1 
1 26 5 14 9 1 1 
1 23 17 4 2 1 1 4 1 1 2 
1 34 9 5 6 2 
1 52 4 
4 49 3 1 
5 41 2 8 1 
1 35 14 1 6 
2 47 8 
2 30 3 19 3 
7 12 1 22 1 13 1 
5 39 13 
4 24 26 1 2 
1 10 3 37 1 3 1 1 
3 2 47 3 2 
3 37 17 
3 46 8 
9 1 9 14 18 6 
16 28 12 1 
1 5 23 6 11 1 5 2 3 
21 30 6 
2 6 2 1 33 6 7 
1 2 41 13 
2 32 21 2 
1 37 19 
21 35 1 
1 53 2 1 
2 19 33 2 1 
1 5 14 20 2 2 13 
34 20 1 2 
17 39 1 
1 23 7 1 25 
9 10 31 7 
4 32 10 6 1 4 
10 38 7 1 1 
1 10 12 19 7 7 1 
2 13 17 14 3 2 4 1 1 
16 23 8 6 4 
2 51 3 1 
19 21 17 
8 13 14 2 6 10 1 2 1 
1 21 20 10 2 3 
3 28 26 
4 45 1 3 2 1 1 
2 52 3 
3 53 1 
1 27 13 1 10 4 1 
2 9 16 21 6 2 1 
3 17 26 10 1 
1 24 20 8 3 1 
1 16 18 20 2 
11 9 4 22 7 1 1 1 1 
15 3 38 1 
2 8 8 33 6 
1 1 24 29 1 1 
1 7 1 17 16 10 4 1 
9 25 1 22 
3 4 8 16 17 5 3 1 
6 23 19 9 
1 30 7 18 1 
1 27 7 7 3 2 4 4 2 
54 1 2 
2 13 33 7 2 
1 2 38 3 3 2 4 2 2 
2 26 12 1 1 7 8 
2 31 18 6 
2 8 10 26 1 5 3 1 1 
1 53 3 
3 4 41 1 3 1 1 1 1 1 
1 46 5 5 
1 2 40 1 11 2 
1 45 4 4 2 1 
1 15 19 3 7 5 1 6 
3 20 25 9 
1 38 17 1 
20 36 1 
1 9 11 30 2 3 1 
1 30 6 12 8 
2 24 2 1 28 
4 33 12 6 2 
1 55 1 
1 18 24 12 1 1 
1 33 13 3 4 3 
4 4 4 26 18 1 
21 29 7 
1 18 27 1 3 7 
1 7 45 1 3 
1 20 4 2 29 1 
1 51 4 1 
14 35 8 
5 37 6 8 1 
10 37 1 5 4 
1 1 54 1 
1 52 1 1 2 
57 
1 12 44 
2 41 9 2 2 1 
5 17 15 11 4 4 1 
2 54 1 
2 2 40 13 
2 30 11 8 1 4 1 
4 8 15 30 
9 4 23 15 1 2 3 
2 50 5 
1 51 3 2 
8 23 25 1 
1 39 12 5 
3 17 25 3 9 
14 25 16 2 
13 2 2 2 9 18 3 5 2 1 
1 11 1 20 23 1 
1 2 20 16 15 1 2 
1 18 35 1 1 1 
2 50 5 
2 41 14 
4 39 14 
1 46 10 
2 32 10 13 
2 42 3 9 1 
7 41 1 4 2 2 
3 6 35 2 10 1 
1 9 2 29 3 13 
42 2 13 
16 10 10 6 6 2 4 1 1 1 
11 27 17 1 1 
41 13 2 1 
2 37 18 
9 17 8 1 13 4 2 1 2 
1 39 7 2 7 1 
1 18 3 33 2 
40 14 3 
1 47 7 1 1 
1 26 28 2 
2 53 2 
4 12 3 6 2 1 26 2 1 
1 41 5 5 5 
2 39 16 
7 40 2 7 1 
4 48 3 2 
2 35 20 
8 49 
1 37 6 1 2 1 8 1 
57 
1 17 38 1 
2 46 7 1 1 
3 28 12 9 1 4 
1 19 2 3 7 8 3 7 2 2 3 
1 4 39 8 5 
21 34 2 
1 6 3 18 13 1 5 6 1 2 1 
7 13 29 3 2 3 
1 22 8 14 11 1 
3 48 3 2 1 
3 40 3 4 1 4 1 1 
10 34 11 1 1 
1 29 12 2 4 8 1 
5 10 38 3 1 
1 39 9 6 1 1 
4 28 24 1 
2 26 17 10 2 
2 28 26 1 
6 6 16 15 1 9 1 2 1 
1 54 1 1 
1 9 5 24 9 4 5 
13 11 21 12 
14 14 6 1 1 10 5 1 1 2 2 
1 1 29 19 4 1 2 
2 39 16 
48 6 2 1 
11 38 8 
17 17 23 
19 22 6 2 6 1 1 
57 
9 14 21 9 2 1 1 
29 3 8 15 2 
33 22 1 1 
1 37 19 
51 6 
17 35 3 1 1 
1 37 17 2 
12 36 6 2 1 
1 46 1 4 1 2 2 
1 42 4 2 2 1 4 1 
4 14 15 17 3 2 1 1 
1 7 10 30 7 1 1 
1 7 8 14 25 1 1 
44 4 9 
1 27 9 9 9 2 
34 12 10 1 
1 43 2 11 
2 32 17 1 2 1 1 1 
7 3 3 18 11 4 9 2 
8 39 3 3 2 2 
2 8 35 1 6 2 3 
13 32 3 8 1 
50 4 2 1 
6 16 6 28 1 
13 28 15 1 
28 18 7 4 
57 
14 14 16 10 1 2 
33 11 13 
3 52 1 1 
1 36 12 5 3 
1 4 30 22 
3 13 40 1 
1 16 35 4 1 
20 2 35 
51 1 5 
19 22 1 9 5 1 
12 33 8 2 2 
1 6 48 1 1 
1 39 16 1 
54 2 1 
6 39 11 1 
17 39 1 
55 1 1 
1 45 1 3 7 
2 51 4 
1 18 30 1 4 1 2 
5 42 7 3 
1 1 22 11 20 1 1 
1 19 30 7 
8 31 4 9 2 2 1 
1 48 7 1 
1 21 34 1 
2 48 3 2 1 1 
21 30 2 2 1 1 
10 1 27 2 16 1 
6 8 36 5 2 
1 38 4 4 5 4 1 
2 41 3 11 
1 55 1 
1 56 
1 23 25 7 1 
4 11 7 22 1 11 1 
1 6 26 18 6 
1 38 14 1 1 2 
24 17 16 
1 17 1 1 35 2 
3 40 3 7 4 
5 4 13 24 9 1 1 
1 8 10 21 5 6 2 1 3 
33 19 4 1 
33 20 2 2 
1 35 17 2 2 
14 17 26 
2 19 26 2 6 1 1 
1 43 10 2 1 
55 1 1 
2 23 5 2 4 13 1 3 1 2 1 
2 45 4 3 3 
1 53 3 
1 50 4 1 1 
19 8 3 10 15 1 1 
56 1 
4 49 1 2 1 
13 13 20 5 3 1 1 1 
2 35 12 3 5 
1 52 1 1 1 1 
5 4 21 16 2 5 2 2 
16 21 7 4 5 2 1 1 
4 32 7 14 
2 21 26 2 6 
6 23 6 22 
4 15 20 6 3 1 3 4 1 
10 15 32 
1 39 17 
12 1 9 6 28 1 
8 8 11 6 7 3 14 
3 16 33 2 1 1 1 
2 54 1 
29 4 16 3 5 
1 16 31 8 1 
1 5 40 1 4 6 
2 16 25 1 9 3 1 
1 45 1 9 1 
1 38 18 
4 25 1 15 6 5 1 
1 46 9 1 
3 37 13 2 1 1 
1 38 3 15 
1 38 18 
1 3 50 2 1 
8 7 28 9 4 1 
1 4 44 8 
1 9 46 1 
3 7 7 34 5 1 
32 13 7 2 3 
8 41 6 2 
1 25 9 3 17 1 1 
6 49 2 
1 31 19 6 
5 14 29 1 8 
1 55 1 
2 54 1 
7 22 12 13 3 
1 13 39 3 1 
4 5 38 4 6 
13 3 14 24 2 1 
1 13 8 32 1 2 
1 15 32 3 4 2 
1 25 29 1 1 
1 52 1 1 2 
1 39 12 4 1 
13 33 3 1 7 
50 5 2 
5 29 20 3 
1 40 11 4 1 
4 44 3 6 
4 53 
3 2 4 26 10 10 1 1 
4 36 17 
5 4 23 6 10 5 4 
1 9 1 23 15 4 4 
2 31 11 8 4 1 
6 14 37 
22 7 9 10 5 1 3 
2 24 2 7 22 
2 5 14 15 2 7 3 7 1 1 
1 18 37 1 
2 47 2 2 3 1 
57 
1 19 10 5 2 12 7 1 
3 16 15 7 14 2 
1 4 51 1 
1 54 2 
1 16 34 4 2 
2 9 20 7 13 5 1 
3 28 26 
1 20 35 1 
3 25 13 4 4 5 1 2 
1 42 13 1 
1 33 21 2 
4 33 20 
5 49 3 
11 7 27 5 7 
2 51 1 2 1 
1 54 2 
8 35 11 3 
17 28 11 1 
1 29 16 5 3 1 2 
2 26 29 
1 40 7 8 1 
1 10 31 6 2 4 3 
1 43 13 
23 9 16 9 
1 19 6 5 8 6 6 3 3 
1 29 24 2 1 
1 2 40 8 5 1 
10 35 7 3 1 1 
3 12 7 9 11 1 12 2 
1 17 12 24 2 1 
1 35 17 3 1 
53 1 2 1 
2 55 
46 3 8 
3 14 18 17 5 
24 4 19 2 7 1 
33 9 9 4 1 1 
1 18 36 1 1 
20 6 10 14 4 1 2 
1 24 20 1 11 
4 28 25 
1 9 22 24 1 
2 8 19 19 1 6 2 
1 10 41 4 1 
1 6 35 9 4 2 
56 1 
1 53 3 
1 56 
56 1 
8 9 12 7 3 12 3 1 1 1 
14 26 11 4 2 
6 24 15 7 2 1 1 1 
1 34 14 8 
3 7 31 2 13 1 
1 1 37 7 1 2 7 1 
1 18 28 10 
1 22 27 7 
3 24 20 5 2 1 1 1 
46 6 3 1 1 
1 12 14 13 1 15 1 
1 1 51 4 
12 45 
30 3 1 8 1 2 6 5 1 
1 28 16 4 6 2 
3 13 40 1 
1 42 4 7 3 
9 47 1 
3 29 3 7 6 7 1 1 
2 23 29 3 
1 23 25 4 1 1 2 
2 30 14 10 1 
3 37 6 6 4 1 
3 16 15 8 13 1 1 
2 11 5 8 6 18 6 1 
2 10 43 1 1 
2 20 20 15 
1 33 23 
2 30 3 10 8 4 
1 51 5 
4 50 3 
4 40 2 5 3 2 1 
1 41 15 
3 8 11 29 3 3 
5 23 11 7 11 
1 32 20 4 
57 
56 1 
4 8 17 9 8 5 2 4 
3 39 2 12 1 
48 9 
1 23 3 9 5 14 2 
2 18 19 14 3 1 
33 10 3 4 7 
8 33 7 3 4 2 
1 17 33 3 3 
5 10 36 1 3 2 
1 27 28 1 
14 33 9 1 
1 4 18 28 3 2 1 
1 8 32 1 8 6 1 
2 24 1 7 19 1 1 1 1 
7 17 16 14 1 1 1 
1 32 6 8 7 3 
7 15 18 17 
6 44 6 1 
4 44 9 
1 56 
2 8 39 8 
55 1 1 
2 42 3 4 6 
7 34 2 10 1 3 
2 18 11 15 7 3 1 
57 
41 11 3 2 
4 9 6 4 15 13 6 
1 1 40 5 8 2 
7 29 21 
53 3 1 
1 23 33 
24 11 22 
6 25 12 8 5 1 
2 52 3 
24 18 10 4 1 
1 15 9 15 13 3 1 
1 48 7 1 
1 45 9 2 
1 21 21 2 1 8 1 2 
41 1 12 1 1 1 
15 24 14 3 1 
1 51 1 1 1 2 
35 6 16 
1 21 18 17 
51 1 5 
4 16 19 4 11 3 
13 28 1 11 2 2 
17 36 4 
1 38 13 5 
10 16 16 6 8 1 
1 31 20 1 1 2 1 
2 51 4 
2 49 6 
28 6 13 5 5 
1 17 10 9 15 3 2 
4 8 25 10 8 2 
1 39 10 5 2 
20 8 1 25 2 1 
6 46 5 
17 32 4 2 1 1 
35 10 6 1 5 
1 4 52 
19 14 12 12 
1 4 31 16 5 
43 2 5 7 
11 22 1 21 2 
1 2 1 27 22 3 1 
1 36 20 
2 54 1 
57 
2 8 34 2 5 6 
1 34 19 2 1 
5 45 7 
3 19 7 10 16 2 
3 11 16 16 9 1 1 
4 22 14 8 6 3 
27 28 2 
4 52 1 
27 1 17 3 7 2 
56 1 
2 23 31 1 
17 29 6 4 1 
23 16 3 8 2 2 1 2 
31 19 4 1 2 
1 19 11 8 14 3 1 
1 18 10 20 8 
15 39 1 2 
1 50 1 4 1 
8 20 21 7 1 
54 1 1 1 
1 35 14 2 2 3 
24 9 15 5 1 1 2 
34 4 12 2 5 
1 12 30 2 12 
2 32 9 14 
1 9 19 15 2 7 3 1 
22 21 7 6 1 
1 34 13 4 1 4 
1 28 10 6 12 
2 33 10 10 2 
2 52 2 1 
2 8 14 27 5 1 
48 7 2 
1 27 20 2 6 1 
2 12 35 5 3 
10 11 22 2 1 2 8 1 
2 15 11 24 3 1 1 
16 39 2 
1 5 30 10 8 1 2 
2 13 18 18 6 
1 21 21 2 3 5 2 2 
2 43 1 2 1 2 2 2 2 
9 35 13 
1 36 12 2 1 5 
17 6 20 4 1 4 1 2 2 
31 6 11 4 5 
8 16 23 2 6 2 
1 48 4 4 
1 45 11 
2 40 14 1 
1 24 32 
1 5 12 35 4 
4 2 45 2 1 1 1 1 
17 11 20 2 4 3 
1 12 41 1 2 
11 7 3 16 3 16 1 
10 29 11 2 4 1 
56 1 
5 10 29 4 5 3 1 
36 16 4 1 
1 40 16 
31 22 3 1 
7 49 1 
9 38 9 1 
14 27 16 
10 38 1 4 2 2 
1 10 43 2 1 
2 2 31 4 15 1 1 1 
5 11 28 2 8 3 
51 4 2 
4 49 4 
13 14 19 4 7 
1 33 18 5 
2 13 21 19 2 
1 23 29 3 1 
2 1 54 
2 36 6 7 6 
14 9 26 8 
3 6 48 
25 20 2 2 7 1 
57 
1 7 22 18 7 2 
15 20 10 8 2 2 
16 3 33 4 1 
57 
2 33 18 3 1 
57 
8 15 3 13 4 10 1 1 1 1 
2 38 16 1 
4 47 6 
5 43 2 7 
1 38 2 12 2 2 
1 52 1 3 
1 54 2 
1 38 1 4 2 1 4 2 2 1 1 
1 3 5 7 12 8 4 8 2 3 3 1 
1 12 5 10 25 3 1 
6 29 20 2 
20 22 15 
2 15 17 21 2 
1 4 41 2 2 5 2 
1 19 9 2 11 3 6 1 3 2 
3 51 3 
1 3 10 8 1 16 14 1 3 
1 24 19 5 6 1 1 
7 27 3 8 3 3 2 3 1 
3 11 21 22 
8 32 12 1 1 1 1 1 
4 30 6 5 12 
1 53 3 
2 32 15 6 2 
24 18 13 1 1 
40 9 8 
1 56 
3 25 2 26 1 
2 6 47 2 
36 8 5 5 3 
19 13 3 7 2 5 5 3 
3 17 22 8 2 5 
57 
2 18 16 15 2 3 1 
2 14 39 2 
1 46 4 1 4 1 
3 8 5 38 1 2 
3 6 2 19 7 7 3 4 1 1 3 1 
2 22 5 7 4 4 1 8 1 2 1 
1 10 43 1 2 
1 29 11 12 4 
1 31 2 14 1 5 2 1 
54 1 2 
6 9 9 17 1 1 10 1 2 1 
18 12 8 6 2 9 2 
1 30 3 2 21 
4 46 1 1 5 
50 6 1 
4 21 31 1 
5 9 5 38 
1 38 13 4 1 
1 31 18 2 2 1 1 1 
2 33 1 9 4 6 2 
2 41 3 4 4 3 
6 14 3 16 10 4 4 
18 27 1 11 
5 16 20 5 3 4 2 2 
3 27 19 1 2 3 1 1 
56 1 
2 20 15 18 2 
1 55 1 
1 13 20 17 6 
3 50 2 2 
11 21 1 14 8 1 1 
1 46 10 
41 14 2 
2 7 21 20 4 2 1 
1 51 4 1 
1 47 8 1 
