3 5 26 20 1 1 1 1 
51 3 1 3 
1 48 6 3 
4 51 2 1 
3 16 38 1 
2 7 47 1 1 
1 2 44 2 4 1 2 1 1 
55 1 1 1 
2 26 17 11 2 
3 16 7 24 1 2 3 2 
3 48 5 1 1 
1 17 6 31 3 
8 37 12 1 
51 6 1 
1 27 18 2 1 9 
46 6 4 2 
2 25 14 8 1 7 1 
1 23 24 4 6 
7 48 3 
49 6 3 
1 49 4 2 2 
3 23 27 3 2 
3 33 8 3 5 5 1 
4 48 6 
50 8 
1 32 17 8 
25 5 26 1 1 
2 42 9 2 1 1 1 
1 55 2 
21 13 24 
1 51 6 
6 3 27 20 1 1 
1 16 34 1 6 
1 18 37 2 
2 33 4 8 9 1 1 
43 7 7 1 
40 2 2 2 1 11 
2 53 2 1 
33 11 12 2 
2 56 
2 2 5 18 13 6 3 3 1 2 3 
3 8 15 31 1 
7 48 1 2 
34 14 3 2 1 3 1 
1 24 9 11 1 6 1 3 2 
1 54 3 
25 7 25 1 
4 22 6 16 1 1 8 
1 4 40 11 2 
11 17 21 9 
1 33 9 7 8 
5 8 12 3 16 9 3 1 1 
25 21 6 6 
1 49 7 1 
38 12 1 6 1 
1 57 
5 16 29 1 5 2 
2 13 33 7 3 
4 33 4 1 3 13 
2 45 11 
1 10 14 25 2 6 
2 15 35 4 2 
23 32 3 
16 41 1 
1 46 3 4 1 3 
1 31 25 1 
1 12 45 
1 37 14 3 2 1 
1 52 1 1 1 1 1 
1 39 16 1 1 
53 5 
1 45 11 1 
1 15 22 11 2 7 
14 44 
2 46 3 4 3 
2 24 22 3 4 1 1 1 
1 7 21 10 13 3 2 1 
2 5 6 41 4 
19 6 27 2 2 1 1 
4 51 1 1 1 
1 37 20 
1 27 16 11 2 1 
7 28 21 1 1 
3 27 17 10 1 
6 39 4 9 
26 14 3 6 4 3 1 1 
1 57 
2 40 6 8 1 1 
10 3 25 11 1 2 2 1 2 1 
1 27 20 5 5 
14 17 5 5 6 4 1 6 
1 30 5 20 1 1 
1 16 18 21 1 1 
1 7 42 1 4 3 
2 38 17 1 
11 18 26 2 1 
41 17 
12 4 4 12 3 6 8 5 1 2 1 
35 21 2 
14 20 5 19 
1 31 24 2 
14 17 17 2 1 1 4 2 
2 31 9 9 2 3 1 1 
1 45 2 10 
1 14 5 35 2 1 
2 11 37 7 1 
3 40 7 4 2 2 
1 23 14 15 5 
9 30 19 
26 16 3 4 1 7 1 
2 28 23 1 2 1 1 
1 23 11 14 7 2 
1 22 6 9 9 2 5 4 
1 45 6 5 1 
1 51 5 1 
8 43 7 
6 50 2 
55 1 2 
3 20 22 12 1 
2 31 18 1 5 1 
1 43 2 11 1 
10 27 7 6 2 2 4 
1 33 12 1 3 2 3 3 
2 44 1 1 4 5 1 
5 22 7 24 
31 10 1 4 6 6 
3 54 1 
1 57 
22 11 3 11 11 
1 40 17 
7 22 13 6 2 4 3 1 
1 14 4 19 1 1 1 9 3 4 1 
3 34 3 5 10 2 1 
21 4 14 5 2 5 1 4 1 1 
2 18 17 9 12 
55 3 
1 57 
1 35 17 1 1 2 1 
20 8 27 1 1 1 
1 13 34 10 
45 8 5 
19 13 13 2 7 3 1 
1 55 1 1 
2 24 24 1 6 1 
1 39 17 1 
26 11 11 7 3 
19 7 16 2 4 3 6 1 
1 8 28 13 7 1 
3 14 24 4 1 8 3 1 
4 35 19 
1 26 9 10 5 1 3 2 1 
1 32 12 6 2 4 1 
12 22 8 6 1 2 3 4 
1 39 7 7 3 1 
5 43 2 6 2 
14 17 21 5 1 
5 49 4 
3 20 34 1 
6 51 1 
14 14 18 8 2 1 1 
1 8 34 10 2 1 2 
4 44 9 1 
1 23 5 1 9 1 11 2 3 2 
3 36 12 5 2 
1 5 45 6 1 
1 42 12 3 
3 34 21 
12 32 7 4 1 2 
1 33 23 1 
2 37 1 16 1 1 
3 41 14 
1 40 17 
1 54 3 
30 17 10 1 
1 1 52 4 
1 27 29 1 
3 39 12 1 3 
1 31 21 1 2 1 1 
4 4 42 4 2 1 1 
2 2 18 2 27 1 3 3 
2 15 30 1 9 1 
1 3 10 22 13 8 1 
2 12 42 1 1 
6 21 27 4 
33 20 5 
35 17 3 2 1 
6 20 6 3 17 6 
8 47 2 1 
1 28 29 
1 8 6 20 16 3 4 
2 4 32 9 6 4 1 
1 30 16 10 1 
49 1 8 
46 5 3 2 1 1 
2 37 5 8 2 1 2 1 
1 5 41 3 1 2 2 1 2 
1 40 15 2 
1 18 19 11 1 7 1 
4 39 15 
2 49 7 
8 13 20 8 7 2 
2 35 21 
2 5 32 9 10 
1 46 9 2 
1 15 39 1 1 1 
39 8 3 2 4 1 1 
7 4 26 1 20 
5 36 17 
21 5 3 4 22 2 1 
1 49 7 1 
5 23 18 11 1 
1 57 
5 11 18 6 3 10 2 2 1 
9 7 26 8 1 7 
6 38 9 3 1 1 
2 22 11 19 2 1 1 
1 27 8 2 1 8 7 4 
7 42 6 1 1 1 
51 3 4 
12 36 1 2 1 1 4 1 
5 40 1 7 1 3 1 
3 2 27 18 2 3 2 1 
22 29 3 1 2 1 
1 50 7 
1 53 1 2 1 
11 46 1 
1 6 28 7 8 2 2 2 2 
28 18 5 1 2 4 
5 40 13 
1 53 4 
1 46 11 
46 10 1 1 
2 38 2 5 5 6 
2 9 7 15 13 7 2 1 2 
3 49 6 
5 35 13 3 1 1 
3 5 50 
7 22 13 15 1 
1 16 24 17 
7 28 18 4 1 
2 12 40 4 
1 15 4 4 1 4 27 1 1 
4 9 38 1 1 4 1 
1 23 6 21 2 4 1 
4 31 23 
7 34 5 3 8 1 
3 5 17 17 12 2 2 
8 41 7 2 
6 21 9 14 8 
10 1 41 5 1 
26 22 4 1 3 1 1 
3 6 16 13 11 5 4 
1 53 3 1 
1 53 2 1 1 
17 38 2 1 
1 47 5 3 1 1 
27 19 9 2 1 
23 11 3 4 14 3 
1 17 3 10 12 8 4 1 2 
4 31 2 19 1 1 
47 8 2 1 
1 49 2 4 1 1 
5 31 17 2 3 
1 48 9 
2 29 2 2 18 1 2 1 1 
1 9 39 1 7 1 
2 16 16 18 6 
4 13 5 32 4 
1 17 4 16 10 10 
2 15 40 1 
1 32 18 7 
2 51 4 1 
1 56 1 
1 51 2 3 1 
5 10 11 12 19 1 
1 22 5 11 2 17 
11 28 3 12 3 1 
6 46 2 3 1 
7 28 9 2 12 
8 39 1 10 
2 27 4 4 5 8 2 1 2 2 1 
1 51 2 1 2 1 
1 6 13 33 1 1 1 1 1 
1 50 3 4 
1 35 22 
1 50 2 4 1 
19 18 4 12 2 2 1 
3 17 11 18 7 2 
1 56 1 
1 39 3 3 9 2 1 
1 42 15 
16 42 
7 29 8 3 5 3 2 1 
51 1 2 4 
6 17 11 2 3 7 2 8 2 
1 52 5 
26 28 4 
1 55 2 
36 5 5 10 1 1 
1 46 11 
6 34 6 8 4 
1 4 7 16 29 1 
3 33 14 4 2 2 
4 51 3 
3 15 4 7 10 5 9 4 1 
1 28 21 3 5 
12 44 2 
52 5 1 
3 9 22 10 7 1 4 1 1 
1 30 5 11 1 3 7 
1 20 20 10 6 1 
6 44 8 
19 31 7 1 
2 19 36 1 
2 39 14 1 1 1 
9 13 27 9 
1 54 3 
28 9 7 9 2 2 1 
13 3 15 5 7 5 1 4 4 1 
13 9 10 5 1 14 5 1 
1 14 9 10 10 14 
3 53 2 
2 53 3 
1 52 4 1 
2 39 7 7 3 
2 12 11 24 6 1 1 1 
1 4 45 6 2 
4 15 30 7 2 
1 24 31 2 
9 48 1 
2 41 2 5 2 4 1 1 
7 48 2 1 
32 14 5 3 4 
14 16 27 1 
2 13 18 7 5 1 4 3 2 3 
1 21 33 3 
3 2 35 4 11 2 1 
3 46 9 
1 5 31 18 1 2 
1 32 1 19 2 1 1 1 
1 48 6 2 1 
1 48 1 2 2 4 
7 32 11 5 2 1 
35 6 11 2 3 1 
15 16 11 4 8 2 1 1 
4 23 12 5 12 2 
1 33 11 5 6 2 
1 42 5 8 2 
12 4 25 10 5 2 
1 6 14 16 7 9 5 
1 36 4 3 12 1 1 
9 36 1 8 1 3 
21 8 13 1 12 3 
1 47 5 4 1 
3 25 29 1 
1 16 6 32 2 1 
1 14 11 32 
26 24 6 1 1 
1 27 3 15 4 3 5 
57 1 
8 12 6 4 15 3 8 2 
1 12 45 
1 15 22 3 5 9 3 
2 17 39 
1 31 10 10 3 2 1 
1 20 6 6 20 5 
1 14 43 
1 15 42 
5 45 5 3 
21 32 3 1 1 
3 43 2 4 3 3 
4 13 13 1 27 
2 33 10 1 11 1 
2 49 7 
34 22 2 
1 54 2 1 
1 50 3 4 
3 34 14 5 1 1 
49 2 3 4 
1 28 26 2 1 
3 29 21 1 2 1 1 
2 15 3 1 12 3 11 9 2 
5 47 5 1 
1 26 29 1 1 
56 2 
1 34 2 7 11 1 2 
1 56 1 
1 17 25 13 2 
1 56 1 
1 17 37 3 
22 36 
9 25 14 9 1 
3 44 9 1 1 
1 21 36 
36 22 
2 11 28 13 2 1 1 
50 4 4 
2 16 27 1 3 8 1 
1 31 10 14 1 1 
4 51 3 
2 53 2 1 
6 22 24 4 2 
28 2 10 16 2 
1 29 25 1 1 1 
1 6 13 4 19 12 2 1 
55 2 1 
58 
3 33 22 
9 3 8 20 3 6 2 2 2 2 1 
3 51 4 
10 33 14 1 
1 22 23 4 4 1 3 
1 51 6 
4 9 29 7 1 5 2 1 
1 54 1 1 1 
1 54 2 1 
1 20 12 25 
1 9 19 10 16 1 1 1 
1 53 4 
5 31 17 4 1 
1 50 2 4 1 
6 40 11 1 
22 9 26 1 
1 49 8 
29 9 9 8 3 
2 24 21 4 4 1 1 1 
1 43 13 1 
1 2 27 27 1 
13 22 14 3 2 2 1 1 
1 34 2 21 
1 50 5 2 
17 2 8 20 3 3 4 1 
4 54 
4 19 22 12 1 
1 53 4 
1 14 25 5 9 4 
16 16 26 
2 37 2 16 1 
7 6 32 11 1 1 
1 57 
36 22 
1 35 13 7 1 1 
2 17 19 5 14 1 
3 20 29 3 2 1 
2 56 
1 20 14 17 6 
3 43 1 10 1 
10 12 34 2 
14 39 1 3 1 
1 43 6 8 
5 45 1 4 2 1 
28 6 3 17 3 1 
1 29 19 2 4 2 1 
9 17 11 12 4 1 3 1 
1 41 13 2 1 
1 47 2 1 3 4 
1 27 14 8 3 4 1 
23 32 2 1 
5 24 24 1 4 
1 3 39 6 9 
1 18 32 7 
1 8 49 
1 52 1 3 1 
1 48 1 4 2 1 1 
58 
1 29 1 1 12 4 3 2 5 
1 22 27 1 6 1 
5 53 
1 31 10 3 4 4 2 2 1 
2 43 3 8 1 1 
58 
3 11 43 1 
10 32 1 1 10 3 1 
3 54 1 
1 24 9 8 16 
1 50 7 
2 12 20 23 1 
1 41 13 2 1 
1 22 25 2 6 1 1 
3 9 14 24 8 
4 47 5 1 1 
1 10 42 3 2 
3 44 11 
3 4 22 5 9 2 8 4 1 
3 42 1 5 4 2 1 
2 50 6 
9 48 1 
11 5 2 12 26 2 
3 29 12 2 11 1 
50 3 3 1 1 
1 42 11 2 2 
4 2 41 5 1 5 
7 27 15 2 3 1 2 1 
53 4 1 
8 7 3 29 7 2 2 
1 12 2 1 9 11 5 11 4 2 
1 32 7 1 8 1 1 3 3 1 
1 6 37 6 1 5 2 
57 1 
2 34 2 10 7 2 1 
57 1 
22 30 1 4 1 
7 39 12 
27 22 9 
1 29 4 19 2 3 
1 17 33 1 4 2 
1 12 23 22 
2 34 9 3 6 3 1 
1 33 18 2 3 1 
1 28 16 2 4 3 1 3 
2 52 4 
1 48 1 1 4 1 1 1 
1 9 27 16 3 1 1 
3 28 8 8 3 7 1 
7 21 18 1 9 1 1 
5 22 3 19 3 6 
4 27 10 6 5 1 3 2 
48 9 1 
1 25 8 14 6 3 1 
10 35 11 2 
1 40 7 9 1 
1 23 27 4 3 
1 54 3 
20 35 1 1 1 
18 38 1 1 
1 49 8 
2 7 2 36 3 8 
18 11 27 1 1 
32 9 8 5 3 1 
2 23 7 2 6 7 3 1 6 1 
27 10 5 3 5 4 2 2 
52 5 1 
3 51 4 
1 54 1 1 1 
1 34 7 5 5 1 2 3 
1 16 18 11 5 3 3 1 
1 16 8 19 7 7 
2 29 23 2 1 1 
1 23 1 17 2 5 4 1 1 2 1 
1 40 17 
1 7 32 14 2 1 1 
1 13 13 24 3 1 2 1 
3 6 28 6 11 4 
45 1 8 1 2 1 
1 1 8 17 7 2 1 13 8 
6 30 8 1 12 1 
30 21 6 1 
3 16 38 1 
1 49 7 1 
1 20 31 2 4 
3 47 4 1 2 1 
1 35 7 10 4 1 
27 29 1 1 
30 22 6 
27 5 15 5 2 3 1 
2 44 1 2 7 2 
23 15 16 3 1 
1 44 10 2 1 
13 5 26 13 1 
5 5 30 5 13 
31 26 1 
1 20 28 9 
2 40 7 2 4 3 
1 22 7 1 7 11 1 6 1 1 
2 43 8 2 1 1 1 
1 42 1 3 1 10 
1 5 31 15 6 
22 7 11 15 3 
3 32 21 1 1 
2 39 9 2 5 1 
4 36 16 2 
1 35 7 12 1 2 
1 47 10 
2 2 28 24 2 
2 8 38 6 4 
1 31 25 1 
1 56 1 
2 28 4 3 13 3 2 1 1 1 
3 25 6 12 2 9 1 
1 36 4 16 1 
1 37 20 
2 33 21 2 
40 12 3 3 
58 
14 18 22 4 
14 2 24 3 7 5 2 1 
1 6 14 1 3 11 2 10 3 2 1 4 
1 23 34 
4 38 13 3 
3 4 19 11 1 11 2 6 1 
2 8 48 
1 47 9 1 
9 3 19 12 2 1 5 7 
32 3 23 
1 24 32 1 
1 54 1 1 1 
3 42 8 3 2 
6 52 
58 
1 12 32 9 4 
1 2 29 22 1 3 
49 4 5 
1 2 12 6 12 19 6 
2 2 16 19 2 14 1 2 
2 53 1 2 
1 17 40 
5 29 24 
44 8 1 5 
1 7 3 42 2 1 2 
4 32 19 2 1 
1 57 
2 43 5 2 5 1 
1 39 14 1 1 1 1 
3 54 1 
1 53 1 3 
30 3 16 9 
2 22 34 
53 3 1 1 
2 37 13 4 2 
2 30 15 10 1 
1 50 2 3 2 
4 9 31 9 1 4 
2 11 31 5 1 4 4 
7 22 4 22 2 1 
3 43 1 2 3 4 2 
4 4 43 3 1 2 1 
20 3 13 14 1 5 2 
47 3 6 2 
2 15 36 2 1 2 
58 
6 38 13 1 
1 31 7 16 1 1 1 
4 23 14 3 11 2 1 
3 32 23 
1 1 8 22 24 2 
2 56 
1 32 15 10 
1 23 27 2 2 1 2 
11 32 15 
2 31 25 
11 27 4 13 2 1 
3 21 9 7 6 10 2 
5 26 6 13 6 1 1 
43 4 8 3 
1 6 3 8 5 2 33 
1 50 6 1 
33 21 3 1 
6 52 
11 35 9 2 1 
1 32 24 1 
2 39 16 1 
1 18 39 
1 54 2 1 
56 2 
1 57 
56 1 1 
1 8 10 30 4 5 
20 24 10 4 
3 34 4 14 3 
2 56 
1 25 20 3 7 1 1 
56 2 
1 16 40 1 
1 47 9 1 
19 33 6 
11 34 13 
6 20 12 17 3 
2 17 27 1 5 1 5 
1 29 1 21 2 1 3 
3 33 10 6 4 1 1 
1 30 25 1 1 
3 46 3 1 5 
1 26 29 2 
46 4 8 
2 26 20 2 5 2 1 
21 9 28 
1 36 1 2 9 9 
4 49 5 
1 13 7 29 2 5 1 
1 38 6 1 2 9 1 
1 18 28 5 3 2 1 
3 15 25 4 1 2 4 4 
46 8 3 1 
30 8 12 7 1 
4 35 3 15 1 
1 36 6 1 1 1 3 2 3 2 2 
2 56 
34 9 15 
1 14 10 3 3 12 4 1 5 1 2 2 
1 56 1 
4 45 8 1 
12 16 7 13 5 4 1 
1 40 9 4 1 1 1 1 
42 7 9 
1 40 17 
13 11 34 
29 9 15 4 1 
2 41 5 9 1 
29 13 14 1 1 
1 4 23 27 1 2 
1 40 2 1 1 13 
3 35 8 11 1 
16 36 5 1 
1 2 9 30 6 10 
20 6 31 1 
11 35 12 
1 18 34 3 2 
4 20 21 4 2 5 2 
56 1 1 
22 11 12 7 6 
1 37 5 13 2 
3 7 3 34 3 7 1 
1 42 15 
1 48 9 
2 15 2 30 6 1 2 
2 43 6 5 1 1 
1 25 25 3 1 3 
1 15 37 2 2 1 
1 25 32 
19 12 12 14 1 
1 37 10 5 3 1 1 
50 1 3 1 3 
1 39 1 17 
1 22 6 14 6 9 
25 10 19 4 
6 47 2 2 1 
3 54 1 
3 36 17 2 
35 15 5 1 1 1 
1 35 15 2 1 4 
1 51 4 2 
1 29 19 6 2 1 
8 14 18 15 3 
15 3 14 2 16 7 1 
1 48 9 
6 22 29 1 
3 12 40 2 1 
3 36 10 7 1 1 
2 8 47 1 
2 11 41 4 
1 53 1 2 1 
3 55 
11 3 25 19 
1 12 10 10 15 5 5 
9 10 17 19 2 1 
7 25 16 5 5 
15 13 1 4 6 8 6 4 1 
1 14 3 9 4 11 9 5 2 
3 23 31 1 
2 16 16 8 7 7 2 
2 52 2 1 1 
3 43 7 5 
19 30 5 3 1 
1 6 34 1 15 1 
1 22 8 15 7 4 1 
42 2 5 2 1 2 3 1 
1 34 19 4 
22 26 3 3 2 2 
1 34 23 
9 36 13 
1 41 11 3 2 
1 28 7 5 11 4 2 
2 34 20 2 
1 49 2 1 4 1 
29 3 12 4 3 4 3 
41 12 1 2 2 
1 6 26 24 1 
47 3 3 5 
4 1 26 24 1 1 1 
3 11 43 1 
17 27 9 1 1 1 2 
2 3 4 26 8 3 2 3 1 5 1 
1 3 38 10 1 2 1 2 
5 50 3 
10 22 2 3 2 6 4 1 1 3 1 3 
58 
1 15 8 29 2 3 
1 37 7 4 1 1 1 4 2 
2 4 22 26 1 2 1 
1 57 
3 44 7 3 1 
1 3 54 
19 18 8 6 3 1 2 1 
1 2 8 4 35 7 1 
5 43 3 1 3 1 2 
2 15 19 12 9 1 
26 8 18 3 1 2 
1 50 3 3 1 
10 2 43 3 
3 24 5 20 3 3 
5 10 18 11 11 3 
3 30 13 8 1 2 1 
1 18 39 
9 32 7 9 1 
8 45 2 1 2 
1 54 3 
5 9 43 1 
1 7 48 1 1 
1 46 6 1 4 
4 39 3 11 1 
1 20 9 26 2 
20 2 34 1 1 
1 22 27 2 2 4 
42 11 2 3 
1 41 1 12 2 1 
8 19 11 16 4 
50 2 2 1 3 
4 18 23 7 3 1 2 
3 2 11 29 7 4 2 
5 36 17 
1 40 9 7 1 
2 27 3 24 2 
26 17 4 1 7 1 2 
2 11 27 12 5 1 
1 15 42 
1 19 11 14 5 5 3 
1 57 
1 41 12 2 1 1 
1 39 16 2 
40 4 1 9 2 2 
1 56 1 
21 17 1 15 3 1 
3 10 15 14 1 1 11 2 1 
1 52 1 4 
8 48 2 
1 36 2 2 12 1 2 2 
3 6 49 
15 31 12 
1 49 6 1 1 
3 50 5 
6 20 32 
1 55 2 
2 15 16 1 12 2 4 3 1 2 
1 34 21 2 
1 11 36 9 1 
21 1 25 8 1 2 
6 9 33 1 3 1 5 
17 17 19 4 1 
55 2 1 
10 27 9 10 2 
18 13 5 6 13 2 1 
3 26 15 13 1 
5 21 11 2 8 11 
1 12 45 
2 48 1 3 4 
11 9 17 9 4 2 5 1 
1 8 13 13 3 19 1 
1 10 45 1 1 
13 11 19 4 8 2 1 
16 41 1 
2 5 35 11 4 1 
4 14 35 4 1 
41 13 3 1 
5 28 25 
1 33 18 6 
1 21 36 
19 11 22 3 2 1 
25 28 2 2 1 
1 41 16 
1 53 4 
11 26 2 5 4 3 2 4 1 
1 10 47 
42 15 1 
4 15 17 15 1 6 
58 
1 29 14 4 7 3 
1 6 12 13 17 3 3 3 
2 55 1 
2 1 13 38 3 1 
1 25 19 7 2 1 2 1 
2 42 13 1 
1 35 8 14 
5 45 8 
1 1 15 38 2 1 
1 57 
54 3 1 
13 36 7 1 1 
1 17 36 3 1 
22 1 2 9 7 7 4 4 1 1 
1 18 29 8 2 
1 48 9 
57 1 
1 4 32 8 9 1 3 
4 6 3 15 15 11 3 1 
17 26 5 1 7 1 1 
7 7 19 4 8 11 2 
3 8 28 14 2 1 1 1 
1 11 27 1 1 3 7 6 1 
23 13 8 11 3 
15 35 3 2 1 1 1 
3 19 35 1 
38 5 3 4 6 2 
10 8 21 18 1 
1 6 25 16 4 2 3 1 
11 12 22 7 6 
1 32 25 
47 10 1 
5 50 2 1 
5 41 11 1 
3 43 6 3 2 1 
12 46 
1 54 2 1 
51 4 1 1 1 
11 5 34 4 1 1 2 
4 38 1 5 3 5 2 
34 10 13 1 
44 4 3 2 3 2 
2 28 2 20 3 2 1 
1 8 21 28 
4 48 4 1 1 
6 32 11 7 2 
2 3 38 4 3 8 
8 14 3 20 3 10 
1 49 5 1 1 1 
2 41 1 4 4 2 4 
1 27 7 6 3 5 8 1 
1 55 1 1 
1 56 1 
1 2 43 8 2 1 1 
56 2 
1 17 16 9 2 6 1 1 2 3 
1 56 1 
1 3 23 20 11 
2 49 5 1 1 
1 23 32 1 1 
17 20 21 
5 49 1 1 2 
3 53 1 1 
47 5 5 1 
3 15 22 16 2 
1 17 15 17 1 3 3 1 
27 22 9 
3 50 2 1 2 
1 11 28 17 1 
1 26 22 6 2 1 
13 41 2 2 
2 20 17 18 1 
58 
5 35 13 2 2 1 
58 
4 18 18 3 12 3 
1 25 22 7 2 1 
1 33 3 16 2 2 1 
56 1 1 
17 31 2 3 3 1 1 
29 22 6 1 
1 27 30 
1 46 9 1 1 
30 6 4 8 2 7 1 
2 45 8 1 2 
3 11 22 1 21 
2 13 8 22 2 8 3 
1 6 49 1 1 
32 1 6 6 11 1 1 
51 7 
14 33 11 
13 45 
1 31 8 14 3 1 
8 3 45 2 
2 45 2 5 2 2 
19 18 3 7 6 5 
1 14 37 3 1 2 
14 14 14 1 5 7 3 
2 49 4 1 1 1 
7 33 18 
14 14 10 2 11 1 6 
9 8 32 2 3 3 1 
3 54 1 
1 30 12 3 10 1 1 
1 31 25 1 
1 52 2 3 
5 37 12 2 2 
1 55 2 
5 39 10 2 2 
1 11 2 24 9 8 3 
58 
1 57 
2 30 3 18 1 2 2 
1 42 15 
1 17 36 1 3 
2 11 13 2 26 3 1 
1 52 5 
1 28 15 4 5 4 1 
1 57 
22 9 6 15 1 4 1 
58 
2 20 23 4 1 7 1 
49 2 5 1 1 
4 42 3 1 4 3 1 
1 21 14 8 8 1 3 2 
1 51 6 
24 19 3 5 2 3 2 
1 40 12 2 2 1 
21 16 9 10 2 
4 34 10 4 2 2 1 1 
1 57 
1 34 23 
2 43 8 3 2 
5 47 3 1 2 
1 33 7 14 3 
4 26 17 1 7 3 
6 23 6 20 1 1 1 
1 9 29 7 4 7 1 
1 7 8 29 9 1 3 
2 48 5 3 
42 3 5 5 3 
10 44 4 
5 17 30 6 
1 29 10 14 4 
2 2 45 6 3 
1 29 28 
31 23 4 
1 30 21 6 
1 47 10 
1 34 23 
23 22 6 4 3 
3 4 17 25 7 1 1 
29 26 3 
14 32 12 
2 24 27 2 3 
17 11 3 13 11 2 1 
12 29 8 4 4 1 
8 3 24 7 3 8 2 3 
40 15 2 1 
57 1 
21 15 19 2 1 
1 32 4 3 6 1 9 1 1 
1 21 15 6 4 6 5 
6 30 8 14 
3 32 8 13 2 
7 7 40 4 
6 50 1 1 
21 32 5 
2 4 12 30 8 2 
56 2 
3 31 24 
10 7 15 17 4 5 
2 31 3 7 3 4 1 3 3 1 
1 21 19 12 1 2 2 
1 35 14 1 5 1 1 
1 43 10 1 2 1 
52 3 2 1 
4 3 2 2 39 3 5 
1 17 18 8 7 2 5 
16 15 20 4 3 
1 33 6 11 2 3 2 
9 26 1 16 3 1 2 
1 16 11 16 4 1 5 1 3 
44 5 6 2 1 
1 55 1 1 
26 11 21 
5 38 4 7 4 
8 37 9 3 1 
1 7 13 36 1 
11 26 17 1 1 1 1 
1 4 21 26 4 2 
1 57 
2 1 15 2 21 10 5 2 
1 53 4 
1 38 4 12 3 
1 52 5 
19 31 6 2 
4 44 10 
1 30 27 
1 21 29 5 2 
1 31 25 1 
8 30 18 1 1 
1 5 17 5 2 15 10 1 1 1 
4 20 23 3 8 
1 38 18 1 
3 49 6 
27 21 4 1 5 
1 21 21 6 6 1 2 
1 18 32 5 1 1 
1 20 32 3 1 1 
17 9 15 2 8 6 1 
9 28 5 16 
2 45 7 2 2 
17 16 21 2 2 
2 37 1 7 3 7 1 
26 14 2 7 1 5 1 2 
1 7 4 8 8 20 10 
1 23 31 2 1 
1 44 6 3 2 2 
25 13 18 1 1 
10 24 10 5 6 3 
31 21 6 
20 18 2 3 10 4 1 
1 2 37 16 2 
15 6 5 1 31 
3 7 7 32 7 1 1 
3 5 2 39 5 1 3 
2 50 6 
39 8 11 
17 17 16 3 3 2 
1 30 23 2 1 1 
3 11 3 41 
2 26 20 3 3 1 3 
2 13 37 4 1 1 
5 47 6 
1 44 2 9 1 1 
2 46 7 1 1 1 
1 39 3 1 2 3 6 1 1 1 
28 6 5 9 3 4 1 2 
1 6 40 2 7 2 
48 2 7 1 
1 11 41 2 2 1 
58 
1 15 3 1 10 26 2 
2 49 7 
12 28 2 16 
1 49 3 4 1 
5 38 9 3 2 1 
1 41 7 3 2 2 2 
3 16 39 
26 22 10 
3 30 24 1 
1 35 18 4 
1 35 3 13 3 3 
1 9 41 7 
7 7 11 4 22 6 1 
55 2 1 
1 57 
2 34 20 2 
1 57 
56 2 
34 18 4 1 1 
1 33 23 1 
1 2 40 3 10 1 1 
3 16 12 3 9 11 3 1 
7 23 8 3 15 1 1 
6 51 1 
1 42 4 8 3 
58 
55 1 2 
1 30 9 12 6 
1 12 32 3 9 1 
1 6 19 24 2 2 2 1 1 
6 7 36 7 2 
1 28 19 6 2 2 
4 32 15 5 2 
8 50 
50 8 
1 32 25 
39 4 3 4 1 6 1 
1 11 35 10 1 
9 23 6 8 5 6 1 
1 42 10 3 2 
2 11 24 6 4 3 4 1 1 1 1 
2 22 28 5 1 
1 38 11 6 1 1 
6 32 8 2 10 
25 21 6 6 
30 17 11 
1 49 8 
2 23 12 10 3 4 1 2 1 
2 5 9 4 22 6 1 8 1 
1 45 2 10 
36 22 
7 12 8 15 8 4 1 3 
1 18 31 3 5 
3 22 30 3 
5 30 5 10 5 2 1 
2 10 33 10 1 2 
10 40 5 1 2 
2 19 18 5 14 
3 19 32 4 
4 51 2 1 
3 13 25 2 4 4 3 4 
22 23 2 8 1 2 
2 43 12 1 
2 15 23 1 2 4 1 3 2 4 1 
8 18 30 1 1 
19 16 20 1 2 
2 29 27 
17 5 16 7 4 1 5 1 1 1 
46 12 
3 25 30 
1 52 5 
3 36 13 1 3 2 
2 47 9 
1 25 18 8 3 1 2 
3 46 1 4 4 
5 20 1 4 28 
1 5 18 27 1 4 2 
1 5 7 40 4 1 
6 1 49 1 1 
4 30 10 11 3 
1 27 30 
43 11 2 1 1 
1 29 28 
50 5 3 
9 47 1 1 
8 17 17 1 15 
4 32 9 3 1 8 1 
1 31 10 10 6 
1 42 13 2 
1 13 44 
51 4 3 
1 53 3 1 
11 45 2 
1 34 23 
1 6 22 24 4 1 
1 16 3 21 5 4 5 3 
55 3 
4 43 10 1 
54 2 1 1 
6 22 10 18 2 
1 47 2 1 1 1 5 
58 
2 29 23 3 1 
10 6 20 18 4 
4 47 3 1 2 1 
1 6 44 1 2 3 1 
1 45 3 9 
1 15 9 2 27 1 3 
3 19 7 6 10 9 3 1 
57 1 
1 35 2 18 1 1 
14 25 11 6 2 
1 32 6 2 16 1 
1 54 1 1 1 
12 38 8 
4 31 23 
8 28 11 3 1 4 2 1 
1 4 12 2 34 4 1 
4 20 14 16 4 
1 7 40 6 2 1 1 
36 10 2 5 2 3 
6 45 4 1 2 
2 12 3 24 2 12 1 1 1 
1 24 20 6 1 1 1 3 1 
5 23 27 1 2 
1 15 24 10 4 2 1 1 
7 11 16 18 5 1 
1 13 13 7 17 3 4 
1 25 28 3 1 
3 26 4 23 1 1 
1 57 
1 53 1 3 
2 5 21 6 22 1 1 
52 1 5 
1 12 34 8 3 
2 38 18 
1 43 14 
1 29 22 6 
55 3 
1 50 3 2 1 1 
2 41 6 6 1 1 1 
1 36 3 9 4 2 2 1 
1 5 44 3 5 
4 46 7 1 
7 11 33 5 2 
12 28 8 1 7 2 
1 50 3 1 1 2 
2 54 1 1 
1 50 7 
2 48 3 4 1 
1 46 11 
17 34 4 3 
3 6 15 21 6 6 1 
36 11 4 1 5 1 
58 
1 8 45 2 1 1 
1 1 24 28 2 2 
27 4 24 1 2 
2 18 20 4 5 9 
24 25 5 4 
3 32 13 6 4 
22 19 6 6 2 3 
1 35 4 3 4 4 1 1 2 3 
3 28 27 
3 27 5 18 5 
58 
1 3 41 4 8 1 
1 25 32 
3 6 19 17 13 
5 48 3 1 1 
39 1 5 1 9 2 1 
7 27 1 5 13 5 
1 30 25 2 
1 33 24 
2 28 12 2 13 1 
6 37 15 
25 31 1 1 
3 40 6 1 8 
3 7 41 3 1 1 2 
1 1 26 26 1 2 1 
42 14 2 
1 21 25 4 2 5 
3 51 3 1 
12 16 18 6 1 2 3 
4 21 25 8 
1 47 8 2 
3 3 4 17 29 2 
1 9 32 14 2 
29 15 4 8 1 1 
40 17 1 
6 27 12 4 3 6 
1 45 8 4 
1 24 28 2 1 1 1 
1 17 17 12 9 2 
36 20 2 
1 28 7 14 5 3 
5 37 1 3 12 
50 3 1 3 1 
1 37 19 1 
6 30 15 7 
23 30 1 3 1 
1 42 4 8 2 1 
7 39 10 2 
1 52 4 1 
9 38 2 5 1 2 1 
5 5 21 24 1 2 
35 5 13 2 3 
1 52 2 2 1 
1 4 41 1 2 4 2 3 
2 56 
1 56 1 
4 4 26 12 7 2 1 1 1 
11 22 25 
2 56 
15 12 25 2 1 1 1 1 
1 31 20 4 2 
2 13 42 1 
5 53 
1 41 2 14 
3 45 9 1 
11 43 3 1 
1 33 18 6 
3 29 8 17 1 
1 16 16 9 15 1 
3 28 24 3 
1 20 12 2 12 3 5 1 2 
2 10 7 35 3 1 
1 26 5 5 2 1 8 10 
34 8 1 9 2 4 
6 31 20 1 
1 31 16 6 1 3 
1 40 3 7 5 1 1 
2 37 1 14 4 
9 8 41 
1 39 12 1 3 1 1 
1 1 29 9 11 2 4 1 
30 1 24 2 1 
9 3 27 14 3 2 
1 33 24 
47 9 1 1 
28 7 22 1 
1 50 6 1 
49 7 2 
1 56 1 
13 6 25 11 3 
1 46 8 3 
1 33 9 8 2 2 3 
54 4 
1 2 21 9 12 12 1 
2 40 3 4 8 1 
2 24 31 1 
1 18 30 6 3 
1 27 7 2 13 2 6 
1 22 12 6 11 4 2 
1 21 29 4 1 2 
1 1 25 12 14 4 1 
1 56 1 
1 21 27 3 6 
57 1 
57 1 
2 29 27 
1 43 14 
1 4 12 36 5 
14 22 1 15 5 1 
1 29 15 6 2 5 
1 37 20 
15 25 4 6 1 2 2 1 1 1 
1 3 17 14 17 1 5 
1 32 11 1 8 2 3 
6 50 1 1 
1 33 13 6 4 1 
53 2 2 1 
2 18 29 3 6 
50 4 1 3 
2 25 26 1 1 3 
4 24 15 3 9 3 
56 1 1 
17 24 5 8 3 1 
3 41 9 3 2 
57 1 
1 43 9 2 3 
3 12 40 1 2 
2 35 6 14 1 
1 50 3 1 2 1 
54 4 
11 21 13 13 
1 25 20 2 8 2 
1 35 22 
5 1 23 15 8 5 1 
1 48 8 1 
7 30 10 4 1 4 1 1 
17 35 2 4 
7 48 3 
1 16 16 18 7 
1 3 48 6 
35 22 1 
2 6 46 1 1 2 
7 39 6 6 
1 29 28 
1 52 5 
30 1 24 1 2 
26 4 10 13 5 
1 57 
1 32 1 17 3 4 
1 50 7 
1 45 4 3 2 1 1 1 
15 9 29 5 
2 37 16 3 
47 8 1 1 1 
2 34 21 1 
1 11 5 31 7 2 1 
47 9 1 1 
51 7 
2 29 26 1 
16 12 25 2 2 1 
1 7 13 9 15 12 1 
55 2 1 
1 21 1 5 3 3 11 2 11 
2 16 26 12 2 
5 36 5 8 1 2 1 
1 2 37 15 3 
2 54 2 
1 3 49 1 4 
6 20 18 8 2 2 2 
2 8 32 1 2 9 2 2 
25 14 19 
4 32 11 6 1 3 1 
5 5 23 15 10 
4 27 16 6 5 
5 18 14 13 3 2 3 
1 19 3 2 1 10 18 2 1 1 
5 41 9 2 1 
1 12 20 11 3 5 5 1 
7 23 1 5 14 5 2 1 
1 7 5 1 16 24 2 2 
1 37 6 8 6 
1 6 47 3 1 
3 33 8 8 3 1 2 
26 18 7 6 1 
1 4 52 1 
3 15 7 17 13 2 1 
49 6 3 
1 13 33 10 1 
1 46 4 6 1 
3 36 11 5 3 
14 40 1 1 1 1 
1 50 7 
49 8 1 
1 17 39 1 
1 15 3 8 25 2 4 
1 14 32 6 2 1 1 1 
4 2 34 7 9 2 
1 23 5 29 
8 48 2 
1 46 11 
11 3 19 7 10 3 2 2 1 
4 38 16 
2 3 9 30 5 8 1 
3 50 5 
2 29 27 
2 10 41 1 2 2 
3 11 3 34 5 1 1 
1 21 35 1 
2 20 17 18 1 
57 1 
1 39 17 1 
1 34 1 14 6 1 1 
1 31 22 3 1 
3 51 4 
15 36 4 3 
1 32 25 
2 42 1 13 
3 39 10 3 1 1 1 
1 3 22 32 
2 25 12 6 10 2 1 
3 8 25 1 17 1 1 2 
2 3 34 6 10 2 1 
1 10 13 31 3 
2 36 14 2 1 1 2 
2 5 19 8 6 11 1 1 5 
1 13 31 7 5 1 
23 13 10 5 3 4 
2 21 30 4 1 
1 48 1 2 5 1 
36 14 2 6 
7 24 17 2 1 6 1 
34 8 1 7 3 5 
1 56 1 
5 7 46 
13 44 1 
1 48 1 7 1 
1 53 2 2 
1 5 40 2 7 3 
4 3 46 5 
1 26 13 7 9 2 
25 29 1 2 1 
1 25 27 2 1 1 1 
7 48 3 
1 37 14 2 3 1 
1 33 1 13 1 1 1 1 6 
1 39 18 
13 38 7 
14 42 2 
1 41 1 12 1 2 
18 40 
6 34 3 10 2 2 1 
3 25 13 12 3 2 
1 37 4 2 8 1 2 2 1 
37 16 5 
1 1 26 28 2 
8 12 13 21 1 3 
3 22 3 27 2 1 
3 24 29 2 
1 15 42 
1 6 39 10 2 
1 31 19 5 1 1 
52 4 2 
56 1 1 
8 49 1 
1 28 9 2 4 10 2 2 
2 10 5 9 10 5 11 2 2 1 1 
1 33 14 9 1 
21 16 16 1 4 
24 14 1 7 12 
4 25 23 4 2 
1 43 13 1 
1 46 7 3 1 
26 11 21 
1 23 25 9 
2 43 3 10 
1 51 4 1 1 
23 19 6 2 8 
6 6 24 4 12 1 5 
26 25 7 
5 38 10 1 1 1 2 
1 43 1 13 
1 55 2 
20 32 4 1 1 
51 3 4 
2 47 6 2 1 
1 25 24 6 2 
3 27 2 4 9 5 4 2 1 1 
1 48 1 8 
24 5 19 4 1 4 1 
1 30 2 19 1 3 2 
1 43 11 2 1 
2 10 36 1 3 6 
2 14 40 2 
7 8 1 31 6 4 1 
3 46 5 4 
18 19 3 4 8 1 4 1 
1 53 1 1 2 
1 37 3 16 1 
1 16 31 2 1 5 2 
1 18 35 1 3 
1 31 8 5 12 1 
3 11 19 8 11 4 2 
17 33 4 3 1 
5 15 15 18 4 1 
3 27 20 8 
9 42 7 
5 48 2 2 1 
1 29 13 11 1 2 1 
14 38 5 1 
5 6 15 9 2 17 1 2 1 
2 49 7 
17 6 23 8 4 
3 31 17 4 3 
1 46 6 2 1 1 1 
4 33 7 1 10 3 
57 1 
4 18 34 1 1 
2 38 5 6 7 
1 10 29 12 6 
2 13 39 4 
1 36 10 8 2 1 
1 19 16 5 12 5 
1 20 31 1 4 1 
1 51 6 
1 41 5 11 
24 6 8 2 11 5 1 1 
29 23 3 2 1 
11 1 8 7 6 9 4 6 5 1 
4 40 10 1 2 1 
3 3 1 6 1 12 1 4 14 10 2 1 
6 18 33 1 
4 48 4 1 1 
1 31 3 23 
4 35 19 
1 40 16 1 
1 56 1 
1 34 16 5 1 1 
1 38 2 7 2 1 2 1 1 3 
1 1 17 2 23 3 10 1 
1 21 11 17 8 
1 1 43 12 1 
1 19 36 2 
2 46 1 2 4 2 1 
5 1 29 23 
26 29 2 1 
1 37 5 2 13 
1 57 
1 40 16 1 
1 27 1 28 1 
1 31 1 14 9 1 1 
1 57 
2 11 4 5 30 3 3 
4 19 4 12 8 8 2 1 
1 8 12 11 4 5 1 5 5 4 2 
15 38 4 1 
1 20 33 2 1 1 
5 13 32 1 5 1 1 
2 53 2 1 
3 30 9 16 
1 32 24 1 
3 24 15 5 9 2 
2 29 21 4 1 1 
6 12 7 2 23 7 1 
1 50 1 5 1 
44 13 1 
2 51 3 1 1 
2 50 1 1 4 
1 19 12 25 1 
1 48 1 1 3 4 
1 41 10 6 
4 1 28 8 2 4 3 2 2 4 
1 29 25 2 1 
1 28 17 9 3 
2 21 28 4 1 1 1 
1 19 32 4 2 
33 11 5 8 1 
1 46 5 1 2 2 1 
1 50 3 4 
13 35 3 1 5 1 
1 38 16 1 2 
2 13 7 5 30 1 
1 14 27 4 5 4 3 
10 9 26 3 5 1 3 1 
30 24 4 
12 45 1 
1 14 43 
2 28 20 5 1 2 
19 31 3 1 3 1 
3 10 25 1 15 2 1 1 
19 15 11 10 3 
1 3 5 37 9 3 
7 47 2 2 
10 31 15 1 1 
1 55 2 
5 20 22 2 9 
1 22 3 4 18 1 1 4 4 
5 17 6 15 1 4 2 6 2 
2 48 4 2 2 
1 36 20 1 
1 28 28 1 
1 30 6 19 2 
30 10 11 5 1 1 
7 23 27 1 
1 43 4 1 4 5 
8 14 26 1 4 2 3 
3 40 15 
7 10 13 8 10 8 2 
17 3 22 7 4 5 
1 32 4 16 5 
7 31 7 13 
3 10 24 11 5 1 2 1 1 
1 40 3 1 5 6 1 1 
2 3 47 6 
5 47 5 1 
1 19 15 7 2 11 1 1 1 
1 54 3 
2 21 33 2 
1 41 10 5 1 
2 41 10 5 
8 27 3 11 2 3 2 1 1 
1 37 10 9 1 
7 30 4 16 1 
56 1 1 
7 13 25 13 
5 32 14 4 2 1 
1 49 5 1 2 
1 52 5 
6 28 4 1 15 1 1 1 1 
3 55 
3 28 7 16 1 3 
2 42 14 
1 51 6 
11 23 13 2 8 1 
1 37 1 1 7 2 1 6 2 
19 37 2 
1 50 4 3 
4 37 7 4 6 
22 28 8 
2 7 49 
1 44 9 1 3 
4 50 2 1 1 
24 11 1 11 7 1 3 
1 9 1 32 5 10 
58 
4 54 
1 20 35 1 1 
1 17 14 10 9 4 3 
33 25 
3 3 46 4 1 1 
3 8 12 18 2 1 11 1 1 1 
3 40 11 4 
1 30 27 
10 37 6 4 1 
3 17 34 1 3 
1 50 4 1 2 
26 12 11 1 1 2 3 2 
9 30 13 1 2 1 1 1 
15 19 19 4 1 
1 26 15 10 5 1 
2 38 3 3 6 1 1 2 2 
58 
55 2 1 
30 28 
2 45 11 
3 47 2 4 2 
1 28 29 
4 49 3 1 1 
5 8 24 20 1 
1 31 24 1 1 
24 6 15 7 4 1 1 
2 36 18 2 
3 54 1 
10 5 8 22 13 
1 42 13 1 1 
1 48 2 1 2 2 2 
6 27 25 
1 2 8 35 6 1 2 3 
10 45 3 
1 38 15 2 2 
1 17 34 3 2 1 
58 
1 7 37 2 10 1 
1 12 42 3 
1 6 5 7 16 17 3 1 2 
1 50 6 1 
2 44 3 5 4 
1 49 3 3 2 
1 54 3 
1 41 6 1 1 6 2 
1 4 22 21 9 1 
8 42 6 2 
3 42 5 7 1 
11 38 9 
1 31 1 19 6 
3 7 34 9 4 1 
4 17 35 1 1 
1 16 4 27 3 3 3 1 
2 40 3 7 6 
58 
1 56 1 
1 17 9 10 7 13 1 
24 9 1 10 6 5 2 1 
33 21 1 3 
1 25 4 5 19 1 1 2 
1 46 10 1 
4 48 4 2 
13 33 2 10 
4 3 25 4 17 5 
5 45 8 
1 18 10 14 8 3 1 3 
1 46 11 
5 29 18 5 1 
1 1 24 23 5 2 2 
1 13 13 20 5 6 
11 13 14 4 7 3 3 3 
8 10 40 
15 13 22 3 5 
2 11 21 11 13 
1 53 4 
1 16 18 6 13 4 
7 35 12 1 1 1 1 
2 49 7 
1 40 13 3 1 
4 29 19 6 
1 47 3 7 
1 40 16 1 
2 2 25 2 23 3 1 
1 31 26 
1 19 10 14 6 6 2 
1 23 12 10 9 2 1 
26 31 1 
3 25 30 
22 11 20 5 
7 49 2 
1 46 2 9 
1 17 2 29 4 4 1 
1 19 21 11 4 2 
1 47 9 1 
2 20 36 
4 13 35 4 2 
5 27 18 6 1 1 
5 19 34 
5 23 25 5 
1 19 28 10 
1 15 37 4 1 
17 3 35 2 1 
6 17 14 7 4 6 1 1 2 
3 11 24 14 3 1 2 
6 45 6 1 
1 51 5 1 
7 17 11 4 3 6 8 1 1 
3 18 1 28 2 3 3 
48 2 3 1 3 1 
1 49 5 3 
2 23 15 12 2 2 2 
4 42 6 5 1 
2 41 4 5 4 2 
2 52 4 
1 9 3 21 1 14 2 3 1 3 
5 41 7 4 1 
2 51 3 2 
10 26 21 1 
1 20 6 10 21 
2 47 1 2 3 1 1 1 
4 2 46 5 1 
55 2 1 
1 5 4 9 13 2 11 1 2 1 3 5 1 
5 3 40 2 6 2 
3 22 6 8 16 2 1 
2 56 
1 3 17 3 2 21 9 1 1 
4 19 34 1 
2 38 11 5 1 1 
20 34 4 
1 20 7 30 
2 31 5 18 2 
1 1 11 6 17 5 2 5 1 7 2 
1 4 12 12 5 5 16 2 1 
1 2 29 18 8 
1 17 31 6 3 
1 37 17 2 1 
10 44 4 
8 3 43 1 2 1 
2 28 13 14 1 
20 31 4 1 1 1 
1 15 22 17 2 1 
1 12 35 1 1 3 4 1 
4 28 25 1 
3 26 1 27 1 
1 28 18 4 6 1 
1 13 16 16 8 2 2 
5 36 9 3 1 3 1 
1 40 6 2 6 1 1 1 
3 39 12 1 3 
55 2 1 
26 7 13 12 
3 31 24 
49 4 1 4 
5 10 12 14 6 2 7 1 1 
4 42 12 
1 26 28 3 
1 45 2 1 9 
44 6 8 
2 30 26 
1 4 1 9 32 9 1 1 
1 55 2 
1 43 1 5 8 
1 1 10 38 6 2 
4 40 4 10 
18 9 31 
1 28 28 1 
1 9 28 1 7 12 
1 41 5 2 8 1 
1 13 44 
53 5 
20 13 25 
1 17 6 8 13 9 1 3 
3 47 5 3 
43 2 2 7 3 1 
2 2 37 1 16 
2 53 3 
3 2 15 25 13 
1 40 3 10 4 
1 10 21 7 5 2 7 1 1 3 
4 36 11 6 1 
7 13 15 23 
4 29 14 2 3 1 5 
2 29 4 2 6 2 2 5 1 4 1 
1 25 32 
56 2 
21 33 4 
5 15 36 2 
4 18 17 5 13 1 
58 
5 15 36 2 
4 48 1 1 3 1 
1 35 2 9 6 5 
1 22 33 1 1 
1 48 9 
5 10 19 22 2 
5 45 5 1 1 1 
1 33 5 6 9 4 
14 21 2 17 1 2 1 
19 31 6 2 
11 17 21 1 1 3 4 
1 1 27 22 4 1 2 
31 12 11 4 
2 39 9 2 6 
2 7 28 5 15 1 
45 5 7 1 
5 36 17 
1 44 8 1 2 2 
4 53 1 
2 13 20 22 1 
1 42 14 1 
1 22 8 26 1 
1 43 2 3 7 2 
14 44 
1 19 36 1 1 
2 6 23 7 17 1 2 
43 12 3 
1 26 9 6 7 2 6 1 
1 15 19 22 1 
53 5 
1 31 21 1 4 
23 25 10 
1 26 30 1 
38 20 
19 10 11 10 8 
2 29 11 11 1 2 2 
1 43 12 2 
2 3 40 1 3 7 2 
58 
2 32 22 2 
1 50 4 3 
1 6 32 2 4 9 2 1 1 
17 38 3 
2 35 5 5 1 3 7 
1 44 1 12 
1 46 5 5 1 
2 11 25 13 6 1 
1 12 35 7 2 1 
2 16 27 1 10 1 1 
8 42 8 
58 
1 55 2 
15 29 13 1 
6 17 14 5 14 1 1 
2 23 18 7 8 
58 
15 37 1 2 1 1 1 
1 35 14 1 5 2 
48 6 4 
1 57 
1 55 2 
1 38 8 4 6 1 
2 16 27 5 5 2 1 
49 5 2 1 1 
21 30 2 2 3 
1 31 3 18 5 
2 18 18 11 3 1 2 1 1 1 
3 5 2 6 31 8 2 1 
12 15 11 9 10 1 
1 41 3 5 6 1 1 
6 9 9 12 15 2 3 1 1 
6 8 37 3 3 1 
13 15 22 1 7 
1 19 32 4 1 1 
1 44 5 6 2 
1 11 21 24 1 
1 18 17 1 5 11 1 4 
26 9 17 6 
1 4 53 
1 11 36 9 1 
1 54 1 2 
1 19 28 1 2 7 
3 32 21 2 
29 19 4 6 
10 10 2 16 16 1 3 
53 4 1 
2 42 5 6 3 
7 27 1 16 4 1 2 
1 52 5 
1 47 2 6 1 1 
21 16 6 9 2 2 2 
51 4 3 
3 26 12 9 1 3 4 
36 5 12 2 3 
1 34 17 5 1 
2 45 9 1 1 
3 55 
3 38 1 2 14 
1 12 7 23 5 2 7 1 
47 11 
1 5 33 15 4 
1 5 9 43 
1 29 25 2 1 
1 42 5 2 2 4 2 
5 37 10 5 1 
4 13 29 8 1 3 
2 12 42 2 
1 29 5 8 15 
1 14 13 8 13 5 3 1 
1 42 13 1 1 
1 10 20 11 2 8 1 2 1 1 1 
58 
13 40 1 2 2 
2 39 13 3 1 
4 11 7 13 9 1 12 1 
3 16 22 10 1 2 1 3 
2 36 20 
1 19 6 25 4 2 1 
12 13 10 3 18 2 
3 22 32 1 
2 1 23 5 3 8 4 2 6 3 1 
2 41 15 
1 23 5 20 2 6 1 
1 38 17 2 
4 32 14 1 5 1 1 
1 24 26 7 
1 41 9 6 1 
9 31 2 10 5 1 
2 24 30 2 
11 24 7 13 1 2 
1 53 3 1 
5 25 13 15 
53 5 
6 50 2 
1 19 28 5 5 
1 49 7 1 
2 33 16 6 1 
8 23 15 6 4 2 
15 13 12 17 1 
13 27 18 
6 6 35 2 1 7 1 
1 30 21 4 1 1 
1 41 15 1 
2 18 31 5 1 1 
6 13 8 23 4 4 
28 20 2 5 3 
2 14 16 22 3 1 
1 49 1 5 1 1 
1 57 
1 16 26 4 7 4 
1 44 11 1 1 
1 41 14 2 
55 3 
41 14 3 
1 23 34 
6 50 2 
1 56 1 
1 36 21 
2 19 4 17 6 2 4 1 1 1 1 
7 4 45 2 
2 21 11 8 9 3 2 2 
21 8 19 8 2 
2 29 21 5 1 
1 23 22 6 5 1 
1 9 19 21 1 2 2 2 1 
1 12 16 16 8 5 
11 16 25 1 3 2 
2 54 1 1 
10 4 2 38 2 1 1 
1 25 22 8 1 1 
1 21 35 1 
14 2 7 4 3 12 13 2 1 
56 2 
27 26 4 1 
4 49 1 2 2 
2 41 15 
1 15 9 11 9 12 1 
1 34 1 17 5 
6 29 22 1 
2 30 1 20 1 2 2 
1 2 42 11 2 
6 8 10 10 3 17 3 1 
21 3 21 12 1 
1 32 19 6 
1 38 19 
1 17 19 13 8 
3 44 9 2 
10 11 6 15 4 6 3 2 1 
12 6 37 1 1 1 
1 54 1 2 
2 53 3 
38 15 3 1 1 
1 7 25 9 14 1 1 
58 
1 32 23 1 1 
1 8 48 1 
1 37 10 7 3 
6 19 32 1 
1 11 33 13 
1 13 29 8 2 3 1 1 
12 4 16 14 12 
1 44 13 
1 18 22 2 6 4 1 1 3 
2 55 1 
1 38 10 1 4 4 
15 23 17 3 
3 26 12 1 4 10 1 1 
22 12 3 6 8 4 1 1 1 
1 31 9 13 2 1 1 
3 43 10 1 1 
5 21 20 11 1 
1 6 20 16 13 2 
1 51 5 1 
8 21 20 2 4 1 1 1 
4 4 31 15 3 1 
1 28 26 2 1 
4 28 20 6 
35 1 19 1 1 1 
50 3 5 
26 23 7 2 
7 25 23 2 1 
1 1 5 13 32 3 3 
2 20 33 2 1 
4 44 7 1 1 1 
10 9 33 6 
7 2 4 4 40 1 
1 44 8 5 
1 45 6 4 1 1 
1 28 10 15 4 
3 28 13 7 6 1 
43 5 6 2 2 
1 4 35 12 3 3 
2 38 18 
3 53 2 
3 23 32 
2 1 33 16 2 2 1 1 
2 5 5 38 5 2 1 
47 5 6 
3 6 7 26 5 2 7 1 1 
1 43 14 
2 54 1 1 
3 55 
17 37 3 1 
10 27 20 1 
34 4 13 4 3 
3 49 4 2 
57 1 
5 6 29 14 3 1 
1 49 8 
28 5 24 1 
43 12 2 1 
2 45 6 4 1 
56 1 1 
1 31 2 1 23 
58 
51 6 1 
9 36 2 2 4 4 1 
7 3 6 22 7 4 9 
2 20 29 1 3 1 2 
1 36 2 4 10 4 1 
1 34 19 1 1 2 
17 40 1 
2 41 10 3 2 
1 56 1 
3 30 24 1 
1 9 18 12 8 4 1 1 1 1 1 1 
1 32 24 1 
45 2 4 1 2 2 1 1 
1 54 3 
2 18 36 1 1 
11 7 9 26 5 
2 14 21 8 1 8 2 2 
2 51 2 2 1 
3 27 5 10 3 4 4 2 
2 10 37 8 1 
1 21 11 9 16 
21 33 4 
2 6 19 24 1 2 3 1 
38 14 6 
1 47 10 
5 32 1 6 1 7 2 1 1 2 
2 35 2 17 2 
1 21 6 10 18 1 1 
1 22 26 8 1 
1 43 2 12 
16 5 13 24 
50 7 1 
5 29 17 1 4 1 1 
1 37 19 1 
1 18 8 23 8 
8 47 2 1 
2 2 11 39 2 2 
16 38 1 2 1 
1 57 
2 55 1 
1 18 39 
2 2 46 6 2 
1 2 6 15 18 15 1 
3 45 4 2 2 1 1 
1 45 8 1 1 2 
6 20 32 
4 25 1 7 11 7 2 1 
1 12 21 11 5 6 1 1 
3 10 13 8 19 2 3 
7 41 3 4 2 1 
2 35 20 1 
2 26 30 
1 41 4 4 7 1 
1 4 49 3 1 
1 7 13 20 16 1 
1 37 15 3 1 1 
3 15 3 9 4 23 1 
2 7 38 8 3 
1 42 15 
4 35 18 1 
26 14 15 3 
1 45 5 6 1 
1 10 13 4 9 8 12 1 
1 34 1 20 2 
2 1 54 1 
2 45 6 3 2 
5 35 18 
7 45 1 5 
1 2 55 
1 55 2 
1 12 29 10 4 1 1 
4 12 15 1 6 7 1 12 
36 21 1 
24 26 2 3 2 1 
1 21 13 10 3 3 6 1 
27 5 23 2 1 
1 56 1 
1 54 2 1 
54 3 1 
34 13 7 3 1 
1 33 9 9 2 1 1 2 
2 32 7 1 5 5 2 1 1 1 1 
3 37 10 7 1 
1 37 19 1 
1 14 42 1 
1 3 7 19 12 13 2 1 
4 18 36 
2 48 6 1 1 
2 13 36 4 1 2 
1 6 46 2 2 1 
4 43 11 
1 25 20 9 2 1 
4 22 24 8 
1 17 10 29 1 
5 34 7 4 6 2 
1 20 9 8 1 11 3 5 
8 37 8 5 
1 29 6 6 5 2 4 2 2 1 
31 4 8 4 2 8 1 
2 37 18 1 
4 32 18 4 
7 39 12 
1 52 4 1 
33 16 2 5 1 1 
2 4 20 18 14 
3 2 8 8 13 2 17 2 2 1 
58 
2 54 2 
5 11 26 6 6 4 
5 18 13 17 3 2 
3 12 28 10 1 4 
2 7 45 4 
1 37 20 
2 54 1 1 
5 38 4 11 
1 57 
1 43 8 1 1 4 
1 56 1 
1 18 25 5 2 1 4 1 1 
1 39 7 1 8 2 
26 27 5 
1 13 43 1 
1 27 9 11 10 
2 49 7 
4 23 27 4 
4 48 6 
7 34 14 3 
2 54 2 
3 32 23 
17 15 10 11 3 2 
2 16 2 18 13 3 4 
3 26 1 28 
1 6 7 41 1 1 1 
5 47 5 1 
2 25 18 8 4 1 
3 35 18 2 
1 18 38 1 
2 8 32 7 4 4 1 
1 21 24 11 1 
58 
1 57 
7 37 4 1 8 1 
4 38 16 
1 3 6 6 32 8 2 
2 53 3 
2 47 9 
1 49 5 3 
18 23 17 
6 14 25 10 3 
12 34 12 
2 49 1 1 3 2 
3 29 15 11 
1 13 17 20 1 5 1 
21 5 13 8 5 6 
1 23 29 2 1 1 1 
1 13 8 15 9 5 6 1 
53 2 3 
30 23 2 1 1 1 
3 46 8 1 
1 12 21 3 21 
3 43 12 
4 50 4 
1 48 7 1 1 
1 40 5 3 3 1 4 1 
1 46 5 4 2 
6 37 14 1 
1 2 31 12 2 4 1 2 3 
4 46 5 3 
1 29 17 11 
41 1 16 
12 27 14 2 2 1 
2 46 3 2 2 1 1 1 
1 32 2 2 10 6 3 2 
1 52 4 1 
58 
30 1 2 22 3 
1 6 45 4 2 
1 50 6 1 
4 49 4 1 
1 21 30 6 
3 3 52 
1 14 21 22 
2 43 7 6 
1 39 12 3 1 1 1 
1 35 21 1 
1 1 45 9 2 
22 35 1 
5 34 6 4 4 5 
58 
3 8 23 6 15 1 1 1 
1 4 24 9 8 4 4 4 
1 35 5 17 
8 28 13 2 4 3 
2 40 14 2 
8 17 16 17 
5 17 6 16 4 8 1 1 
1 22 28 6 1 
5 31 13 6 3 
1 51 5 1 
22 33 2 1 
1 53 3 1 
1 35 20 2 
21 29 1 5 1 1 
7 35 13 2 1 
7 14 5 28 3 1 
21 26 10 1 
1 8 42 4 1 2 
1 9 34 4 10 
51 2 1 3 1 
2 33 1 20 2 
1 38 13 6 
2 2 29 1 8 3 10 2 1 
37 17 1 1 2 
31 8 16 1 2 
2 1 5 23 19 7 1 
1 12 41 4 
4 20 21 5 8 
3 55 
1 32 22 1 2 
1 1 53 2 1 
1 56 1 
1 32 3 13 7 2 
2 54 1 1 
5 21 27 3 2 
3 52 3 
1 22 35 
3 3 43 2 6 1 
1 42 9 5 1 
5 17 26 2 8 
1 18 16 16 1 3 3 
2 51 3 1 1 
3 36 18 1 
8 48 2 
1 18 23 6 1 6 1 1 1 
2 34 11 8 1 1 1 
2 42 14 
1 1 41 11 1 3 
1 6 25 26 
58 
16 3 14 9 14 1 1 
45 6 2 5 
1 43 7 7 
4 20 18 10 6 
5 42 5 5 1 
1 17 12 23 4 1 
1 14 4 19 1 6 1 9 1 1 1 
1 28 26 3 
1 48 9 
58 
3 54 1 
1 32 1 10 4 10 
2 18 16 5 16 1 
2 51 5 
48 8 1 1 
8 23 27 
11 13 29 5 
2 15 41 
18 21 2 11 5 1 
1 50 3 3 1 
5 39 5 5 2 2 
2 29 4 10 3 9 1 
3 51 1 1 2 
1 43 14 
42 8 6 1 1 
1 22 15 11 9 
6 32 9 9 2 
1 29 18 1 2 1 1 3 2 
20 19 6 11 1 1 
8 34 15 1 
3 33 4 6 6 1 4 1 
4 21 17 12 4 
2 54 2 
4 24 13 3 1 10 3 
1 22 10 12 6 2 2 1 2 
3 14 41 
17 5 9 7 15 4 1 
1 5 46 5 1 
18 18 18 1 3 
3 37 8 9 1 
2 54 2 
8 39 11 
6 42 3 4 3 
1 52 3 1 1 
1 53 2 2 
9 35 14 
58 
35 19 4 
7 5 28 2 2 5 4 4 1 
2 27 9 1 11 3 1 2 1 1 
3 53 1 1 
1 10 21 24 2 
11 44 3 
3 55 
57 1 
1 53 4 
9 9 3 10 2 22 2 1 
3 27 19 4 1 1 1 2 
2 2 42 11 1 
2 18 29 3 2 2 2 
2 41 4 10 1 
2 35 21 
42 11 1 4 
5 50 2 1 
2 15 18 4 5 14 
2 4 51 1 
19 5 8 20 6 
1 46 11 
57 1 
1 4 29 22 1 1 
4 20 34 
1 12 24 20 1 
50 2 6 
3 55 
2 55 1 
10 37 11 
3 33 2 7 9 2 1 1 
1 40 17 
29 14 3 3 1 4 4 
2 29 27 
13 43 1 1 
3 7 14 1 30 3 
2 55 1 
2 53 3 
53 5 
7 18 12 20 1 
2 47 4 1 3 1 
1 17 5 13 16 1 1 3 1 
5 53 
1 11 23 17 5 1 
2 23 25 4 3 1 
22 1 2 31 2 
3 36 17 1 1 
4 36 9 2 6 1 
1 39 16 2 
1 52 5 
6 19 11 17 1 2 2 
1 56 1 
3 7 28 14 2 4 
1 27 15 12 1 2 
1 48 6 3 
10 28 20 
17 31 3 2 3 1 1 
3 1 33 2 14 3 1 1 
1 12 11 6 5 16 1 1 4 1 
1 48 3 6 
1 36 3 11 4 2 1 
1 22 35 
3 48 2 5 
3 35 10 3 3 2 1 1 
1 3 30 9 11 2 2 
1 53 3 1 
1 54 1 1 1 
5 16 5 2 23 7 
2 9 12 25 10 
6 25 25 1 1 
4 9 45 
1 6 37 14 
1 12 28 2 14 1 
58 
1 31 24 1 1 
4 33 9 4 2 4 2 
1 52 2 1 1 1 
35 9 13 1 
4 22 4 26 2 
1 9 37 11 
4 7 31 13 3 
2 20 12 17 4 2 1 
2 34 8 3 11 
3 1 3 39 3 3 5 1 
1 49 8 
10 39 6 2 1 
4 4 45 4 1 
2 11 35 1 2 2 4 1 
9 42 7 
20 28 10 
47 11 
13 13 4 10 6 8 3 1 
20 33 1 1 3 
13 2 29 14 
1 44 3 9 1 
2 11 22 16 1 6 
9 26 1 22 
1 40 6 10 1 
10 44 2 2 
1 22 12 15 8 
22 20 9 3 3 1 
4 18 33 1 2 
1 46 2 4 5 
1 32 16 1 2 5 1 
18 6 11 8 10 3 2 
1 27 18 8 1 1 2 
13 4 39 2 
1 43 7 3 3 1 
1 52 3 1 1 
13 10 15 8 12 
1 21 5 13 8 3 2 1 1 1 1 1 
1 29 9 7 4 6 1 1 
1 35 21 1 
20 13 23 1 1 
2 16 6 14 5 6 6 1 2 
35 12 10 1 
1 51 3 2 1 
5 8 32 10 3 
55 1 2 
1 57 
2 7 48 1 
8 28 2 8 3 6 2 1 
16 5 12 6 4 3 2 1 1 4 3 1 
1 18 37 1 1 
1 28 29 
9 10 3 7 6 17 5 1 
26 20 2 1 4 5 
1 55 2 
39 11 7 1 
13 1 8 32 2 2 
1 15 14 8 7 13 
4 14 39 1 
1 19 23 12 2 1 
5 18 22 5 2 2 1 1 2 
1 14 21 17 4 1 
5 44 8 1 
8 50 
8 35 14 1 
6 28 4 12 3 5 
4 13 5 35 1 
16 24 11 1 3 2 1 
1 11 7 10 4 15 1 8 1 
1 21 28 4 4 
1 45 9 2 1 
22 35 1 
29 11 10 8 
6 38 10 3 1 
2 39 17 
1 47 9 1 
2 3 53 
1 21 3 25 8 
1 35 22 
3 35 6 1 2 1 5 3 1 1 
1 39 18 
3 40 15 
4 2 26 7 18 1 
5 6 26 13 4 3 1 
1 32 1 16 8 
1 56 1 
2 55 1 
37 2 2 12 3 2 
2 37 11 3 5 
1 24 2 12 14 3 2 
1 10 46 1 
1 44 11 2 
1 25 22 5 5 
45 8 4 1 
1 26 31 
1 56 1 
1 3 2 31 13 6 1 1 
6 31 1 14 4 1 1 
1 48 9 
3 8 42 2 2 1 
7 13 12 9 5 5 7 
15 9 16 1 13 2 1 1 
4 5 21 7 16 3 2 
1 20 16 2 3 9 6 1 
2 29 5 8 5 4 4 1 
1 7 17 27 4 2 
14 30 1 9 3 1 
10 13 30 5 
15 24 14 2 3 
3 43 7 3 2 
4 10 1 13 3 10 14 1 1 1 
1 2 48 1 1 2 2 1 
1 30 16 8 3 
7 50 1 
53 4 1 
58 
5 45 2 4 1 1 
1 30 12 13 1 1 
1 27 30 
5 3 32 7 1 1 8 1 
1 38 2 13 1 3 
1 21 18 16 1 1 
7 16 19 13 3 
2 54 2 
1 32 2 3 13 3 2 2 
1 47 9 1 
1 24 20 10 2 1 
1 48 3 3 1 2 
1 46 10 1 
2 55 1 
2 55 1 
7 15 1 17 5 12 1 
21 8 29 
2 56 
1 31 20 3 3 
1 6 14 30 4 2 1 
9 36 5 5 1 1 1 
2 38 18 
1 15 10 19 6 2 1 3 1 
1 40 7 10 
13 38 5 1 1 
1 12 33 11 1 
1 13 43 1 
1 14 10 17 10 4 2 
1 12 20 24 1 
2 49 2 5 
12 8 28 6 2 1 1 
33 6 3 1 11 4 
29 21 1 7 
1 23 28 5 1 
3 19 15 8 3 6 4 
1 11 34 12 
1 21 7 25 4 
2 10 37 6 2 1 
20 8 27 2 1 
24 29 1 2 2 
2 14 37 4 1 
2 38 18 
21 19 9 8 1 
14 2 38 3 1 
1 42 12 2 1 
1 44 9 2 2 
16 11 6 1 1 3 7 2 7 2 2 
10 7 27 6 4 2 1 1 
57 1 
1 13 44 
8 42 8 
15 26 3 4 3 1 5 1 
1 55 2 
3 6 25 10 14 
1 13 8 18 17 1 
1 28 26 3 
3 20 17 1 9 4 2 2 
2 43 12 1 
11 34 13 
48 10 
4 17 35 2 
1 46 6 4 1 
1 8 13 2 5 4 18 2 4 1 
21 4 10 8 4 3 8 
8 4 29 12 4 1 
5 43 10 
37 18 1 1 1 
57 1 
1 54 2 1 
3 51 2 1 1 
1 6 24 17 3 3 1 2 1 
1 27 29 1 
1 23 15 17 2 
1 22 7 5 4 2 10 4 3 
3 55 
4 31 22 1 
1 5 17 17 18 
2 48 4 3 1 
58 
1 26 31 
9 31 8 3 3 4 
2 56 
5 17 32 3 1 
1 35 7 8 3 1 1 1 1 
17 38 2 1 
2 25 30 1 
58 
27 8 17 3 3 
1 4 1 35 6 8 2 1 
1 12 3 7 8 8 7 7 5 
10 46 2 
1 9 41 2 5 
2 50 3 3 
1 2 18 27 7 3 
15 1 7 34 1 
3 31 18 3 1 2 
1 52 5 
31 10 2 8 7 
2 21 30 5 
9 38 6 5 
58 
1 23 18 13 3 
3 46 5 2 2 
1 20 25 2 4 3 2 1 
17 35 6 
18 18 20 1 1 
3 8 20 20 6 1 
1 14 5 19 18 1 
3 34 17 4 
1 11 21 25 
21 30 7 
1 42 1 14 
1 20 16 18 3 
43 1 10 1 1 1 1 
8 41 7 1 1 
1 42 9 5 1 
2 31 14 4 4 2 1 
5 46 7 
28 26 3 1 
2 43 7 5 1 
8 3 29 17 1 
1 16 20 10 6 1 3 1 
1 36 8 4 3 1 5 
7 36 15 
1 41 6 1 3 3 3 
2 47 9 
2 36 16 2 2 
1 22 35 
1 51 5 1 
8 34 15 1 
1 11 38 3 5 
1 28 27 2 
1 36 15 1 1 2 2 
2 29 19 2 2 1 2 1 
43 12 2 1 
1 18 15 9 4 1 4 4 2 
21 18 18 1 
12 22 21 3 
2 10 34 8 4 
2 13 34 5 4 
5 13 22 3 14 1 
1 46 2 6 3 
14 43 1 
4 44 7 2 1 
3 34 20 1 
8 38 11 1 
1 16 41 
3 41 1 13 
1 27 3 11 5 4 3 3 1 
8 28 17 2 1 2 
36 15 4 1 1 1 
1 25 1 25 4 1 1 
5 9 21 17 6 
1 25 31 1 
2 4 11 27 4 4 1 4 1 
18 34 4 1 1 
27 27 1 1 2 
1 9 8 38 1 1 
1 4 43 5 5 
1 6 27 13 11 
2 21 1 15 19 
1 26 7 11 13 
1 46 7 1 1 1 1 
1 6 24 18 9 
1 51 4 2 
49 6 1 2 
1 44 10 2 1 
3 32 21 1 1 
1 45 6 4 2 
1 44 3 4 1 4 1 
1 22 14 16 1 3 1 
15 22 9 7 5 
6 29 22 1 
3 29 16 1 7 2 
1 42 8 5 2 
1 54 1 2 
2 47 9 
58 
1 43 10 4 
2 28 8 8 1 7 2 1 1 
3 11 31 8 3 1 1 
1 13 31 13 
1 3 10 12 27 3 2 
6 9 13 13 1 6 5 2 1 1 1 
3 48 5 2 
1 50 2 2 2 1 
1 34 11 9 3 
21 1 12 24 
1 43 8 2 4 
1 28 3 20 3 3 
1 5 20 28 3 1 
9 45 4 
2 20 20 13 3 
6 2 22 8 2 10 5 2 1 
2 18 35 1 2 
10 28 10 2 1 2 2 2 1 
4 25 29 
3 10 2 40 2 1 
1 15 33 2 7 
1 26 25 4 2 
1 9 6 39 1 2 
31 6 1 1 2 15 1 1 
1 45 1 4 6 1 
19 4 30 5 
4 37 1 8 4 3 1 
2 46 4 4 2 
1 13 6 22 1 10 1 1 1 1 1 
2 29 4 2 15 4 1 1 
1 42 15 
2 2 4 28 6 15 1 
2 16 38 2 
14 10 34 
1 53 1 3 
56 1 1 
20 10 2 24 2 
5 44 8 1 
5 34 7 9 3 
1 4 53 
4 51 3 
1 29 6 10 9 1 2 
56 1 1 
1 37 1 18 1 
1 50 4 2 1 
16 38 4 
2 15 14 6 12 8 1 
1 12 26 11 4 2 2 
3 1 13 1 18 1 8 6 1 1 4 1 
3 16 9 27 1 2 
1 27 30 
1 37 8 2 4 5 1 
1 39 8 5 1 3 1 
1 47 9 1 
58 
1 5 25 12 15 
1 28 5 19 5 
20 22 16 
19 23 5 8 2 1 
2 24 2 14 9 4 3 
1 47 9 1 
44 12 2 
3 2 18 20 14 1 
5 24 13 11 1 3 1 
2 12 13 8 21 1 1 
5 52 1 
20 3 23 2 7 3 
1 30 4 12 4 7 
1 35 9 1 3 8 1 
1 44 4 4 2 2 1 
1 28 21 1 5 2 
1 30 16 8 1 2 
10 47 1 
1 16 28 3 4 3 3 
55 2 1 
1 2 39 9 2 2 3 
40 10 6 1 1 
1 52 3 2 
7 8 27 10 5 1 
2 44 6 4 2 
42 5 2 3 2 4 
2 19 13 3 20 1 
14 27 17 
4 13 5 8 5 18 2 1 1 1 
57 1 
41 5 3 5 3 1 
10 31 6 3 3 3 1 1 
58 
2 16 19 2 4 7 6 2 
10 46 2 
2 14 34 3 3 1 1 
2 1 55 
4 33 12 8 1 
1 51 6 
50 2 6 
1 34 6 8 8 1 
50 6 1 1 
5 3 28 10 11 1 
2 28 28 
53 3 2 
7 29 22 
1 45 4 8 
1 48 4 4 1 
7 17 21 11 1 1 
2 12 12 9 20 2 1 
2 32 22 2 
2 45 6 2 1 2 
9 42 6 1 
11 35 9 3 
3 47 8 
58 
1 34 23 
1 33 24 
18 21 3 5 8 3 
1 35 20 2 
56 1 1 
5 18 14 9 12 
1 21 36 
18 25 4 7 4 
1 6 11 17 10 11 2 
1 38 16 3 
1 43 14 
6 11 22 8 2 1 4 3 1 
1 20 10 17 9 1 
4 42 8 1 1 2 
20 24 1 8 5 
2 4 51 1 
1 53 4 
1 30 6 8 6 3 3 1 
19 39 
34 4 6 3 8 1 1 1 
18 22 18 
5 14 10 13 16 
2 46 6 2 2 
1 48 1 4 1 2 1 
11 28 2 14 1 1 1 
4 39 15 
1 38 12 5 2 
58 
1 27 19 8 3 
1 27 20 8 2 
3 55 
3 39 16 
1 49 3 2 3 
57 1 
39 17 2 
2 15 21 12 7 1 
27 28 3 
32 19 7 
1 21 26 5 3 2 
1 10 28 10 7 1 1 
1 26 5 4 5 5 8 1 1 2 
1 17 37 2 1 
13 17 23 1 2 2 
9 29 6 12 2 
3 22 19 12 1 1 
1 42 12 3 
3 39 1 2 2 11 
1 20 6 27 3 1 
1 42 15 
56 2 
1 34 4 3 11 1 3 1 
57 1 
5 4 25 6 10 3 2 3 
5 10 39 1 2 1 
3 33 2 7 3 4 2 1 3 
1 21 29 3 2 1 1 
1 33 3 12 9 
1 22 3 24 6 2 
1 45 12 
2 48 1 6 1 
2 33 10 6 7 
6 37 15 
17 5 17 4 2 13 
2 43 6 6 1 
5 21 11 18 3 
1 37 12 4 1 3 
23 21 1 7 4 1 1 
1 43 4 7 3 
4 24 17 2 9 1 1 
2 15 4 25 8 2 2 
1 27 6 24 
1 19 21 3 4 1 7 1 1 
4 51 3 
3 48 6 1 
3 42 11 1 1 
21 31 2 3 1 
56 2 
3 12 10 8 15 7 3 
1 53 4 
10 48 
46 4 2 3 1 1 1 
1 16 1 12 14 2 5 4 2 1 
2 3 53 
2 26 27 3 
56 1 1 
