1 37 14 5 2 
47 5 7 
2 31 26 
12 46 1 
3 39 17 
5 39 14 1 
1 40 18 
4 55 
1 16 11 15 2 14 
7 31 4 6 3 5 2 1 
6 18 7 11 11 6 
28 9 13 1 2 6 
2 44 13 
57 1 1 
3 25 27 3 1 
1 11 30 7 6 4 
1 15 37 2 4 
1 4 32 9 11 2 
2 13 39 4 1 
27 14 5 12 1 
28 6 19 1 5 
23 5 26 5 
1 14 30 13 1 
1 44 10 4 
1 1 7 10 9 14 6 4 7 
2 18 39 
2 24 24 5 1 1 2 
1 46 5 5 2 
1 46 6 5 1 
5 48 5 1 
7 8 16 18 6 1 1 1 1 
41 15 1 1 1 
3 14 6 9 26 1 
3 45 8 3 
4 23 18 4 10 
4 37 5 2 5 4 1 1 
58 1 
1 30 28 
7 43 5 2 2 
18 30 2 2 3 3 1 
1 17 41 
1 21 28 7 1 1 
2 9 13 5 26 1 1 1 1 
1 22 15 12 5 3 1 
1 34 15 9 
1 57 1 
56 1 1 1 
24 23 7 3 2 
3 5 23 9 11 4 3 1 
1 53 3 1 1 
2 49 1 6 1 
59 
1 56 1 1 
12 3 34 3 7 
12 28 8 10 1 
5 37 8 6 2 1 
3 53 3 
24 4 4 27 
6 45 4 4 
1 19 28 11 
4 2 33 18 2 
57 2 
2 56 1 
1 42 13 2 1 
4 16 23 6 2 1 3 2 2 
1 52 5 1 
3 14 42 
39 11 3 5 1 
13 30 16 
4 28 25 1 1 
7 50 1 1 
1 11 11 16 4 6 5 3 2 
17 21 8 13 
1 55 2 1 
2 14 42 1 
33 12 2 3 9 
1 55 1 1 1 
3 44 4 3 1 3 1 
1 16 30 6 3 2 1 
11 10 38 
1 7 22 21 5 3 
1 48 3 4 3 
1 25 28 2 1 2 
3 13 22 21 
6 19 5 5 9 3 7 4 1 
1 29 27 1 1 
1 32 8 12 4 2 
58 1 
1 1 52 5 
20 9 15 11 2 2 
5 10 33 4 2 5 
3 40 15 1 
6 27 10 12 4 
1 26 25 5 2 
4 55 
1 56 2 
1 21 21 4 6 1 4 1 
8 51 
4 7 26 14 5 3 
8 13 35 1 2 
33 6 7 12 1 
1 5 35 3 4 1 3 5 1 1 
3 14 10 12 14 6 
2 22 30 5 
2 1 22 6 27 1 
5 8 36 6 4 
51 6 2 
9 44 4 2 
1 12 21 23 2 
1 46 7 3 1 1 
1 3 36 3 11 3 1 1 
13 5 12 23 4 2 
7 33 14 1 2 1 1 
11 35 13 
2 20 21 14 2 
4 15 3 11 14 6 3 3 
2 38 14 1 4 
1 22 19 7 2 1 5 2 
13 14 16 4 2 4 2 2 2 
18 13 13 3 3 8 1 
1 38 17 1 2 
10 17 28 3 1 
1 38 18 2 
1 23 25 3 4 3 
1 4 54 
37 9 13 
1 38 20 
4 15 37 3 
4 18 24 1 5 3 1 1 2 
1 57 1 
2 49 5 3 
7 1 33 15 1 1 1 
2 12 44 1 
1 12 4 18 15 4 1 2 1 1 
1 21 35 1 1 
3 42 4 7 3 
59 
3 40 15 1 
1 8 31 16 2 1 
4 51 4 
45 6 8 
38 18 3 
53 4 2 
1 42 15 1 
1 7 16 19 9 7 
1 26 24 1 4 2 1 
8 21 4 18 7 1 
7 45 6 1 
24 13 9 10 1 2 
2 40 8 6 1 2 
12 19 13 4 2 1 8 
3 29 18 1 7 1 
1 29 11 15 1 2 
6 17 19 14 2 1 
17 27 5 10 
2 53 3 1 
1 31 15 11 1 
3 52 1 2 1 
1 38 15 5 
1 36 19 1 2 
40 10 5 3 1 
10 26 7 12 1 1 1 1 
1 31 4 22 1 
14 30 11 2 1 1 
1 29 29 
1 9 43 6 
3 11 45 
33 9 15 1 1 
1 18 33 1 1 5 
1 55 1 1 1 
1 17 1 29 1 1 3 2 1 2 1 
1 38 14 6 
5 2 18 28 5 1 
2 57 
1 41 2 3 2 6 1 2 1 
5 35 19 
7 16 36 
1 22 11 2 18 3 1 1 
1 53 5 
3 10 14 13 2 9 5 3 
1 1 52 3 2 
59 
10 26 4 4 10 5 
10 28 21 
2 45 12 
2 12 13 2 8 5 5 4 5 2 1 
49 8 1 1 
1 22 27 3 1 4 1 
1 28 30 
1 14 30 3 4 5 1 1 
47 5 5 1 1 
1 2 7 23 20 2 1 2 1 
1 21 34 2 1 
1 57 1 
25 5 29 
13 6 4 2 21 4 4 1 3 1 
1 39 10 5 1 1 1 1 
16 20 14 5 3 1 
10 6 15 1 1 21 2 2 1 
35 10 1 5 6 1 1 
2 6 35 14 1 1 
16 16 23 1 1 2 
1 43 9 3 1 1 1 
2 45 1 2 6 2 1 
54 4 1 
1 15 27 13 3 
2 30 15 4 8 
3 4 11 14 11 4 12 
1 6 39 13 
2 16 1 2 29 2 6 1 
2 36 11 3 6 1 
2 13 32 5 5 2 
3 16 26 9 5 
4 35 14 2 2 1 1 
1 18 7 31 2 
1 53 5 
1 35 18 3 2 
1 34 18 3 1 1 1 
3 46 2 6 1 1 
2 33 10 8 3 2 1 
10 22 26 1 
52 6 1 
1 51 7 
3 23 8 9 13 3 
1 16 5 8 16 3 4 4 1 1 
8 42 9 
2 54 2 1 
1 27 28 3 
3 39 10 7 
1 50 8 
1 40 5 2 3 4 3 1 
43 13 1 1 1 
6 4 27 8 2 8 4 
1 38 12 7 1 
6 48 5 
1 44 6 2 4 2 
9 19 19 8 4 
1 20 7 8 21 1 1 
3 30 24 2 
1 27 4 1 13 6 6 1 
1 28 15 1 9 5 
6 14 16 2 8 11 2 
59 
1 51 7 
6 17 25 8 3 
2 24 2 8 5 17 1 
3 56 
10 43 5 1 
3 9 7 35 3 2 
1 22 21 15 
3 47 9 
35 13 10 1 
8 14 24 5 2 5 1 
3 4 14 30 1 7 
1 21 27 8 2 
17 7 7 7 13 4 4 
43 5 5 5 1 
11 26 2 16 4 
1 24 19 5 9 1 
7 4 1 4 27 12 2 1 1 
24 23 1 9 1 1 
6 38 13 2 
23 2 34 
3 47 1 5 2 1 
1 57 1 
1 54 3 1 
33 13 6 4 2 1 
3 47 2 1 2 3 1 
34 23 2 
2 52 4 1 
1 1 26 30 1 
2 15 1 31 9 1 
15 6 38 
2 53 4 
25 13 21 
5 45 9 
3 30 16 7 2 1 
9 13 15 15 7 
22 19 15 3 
1 9 17 29 3 
5 35 15 2 1 1 
2 16 18 22 1 
1 47 4 6 1 
1 2 29 4 6 1 6 7 3 
1 52 1 5 
15 37 1 4 1 1 
1 38 17 1 2 
1 45 13 
3 45 5 3 3 
8 13 15 18 2 1 1 1 
1 15 36 6 1 
4 33 18 4 
1 29 28 1 
2 29 10 7 1 6 4 
1 1 29 7 15 1 1 4 
1 17 9 11 21 
1 38 16 1 3 
5 7 8 8 4 23 4 
2 24 33 
50 2 7 
5 1 13 13 15 6 2 1 1 2 
1 54 4 
2 19 15 15 7 1 
2 55 2 
1 35 20 1 2 
22 24 11 1 1 
1 37 2 12 2 5 
58 1 
26 29 1 3 
1 53 2 1 2 
1 16 31 10 1 
2 30 8 6 13 
2 14 14 6 10 9 3 1 
9 47 3 
15 7 4 31 1 1 
2 50 4 2 1 
1 18 25 13 2 
2 39 10 3 5 
27 22 9 1 
3 22 8 6 14 6 
3 53 3 
1 24 34 
6 46 7 
1 6 1 14 4 1 1 21 8 2 
21 20 10 4 3 1 
2 36 19 2 
15 40 4 
12 31 1 13 2 
33 10 2 4 3 6 1 
1 8 11 28 3 7 1 
1 42 11 1 2 2 
2 7 26 24 
1 30 25 1 1 1 
1 13 21 23 1 
7 19 6 22 5 
2 22 22 2 3 2 4 2 
1 14 26 3 7 3 1 2 1 1 
1 48 10 
1 46 6 5 1 
1 37 1 1 4 13 1 1 
1 49 9 
3 30 19 7 
12 30 17 
57 2 
1 58 
1 51 6 1 
3 28 26 2 
1 43 1 9 3 1 1 
4 10 6 22 15 1 1 
7 24 28 
1 41 2 10 4 1 
2 20 25 5 7 
2 9 1 38 3 1 5 
1 8 2 47 1 
3 11 15 21 2 6 1 
2 52 1 2 1 1 
1 56 2 
1 5 48 2 2 1 
2 10 5 1 24 7 2 2 1 3 2 
1 50 8 
6 50 2 1 
9 5 8 9 3 19 3 1 1 1 
2 10 19 19 6 2 1 
5 27 20 4 3 
2 45 12 
37 1 3 16 2 
44 2 8 2 1 1 1 
2 42 3 8 4 
2 21 30 2 2 2 
1 31 9 11 7 
2 27 18 2 3 4 2 1 
5 8 13 27 5 1 
1 12 5 38 3 
9 50 
24 12 10 8 3 2 
9 13 5 30 1 1 
1 54 4 
4 4 24 18 9 
1 48 5 1 4 
3 47 8 1 
6 37 16 
1 2 21 8 7 20 
59 
7 44 5 2 1 
2 53 4 
2 32 2 4 3 6 2 2 4 1 1 
24 9 7 5 8 1 3 1 1 
2 50 6 1 
1 25 7 1 5 15 3 1 1 
8 51 
1 17 39 1 1 
1 56 1 1 
59 
1 10 29 5 12 2 
4 11 3 31 2 1 3 3 1 
4 28 12 9 2 4 
4 20 17 5 3 7 1 1 1 
2 13 27 11 3 3 
37 1 21 
1 12 6 20 5 1 7 1 4 1 1 
3 38 18 
30 14 6 5 1 1 2 
5 27 6 5 10 4 2 
1 35 20 1 2 
3 12 14 27 1 2 
1 2 30 20 6 
1 25 15 6 5 6 1 
4 41 14 
1 57 1 
8 48 2 1 
3 1 15 16 7 6 4 7 
3 39 2 14 1 
1 21 29 8 
1 23 10 13 4 2 3 3 
1 57 1 
53 5 1 
3 15 31 3 3 2 2 
1 29 16 11 1 1 
1 55 1 1 1 
1 41 17 
1 24 11 2 15 3 2 1 
11 48 
57 2 
1 13 42 1 1 1 
1 12 2 12 31 1 
2 8 48 1 
1 1 7 39 9 2 
35 1 7 3 4 5 4 
1 7 6 14 16 6 9 
1 15 19 11 1 4 7 1 
8 48 3 
6 2 33 18 
6 13 40 
1 31 26 1 
34 10 15 
41 7 4 1 5 1 
3 13 2 40 1 
3 51 2 2 1 
1 54 1 3 
1 11 9 6 8 7 12 4 1 
3 11 2 31 12 
9 13 32 3 1 1 
6 52 1 
1 27 28 3 
13 41 4 1 
1 51 7 
1 15 36 2 5 
10 13 25 5 3 1 1 1 
1 47 6 4 1 
1 26 28 1 3 
1 26 15 15 1 1 
1 42 1 3 3 9 
1 52 6 
1 42 7 3 6 
18 38 2 1 
1 10 27 16 5 
2 57 
2 5 14 34 4 
2 13 18 9 2 15 
1 9 31 17 1 
14 34 10 1 
2 16 29 2 9 1 
3 23 6 9 2 3 13 
3 11 16 10 17 2 
12 29 10 4 4 
30 1 4 11 1 8 2 2 
1 39 12 7 
56 2 1 
30 26 2 1 
59 
6 20 28 2 2 1 
2 31 26 
1 15 13 20 8 2 
2 25 22 5 2 1 2 
1 6 49 3 
1 23 6 11 9 4 3 1 1 
2 38 12 1 6 
7 20 6 23 2 1 
3 56 
1 27 28 2 1 
1 36 8 6 8 
1 2 26 3 20 4 1 2 
1 22 33 3 
1 20 35 3 
6 42 1 7 2 1 
3 49 1 2 4 
1 16 18 24 
1 34 8 10 2 2 1 1 
2 31 16 9 1 
1 6 31 14 6 1 
6 13 32 1 5 2 
2 14 21 9 6 7 
2 5 26 23 3 
2 25 2 29 1 
3 27 6 9 5 1 7 1 
32 18 5 4 
3 41 7 4 3 1 
24 34 1 
1 4 53 1 
2 43 10 2 2 
1 11 43 3 1 
1 55 1 2 
44 11 1 3 
2 43 12 1 1 
2 20 31 3 1 1 1 
2 43 12 2 
55 1 2 1 
3 48 6 1 1 
1 50 8 
50 7 2 
27 11 5 5 1 4 5 1 
3 23 9 9 5 2 7 1 
1 28 16 8 2 4 
14 25 12 2 2 1 1 2 
1 49 8 1 
8 42 9 
4 49 3 1 2 
1 29 29 
6 39 8 6 
6 23 27 2 1 
4 41 2 1 7 1 2 1 
20 5 32 2 
50 6 3 
59 
3 12 12 13 9 1 3 2 1 2 1 
2 54 1 1 1 
1 33 25 
11 12 2 21 5 1 3 4 
6 31 18 1 1 2 
2 48 3 3 2 1 
2 45 9 2 1 
2 28 13 8 5 1 2 
10 36 4 3 1 5 
10 6 43 
1 19 10 9 15 5 
1 26 6 4 5 8 7 2 
2 25 32 
4 26 21 6 1 1 
6 4 4 21 22 1 1 
1 43 1 9 2 3 
1 26 20 4 8 
55 3 1 
5 11 4 13 21 3 1 1 
32 1 11 1 14 
37 14 7 1 
55 1 2 1 
1 7 23 21 7 
1 38 3 15 1 1 
14 4 34 1 4 1 1 
30 18 9 1 1 
3 45 9 2 
1 9 20 5 19 2 1 2 
9 38 10 2 
1 38 20 
1 53 5 
5 48 4 2 
1 34 2 1 11 2 2 5 1 
42 11 5 1 
1 45 11 1 1 
1 52 6 
1 14 18 17 2 5 1 1 
18 30 5 1 3 1 1 
4 32 7 3 5 3 1 2 1 1 
1 33 14 10 1 
13 30 14 1 1 
1 32 25 1 
20 16 18 3 1 1 
8 33 6 2 5 4 1 
9 27 7 13 3 
1 18 10 15 10 2 3 
21 38 
8 22 3 11 15 
1 16 22 17 3 
1 28 27 2 1 
10 23 18 6 1 1 
1 24 34 
49 7 1 1 1 
17 15 18 7 1 1 
5 5 20 19 3 4 1 2 
14 22 11 11 1 
4 29 21 1 1 1 1 1 
53 5 1 
1 6 22 10 11 6 1 1 1 
1 4 27 19 3 1 1 1 1 1 
1 24 20 6 8 
2 56 1 
1 24 14 5 1 4 1 2 1 4 2 
21 35 2 1 
4 40 14 1 
59 
1 22 13 14 1 2 2 2 2 
25 23 11 
8 40 5 5 1 
52 7 
8 25 25 1 
1 35 2 1 19 1 
6 23 26 1 2 1 
17 19 18 2 1 1 1 
1 45 3 2 5 2 1 
36 21 2 
1 36 7 2 1 4 8 
7 50 2 
1 13 40 2 2 1 
1 5 42 3 4 1 1 2 
3 31 12 8 5 
7 45 7 
5 37 2 7 7 1 
1 42 16 
2 23 4 19 10 1 
2 13 44 
19 16 12 3 8 1 
2 55 1 1 
3 18 28 8 2 
12 43 1 1 2 
19 4 20 3 2 8 3 
7 20 11 19 2 
1 35 13 4 6 
2 36 1 6 6 6 2 
11 48 
1 30 28 
1 1 10 4 8 28 2 2 3 
1 37 8 2 6 2 2 1 
2 18 3 35 1 
3 2 10 9 22 5 8 
1 28 24 2 2 1 1 
2 15 36 1 1 3 1 
58 1 
1 48 1 9 
6 39 2 1 4 5 1 1 
2 25 9 13 8 2 
1 16 14 17 10 1 
36 23 
3 15 25 6 6 1 3 
1 46 4 5 1 2 
31 22 5 1 
1 27 1 13 12 1 4 
35 19 2 2 1 
4 34 18 1 2 
2 29 11 11 3 1 1 1 
32 24 1 2 
7 42 1 3 5 1 
23 26 9 1 
12 34 11 2 
1 22 25 4 1 5 1 
5 19 15 10 1 9 
2 21 34 1 1 
40 2 16 1 
7 30 19 2 1 
1 35 6 6 1 10 
2 17 4 3 28 3 1 1 
5 5 38 10 1 
1 35 10 10 1 1 1 
6 23 17 3 1 9 
16 29 9 2 2 1 
1 4 53 1 
12 6 39 1 1 
6 35 16 1 1 
4 51 4 
49 10 
1 26 10 1 9 4 8 
1 42 15 1 
6 13 40 
2 28 20 5 1 3 
1 23 10 10 15 
1 58 
3 9 18 11 15 2 1 
7 27 11 4 10 
8 8 17 3 2 18 1 2 
1 4 21 33 
4 39 16 
30 2 26 1 
1 53 1 4 
22 21 7 1 3 3 2 
2 22 12 8 3 1 8 1 1 1 
1 49 9 
1 6 52 
1 44 5 4 5 
8 26 24 1 
1 11 37 4 4 1 1 
36 10 13 
5 14 5 31 4 
12 35 1 3 5 2 1 
3 43 2 4 7 
1 10 3 4 37 4 
55 4 
9 40 2 7 1 
1 17 36 2 2 1 
15 15 2 15 8 4 
1 40 10 6 1 1 
1 42 2 8 1 2 2 1 
1 55 3 
4 50 1 2 1 1 
1 31 24 1 2 
1 39 19 
2 38 8 11 
10 27 18 1 1 1 1 
1 42 3 7 6 
31 13 4 10 1 
1 1 46 7 1 2 1 
2 23 28 5 1 
7 6 46 
1 9 27 4 12 2 1 2 1 
1 36 1 9 6 3 3 
1 42 16 
4 50 1 3 1 
1 25 30 1 2 
3 10 12 7 24 1 1 1 
4 33 15 4 3 
1 44 5 6 3 
1 38 16 2 2 
17 14 23 4 1 
2 37 17 1 2 
1 32 25 1 
1 13 25 4 1 14 1 
1 22 36 
4 31 16 8 
3 40 12 2 2 
1 33 18 2 1 2 2 
1 52 6 
45 11 3 
21 1 5 25 1 3 2 1 
11 5 29 8 1 3 2 
3 33 22 1 
2 41 5 9 1 1 
1 27 9 19 1 1 1 
1 25 20 4 2 5 1 1 
1 5 16 28 6 2 1 
2 16 10 2 12 13 1 2 1 
15 36 2 1 2 3 
16 43 
3 17 18 6 1 4 5 4 1 
1 25 31 1 1 
1 10 7 41 
1 32 26 
27 4 4 12 9 2 1 
34 24 1 
2 55 2 
1 11 21 22 3 1 
1 52 6 
3 15 36 5 
7 31 2 4 6 4 3 2 
32 27 
24 2 1 4 23 1 3 1 
1 34 24 
39 18 2 
51 4 4 
59 
4 17 38 
10 32 9 2 2 1 1 2 
1 38 6 14 
1 25 3 26 1 2 1 
13 7 26 5 8 
1 33 20 2 2 1 
7 33 6 3 9 1 
6 25 26 1 1 
1 50 8 
6 28 25 
49 1 9 
53 4 1 1 
1 11 17 19 11 
22 1 25 4 2 1 3 1 
2 50 7 
3 13 34 8 1 
2 22 24 5 2 1 1 2 
2 30 6 10 11 
1 47 1 8 1 1 
3 12 38 5 1 
8 24 7 18 2 
52 5 2 
1 31 8 15 3 1 
5 31 18 4 1 
2 41 15 1 
1 6 27 3 9 12 1 
4 37 15 2 1 
5 34 13 1 1 1 1 1 1 1 
1 38 17 3 
1 21 18 10 9 
5 34 14 4 2 
3 37 1 15 2 1 
6 10 15 16 8 3 1 
1 8 23 3 16 6 2 
1 33 12 5 7 1 
2 14 14 19 1 3 1 2 2 1 
6 16 29 3 4 1 
3 46 10 
1 17 27 13 1 
2 54 3 
3 22 15 15 4 
1 10 14 27 3 1 1 1 1 
11 4 30 14 
1 9 4 14 23 5 2 1 
40 15 4 
1 37 11 8 1 1 
2 18 24 12 2 1 
16 5 13 16 1 1 3 4 
1 49 1 6 1 1 
2 19 7 31 
16 30 2 3 2 5 1 
4 30 2 11 2 5 4 1 
31 27 1 
56 2 1 
9 31 17 1 1 
55 2 2 
4 36 19 
29 24 3 1 2 
1 6 52 
1 6 44 8 
1 58 
9 45 1 1 1 1 1 
1 54 2 2 
2 20 11 19 5 1 1 
12 21 8 16 2 
2 2 31 8 15 1 
6 33 1 19 
2 16 1 25 8 1 3 1 2 
1 35 18 3 1 1 
8 12 30 2 6 1 
1 44 4 1 5 2 2 
4 12 36 4 1 2 
2 43 14 
4 39 12 2 1 1 
10 34 6 9 
1 21 29 4 2 1 1 
3 8 46 2 
1 10 34 6 5 3 
34 3 16 2 4 
18 1 35 5 
1 33 12 11 2 
1 51 7 
1 22 1 30 1 1 1 2 
50 7 2 
5 53 1 
1 57 1 
6 35 15 2 1 
44 5 10 
7 33 19 
9 46 3 1 
31 7 13 5 1 2 
7 29 8 15 
1 53 1 4 
1 19 33 4 1 1 
1 17 27 7 7 
1 3 12 19 13 5 5 1 
1 31 10 13 2 1 1 
12 21 6 10 5 5 
6 5 35 12 1 
29 19 7 3 1 
1 58 
1 23 35 
3 42 14 
1 49 1 6 2 
14 37 2 5 1 
1 13 13 31 1 
1 48 4 1 4 1 
1 11 6 5 36 
1 38 9 10 1 
31 6 1 18 1 2 
1 22 3 25 3 3 1 1 
1 4 3 34 2 10 5 
51 3 1 3 1 
1 38 17 1 2 
4 1 27 8 4 14 1 
1 3 17 37 1 
3 34 22 
3 1 16 6 31 2 
1 7 20 27 1 1 2 
6 10 42 1 
1 45 6 7 
1 38 3 16 1 
3 38 4 13 1 
2 57 
2 23 18 10 1 2 1 2 
2 3 28 12 11 1 2 
1 34 13 4 1 6 
4 4 50 1 
39 15 3 2 
1 22 36 
1 5 53 
3 5 1 26 7 6 7 3 1 
1 14 31 13 
8 29 18 2 1 1 
9 5 29 4 2 2 8 
1 23 11 10 11 1 2 
5 33 21 
2 30 16 8 3 
1 50 8 
3 6 45 4 1 
1 50 8 
1 55 3 
59 
1 39 7 1 2 7 2 
4 25 22 7 1 
26 9 18 4 2 
1 27 11 7 5 6 2 
2 3 2 23 4 9 4 3 2 2 1 4 
5 6 23 13 12 
1 14 14 1 8 9 7 5 
1 1 50 7 
1 57 1 
1 38 9 7 3 1 
1 40 10 4 1 2 1 
1 55 1 1 1 
7 19 21 12 
2 57 
2 5 13 22 10 3 4 
53 3 1 1 1 
1 18 1 18 10 10 1 
4 34 11 3 1 1 5 
1 50 2 2 2 1 1 
51 7 1 
3 44 11 1 
2 23 11 15 8 
46 4 3 1 3 2 
7 39 10 3 
1 28 15 8 3 1 1 1 1 
1 55 2 1 
2 27 28 2 
45 14 
59 
1 56 1 1 
1 52 2 3 1 
2 33 12 11 1 
3 16 28 5 7 
3 13 43 
1 35 1 1 18 1 1 1 
59 
4 54 1 
1 38 18 2 
6 48 1 3 1 
1 51 2 5 
1 31 23 4 
6 27 9 10 7 
27 10 20 2 
59 
7 33 16 2 1 
1 6 33 3 6 7 3 
4 51 2 2 
10 10 16 13 2 3 1 3 1 
1 11 12 11 17 5 2 
53 5 1 
2 48 3 2 1 2 1 
1 53 1 1 3 
19 21 15 1 2 1 
8 32 19 
34 12 10 2 1 
1 41 17 
10 16 12 20 1 
40 18 1 
4 22 10 23 
3 25 26 1 4 
1 54 4 
1 52 5 1 
5 14 14 20 5 1 
1 39 8 6 1 1 2 1 
2 18 14 22 1 1 1 
58 1 
1 41 17 
1 27 10 1 12 2 3 1 1 1 
3 55 1 
1 40 10 1 5 2 
1 36 10 5 1 2 1 1 1 1 
37 17 1 3 1 
1 55 2 1 
59 
1 39 9 6 1 2 1 
6 48 5 
1 15 13 2 1 10 15 2 
2 57 
1 13 24 6 2 11 1 1 
24 32 1 2 
1 50 4 4 
5 37 4 5 6 1 1 
1 55 3 
2 53 2 2 
1 6 26 10 14 1 1 
1 51 7 
2 20 19 1 15 2 
54 5 
2 41 16 
1 4 7 20 5 15 4 3 
7 26 16 4 4 2 
28 29 2 
1 23 11 6 18 
15 37 3 4 
1 52 5 1 
2 2 24 30 1 
1 50 3 5 
1 12 10 9 5 21 1 
1 58 
49 9 1 
59 
1 6 4 8 24 1 9 5 1 
6 27 21 1 4 
1 56 2 
3 15 12 1 1 15 12 
1 58 
1 49 9 
5 30 8 5 3 4 1 2 1 
1 5 12 23 14 4 
54 4 1 
43 4 7 2 1 1 1 
5 23 28 1 2 
1 16 37 2 3 
1 49 7 1 1 
1 33 21 2 2 
1 53 5 
2 4 39 7 4 1 1 1 
1 2 40 15 1 
56 1 2 
1 26 12 18 2 
3 8 16 24 4 3 1 
33 14 8 3 1 
1 39 19 
1 32 1 16 5 3 1 
19 4 7 5 24 
1 47 10 1 
2 12 37 5 2 1 
4 21 28 6 
53 3 3 
1 13 25 4 13 2 1 
27 32 
1 40 11 5 1 1 
1 6 1 3 5 27 15 1 
2 41 1 6 5 2 1 1 
5 49 4 1 
1 3 12 39 4 
1 50 5 1 2 
1 37 16 5 
5 35 16 3 
1 16 13 25 4 
1 44 6 3 1 4 
50 2 1 6 
1 26 4 13 15 
1 9 17 25 2 2 2 1 
5 32 13 7 2 
8 4 28 5 6 1 6 1 
2 36 21 
1 29 8 14 7 
1 57 1 
10 11 12 23 3 
3 42 10 3 1 
1 9 10 9 14 5 10 1 
1 14 2 25 10 7 
1 43 6 7 1 1 
1 7 43 2 6 
1 55 3 
1 32 23 2 1 
46 2 9 2 
52 4 3 
1 49 6 1 2 
1 14 16 19 9 
2 23 25 1 1 1 1 1 3 1 
1 21 6 16 7 2 2 2 2 
4 55 
14 18 25 2 
45 5 2 4 2 1 
45 8 6 
2 40 3 10 4 
3 32 15 2 7 
1 53 5 
1 20 9 24 2 2 1 
6 37 14 2 
3 31 11 13 1 
12 19 21 5 2 
1 20 24 9 5 
39 10 4 4 2 
15 12 24 7 1 
3 11 13 3 3 18 8 
1 52 4 1 1 
18 22 19 
33 18 5 3 
18 8 11 6 4 12 
9 3 2 42 2 1 
39 8 10 2 
3 42 2 11 1 
29 28 2 
1 14 20 9 1 3 2 7 2 
4 36 5 4 10 
1 58 
7 5 14 8 14 3 5 1 1 1 
1 48 8 2 
52 3 4 
5 12 32 8 2 
2 23 32 1 1 
43 6 10 
1 55 3 
1 37 19 1 1 
2 18 28 3 4 1 3 
1 13 5 24 2 9 5 
1 5 37 6 5 5 
10 9 8 16 15 1 
12 29 4 13 1 
17 33 4 1 2 2 
1 44 11 3 
25 17 1 11 3 2 
1 4 7 25 16 5 1 
41 13 3 1 1 
48 1 6 2 2 
1 17 41 
40 19 
8 31 20 
47 3 9 
57 2 
1 35 14 7 1 1 
2 28 6 7 4 10 1 1 
2 33 4 1 1 4 7 7 
1 42 3 11 2 
7 23 23 6 
4 48 3 1 2 1 
2 14 32 6 5 
3 26 20 10 
1 18 2 12 21 2 3 
6 20 5 1 16 3 8 
58 1 
11 7 7 7 27 
4 46 4 3 1 1 
1 32 1 25 
2 6 48 2 1 
8 39 11 1 
2 42 14 1 
9 17 30 1 2 
3 31 22 2 1 
1 33 4 7 4 9 1 
10 42 1 4 1 1 
2 36 21 
12 15 31 1 
3 9 38 1 2 4 2 
19 12 13 12 1 1 1 
2 37 4 5 9 2 
3 21 35 
1 38 8 12 
48 5 1 2 2 1 
6 28 1 10 9 4 1 
3 20 9 26 1 
2 1 17 35 1 1 2 
1 12 39 5 1 1 
41 12 4 1 1 
16 27 8 1 2 4 1 
58 1 
2 11 6 14 10 12 3 1 
4 39 8 1 2 1 1 3 
36 1 5 17 
6 38 15 
1 44 6 2 4 2 
2 37 9 4 1 2 4 
4 43 5 4 3 
1 19 11 10 8 6 4 
52 4 1 1 1 
1 12 46 
1 34 4 7 4 6 3 
2 13 3 5 32 2 1 1 
2 23 19 10 3 1 1 
3 32 3 10 11 
3 52 2 1 1 
1 17 4 14 8 13 2 
7 11 24 13 1 3 
11 22 24 2 
2 38 4 6 3 2 1 3 
2 53 4 
12 23 20 1 3 
2 16 1 14 9 16 1 
3 52 1 3 
15 16 16 11 1 
3 2 17 9 17 3 7 1 
2 34 5 17 1 
14 1 4 20 10 9 1 
3 20 33 3 
1 31 20 3 2 1 1 
1 10 10 30 8 
6 22 31 
1 52 1 4 1 
6 6 23 6 7 5 3 3 
24 7 9 4 9 3 1 1 1 
1 52 6 
1 31 27 
12 2 18 21 5 1 
2 15 9 22 11 
2 26 6 22 3 
41 13 2 1 2 
59 
6 21 11 13 1 3 4 
9 46 3 1 
1 12 4 22 12 7 1 
13 37 1 4 4 
4 9 32 6 5 1 2 
4 54 1 
35 16 7 1 
1 15 36 6 1 
1 6 23 28 1 
53 4 2 
4 33 20 2 
5 16 18 18 2 
5 54 
57 1 1 
9 24 4 2 17 3 
2 13 33 3 8 
1 55 2 1 
2 39 18 
59 
50 6 1 2 
4 34 6 6 7 1 1 
1 2 11 23 8 8 6 
1 48 7 1 2 
57 1 1 
51 2 1 5 
4 12 22 20 1 
1 15 19 1 15 3 5 
21 10 27 1 
10 41 8 
6 47 6 
1 26 2 7 4 13 4 1 1 
1 19 11 12 12 2 2 
1 4 32 17 1 3 1 
4 27 15 3 4 6 
1 37 21 
5 23 26 1 1 3 
2 10 37 5 5 
35 5 13 5 1 
10 47 1 1 
54 4 1 
38 14 7 
2 40 9 1 1 1 1 2 1 1 
47 7 4 1 
15 19 15 3 6 1 
5 47 4 3 
1 45 13 
1 2 8 1 17 4 9 14 3 
1 30 28 
5 19 15 4 6 3 1 6 
1 18 21 19 
1 37 18 2 1 
1 6 13 38 1 
24 10 4 11 10 
1 1 46 6 4 1 
1 25 3 2 6 11 2 2 4 2 1 
1 27 5 10 3 11 2 
3 28 28 
1 39 3 3 8 3 1 1 
1 17 41 
41 17 1 
1 34 8 15 1 
7 34 13 1 3 1 
59 
1 5 9 21 21 2 
1 51 6 1 
4 52 2 1 
1 8 2 21 16 3 2 2 4 
1 28 12 9 8 1 
6 11 25 10 2 4 1 
6 41 12 
4 4 49 1 1 
1 37 11 5 3 1 1 
3 23 14 14 3 2 
3 12 2 2 36 4 
1 24 28 6 
5 18 36 
1 58 
14 16 28 1 
10 25 23 1 
1 42 16 
5 22 26 5 1 
15 38 6 
59 
1 50 8 
2 55 1 1 
1 29 21 4 1 1 1 1 
11 37 10 1 
52 5 2 
1 4 9 35 4 1 4 1 
6 5 47 1 
47 10 2 
6 43 1 3 3 2 1 
5 12 7 24 2 4 1 2 1 1 
56 1 2 
2 14 13 21 7 1 1 
1 44 8 3 3 
1 28 27 1 2 
2 11 46 
7 1 26 6 18 1 
1 39 11 5 2 1 
2 11 25 21 
1 32 11 6 2 5 1 1 
1 47 2 2 1 5 1 
3 9 27 4 10 3 3 
52 6 1 
1 58 
7 19 11 15 1 2 3 1 
51 4 4 
1 1 1 25 15 12 4 
1 18 40 
59 
2 54 2 1 
3 29 10 6 11 
35 22 2 
1 55 2 1 
1 48 7 3 
57 2 
16 31 3 6 2 1 
2 26 25 6 
10 3 2 14 13 8 5 4 
3 49 1 5 1 
1 52 3 1 1 1 
16 4 22 4 1 1 11 
2 52 5 
1 5 53 
1 11 44 3 
1 40 11 5 1 1 
3 30 26 
45 9 2 2 1 
8 3 9 13 23 2 1 
1 13 9 21 15 
1 46 5 2 5 
1 56 1 1 
3 6 40 7 3 
1 1 38 14 2 1 1 1 
27 22 9 1 
45 12 2 
5 24 21 6 3 
42 2 14 1 
2 52 5 
1 17 16 12 13 
2 17 5 17 14 4 
9 3 16 11 16 2 1 1 
9 16 27 2 1 1 3 
10 37 12 
3 9 46 1 
1 58 
2 12 45 
1 54 1 1 2 
1 4 46 3 3 1 1 
1 12 33 12 1 
4 38 13 1 2 1 
2 42 9 6 
1 52 3 2 1 
9 13 1 5 28 3 
2 36 16 5 
12 20 12 1 5 9 
3 34 17 5 
25 2 24 5 1 1 1 
4 43 7 1 2 1 1 
1 2 8 19 11 1 1 7 8 1 
8 34 14 2 1 
2 37 7 13 
1 54 4 
1 18 36 1 3 
1 34 24 
1 20 38 
1 11 2 30 9 5 1 
14 5 23 5 11 1 
8 47 4 
1 13 19 10 11 3 2 
2 40 7 8 1 1 
1 52 6 
1 6 13 26 2 4 4 3 
1 8 16 7 8 13 2 1 2 1 
1 30 26 2 
1 38 10 9 1 
2 53 4 
1 48 4 4 2 
38 6 13 1 1 
2 14 29 14 
1 15 5 7 11 1 11 1 4 3 
2 51 6 
7 12 16 15 2 1 4 1 1 
2 42 15 
27 1 9 10 11 1 
1 20 23 15 
1 54 4 
2 4 50 1 1 1 
36 19 4 
3 53 2 1 
2 51 2 4 
2 2 5 18 19 1 3 7 2 
1 28 24 4 2 
1 29 5 4 2 8 10 
1 4 44 2 8 
32 1 25 1 
5 34 13 4 3 
1 2 2 38 8 3 1 4 
17 37 4 1 
2 1 13 10 2 8 9 2 12 
16 5 23 1 12 1 1 
1 43 1 8 5 1 
1 27 19 2 4 2 1 2 1 
57 2 
13 24 22 
3 7 45 3 1 
3 9 28 9 3 7 
2 7 25 19 2 1 2 1 
6 26 13 9 3 1 1 
2 36 1 3 11 1 4 1 
1 21 11 20 3 3 
1 39 15 2 1 1 
34 11 13 1 
59 
1 30 5 12 1 8 2 
1 35 7 1 4 3 7 1 
54 5 
9 26 24 
1 43 13 2 
2 34 5 15 2 1 
1 14 44 
1 4 22 9 23 
3 18 37 1 
1 43 9 5 1 
58 1 
5 8 37 3 4 1 1 
4 36 19 
53 3 3 
1 34 7 3 9 4 1 
7 5 7 12 4 19 4 1 
49 6 1 1 2 
1 37 3 16 1 1 
2 42 14 1 
20 37 2 
5 12 40 2 
55 4 
18 37 4 
6 25 2 20 2 2 2 
5 23 15 9 7 
3 17 34 4 1 
1 41 17 
13 5 30 10 1 
17 35 7 
2 24 6 26 1 
2 18 32 5 1 1 
7 7 40 1 1 2 1 
1 24 12 20 2 
1 48 10 
14 33 3 8 1 
5 19 15 5 15 
2 7 47 2 1 
1 47 10 1 
5 1 48 4 1 
3 43 1 6 2 4 
2 43 2 3 4 5 
1 40 5 10 3 
1 47 5 6 
9 19 12 3 2 8 5 1 
6 1 25 3 7 6 8 3 
1 54 4 
1 20 8 12 12 3 2 1 
1 45 7 2 3 1 
1 40 18 
11 31 12 2 3 
1 7 35 14 2 
2 31 2 8 1 3 5 2 5 
3 22 31 1 1 1 
3 33 21 2 
2 42 9 1 3 2 
3 20 31 3 1 1 
1 14 4 30 3 3 3 1 
2 38 2 5 10 1 1 
2 3 43 6 1 3 1 
1 4 52 1 1 
2 16 27 1 1 3 3 6 
1 51 4 3 
1 27 5 23 3 
1 39 14 1 1 3 
1 38 10 5 3 2 
55 2 1 1 
1 10 10 20 16 1 1 
1 50 4 3 1 
2 40 17 
2 51 3 3 
20 31 2 1 1 4 
14 19 26 
1 20 37 1 
38 8 13 
1 57 1 
5 51 3 
2 56 1 
3 20 10 13 9 3 1 
8 29 10 11 1 
1 39 6 10 3 
59 
2 18 15 12 6 2 4 
1 1 34 23 
1 10 37 7 1 3 
5 26 5 17 4 2 
14 12 33 
23 8 3 8 17 
1 33 1 20 1 1 2 
1 11 30 3 4 9 1 
1 47 11 
1 21 13 20 4 
1 16 4 22 5 11 
1 32 25 1 
1 26 6 16 9 1 
58 1 
1 15 6 15 21 1 
1 19 35 1 1 1 1 
2 24 13 3 9 8 
16 34 5 3 1 
7 40 5 3 2 2 
24 34 1 
1 51 5 1 1 
24 12 3 11 6 2 1 
2 36 12 5 3 1 
25 2 24 3 3 2 
10 3 26 17 2 1 
37 12 4 2 3 1 
1 27 29 2 
1 39 7 8 4 
1 43 15 
9 15 29 5 1 
2 35 13 4 4 1 
7 9 17 15 5 2 2 2 
9 16 12 10 5 2 1 3 1 
4 20 7 7 8 9 3 1 
2 45 8 1 1 2 
6 37 9 5 1 1 
1 29 28 1 
2 21 21 5 8 2 
3 28 28 
2 22 26 8 1 
19 36 3 1 
5 2 13 17 3 10 4 1 4 
2 46 8 3 
1 50 5 2 1 
1 22 1 5 3 8 6 2 7 4 
4 51 4 
4 27 9 3 2 6 2 3 1 1 1 
1 5 25 21 5 1 1 
1 8 26 9 10 2 3 
1 19 18 16 4 1 
1 50 5 1 1 1 
1 37 13 3 2 1 2 
3 14 33 3 5 1 
1 7 27 11 1 4 8 
3 46 10 
5 45 9 
4 12 31 7 2 3 
1 15 20 5 14 2 1 1 
7 8 4 8 2 3 1 7 8 3 2 6 
42 5 7 3 1 1 
13 46 
2 25 4 7 6 5 5 2 1 2 
6 25 2 15 5 2 1 3 
9 16 21 6 1 4 2 
1 23 16 19 
1 55 1 2 
1 47 5 1 4 1 
1 29 4 23 1 1 
4 28 14 12 1 
1 8 50 
1 45 11 2 
7 49 3 
2 21 4 22 1 2 3 1 2 1 
2 30 25 1 1 
1 2 12 18 9 5 6 4 1 1 
1 51 7 
34 23 1 1 
1 5 38 8 1 4 1 1 
2 21 9 12 4 5 2 2 1 1 
1 58 
42 6 7 3 1 
45 9 3 2 
2 7 20 7 7 6 3 5 2 
11 37 4 7 
6 37 12 4 
1 46 12 
1 39 19 
3 32 15 9 
45 6 8 
4 2 8 41 2 2 
1 30 3 25 
5 32 9 11 1 1 
2 6 43 6 2 
1 44 10 1 3 
6 26 26 1 
2 3 29 23 2 
1 35 4 12 4 3 
1 34 16 3 5 
2 43 6 3 5 
4 14 1 17 6 12 4 1 
27 22 9 1 
1 13 4 28 6 4 2 1 
20 15 18 4 2 
43 3 8 1 1 3 
6 16 2 13 19 2 1 
1 16 32 7 1 2 
1 53 3 2 
1 54 3 1 
2 17 5 13 7 12 2 1 
1 29 17 10 1 1 
1 29 20 4 5 
4 26 22 3 1 1 2 
12 21 23 1 2 
1 51 6 1 
1 17 37 3 1 
1 24 13 21 
1 25 16 10 1 6 
5 13 5 8 18 4 4 2 
38 2 15 2 1 1 
1 13 44 1 
3 13 36 5 2 
8 6 41 3 1 
2 57 
1 9 45 4 
2 46 7 4 
18 1 27 3 1 5 1 2 1 
1 39 3 10 1 3 1 1 
1 8 47 2 1 
1 47 9 1 1 
1 55 3 
2 42 1 11 3 
12 1 17 26 3 
1 58 
3 5 30 12 5 2 1 1 
16 6 2 29 6 
9 24 2 22 1 1 
5 8 46 
1 39 7 11 1 
2 24 2 21 1 5 1 1 2 
1 5 3 44 1 2 2 1 
16 40 1 2 
5 3 17 17 8 8 1 
8 10 29 11 1 
1 43 6 7 2 
3 20 21 15 
33 2 21 1 1 1 
2 47 7 2 1 
2 23 27 6 1 
7 25 27 
2 9 18 18 9 3 
1 30 1 6 19 1 1 
1 55 2 1 
1 1 24 24 2 6 1 
11 9 19 15 3 2 
37 2 1 7 9 1 2 
1 33 13 1 10 1 
1 28 30 
34 12 9 1 3 
11 24 6 3 14 1 
14 15 22 1 3 2 2 
1 13 26 15 2 1 1 
2 23 9 4 3 8 10 
3 8 35 2 8 2 1 
4 5 1 22 14 9 1 1 1 1 
2 12 33 5 7 
1 42 8 5 3 
7 42 7 1 2 
1 23 32 3 
1 21 8 2 6 11 5 2 1 1 1 
6 7 20 18 7 1 
3 38 18 
55 2 2 
1 54 1 3 
2 47 8 2 
1 33 18 7 
7 1 37 7 1 4 1 1 
59 
1 34 4 19 1 
1 43 11 3 1 
5 48 1 5 
1 1 38 2 6 3 5 2 1 
2 37 20 
1 6 43 8 1 
4 38 14 3 
2 12 31 12 1 1 
10 47 2 
59 
1 41 1 2 9 3 2 
1 41 11 4 1 1 
1 36 22 
1 3 44 9 2 
3 44 12 
59 
1 5 33 7 9 2 2 
1 25 26 2 4 1 
1 58 
9 19 5 10 5 4 4 1 2 
1 4 54 
52 3 2 2 
3 53 1 2 
1 45 9 3 1 
1 34 17 6 1 
9 50 
2 52 3 2 
2 19 14 11 13 
2 6 4 43 4 
9 5 41 3 1 
34 2 15 2 3 1 2 
2 3 21 12 4 5 11 1 
6 42 6 5 
3 32 19 4 1 
2 46 9 2 
59 
1 37 11 3 3 3 1 
47 6 1 3 1 1 
1 7 33 3 3 5 5 1 1 
11 4 23 6 2 6 1 5 1 
1 45 13 
11 42 4 2 
2 30 17 7 3 
2 15 37 2 3 
4 19 27 6 1 1 1 
59 
11 21 12 7 3 2 3 
1 52 3 3 
2 34 19 2 1 1 
1 27 16 7 6 2 
1 17 41 
1 11 7 21 19 
1 10 19 15 3 11 
1 33 18 5 1 1 
1 26 8 10 8 2 2 1 1 
1 34 2 19 2 1 
20 9 16 5 2 1 1 4 1 
1 54 1 3 
1 17 15 17 9 
23 2 33 1 
1 55 3 
3 46 10 
1 15 2 39 2 
1 56 1 1 
1 52 2 1 2 1 
1 42 11 1 4 
28 31 
2 3 39 9 1 4 1 
20 14 14 9 2 
49 10 
1 51 7 
2 2 11 38 3 1 1 1 
1 25 1 17 9 4 2 
1 25 8 3 18 1 1 2 
2 17 8 15 17 
37 5 9 2 3 2 1 
3 50 1 1 1 3 
7 30 22 
1 2 47 3 2 2 1 1 
7 41 6 1 3 1 
1 57 1 
6 10 43 
55 1 1 1 1 
51 7 1 
2 29 12 12 4 
22 21 4 5 7 
1 27 23 7 1 
59 
59 
1 32 5 12 6 3 
13 10 35 1 
1 52 5 1 
2 5 38 5 3 5 1 
2 16 28 3 10 
1 13 27 6 10 1 1 
23 30 6 
4 50 5 
56 3 
10 38 8 1 1 1 
1 35 21 1 1 
3 25 19 1 4 5 2 
1 18 34 2 1 1 2 
34 15 3 4 2 1 
9 43 7 
1 21 13 9 1 11 3 
13 35 3 8 
14 1 10 4 24 3 3 
2 48 6 1 1 1 
1 27 8 17 1 1 3 1 
27 9 22 1 
4 26 4 6 18 1 
5 36 3 3 8 3 1 
32 1 19 5 2 
5 20 2 20 3 9 
59 
1 30 19 7 1 1 
3 1 18 25 12 
1 8 50 
2 45 5 5 1 1 
2 47 9 1 
1 41 4 3 2 4 4 
1 32 26 
1 7 8 3 31 4 3 2 
1 23 32 1 1 1 
2 41 14 2 
1 44 14 
26 1 7 14 8 3 
4 5 23 15 7 5 
1 7 7 41 3 
26 11 9 10 3 
55 3 1 
3 54 1 1 
2 43 14 
5 53 1 
29 28 2 
1 17 32 5 4 
9 46 4 
1 23 18 17 
22 28 8 1 
1 53 5 
21 34 2 1 1 
1 58 
2 47 8 1 1 
1 11 30 13 4 
2 49 8 
13 1 7 31 1 4 2 
49 7 1 2 
42 9 2 1 5 
15 32 11 1 
2 35 14 6 2 
1 31 17 9 1 
1 52 4 1 1 
3 33 3 1 12 5 1 1 
3 1 9 16 27 2 1 
1 48 8 1 1 
24 34 1 
26 17 2 10 1 1 2 
58 1 
2 39 18 
1 53 5 
1 6 2 14 8 9 14 3 1 1 
4 24 28 2 1 
7 4 39 6 2 1 
16 34 8 1 
2 36 21 
4 40 15 
3 25 29 1 1 
40 17 2 
1 4 53 1 
1 32 25 1 
1 33 12 3 10 
1 58 
31 25 3 
1 37 2 19 
1 36 21 1 
2 37 20 
1 46 9 3 
1 28 26 4 
2 21 30 1 1 2 1 1 
1 36 1 7 13 1 
1 35 22 1 
3 5 49 1 1 
4 48 3 4 
6 36 10 2 3 2 
58 1 
1 21 19 8 9 1 
4 54 1 
18 3 14 5 3 7 4 2 1 1 1 
27 1 26 4 1 
1 2 3 30 5 10 5 2 1 
2 40 10 5 1 1 
1 21 35 1 1 
1 16 23 18 1 
59 
2 29 6 16 1 4 1 
7 36 8 8 
1 12 41 5 
1 7 8 39 4 
2 46 5 2 4 
1 7 21 2 15 2 2 5 1 3 
1 33 12 5 4 2 1 1 
6 45 8 
2 42 12 2 1 
1 57 1 
52 6 1 
1 34 14 7 3 
1 39 18 1 
5 44 3 6 1 
26 7 26 
4 36 17 2 
4 23 2 4 4 19 1 1 1 
1 45 13 
2 22 16 7 2 2 8 
5 53 1 
7 32 20 
1 6 19 29 3 1 
5 51 3 
1 42 16 
21 20 4 12 2 
2 26 30 1 
27 20 4 7 1 
1 6 36 15 1 
7 20 23 3 6 
16 26 16 1 
15 1 43 
6 22 31 
14 42 2 1 
16 4 16 20 3 
1 56 1 1 
1 40 3 9 5 1 
26 27 6 
7 27 7 13 2 1 1 1 
30 5 12 7 3 2 
1 47 4 5 2 
32 21 1 2 3 
3 19 31 4 1 1 
1 33 7 3 12 1 1 1 
4 31 3 9 7 4 1 
47 7 4 1 
30 5 17 1 1 4 1 
1 36 1 16 1 4 
3 2 3 36 13 2 
1 25 5 14 5 3 3 1 1 1 
1 46 2 10 
14 22 1 8 1 2 6 2 2 1 
4 46 4 4 1 
1 15 13 11 5 3 3 7 1 
54 2 1 2 
1 11 4 23 20 
3 33 2 2 4 10 4 1 
51 8 
29 8 15 1 2 3 1 
4 11 31 13 
13 43 3 
2 1 27 19 6 1 1 2 
1 32 18 3 3 1 1 
7 19 24 5 1 1 2 
1 29 3 1 8 3 4 3 1 3 2 1 
1 36 14 2 2 3 1 
1 14 7 34 1 1 1 
5 2 7 28 4 1 4 4 2 1 1 
3 10 20 13 4 7 1 1 
2 29 8 11 4 5 
1 43 12 2 1 
1 26 6 17 2 2 1 1 2 1 
3 1 14 4 32 3 1 1 
3 42 14 
1 30 24 3 1 
1 49 7 2 
1 55 1 1 1 
2 47 6 1 3 
3 24 5 20 1 3 1 2 
14 28 2 13 2 
1 8 49 1 
1 42 6 3 2 3 1 1 
1 17 11 20 5 2 1 2 
1 45 1 10 2 
1 41 11 1 3 1 1 
9 10 10 21 6 2 1 
1 39 19 
1 7 3 1 21 10 9 1 2 2 1 1 
1 26 15 13 3 1 
6 39 9 4 1 
1 19 30 5 3 1 
2 51 6 
9 35 6 6 1 2 
2 23 5 6 14 7 2 
7 38 1 12 1 
1 58 
2 39 16 1 1 
1 34 22 1 1 
3 16 13 16 2 8 1 
2 11 1 14 13 2 7 8 1 
1 53 2 3 
2 17 32 2 1 3 2 
1 37 20 1 
2 41 13 1 1 1 
9 9 18 16 4 3 
48 1 5 5 
1 26 28 3 1 
22 11 16 4 3 3 
1 43 5 9 1 
1 3 41 10 4 
1 27 25 4 1 1 
1 52 6 
1 45 13 
3 5 39 6 5 1 
7 28 12 10 2 
10 20 11 8 4 5 1 
1 38 16 2 1 1 
58 1 
25 10 21 3 
14 22 12 9 2 
2 51 4 1 1 
3 50 6 
4 13 24 6 3 6 1 1 1 
1 39 2 1 15 1 
2 42 4 4 1 3 1 1 1 
59 
1 12 18 8 19 1 
1 31 23 4 
2 11 13 21 12 
7 52 
10 26 21 2 
1 14 4 34 3 2 1 
2 44 1 10 1 1 
1 56 1 1 
4 6 21 12 9 3 1 3 
1 10 3 25 1 8 1 3 2 2 2 1 
2 44 4 9 
10 9 28 6 6 
3 23 27 6 
1 50 8 
1 13 39 5 1 
3 27 29 
5 31 23 
28 8 12 2 5 4 
27 24 2 1 5 
1 31 11 8 3 3 1 1 
15 26 1 7 9 1 
1 6 22 2 28 
21 15 7 5 9 2 
43 9 1 4 1 1 
1 45 4 7 2 
39 8 3 5 4 
2 6 17 4 3 23 2 2 
1 12 22 7 1 8 1 2 2 3 
46 13 
27 14 6 1 7 3 1 
1 32 26 
49 5 4 1 
3 32 15 3 3 1 1 1 
2 50 7 
3 28 26 2 
10 40 4 4 1 
1 22 19 4 9 3 1 
7 21 5 3 8 4 4 4 1 1 1 
1 29 28 1 
47 11 1 
1 9 33 16 
15 14 30 
1 5 53 
2 23 24 6 1 1 1 1 
5 10 44 
1 18 17 13 1 1 2 5 1 
30 27 2 
1 44 7 4 1 2 
1 18 19 21 
1 58 
1 30 17 2 4 4 1 
1 28 19 10 1 
3 50 2 1 1 1 1 
1 49 9 
52 7 
2 46 1 9 1 
17 22 17 2 1 
10 49 
1 12 40 4 1 1 
1 22 29 4 1 1 1 
1 6 32 7 3 10 
10 18 27 3 1 
16 27 9 2 1 2 2 
3 48 7 1 
3 26 1 8 8 9 3 1 
1 38 20 
3 40 15 1 
2 42 8 4 2 1 
2 8 4 24 9 5 1 6 
2 56 1 
3 27 28 1 
1 35 5 2 15 1 
7 32 2 11 2 3 2 
1 37 11 6 4 
1 54 3 1 
9 40 9 1 
6 23 16 10 4 
1 31 14 4 2 5 2 
1 8 23 17 7 1 1 1 
3 25 10 1 2 16 1 1 
48 5 2 1 3 
39 8 8 4 
5 32 18 3 1 
1 46 5 2 4 1 
1 16 10 1 7 18 4 2 
56 3 
24 28 6 1 
58 1 
2 47 7 1 1 1 
1 7 45 1 1 1 1 2 
2 46 10 1 
5 11 34 6 2 1 
1 27 15 3 7 5 1 
31 26 2 
2 12 35 1 3 6 
1 8 33 13 1 1 1 1 
2 6 24 5 20 1 1 
1 52 6 
1 37 10 1 7 3 
1 15 19 19 1 3 1 
1 18 8 27 4 1 
32 23 2 1 1 
1 24 5 25 1 1 1 1 
1 39 15 2 1 1 
1 5 20 5 22 1 4 1 
1 51 3 2 2 
15 40 1 3 
4 47 4 1 2 1 
2 19 24 10 3 1 
4 28 27 
4 30 3 8 1 12 1 
2 57 
24 15 6 6 8 
1 32 12 1 12 1 
1 21 26 9 2 
1 19 39 
42 15 2 
5 42 12 
2 32 21 3 1 
1 11 18 20 2 5 2 
31 7 16 5 
3 55 1 
39 1 17 1 1 
10 35 12 1 1 
2 45 12 
2 40 4 12 1 
12 10 25 4 2 3 3 
1 55 3 
1 31 17 2 7 1 
1 41 17 
1 20 32 4 1 1 
1 55 3 
1 17 12 24 1 1 2 1 
1 50 8 
3 9 31 6 2 7 1 
1 26 31 1 
2 52 3 1 1 
3 43 10 1 2 
1 21 28 4 1 4 
22 19 6 12 
18 10 16 12 3 
5 34 17 1 1 1 
24 7 22 1 4 1 
2 24 12 16 1 4 
39 1 10 1 3 5 
1 30 24 4 
1 54 2 2 
2 24 18 6 1 6 2 
3 29 25 2 
1 27 12 5 14 
2 14 12 18 9 4 
59 
15 5 34 1 3 1 
1 42 3 11 1 1 
2 50 3 4 
44 2 8 3 2 
1 9 42 5 1 1 
1 5 36 15 2 
2 32 23 2 
22 17 16 4 
3 13 35 4 4 
2 3 45 7 2 
16 43 
10 32 8 6 1 2 
1 42 14 2 
6 37 2 8 2 3 1 
1 15 6 37 
2 49 4 3 1 
2 26 13 4 7 4 2 1 
19 6 28 1 2 1 1 1 
1 7 21 2 17 4 7 
2 54 2 1 
1 10 38 7 1 1 1 
1 6 9 21 16 1 1 1 3 
3 10 42 4 
3 32 19 4 1 
1 47 11 
2 33 1 6 10 5 1 1 
3 2 14 5 11 21 1 2 
5 45 8 1 
2 26 23 2 2 4 
2 20 13 16 4 2 1 1 
32 18 8 1 
6 7 23 15 7 1 
54 2 3 
20 24 2 2 9 2 
59 
1 44 14 
1 10 13 28 4 1 1 1 
2 35 18 3 1 
1 17 40 1 
1 43 13 2 
1 23 33 2 
3 40 15 1 
37 17 3 2 
2 12 7 18 7 8 2 2 1 
5 3 2 17 7 25 
4 49 2 1 1 2 
1 7 10 13 11 1 9 3 1 2 1 
2 32 1 23 1 
1 10 37 8 1 2 
3 35 13 2 4 1 1 
1 31 16 5 1 2 2 1 
1 14 23 1 4 8 7 1 
4 17 15 17 2 4 
3 16 5 17 2 9 2 4 1 
1 17 40 1 
2 56 1 
1 45 13 
1 45 11 2 
5 12 9 19 4 9 1 
1 56 2 
2 4 19 14 2 11 1 1 1 3 1 
1 46 12 
4 45 10 
4 42 12 1 
1 51 2 4 1 
1 27 17 9 2 1 2 
1 33 14 7 3 1 
19 34 6 
3 11 34 3 7 1 
14 2 9 25 5 3 1 
1 3 26 25 4 
1 53 2 3 
53 1 3 2 
14 43 1 1 
1 52 3 3 
28 30 1 
2 44 12 1 
4 41 14 
18 16 25 
7 20 1 15 4 7 5 
1 34 14 10 
2 49 6 1 1 
1 32 1 1 8 6 6 3 1 
1 40 11 2 5 
3 53 2 1 
2 30 2 16 2 5 1 1 
4 53 2 
1 26 12 19 1 
7 22 16 6 2 4 2 
55 3 1 
2 51 1 4 1 
1 6 37 9 5 1 
1 2 19 30 4 2 1 
2 52 1 4 
2 17 31 2 7 
1 23 34 1 
2 55 2 
1 34 2 11 4 5 1 1 
32 16 10 1 
1 56 2 
5 15 19 10 3 3 3 1 
1 43 3 11 1 
1 44 9 3 1 1 
2 27 23 5 2 
3 56 
2 7 22 24 1 3 
33 11 2 3 6 3 1 
1 40 17 1 
6 22 18 7 2 3 1 
1 21 16 12 2 5 2 
14 32 9 2 1 1 
2 12 42 2 1 
1 6 27 20 1 4 
2 21 35 1 
8 21 18 5 4 2 1 
2 42 13 2 
1 2 41 2 2 3 8 
1 32 26 
1 37 5 2 11 2 1 
1 57 1 
27 4 3 14 11 
19 16 7 7 2 5 3 
58 1 
7 51 1 
2 37 15 2 1 1 1 
1 20 30 2 6 
6 5 48 
2 37 8 9 2 1 
4 30 14 8 1 2 
7 39 12 1 
2 11 22 5 8 8 1 2 
2 22 19 3 3 8 1 1 
52 6 1 
1 53 5 
2 43 7 7 
1 19 39 
54 5 
1 50 8 
1 39 8 3 2 1 4 1 
27 13 9 10 
3 29 14 6 5 1 1 
21 36 2 
1 24 33 1 
1 58 
4 1 42 4 2 5 1 
4 39 2 13 1 
7 2 2 28 14 1 5 
1 32 16 4 4 1 1 
9 44 6 
2 51 6 
1 50 8 
1 51 1 3 1 2 
1 44 10 2 2 
40 13 5 1 
4 4 34 14 3 
2 45 10 2 
9 43 5 1 1 
9 42 8 
1 54 2 2 
3 27 27 2 
1 45 2 7 2 1 1 
1 14 30 12 2 
6 26 24 1 2 
1 45 5 2 2 4 
3 20 22 13 1 
59 
1 36 3 1 4 9 4 1 
1 36 7 6 8 1 
3 53 2 1 
1 5 36 1 9 4 3 
1 19 8 27 4 
28 29 1 1 
5 9 14 22 3 1 2 3 
9 2 8 21 14 2 2 1 
2 11 3 19 14 3 4 3 
1 50 8 
4 20 30 2 1 2 
1 48 10 
1 47 2 6 1 2 
11 23 10 2 2 11 
6 1 23 9 6 11 2 1 
5 53 1 
1 36 13 7 1 1 
44 3 10 2 
1 44 4 6 1 3 
1 56 2 
11 30 10 8 
1 20 19 15 3 1 
2 49 8 
1 47 11 
1 36 16 3 3 
1 45 9 4 
38 9 4 1 3 2 2 
1 10 47 1 
3 36 8 6 5 1 
1 57 1 
3 22 3 5 13 3 4 1 3 1 1 
1 7 26 5 5 2 1 10 1 1 
1 57 1 
2 51 6 
8 10 26 5 9 1 
1 25 33 
1 51 1 6 
1 47 7 1 1 2 
1 38 3 16 1 
1 15 6 31 4 2 
13 24 18 3 1 
4 32 11 12 
1 30 10 3 9 1 4 1 
3 30 26 
1 40 18 
18 37 1 1 1 1 
11 35 13 
1 13 36 7 1 1 
36 7 16 
2 21 24 1 4 6 1 
1 46 8 1 3 
2 3 4 35 3 9 2 1 
1 14 44 
1 24 16 6 5 6 1 
1 48 6 3 1 
1 37 16 5 
1 45 13 
54 4 1 
1 18 10 23 6 1 
1 41 12 1 1 1 2 
46 4 8 1 
26 2 22 5 4 
3 3 30 4 7 2 3 6 1 
3 39 11 6 
6 10 16 4 1 12 3 3 2 1 1 
2 38 3 12 1 2 1 
14 11 16 17 1 
2 33 6 13 3 1 1 
13 26 6 12 2 
1 57 1 
1 32 20 5 1 
1 18 28 10 2 
1 11 39 6 1 1 
14 19 4 15 1 2 2 2 
1 54 4 
3 21 26 3 2 3 1 
5 28 22 1 1 1 1 
1 6 10 15 3 13 3 2 3 3 
1 30 21 5 2 
4 26 12 1 9 5 1 1 
2 52 5 
14 5 9 28 3 
59 
1 19 27 4 8 
8 43 8 
1 14 26 11 2 2 3 
4 39 6 9 1 
31 27 1 
2 5 1 18 2 16 11 1 2 1 
2 53 2 1 1 
3 54 2 
2 5 2 22 18 3 7 
1 20 11 25 1 1 
8 6 6 14 21 1 1 1 1 
1 51 5 2 
4 42 12 1 
1 25 20 11 1 1 
1 23 9 25 1 
11 6 23 12 7 
7 5 26 1 20 
8 44 1 2 3 1 
1 36 22 
1 49 5 1 1 2 
7 26 10 9 2 5 
3 4 31 5 11 2 3 
1 20 22 9 3 4 
1 9 47 2 
1 8 14 10 22 3 1 
20 15 6 5 3 9 1 
1 41 8 2 1 4 1 1 
1 40 18 
2 10 12 9 1 6 19 
1 42 6 9 1 
11 9 4 28 4 1 2 
49 5 3 1 1 
1 21 36 1 
1 3 12 3 31 5 3 1 
31 15 4 9 
2 37 2 3 13 2 
43 3 13 
1 50 8 
1 36 11 8 1 1 1 
1 14 35 8 1 
2 4 39 14 
15 21 2 8 13 
56 1 2 
1 41 17 
4 49 6 
1 48 8 2 
1 2 39 5 7 5 
1 52 4 2 
11 12 14 17 2 3 
1 16 38 3 1 
59 
10 1 32 9 1 6 
2 19 35 1 2 
1 25 6 16 6 4 1 
4 35 12 3 2 2 1 
11 15 28 4 1 
1 10 31 16 1 
6 12 10 5 21 4 1 
29 8 12 6 4 
1 6 40 4 2 4 2 
15 40 3 1 
1 22 7 21 1 3 2 1 1 
29 1 8 21 
58 1 
1 57 1 
1 56 1 1 
1 50 3 1 1 1 2 
9 46 2 2 
1 22 6 21 4 2 2 1 
6 42 2 1 8 
8 40 9 2 
4 38 16 1 
1 11 3 20 18 5 1 
4 19 2 6 3 6 12 1 6 
3 53 1 2 
42 11 3 1 2 
12 7 4 3 14 2 11 2 1 1 1 1 
24 29 6 
1 35 23 
49 2 5 1 2 
6 5 1 5 15 12 10 5 
2 13 36 8 
2 39 7 5 6 
2 36 21 
16 10 14 18 1 
55 4 
48 5 4 2 
59 
1 1 12 16 28 1 
22 33 4 
12 45 1 1 
2 40 5 8 3 1 
1 23 8 8 19 
3 38 12 4 2 
5 32 12 4 2 3 1 
1 32 6 1 9 4 5 1 
4 48 7 
1 24 27 3 3 1 
59 
52 1 6 
8 29 11 1 9 1 
38 8 13 
7 50 1 1 
1 53 5 
57 1 1 
14 17 6 3 19 
53 3 3 
1 19 1 31 4 2 1 
58 1 
22 24 13 
6 16 37 
2 10 29 12 5 1 
43 2 14 
19 29 8 1 2 
1 45 1 6 4 2 
20 1 1 4 11 19 1 2 
2 43 14 
14 25 1 19 
1 47 10 1 
1 9 33 2 14 
1 40 18 
1 55 1 1 1 
24 15 3 14 2 1 
10 28 19 1 1 
1 54 4 
1 36 5 13 2 2 
2 48 9 
1 55 3 
1 4 43 2 4 4 1 
1 25 25 3 4 1 
5 52 2 
2 43 4 9 1 
8 10 41 
3 12 30 2 1 7 1 2 1 
20 7 27 5 
1 49 3 4 2 
1 10 17 28 1 2 
1 52 4 1 1 
54 3 1 1 
26 26 4 3 
3 21 1 10 7 14 2 1 
1 19 8 8 3 9 5 3 3 
3 55 1 
1 34 24 
10 48 1 
1 44 14 
1 45 3 5 1 1 3 
1 28 26 1 3 
3 47 8 1 
42 7 7 3 
2 17 15 5 7 6 6 1 
48 5 2 4 
2 8 16 23 6 2 1 1 
3 18 9 23 1 3 2 
6 8 9 16 16 2 1 1 
3 47 7 1 1 
6 52 1 
6 38 12 3 
2 25 5 13 12 2 
1 22 23 13 
27 18 14 
59 
1 53 4 1 
54 2 2 1 
5 12 24 18 
1 6 28 13 11 
1 56 2 
1 44 2 3 4 1 3 1 
59 
1 32 25 1 
2 17 2 37 1 
5 53 1 
2 54 1 2 
48 11 
5 42 2 3 3 3 1 
58 1 
2 49 8 
11 31 17 
2 11 2 11 8 12 3 3 1 5 1 
41 11 6 1 
1 48 3 6 1 
1 21 10 14 12 1 
1 36 21 1 
1 2 51 5 
19 30 7 1 2 
1 46 1 4 5 2 
2 49 4 1 2 1 
13 40 1 3 1 1 
3 52 4 
1 3 45 10 
6 53 
7 24 17 9 2 
1 41 14 1 1 1 
44 10 5 
57 1 1 
3 9 45 2 
1 12 44 2 
1 24 14 17 1 1 1 
1 13 40 4 1 
10 30 13 2 3 1 
59 
1 21 9 11 14 1 2 
1 32 19 6 1 
21 2 35 1 
5 22 28 1 1 1 1 
1 25 32 1 
1 14 6 12 20 3 2 1 
6 21 7 7 6 2 6 4 
27 19 3 9 1 
2 53 3 1 
1 29 28 1 
1 54 2 2 
3 29 27 
1 49 8 1 
5 43 4 7 
4 2 9 11 15 16 1 1 
57 2 
1 29 21 2 1 1 4 
11 38 10 
1 39 7 4 8 
29 24 6 
55 3 1 
1 19 21 2 6 8 1 1 
3 51 1 1 3 
4 43 2 8 1 1 
25 25 1 4 1 3 
1 58 
11 20 4 7 2 14 1 
4 8 25 12 4 4 2 
2 3 44 10 
47 5 7 
3 30 2 18 5 1 
2 29 5 14 9 
3 13 1 1 24 8 5 1 2 1 
2 11 37 1 3 5 
1 4 33 15 1 5 
1 51 4 1 1 1 
1 13 45 
2 44 13 
1 56 2 
3 8 19 1 4 3 13 2 1 3 1 1 
1 10 1 37 9 1 
25 8 22 2 1 1 
2 37 20 
1 33 19 5 1 
40 17 2 
31 16 11 1 
1 29 21 5 3 
2 17 35 5 
1 57 1 
1 46 11 1 
56 2 1 
22 33 4 
2 51 1 3 1 1 
58 1 
1 8 44 6 
1 40 12 6 
7 1 12 21 2 6 5 3 2 
2 1 12 42 1 1 
1 13 8 5 18 4 2 4 3 1 
1 32 23 1 1 1 
2 10 39 1 2 4 1 
1 26 30 2 
12 28 3 12 2 1 1 
1 27 13 8 10 
1 18 16 16 5 1 1 1 
1 15 25 6 12 
1 57 1 
2 10 46 1 
3 55 1 
16 8 16 18 1 
1 46 9 3 
11 47 1 
8 7 1 22 5 4 7 5 
2 43 4 1 8 1 
3 33 22 1 
19 30 2 7 1 
14 7 26 7 3 2 
2 14 19 1 10 6 6 1 
3 37 18 1 
4 47 3 3 2 
5 36 13 4 1 
6 4 3 33 9 1 3 
1 32 20 4 2 
2 37 20 
8 5 22 11 3 5 3 2 
58 1 
2 9 24 17 2 5 
2 21 6 14 3 9 1 2 1 
1 6 48 4 
6 20 4 1 3 7 2 7 1 6 1 1 
4 44 9 1 1 
11 29 10 4 4 1 
1 55 1 2 
1 37 13 1 1 1 5 
3 53 3 
1 6 51 1 
2 49 8 
1 55 3 
1 9 43 3 3 
1 16 10 32 
1 1 22 33 1 1 
2 33 14 8 1 1 
1 54 1 1 1 1 
1 31 15 8 2 1 1 
1 14 41 2 1 
5 17 21 3 2 11 
19 24 3 9 4 
3 52 4 
1 26 9 8 6 1 1 3 1 3 
30 14 2 2 6 5 
1 10 42 2 4 
1 9 36 10 3 
1 31 20 7 
4 5 49 1 
9 14 35 1 
28 18 8 2 1 2 
21 2 21 5 2 4 4 
13 6 4 15 20 1 
59 
1 12 43 2 1 
24 34 1 
1 28 1 12 16 1 
1 38 4 6 2 8 
5 19 21 9 5 
1 54 4 
2 43 13 1 
1 50 8 
1 58 
4 22 23 3 6 1 
21 34 4 
1 41 7 4 3 2 1 
1 28 16 12 2 
3 42 14 
1 35 2 16 2 3 
1 14 13 23 1 1 3 3 
23 22 14 
1 25 29 3 1 
2 4 45 2 6 
3 44 8 2 1 1 
53 2 4 
1 31 16 7 3 1 
2 40 7 3 3 2 2 
2 48 8 1 
2 21 14 3 8 2 8 1 
7 39 9 2 2 
6 17 9 14 7 6 
1 30 10 17 1 
1 55 3 
12 1 7 18 21 
4 5 47 2 1 
37 13 8 1 
3 29 7 10 3 4 1 1 1 
4 43 8 3 1 
2 41 16 
7 17 20 9 4 1 1 
1 6 24 27 1 
8 40 9 2 
3 5 28 18 5 
1 35 4 17 2 
2 42 2 9 4 
2 44 6 6 1 
1 42 5 3 4 2 2 
20 25 6 7 1 
6 31 16 1 5 
2 4 7 39 2 4 1 
2 2 21 7 24 3 
1 47 10 1 
1 42 10 3 3 
1 39 19 
2 7 50 
59 
13 7 38 1 
1 57 1 
21 24 8 4 2 
27 6 15 8 3 
1 21 7 25 5 
6 39 4 5 5 
1 34 24 
1 6 21 11 6 7 7 
2 34 17 3 3 
1 49 5 4 
1 44 6 4 2 2 
13 40 1 3 2 
2 40 11 3 2 1 
1 46 5 5 1 1 
1 18 13 18 1 7 1 
4 46 3 2 1 3 
57 2 
13 10 26 7 1 2 
2 49 4 3 1 
7 16 25 11 
41 6 5 2 2 2 1 
2 53 2 2 
1 50 7 1 
1 7 32 1 8 2 8 
1 49 4 4 1 
2 39 6 6 6 
13 23 23 
1 24 1 8 18 1 3 3 
27 17 15 
2 4 16 37 
9 37 2 11 
3 10 39 3 1 2 1 
59 
5 2 15 10 1 12 5 7 1 1 
2 10 33 13 1 
59 
1 3 52 2 1 
1 47 8 1 1 1 
3 21 7 15 4 4 5 
1 21 9 3 16 3 1 4 1 
1 16 26 16 
59 
24 25 8 2 
1 41 16 1 
3 15 12 12 9 8 
4 32 18 4 1 
1 23 9 3 3 3 16 1 
3 5 17 6 1 2 20 1 1 3 
3 19 23 13 1 
4 30 10 12 3 
2 53 1 3 
6 20 33 
8 6 43 2 
1 17 24 5 1 11 
1 50 1 7 
3 1 19 21 12 1 2 
12 29 16 2 
4 21 13 14 4 3 
2 52 5 
1 3 48 3 2 1 1 
2 38 7 6 5 1 
2 2 21 24 10 
1 25 22 8 2 1 
9 16 21 7 1 5 
1 31 18 9 
3 5 50 1 
1 54 4 
1 3 45 2 5 1 2 
55 4 
14 37 8 
57 1 1 
59 
2 36 7 10 4 
56 3 
3 46 5 3 1 1 
1 19 23 4 10 1 1 
1 3 11 19 4 2 16 1 2 
6 2 51 
1 17 26 10 5 
1 39 10 7 2 
56 3 
1 45 13 
2 52 3 2 
8 30 7 1 6 2 2 3 
27 27 1 4 
1 33 18 5 1 1 
1 4 41 8 3 1 1 
57 1 1 
2 41 13 2 1 
4 24 17 7 4 1 2 
1 29 27 2 
4 40 14 1 
1 20 23 7 6 1 1 
1 29 18 1 5 1 4 
3 4 51 1 
1 36 16 5 1 
2 51 3 3 
2 37 15 1 1 2 1 
1 44 10 2 2 
4 40 8 5 2 
1 15 40 2 1 
1 54 4 
18 31 3 1 3 2 1 
2 30 22 5 
1 33 17 4 2 1 1 
1 36 9 11 1 1 
1 19 11 1 17 3 5 1 1 
1 44 13 1 
2 38 8 9 2 
13 14 32 
4 49 4 2 
12 10 13 18 1 1 3 1 
2 19 1 36 1 
4 27 20 3 1 1 3 
58 1 
3 21 2 24 7 1 1 
1 51 1 2 4 
1 6 6 6 32 3 1 1 2 1 
1 41 7 3 6 1 
3 31 7 14 3 1 
4 14 6 25 7 1 2 
1 30 23 4 1 
1 36 15 3 4 
1 49 9 
4 10 12 1 3 2 9 10 5 3 
1 15 35 8 
1 26 10 10 4 8 
57 1 1 
1 47 9 1 1 
59 
7 25 3 4 5 3 11 1 
1 5 27 24 2 
4 47 5 3 
2 26 31 
3 37 19 
22 6 5 26 
1 51 7 
1 29 11 17 1 
1 18 19 3 6 5 1 3 2 1 
52 6 1 
1 20 3 12 2 15 4 1 1 
1 3 38 6 4 2 4 1 
27 21 5 6 
3 33 14 5 4 
2 16 21 14 2 2 2 
9 11 28 11 
1 15 8 9 15 2 1 8 
32 5 7 4 10 1 
1 30 20 5 1 2 
5 38 7 4 4 1 
30 10 19 
8 5 46 
9 48 2 
25 9 14 10 1 
3 16 19 12 2 1 2 3 1 
49 6 3 1 
5 16 31 7 
4 29 4 15 1 5 1 
8 44 7 
1 42 8 1 2 3 2 
2 24 33 
2 18 38 1 
1 26 32 
12 21 24 2 
2 42 14 1 
7 43 2 2 3 2 
58 1 
22 36 1 
1 2 22 28 6 
2 27 1 21 3 4 1 
3 18 9 27 1 1 
1 53 3 1 1 
1 22 33 3 
1 39 6 10 3 
3 10 46 
10 42 7 
5 22 26 3 3 
42 7 10 
2 1 13 19 2 5 13 2 2 
54 3 2 
1 8 44 6 
3 7 12 9 1 5 8 2 10 1 1 
2 41 6 9 1 
1 34 23 1 
35 24 
6 51 1 1 
1 13 17 4 6 1 7 4 2 1 1 2 
3 32 4 5 3 7 5 
1 41 17 
52 4 2 1 
1 47 5 1 4 1 
4 29 4 3 7 7 1 1 1 2 
21 28 9 1 
1 26 32 
2 32 22 2 1 
6 52 1 
1 17 39 1 1 
1 36 16 3 3 
5 8 29 10 4 1 1 1 
2 25 32 
3 55 1 
1 21 35 2 
2 37 20 
1 14 8 9 20 1 1 2 3 
38 20 1 
1 45 4 1 3 1 2 2 
1 39 13 2 2 2 
24 1 8 17 8 1 
7 43 5 1 3 
2 8 22 1 23 1 1 1 
3 3 26 6 12 9 
2 13 39 4 1 
54 4 1 
58 1 
7 10 10 16 2 6 8 
4 15 4 10 10 9 2 2 3 
1 52 5 1 
9 15 28 7 
1 12 11 18 4 8 5 
1 34 1 4 15 3 1 
6 16 28 7 2 
2 20 18 12 3 3 1 
1 44 9 4 1 
32 23 2 2 
28 31 
10 7 38 4 
1 38 9 7 4 
2 46 9 2 
3 5 17 16 18 
1 45 10 3 
2 37 17 2 1 
3 26 19 8 3 
1 54 2 1 1 
1 47 10 1 
6 38 14 1 
1 29 29 
2 43 2 6 6 
2 13 16 13 13 1 1 
53 2 1 3 
5 2 9 42 1 
2 20 36 1 
3 8 33 3 1 7 4 
2 44 1 12 
1 29 7 2 2 14 2 1 1 
1 21 10 22 4 1 
3 55 1 
1 45 1 7 3 1 1 
1 52 1 3 2 
19 22 11 7 
1 26 32 
3 40 2 11 2 1 
6 21 31 1 
1 40 4 10 2 2 
1 8 31 14 4 1 
2 33 14 8 2 
