2 26 8 7 5 4 3 3 2 
1 52 7 
1 25 34 
2 37 12 3 6 
2 33 23 2 
1 43 12 1 3 
8 1 13 25 12 1 
7 50 3 
1 17 37 3 2 
1 25 2 13 6 2 9 2 
1 51 8 
1 30 25 3 1 
57 2 1 
8 35 17 
3 41 11 5 
1 10 4 8 22 1 2 7 3 1 1 
2 54 3 1 
1 46 11 2 
1 58 1 
4 38 3 12 3 
1 33 12 14 
1 4 7 14 17 14 3 
2 28 8 4 13 1 1 2 1 
2 58 
3 2 43 11 1 
1 38 2 8 5 5 1 
1 12 38 1 8 
2 46 12 
1 21 34 3 1 
22 25 11 1 1 
1 22 21 12 1 1 1 1 
1 28 26 2 2 1 
2 40 18 
6 8 44 1 1 
2 12 19 4 22 1 
1 29 28 2 
1 50 9 
56 1 3 
4 13 13 15 14 1 
1 24 11 15 5 1 3 
1 39 2 12 6 
1 27 30 2 
2 29 3 4 22 
1 50 9 
1 3 27 8 14 7 
32 20 3 1 4 
1 4 8 34 9 4 
7 51 2 
1 25 1 32 1 
10 35 4 9 2 
1 56 2 1 
38 20 2 
30 24 5 1 
2 24 34 
1 37 3 9 2 8 
9 27 11 3 3 2 1 4 
9 24 15 2 3 5 2 
2 12 8 38 
11 12 29 7 1 
4 48 8 
5 1 13 39 1 1 
1 16 33 10 
1 34 25 
49 6 5 
1 14 9 10 7 8 3 8 
3 16 19 13 4 3 2 
2 36 6 5 6 5 
1 40 19 
6 51 3 
1 26 30 3 
3 36 13 1 6 1 
11 13 22 9 4 1 
1 32 21 3 3 
38 16 4 2 
3 21 31 5 
11 17 7 19 6 
1 39 10 4 4 1 1 
31 19 6 1 3 
1 58 1 
1 2 41 1 4 3 2 5 1 
40 6 11 3 
1 52 3 1 2 1 
6 4 17 13 11 3 3 2 1 
1 29 29 1 
1 33 8 16 1 1 
1 7 48 3 1 
1 34 24 1 
1 34 11 8 3 2 1 
1 1 44 5 6 1 1 1 
1 49 7 1 2 
1 11 35 11 1 1 
3 39 7 2 6 2 1 
1 18 24 10 1 5 1 
60 
3 6 5 13 6 5 15 3 2 1 1 
1 13 46 
53 2 5 
3 49 8 
1 2 44 4 4 3 2 
1 5 35 18 1 
2 50 6 2 
2 47 9 1 1 
6 14 27 6 4 2 1 
1 39 18 2 
1 58 1 
3 50 1 1 4 1 
1 8 13 19 10 4 1 4 
4 2 44 8 1 1 
34 18 8 
12 44 2 1 1 
1 32 27 
19 26 8 2 1 3 1 
1 50 6 2 1 
1 39 3 15 2 
1 30 17 11 1 
5 44 10 1 
32 3 4 11 3 1 3 3 
8 3 27 19 3 
1 26 12 15 6 
11 10 3 16 5 5 9 1 
1 15 3 1 18 15 4 3 
3 17 18 6 1 1 6 6 1 1 
42 11 6 1 
2 2 13 32 2 9 
1 12 20 18 3 3 3 
2 47 9 1 1 
1 42 5 8 1 1 2 
3 53 2 1 1 
1 1 27 28 1 1 1 
2 30 25 3 
1 14 30 6 8 1 
1 41 16 1 1 
1 38 11 7 3 
2 5 13 6 27 6 1 
1 6 38 7 6 1 1 
2 35 17 4 1 1 
5 5 16 8 8 15 1 1 1 
1 22 31 6 
6 10 28 4 8 4 
1 12 9 24 1 10 1 2 
25 22 6 7 
1 19 35 3 1 1 
3 6 36 9 3 3 
1 52 6 1 
2 52 2 1 2 1 
2 27 12 4 9 6 
60 
12 37 7 4 
46 6 3 5 
50 8 2 
2 28 8 12 5 2 2 1 
20 26 9 5 
1 5 7 9 10 13 13 1 1 
1 46 7 3 1 1 1 
3 14 27 7 7 2 
29 22 3 4 1 1 
1 26 4 14 3 9 3 
2 35 23 
6 16 38 
1 26 7 17 5 1 1 1 1 
1 47 10 1 1 
6 25 5 12 8 2 1 1 
1 8 4 45 2 
7 9 3 30 6 2 1 2 
2 42 16 
6 11 4 7 11 6 6 5 2 2 
1 8 46 1 4 
1 42 1 7 8 1 
3 16 4 9 19 8 1 
2 12 1 6 14 4 20 1 
2 27 29 2 
1 45 6 7 1 
51 6 2 1 
1 43 6 4 4 2 
4 22 16 8 10 
39 19 1 1 
1 35 15 4 2 1 2 
3 34 4 7 11 1 
1 16 36 1 6 
2 54 1 2 1 
35 11 6 8 
1 59 
7 50 3 
6 12 14 12 9 6 1 
30 12 2 1 5 9 1 
1 55 4 
55 4 1 
2 21 13 24 
55 1 2 2 
8 7 10 19 13 3 
1 20 6 14 9 6 2 1 1 
23 10 15 3 9 
2 39 17 1 1 
1 32 2 6 14 3 2 
57 1 2 
19 19 22 
36 15 5 2 2 
3 44 6 1 4 2 
5 5 20 6 13 10 1 
2 28 2 28 
4 34 20 1 1 
1 20 10 3 1 15 8 2 
1 10 46 2 1 
1 25 23 3 7 1 
58 2 
1 8 42 4 3 2 
43 4 3 5 4 1 
1 34 4 14 5 1 1 
4 47 1 6 1 1 
5 9 40 5 1 
6 32 5 1 16 
2 23 4 29 1 1 
4 28 17 8 3 
1 5 54 
1 34 2 9 12 2 
1 2 44 2 8 2 1 
1 51 3 4 1 
9 30 13 4 1 3 
12 11 10 13 1 1 6 4 1 1 
2 44 6 4 2 2 
1 7 5 29 16 2 
32 4 12 6 1 1 4 
31 26 2 1 
36 3 21 
6 45 6 1 1 1 
1 54 1 2 2 
9 4 16 4 22 3 2 
50 4 1 3 2 
39 18 1 1 1 
1 17 19 1 4 7 2 5 1 3 
3 37 5 7 2 6 
56 4 
1 16 2 24 16 1 
59 1 
2 11 4 21 7 6 5 3 1 
1 54 5 
12 38 8 2 
1 22 10 5 20 1 1 
1 32 26 1 
1 36 22 1 
1 54 3 2 
3 42 9 1 3 2 
24 33 2 1 
1 57 2 
1 42 1 14 2 
1 53 1 4 1 
27 25 2 5 1 
1 13 29 11 5 1 
1 29 30 
2 54 4 
1 51 8 
1 56 3 
32 24 1 3 
8 27 6 6 7 3 2 1 
1 59 
2 29 7 8 13 1 
3 13 1 20 10 6 1 3 3 
2 29 27 2 
2 37 16 2 3 
5 42 13 
1 49 5 2 2 1 
5 14 19 22 
46 4 7 3 
3 26 1 11 14 1 2 1 1 
56 1 1 2 
1 8 23 14 3 5 6 
1 44 8 2 1 4 
3 4 41 5 7 
25 14 20 1 
3 18 39 
2 51 7 
3 29 25 1 2 
2 21 37 
4 24 21 4 7 
1 56 3 
4 33 20 3 
2 54 3 1 
1 31 22 1 4 1 
14 23 6 11 2 4 
1 57 2 
2 10 30 4 1 5 8 
1 23 29 3 3 1 
1 17 36 5 1 
2 39 9 10 
1 41 18 
7 34 17 2 
1 56 1 2 
59 1 
5 27 6 16 3 1 1 1 
14 20 26 
1 49 5 5 
5 32 7 1 15 
2 31 8 4 13 2 
2 31 12 5 3 3 4 
1 40 3 6 8 2 
1 36 9 8 1 4 1 
9 49 1 1 
1 59 
1 37 21 1 
1 50 2 4 3 
1 48 8 1 2 
60 
4 19 10 22 4 1 
2 29 27 2 
4 44 12 
1 11 2 14 10 7 13 2 
23 29 2 5 1 
1 55 1 2 1 
20 24 16 
11 35 2 3 5 4 
3 26 31 
13 45 2 
1 13 37 2 4 3 
3 43 14 
7 28 13 2 4 3 1 1 1 
43 5 10 1 1 
2 18 5 7 4 18 6 
2 5 29 1 6 13 2 2 
4 55 1 
1 6 16 33 2 1 1 
13 47 
1 58 1 
2 35 13 10 
1 51 8 
2 36 14 5 1 2 
10 28 8 6 3 2 2 1 
2 12 44 2 
10 2 46 1 1 
2 12 39 5 2 
7 49 1 3 
5 47 5 3 
1 18 33 3 2 3 
1 32 27 
1 32 9 6 12 
16 35 9 
3 21 5 3 10 12 2 3 1 
3 44 2 5 2 1 1 2 
47 8 1 3 1 
2 42 16 
1 13 1 7 14 7 2 8 2 4 1 
2 57 1 
1 6 43 5 2 3 
26 26 4 1 1 2 
59 1 
1 57 1 1 
1 36 2 19 2 
1 1 8 45 2 3 
1 26 9 4 19 1 
2 32 2 7 2 5 9 1 
1 37 17 5 
1 9 15 21 9 3 1 1 
16 23 18 2 1 
3 7 28 4 1 13 1 2 1 
2 54 2 2 
1 5 25 1 2 5 2 10 3 4 2 
33 21 5 1 
8 30 17 4 1 
1 10 13 20 8 3 4 1 
7 44 2 7 
60 
3 45 10 2 
5 49 1 1 2 2 
1 13 38 8 
1 18 26 14 1 
1 53 4 1 1 
1 52 7 
6 22 20 12 
1 37 13 7 2 
4 39 15 1 1 
9 29 1 12 2 2 5 
27 20 13 
1 6 9 39 4 1 
2 54 1 1 2 
2 1 46 4 4 1 2 
4 44 5 3 3 1 
1 55 2 1 1 
2 8 19 14 11 4 1 1 
11 29 12 5 3 
1 57 1 1 
5 24 24 2 2 1 1 1 
1 16 42 1 
2 24 31 2 1 
1 48 11 
3 32 21 2 2 
23 15 22 
3 46 11 
1 46 13 
1 11 48 
1 32 3 14 8 2 
6 35 19 
7 45 3 1 1 3 
56 2 2 
1 44 15 
29 4 17 2 3 5 
1 36 2 19 2 
2 39 16 3 
2 35 8 8 5 1 1 
1 59 
50 3 1 1 2 1 2 
10 4 9 2 16 17 2 
2 55 1 2 
1 46 12 1 
60 
28 14 15 3 
1 18 19 22 
20 3 9 14 9 3 1 1 
20 23 8 2 2 4 1 
2 47 5 1 5 
39 6 13 2 
1 19 34 6 
1 43 11 3 2 
1 44 9 5 1 
1 10 22 6 2 8 1 7 2 1 
1 32 14 3 7 2 1 
40 2 15 3 
1 24 32 2 1 
1 2 8 15 34 
53 7 
2 6 12 21 1 8 5 2 2 1 
56 1 3 
1 14 33 6 2 2 1 1 
28 18 6 7 1 
11 46 1 2 
1 13 5 22 3 6 1 8 1 
1 25 23 6 3 1 1 
1 12 3 25 7 11 1 
1 9 25 4 5 16 
15 12 13 12 3 1 1 2 1 
15 5 16 10 3 10 1 
3 21 35 1 
2 6 33 13 4 2 
1 22 30 6 1 
1 18 5 16 20 
2 31 4 20 3 
2 7 7 39 3 2 
1 28 10 14 7 
1 53 1 3 2 
1 23 36 
1 14 18 9 4 10 1 2 1 
4 36 5 9 1 2 1 1 1 
1 41 13 5 
23 18 16 2 1 
1 24 9 18 8 
1 7 17 6 16 7 6 
1 41 18 
13 9 12 13 5 1 6 1 
1 47 12 
8 7 16 29 
8 46 3 1 2 
1 9 45 4 1 
16 19 24 1 
3 9 36 1 1 3 5 1 1 
11 9 37 1 1 1 
1 54 3 2 
8 14 19 4 4 10 1 
2 1 46 3 5 3 
12 36 7 4 1 
3 37 3 11 6 
1 34 21 4 
3 42 15 
1 54 5 
2 49 3 4 2 
1 9 5 13 31 1 
8 48 1 3 
1 8 30 4 7 6 4 
20 30 10 
1 27 1 26 4 1 
33 7 20 
5 33 7 15 
1 31 6 6 11 4 1 
2 21 6 18 10 2 1 
1 16 22 3 13 5 
37 14 1 3 5 
2 7 7 3 13 5 1 17 4 1 
1 49 6 2 1 1 
41 11 3 4 1 
1 21 38 
7 29 22 1 1 
5 32 12 11 
1 22 17 6 2 4 7 1 
17 18 1 4 19 1 
1 6 16 29 8 
1 16 38 3 1 1 
38 17 4 1 
3 29 6 16 2 1 1 2 
1 31 16 5 1 2 4 
13 13 3 28 2 1 
1 18 9 23 2 3 1 3 
1 50 9 
1 41 15 2 1 
1 26 13 10 10 
8 41 4 3 4 
1 15 36 2 5 1 
3 1 21 12 17 3 3 
43 15 2 
6 34 16 1 2 1 
1 56 2 1 
12 45 1 2 
1 52 6 1 
1 13 21 12 5 6 2 
1 19 20 12 3 5 
1 32 19 3 1 3 1 
4 3 53 
1 22 15 6 14 1 1 
3 22 17 9 5 2 2 
1 47 5 5 1 1 
2 34 20 3 1 
5 43 8 3 1 
3 51 3 3 
26 32 1 1 
5 13 24 3 1 1 11 2 
1 38 14 7 
1 54 3 1 1 
1 58 1 
4 43 13 
1 46 2 7 3 1 
13 33 4 6 1 3 
5 37 17 1 
2 57 1 
1 56 3 
2 12 44 1 1 
4 36 4 9 6 1 
8 14 33 5 
8 39 13 
3 6 11 38 1 1 
3 23 22 12 
8 43 5 4 
8 20 32 
55 5 
12 1 15 6 13 11 2 
2 24 9 17 6 1 1 
1 6 17 26 5 3 1 1 
9 38 9 2 1 1 
57 2 1 
21 12 3 6 6 11 1 
50 1 5 3 1 
1 32 5 14 3 5 
4 16 40 
4 29 25 1 1 
2 30 24 1 1 1 1 
1 37 3 16 3 
1 13 39 1 5 1 
15 31 2 7 3 1 1 
1 37 1 20 1 
1 38 16 3 2 
1 20 17 12 8 2 
4 38 4 1 10 1 2 
2 11 44 2 1 
1 2 19 31 4 1 2 
1 35 5 13 6 
7 48 3 2 
6 5 3 28 6 3 6 2 1 
2 30 20 8 
7 17 8 10 8 7 1 1 1 
1 58 1 
6 35 16 1 2 
1 21 24 8 4 1 1 
1 1 15 39 2 1 1 
1 34 16 7 2 
5 41 6 3 2 1 2 
1 54 3 1 1 
8 25 9 7 8 2 1 
1 18 14 26 1 
8 44 5 2 1 
1 31 2 21 1 4 
5 12 17 5 16 5 
8 4 38 4 3 1 1 1 
1 29 16 2 3 7 2 
4 26 5 11 5 4 3 1 1 
1 48 8 3 
21 16 10 2 9 1 1 
1 50 8 1 
6 51 3 
3 29 12 12 1 2 1 
57 1 2 
19 13 12 9 4 2 1 
1 9 43 2 2 2 1 
4 50 6 
2 48 10 
7 42 9 2 
60 
2 51 7 
2 29 24 1 4 
39 13 5 1 1 1 
3 11 35 5 1 5 
2 24 24 1 3 4 2 
6 35 3 2 13 1 
10 35 1 14 
6 16 1 34 3 
2 31 24 1 1 1 
2 53 4 1 
1 37 3 9 5 5 
1 39 10 6 1 3 
1 26 3 25 3 1 1 
38 21 1 
6 53 1 
1 1 9 48 1 
2 25 16 5 1 4 7 
1 8 32 19 
1 32 27 
3 47 6 2 2 
57 2 1 
43 9 5 2 1 
6 47 6 1 
3 33 21 3 
3 30 3 22 2 
1 53 6 
9 34 5 4 6 1 1 
10 37 9 4 
1 18 39 1 1 
7 45 7 1 
1 7 24 1 6 6 9 6 
38 4 4 11 1 2 
9 34 2 12 3 
1 50 3 2 1 1 1 1 
5 15 35 3 1 1 
3 29 16 10 1 1 
3 12 15 25 1 3 1 
1 10 17 4 9 1 5 9 1 3 
14 35 10 1 
60 
2 30 4 9 12 2 1 
53 2 4 1 
1 47 3 1 3 4 1 
8 7 44 1 
2 39 6 7 5 1 
2 47 6 1 2 1 1 
7 35 17 1 
1 44 15 
1 36 19 1 1 1 1 
2 12 36 4 1 5 
1 40 16 3 
1 54 2 2 1 
5 29 10 14 2 
1 58 1 
1 11 19 26 1 1 1 
47 12 1 
1 18 14 15 9 3 
60 
1 53 1 5 
2 51 7 
43 1 16 
8 9 9 11 11 1 10 1 
20 29 11 
25 2 21 8 1 2 1 
46 8 6 
2 19 26 4 5 1 2 1 
1 2 20 30 6 1 
4 54 1 1 
1 2 30 3 12 11 1 
1 49 3 7 
43 1 2 11 2 1 
56 1 2 1 
6 51 2 1 
2 52 3 3 
1 7 27 13 12 
1 37 4 16 2 
4 55 1 
1 32 27 
5 43 5 2 1 2 1 1 
4 30 2 8 8 2 5 1 
48 2 9 1 
2 29 3 17 4 3 2 
6 37 11 1 5 
9 48 1 1 1 
6 24 20 8 2 
5 26 9 13 3 1 2 1 
1 26 16 11 1 5 
2 39 9 2 2 6 
7 26 26 1 
1 38 7 13 1 
22 36 2 
1 37 11 1 10 
4 56 
48 10 2 
58 1 1 
1 22 21 15 1 
1 50 9 
2 2 55 1 
16 7 5 31 1 
1 28 26 4 1 
1 8 3 35 11 2 
1 46 8 2 1 2 
2 13 8 7 8 7 3 7 5 
1 25 25 9 
50 3 6 1 
2 40 12 3 1 2 
1 48 6 4 1 
1 19 32 7 1 
3 38 3 5 5 3 3 
3 4 22 6 1 8 9 6 1 
1 9 48 2 
60 
1 5 36 1 5 6 3 2 1 
1 16 1 30 5 7 
1 46 12 1 
25 20 12 2 1 
1 48 6 4 1 
4 20 36 
1 20 14 13 11 1 
54 4 1 1 
2 23 25 7 2 1 
1 50 3 4 2 
6 42 7 1 2 1 1 
1 22 30 2 1 1 2 1 
1 5 34 12 3 4 1 
15 22 8 4 2 4 4 1 
1 11 35 13 
21 12 11 10 1 4 1 
3 53 2 2 
1 25 26 5 1 1 1 
6 18 35 1 
2 57 1 
23 27 10 
5 30 11 5 1 4 2 2 
1 6 30 9 1 2 4 1 4 2 
8 46 2 4 
7 17 8 7 20 1 
14 15 8 11 2 9 1 
5 4 49 1 1 
2 22 12 6 18 
1 9 18 22 2 8 
22 20 6 7 5 
3 7 28 3 14 4 1 
1 48 6 4 1 
1 1 34 1 17 6 
1 5 9 36 9 
30 3 5 8 1 4 2 2 2 1 2 
1 20 24 10 1 4 
1 12 3 22 22 
60 
1 45 7 2 5 
1 56 2 1 
12 13 2 12 16 4 1 
1 36 10 2 3 6 2 
4 14 6 1 19 7 2 6 1 
4 47 9 
3 47 4 6 
2 13 43 2 
2 32 25 1 
13 22 11 9 4 1 
4 33 12 6 5 
2 18 3 28 2 5 2 
18 39 3 
3 7 22 4 22 2 
4 46 2 4 3 1 
14 29 8 7 2 
1 37 21 1 
3 49 8 
1 48 3 3 3 1 1 
9 29 22 
1 35 12 5 7 
2 33 7 1 13 3 1 
1 11 12 14 9 3 8 1 1 
20 6 1 30 2 1 
1 2 3 12 24 5 5 4 3 1 
1 16 31 3 5 1 1 1 1 
1 24 23 7 5 
1 45 4 6 2 2 
2 20 13 19 3 2 1 
8 9 15 3 3 8 9 2 3 
15 13 30 1 1 
1 17 7 20 3 4 6 1 1 
1 45 14 
1 42 1 16 
2 43 15 
1 31 27 1 
13 36 11 
18 10 24 2 6 
12 35 12 1 
17 23 6 13 1 
4 13 13 14 16 
1 25 8 12 2 8 4 
47 5 4 1 3 
4 47 6 1 2 
1 51 3 5 
1 7 4 19 19 2 5 1 2 
5 46 5 4 
21 10 15 13 1 
4 55 1 
2 13 45 
1 7 19 13 14 3 3 
56 2 2 
6 19 35 
50 3 6 1 
1 55 4 
4 13 34 6 3 
11 24 20 5 
60 
2 3 33 22 
14 46 
1 9 48 1 1 
1 5 27 1 6 1 8 3 8 
5 24 6 15 10 
2 33 15 10 
2 40 5 1 9 3 
8 9 37 1 2 2 1 
60 
1 22 18 7 3 1 3 5 
9 35 1 8 3 3 1 
57 2 1 
1 25 11 23 
9 15 28 8 
34 20 1 5 
1 39 11 1 2 1 5 
1 27 1 16 11 2 1 1 
1 43 6 8 2 
1 12 11 32 2 1 1 
3 5 14 4 29 3 1 1 
1 44 4 7 1 2 1 
4 4 20 21 8 3 
1 26 30 1 2 
1 41 15 3 
1 28 19 4 2 5 1 
4 12 22 15 4 2 1 
1 34 5 17 2 1 
1 1 6 17 29 3 2 1 
4 55 1 
1 7 37 9 5 1 
2 25 33 
25 24 4 4 2 1 
8 18 2 3 10 11 6 2 
1 11 22 4 3 1 4 7 3 2 1 1 
1 59 
1 44 10 2 1 1 1 
14 17 17 12 
11 1 8 20 20 
3 1 50 6 
5 32 22 1 
1 42 17 
1 26 16 15 2 
28 5 24 3 
2 29 29 
3 16 15 21 3 2 
2 35 23 
1 5 54 
1 41 7 11 
60 
48 8 1 1 1 1 
1 35 23 1 
1 25 4 6 1 11 8 4 
2 19 36 1 2 
1 14 34 9 2 
8 37 10 1 2 1 1 
1 25 19 6 6 1 2 
1 1 35 23 
3 20 30 2 1 4 
3 22 18 16 1 
2 17 6 13 14 1 5 2 
16 20 22 1 1 
1 31 18 2 7 1 
1 45 11 2 1 
2 21 13 5 16 1 2 
1 17 6 9 7 5 12 2 1 
4 48 6 1 1 
45 9 4 1 1 
3 50 7 
13 17 2 21 3 1 2 1 
1 47 3 7 2 
2 54 3 1 
2 31 3 15 4 4 1 
1 55 1 3 
1 15 28 2 5 5 3 1 
1 46 10 2 1 
29 27 3 1 
2 29 29 
1 38 17 1 3 
6 41 1 8 2 2 
17 36 6 1 
26 30 4 
2 50 6 1 1 
1 48 11 
1 18 14 25 1 1 
1 46 5 8 
36 21 3 
1 40 15 1 2 1 
1 39 20 
3 42 7 4 3 1 
2 5 53 
13 44 2 1 
3 29 2 8 3 5 5 5 
58 1 1 
1 20 5 6 17 10 1 
2 31 27 
26 24 7 2 1 
3 8 25 21 1 2 
1 10 42 3 1 3 
11 48 1 
2 53 5 
4 34 15 2 5 
3 9 7 4 10 18 4 2 3 
1 56 3 
3 48 5 4 
1 22 22 14 1 
1 40 16 1 1 1 
3 13 37 6 1 
1 58 1 
1 32 9 6 2 5 5 
1 1 6 50 2 
8 16 35 1 
1 34 20 3 2 
1 6 9 28 16 
1 8 27 16 4 2 2 
2 56 2 
1 8 25 21 4 1 
48 7 5 
6 31 6 2 11 3 1 
2 37 20 1 
2 52 4 1 1 
1 43 4 4 5 3 
1 49 3 4 3 
12 45 2 1 
57 1 2 
2 31 19 7 1 
1 40 13 5 1 
1 17 40 2 
16 2 9 24 7 1 1 
53 4 3 
5 26 19 9 1 
2 43 4 1 1 1 2 1 4 1 
1 13 23 16 3 3 1 
10 15 10 10 12 2 1 
55 2 3 
60 
1 10 16 12 9 3 9 
1 21 4 7 17 1 5 2 1 1 
42 4 2 5 6 1 
5 15 4 18 12 4 2 
1 5 52 2 
3 31 3 18 4 1 
53 1 1 2 1 1 1 
1 4 13 18 17 1 2 4 
4 11 10 14 4 4 8 1 4 
2 50 5 3 
1 25 16 3 2 1 7 1 3 1 
2 4 1 9 21 22 1 
1 3 2 3 23 17 1 7 3 
10 9 13 8 9 2 1 8 
15 21 16 4 1 1 2 
1 35 22 1 1 
8 7 7 12 5 14 1 5 1 
9 49 2 
4 18 23 12 2 1 
4 20 33 2 1 
1 18 2 33 4 1 1 
3 47 10 
58 2 
2 13 41 3 1 
9 23 12 14 1 1 
1 32 27 
5 20 24 9 2 
25 19 10 4 1 1 
39 1 11 7 2 
4 18 4 32 2 
12 2 32 12 1 1 
3 13 36 7 1 
2 46 11 1 
4 20 14 7 5 6 3 1 
15 42 3 
1 37 3 15 2 1 1 
9 41 10 
11 39 4 5 1 
6 33 21 
3 6 16 33 1 1 
1 52 4 1 2 
1 11 30 4 9 5 
53 4 1 2 
1 30 8 6 11 3 1 
24 15 5 10 2 4 
1 47 3 3 1 3 1 1 
19 25 4 8 4 
1 40 7 8 2 2 
9 35 10 3 2 1 
57 1 2 
2 35 1 10 3 6 3 
30 25 4 1 
1 1 44 7 2 1 1 1 1 1 
1 34 8 16 1 
1 40 13 5 1 
5 14 10 8 17 1 2 2 1 
1 54 3 2 
1 51 1 1 1 1 1 3 
4 37 4 1 4 9 1 
12 35 11 1 1 
33 15 12 
3 10 45 1 1 
1 10 40 7 1 1 
39 12 6 3 
4 52 4 
1 6 49 1 3 
54 1 1 1 2 1 
1 1 11 30 4 8 2 2 1 
1 41 9 9 
1 28 16 14 1 
1 47 11 1 
2 2 2 20 31 3 
27 27 1 1 1 2 1 
5 54 1 
1 35 20 1 3 
57 1 2 
4 50 3 2 1 
1 2 40 5 4 3 4 1 
1 9 25 16 4 5 
60 
2 1 11 21 21 2 1 1 
1 49 10 
1 38 11 4 6 
2 52 6 
1 27 29 1 2 
24 13 4 3 14 1 1 
1 54 5 
40 13 4 2 1 
3 45 9 3 
1 55 2 1 1 
1 19 10 8 22 
5 23 13 5 5 6 3 
27 20 4 8 1 
1 9 24 16 3 6 1 
8 16 21 3 2 5 2 3 
1 36 5 12 2 3 1 
1 32 11 8 4 4 
1 49 5 5 
5 41 14 
39 7 13 1 
59 1 
2 5 18 35 
1 22 26 8 1 2 
30 10 13 6 1 
1 5 1 29 10 2 9 1 1 1 
1 34 2 15 1 2 4 1 
2 27 3 23 1 4 
1 4 12 23 2 7 1 10 
34 13 11 2 
42 6 12 
2 1 22 15 20 
1 10 32 14 2 1 
7 27 3 2 13 7 1 
2 20 36 1 1 
6 45 7 1 1 
2 51 6 1 
1 43 16 
1 2 22 1 31 3 
27 23 10 
11 22 25 2 
1 49 7 1 2 
11 44 4 1 
1 50 6 2 1 
2 25 21 11 1 
2 24 30 4 
3 1 56 
1 4 45 1 6 1 2 
2 34 9 11 2 2 
1 7 46 2 4 
1 19 11 16 7 2 4 
1 19 28 11 1 
47 3 7 3 
1 43 16 
1 39 5 3 4 7 1 
1 11 11 18 5 1 1 4 4 1 2 1 
17 42 1 
4 20 35 1 
3 54 2 1 
1 49 10 
2 35 16 1 1 1 3 1 
2 41 6 4 1 3 2 1 
2 35 7 1 4 10 1 
1 46 13 
47 8 5 
10 48 2 
1 30 28 1 
58 1 1 
1 49 10 
31 11 7 6 5 
5 37 14 2 1 1 
3 30 15 9 3 
23 11 20 4 2 
1 18 11 18 1 1 2 1 2 4 1 
2 50 3 2 3 
1 3 33 1 5 10 3 3 1 
1 17 16 10 13 3 
6 28 26 
2 10 28 6 13 1 
4 26 20 1 8 1 
59 1 
3 18 19 2 14 2 1 1 
1 4 9 34 11 1 
1 20 39 
1 9 45 1 3 1 
1 45 2 7 5 
11 28 17 2 2 
3 3 52 2 
7 49 1 2 1 
2 44 7 3 1 2 1 
4 24 32 
1 35 24 
1 36 21 2 
1 42 5 8 1 3 
6 31 20 1 2 
4 37 11 6 2 
1 55 1 3 
36 12 9 1 1 1 
8 39 13 
2 10 11 27 8 1 1 
13 46 1 
1 27 32 
6 19 25 6 2 1 1 
10 19 23 5 2 1 
2 43 1 10 4 
25 1 14 13 4 1 1 1 
5 23 29 2 1 
6 14 13 23 4 
9 41 7 2 1 
1 47 9 3 
2 51 7 
7 51 1 1 
46 9 1 1 2 1 
3 33 22 2 
5 49 6 
7 48 4 1 
1 7 3 35 6 6 1 1 
31 15 7 5 1 1 
1 59 
1 25 12 17 2 3 
2 41 15 1 1 
3 2 50 1 1 2 1 
2 40 18 
2 11 27 6 4 3 6 1 
60 
2 27 30 1 
16 26 10 5 2 1 
1 31 4 4 9 7 1 3 
11 20 25 3 1 
1 32 26 1 
1 55 4 
31 18 11 
1 37 10 11 1 
7 51 2 
1 28 24 5 2 
4 46 2 4 4 
34 8 8 8 2 
1 38 15 1 5 
3 27 9 9 12 
5 8 42 1 2 1 1 
4 47 9 
22 12 23 2 1 
5 13 42 
26 12 6 14 2 
5 53 2 
1 2 24 23 4 3 2 1 
60 
5 41 8 3 1 1 1 
6 38 16 
5 40 12 1 2 
4 19 36 1 
1 59 
1 14 20 13 5 2 2 1 2 
1 49 7 3 
11 18 29 2 
1 24 26 2 4 3 
39 21 
1 47 4 4 1 3 
1 54 4 1 
4 45 3 8 
1 25 1 13 9 10 1 
2 33 18 7 
5 55 
1 29 2 4 24 
1 1 45 11 1 1 
1 39 19 1 
36 12 6 2 4 
10 10 26 3 10 1 
1 2 51 3 2 1 
4 18 12 10 16 
5 39 7 5 3 1 
7 8 16 9 11 3 1 1 2 1 1 
1 51 8 
5 48 1 1 1 3 1 
2 8 39 5 3 1 2 
6 17 37 
2 52 4 1 1 
1 52 7 
1 11 5 5 2 21 7 2 2 2 1 1 
3 37 19 1 
2 19 18 1 12 2 4 1 1 
2 43 15 
1 24 12 20 2 1 
1 47 4 5 1 2 
14 33 13 
3 29 22 5 1 
1 51 5 1 2 
1 49 4 5 1 
13 11 28 6 1 1 
3 47 10 
2 44 6 2 2 3 1 
3 11 21 17 5 3 
4 36 11 4 5 
1 37 11 2 7 2 
1 27 31 1 
7 11 42 
3 21 1 17 15 3 
23 26 3 8 
1 8 5 5 3 14 15 3 1 1 1 3 
1 42 6 1 3 3 2 1 1 
36 1 3 20 
6 10 9 18 1 15 1 
3 30 13 3 9 2 
3 6 13 7 28 1 2 
25 1 9 2 14 4 5 
58 1 1 
8 3 18 21 3 7 
1 54 4 1 
1 16 43 
1 35 18 4 2 
14 19 12 15 
2 45 13 
56 2 2 
1 58 1 
1 14 5 22 18 
1 49 1 2 3 2 2 
11 49 
4 17 29 5 5 
2 55 1 1 1 
1 16 28 2 6 7 
2 18 26 6 2 2 4 
1 30 28 1 
13 25 9 3 10 
6 11 32 6 3 1 1 
7 45 5 2 1 
1 39 8 9 3 
2 36 20 2 
19 38 3 
18 23 8 8 2 1 
11 44 5 
11 44 3 1 1 
1 50 9 
1 23 35 1 
1 33 19 2 3 1 1 
60 
1 41 6 11 1 
1 21 18 19 1 
3 41 16 
9 13 21 13 3 1 
2 34 1 3 7 2 4 4 3 
1 6 49 4 
11 34 4 4 4 1 1 1 
11 43 4 2 
2 31 12 2 13 
2 20 26 7 5 
7 34 5 1 3 8 2 
1 55 1 3 
18 22 20 
4 24 24 7 1 
60 
1 33 13 4 5 2 2 
2 12 31 10 5 
1 1 44 13 1 
2 43 11 4 
4 49 7 
40 17 3 
45 2 6 1 6 
17 16 27 
60 
2 53 1 4 
1 41 8 2 3 3 1 1 
1 27 32 
3 38 17 1 1 
2 53 3 2 
60 
17 12 20 2 1 4 4 
1 59 
1 5 11 1 33 5 1 2 1 
3 14 43 
1 21 22 10 6 
1 17 41 1 
32 27 1 
1 21 20 1 14 3 
1 25 34 
1 48 5 1 5 
2 39 12 2 2 3 
2 7 19 28 4 
1 16 43 
2 3 19 36 
1 25 1 14 5 13 1 
49 4 6 1 
1 13 7 12 15 1 3 2 1 1 3 1 
6 28 26 
15 36 7 2 
1 37 2 2 7 7 2 2 
39 16 5 
1 20 8 15 14 1 1 
47 3 10 
1 16 16 11 2 3 7 3 1 
21 34 3 2 
1 11 3 3 37 1 3 1 
1 36 1 4 7 4 4 3 
4 24 9 18 4 1 
59 1 
5 5 3 17 23 3 2 1 1 
2 44 13 1 
1 20 4 22 5 6 2 
1 45 3 10 1 
1 53 6 
3 26 12 19 
1 57 2 
1 5 28 1 22 1 2 
40 10 5 5 
2 54 3 1 
1 13 40 6 
12 27 6 1 14 
1 50 2 6 1 
6 17 18 19 
1 56 3 
1 7 21 8 9 3 9 2 
12 15 29 4 
1 3 14 42 
1 12 33 10 4 
15 13 28 2 2 
2 42 5 1 4 5 1 
1 9 26 20 1 1 2 
1 38 4 6 3 2 2 2 2 
2 54 4 
29 22 1 4 2 2 
1 23 14 16 3 3 
1 28 26 3 1 1 
5 1 12 8 18 4 3 4 5 
12 42 6 
1 2 20 1 8 13 3 8 4 
8 43 5 2 2 
2 45 11 1 1 
59 1 
1 18 18 18 5 
1 16 15 3 1 10 6 6 1 1 
1 37 9 5 8 
1 27 25 5 2 
1 55 4 
2 50 8 
2 1 10 33 13 1 
60 
2 38 2 17 1 
1 41 7 5 4 1 1 
1 50 1 1 5 1 1 
1 17 40 2 
1 55 1 3 
7 47 6 
1 16 1 34 8 
1 40 19 
3 30 7 20 
33 20 7 
2 41 11 6 
2 27 18 1 7 2 1 2 
1 32 22 5 
1 49 4 6 
2 55 1 1 1 
1 7 51 1 
1 3 36 7 11 1 1 
1 17 5 4 5 24 4 
7 6 41 1 4 1 
1 4 45 4 6 
1 35 18 4 2 
1 42 9 2 2 1 1 1 1 
1 28 5 26 
1 57 1 1 
3 7 29 17 1 2 1 
24 12 19 5 
1 8 50 1 
1 16 32 2 8 1 
49 10 1 
1 28 25 5 1 
1 22 22 14 1 
1 56 3 
1 7 51 1 
1 43 9 5 2 
9 16 14 1 9 7 1 3 
5 34 15 4 1 1 
4 14 23 15 4 
3 13 29 3 3 1 4 1 3 
3 51 5 1 
1 11 19 16 13 
2 10 15 6 21 1 3 2 
4 38 8 10 
12 43 5 
1 49 4 5 1 
1 46 12 1 
2 39 5 4 6 1 1 1 1 
1 29 14 8 1 5 1 1 
2 51 3 2 2 
6 47 3 4 
2 22 15 4 1 15 1 
5 46 5 4 
8 21 11 5 7 1 5 1 1 
5 35 9 4 5 1 1 
2 6 20 19 8 2 1 1 1 
3 38 2 6 2 3 6 
2 8 9 17 4 16 2 2 
4 1 12 43 
24 4 32 
2 17 10 24 7 
3 27 26 2 2 
21 3 27 7 2 
1 31 3 13 9 1 2 
28 22 10 
10 22 27 1 
2 7 15 29 7 
5 48 4 3 
1 30 9 15 4 1 
17 22 20 1 
2 24 29 4 1 
4 30 22 1 2 1 
3 35 17 2 2 1 
2 43 10 4 1 
60 
4 13 21 5 14 3 
32 10 7 7 4 
4 52 3 1 
4 56 
1 19 22 11 7 
1 17 18 6 18 
60 
3 19 19 4 2 9 2 2 
7 32 10 4 4 3 
1 35 10 9 4 1 
6 27 19 3 2 1 2 
5 51 3 1 
1 12 18 21 5 2 1 
6 17 18 1 7 4 2 2 1 1 1 
1 56 3 
1 10 30 3 4 12 
1 12 2 33 9 3 
1 16 36 2 2 2 1 
1 37 11 6 1 4 
2 44 9 1 1 1 2 
1 10 39 6 4 
1 41 17 1 
1 37 12 4 2 3 1 
5 45 10 
1 23 15 16 1 3 1 
1 50 9 
4 44 12 
2 1 16 7 29 1 4 
1 59 
1 43 9 7 
25 12 17 3 3 
7 23 5 21 4 
1 23 22 6 8 
1 14 21 13 3 6 2 
11 12 30 2 3 1 1 
32 7 15 4 2 
2 6 25 24 1 2 
2 29 9 14 6 
1 36 6 13 4 
60 
4 55 1 
2 2 29 25 2 
4 1 27 28 
12 6 14 16 4 6 2 
12 22 21 5 
1 33 11 1 12 2 
1 32 10 8 9 
3 41 16 
1 51 4 3 1 
16 42 2 
25 35 
1 36 14 3 6 
2 42 4 2 6 4 
1 46 13 
4 32 24 
3 20 20 3 8 2 2 1 1 
27 28 5 
2 57 1 
2 38 13 4 1 2 
1 8 41 3 7 
13 43 3 1 
1 17 28 9 3 2 
7 46 1 1 5 
7 18 23 12 
3 41 15 1 
2 38 19 1 
1 10 43 2 1 2 1 
1 29 2 3 5 19 1 
43 12 3 2 
8 8 9 17 12 4 2 
36 13 3 4 1 3 
1 50 5 1 3 
1 58 1 
1 17 9 30 3 
1 38 21 
33 27 
1 26 3 27 2 1 
48 7 1 2 2 
2 57 1 
2 20 11 26 1 
3 7 11 27 1 3 4 2 2 
23 4 7 22 2 2 
3 10 39 4 3 1 
26 34 
59 1 
1 46 11 1 1 
3 30 16 5 5 1 
4 55 1 
1 19 28 2 7 2 1 
1 35 23 1 
55 5 
44 10 5 1 
1 8 26 10 2 11 2 
1 28 18 3 5 3 1 1 
1 40 6 7 1 4 1 
1 14 44 1 
1 19 39 1 
16 12 11 5 4 4 8 
2 31 26 1 
15 12 21 4 4 1 3 
2 24 24 10 
1 33 22 4 
2 24 1 9 21 1 2 
2 47 10 1 
7 38 4 9 2 
1 9 1 44 5 
1 8 25 12 6 2 1 3 2 
1 25 10 21 3 
5 11 13 23 8 
1 24 34 1 
1 42 14 3 
1 30 22 7 
2 10 3 39 6 
3 55 1 1 
1 13 41 1 4 
3 5 30 20 2 
1 50 6 2 1 
2 25 21 10 2 
1 44 13 2 
7 33 9 2 6 2 1 
7 43 10 
3 17 12 23 2 1 2 
4 4 37 10 2 2 1 
3 50 2 3 1 1 
1 39 18 2 
3 31 11 7 5 2 1 
54 5 1 
4 38 13 1 1 1 1 1 
1 31 1 15 7 2 2 1 
42 11 6 1 
5 24 2 29 
1 57 2 
1 2 56 1 
6 31 17 3 1 2 
2 33 3 9 13 
23 20 17 
16 27 17 
13 44 3 
3 23 4 21 7 2 
15 26 13 1 4 1 
3 36 16 2 2 1 
1 49 1 3 5 1 
10 6 6 30 3 2 1 2 
42 16 2 
13 1 31 14 1 
1 24 22 5 4 3 1 
11 9 40 
3 14 4 1 21 3 10 2 1 1 
4 18 21 17 
42 4 12 1 1 
37 1 3 8 4 5 2 
14 38 6 2 
19 4 29 3 4 1 
1 1 10 48 
2 49 2 4 2 1 
17 40 3 
7 14 21 16 2 
60 
1 5 4 36 13 1 
5 33 4 9 8 1 
1 46 8 1 4 
32 8 1 4 13 1 1 
1 40 18 1 
2 53 1 3 1 
5 48 7 
28 21 9 2 
10 4 15 17 3 7 3 1 
20 25 8 1 6 
1 28 28 2 1 
1 32 15 4 2 6 
1 32 3 18 1 5 
32 21 6 1 
6 28 2 15 1 7 1 
31 19 4 4 1 1 
28 26 1 4 1 
24 36 
58 2 
1 49 9 1 
1 7 39 6 2 3 2 
1 53 1 2 2 1 
6 41 3 7 3 
12 38 3 7 
3 54 1 2 
9 10 4 14 20 1 2 
12 46 1 1 
53 4 1 2 
1 34 15 7 3 
3 36 14 6 1 
3 46 8 3 
1 37 1 14 1 1 3 1 1 
2 18 23 14 1 1 1 
4 14 17 19 2 1 1 1 1 
1 42 14 3 
1 9 19 31 
1 1 7 50 1 
1 57 1 1 
57 2 1 
31 28 1 
1 5 11 32 5 1 3 2 
1 37 22 
2 10 12 17 8 6 5 
2 52 2 1 1 1 1 
54 1 5 
4 42 11 1 2 
6 42 10 1 1 
29 18 7 1 4 1 
2 48 9 1 
6 27 16 11 
6 38 11 2 3 
2 7 36 12 2 1 
1 20 10 23 5 1 
2 38 10 9 1 
4 37 19 
7 45 7 1 
1 40 19 
3 8 26 5 2 3 4 5 2 1 1 
1 47 12 
33 12 13 2 
1 8 7 25 15 2 2 
12 43 2 1 2 
5 23 26 2 4 
4 36 7 2 10 1 
9 17 34 
11 29 20 
16 11 28 3 2 
6 37 16 1 
1 36 19 2 2 
58 1 1 
60 
1 26 19 10 1 2 1 
2 16 14 10 8 10 
1 47 2 4 4 1 1 
12 29 9 5 5 
59 1 
2 1 33 5 19 
1 6 4 16 9 16 8 
1 18 17 10 4 9 1 
2 58 
1 10 19 3 5 1 6 7 3 1 2 2 
2 17 11 4 11 7 2 3 2 1 
39 20 1 
5 41 4 4 6 
1 55 3 1 
6 8 17 2 5 17 2 1 1 1 
1 17 28 6 8 
5 52 2 1 
3 44 4 5 4 
14 32 1 10 1 1 1 
31 13 6 5 3 2 
1 25 7 24 3 
1 42 5 9 3 
11 8 36 1 1 1 1 1 
25 24 6 4 1 
26 28 4 2 
1 8 36 1 13 1 
29 23 1 2 4 1 
16 31 12 1 
7 50 1 1 1 
1 24 29 6 
5 4 10 11 11 19 
1 28 26 3 1 1 
2 40 18 
3 30 27 
1 11 33 9 5 1 
47 12 1 
1 52 7 
2 11 22 22 1 2 
7 12 25 1 1 10 2 1 1 
2 58 
10 39 7 2 1 1 
1 40 1 17 1 
2 46 1 10 1 
1 49 1 9 
60 
2 10 16 17 3 1 11 
1 9 3 7 13 22 5 
1 13 46 
1 48 11 
30 16 8 2 2 1 1 
4 17 16 10 4 4 1 2 1 1 
7 40 1 7 2 3 
3 15 20 10 4 5 1 2 
2 42 5 1 1 9 
1 59 
1 44 3 8 4 
4 13 40 1 2 
2 8 26 11 5 2 4 1 1 
39 6 5 9 1 
3 18 21 7 4 6 1 
1 12 29 11 2 1 3 1 
17 38 4 1 
31 11 17 1 
1 23 7 27 1 1 
23 19 17 1 
2 20 18 17 3 
1 57 1 1 
1 27 28 1 3 
3 32 25 
1 34 23 1 1 
2 41 5 8 4 
1 39 19 1 
1 6 48 1 1 2 1 
26 27 7 
2 43 5 8 1 1 
1 36 14 7 1 1 
2 9 27 2 20 
1 4 11 17 4 6 4 5 8 
1 4 39 10 5 1 
4 52 4 
1 25 34 
18 7 7 19 9 
1 30 3 23 2 1 
1 52 3 2 1 1 
1 16 26 16 1 
5 44 2 4 5 
13 38 8 1 
60 
16 23 17 1 3 
1 57 1 1 
3 24 23 2 2 6 
60 
8 36 15 1 
1 49 2 5 1 2 
60 
3 38 13 3 2 1 
2 26 13 13 1 2 1 2 
2 3 52 1 2 
4 25 23 7 1 
1 50 9 
5 54 1 
6 25 4 5 15 2 1 2 
1 17 3 14 19 1 4 1 
1 11 47 1 
60 
36 13 3 3 2 1 2 
57 1 2 
8 1 6 10 14 6 9 1 2 2 1 
3 50 7 
1 8 21 6 10 8 6 
16 41 2 1 
13 3 31 9 2 1 1 
1 28 9 15 5 1 1 
7 25 11 2 4 11 
12 23 20 5 
9 18 17 4 12 
28 14 15 1 2 
3 15 23 2 10 7 
4 15 17 14 5 1 1 1 1 1 
16 29 8 2 5 
1 32 26 1 
4 49 7 
1 39 20 
1 14 10 21 4 1 4 3 2 
2 16 31 10 1 
22 23 15 
1 15 19 17 6 1 1 
4 25 19 10 1 1 
14 32 14 
1 44 9 6 
5 11 11 16 1 14 1 1 
5 32 10 10 1 1 1 
1 4 3 11 41 
1 58 1 
1 6 8 20 25 
2 48 5 4 1 
3 8 44 3 1 1 
2 28 7 1 13 5 1 1 2 
1 29 20 1 2 2 3 1 1 
11 21 2 11 12 2 1 
35 15 3 6 1 
2 49 8 1 
2 10 17 27 4 
50 7 2 1 
4 51 2 2 1 
51 8 1 
5 5 4 2 13 28 3 
1 53 6 
13 43 3 1 
52 5 2 1 
10 11 13 7 11 7 1 
22 34 4 
10 48 2 
13 41 6 
12 47 1 
1 42 1 8 1 2 5 
1 40 2 4 12 1 
7 44 9 
1 14 27 15 3 
1 57 2 
2 48 3 3 4 
9 7 29 7 8 
14 44 2 
2 1 17 17 8 10 5 
1 23 18 13 3 1 1 
1 59 
1 51 4 4 
2 14 11 17 16 
2 57 1 
19 10 18 5 6 2 
9 28 10 9 4 
1 39 19 1 
1 14 38 5 2 
4 56 
5 4 19 30 1 1 
1 53 6 
1 21 23 12 1 1 1 
1 33 13 2 9 1 1 
4 18 8 16 14 
3 33 9 13 1 1 
2 6 21 9 9 5 8 
48 9 3 
1 28 1 13 13 2 2 
1 14 13 24 1 3 4 
8 10 20 10 2 6 1 2 1 
5 8 19 3 4 21 
2 47 6 1 4 
2 13 45 
4 30 1 1 10 1 5 2 5 1 
18 3 34 2 2 1 
52 3 5 
1 10 45 2 1 1 
1 8 39 10 1 1 
1 26 5 1 12 13 2 
60 
1 29 5 11 12 2 
4 2 54 
2 15 8 26 5 2 1 1 
8 45 6 1 
1 40 12 6 1 
2 23 20 9 6 
20 12 13 1 14 
2 48 10 
1 57 2 
1 20 12 23 2 2 
1 55 4 
31 19 3 1 1 5 
1 26 23 2 8 
1 15 4 12 7 1 20 
2 50 1 6 1 
12 35 13 
3 42 1 1 4 8 1 
10 39 6 3 1 1 
1 50 5 1 1 2 
10 29 5 13 3 
7 6 29 12 1 2 3 
1 58 1 
3 14 1 3 15 24 
1 5 15 37 2 
1 30 28 1 
20 1 13 7 11 4 2 2 
1 30 10 11 4 1 3 
17 39 4 
50 2 3 2 3 
1 30 29 
2 35 15 6 2 
1 5 23 21 4 5 1 
5 22 33 
8 49 3 
2 26 26 6 
1 45 14 
12 47 1 
28 27 5 
27 25 6 1 1 
4 56 
10 35 12 3 
2 54 1 2 1 
1 8 37 6 8 
2 17 38 2 1 
4 43 13 
1 6 53 
26 32 2 
1 57 2 
35 11 1 12 1 
1 51 8 
14 46 
3 28 22 4 3 
1 46 8 1 1 1 1 1 
1 39 2 8 7 2 1 
1 26 22 9 2 
1 48 5 1 5 
2 37 10 1 4 2 2 2 
1 53 4 2 
22 19 6 8 1 4 
5 7 14 23 9 1 1 
1 7 46 3 3 
4 23 13 6 12 1 1 
9 23 8 3 2 9 2 4 
5 41 5 1 5 1 2 
4 7 49 
44 8 5 2 1 
1 7 37 12 3 
1 49 2 6 2 
1 42 7 6 3 1 
3 12 28 14 2 1 
1 9 34 7 3 4 2 
1 17 42 
1 11 1 47 
21 12 23 4 
1 58 1 
1 11 48 
2 22 33 3 
52 5 1 1 1 
2 32 4 10 4 8 
1 29 30 
26 6 17 7 2 1 1 
7 50 3 
24 10 3 12 11 
2 37 18 1 1 1 
13 16 26 3 2 
14 41 3 2 
1 27 32 
2 33 21 4 
17 2 8 21 12 
47 1 2 1 2 3 4 
4 31 3 10 8 2 2 
2 40 18 
3 2 39 15 1 
1 10 21 6 14 4 4 
6 45 1 7 1 
1 41 7 8 1 1 1 
8 35 17 
12 25 1 14 4 3 1 
1 51 7 1 
3 13 29 11 1 1 2 
27 11 9 4 9 
6 39 9 2 4 
18 16 3 7 4 3 9 
1 16 38 1 3 1 
23 9 28 
1 39 19 1 
52 1 7 
3 33 24 
4 39 11 5 1 
1 28 30 1 
6 13 40 1 
2 25 33 
32 13 15 
1 56 2 1 
9 38 11 1 1 
2 45 8 1 1 1 2 
28 32 
18 4 31 4 2 1 
2 55 3 
58 1 1 
1 58 1 
2 29 27 2 
1 5 28 2 19 2 3 
2 12 28 5 13 
1 6 28 19 6 
2 55 2 1 
3 34 1 6 1 8 7 
4 35 20 1 
13 31 16 
2 16 20 11 4 2 3 1 1 
1 59 
1 41 18 
36 9 7 4 2 1 1 
3 56 1 
22 4 1 26 1 4 2 
1 36 10 11 2 
1 1 9 36 5 3 5 
3 35 5 17 
2 50 5 2 1 
43 11 5 1 
1 38 7 12 2 
19 27 8 1 4 1 
1 4 13 5 10 4 23 
5 25 5 13 2 8 1 1 
1 1 48 8 2 
1 55 4 
1 28 31 
7 44 2 4 2 1 
7 48 5 
22 22 16 
1 9 20 30 
3 44 3 4 2 1 3 
2 46 10 1 1 
2 41 13 3 1 
4 52 1 1 2 
1 25 31 2 1 
1 33 2 24 
1 2 8 27 9 6 2 4 1 
41 12 3 1 3 
1 52 7 
18 19 1 17 4 1 
8 35 15 2 
1 4 52 3 
5 23 32 
58 1 1 
3 1 38 7 1 8 1 1 
35 1 15 1 8 
17 34 1 3 4 1 
6 18 11 14 9 2 
2 15 15 5 2 8 5 3 4 1 
2 12 30 10 4 1 1 
25 5 11 15 3 1 
1 31 8 13 5 1 1 
1 14 23 5 9 7 1 
3 8 9 7 1 18 1 1 12 
3 32 16 3 2 2 2 
33 6 18 2 1 
1 58 1 
24 10 11 7 3 2 3 
2 31 3 7 6 10 1 
2 56 2 
14 24 17 3 1 1 
21 31 8 
1 59 
8 4 16 1 2 20 4 5 
6 40 9 5 
17 34 1 3 4 1 
2 57 1 
5 55 
28 25 4 1 1 1 
60 
1 7 23 13 10 1 1 1 2 1 
2 41 7 5 2 3 
1 57 2 
2 25 7 16 4 6 
56 4 
4 48 6 2 
12 4 6 1 4 7 13 5 6 1 1 
57 3 
38 4 12 4 2 
15 4 22 18 1 
1 42 17 
15 45 
3 50 7 
2 12 25 7 7 1 5 1 
6 12 5 11 4 1 1 11 7 1 1 
3 13 19 11 11 2 1 
9 9 14 22 5 1 
9 11 2 15 18 4 1 
3 1 15 25 11 4 1 
2 12 18 8 8 4 8 
1 33 17 9 
1 5 39 1 5 9 
56 3 1 
10 6 28 1 14 1 
1 17 36 3 3 
42 7 4 6 1 
2 4 11 38 4 1 
5 21 27 5 2 
1 45 4 4 3 3 
1 26 13 17 2 1 
12 23 4 12 1 7 1 
19 16 5 5 13 2 
1 6 41 1 9 2 
3 57 
1 42 17 
2 33 13 8 1 1 2 
2 49 1 4 4 
5 40 9 1 1 1 3 
53 4 3 
1 49 5 2 3 
2 46 12 
1 16 22 13 8 
2 10 48 
15 12 17 4 10 2 
2 55 3 
7 26 20 7 
3 32 6 14 5 
2 12 21 17 8 
1 29 26 4 
7 37 11 1 3 1 
1 28 26 4 1 
4 16 40 
3 54 1 2 
2 9 28 12 4 4 1 
1 46 12 1 
2 39 9 4 1 5 
2 40 3 5 8 2 
1 25 29 3 1 1 
1 29 22 5 3 
5 1 40 9 3 2 
16 9 7 22 1 1 1 3 
15 8 11 22 4 
10 9 4 30 4 1 1 1 
4 52 3 1 
5 54 1 
1 49 2 7 1 
2 38 10 5 2 2 1 
3 16 19 2 16 4 
1 48 9 2 
1 33 26 
5 11 5 10 6 6 6 2 3 6 
3 45 7 4 1 
2 7 35 1 2 9 2 1 1 
12 37 8 2 1 
23 13 14 5 5 
9 30 9 12 
4 6 29 14 7 
1 56 2 1 
1 33 4 6 6 10 
1 1 24 3 28 3 
21 6 2 22 1 7 1 
1 14 9 16 14 2 4 
3 51 5 1 
1 58 1 
1 58 1 
19 1 25 9 6 
2 31 7 10 2 4 2 2 
3 52 2 3 
2 26 20 6 1 5 
1 53 2 2 1 1 
5 25 30 
3 57 
21 32 3 1 1 1 1 
21 29 4 1 2 1 1 1 
2 58 
15 5 25 12 3 
1 30 16 4 9 
1 51 8 
1 38 11 2 1 7 
3 27 18 10 2 
3 39 18 
1 52 3 4 
3 49 5 2 1 
16 10 17 2 5 9 1 
7 38 8 7 
4 20 22 8 3 3 
2 43 14 1 
1 35 16 2 3 3 
8 9 43 
16 40 4 
56 2 1 1 
1 5 6 5 9 9 3 17 2 2 1 
1 20 21 1 3 12 1 1 
2 4 12 7 19 13 2 1 
1 45 14 
1 51 2 1 2 2 1 
4 10 46 
2 43 10 4 1 
1 14 31 8 5 1 
2 46 6 5 1 
6 45 9 
2 34 23 1 
2 15 28 14 1 
1 19 27 9 1 1 1 1 
6 17 37 
5 9 46 
7 17 26 9 1 
1 43 12 3 1 
1 17 42 
1 38 12 7 1 1 
43 5 2 8 1 1 
1 3 44 9 2 1 
60 
1 18 36 4 1 
3 32 23 2 
2 55 1 1 1 
1 15 18 25 1 
24 16 16 4 
1 16 24 13 4 2 
23 33 2 2 
17 23 14 6 
48 10 2 
15 25 8 9 1 1 1 
34 13 10 2 1 
2 32 8 18 
1 30 4 25 
1 7 18 33 1 
1 5 45 7 1 1 
1 3 40 13 2 1 
9 49 2 
40 8 10 1 1 
1 54 1 2 2 
2 24 34 
1 42 16 1 
19 29 10 1 1 
60 
1 50 5 4 
1 22 31 3 3 
7 28 9 12 3 1 
8 48 2 2 
2 11 29 9 3 3 3 
1 52 5 2 
13 17 12 5 5 7 1 
44 6 1 8 1 
15 26 12 7 
3 29 22 3 2 1 
3 7 18 31 1 
1 47 6 1 3 2 
9 7 26 16 2 
14 31 14 1 
3 15 32 10 
1 30 4 5 3 4 4 7 2 
40 9 2 9 
1 35 2 10 1 11 
16 19 9 3 7 6 
1 18 38 2 1 
6 37 14 1 2 
10 20 20 10 
1 46 2 3 1 1 6 
17 5 21 15 2 
1 1 27 23 2 4 1 1 
14 30 1 2 5 4 2 2 
3 39 3 7 6 2 
2 9 33 3 7 1 5 
1 34 7 1 2 1 11 1 1 1 
10 17 16 16 1 
1 42 5 12 
1 46 3 9 1 
1 40 16 1 2 
1 30 7 22 
1 28 19 4 1 5 2 
2 55 2 1 
1 57 1 1 
1 43 1 1 12 1 1 
1 11 32 3 8 4 1 
4 12 37 2 1 1 3 
1 49 10 
2 15 17 7 15 2 1 1 
1 49 3 4 3 
6 6 13 35 
4 37 17 1 1 
4 26 17 4 9 
11 35 7 6 1 
9 36 14 1 
33 14 13 
6 37 6 6 5 
1 18 15 4 22 
1 17 16 6 7 9 1 1 1 1 
1 58 1 
11 16 18 6 4 2 2 1 
4 30 6 11 4 3 2 
2 11 4 19 12 2 1 5 4 
57 3 
1 42 17 
4 25 28 2 1 
1 51 6 1 1 
60 
4 35 12 9 
1 32 2 20 5 
4 17 29 9 1 
2 36 21 1 
1 9 49 1 
1 51 7 1 
20 35 1 2 1 1 
9 6 34 9 2 
57 1 2 
1 5 39 6 9 
3 43 12 1 1 
4 9 7 25 4 10 1 
23 10 27 
1 47 5 5 1 1 
5 43 3 7 2 
1 50 2 7 
6 53 1 
1 4 4 30 17 2 2 
2 4 54 
6 23 15 1 14 1 
5 8 36 2 9 
5 35 2 12 3 3 
1 19 23 3 8 2 3 1 
6 48 1 4 1 
2 21 23 11 1 1 1 
1 22 37 
1 38 3 14 3 1 
3 23 5 1 22 2 4 
11 43 2 2 1 1 
2 45 3 3 5 2 
1 28 28 2 1 
1 26 22 1 10 
1 24 3 4 23 2 1 1 1 
29 17 6 1 1 4 2 
2 18 3 28 2 4 1 2 
3 19 38 
8 49 1 2 
25 33 1 1 
1 48 4 1 3 2 1 
19 20 4 9 1 1 2 3 1 
4 23 8 10 7 1 3 4 
1 21 18 3 14 1 2 
1 12 45 2 
60 
1 59 
2 57 1 
1 35 5 2 8 8 1 
1 18 40 1 
1 45 7 3 1 3 
2 56 2 
17 42 1 
6 21 30 2 1 
17 39 3 1 
1 25 10 6 16 1 1 
1 13 40 2 4 
32 24 3 1 
1 24 35 
1 55 3 1 
1 29 30 
2 40 17 1 
2 25 8 2 6 6 1 6 4 
1 50 4 4 1 
1 39 2 2 6 9 1 
42 12 5 1 
1 27 6 10 4 12 
1 30 29 
1 48 5 1 4 1 
6 48 6 
2 24 12 5 3 4 2 4 1 2 1 
1 41 2 6 9 1 
54 3 3 
4 17 17 13 2 2 2 3 
1 47 7 4 1 
1 4 7 45 3 
60 
1 52 7 
56 2 2 
1 44 14 1 
1 1 2 5 11 24 9 7 
1 15 26 17 1 
1 20 17 11 1 8 1 1 
5 26 5 9 9 3 3 
6 1 51 1 1 
2 42 12 3 1 
1 7 39 4 3 6 
4 3 8 10 11 22 1 1 
1 53 6 
1 42 14 2 1 
1 16 10 33 
2 18 2 2 25 4 2 5 
12 43 5 
1 9 31 2 4 8 2 3 
2 29 2 17 5 4 1 
18 6 22 13 1 
1 41 8 7 3 
11 14 10 4 16 3 2 
11 23 9 3 2 2 2 7 1 
2 50 2 5 1 
2 46 11 1 
20 11 2 25 1 1 
11 26 7 8 8 
3 39 17 1 
5 49 6 
2 7 50 1 
1 32 25 1 1 
1 56 3 
2 45 7 1 3 2 
1 50 2 4 2 1 
1 42 11 6 
1 52 4 2 1 
8 30 2 8 1 10 1 
24 15 21 
2 38 5 9 1 2 1 2 
7 33 5 1 11 3 
1 35 7 6 8 2 1 
1 17 29 13 
1 23 18 8 4 4 1 1 
4 43 8 4 1 
1 55 2 2 
1 8 28 20 3 
1 20 5 21 6 4 2 1 
13 47 
6 26 12 16 
5 3 36 2 3 4 6 1 
3 32 2 17 4 1 1 
5 12 5 8 30 
2 46 6 4 2 
8 28 12 10 1 1 
3 37 20 
1 56 3 
1 2 41 11 2 3 
1 17 10 3 12 11 1 1 2 1 1 
1 38 13 1 3 4 
4 6 50 
2 35 5 1 7 2 7 1 
1 26 12 9 8 4 
1 45 9 5 
1 59 
12 19 11 15 3 
18 16 21 4 1 
1 38 5 2 4 1 7 2 
1 55 3 1 
49 10 1 
2 38 20 
1 36 3 1 5 5 2 3 1 2 1 
1 42 14 2 1 
1 15 25 6 13 
2 28 7 15 8 
1 58 1 
1 16 21 3 5 13 1 
27 9 3 2 7 2 3 6 1 
12 16 10 5 4 13 
2 39 10 1 2 2 4 
1 50 7 1 1 
1 11 42 2 2 2 
1 57 2 
4 25 26 1 2 1 1 
20 24 11 4 1 
10 30 18 2 
1 57 1 1 
1 56 1 2 
1 45 5 2 4 2 1 
39 13 4 3 1 
13 5 21 1 2 7 11 
3 1 19 22 12 1 2 
1 36 16 2 5 
60 
2 54 4 
4 17 17 9 2 6 3 2 
8 13 32 3 4 
9 23 6 1 6 10 1 4 
50 5 3 1 1 
3 54 1 2 
1 28 5 19 5 1 1 
1 19 39 1 
8 24 28 
1 17 7 2 16 8 4 2 3 
1 53 6 
2 31 22 5 
22 26 12 
1 2 1 37 8 11 
2 56 2 
19 2 11 4 10 1 4 3 4 1 1 
5 22 2 15 4 1 11 
1 55 4 
1 39 2 17 1 
1 57 1 1 
6 14 39 1 
1 8 36 2 7 2 1 3 
1 33 20 5 1 
3 11 10 22 5 9 
2 33 7 15 2 1 
1 24 28 7 
1 11 24 9 5 8 1 1 
13 23 8 14 1 1 
4 43 3 5 5 
58 2 
3 31 20 1 4 1 
26 12 5 1 12 2 1 1 
1 43 6 6 3 1 
4 48 5 2 1 
8 43 7 2 
2 16 16 21 3 1 1 
4 32 16 4 3 1 
1 6 52 1 
1 36 2 19 2 
3 21 1 7 22 6 
2 11 12 22 4 6 3 
1 26 5 15 1 7 5 
11 19 21 5 4 
48 1 9 2 
60 
3 5 33 1 12 1 2 3 
58 1 1 
26 6 21 2 4 1 
1 49 10 
6 44 5 4 1 
37 7 2 5 2 2 5 
27 7 26 
1 36 21 1 1 
1 3 2 8 34 2 10 
34 1 6 17 2 
1 13 8 7 22 3 1 3 1 1 
4 14 12 15 7 4 4 
1 42 8 1 8 
1 4 3 37 11 2 1 1 
2 38 18 1 1 
2 4 53 1 
7 50 3 
1 14 32 7 1 1 2 2 
1 27 28 3 1 
4 26 5 1 5 16 3 
1 44 15 
1 59 
2 13 19 4 6 16 
12 17 26 2 1 1 1 
2 37 10 5 2 4 
5 21 18 5 10 1 
1 51 1 4 1 1 1 
7 48 4 1 
1 2 36 6 7 4 2 1 1 
3 28 29 
4 6 15 3 1 12 14 2 2 1 
11 5 44 
11 49 
55 4 1 
13 5 12 2 16 10 1 1 
13 42 5 
1 13 2 23 4 7 6 2 2 
2 19 32 7 
45 5 1 5 4 
2 32 10 10 6 
59 1 
1 26 28 2 2 1 
9 43 7 1 
1 2 49 5 2 1 
1 14 6 6 29 1 1 2 
14 8 37 1 
1 38 11 6 1 1 2 
42 2 3 11 1 1 
16 2 2 28 7 2 3 
1 29 16 9 2 2 1 
12 27 14 7 
1 36 4 2 17 
3 27 23 7 
6 54 
1 29 1 5 16 3 2 1 1 1 
2 39 3 1 1 7 7 
1 47 2 8 1 1 
1 41 16 1 1 
1 9 9 22 15 2 2 
1 25 28 1 5 
1 12 6 1 22 5 12 1 
8 35 4 1 5 4 1 2 
24 34 2 
2 51 7 
18 33 3 2 2 2 
1 44 12 3 
60 
4 29 17 3 7 
12 16 22 6 3 1 
17 12 3 10 9 7 1 1 
1 14 42 3 
3 42 14 1 
1 27 26 4 2 
1 17 12 6 2 11 7 3 1 
57 3 
1 56 3 
36 1 22 1 
60 
60 
12 7 36 5 
14 8 16 17 5 
28 13 9 9 1 
1 23 36 
1 15 1 26 10 1 2 4 
3 37 9 9 2 
21 3 34 1 1 
34 16 3 1 6 
12 19 13 14 2 
3 37 11 3 6 
3 37 10 7 3 
2 14 34 3 1 4 2 
9 31 11 9 
2 9 34 3 2 10 
2 9 9 7 27 1 3 1 1 
53 7 
16 43 1 
1 38 9 7 5 
1 13 46 
28 1 30 1 
1 31 18 7 3 
2 32 19 5 2 
1 28 9 18 4 
1 19 15 19 4 1 1 
6 54 
51 4 4 1 
4 48 4 1 1 1 1 
1 34 17 8 
1 13 11 22 10 2 1 
1 10 5 16 14 3 9 1 1 
26 2 6 11 2 2 6 1 1 2 1 
32 17 11 
1 39 18 1 1 
3 1 48 7 1 
5 38 3 2 4 1 6 1 
6 49 1 2 2 
19 12 29 
8 8 43 1 
2 58 
5 45 7 1 2 
4 55 1 
1 16 13 21 8 1 
55 2 1 1 1 
2 52 5 1 
15 44 1 
3 11 7 30 9 
60 
1 17 42 
1 47 11 1 
2 24 7 22 2 2 1 
2 35 5 5 3 2 2 3 3 
5 18 16 19 2 
6 18 26 8 2 
13 25 8 7 4 1 1 1 
2 33 16 6 1 2 
5 12 36 6 1 
6 54 
35 3 9 7 4 2 
48 11 1 
1 7 9 30 1 10 2 
2 30 9 6 4 2 1 3 2 1 
2 31 4 4 16 2 1 
4 19 13 21 3 
1 19 20 10 4 4 2 
16 36 7 1 
1 16 5 8 15 12 2 1 
1 55 1 3 
3 12 10 18 1 8 1 5 2 
3 30 9 13 1 2 2 
1 57 2 
2 5 8 39 6 
2 45 10 3 
2 13 6 10 27 2 
60 
59 1 
1 38 21 
10 30 1 3 1 7 1 1 6 
48 12 
1 43 2 1 7 6 
39 12 9 
2 15 13 6 4 16 1 1 1 1 
24 36 
11 47 1 1 
1 46 13 
2 8 49 1 
1 53 3 2 1 
15 20 14 7 4 
1 5 8 25 12 9 
33 1 25 1 
60 
4 48 6 1 1 
1 59 
1 53 3 3 
55 4 1 
59 1 
3 26 18 6 5 2 
14 23 23 
15 1 37 3 1 3 
1 19 18 14 6 2 
1 14 45 
1 30 12 4 9 2 1 1 
59 1 
3 34 16 7 
1 23 4 19 9 2 2 
6 36 4 8 1 3 2 
2 12 41 1 4 
2 56 1 1 
2 51 7 
1 33 17 3 5 1 
2 41 5 9 1 1 1 
7 4 11 32 6 
2 37 19 1 1 
2 43 3 7 1 2 2 
3 6 36 14 1 
1 15 38 5 1 
1 39 17 1 2 
2 55 1 1 1 
32 28 
1 19 39 1 
2 34 14 4 3 3 
1 2 53 3 1 
1 15 7 5 20 12 
14 44 1 1 
3 18 3 16 1 3 5 4 5 1 1 
3 36 18 2 1 
31 17 6 5 1 
13 13 32 2 
9 9 24 8 2 1 6 1 
2 46 7 4 1 
1 25 12 13 2 7 
3 57 
1 6 47 2 2 1 1 
5 35 18 1 1 
1 28 5 15 8 3 
3 5 38 2 9 1 1 1 
1 48 11 
57 2 1 
11 41 1 7 
1 16 41 2 
1 18 16 10 11 2 2 
1 36 12 11 
1 28 15 1 8 5 2 
1 52 6 1 
1 8 1 26 10 13 1 
1 3 20 36 
3 45 10 2 
5 43 7 3 2 
4 51 5 
2 27 11 14 5 1 
1 58 1 
13 22 16 9 
30 19 9 2 
5 13 2 26 9 4 1 
1 27 26 3 3 
1 32 18 2 6 1 
57 3 
6 10 12 17 15 
14 12 31 1 2 
1 19 23 4 9 1 2 1 
9 27 20 2 2 
36 14 9 1 
1 5 15 11 11 6 4 1 3 1 1 1 
2 15 11 21 1 9 1 
1 4 26 3 19 6 1 
2 22 34 2 
10 19 16 4 8 2 1 
29 10 12 9 
1 57 2 
2 25 14 2 9 6 2 
1 7 6 19 13 1 3 3 6 1 
5 39 1 3 3 5 3 1 
4 14 7 16 6 7 2 1 2 1 
3 12 15 3 27 
2 21 37 
1 58 1 
1 36 10 1 12 
16 33 5 2 2 2 
1 31 28 
1 35 19 5 
56 2 1 1 
13 6 21 8 3 8 1 
5 50 3 1 1 
1 6 12 1 27 1 7 4 1 
2 37 21 
16 16 19 7 1 1 
1 23 17 16 1 1 1 
45 9 6 
43 1 15 1 
1 20 10 29 
56 1 1 2 
1 44 2 1 12 
8 40 9 2 1 
1 26 27 1 4 1 
10 38 2 10 
3 4 39 10 2 1 1 
2 58 
13 12 3 26 6 
3 32 5 15 2 1 2 
1 44 13 2 
1 4 20 3 17 13 2 
1 1 41 13 3 1 
1 2 57 
1 44 4 2 7 1 1 
3 6 13 17 1 14 3 2 1 
2 37 13 1 5 2 
2 41 15 2 
42 3 15 
1 43 16 
1 51 3 1 4 
1 20 8 6 16 2 4 1 1 1 
1 6 38 3 4 1 2 3 1 1 
13 38 4 4 1 
31 5 6 5 4 9 
3 14 43 
1 8 45 6 
1 13 41 2 2 1 
1 41 13 1 2 2 
1 46 13 
14 37 9 
27 17 5 11 
4 41 7 6 2 
1 4 36 5 1 2 4 5 1 1 
28 16 9 5 2 
4 43 1 6 4 2 
1 45 14 
5 44 6 3 2 
2 53 1 1 3 
60 
4 28 3 19 3 3 
2 42 13 3 
2 54 4 
60 
11 15 15 15 4 
2 46 5 3 4 
2 28 4 26 
3 19 17 16 4 1 
1 53 6 
4 53 3 
1 35 14 1 8 1 
1 38 9 12 
11 36 6 5 2 
15 28 6 11 
3 16 16 14 11 
2 54 2 1 1 
1 44 14 1 
45 10 2 2 1 
42 1 10 7 
2 22 17 7 8 3 1 
2 29 25 4 
12 16 2 8 10 5 5 1 1 
6 10 7 3 18 1 8 6 1 
28 6 23 3 
19 40 1 
1 48 11 
13 6 9 16 1 6 6 1 2 
37 12 11 
2 41 1 5 9 1 1 
5 55 
8 21 30 1 
1 54 3 2 
1 46 13 
1 29 10 15 2 2 1 
1 51 7 1 
27 13 11 8 1 
1 57 1 1 
1 24 35 
1 12 15 28 1 1 1 1 
1 30 23 4 1 1 
2 25 2 17 12 2 
23 25 3 8 1 
8 47 4 1 
1 55 4 
1 38 4 4 7 5 1 
37 9 1 13 
1 21 23 1 5 1 1 1 2 4 
18 18 4 16 4 
12 44 2 2 
9 46 5 
3 55 2 
1 6 10 5 21 15 2 
14 31 13 1 1 
12 11 20 15 2 
1 13 14 5 26 1 
4 27 18 4 2 3 2 
4 2 16 7 20 6 1 1 3 
3 21 35 1 
21 37 2 
8 13 32 2 5 
19 26 9 3 3 
1 26 29 4 
13 39 8 
1 22 9 21 1 1 5 
2 42 13 1 1 1 
3 41 1 5 3 6 1 
6 25 8 3 4 1 9 2 2 
33 10 12 1 1 1 1 1 
1 11 11 24 6 6 1 
1 24 7 1 7 20 
6 14 15 18 7 
1 46 13 
1 15 8 22 12 2 
31 29 
2 1 33 18 2 3 1 
11 11 10 16 7 2 1 1 1 
51 9 
5 8 12 2 1 26 2 2 1 1 
1 23 32 3 1 
1 21 19 15 3 1 
2 42 16 
1 23 34 2 
11 41 1 2 5 
1 12 31 6 7 3 
1 7 13 17 2 12 3 1 1 3 
1 35 24 
20 25 9 6 
1 50 8 1 
2 57 1 
1 56 2 1 
59 1 
3 25 8 4 14 1 2 3 
4 29 15 2 7 2 1 
17 35 1 2 3 2 
35 13 9 2 1 
4 14 36 4 1 1 
1 21 20 1 13 1 1 2 
2 51 7 
3 2 15 4 24 5 4 1 2 
1 58 1 
58 2 
1 18 5 23 5 2 3 2 1 
7 13 34 1 2 2 1 
7 34 10 8 1 
13 10 6 30 1 
1 3 47 3 2 1 2 1 
2 32 26 
1 4 37 13 1 1 1 2 
1 3 35 12 5 1 2 1 
12 14 8 16 10 
3 53 3 1 
1 45 2 12 
4 8 27 10 9 2 
48 5 6 1 
1 17 24 8 9 1 
52 1 4 3 
4 1 18 4 20 10 1 1 1 
5 3 2 16 4 9 7 7 1 5 1 
5 28 4 4 2 1 15 1 
14 16 18 4 7 1 
6 38 3 9 2 2 
2 35 20 3 
1 4 45 10 
21 21 5 9 3 1 
59 1 
1 50 3 3 1 1 1 
16 6 32 1 1 4 
23 19 13 5 
1 10 25 10 6 6 2 
1 20 18 16 1 1 3 
1 20 39 
1 36 21 1 1 
56 4 
2 6 20 11 21 
9 39 12 
1 45 1 5 3 2 3 
1 32 2 22 1 1 1 
1 58 1 
1 58 1 
1 51 3 2 2 1 
32 8 20 
45 7 3 5 
1 31 22 3 2 1 
14 35 10 1 
2 13 31 6 3 4 1 
16 2 2 37 2 1 
2 55 2 1 
1 5 53 1 
1 30 26 3 
8 25 3 9 4 4 3 1 3 
1 57 2 
1 19 25 9 1 5 
1 34 13 7 5 
5 44 4 2 5 
4 28 15 11 2 
22 9 11 5 3 3 5 2 
1 41 1 2 2 2 6 4 1 
2 52 6 
1 24 12 6 16 1 
10 13 29 3 3 1 1 
1 37 18 4 
25 29 2 4 
1 20 23 13 3 
4 54 1 1 
1 41 13 3 1 1 
1 5 24 7 2 8 6 3 2 1 1 
2 53 3 2 
1 17 20 22 
7 11 4 29 1 5 1 2 
2 5 35 11 6 1 
1 52 5 2 
1 35 6 4 5 8 1 
22 15 16 3 1 1 1 1 
1 51 1 6 1 
12 21 2 9 11 5 
2 4 10 6 28 3 5 2 
19 19 17 4 1 
1 11 48 
1 58 1 
3 23 32 2 
2 16 13 17 7 4 1 
4 50 4 2 
2 50 7 1 
2 35 20 3 
8 42 10 
37 3 11 4 3 1 1 
1 59 
3 38 9 9 1 
7 25 12 11 2 2 1 
1 45 1 4 9 
1 52 4 2 1 
1 21 25 8 2 1 2 
5 24 3 4 18 5 1 
1 47 1 1 8 1 1 
53 7 
1 4 11 28 2 9 2 1 1 1 
34 19 2 2 3 
2 13 4 14 15 12 
15 14 26 3 1 1 
2 6 45 3 4 
1 9 16 1 20 9 4 
1 6 40 8 1 1 2 1 
1 42 1 1 14 1 
4 31 25 
1 51 6 1 1 
1 15 44 
1 8 29 3 2 12 2 1 2 
58 2 
1 11 40 5 1 1 1 
4 19 23 4 6 2 2 
1 13 17 8 15 1 1 1 2 1 
1 44 12 3 
2 48 10 
1 40 14 3 1 1 
1 41 16 1 1 
10 37 6 2 3 2 
1 39 19 1 
1 2 11 40 4 1 1 
7 8 45 
1 5 37 2 13 1 1 
2 32 8 4 12 2 
3 53 3 1 
29 13 15 2 1 
12 33 14 1 
1 4 40 15 
14 44 1 1 
20 39 1 
1 50 7 1 1 
1 11 36 1 9 2 
1 24 28 7 
2 58 
10 3 1 21 11 1 3 5 1 3 1 
1 37 15 3 1 2 1 
2 21 18 4 8 1 5 1 
1 18 27 1 1 9 1 2 
3 56 1 
1 44 13 2 
1 46 10 1 2 
