8 40 12 1 
61 
31 9 9 1 11 
2 25 27 7 
46 6 6 2 1 
2 58 1 
8 15 11 4 3 7 12 1 
8 38 7 6 2 
5 37 18 1 
1 30 15 12 2 1 
1 9 2 32 11 2 1 3 
51 9 1 
2 2 43 12 1 1 
27 1 22 9 1 1 
1 22 34 1 1 2 
7 23 14 7 5 2 3 
1 18 42 
1 16 14 4 21 5 
3 34 16 4 1 3 
1 16 9 12 6 7 7 2 1 
1 54 4 1 1 
44 13 4 
7 31 18 1 4 
12 39 7 1 1 1 
1 11 33 5 2 1 6 1 1 
6 26 15 5 7 1 1 
3 3 34 12 1 3 5 
3 58 
2 48 6 5 
1 60 
1 58 2 
2 46 12 1 
3 37 14 3 2 1 1 
1 19 41 
2 9 9 29 6 1 1 4 
4 44 4 3 3 2 1 
1 49 11 
4 25 1 17 13 1 
1 34 26 
1 45 11 1 1 1 1 
6 37 17 1 
2 32 16 1 8 1 1 
11 38 8 4 
1 22 5 22 11 
3 11 17 26 4 
1 29 20 4 7 
2 48 8 3 
2 39 20 
2 7 29 12 1 1 5 3 1 
51 3 5 1 1 
26 9 6 7 7 5 1 
9 51 1 
1 37 8 5 5 2 3 
7 44 10 
1 52 4 2 2 
1 57 3 
2 22 34 3 
1 17 11 11 9 5 4 1 2 
2 50 2 1 4 1 1 
1 34 25 1 
52 5 4 
43 16 2 
33 13 7 2 6 
6 32 22 1 
4 34 15 1 2 5 
6 22 5 9 3 15 1 
11 26 12 1 1 2 8 
5 36 20 
15 19 12 13 2 
3 43 14 1 
7 36 8 9 1 
1 49 10 1 
2 40 19 
43 11 3 4 
19 22 8 5 5 1 1 
1 8 44 6 1 1 
2 57 1 1 
18 6 24 1 12 
1 50 5 4 1 
1 20 15 13 1 1 5 1 3 1 
23 17 6 2 1 4 7 1 
6 20 35 
1 27 11 21 1 
2 53 5 1 
1 59 1 
1 58 2 
1 54 6 
13 8 2 36 2 
2 37 12 9 1 
3 57 1 
2 56 3 
1 10 46 3 1 
15 37 9 
1 44 14 1 1 
1 7 26 12 7 7 1 
7 47 7 
12 12 14 5 9 9 
17 43 1 
2 15 33 10 1 
59 2 
20 21 11 4 4 1 
29 6 24 1 1 
2 41 18 
1 13 42 3 2 
31 29 1 
5 46 4 4 2 
4 19 9 1 6 7 6 2 1 2 4 
2 8 27 18 3 2 1 
3 51 7 
61 
2 17 24 5 2 11 
2 45 7 2 5 
1 55 5 
43 9 5 4 
1 5 35 3 8 4 2 2 1 
3 38 5 7 3 2 1 2 
1 25 13 11 6 3 2 
1 56 3 1 
15 18 24 1 2 1 
8 24 23 5 1 
11 21 9 11 8 1 
1 22 18 11 1 7 1 
2 45 4 3 7 
1 2 12 16 21 1 6 2 
1 23 2 32 3 
1 12 31 3 13 1 
1 36 19 1 4 
5 29 1 19 1 1 3 2 
60 1 
22 11 1 14 10 2 1 
1 11 11 31 2 4 1 
3 15 11 4 19 7 2 
5 6 47 2 1 
17 40 4 
6 44 3 3 1 4 
5 52 4 
12 28 14 2 5 
12 32 7 2 8 
1 26 6 15 10 3 
12 29 15 4 1 
6 25 15 4 3 3 4 1 
1 3 18 24 4 1 2 4 4 
1 36 16 4 2 1 1 
11 15 15 20 
19 29 13 
1 14 33 2 6 3 1 1 
10 16 11 19 4 1 
20 24 9 7 1 
1 19 9 6 26 
41 9 7 2 2 
5 5 4 45 2 
2 26 33 
61 
8 15 2 26 7 3 
7 4 9 33 6 2 
1 57 2 1 
1 3 52 5 
3 42 16 
1 11 47 2 
1 42 8 7 1 1 1 
2 18 24 6 9 2 
1 34 3 23 
3 21 8 10 7 11 1 
1 55 1 2 1 1 
2 58 1 
1 10 25 1 8 9 5 2 
1 45 10 4 1 
1 43 17 
3 18 22 13 2 2 1 
11 29 21 
1 7 6 18 4 3 3 6 4 5 1 1 2 
3 2 5 12 12 16 11 
15 17 18 4 3 1 1 1 1 
2 19 15 20 2 1 2 
39 11 2 4 4 1 
34 24 3 
1 24 24 4 5 2 1 
56 1 3 1 
1 1 15 11 4 11 8 9 1 
10 21 6 5 5 11 2 1 
1 49 2 2 7 
18 5 10 13 15 
1 26 9 16 1 3 5 
38 4 12 1 4 1 1 
2 44 8 7 
8 52 1 
26 3 16 4 9 2 1 
1 27 31 2 
6 23 25 6 1 
1 6 7 16 28 3 
2 56 2 1 
2 41 12 2 4 
6 40 8 4 3 
19 8 6 18 2 2 5 1 
18 1 38 4 
1 18 21 20 1 
1 20 26 2 7 1 4 
2 44 5 1 7 1 1 
10 33 12 4 1 1 
3 44 10 4 
1 38 2 16 2 2 
3 42 11 4 1 
56 2 3 
14 4 12 5 20 2 3 1 
2 59 
1 50 2 3 4 1 
10 31 18 1 1 
1 43 14 3 
2 39 4 11 2 1 2 
1 41 8 4 3 4 
1 28 20 10 2 
2 9 40 6 2 1 1 
38 22 1 
1 27 27 5 1 
1 30 27 3 
1 30 22 7 1 
1 2 41 2 7 8 
4 32 20 2 3 
59 2 
14 33 13 1 
3 52 3 2 1 
1 24 14 2 5 12 1 2 
1 22 20 12 5 1 
2 39 8 10 1 1 
15 42 4 
1 48 1 2 2 3 2 1 1 
1 10 8 9 13 13 3 3 1 
2 23 17 12 6 1 
5 48 8 
61 
1 45 15 
1 2 54 1 1 1 1 
61 
3 38 3 7 4 3 1 2 
3 5 48 2 1 2 
1 36 24 
33 16 9 1 2 
4 40 8 1 1 1 4 2 
1 3 21 28 8 
1 44 9 7 
5 13 43 
38 21 2 
2 30 25 3 1 
9 19 29 1 3 
1 30 19 4 7 
1 35 24 1 
1 10 47 2 1 
1 56 3 1 
3 1 29 27 1 
1 22 9 18 6 3 1 1 
2 50 9 
2 55 3 1 
56 2 3 
3 40 18 
1 38 22 
2 38 2 16 3 
1 60 
1 10 41 1 3 4 1 
5 43 3 9 1 
3 10 21 8 17 2 
1 59 1 
61 
1 54 5 1 
4 26 14 5 10 1 1 
4 39 13 4 1 
31 7 3 13 1 6 
1 11 15 32 1 1 
28 32 1 
3 23 23 5 7 
1 33 16 11 
2 34 23 2 
56 5 
1 11 22 27 
1 58 2 
42 3 3 12 1 
1 7 3 19 7 21 1 2 
1 50 5 4 1 
1 16 8 15 6 2 1 1 4 3 1 1 2 
18 19 24 
1 18 37 4 1 
2 22 4 5 28 
1 55 2 2 1 
1 10 2 43 3 2 
7 38 13 3 
44 4 9 3 1 
6 22 15 7 6 3 2 
2 18 29 6 6 
13 11 11 15 9 1 1 
27 4 6 11 12 1 
1 11 26 14 1 4 3 1 
14 17 3 5 19 3 
7 11 19 24 
1 36 23 1 
4 54 3 
60 1 
3 40 16 1 1 
45 15 1 
5 13 6 26 8 3 
2 33 13 5 2 3 3 
1 25 33 1 1 
2 14 23 2 13 2 5 
4 54 3 
8 51 2 
31 26 4 
1 1 22 28 9 
36 2 12 4 3 2 2 
1 10 11 10 13 13 2 1 
42 14 2 2 1 
2 22 23 11 2 1 
1 3 39 15 1 2 
5 6 36 5 8 1 
1 38 6 12 4 
1 19 16 12 7 4 2 
27 1 25 7 1 
30 11 11 3 6 
1 58 2 
5 39 8 9 
3 46 2 3 3 3 1 
2 45 13 1 
18 38 4 1 
15 39 3 2 1 1 
4 35 13 8 1 
2 19 31 8 1 
1 33 17 6 4 
43 13 3 2 
1 5 26 21 7 1 
1 37 7 2 8 3 2 1 
5 11 41 1 2 1 
1 29 23 3 5 
1 32 1 1 26 
17 24 1 9 7 1 1 1 
5 30 21 2 3 
1 40 20 
2 29 30 
8 12 21 6 9 2 3 
4 26 1 26 2 1 1 
3 26 13 19 
17 35 5 3 1 
1 36 16 4 2 1 1 
14 25 14 8 
1 13 18 16 8 4 1 
14 3 40 2 2 
1 55 5 
9 30 15 5 2 
11 10 20 3 1 1 7 4 1 1 2 
1 13 40 6 1 
1 32 1 3 4 20 
1 1 22 4 15 6 7 3 1 1 
5 17 33 6 
1 10 5 32 8 3 1 1 
1 15 27 15 2 1 
13 41 7 
3 49 2 3 2 1 1 
1 9 14 17 20 
59 1 1 
1 30 15 11 2 2 
2 26 27 2 2 2 
1 56 4 
1 42 14 3 1 
2 33 20 3 2 1 
9 46 4 2 
12 38 8 2 1 
3 4 39 3 9 1 1 1 
51 1 2 4 1 1 1 
1 59 1 
1 42 2 3 13 
12 11 21 15 2 
2 57 1 1 
1 56 2 1 1 
1 6 45 2 7 
60 1 
1 45 8 1 1 5 
3 49 1 3 4 1 
1 26 3 23 2 1 3 1 1 
10 31 18 2 
7 14 18 10 11 1 
5 22 18 13 3 
2 41 18 
9 48 3 1 
1 32 2 5 1 14 2 1 1 2 
4 34 6 2 9 6 
1 35 16 2 7 
8 32 21 
1 42 16 1 1 
1 26 25 9 
5 27 17 5 3 3 1 
1 37 16 1 3 2 1 
4 11 18 17 5 4 2 
1 23 30 2 5 
5 28 25 3 
6 5 36 2 10 1 1 
1 34 4 11 5 4 1 1 
43 15 3 
4 6 14 9 15 1 5 2 3 2 
2 5 40 2 9 3 
3 53 5 
2 9 23 2 10 7 4 1 3 
1 2 53 1 1 1 1 1 
2 55 4 
1 34 26 
1 35 17 8 
4 26 31 
1 49 9 2 
49 11 1 
23 33 3 2 
1 21 35 1 2 1 
1 20 40 
1 25 34 1 
3 2 28 5 3 6 12 1 1 
55 1 1 1 2 1 
1 25 13 8 13 1 
1 45 4 8 3 
3 4 16 1 36 1 
61 
6 46 5 4 
1 59 1 
6 46 6 2 1 
1 24 17 3 10 1 2 3 
1 9 7 20 11 8 1 1 3 
41 11 8 1 
2 2 31 12 5 9 
1 22 6 2 25 3 1 1 
5 1 23 18 14 
1 24 1 9 3 19 3 1 
1 18 12 21 9 
1 16 41 1 2 
1 35 24 1 
4 3 5 12 24 3 7 3 
1 42 10 6 2 
46 10 2 1 2 
11 17 28 1 3 1 
9 42 5 5 
1 24 24 4 8 
1 1 16 2 23 2 10 2 1 3 
9 8 33 10 1 
5 14 26 12 1 2 1 
1 57 1 2 
1 58 1 1 
4 35 12 7 3 
1 10 50 
59 1 1 
1 8 3 16 25 6 1 1 
3 19 17 20 2 
35 12 8 5 1 
13 46 1 1 
3 18 12 27 1 
1 35 23 2 
2 9 16 6 18 2 4 3 1 
1 54 6 
7 12 1 31 9 1 
1 41 15 3 1 
46 14 1 
15 30 9 7 
3 44 12 1 1 
1 13 23 10 3 5 6 
45 13 3 
1 31 14 2 13 
4 18 19 1 11 5 1 2 
1 33 6 16 5 
1 11 48 1 
2 52 7 
15 20 25 1 
4 51 5 1 
2 42 5 12 
39 1 3 9 6 2 1 
2 59 
1 13 39 3 5 
2 50 1 5 1 2 
27 4 2 26 2 
2 4 40 12 2 1 
36 15 3 1 2 3 1 
2 40 8 8 3 
61 
47 8 5 1 
5 45 5 5 1 
1 17 14 25 1 3 
1 41 18 1 
1 56 3 1 
1 9 36 7 3 2 1 2 
1 38 5 16 1 
6 50 5 
1 7 20 16 2 15 
4 5 1 24 24 2 1 
19 24 17 1 
23 27 5 6 
40 15 4 1 1 
2 48 8 3 
14 18 12 17 
12 29 18 1 1 
1 46 14 
3 58 
25 7 4 16 2 6 1 
1 1 44 3 5 5 2 
3 21 31 2 4 
2 33 15 9 2 
2 9 11 36 2 1 
56 3 1 1 
61 
19 3 15 10 11 2 1 
23 30 4 2 1 1 
1 49 7 3 1 
2 1 1 1 44 11 1 
1 38 21 1 
2 4 40 10 5 
5 24 26 1 2 2 1 
1 29 31 
2 33 14 11 1 
7 29 1 22 1 1 
1 32 7 4 7 3 1 3 3 
1 48 9 1 2 
1 45 7 2 4 2 
33 1 25 2 
3 48 9 1 
3 25 16 9 6 2 
1 24 13 5 5 13 
2 54 4 1 
30 30 1 
5 12 1 42 1 
3 32 19 5 1 1 
1 5 22 23 4 1 4 1 
20 27 10 2 2 
8 1 18 31 1 2 
1 19 20 12 3 4 1 1 
59 1 1 
1 29 8 21 2 
4 56 1 
2 47 9 1 2 
1 24 5 20 5 5 1 
4 11 19 7 4 11 3 2 
38 4 10 5 4 
1 60 
1 32 17 6 3 1 1 
3 18 1 7 11 4 1 7 1 8 
1 4 13 28 7 7 1 
3 41 17 
3 21 37 
1 11 49 
1 10 43 6 1 
1 46 2 11 1 
1 59 1 
42 5 14 
1 34 22 2 2 
1 15 15 7 20 3 
1 12 25 15 8 
6 37 3 6 2 2 1 2 1 1 
1 34 20 2 2 2 
1 8 8 30 1 8 4 1 
1 49 11 
6 19 29 2 2 2 1 
2 46 7 4 1 1 
1 43 17 
19 16 15 5 2 2 2 
16 45 
4 48 9 
1 16 44 
1 23 24 4 1 2 2 2 1 1 
1 17 19 14 4 1 3 1 1 
1 21 4 33 2 
1 11 48 1 
5 35 20 1 
1 52 6 2 
6 13 42 
4 27 20 3 1 1 3 1 1 
11 20 26 4 
4 33 21 1 2 
1 3 26 12 2 17 
1 17 1 5 9 1 5 3 5 3 10 1 
1 53 1 5 1 
2 19 28 5 3 4 
1 55 1 2 2 
41 20 
1 27 17 16 
2 43 9 2 5 
5 12 21 8 2 10 3 
1 46 3 2 7 1 1 
1 38 10 5 5 1 1 
8 23 19 2 5 1 1 2 
2 10 23 26 
4 13 4 26 6 7 1 
6 38 3 11 1 1 1 
1 59 1 
40 19 2 
60 1 
7 8 30 6 1 7 2 
1 51 6 1 2 
1 46 4 1 2 3 3 1 
11 7 14 16 9 1 3 
20 39 2 
3 42 2 7 3 3 1 
1 59 1 
1 22 21 15 1 1 
19 26 10 2 4 
11 13 16 8 10 1 2 
14 38 9 
1 23 35 1 1 
5 25 2 7 14 8 
60 1 
28 11 22 
1 20 9 29 2 
1 34 23 2 1 
2 58 1 
1 56 2 2 
4 41 5 11 
8 52 1 
1 59 1 
6 19 27 2 6 1 
58 1 1 1 
16 18 22 4 1 
61 
3 5 14 29 9 1 
23 15 12 11 
4 55 1 1 
5 34 13 2 1 3 2 1 
1 29 31 
1 39 21 
6 22 1 2 13 7 9 1 
8 39 9 5 
2 12 31 10 1 2 3 
1 11 16 20 2 10 1 
1 10 4 24 14 1 3 3 1 
1 44 16 
22 28 2 3 2 1 2 1 
2 45 10 4 
7 5 42 5 2 
1 23 19 13 1 4 
1 36 10 2 3 7 2 
1 33 27 
3 26 32 
15 9 10 9 18 
1 23 37 
1 38 6 11 3 2 
2 42 7 2 8 
4 36 5 3 12 1 
1 5 46 5 2 2 
4 36 2 10 7 1 1 
11 7 1 15 2 11 9 1 3 1 
2 19 38 1 1 
11 47 1 1 1 
1 22 32 3 1 2 
1 46 13 1 
13 20 18 9 1 
10 44 5 1 1 
3 9 10 21 5 12 1 
2 3 23 7 4 16 6 
3 14 10 24 6 1 1 1 1 
52 8 1 
1 15 43 2 
3 22 18 9 7 2 
9 3 40 7 1 1 
1 50 4 6 
1 27 18 10 1 2 2 
2 46 5 5 2 1 
1 35 7 17 1 
1 57 3 
1 47 1 11 1 
6 50 4 1 
17 11 28 4 1 
16 1 32 3 6 2 1 
1 50 10 
13 15 10 3 14 2 3 1 
4 3 34 6 3 2 1 6 2 
26 8 12 11 1 1 2 
5 45 7 3 1 
1 16 32 2 5 2 1 1 1 
5 8 23 20 4 1 
61 
37 16 6 2 
1 36 24 
8 10 19 3 5 8 4 1 1 1 1 
1 3 42 14 1 
1 44 1 13 1 1 
3 7 1 15 4 17 8 3 3 
12 7 21 13 5 3 
3 4 17 33 4 
3 35 14 3 2 1 2 1 
1 15 18 8 3 12 3 1 
17 36 8 
1 59 1 
11 3 16 19 12 
41 12 7 1 
3 26 23 8 1 
2 15 25 3 12 2 2 
1 44 2 10 3 1 
7 34 11 6 3 
39 12 6 2 1 1 
5 37 11 8 
2 58 1 
3 26 1 31 
61 
1 52 3 4 1 
16 6 30 2 4 3 
1 52 1 2 1 4 
41 2 14 3 1 
1 12 3 15 20 10 
3 34 5 14 1 1 2 1 
1 2 8 33 3 3 2 7 1 1 
2 41 11 3 2 1 1 
9 23 11 6 12 
2 23 1 3 24 5 3 
1 26 25 5 1 3 
5 11 26 16 1 2 
1 16 40 3 1 
3 18 22 2 11 2 2 1 
10 12 18 14 4 2 1 
2 31 19 6 2 1 
36 2 1 2 6 4 2 4 2 2 
4 3 25 1 9 18 1 
9 17 3 16 8 8 
11 14 22 5 5 1 1 2 
3 34 16 3 3 2 
13 19 19 2 3 3 2 
1 34 3 5 13 4 1 
10 15 19 10 5 2 
1 36 3 21 
20 20 10 11 
54 1 1 3 2 
18 35 4 4 
1 50 1 9 
6 37 17 1 
2 40 16 1 1 1 
1 33 22 2 1 2 
1 56 1 1 1 1 
1 7 16 28 7 2 
1 57 1 2 
15 36 9 1 
61 
17 14 10 1 2 15 1 1 
1 32 23 4 1 
57 1 1 2 
61 
3 1 57 
1 15 7 29 3 6 
51 6 2 2 
3 10 16 22 8 2 
2 52 2 4 1 
1 58 2 
2 34 25 
1 34 6 11 8 1 
1 48 3 8 1 
1 34 4 7 11 2 2 
2 6 23 15 11 4 
60 1 
1 57 2 1 
1 31 12 10 6 1 
1 19 6 19 11 5 
27 8 1 21 4 
2 53 5 1 
8 30 18 2 3 
3 2 3 18 29 6 
1 30 28 1 1 
6 54 1 
9 14 6 17 15 
1 55 5 
1 16 19 21 4 
61 
7 2 23 24 5 
1 37 10 5 5 3 
1 45 11 1 3 
8 26 26 1 
2 4 27 18 2 6 1 1 
1 56 1 1 1 1 
3 44 1 6 2 4 1 
4 39 18 
4 31 26 
1 44 6 9 1 
3 20 12 2 15 6 2 1 
1 18 12 5 12 12 1 
2 36 10 7 6 
15 9 21 10 4 2 
2 48 9 2 
1 50 8 2 
9 34 18 
1 51 5 4 
1 28 30 1 1 
3 26 2 25 1 4 
3 26 5 26 1 
3 32 8 15 2 1 
7 54 
9 16 9 10 1 9 6 1 
1 5 32 22 1 
4 7 18 25 7 
53 6 2 
21 32 8 
1 32 13 3 9 1 2 
1 48 12 
1 2 29 7 5 3 12 1 1 
2 3 41 2 9 4 
45 6 8 1 1 
1 54 6 
1 36 20 2 1 1 
48 6 6 1 
1 42 9 1 4 1 3 
1 14 23 15 5 2 1 
5 51 2 1 1 1 
1 1 52 3 3 1 
2 22 6 4 23 1 2 1 
1 34 7 3 1 5 1 1 6 2 
1 3 55 1 1 
2 35 18 3 1 2 
15 19 27 
56 2 3 
19 34 2 1 2 2 1 
1 18 4 36 2 
2 33 5 15 3 1 1 1 
2 52 7 
2 52 1 4 1 1 
3 6 8 33 6 2 1 2 
1 25 35 
1 11 34 1 3 6 2 2 1 
2 16 24 12 1 3 1 1 1 
41 1 1 4 11 3 
3 16 37 5 
1 23 35 1 1 
1 16 44 
12 48 1 
1 13 5 13 2 18 7 2 
2 17 42 
47 3 5 1 3 2 
3 53 5 
2 27 19 12 1 
1 51 9 
1 56 4 
1 1 41 8 9 1 
1 39 5 5 5 4 1 1 
27 19 15 
1 41 15 1 3 
2 9 8 42 
1 58 1 1 
2 9 23 4 14 7 1 1 
6 40 15 
13 36 10 1 1 
32 12 5 1 8 3 
3 7 44 3 2 1 1 
1 20 24 7 7 2 
1 44 13 2 1 
1 27 32 1 
39 19 3 
2 44 5 4 4 1 1 
3 39 19 
3 25 13 8 11 1 
23 23 6 7 2 
11 40 1 2 5 2 
1 57 3 
61 
1 55 3 1 1 
1 53 3 2 1 1 
4 19 6 16 5 3 6 1 1 
1 5 6 33 14 1 1 
8 34 2 1 11 2 1 1 1 
2 5 30 2 18 3 1 
1 35 25 
12 42 7 
13 26 1 12 5 2 2 
1 37 19 4 
3 31 1 5 12 3 2 2 1 1 
5 33 13 7 1 2 
2 19 9 23 6 2 
6 6 44 1 3 1 
4 33 20 3 1 
1 17 26 15 2 
1 21 39 
1 32 28 
61 
6 11 29 9 2 1 2 1 
1 26 22 6 4 1 1 
1 14 27 17 2 
4 35 6 1 2 12 1 
1 53 4 3 
4 50 7 
1 6 1 35 5 7 4 2 
2 34 22 2 1 
1 14 36 6 2 1 1 
45 6 9 1 
21 35 2 3 
1 9 30 17 3 1 
1 6 17 30 2 5 
26 30 2 1 1 1 
1 50 10 
11 26 5 1 18 
53 6 2 
10 51 
5 29 17 10 
33 25 1 1 1 
2 16 40 1 2 
3 55 3 
10 11 39 1 
1 53 7 
1 59 1 
1 1 31 10 15 2 1 
1 28 23 4 5 
4 26 29 2 
1 19 14 16 2 2 1 1 2 2 1 
3 22 30 3 3 
30 3 7 14 1 3 3 
19 29 13 
1 43 17 
4 50 4 1 1 1 
1 14 16 22 2 3 2 1 
25 20 5 8 3 
8 43 8 2 
1 18 34 4 1 2 1 
13 30 17 1 
2 7 48 2 2 
12 42 7 
21 13 20 5 1 1 
1 20 38 2 
3 55 1 2 
2 3 46 5 3 2 
1 55 2 2 1 
1 60 
1 11 34 2 7 5 1 
14 43 1 3 
2 22 30 3 4 
3 44 6 7 1 
61 
3 21 34 3 
1 42 1 8 4 1 1 3 
3 4 6 19 4 8 1 4 6 5 1 
2 37 22 
41 2 18 
10 23 28 
3 10 42 3 3 
22 32 1 2 1 1 1 1 
1 19 32 5 4 
2 10 31 5 11 1 1 
1 53 1 1 5 
1 52 1 7 
2 23 29 7 
1 28 7 4 1 8 11 1 
3 56 2 
1 59 1 
61 
1 30 13 6 2 8 1 
22 26 11 1 1 
13 2 34 4 3 5 
2 42 4 12 1 
2 38 5 15 1 
5 53 2 1 
2 10 3 8 15 3 13 7 
47 12 1 1 
3 46 1 3 1 7 
1 49 3 7 1 
13 1 2 1 30 5 9 
3 9 6 2 1 1 1 23 1 3 4 1 1 3 1 1 
58 1 1 1 
1 1 56 2 1 
2 4 54 1 
58 2 1 
1 21 31 4 1 2 1 
1 21 30 4 3 2 
14 41 6 
42 15 1 2 1 
2 9 44 2 3 1 
19 35 1 2 2 2 
2 12 22 10 7 2 3 1 1 1 
1 42 18 
1 30 30 
9 33 17 1 1 
48 4 5 3 1 
60 1 
3 3 18 34 3 
1 29 16 12 2 1 
2 19 40 
1 4 42 3 2 7 1 1 
1 16 7 23 13 1 
20 12 1 1 11 7 5 4 
24 10 9 3 6 9 
1 37 1 20 1 1 
1 3 16 25 16 
1 17 8 19 15 1 
13 6 21 10 7 3 1 
1 31 26 2 1 
1 48 11 1 
1 56 1 2 1 
6 40 15 
24 20 1 15 1 
1 14 25 11 4 4 1 1 
60 1 
2 45 14 
4 9 12 36 
1 5 12 34 5 4 
1 42 4 5 6 2 1 
4 3 4 39 2 8 1 
5 18 15 5 17 1 
18 40 1 1 1 
4 24 14 3 2 2 3 8 1 
3 37 21 
18 43 
19 22 17 1 2 
2 26 18 10 2 3 
2 9 13 24 1 11 1 
7 8 4 37 1 1 3 
1 38 6 4 8 2 2 
1 8 21 25 2 1 1 1 1 
16 31 11 2 1 
5 52 4 
1 50 8 1 1 
2 55 2 2 
2 17 33 2 6 1 
15 23 10 4 5 1 2 1 
10 22 2 16 6 2 2 1 
1 47 5 2 6 
2 32 27 
1 27 33 
1 5 7 16 2 12 17 1 
1 50 9 1 
44 9 8 
5 47 9 
8 21 11 4 1 1 12 1 1 1 
54 4 1 1 1 
1 55 5 
2 21 18 8 11 1 
61 
2 37 7 4 6 1 4 
1 28 20 2 7 1 1 1 
25 2 2 32 
1 49 2 3 6 
1 6 1 17 9 5 3 19 
1 59 1 
51 4 4 1 1 
2 16 1 21 7 8 4 2 
1 33 27 
9 36 16 
3 13 14 28 1 1 1 
43 1 9 1 4 1 2 
6 39 2 12 2 
59 2 
1 17 21 7 12 2 1 
1 2 10 38 5 2 2 1 
4 36 21 
1 36 16 4 2 1 1 
1 35 25 
12 31 5 5 1 2 2 2 1 
3 25 1 3 3 2 14 3 4 2 1 
3 33 19 1 1 3 1 
1 16 6 18 16 4 
1 1 36 10 8 2 2 1 
1 30 2 12 12 3 1 
39 16 4 2 
32 8 1 1 14 1 3 1 
60 1 
1 22 31 1 1 4 1 
2 3 48 1 7 
29 24 5 3 
2 51 6 1 1 
1 47 13 
21 36 4 
15 43 1 2 
10 16 17 3 4 3 3 4 1 
4 16 9 16 6 1 2 2 5 
7 1 29 7 17 
2 23 5 15 3 9 1 1 1 1 
6 29 26 
2 34 2 18 1 3 1 
33 12 16 
4 6 6 8 17 2 1 16 1 
10 17 17 16 1 
1 21 7 31 1 
41 15 4 1 
2 9 33 12 4 1 
7 45 9 
3 4 40 1 5 5 1 1 1 
1 14 26 20 
1 44 14 2 
2 40 18 1 
10 40 4 2 4 1 
7 3 24 4 1 20 1 1 
1 60 
3 58 
4 32 15 3 7 
56 3 2 
1 12 33 15 
3 43 13 2 
36 2 1 12 7 3 
3 16 17 2 2 2 19 
1 13 30 8 5 4 
1 6 19 31 4 
6 41 5 1 7 1 
1 33 27 
9 44 6 2 
2 9 2 19 2 21 3 2 1 
16 45 
1 3 13 26 10 6 1 1 
27 12 20 1 1 
2 40 6 1 11 1 
5 21 7 8 11 6 2 1 
3 57 1 
1 27 16 1 4 1 7 3 1 
16 33 8 3 1 
1 35 19 2 1 2 1 
2 15 10 16 8 6 1 2 1 
2 16 41 2 
1 52 1 5 1 1 
1 50 3 2 3 1 1 
4 13 2 22 11 6 2 1 
1 10 6 5 19 16 2 2 
8 22 1 25 3 2 
1 20 28 4 8 
23 12 21 2 3 
1 39 2 19 
1 59 1 
4 25 30 2 
13 48 
1 46 3 5 4 2 
61 
3 7 43 5 3 
3 57 1 
3 51 7 
10 16 33 1 1 
1 54 6 
2 26 16 7 1 3 3 2 1 
1 17 35 2 5 1 
3 9 20 17 1 9 1 1 
2 59 
1 6 44 5 5 
5 46 8 1 1 
20 21 1 17 1 1 
1 49 5 6 
29 23 7 1 1 
2 28 22 6 3 
58 3 
11 33 4 5 7 1 
3 33 25 
56 2 2 1 
52 6 1 1 1 
1 46 11 1 2 
59 2 
59 2 
5 56 
9 39 2 10 1 
48 4 1 1 4 2 1 
2 22 8 2 15 8 1 1 2 
4 19 27 2 8 1 
2 34 21 2 1 1 
4 39 13 4 1 
29 29 2 1 
4 24 14 13 4 2 
2 44 10 5 
26 27 8 
1 24 36 
1 15 33 11 1 
6 46 9 
1 23 22 3 7 3 1 1 
1 43 16 1 
1 47 13 
25 22 11 2 1 
7 11 24 19 
1 59 1 
1 42 18 
61 
3 44 14 
9 27 8 11 6 
2 3 37 14 1 4 
22 23 1 13 2 
31 10 20 
33 20 6 1 1 
35 1 12 11 1 1 
1 49 6 1 4 
3 5 34 2 3 8 4 1 1 
1 23 31 6 
1 45 9 5 1 
1 57 1 2 
2 29 3 10 13 2 1 1 
3 39 16 2 1 
2 59 
18 4 14 17 5 1 1 1 
4 9 6 16 22 2 1 1 
1 23 9 25 3 
1 53 7 
1 10 27 23 
1 3 5 33 6 5 6 2 
2 12 45 2 
2 41 12 1 1 2 2 
2 52 7 
1 40 6 10 1 3 
3 18 14 22 2 1 1 
9 36 2 1 11 1 1 
1 38 18 2 2 
3 42 13 3 
1 30 30 
2 57 2 
41 4 12 1 1 1 1 
42 18 1 
1 37 16 5 2 
32 10 17 1 1 
4 34 13 10 
1 47 11 2 
3 31 19 8 
3 44 3 6 5 
1 8 3 10 27 6 2 2 2 
61 
2 36 23 
3 14 24 15 5 
6 24 25 6 
2 31 18 4 3 3 
39 11 2 7 2 
7 50 1 3 
8 10 18 10 11 4 
1 21 10 1 14 10 3 1 
39 10 5 2 3 1 1 
1 57 3 
13 22 25 1 
9 22 2 12 11 3 1 1 
4 18 8 31 
9 28 10 14 
2 49 7 2 1 
13 6 8 25 5 1 2 1 
15 43 2 1 
1 8 26 6 11 1 3 3 1 1 
22 12 19 7 1 
6 23 10 2 5 1 4 4 5 1 
9 13 21 17 1 
1 10 37 9 1 2 1 
1 16 31 3 3 7 
1 50 4 5 1 
37 16 4 1 3 
45 8 1 7 
29 8 23 1 
1 58 1 1 
57 4 
3 56 2 
1 43 5 8 4 
19 28 3 10 1 
19 35 3 3 1 
61 
1 32 27 1 
1 5 8 13 12 11 3 4 2 1 1 
1 3 37 1 7 4 8 
1 30 23 1 1 1 3 1 
1 31 19 5 3 2 
1 6 24 23 5 1 1 
8 24 8 19 2 
1 1 8 48 3 
23 30 5 1 1 1 
2 43 2 2 3 3 1 4 1 
1 20 15 20 5 
50 8 2 1 
23 36 2 
1 4 21 17 13 3 2 
61 
8 37 5 3 3 3 2 
1 31 11 1 6 5 3 3 
1 45 10 3 2 
1 49 11 
8 19 9 1 10 10 4 
13 5 43 
2 43 16 
19 9 31 2 
3 32 13 3 2 6 1 1 
2 8 20 16 13 1 1 
10 25 9 2 8 5 1 1 
1 30 1 9 18 1 1 
29 31 1 
3 17 11 25 5 
55 6 
56 3 1 1 
1 8 31 2 1 10 8 
3 48 9 1 
25 32 3 1 
1 19 41 
2 5 23 3 8 8 7 4 1 
22 8 10 21 
18 21 19 2 1 
33 28 
1 59 1 
10 29 15 7 
9 12 39 1 
2 42 10 1 6 
39 15 3 1 1 2 
52 2 7 
1 52 2 4 2 
13 27 3 16 1 1 
1 33 27 
1 34 21 3 2 
8 34 6 3 2 4 2 2 
4 20 37 
1 55 1 4 
5 53 3 
1 55 4 1 
6 52 2 1 
4 40 17 
1 39 19 1 1 
18 40 3 
9 15 9 27 1 
53 7 1 
1 38 14 7 1 
1 11 4 5 39 1 
1 6 15 30 8 1 
4 12 7 18 17 1 2 
5 9 41 6 
34 3 11 11 1 1 
1 37 12 2 4 5 
2 21 30 6 2 
1 56 2 2 
1 29 6 19 5 1 
1 15 7 26 5 7 
1 28 18 13 1 
1 44 7 6 3 
4 2 38 4 10 1 1 1 
16 18 23 1 3 
37 10 11 3 
3 25 25 1 7 
4 49 4 2 2 
28 24 2 3 4 
4 37 20 
2 36 22 1 
1 4 55 1 
4 43 12 2 
6 5 38 6 3 1 1 1 
3 32 23 1 1 1 
1 7 16 25 12 
18 21 21 1 
3 19 5 19 15 
5 19 13 6 8 1 6 1 1 1 
1 44 6 5 3 2 
1 30 30 
1 31 23 6 
4 41 13 2 1 
41 8 12 
6 26 25 2 2 
3 8 21 5 8 5 7 3 1 
6 15 24 9 2 4 1 
7 32 7 7 1 5 2 
8 31 10 5 7 
2 15 33 1 5 2 2 1 
16 1 28 12 4 
7 36 2 4 9 2 1 
30 9 4 4 13 1 
1 54 3 1 1 1 
2 30 5 17 2 1 2 1 1 
19 18 14 6 4 
1 22 38 
19 1 37 2 2 
3 3 4 25 2 21 3 
1 33 20 1 1 4 1 
3 36 17 4 1 
5 45 10 1 
1 42 10 6 1 1 
2 28 8 15 8 
1 55 3 1 1 
4 22 34 1 
4 46 4 1 5 1 
47 12 1 1 
13 41 1 2 3 1 
58 1 1 1 
3 57 1 
5 50 1 2 3 
56 2 3 
3 31 8 11 8 
2 10 3 37 4 1 4 
34 22 5 
33 4 10 12 1 1 
3 11 28 19 
61 
5 10 12 23 5 3 3 
3 10 45 2 1 
4 14 19 12 4 4 4 
8 8 15 1 3 7 5 1 5 3 1 2 1 1 
14 16 23 2 4 2 
3 58 
2 31 5 13 10 
1 10 47 1 1 1 
27 16 11 3 4 
1 3 42 2 5 7 1 
15 22 16 4 1 3 
61 
32 10 1 14 2 1 1 
4 56 1 
2 58 1 
1 33 18 1 2 2 3 1 
8 51 2 
1 55 1 3 1 
42 17 2 
1 23 14 16 7 
2 32 14 6 4 3 
1 29 28 1 2 
27 10 20 1 3 
1 16 8 10 5 2 5 13 1 
48 6 2 1 2 1 1 
10 47 2 1 1 
2 13 46 
2 30 9 10 6 2 1 1 
2 13 14 26 3 1 1 1 
3 19 24 15 
1 24 11 22 2 1 
60 1 
7 25 25 2 1 1 
53 5 2 1 
2 34 14 3 3 3 2 
9 19 23 8 2 
59 2 
11 23 14 8 2 2 1 
6 28 13 1 12 1 
7 43 6 5 
3 43 14 1 
3 37 1 17 3 
60 1 
3 2 35 15 4 2 
26 26 2 1 6 
51 8 1 1 
18 26 17 
1 44 12 2 1 1 
1 29 27 3 1 
23 36 2 
1 33 8 17 2 
55 6 
3 16 6 22 4 4 3 2 1 
1 18 16 21 5 
27 15 19 
16 28 7 8 1 1 
1 7 36 15 2 
1 12 37 8 3 
26 19 13 3 
1 3 29 15 10 2 1 
9 42 10 
2 31 27 1 
2 24 26 3 6 
55 5 1 
12 23 18 2 4 2 
6 16 30 3 5 1 
2 22 5 18 4 10 
16 30 13 2 
2 6 21 26 1 1 2 1 1 
3 19 17 12 9 1 
1 26 34 
22 26 12 1 
32 29 
1 33 21 2 2 1 1 
1 3 33 6 10 8 
61 
4 44 10 2 1 
1 31 29 
15 3 7 9 3 6 1 13 2 2 
1 14 35 3 2 3 1 2 
1 58 2 
4 33 24 
2 12 35 7 3 1 1 
1 2 54 4 
6 9 33 13 
1 47 10 2 1 
32 21 1 2 1 4 
2 14 43 2 
4 3 51 3 
61 
1 32 16 2 8 2 
1 59 1 
5 36 20 
2 44 7 5 1 1 1 
1 54 5 1 
2 45 13 1 
54 3 3 1 
1 2 31 11 1 14 1 
2 47 5 5 2 
13 33 9 4 1 1 
18 36 7 
2 43 16 
1 8 21 9 13 6 1 2 
1 8 21 21 6 4 
3 21 11 4 15 3 4 
59 1 1 
3 10 14 7 26 1 
4 39 6 12 
1 15 17 25 3 
4 18 3 13 13 6 2 2 
2 29 2 4 17 4 3 
6 17 4 14 20 
1 10 31 12 3 2 1 1 
6 6 18 26 4 1 
2 37 12 10 
2 59 
4 51 3 2 1 
1 18 21 6 10 1 1 2 1 
6 24 21 10 
49 7 2 3 
52 6 2 1 
2 54 1 4 
10 15 18 13 4 1 
2 26 33 
4 38 1 7 5 3 1 2 
2 35 1 9 3 4 4 1 2 
46 10 3 1 1 
11 32 4 2 4 5 1 2 
3 26 21 3 6 1 1 
4 42 10 2 1 2 
5 22 17 2 11 4 
11 41 9 
1 60 
32 3 25 1 
1 41 8 4 3 2 1 1 
46 2 12 1 
24 13 23 1 
3 50 1 7 
2 50 2 7 
3 38 18 1 1 
52 2 6 1 
2 47 1 10 1 
13 15 2 17 7 7 
4 41 16 
18 36 4 3 
2 16 35 5 1 2 
1 4 43 10 1 1 1 
2 50 9 
1 17 1 11 18 9 2 2 
59 1 1 
61 
2 7 7 8 7 30 
4 44 12 1 
1 42 8 1 7 1 1 
8 50 3 
1 52 7 1 
1 22 23 14 1 
1 47 4 1 3 2 1 1 1 
1 14 18 28 
1 12 31 4 2 5 2 1 2 1 
1 53 3 4 
1 58 2 
5 39 5 5 4 3 
3 56 1 1 
6 16 2 18 4 9 2 3 1 
1 38 16 1 5 
61 
2 42 15 1 1 
2 35 14 5 4 1 
12 29 5 14 1 
1 2 4 2 29 11 8 3 1 
5 35 20 1 
1 41 11 3 3 1 1 
43 2 4 8 1 1 2 
53 3 3 2 
1 18 26 9 4 3 
18 19 24 
7 47 1 6 
9 40 12 
1 34 26 
40 8 9 2 2 
2 44 9 6 
5 31 13 1 8 3 
6 54 1 
2 17 34 1 7 
5 39 15 1 1 
46 8 3 1 3 
2 26 30 3 
12 3 24 18 1 1 1 1 
2 3 29 4 10 3 1 1 8 
7 6 9 33 1 5 
2 4 1 36 17 1 
1 41 8 7 2 1 1 
1 55 5 
1 31 2 10 7 5 3 2 
3 30 8 9 7 2 1 1 
5 3 18 27 2 4 1 1 
1 8 3 3 13 30 3 
23 22 16 
1 5 48 5 1 1 
34 3 1 14 5 1 3 
61 
3 8 49 1 
1 59 1 
2 27 10 12 5 5 
4 55 2 
1 17 37 4 2 
1 27 16 14 3 
6 28 14 1 10 2 
24 27 5 1 4 
1 48 1 5 1 1 3 1 
37 8 16 
3 11 12 21 10 2 2 
3 54 3 1 
27 15 7 1 10 1 
37 2 7 1 12 2 
1 48 12 
1 56 3 1 
2 37 21 1 
1 58 1 1 
23 29 5 1 3 
1 14 3 25 3 6 8 1 
61 
7 24 1 23 4 1 1 
1 50 3 6 1 
7 13 13 3 5 5 2 5 5 1 2 
2 6 1 22 5 14 8 1 2 
1 51 3 6 
2 59 
6 11 9 12 22 1 
28 12 17 4 
1 49 2 9 
1 57 3 
1 56 4 
25 10 17 9 
1 7 41 12 
8 45 1 2 4 1 
1 20 3 30 6 1 
1 56 2 1 1 
1 26 11 23 
4 26 29 2 
1 56 1 2 1 
1 11 32 1 13 1 2 
1 34 2 4 16 3 1 
48 10 1 2 
61 
9 41 11 
1 45 4 7 1 3 
2 58 1 
11 46 4 
2 4 41 13 1 
1 11 37 1 1 3 5 2 
1 57 3 
12 1 19 1 24 2 1 1 
1 57 1 2 
49 1 8 2 1 
5 14 42 
1 28 32 
3 3 31 6 15 3 
2 51 6 1 1 
2 11 48 
7 9 41 4 
1 13 41 5 1 
1 25 2 4 11 9 5 1 1 1 1 
1 25 29 6 
2 34 1 18 6 
4 3 31 20 3 
4 22 8 21 2 3 1 
1 49 11 
10 1 9 18 3 1 14 5 
1 55 2 1 1 1 
56 5 
1 43 2 2 2 8 1 1 1 
6 26 19 7 2 1 
1 39 21 
3 49 9 
2 22 2 3 18 1 4 3 5 1 
1 59 1 
13 43 2 2 1 
28 25 8 
1 16 44 
3 27 19 12 
2 28 11 9 8 3 
20 29 9 1 2 
1 41 14 2 3 
3 44 12 1 1 
1 45 15 
1 19 5 19 4 9 1 2 1 
1 28 14 8 4 4 1 1 
18 27 10 3 3 
10 39 12 
3 46 4 2 6 
37 4 20 
7 12 12 9 12 2 1 2 4 
4 33 4 20 
61 
1 58 2 
6 20 15 15 3 1 1 
2 29 17 9 4 
45 2 11 2 1 
7 28 25 1 
9 49 2 1 
61 
5 34 1 15 2 1 2 1 
2 2 1 22 32 1 1 
1 46 6 1 2 4 1 
1 49 2 9 
2 47 11 1 
20 30 3 7 1 
1 7 5 5 3 28 9 2 1 
11 6 41 1 1 1 
41 9 2 6 1 2 
2 10 42 5 1 1 
9 46 1 3 1 1 
1 42 5 12 1 
5 45 11 
4 14 33 8 2 
61 
1 12 30 6 9 3 
6 18 19 9 7 2 
8 12 28 12 1 
1 16 1 10 2 6 5 13 5 1 1 
1 46 8 6 
1 48 9 3 
2 34 17 1 4 2 1 
3 58 
2 14 45 
3 2 18 13 6 11 4 2 2 
5 56 
9 3 41 2 1 1 2 2 
1 17 25 13 5 
16 10 6 19 4 3 2 1 
3 31 23 4 
2 52 7 
7 23 11 10 5 2 3 
1 13 2 32 7 2 1 2 1 
1 29 24 6 1 
3 15 8 4 16 15 
5 51 5 
3 19 30 7 2 
55 5 1 
37 10 6 2 2 1 1 2 
3 15 43 
5 44 1 8 1 2 
3 29 21 7 1 
48 8 5 
56 5 
6 31 9 8 5 2 
52 1 6 2 
2 24 1 15 4 4 1 5 5 
53 8 
17 5 35 2 1 1 
11 18 4 14 14 
1 44 11 1 4 
11 15 1 10 3 12 6 1 1 1 
5 1 54 1 
1 57 3 
1 53 7 
1 53 4 1 1 1 
24 32 3 1 1 
11 13 15 20 2 
21 33 1 1 1 4 
1 58 1 1 
38 21 1 1 
1 6 41 10 2 1 
5 32 13 5 5 1 
1 32 16 3 3 6 
5 13 34 2 4 1 2 
5 2 28 18 4 2 1 1 
2 52 2 2 1 1 1 
1 8 48 2 2 
6 10 10 3 5 12 10 2 3 
2 10 35 4 5 4 1 
1 56 2 2 
15 29 17 
19 42 
1 10 25 11 4 10 
4 4 10 9 26 4 2 1 1 
1 43 12 4 1 
3 15 10 23 7 3 
7 2 32 7 6 5 1 1 
2 22 30 5 1 1 
8 6 9 1 17 1 11 2 1 3 1 1 
1 30 23 1 2 1 3 
12 18 6 9 16 
2 26 15 17 1 
1 43 12 4 1 
1 59 1 
61 
1 53 2 5 
2 56 2 1 
1 5 39 13 1 2 
1 27 22 8 3 
1 28 19 9 4 
1 59 1 
36 16 4 1 1 2 1 
11 33 17 
1 25 34 1 
1 31 15 8 2 3 1 
7 42 4 3 5 
3 32 16 10 
4 53 4 
4 8 7 31 2 3 5 1 
3 4 13 25 3 13 
2 30 6 17 4 2 
1 5 11 34 1 2 7 
2 9 5 13 14 11 3 2 1 1 
9 1 14 10 5 4 15 2 1 
1 11 34 11 4 
51 7 1 1 1 
1 18 41 1 
3 40 12 1 1 2 2 
1 58 1 1 
8 32 15 1 2 3 
1 34 15 9 2 
5 8 36 8 4 
17 12 4 13 12 2 1 
1 44 10 6 
5 18 16 8 6 3 3 1 1 
5 47 9 
4 18 37 1 1 
11 36 2 3 3 6 
6 10 2 18 1 18 1 4 1 
1 25 14 2 13 1 2 1 1 1 
8 34 1 9 4 4 1 
23 7 26 4 1 
1 27 9 3 12 7 2 
2 32 16 11 
4 42 2 7 3 1 2 
1 14 43 1 2 
50 3 3 2 3 
4 15 23 10 9 
1 53 6 1 
1 12 30 2 7 2 7 
2 26 11 4 10 6 2 
1 23 25 8 1 2 1 
7 6 3 16 11 4 4 3 7 
1 59 1 
3 41 8 3 1 3 2 
5 27 29 
1 47 12 1 
1 53 1 3 3 
61 
10 17 8 9 6 6 2 3 
1 45 4 3 3 5 
1 49 2 6 1 2 
1 31 16 13 
2 47 3 3 2 2 2 
38 15 2 4 2 
9 10 11 7 10 1 5 6 1 1 
10 21 29 1 
2 32 27 
22 26 2 10 1 
1 1 6 20 23 2 8 
35 6 12 4 4 
1 17 5 12 14 4 8 
1 39 21 
1 49 6 3 2 
7 41 3 4 5 1 
21 38 2 
3 42 8 2 5 1 
4 44 2 11 
7 34 17 2 1 
5 49 3 3 1 
17 17 17 7 3 
1 8 30 13 8 1 
2 38 18 3 
61 
1 54 1 1 3 1 
1 8 43 3 6 
1 21 7 12 1 1 12 4 1 1 
1 58 2 
3 8 9 41 
1 19 41 
12 45 1 1 1 1 
2 46 10 1 2 
1 51 3 4 2 
5 28 5 9 4 2 8 
1 30 13 13 1 2 1 
30 18 11 1 1 
1 46 13 1 
2 10 7 30 3 2 3 2 2 
1 45 14 1 
1 35 8 16 1 
1 52 2 1 5 
2 38 12 3 6 
1 30 29 1 
1 27 33 
9 50 2 
19 18 16 7 1 
3 33 2 21 2 
5 48 8 
1 40 19 1 
1 59 1 
59 1 1 
55 2 2 1 1 
8 31 12 9 1 
6 16 20 11 3 5 
2 14 31 13 1 
19 34 8 
5 44 12 
22 25 3 8 2 1 
1 60 
1 40 1 16 3 
19 35 6 1 
15 25 10 8 1 1 1 
1 50 1 9 
2 58 1 
1 40 7 4 2 5 2 
3 57 1 
1 59 1 
7 5 6 15 3 2 9 11 1 1 1 
27 10 16 5 2 1 
1 17 26 13 1 2 1 
1 26 20 3 11 
2 16 37 6 
1 46 2 10 2 
1 9 10 9 3 10 7 7 4 1 
3 30 27 1 
5 32 8 7 5 3 1 
1 5 3 22 12 3 1 3 3 1 1 3 1 1 1 
1 38 9 7 6 
1 37 23 
4 39 5 6 1 6 
1 51 3 5 1 
1 29 15 9 1 5 1 
36 17 2 6 
6 39 1 8 7 
1 23 7 2 6 19 1 1 1 
24 8 7 18 1 1 2 
9 33 14 3 2 
3 6 17 31 4 
13 19 10 17 1 1 
13 37 11 
42 2 1 5 10 1 
2 7 52 
1 7 23 12 1 2 3 6 4 2 
3 17 25 12 3 1 
8 47 6 
14 22 7 11 7 
1 51 9 
5 47 8 1 
1 23 30 1 4 2 
2 1 56 2 
1 57 1 2 
1 43 17 
1 19 4 20 17 
58 2 1 
2 35 10 13 1 
52 8 1 
1 26 2 3 22 4 1 1 1 
25 29 7 
25 6 20 4 4 1 1 
60 1 
20 38 2 1 
3 39 15 3 1 
1 4 3 24 17 1 7 1 2 1 
3 52 3 3 
41 8 12 
6 41 2 4 5 2 1 
2 51 4 4 
1 27 19 9 3 2 
2 36 19 1 1 2 
1 9 44 7 
3 9 20 8 1 20 
7 22 30 1 1 
3 43 10 1 1 1 1 1 
2 8 36 9 6 
1 48 2 9 1 
1 28 23 5 3 1 
1 52 7 1 
1 53 4 3 
4 5 21 24 5 2 
3 23 16 19 
1 36 5 14 4 1 
1 47 2 3 2 4 1 1 
4 12 31 1 2 8 3 
2 17 2 28 4 3 2 2 1 
1 40 18 2 
1 42 15 2 1 
2 23 36 
2 42 17 
3 23 10 16 7 1 1 
3 38 5 10 5 
4 9 8 13 4 8 7 1 3 1 2 1 
50 11 
10 21 9 20 1 
1 18 21 18 1 1 1 
4 43 13 1 
1 4 50 4 2 
20 39 1 1 
1 20 8 8 5 8 7 4 
8 2 34 10 2 2 3 
2 13 39 3 4 
1 10 32 16 1 1 
1 49 7 4 
1 15 14 13 13 4 1 
2 45 14 
1 18 42 
13 24 22 2 
4 29 25 3 
8 32 2 2 2 13 1 1 
3 12 13 8 1 5 7 12 
23 13 20 5 
1 13 26 4 6 9 2 
33 14 7 4 2 1 
1 21 8 20 8 1 1 1 
1 26 9 9 3 3 2 4 4 
2 49 8 1 1 
1 50 1 4 2 2 1 
10 15 36 
5 18 23 10 3 1 1 
3 54 4 
2 25 28 1 4 1 
7 21 23 1 5 2 1 1 
2 50 2 2 4 1 
26 19 16 
16 15 30 
2 31 17 8 1 2 
10 28 5 10 8 
15 2 13 5 12 2 10 2 
5 5 32 16 2 1 
59 1 1 
5 21 29 3 2 1 
1 24 25 1 2 6 1 1 
49 3 4 1 1 2 1 
9 5 24 20 1 1 1 
1 55 5 
1 47 1 12 
1 8 18 21 1 10 2 
2 29 11 18 1 
3 20 11 16 4 5 1 1 
38 9 2 9 3 
5 23 33 
39 3 7 4 3 1 1 1 1 1 
1 44 9 7 
2 38 20 1 
23 32 2 4 
31 9 14 6 1 
2 59 
1 53 7 
43 9 7 1 1 
6 53 2 
24 23 14 
2 4 20 22 9 3 1 
21 29 4 1 3 1 2 
1 6 11 27 1 10 4 1 
7 22 2 26 4 
1 49 6 5 
2 2 3 4 22 10 12 1 2 1 2 
2 52 4 1 1 1 
5 17 22 3 6 1 2 5 
1 57 1 2 
1 49 7 4 
1 53 7 
1 26 19 3 7 1 3 1 
1 56 1 2 1 
61 
22 6 27 5 1 
1 38 22 
60 1 
2 30 19 3 6 1 
1 51 9 
6 43 12 
1 6 18 14 9 10 3 
32 12 5 1 3 2 2 2 2 
1 59 1 
2 27 31 1 
1 12 34 11 3 
5 3 8 16 10 19 
6 9 16 30 
2 8 24 9 4 5 7 1 1 
1 57 3 
61 
1 46 13 1 
19 24 11 3 1 3 
4 17 35 5 
5 18 9 27 2 
2 4 6 39 1 8 1 
35 3 13 6 2 1 1 
3 7 42 8 1 
1 29 23 1 6 1 
4 44 7 6 
33 2 20 3 1 1 1 
2 49 4 4 2 
1 20 32 6 1 1 
14 11 19 9 7 1 
16 24 20 1 
9 41 11 
3 27 8 12 10 1 
1 55 4 1 
2 14 9 9 6 5 4 2 4 6 
1 20 32 7 1 
10 44 7 
1 50 10 
1 9 27 9 4 11 
2 29 30 
3 45 6 6 1 
3 10 36 12 
1 20 21 5 6 3 5 
12 1 3 15 6 15 6 2 1 
46 6 8 1 
4 25 14 13 5 
10 51 
9 9 26 7 1 8 1 
51 6 3 1 
1 29 18 7 6 
3 49 4 1 3 1 
1 23 15 12 10 
3 44 14 
1 13 47 
9 26 21 4 1 
1 7 27 15 10 1 
4 48 5 1 2 1 
3 55 1 2 
1 56 4 
1 13 45 2 
1 32 4 6 10 4 1 3 
17 43 1 
1 40 20 
11 4 24 18 4 
1 53 5 2 
1 42 6 8 4 
1 45 13 2 
1 19 9 25 7 
1 53 5 1 1 
20 20 4 10 5 1 1 
1 46 10 4 
1 40 8 7 1 1 3 
3 41 17 
3 17 40 1 
1 32 11 7 7 3 
2 26 16 1 16 
10 1 27 20 1 1 1 
11 19 16 7 3 4 1 
2 44 15 
27 26 8 
4 51 4 1 1 
1 57 3 
1 37 12 7 2 2 
2 8 51 
3 36 22 
8 22 16 4 4 7 
1 1 39 5 14 1 
61 
1 19 13 12 9 1 3 2 1 
8 51 2 
4 41 16 
11 18 4 19 3 6 
4 43 14 
16 31 1 7 1 5 
2 12 25 17 5 
1 7 1 39 11 1 1 
2 38 19 1 1 
2 4 33 7 9 1 1 3 1 
61 
1 59 1 
1 49 9 2 
2 36 11 8 1 3 
2 54 3 1 1 
3 34 6 14 3 1 
4 26 2 27 2 
2 47 12 
3 11 15 12 1 7 1 9 1 1 
1 16 43 1 
1 47 6 3 1 2 1 
17 3 17 23 1 
21 34 2 4 
1 29 4 14 12 1 
9 46 6 
1 36 22 2 
55 4 2 
1 6 28 9 17 
1 11 4 4 14 16 2 4 1 3 1 
17 15 23 5 1 
5 7 14 9 18 2 1 2 1 1 1 
22 23 13 3 
2 23 18 16 2 
1 43 7 1 4 5 
2 11 43 3 1 1 
4 22 11 14 9 1 
11 27 12 2 1 3 2 3 
2 37 17 2 1 1 1 
2 30 22 6 1 
1 21 6 22 4 3 2 1 1 
18 15 20 6 1 1 
20 7 21 6 3 3 1 
17 6 26 11 1 
1 28 32 
2 10 10 37 1 1 
1 58 1 1 
60 1 
49 10 1 1 
3 11 45 2 
60 1 
1 48 8 2 1 1 
1 3 10 34 3 2 4 4 
53 3 1 2 1 1 
1 26 29 4 1 
1 14 23 17 2 1 1 1 1 
1 29 16 6 6 2 1 
1 8 7 7 19 3 6 5 4 1 
1 33 2 15 10 
7 33 20 1 
1 12 48 
1 30 21 4 3 2 
4 29 27 1 
22 24 9 6 
3 37 21 
2 56 3 
1 11 14 4 7 4 3 8 4 5 
2 3 38 4 3 1 9 1 
8 18 26 6 3 
1 51 2 5 2 
1 45 13 2 
46 14 1 
1 43 17 
1 4 10 1 32 6 4 3 
50 1 10 
1 15 44 1 
17 33 10 1 
1 49 7 2 2 
1 2 54 1 3 
5 52 4 
2 11 15 24 5 1 3 
2 4 19 29 3 3 1 
1 17 34 6 3 
1 28 3 14 15 
61 
45 15 1 
1 60 
1 12 25 16 4 3 
2 46 7 2 2 2 
1 38 8 8 2 2 1 1 
1 28 1 29 2 
2 20 22 13 4 
6 51 4 
1 52 5 1 2 
4 53 2 2 
1 29 10 5 11 2 3 
2 54 5 
59 2 
10 20 5 24 2 
1 6 37 3 14 
2 16 27 5 6 5 
1 17 28 3 8 3 1 
2 15 4 35 4 1 
2 32 11 3 12 1 
61 
15 36 8 1 1 
19 31 11 
2 48 2 1 8 
2 30 29 
2 55 4 
59 2 
30 31 
41 16 2 2 
6 29 14 1 3 2 5 1 
1 36 1 17 2 3 1 
1 30 30 
61 
20 41 
11 4 43 2 1 
1 43 13 4 
1 26 17 13 3 1 
2 56 2 1 
50 10 1 
1 20 15 11 9 5 
1 55 3 2 
1 25 14 21 
1 59 1 
1 7 7 5 13 8 6 9 5 
1 37 11 12 
6 22 6 5 1 18 1 2 
1 51 7 1 1 
39 22 
20 24 17 
1 33 1 21 5 
2 20 33 4 1 1 
1 55 5 
3 45 5 7 1 
4 11 42 3 1 
1 49 11 
1 54 4 1 1 
48 9 4 
55 6 
1 21 13 21 5 
1 3 8 4 16 11 3 2 9 1 3 
52 7 1 1 
6 26 29 
11 40 5 1 1 3 
15 36 10 
2 16 26 1 13 3 
24 12 20 4 1 
8 16 34 3 
1 13 10 32 2 1 2 
32 6 8 14 1 
1 31 4 5 1 12 1 2 3 1 
8 36 12 2 2 1 
1 1 10 39 4 2 3 1 
3 26 29 2 1 
59 1 1 
1 21 39 
6 49 1 3 2 
2 47 5 7 
1 19 13 7 11 9 1 
47 10 3 1 
11 1 8 6 35 
3 48 5 2 2 1 
2 54 3 2 
7 2 33 2 1 15 1 
23 1 1 2 19 4 2 4 4 1 
1 49 4 2 1 2 1 1 
4 39 16 1 1 
1 49 2 2 5 1 1 
1 18 42 
1 33 27 
1 44 2 13 1 
8 14 30 1 3 3 1 1 
1 31 29 
3 46 3 1 8 
3 17 8 30 3 
1 41 5 14 
1 40 19 1 
2 44 13 1 1 
15 45 1 
3 6 20 27 2 2 1 
1 57 1 2 
4 33 2 17 5 
2 2 53 1 3 
1 26 19 1 9 1 1 3 
1 48 8 2 2 
3 40 9 1 3 3 2 
60 1 
1 38 13 2 4 2 1 
18 31 1 8 3 
23 9 9 15 1 1 1 1 1 
59 2 
53 4 1 2 1 
4 17 12 10 13 4 1 
3 10 48 
1 8 12 10 15 7 3 5 
6 16 38 1 
2 36 2 21 
1 33 4 3 4 8 5 1 1 1 
1 18 14 13 6 7 2 
1 47 4 1 6 2 
27 18 5 1 4 3 1 2 
41 10 9 1 
6 30 17 5 3 
2 8 34 8 8 1 
1 46 9 1 2 1 1 
1 50 10 
19 23 10 1 3 5 
2 23 27 7 1 1 
16 11 2 9 4 10 3 6 
3 28 30 
1 1 9 36 10 3 1 
1 44 14 2 
1 16 35 7 2 
1 3 36 2 3 14 2 
4 37 7 5 5 1 1 1 
18 12 28 1 2 
12 36 13 
1 38 15 4 2 1 
3 4 40 9 1 4 
4 38 14 1 3 1 
13 5 5 17 1 17 1 2 
4 29 3 15 5 5 
1 31 25 3 1 
13 40 7 1 
16 19 26 
61 
2 25 2 18 6 2 2 3 1 
1 28 17 9 5 1 
1 44 3 13 
2 39 6 1 11 1 1 
61 
2 18 3 23 7 8 
8 32 19 2 
2 19 18 3 17 1 1 
1 36 6 14 1 1 1 1 
1 58 2 
1 32 1 6 2 3 9 5 2 
2 53 6 
5 22 34 
1 40 19 1 
1 39 1 2 13 5 
6 13 19 1 10 5 2 2 2 1 
1 58 2 
19 19 1 4 15 3 
19 19 13 3 4 3 
15 25 9 2 10 
1 48 5 3 3 1 
1 22 28 2 6 2 
46 6 3 4 2 
1 58 2 
1 4 8 36 8 1 2 1 
1 28 2 11 6 4 3 2 2 2 
10 9 8 30 4 
1 51 7 1 1 
4 21 34 1 1 
1 4 45 7 1 1 1 1 
1 24 9 7 13 1 6 
42 10 5 4 
16 12 2 17 1 5 5 3 
5 32 1 16 7 
2 57 1 1 
2 13 31 13 2 
2 16 31 5 4 3 
2 14 22 23 
1 44 13 3 
1 30 24 6 
3 51 6 1 
5 53 1 1 1 
2 30 3 14 5 2 3 2 
46 8 1 5 1 
1 29 20 4 6 1 
2 31 21 5 2 
1 58 2 
1 59 1 
4 40 1 13 1 1 1 
1 43 2 4 3 2 1 3 1 1 
5 32 21 2 1 
2 53 6 
2 34 4 18 1 1 1 
2 16 22 20 1 
1 43 8 6 1 2 
24 2 20 12 3 
2 53 6 
4 22 14 16 3 1 1 
1 8 50 1 1 
42 7 12 
6 4 23 6 22 
9 17 4 10 21 
20 22 8 7 2 1 1 
6 7 27 7 5 8 1 
1 42 18 
1 23 7 16 10 4 
6 36 18 1 
4 7 24 8 6 11 1 
19 8 4 11 2 1 8 5 3 
1 52 8 
1 59 1 
5 44 10 2 
15 20 24 2 
3 17 39 2 
44 8 9 
2 48 11 
4 46 9 1 1 
2 12 31 1 3 12 
14 24 2 18 3 
55 5 1 
5 54 1 1 
2 42 16 1 
4 34 4 12 5 1 1 
3 20 3 23 3 4 4 1 
8 50 1 2 
1 36 15 1 2 3 1 1 1 
48 11 2 
1 22 1 23 10 1 3 
1 4 29 6 4 9 3 4 1 
2 56 3 
4 6 3 24 6 13 1 2 1 1 
1 29 21 8 2 
10 19 4 6 7 7 5 3 
1 21 27 3 9 
2 22 37 
7 39 15 
1 20 2 21 6 4 7 
1 55 1 4 
2 57 1 1 
4 38 15 1 3 
1 45 10 4 1 
30 22 8 1 
2 23 35 1 
2 10 14 16 9 6 4 
1 59 1 
2 56 2 1 
3 43 15 
2 2 22 28 2 1 3 1 
5 23 5 22 2 2 1 1 
5 5 36 7 5 1 1 1 
2 10 30 7 3 1 1 3 4 
1 7 29 8 15 1 
1 53 5 2 
1 35 9 2 3 7 3 1 
1 12 41 1 3 2 1 
4 50 6 1 
4 16 11 27 3 
4 36 21 
4 53 2 1 1 
1 40 14 6 
4 49 3 5 
2 58 1 
17 6 29 1 4 1 1 2 
1 48 1 10 1 
1 9 9 30 1 5 4 1 1 
1 9 46 1 2 2 
9 45 3 1 1 2 
5 50 1 2 2 1 
3 24 32 1 1 
2 34 19 4 2 
32 12 16 1 
2 52 7 
4 9 7 4 11 12 3 9 1 1 
1 41 5 6 6 2 
4 13 4 17 12 3 8 
28 15 11 2 1 2 2 
1 52 3 5 
1 24 35 1 
11 6 13 21 3 3 2 1 1 
20 18 6 8 3 5 1 
1 56 4 
2 38 12 9 
5 28 27 1 
1 45 4 3 1 1 2 2 1 1 
1 5 54 1 
6 7 28 9 11 
1 32 23 1 4 
4 48 3 3 2 1 
59 2 
35 3 15 4 3 1 
8 51 1 1 
6 46 1 2 2 4 
3 58 
3 1 20 9 12 16 
1 48 3 6 2 1 
1 8 6 23 12 8 1 2 
36 17 1 1 4 2 
1 16 33 3 3 2 2 1 
1 60 
2 58 1 
1 59 1 
1 42 18 
10 31 12 7 1 
1 14 43 2 1 
3 2 33 11 2 10 
1 14 44 2 
2 24 5 13 5 3 5 2 2 
2 26 14 6 12 1 
4 27 17 3 1 2 4 2 1 
61 
1 15 5 32 8 
1 34 18 4 2 1 1 
53 6 2 
4 50 3 2 1 1 
8 29 8 1 4 8 3 
49 7 1 3 1 
1 1 29 9 7 1 12 1 
1 30 30 
5 31 9 12 1 1 2 
2 57 2 
21 1 12 4 16 6 1 
2 37 5 16 1 
1 35 25 
4 55 2 
1 29 17 3 7 2 1 1 
1 39 11 1 6 3 
58 1 1 1 
46 1 1 3 2 3 2 2 1 
1 51 5 3 1 
44 1 6 7 3 
13 34 12 2 
9 41 4 5 2 
2 9 37 2 4 7 
4 42 5 5 4 1 
1 35 24 1 
1 34 20 1 5 
17 39 4 1 
1 25 5 1 17 7 3 1 1 
61 
1 25 8 22 5 
3 33 3 4 16 1 1 
2 40 1 15 3 
24 18 1 15 3 
6 4 26 24 1 
3 39 19 
1 4 56 
7 29 24 1 
48 3 7 3 
3 14 30 9 1 4 
1 49 11 
1 37 13 4 3 2 1 
5 48 8 
1 2 51 5 1 1 
23 3 29 4 1 1 
1 33 4 20 3 
3 17 10 20 1 9 1 
3 45 9 4 
21 6 13 8 9 3 1 
11 15 35 
1 38 21 1 
1 57 3 
1 58 1 1 
13 46 1 1 
1 46 2 1 2 3 3 1 1 1 
3 54 4 
1 57 3 
11 49 1 
1 21 12 23 4 
1 50 5 4 1 
29 26 3 2 1 
1 57 2 1 
1 59 1 
5 45 5 2 3 1 
16 16 13 12 3 1 
1 32 20 4 2 1 1 
12 1 21 22 2 1 2 
3 39 3 13 2 1 
19 34 6 2 
3 20 31 6 1 
3 9 45 4 
1 56 1 1 1 1 
2 56 1 1 1 
29 14 18 
30 4 4 1 6 1 10 4 1 
8 27 24 2 
1 48 11 1 
49 2 6 4 
12 8 9 10 5 14 2 1 
5 49 1 1 4 1 
2 57 2 
13 11 19 11 5 2 
1 15 27 17 1 
3 58 
56 2 1 1 1 
8 42 7 3 1 
59 2 
36 18 7 
3 39 16 3 
1 44 16 
12 26 18 5 
38 23 
3 40 7 9 2 
1 45 4 5 1 1 1 3 
3 13 10 29 6 
61 
1 10 4 41 1 1 1 2 
2 8 33 1 4 6 7 
28 33 
1 19 41 
1 35 17 1 6 1 
2 9 16 1 11 4 2 12 1 1 1 1 
1 57 1 2 
42 6 13 
2 32 1 9 5 12 
1 39 6 5 5 2 1 2 
2 20 34 1 3 1 
2 6 5 11 3 33 1 
1 44 3 2 8 1 1 1 
1 54 4 2 
4 38 19 
3 43 15 
1 22 38 
2 41 4 14 
11 9 7 23 3 1 3 2 1 1 
1 4 38 9 7 1 1 
28 14 16 2 1 
1 55 4 1 
7 44 7 2 1 
2 26 27 4 1 1 
48 11 2 
3 44 4 8 2 
23 28 4 5 1 
1 20 31 1 5 3 
1 51 9 
4 25 9 16 4 2 1 
1 21 37 1 1 
2 54 1 2 2 
1 49 4 1 6 
49 5 7 
2 40 3 5 9 1 1 
3 29 26 1 2 
8 35 12 2 4 
2 7 20 13 11 1 4 1 2 
1 18 26 7 2 3 4 
1 44 3 11 1 1 
27 19 15 
5 18 10 18 4 4 2 
3 26 23 8 1 
2 5 8 18 19 4 4 1 
1 20 4 14 7 7 2 5 1 
1 36 10 3 6 4 1 
1 37 20 3 
3 22 13 4 13 2 2 1 1 
1 30 21 3 6 
1 29 20 7 3 1 
1 24 13 6 12 5 
1 45 2 7 6 
1 22 5 4 11 4 3 2 8 1 
1 47 7 4 2 
22 1 21 5 4 4 4 
1 50 1 5 2 1 1 
5 52 1 2 1 
8 39 10 2 2 
1 20 11 9 9 3 4 3 1 
28 13 3 8 9 
1 10 46 3 1 
1 19 41 
24 17 12 7 1 
1 55 5 
1 28 23 3 1 1 1 2 1 
1 42 12 3 2 1 
1 32 22 4 1 1 
1 29 31 
2 10 12 22 15 
1 54 6 
12 42 4 1 2 
60 1 
34 14 13 
58 1 1 1 
24 33 1 3 
1 57 3 
1 38 1 5 7 8 1 
2 23 28 2 2 2 2 
9 9 19 15 4 2 3 
40 7 1 13 
3 41 1 16 
2 57 1 1 
1 7 40 4 1 7 1 
54 4 2 1 
6 26 15 9 4 1 
32 4 17 7 1 
1 16 41 2 1 
3 9 5 44 
1 9 18 25 4 3 1 
1 14 16 11 5 10 1 3 
4 54 3 
17 27 8 3 6 
2 35 23 1 
39 9 1 2 4 1 3 1 1 
3 23 9 23 2 1 
1 22 21 6 7 3 1 
9 24 2 15 4 6 1 
44 2 4 9 2 
1 36 23 1 
1 11 2 45 2 
4 44 9 2 1 1 
61 
9 49 3 
1 20 14 10 10 1 1 3 1 
1 18 36 1 1 3 1 
2 15 34 3 2 5 
14 2 45 
1 6 1 40 10 1 1 1 
45 3 8 2 2 1 
57 1 1 2 
1 59 1 
61 
12 34 15 
4 36 21 
7 36 15 1 2 
1 51 5 1 1 2 
48 2 6 4 1 
11 39 11 
1 54 6 
2 55 1 2 1 
5 8 2 43 2 1 
2 42 17 
1 1 52 2 5 
19 2 32 4 2 2 
3 12 35 3 5 2 1 
3 18 15 20 3 1 1 
1 23 31 4 2 
22 31 5 3 
1 11 38 2 9 
3 39 9 9 1 
2 5 54 
2 52 7 
4 55 1 1 
3 53 2 2 1 
12 39 10 
61 
16 31 14 
41 9 3 5 3 
6 34 20 1 
2 40 15 3 1 
1 52 4 3 1 
60 1 
1 43 5 1 1 1 6 3 
1 49 6 3 1 1 
6 44 9 2 
1 21 11 27 1 
1 60 
1 52 2 2 2 1 1 
41 5 3 8 1 3 
1 23 16 21 
1 28 7 21 3 1 
16 24 11 8 2 
56 3 1 1 
1 23 35 1 1 
1 3 57 
6 6 33 5 7 4 
7 37 8 6 1 2 
1 23 36 1 
2 50 7 1 1 
2 10 40 6 1 1 1 
58 2 1 
1 6 47 2 2 1 2 
1 38 13 4 1 4 
3 44 1 5 2 6 
1 53 4 1 1 1 
1 32 27 1 
3 23 19 5 5 6 
1 35 24 1 
1 40 20 
2 48 3 7 1 
4 5 27 10 1 5 7 1 1 
1 35 16 4 5 
2 43 16 
28 4 2 21 6 
1 10 23 17 3 4 3 
2 43 16 
47 6 4 1 3 
8 26 27 
1 4 42 12 1 1 
17 43 1 
1 20 28 1 1 6 3 1 
2 4 36 3 2 10 2 1 1 
1 30 9 6 7 7 1 
3 25 33 
4 38 13 3 2 1 
61 
1 36 11 4 2 7 
1 5 45 2 6 2 
8 17 10 21 2 1 1 1 
2 47 9 2 1 
2 59 
1 18 28 7 6 1 
17 12 10 2 13 2 1 2 2 
3 4 49 1 4 
61 
2 53 5 1 
5 36 8 3 5 1 2 1 
1 21 30 6 1 1 1 
58 3 
6 51 4 
3 22 27 8 1 
3 53 4 1 
2 35 16 3 4 1 
5 35 14 7 
4 8 31 12 3 3 
4 52 3 1 1 
32 8 12 1 7 1 
1 58 1 1 
1 34 18 3 3 1 1 
1 28 6 4 17 5 
49 8 4 
5 41 7 3 5 
1 25 26 7 2 
1 6 19 35 
1 19 33 8 
57 4 
2 44 8 2 4 1 
3 50 7 1 
1 40 5 11 2 1 1 
2 2 6 36 4 8 3 
4 12 19 22 1 3 
3 44 6 6 2 
3 8 32 3 2 9 3 1 
1 37 4 13 3 2 1 
14 42 2 3 
3 28 17 1 9 1 2 
60 1 
1 18 21 14 6 1 
11 40 6 4 
1 58 2 
14 36 4 2 2 1 2 
5 17 22 2 13 1 1 
3 38 10 7 3 
1 24 34 2 
60 1 
8 37 9 2 3 2 
61 
1 43 17 
1 39 15 6 
4 46 7 3 1 
1 50 10 
11 21 16 8 1 3 1 
5 15 9 13 11 5 2 1 
2 14 7 10 14 3 1 2 1 3 3 1 
1 56 1 1 1 1 
2 23 35 1 
1 12 41 1 5 1 
47 4 1 6 2 1 
2 50 4 1 1 1 2 
61 
1 14 19 22 5 
15 1 5 11 9 11 7 2 
1 50 7 3 
6 3 24 21 7 
4 27 26 1 3 
3 3 4 37 1 11 2 
1 52 5 3 
4 53 1 3 
33 13 4 1 6 2 1 1 
8 18 29 2 4 
3 54 2 1 1 
1 5 44 4 5 2 
1 37 10 3 4 6 
1 3 46 6 4 1 
7 6 30 7 11 
10 42 6 1 1 1 
50 8 3 
1 54 1 1 4 
1 51 1 8 
2 59 
1 21 22 9 5 2 1 
1 19 41 
48 9 4 
1 51 2 1 3 3 
1 46 6 8 
4 22 9 6 10 2 1 5 2 
52 2 6 1 
2 34 25 
8 51 2 
3 23 14 21 
1 59 1 
7 20 14 17 3 
3 19 36 1 1 1 
22 15 15 6 1 2 
2 27 30 2 
1 47 1 9 3 
3 38 14 6 
1 11 46 3 
2 50 8 1 
50 3 3 1 2 1 1 
1 41 2 5 4 1 3 2 1 1 
2 41 17 1 
7 11 33 8 2 
8 38 5 4 5 1 
39 15 7 
2 9 7 28 6 4 5 
1 11 49 
51 1 8 1 
32 5 18 6 
2 53 6 
1 12 14 20 2 12 
1 40 20 
1 15 22 6 17 
4 56 1 
2 27 32 
1 21 24 14 1 
2 31 28 
3 49 6 1 2 
4 48 4 3 1 1 
7 26 15 10 2 1 
41 4 1 10 1 1 2 1 
1 11 10 1 32 4 2 
25 26 7 1 2 
6 7 16 20 8 2 2 
1 2 34 18 2 1 1 2 
15 35 11 
1 13 16 2 24 3 2 
15 5 8 27 4 2 
48 8 5 
2 35 9 4 1 9 1 
4 21 20 6 10 
2 19 31 8 1 
1 24 11 3 11 5 5 1 
8 45 6 1 1 
1 47 1 2 9 1 
6 46 3 4 2 
22 33 6 
1 18 20 17 5 
3 10 9 30 6 2 1 
1 5 9 44 2 
1 25 18 12 5 
17 27 3 3 6 2 3 
2 45 1 1 3 8 1 
50 9 1 1 
1 42 18 
2 41 18 
1 48 1 2 9 
1 55 5 
2 44 9 5 1 
1 37 16 1 3 2 1 
1 33 7 9 2 5 3 1 
1 19 17 4 3 15 2 
3 15 27 5 3 4 1 3 
8 24 28 1 
1 52 3 3 1 1 
59 2 
1 23 18 7 12 
2 10 21 14 14 
4 17 35 1 2 2 
6 19 2 2 10 2 12 3 3 2 
1 56 1 2 1 
4 15 30 10 1 1 
3 54 2 2 
4 51 1 3 1 1 
1 48 2 2 2 1 3 1 1 
2 47 5 6 1 
55 3 2 1 
1 19 41 
1 30 5 17 8 
8 39 5 9 
4 9 5 10 33 
3 56 1 1 
59 1 1 
1 35 24 1 
13 32 2 13 1 
5 13 1 21 16 4 1 
31 5 1 24 
43 5 4 2 6 1 
4 52 3 1 1 
1 50 8 2 
59 2 
1 49 1 7 2 1 
2 41 17 1 
1 56 4 
2 40 4 2 4 3 6 
3 30 11 7 10 
5 42 14 
3 14 38 1 1 2 2 
4 23 27 2 5 
1 53 7 
41 3 17 
1 55 4 1 
2 48 11 
38 15 6 1 1 
6 12 12 4 14 3 9 1 
1 5 50 1 1 2 1 
3 23 19 9 3 4 
2 33 20 2 4 
48 12 1 
1 37 20 1 2 
1 36 21 2 1 
2 40 11 5 3 
1 55 2 3 
1 58 2 
61 
1 10 6 10 28 2 4 
2 44 10 2 3 
1 57 3 
16 18 23 1 1 1 1 
50 9 1 1 
3 58 
2 26 9 12 10 2 
5 32 6 3 6 6 3 
1 46 13 1 
31 4 26 
7 29 14 1 6 2 2 
1 2 40 2 4 6 6 
1 23 34 3 
