60 1 1 
1 23 38 
10 36 15 1 
1 43 7 7 4 
2 53 7 
3 4 55 
3 3 26 13 17 
3 36 23 
1 2 57 1 1 
1 56 2 3 
8 54 
9 41 11 1 
2 34 2 16 7 1 
5 31 18 4 4 
29 15 6 4 4 1 3 
7 4 14 3 1 12 12 4 2 1 2 
43 16 3 
1 35 6 10 7 3 
21 39 2 
1 19 37 5 
1 26 1 29 4 1 
1 25 3 27 6 
53 7 2 
1 31 11 14 3 1 1 
11 51 
2 18 7 4 14 8 2 3 1 2 1 
1 53 5 3 
61 1 
12 27 2 15 5 1 
2 43 17 
1 49 11 1 
1 9 46 3 2 1 
1 40 5 2 9 3 2 
2 53 1 1 2 3 
56 5 1 
3 44 3 3 7 1 1 
2 13 47 
1 8 6 41 3 3 
1 7 10 9 23 3 1 4 1 1 2 
6 21 4 17 2 4 5 3 
26 28 2 3 2 1 
4 12 31 5 3 6 1 
19 3 23 14 3 
24 22 1 1 9 2 2 1 
34 13 12 2 1 
9 7 2 3 17 12 2 9 1 
1 60 1 
10 12 28 10 2 
2 39 11 2 8 
12 39 11 
2 26 28 1 4 1 
2 41 9 7 2 1 
5 52 5 
4 25 21 12 
1 56 1 4 
2 25 35 
1 53 6 2 
52 1 2 7 
6 55 1 
1 45 5 8 3 
40 22 
9 21 24 3 5 
7 26 21 2 5 1 
1 23 3 3 13 12 1 1 3 2 
1 37 7 7 7 1 2 
5 10 41 3 1 1 1 
1 33 19 3 4 2 
1 61 
1 20 36 2 2 1 
4 22 33 2 1 
36 1 23 2 
1 15 11 29 3 1 2 
2 57 3 
41 6 8 3 3 1 
1 47 12 1 1 
1 22 8 1 14 7 2 1 1 2 2 1 
47 2 12 1 
1 40 4 8 9 
1 37 20 4 
7 38 17 
1 36 10 8 5 1 1 
1 42 1 14 2 1 1 
62 
4 16 15 9 3 14 1 
27 21 10 1 3 
2 18 9 24 9 
1 31 24 3 1 2 
27 15 10 5 4 1 
2 28 27 5 
2 14 10 32 1 2 1 
12 22 7 12 8 1 
1 22 23 16 
1 2 13 19 19 6 1 1 
8 14 22 11 2 5 
3 54 5 
3 58 1 
36 16 3 6 1 
1 23 38 
8 23 3 28 
1 10 25 17 2 3 3 1 
2 3 51 2 2 2 
53 8 1 
7 31 19 2 2 1 
6 36 7 4 9 
1 9 19 23 10 
2 12 17 10 10 2 6 2 1 
16 28 18 
2 5 22 8 7 11 4 3 
51 9 1 1 
2 57 3 
1 1 42 18 
6 8 31 12 3 1 1 
1 48 13 
16 10 20 10 6 
5 25 32 
1 21 1 32 5 2 
1 42 11 7 1 
5 35 13 3 2 1 3 
5 3 44 5 2 2 1 
1 2 48 11 
5 22 10 4 7 10 2 2 
1 27 29 2 1 1 1 
1 4 39 4 12 2 
1 1 52 7 1 
3 5 5 37 2 4 5 1 
1 45 15 1 
1 9 38 13 1 
15 26 2 14 2 2 1 
1 21 18 14 1 4 3 
2 40 3 14 1 1 1 
62 
7 20 5 9 19 1 1 
2 55 5 
1 24 6 9 15 6 1 
16 22 7 13 3 1 
1 21 31 5 4 
3 28 7 18 3 2 1 
4 32 21 2 3 
1 44 10 3 1 2 1 
33 7 14 8 
2 25 3 21 10 1 
26 18 10 4 4 
1 24 3 27 7 
1 6 13 7 20 9 1 4 1 
1 22 11 8 4 6 6 2 2 
1 45 6 7 2 1 
36 14 12 
1 5 38 17 1 
13 20 22 5 2 
1 1 4 37 18 1 
2 39 3 7 5 5 1 
35 25 2 
16 6 28 6 3 3 
54 5 3 
3 9 8 25 5 12 
10 49 1 1 1 
1 33 6 5 3 3 2 9 
8 34 9 6 2 1 2 
14 43 4 1 
51 2 8 1 
1 55 6 
3 47 2 2 8 
6 30 13 6 5 2 
4 21 36 1 
10 39 5 8 
3 31 22 5 1 
2 44 12 3 1 
14 33 4 10 1 
14 7 35 1 4 1 
62 
14 15 24 6 3 
4 7 32 17 1 1 
20 35 2 1 2 1 1 
2 27 6 9 8 5 3 2 
2 13 1 21 1 16 6 2 
1 51 1 5 3 1 
1 4 40 3 9 5 
42 18 2 
1 15 37 3 2 1 2 1 
2 7 9 17 1 24 1 1 
1 48 6 7 
19 6 34 3 
6 47 1 7 1 
1 36 18 5 2 
26 9 18 7 1 1 
2 25 27 4 4 
2 13 33 3 9 2 
1 25 32 2 1 1 
2 19 15 1 16 9 
3 9 28 17 2 2 1 
1 31 2 26 1 1 
1 59 1 1 
1 20 41 
5 47 1 1 7 1 
54 5 3 
52 2 6 2 
1 23 38 
1 11 24 1 2 9 13 1 
1 41 5 8 7 
1 45 16 
40 16 6 
1 43 12 1 1 3 1 
1 19 16 19 4 3 
1 54 5 2 
20 14 2 17 4 4 1 
3 59 
1 10 32 3 14 1 1 
1 57 1 3 
1 60 1 
1 55 1 5 
28 7 1 24 2 
1 57 4 
2 41 1 7 1 10 
1 59 2 
26 20 6 9 1 
3 3 29 16 3 4 1 1 2 
1 47 5 9 
47 5 4 5 1 
7 51 4 
27 15 1 2 14 3 
1 35 6 9 9 2 
8 29 1 8 9 1 1 4 1 
14 6 21 4 14 1 2 
10 27 5 10 5 1 4 
1 53 4 1 1 2 
2 11 22 14 4 3 2 1 1 2 
1 35 25 1 
2 8 9 16 27 
1 51 6 3 1 
1 18 3 29 9 2 
5 30 18 7 1 1 
1 59 2 
8 51 3 
2 17 28 6 7 2 
3 23 13 22 1 
53 3 1 2 3 
3 30 2 27 
2 36 16 1 5 1 1 
1 46 12 2 1 
1 15 7 19 15 3 1 1 
2 48 1 5 2 4 
10 4 23 23 2 
33 15 10 3 1 
1 41 11 3 6 
1 38 3 16 4 
2 15 31 7 3 1 1 2 
2 15 1 42 1 1 
1 47 2 11 1 
1 2 28 9 4 3 10 3 2 
1 4 15 11 20 10 1 
1 35 13 8 2 2 1 
7 16 35 2 1 1 
1 18 26 8 2 2 1 1 3 
61 1 
1 23 33 3 2 
1 34 16 7 4 
3 29 10 1 14 4 1 
1 47 2 6 2 4 
1 23 24 12 1 1 
1 51 10 
2 13 33 5 6 1 2 
62 
1 40 15 3 1 2 
1 49 3 5 3 1 
8 32 12 6 4 
1 60 1 
12 45 1 4 
6 3 3 36 4 2 1 1 1 2 2 1 
17 9 19 14 3 
7 3 34 13 5 
4 44 14 
54 8 
6 54 2 
2 52 4 4 
2 35 20 2 1 1 1 
1 2 45 10 3 1 
1 32 20 4 4 1 
3 8 49 1 1 
17 9 29 6 1 
7 1 48 4 2 
2 59 1 
8 43 2 4 3 1 1 
62 
1 27 18 6 10 
4 42 1 6 7 2 
4 30 19 9 
7 3 5 34 10 1 2 
4 44 11 1 2 
53 7 1 1 
5 20 7 21 1 6 2 
9 28 1 18 6 
1 42 11 5 1 2 
1 18 6 30 1 2 1 1 2 
27 26 1 2 4 1 1 
1 48 12 1 
12 11 35 4 
55 5 2 
1 45 10 1 2 1 1 1 
1 40 18 3 
1 61 
7 9 19 14 2 5 2 1 3 
2 36 20 1 3 
45 6 8 2 1 
23 23 15 1 
33 5 14 5 5 
1 44 12 2 3 
4 41 17 
1 31 30 
34 8 8 8 4 
3 51 7 1 
56 3 1 2 
21 2 31 4 4 
1 33 28 
19 41 1 1 
4 49 6 2 1 
1 13 12 21 7 1 6 1 
3 18 2 17 7 1 9 2 2 1 
1 26 21 14 
1 20 27 13 1 
1 57 4 
44 17 1 
1 12 37 7 2 3 
62 
1 25 36 
1 38 19 2 2 
7 51 1 2 1 
47 2 5 7 1 
62 
2 33 24 1 2 
1 48 10 3 
1 21 40 
6 45 10 1 
15 22 22 3 
1 38 23 
1 32 25 4 
4 31 1 21 5 
2 55 2 2 1 
54 1 6 1 
1 13 17 3 3 20 1 4 
39 19 4 
2 42 12 1 5 
1 47 14 
1 51 1 3 1 2 3 
40 5 3 12 2 
3 17 19 19 3 1 
5 56 1 
3 15 11 10 3 10 8 1 1 
6 36 3 5 4 4 1 3 
1 42 8 5 6 
42 4 16 
9 42 4 3 4 
3 37 1 10 10 1 
3 9 32 16 2 
10 16 22 14 
2 37 23 
8 25 13 4 9 3 
1 27 10 12 5 6 1 
3 22 37 
8 9 25 11 8 1 
1 23 34 2 2 
1 54 5 2 
14 3 20 19 4 2 
1 16 10 4 26 4 1 
1 44 8 8 1 
1 61 
1 33 18 6 3 1 
1 20 2 25 13 1 
3 8 2 24 5 11 8 1 
1 26 15 7 13 
11 49 2 
1 35 14 8 4 
3 25 3 23 2 4 2 
9 42 9 2 
6 35 18 3 
34 7 21 
2 6 29 21 2 2 
1 38 4 18 1 
3 58 1 
1 34 21 2 4 
4 6 38 14 
1 24 14 9 10 3 1 
1 40 16 3 2 
60 2 
1 50 1 10 
41 12 3 1 4 1 
25 25 1 10 1 
57 4 1 
9 20 17 2 3 9 2 
46 8 7 1 
1 33 11 12 1 2 1 1 
1 9 42 7 3 
10 2 9 41 
1 38 23 
2 48 2 4 6 
44 18 
36 3 4 4 11 3 1 
1 56 4 1 
1 28 17 9 7 
5 7 35 12 1 1 1 
1 56 4 1 
5 47 7 2 1 
20 26 16 
2 22 6 8 7 15 2 
3 23 20 10 6 
48 9 5 
14 12 7 7 4 14 3 1 
2 44 16 
1 39 20 2 
4 45 8 4 1 
17 16 5 7 17 
1 15 36 7 3 
34 18 9 1 
1 61 
44 6 3 2 4 3 
61 1 
1 57 1 3 
1 42 14 2 2 1 
5 43 4 9 1 
1 55 3 1 1 1 
27 7 14 6 7 1 
53 6 1 2 
1 21 40 
1 9 10 6 18 6 2 10 
2 46 12 2 
10 25 13 5 8 1 
19 33 10 
1 52 4 1 1 2 1 
1 45 15 1 
6 33 23 
8 26 6 9 8 3 2 
6 55 1 
27 28 5 1 1 
1 22 14 4 11 3 5 1 1 
9 43 10 
3 3 51 5 
2 30 17 5 2 3 3 
2 52 7 1 
1 15 10 27 6 3 
1 38 20 2 1 
1 4 4 53 
1 39 4 7 11 
1 56 4 1 
3 44 9 6 
16 44 1 1 
1 58 2 1 
1 11 46 4 
12 13 12 15 4 2 4 
1 12 39 5 2 3 
10 40 7 1 2 1 1 
4 20 13 8 6 7 4 
3 59 
4 38 3 9 4 2 2 
29 27 4 1 1 
1 20 38 1 1 1 
48 3 7 4 
15 20 19 7 1 
11 38 13 
3 44 3 11 1 
17 44 1 
4 13 42 1 2 
2 2 24 10 20 1 1 1 1 
1 45 2 1 3 4 4 1 1 
7 7 47 1 
2 46 12 2 
1 55 2 4 
36 5 5 3 2 7 1 1 1 1 
1 52 2 5 2 
5 52 4 1 
4 34 15 7 2 
2 38 7 1 11 2 1 
1 56 2 3 
1 45 16 
57 1 3 1 
1 6 49 6 
7 49 4 2 
7 6 30 3 7 8 1 
1 23 29 6 1 2 
30 12 4 16 
1 43 8 9 1 
2 1 54 4 1 
50 11 1 
34 7 8 4 6 2 1 
1 55 1 4 1 
1 20 33 7 1 
20 29 12 1 
3 19 35 4 1 
1 31 6 15 3 5 1 
62 
4 27 18 7 3 2 1 
1 40 15 2 4 
49 10 2 1 
2 1 56 3 
1 43 16 1 1 
4 46 5 4 1 2 
1 37 3 5 14 2 
1 59 2 
1 15 12 26 3 4 1 
22 30 1 5 1 1 1 1 
1 39 22 
1 19 24 13 4 1 
49 6 7 
5 55 1 1 
1 35 5 16 2 3 
1 10 25 12 13 1 
1 52 8 1 
14 16 31 1 
1 1 26 14 8 7 4 1 
16 13 14 9 3 4 1 2 
2 52 6 2 
18 18 19 1 3 1 1 1 
1 52 2 1 6 
9 53 
5 7 9 1 27 11 2 
11 20 26 2 2 1 
1 2 36 2 9 3 8 1 
4 3 27 2 4 15 7 
1 14 31 12 3 1 
5 29 26 1 1 
28 23 4 6 1 
1 17 23 16 4 1 
10 24 11 13 1 1 2 
50 4 6 2 
1 40 2 6 3 1 7 1 1 
43 15 1 2 1 
7 25 17 3 2 7 1 
2 22 6 4 18 5 2 2 1 
1 49 7 3 2 
4 56 1 1 
3 16 18 12 12 1 
7 6 15 25 3 6 
1 22 29 10 
1 49 12 
7 21 11 17 6 
1 49 12 
1 42 19 
1 59 2 
6 41 10 4 1 
1 4 2 24 31 
22 38 1 1 
27 33 2 
1 43 3 7 2 2 1 2 1 
1 52 6 3 
1 20 19 13 1 1 2 4 1 
61 1 
1 35 9 10 6 1 
1 36 25 
4 29 29 
2 51 8 1 
1 25 33 2 1 
1 25 2 22 9 2 1 
4 52 6 
6 44 12 
3 30 20 2 7 
1 46 6 9 
1 4 46 8 3 
12 12 36 2 
1 28 4 2 1 24 2 
2 52 8 
26 13 12 11 
2 4 35 19 1 1 
12 6 13 4 8 2 1 13 2 1 
1 7 42 11 1 
2 36 24 
50 7 5 
1 19 28 4 10 
62 
11 21 24 4 2 
2 27 26 4 3 
1 27 17 7 5 3 2 
1 49 12 
6 35 9 10 2 
9 33 1 18 1 
7 33 11 2 5 2 2 
60 2 
12 24 5 5 1 7 4 3 1 
1 3 14 30 9 2 3 
3 15 28 3 3 3 6 1 
2 27 30 1 2 
62 
5 56 1 
4 32 21 2 2 1 
3 50 5 3 1 
1 29 17 11 2 2 
1 49 10 1 1 
1 9 49 1 2 
10 22 29 1 
62 
1 17 14 8 1 5 4 9 3 
11 29 4 16 2 
15 18 13 2 14 
2 49 8 1 2 
1 1 1 29 28 1 1 
2 52 7 1 
1 22 13 24 1 1 
2 38 11 10 1 
33 21 5 3 
2 1 11 17 1 14 3 6 5 2 
3 2 2 44 3 7 1 
1 1 48 1 1 9 1 
1 26 9 11 10 4 1 
3 52 2 5 
1 1 19 5 5 14 4 6 4 1 2 
1 37 19 2 3 
1 16 28 9 8 
13 20 29 
1 18 19 22 2 
1 22 37 2 
2 22 3 15 2 8 7 2 1 
38 18 2 2 2 
3 38 19 2 
1 2 29 17 3 5 4 1 
53 8 1 
5 7 12 35 2 1 
3 12 29 1 17 
1 61 
22 8 2 4 12 2 6 5 1 
1 7 19 12 20 1 2 
3 35 3 4 10 1 4 2 
2 28 5 6 20 1 
3 15 5 25 3 4 7 
1 45 2 5 5 1 1 1 1 
6 36 17 2 1 
60 2 
14 2 13 2 8 15 4 4 
1 7 41 10 2 1 
2 20 20 17 3 
11 40 5 5 1 
3 1 34 17 6 1 
1 50 10 1 
1 4 21 28 5 3 
1 31 21 1 2 1 3 2 
7 37 18 
1 25 17 1 10 2 1 2 1 2 
1 48 1 6 1 2 2 1 
3 1 52 5 1 
7 52 2 1 
1 10 39 11 1 
1 2 14 25 8 2 4 6 
17 17 27 1 
1 45 3 8 3 2 
62 
5 48 7 1 1 
13 32 15 2 
1 1 42 1 2 11 4 
1 50 4 2 4 1 
17 44 1 
1 14 35 10 1 1 
3 23 24 6 3 3 
4 57 1 
2 28 1 3 18 3 3 3 1 
6 33 17 2 1 3 
17 21 17 2 4 1 
1 39 16 1 4 1 
24 29 3 3 2 1 
1 11 18 9 20 3 
62 
1 24 22 8 7 
42 11 4 1 1 3 
5 32 19 4 1 1 
2 9 7 21 14 6 2 1 
4 47 11 
1 16 5 27 8 2 3 
3 59 
40 15 2 4 1 
1 55 4 2 
38 17 3 4 
9 3 17 17 8 6 2 
1 60 1 
5 54 3 
1 12 45 1 1 2 
2 34 22 3 1 
35 15 7 1 2 2 
1 59 2 
1 58 2 1 
1 12 23 4 3 6 9 3 1 
10 35 5 2 5 4 1 
4 39 18 1 
5 38 17 2 
60 1 1 
1 13 21 25 2 
1 48 7 3 2 1 
1 59 1 1 
12 32 14 4 
1 44 4 1 2 5 2 1 1 1 
14 27 12 5 1 2 1 
13 46 2 1 
10 21 13 4 11 2 1 
1 5 46 10 
1 60 1 
5 51 5 1 
3 49 9 1 
28 29 5 
1 44 16 1 
1 36 25 
3 24 16 15 4 
53 3 6 
2 31 29 
1 57 2 1 1 
62 
1 41 19 1 
3 45 8 2 1 2 1 
1 26 17 14 1 3 
11 9 10 20 7 5 
2 45 6 3 4 2 
16 38 2 1 2 2 1 
2 28 22 4 5 1 
8 48 6 
1 38 23 
5 37 10 4 3 1 1 1 
1 39 8 9 3 1 1 
1 10 11 5 16 14 1 4 
1 53 1 4 3 
1 48 12 1 
1 28 12 10 3 4 2 2 
1 41 7 2 5 1 2 2 1 
14 48 
1 2 3 9 28 7 6 2 3 1 
6 3 2 36 1 3 9 1 1 
4 53 5 
2 4 10 11 30 1 2 2 
34 19 7 2 
1 46 13 1 1 
60 1 1 
34 18 6 4 
2 52 4 3 1 
2 57 1 2 
1 59 2 
2 23 37 
1 25 4 25 6 1 
2 25 5 16 1 5 2 4 2 
7 7 48 
1 30 17 14 
1 22 22 2 10 3 1 1 
1 52 8 1 
11 10 38 3 
42 18 2 
2 3 35 3 3 4 7 3 1 1 
2 45 12 2 1 
24 23 13 2 
1 59 2 
1 36 24 1 
4 11 10 26 11 
1 13 44 4 
55 2 3 1 1 
3 24 1 31 3 
25 6 1 20 8 2 
40 17 2 3 
1 18 34 9 
8 2 21 9 22 
2 45 14 1 
2 50 2 1 4 3 
61 1 
3 30 25 4 
29 6 4 14 9 
1 21 20 17 2 1 
1 43 18 
6 44 11 1 
2 13 19 4 20 4 
10 34 10 4 3 1 
30 31 1 
3 53 3 1 2 
2 28 4 17 2 9 
4 16 10 14 11 3 4 
31 5 25 1 
61 1 
3 42 16 1 
3 18 20 2 15 3 1 
1 8 3 1 6 22 9 4 4 3 1 
8 10 40 4 
3 10 48 1 
1 55 6 
1 54 7 
2 37 22 1 
3 21 27 11 
1 9 33 17 1 1 
2 2 27 1 26 2 1 1 
5 22 26 4 5 
2 8 46 2 4 
56 3 1 2 
1 7 20 14 12 6 2 
3 3 24 9 22 1 
3 37 6 10 5 1 
3 1 7 5 19 16 11 
3 19 34 3 1 1 1 
4 32 5 16 2 3 
34 13 4 11 
8 41 1 7 2 3 
47 2 11 2 
5 54 2 1 
20 16 2 9 6 2 5 1 1 
2 48 10 1 1 
1 21 9 6 8 14 3 
1 14 47 
2 43 14 1 2 
2 31 13 6 1 7 2 
1 50 1 7 2 1 
2 48 3 3 2 1 1 2 
2 32 28 
17 24 1 8 1 11 
1 11 4 11 33 2 
1 15 28 2 3 5 1 1 4 1 1 
1 59 1 1 
23 35 4 
1 4 46 7 4 
53 2 7 
11 3 25 21 2 
2 44 15 1 
26 3 16 17 
17 44 1 
12 31 14 3 2 
6 11 6 7 13 7 9 2 1 
1 29 27 3 2 
1 10 6 14 19 3 8 1 
61 1 
7 13 41 1 
14 14 7 4 16 1 4 1 1 
3 16 42 1 
24 9 1 2 2 24 
6 36 4 7 9 
6 54 2 
11 17 14 19 1 
6 31 10 2 2 6 4 1 
3 34 17 4 1 2 1 
13 13 16 6 14 
5 55 1 1 
6 49 3 1 3 
1 38 21 2 
1 47 12 1 1 
50 5 6 1 
30 6 9 14 2 1 
1 5 22 3 16 3 6 2 1 2 1 
12 27 1 9 7 1 3 1 1 
18 30 7 3 2 2 
31 20 9 1 1 
62 
4 9 16 29 4 
4 34 22 1 1 
62 
1 14 20 14 1 1 6 4 1 
1 42 6 2 11 
1 35 24 1 1 
2 38 12 4 6 
1 45 5 11 
1 57 2 1 1 
1 28 33 
29 21 9 1 1 1 
3 38 3 15 2 1 
1 22 15 19 5 
1 33 27 1 
1 33 24 1 3 
4 39 11 7 1 
1 9 9 33 7 2 1 
4 42 16 
12 44 1 2 1 2 
5 57 
5 8 8 5 14 16 1 3 2 
19 7 36 
2 25 12 6 1 7 1 5 1 1 1 
13 13 19 13 1 2 1 
1 43 3 2 8 5 
3 47 4 5 3 
22 8 29 1 2 
8 13 30 10 1 
1 24 21 15 1 
2 30 20 1 4 3 1 1 
21 10 21 7 2 1 
13 49 
5 23 25 6 2 1 
7 22 26 3 2 2 
1 22 3 24 3 8 1 
1 24 35 1 1 
2 10 41 3 6 
13 20 8 8 4 5 4 
6 35 5 15 1 
23 7 22 3 3 4 
1 57 3 1 
45 5 11 1 
1 30 31 
10 7 33 4 2 5 1 
1 18 29 1 2 7 1 1 1 1 
17 13 16 15 1 
8 9 33 10 2 
3 41 5 10 1 1 1 
2 51 6 2 1 
1 20 31 6 4 
60 2 
1 18 15 10 10 7 1 
3 53 6 
3 40 19 
58 3 1 
2 58 2 
1 61 
5 23 26 3 1 3 1 
1 23 2 1 4 5 26 
2 13 19 4 4 3 5 7 2 1 2 
23 20 19 
1 24 11 3 4 2 11 4 2 
1 58 1 2 
7 32 1 15 4 2 1 
33 3 16 6 3 1 
2 52 8 
7 6 16 1 13 4 4 3 1 2 3 1 1 
1 47 4 6 1 1 2 
3 38 21 
3 13 23 22 1 
3 58 1 
5 54 2 1 
2 26 34 
2 57 3 
2 29 21 8 2 
26 30 6 
1 35 12 13 1 
2 8 22 6 6 8 6 2 1 1 
1 6 20 8 7 13 1 3 3 
57 5 
1 49 1 7 4 
28 17 11 5 1 
59 2 1 
1 33 28 
10 2 4 19 2 13 1 1 8 2 
32 17 1 11 1 
47 15 
43 1 4 8 6 
1 33 28 
2 60 
1 55 6 
1 53 1 5 1 1 
3 54 5 
52 10 
1 49 12 
6 38 3 2 11 2 
1 39 6 7 9 
3 34 7 1 17 
1 9 20 13 10 7 1 1 
1 55 6 
1 40 3 5 9 1 3 
6 36 5 8 6 1 
8 50 3 1 
1 60 1 
4 32 26 
33 3 16 3 6 1 
35 17 10 
14 46 2 
2 2 29 4 3 7 13 1 1 
1 15 38 8 
1 61 
9 52 1 
19 37 6 
10 12 6 24 1 1 5 2 1 
4 20 7 8 5 14 1 3 
1 14 47 
4 32 16 2 5 1 2 
22 11 25 1 3 
4 25 1 16 15 1 
1 46 3 1 7 4 
1 38 19 1 3 
2 60 
1 43 16 1 1 
1 61 
1 51 8 1 1 
2 54 6 
1 23 20 15 3 
1 31 18 6 6 
4 13 21 17 4 2 1 
12 7 4 8 24 5 2 
3 37 13 5 4 
2 42 16 1 1 
22 18 22 
1 44 16 1 
21 9 11 14 5 2 
1 24 35 2 
1 56 1 4 
5 36 6 11 4 
1 10 21 10 10 2 1 2 1 3 1 
34 25 1 1 1 
9 37 6 1 8 1 
12 23 9 10 7 1 
23 32 5 1 1 
8 31 1 21 1 
1 18 10 24 7 2 
1 3 49 3 2 1 3 
1 21 24 1 3 3 2 5 2 
3 18 5 29 4 2 1 
1 23 16 10 4 6 2 
1 34 9 9 7 2 
11 9 38 3 1 
1 43 12 2 4 
5 45 11 1 
29 13 4 7 1 4 2 2 
2 55 5 
1 20 7 28 2 4 
1 7 8 25 10 2 2 7 
1 57 4 
2 17 5 1 25 8 2 1 1 
5 12 38 4 1 2 
53 8 1 
1 60 1 
1 17 13 13 4 11 3 
3 38 1 4 2 4 10 
3 39 11 1 8 
2 33 18 6 1 2 
5 28 5 9 5 4 4 1 1 
2 10 50 
43 1 4 7 7 
1 14 3 39 5 
1 43 5 11 2 
1 44 11 3 3 
2 23 25 1 5 5 1 
3 9 39 5 5 1 
25 4 25 7 1 
13 1 32 9 7 
1 56 1 2 1 1 
2 49 11 
5 33 2 2 10 6 4 
45 9 2 4 2 
1 26 33 2 
1 60 1 
61 1 
1 49 7 4 1 
2 15 19 9 17 
43 2 6 1 2 1 5 1 1 
1 24 14 4 10 9 
1 47 14 
4 56 2 
10 8 44 
17 26 1 12 4 2 
1 25 17 2 7 7 3 
2 2 39 13 4 1 1 
1 13 26 15 4 2 1 
1 28 2 19 7 3 1 1 
60 2 
4 36 21 1 
1 46 14 1 
38 13 1 8 2 
1 6 10 32 1 7 4 1 
1 28 28 1 1 1 1 1 
1 26 24 2 3 3 3 
1 12 31 13 5 
2 35 13 7 4 1 
16 34 9 1 1 1 
5 4 51 2 
12 13 26 8 3 
1 23 18 7 9 2 1 1 
1 37 3 11 1 1 7 1 
17 28 15 1 1 
7 54 1 
12 40 1 7 1 1 
2 16 14 13 2 2 1 4 1 3 1 3 
14 1 19 7 7 4 2 2 4 2 
12 31 14 2 1 2 
59 2 1 
9 35 18 
1 16 12 7 7 1 8 9 1 
19 23 14 5 1 
18 43 1 
6 12 27 3 4 7 1 1 1 
60 1 1 
12 44 6 
16 13 20 13 
2 3 12 21 21 2 1 
1 36 24 1 
1 34 23 1 3 
1 16 3 3 35 2 2 
2 7 9 10 17 9 1 3 1 2 1 
1 61 
1 42 18 1 
10 24 18 10 
2 11 11 24 14 
6 22 29 1 2 1 1 
52 4 1 2 2 1 
3 4 14 35 6 
4 6 11 2 29 2 2 6 
62 
2 31 12 17 
4 54 3 1 
1 19 11 9 8 11 2 1 
1 24 13 8 15 1 
13 39 10 
1 54 4 1 1 1 
1 15 21 24 1 
1 3 18 25 9 4 2 
2 40 20 
14 36 1 9 2 
1 32 7 9 5 5 2 1 
3 47 12 
9 38 15 
62 
1 28 10 17 1 5 
7 47 3 3 2 
1 24 37 
6 18 7 28 3 
3 1 34 23 1 
3 2 4 46 7 
1 37 1 11 10 2 
3 36 23 
1 42 3 9 7 
2 27 22 2 8 1 
2 50 4 4 2 
1 28 19 13 1 
4 37 13 6 2 
8 37 11 6 
13 42 3 1 2 1 
37 23 2 
2 19 12 2 9 5 5 2 3 1 1 1 
27 3 11 19 1 1 
1 28 33 
2 7 22 20 3 4 2 2 
1 26 5 19 8 3 
1 23 38 
1 55 3 2 1 
4 6 24 15 5 6 2 
1 13 29 16 3 
1 12 30 11 7 1 
58 2 2 
4 52 6 
28 20 2 10 2 
1 49 1 9 1 1 
11 18 20 1 2 4 3 1 1 1 
2 29 20 6 5 
3 27 13 8 3 6 2 
34 28 
1 20 24 14 1 1 1 
11 20 17 1 4 1 6 1 1 
1 40 17 1 1 2 
2 13 29 15 2 1 
1 19 39 3 
25 37 
1 18 36 5 2 
10 17 13 1 20 1 
1 24 5 18 4 7 3 
1 41 5 6 6 2 1 
9 50 3 
1 34 27 
1 9 43 2 4 3 
1 33 27 1 
1 40 16 5 
2 20 23 3 14 
4 25 8 2 2 5 16 
1 59 2 
25 9 14 10 2 1 1 
57 2 1 2 
16 35 7 4 
2 14 44 1 1 
1 37 2 19 3 
3 9 22 27 1 
1 15 28 13 5 
1 12 5 26 2 2 13 1 
2 7 5 7 28 11 2 
2 2 46 6 4 2 
1 41 11 9 
1 61 
14 14 14 12 8 
60 1 1 
1 11 8 35 7 
2 2 34 3 10 7 1 3 
8 37 17 
1 39 22 
4 16 2 4 20 2 13 1 
1 42 18 1 
62 
2 44 4 11 1 
1 25 14 19 3 
6 48 8 
1 34 10 6 2 2 2 2 1 2 
7 42 6 6 1 
1 24 37 
62 
2 16 20 7 8 4 3 1 1 
1 53 4 2 1 1 
2 51 9 
5 8 8 39 2 
4 21 27 3 2 1 1 2 1 
1 3 47 3 8 
5 9 4 35 3 6 
1 25 31 4 1 
29 24 5 4 
47 3 8 1 1 1 1 
2 41 12 3 4 
11 51 
1 29 1 3 2 24 2 
16 2 37 4 3 
1 34 5 20 1 1 
9 44 5 4 
31 20 5 6 
2 52 8 
2 7 32 20 1 
2 57 3 
5 12 44 1 
61 1 
2 42 8 5 4 1 
32 21 3 6 
11 14 10 23 3 1 
1 51 9 1 
62 
1 51 8 1 1 
1 24 17 12 8 
24 31 2 3 1 1 
17 37 3 2 3 
5 9 23 15 7 1 1 1 
1 56 1 2 1 1 
10 42 1 9 
25 33 4 
1 39 6 13 3 
58 1 3 
6 10 24 4 10 7 1 
1 1 32 21 7 
1 36 4 4 1 4 8 3 1 
1 6 7 5 37 6 
1 15 7 24 10 3 1 1 
1 33 5 19 1 1 1 1 
1 34 12 15 
2 59 1 
54 2 2 4 
1 4 38 15 3 1 
3 37 8 7 6 1 
1 28 18 12 1 1 1 
1 1 59 1 
1 32 29 
18 33 10 1 
2 60 
1 49 11 1 
1 15 11 17 2 10 4 1 1 
11 7 25 2 3 7 4 2 1 
4 39 2 14 1 1 1 
36 23 3 
33 2 22 1 2 2 
3 34 23 2 
8 38 11 5 
26 32 1 1 2 
1 10 11 3 18 18 1 
20 34 7 1 
1 36 12 11 1 1 
1 44 6 7 2 1 1 
1 37 22 1 1 
10 5 47 
1 40 4 4 1 1 1 5 5 
62 
1 46 8 1 5 1 
1 20 23 2 14 1 1 
1 11 31 10 8 1 
4 50 8 
1 57 1 3 
1 18 40 2 1 
35 19 1 7 
1 61 
9 41 8 4 
1 20 40 1 
9 47 4 1 1 
12 32 2 3 5 8 
1 39 10 2 5 4 1 
62 
1 7 37 7 9 1 
4 25 13 7 2 10 1 
19 4 39 
1 37 12 7 1 1 3 
9 13 12 13 10 2 2 1 
1 47 14 
13 39 4 4 2 
1 10 18 22 1 3 4 2 1 
3 5 10 6 22 6 6 1 3 
7 21 12 9 10 1 1 1 
4 41 12 5 
1 59 2 
2 6 2 37 8 5 1 1 
41 14 7 
4 33 24 1 
1 35 9 14 3 
10 28 21 1 1 1 
1 56 3 2 
1 36 17 6 1 1 
1 32 4 6 2 7 5 5 
21 11 2 11 1 2 3 9 2 
2 4 42 11 1 2 
31 21 2 1 2 2 1 2 
18 33 10 1 
2 58 1 1 
30 1 14 2 5 5 2 3 
43 10 3 5 1 
1 57 2 1 1 
4 48 7 2 1 
26 10 13 7 2 1 1 1 1 
11 43 4 4 
5 55 1 1 
1 51 4 2 2 2 
2 49 6 2 1 1 1 
35 12 4 11 
21 3 28 10 
1 15 10 17 19 
3 58 1 
1 1 41 5 9 3 1 1 
7 21 34 
3 37 22 
1 40 9 6 5 1 
1 46 14 1 
35 6 21 
39 21 1 1 
2 41 6 10 1 2 
1 60 1 
7 21 16 2 12 4 
23 32 5 2 
1 21 11 10 16 1 2 
10 51 1 
1 44 3 12 2 
1 52 3 3 2 1 
22 15 4 6 11 4 
3 40 4 6 9 
1 13 18 27 1 1 1 
2 15 43 2 
10 48 2 1 1 
1 60 1 
21 33 1 1 1 3 1 1 
5 26 26 4 1 
1 50 7 1 2 1 
3 50 4 1 2 2 
1 56 2 1 1 1 
1 25 17 15 1 2 1 
56 6 
29 14 2 1 14 1 1 
2 45 15 
61 1 
61 1 
42 10 10 
1 61 
2 50 5 2 1 2 
1 46 3 1 1 10 
3 42 2 7 7 1 
2 42 8 6 3 1 
4 47 4 5 2 
60 2 
19 20 21 2 
13 36 4 9 
1 34 10 14 2 1 
25 27 6 3 1 
2 40 8 2 7 3 
1 27 29 4 1 
5 40 16 1 
1 25 6 28 1 1 
6 15 27 3 6 2 1 1 1 
31 10 11 2 3 1 4 
4 18 38 2 
13 35 2 5 1 2 3 1 
30 6 11 11 4 
6 20 31 2 1 2 
1 29 32 
5 23 34 
1 18 3 27 8 1 3 1 
3 17 5 26 8 3 
30 12 5 8 7 
1 43 10 3 3 2 
1 20 10 21 1 7 1 1 
2 56 4 
1 51 3 7 
13 19 18 2 1 4 4 1 
1 4 23 15 10 5 4 
10 22 29 1 
11 15 22 11 1 2 
5 18 33 1 4 1 
1 33 2 7 9 7 1 2 
2 31 29 
1 13 8 9 31 
4 45 3 2 2 3 1 1 1 
2 3 1 37 16 1 2 
32 28 2 
2 5 19 7 18 7 4 
8 42 12 
3 21 13 5 20 
16 44 2 
41 21 
3 4 16 28 10 1 
3 34 24 1 
17 10 14 1 4 2 1 10 2 1 
1 15 22 15 4 2 3 
18 38 3 3 
1 49 5 1 4 2 
2 53 7 
1 19 27 5 1 6 1 1 1 
1 58 2 1 
26 3 28 5 
4 44 3 2 7 2 
23 30 8 1 
1 4 22 11 6 7 6 1 3 1 
2 25 8 18 1 5 1 1 1 
1 40 3 6 3 3 2 3 1 
1 48 11 2 
1 34 13 8 4 2 
61 1 
1 11 42 6 1 1 
19 26 17 
1 17 23 8 7 3 2 1 
2 26 28 1 4 1 
2 30 28 2 
20 2 37 3 
3 28 25 4 2 
3 40 19 
3 9 32 15 3 
1 1 18 11 2 21 3 4 1 
7 31 24 
53 9 
2 51 4 3 2 
6 29 1 7 15 2 2 
1 44 17 
15 15 18 6 2 1 3 1 1 
50 7 3 1 1 
1 58 1 1 1 
1 52 7 1 1 
5 31 21 2 2 1 
2 9 15 8 28 
6 42 10 1 1 1 1 
2 10 18 21 11 
1 15 2 41 3 
9 45 8 
5 19 21 1 12 3 1 
1 35 3 19 3 1 
1 47 1 3 4 2 4 
44 11 3 4 
1 33 20 7 1 
3 52 2 5 
12 46 4 
4 3 20 21 10 2 2 
1 8 28 16 5 4 
3 34 12 13 
4 39 15 3 1 
1 34 15 7 3 2 
1 57 4 
3 38 15 6 
1 49 12 
24 31 7 
57 2 2 1 
1 24 1 7 24 3 2 
1 4 26 11 2 7 2 2 5 2 
1 22 19 15 5 
58 3 1 
18 31 1 8 4 
3 21 17 6 3 10 1 1 
1 8 23 29 1 
62 
2 24 15 13 8 
1 8 10 35 3 3 2 
1 50 10 1 
2 23 37 
12 1 9 1 18 4 17 
11 36 14 1 
2 49 11 
2 27 29 4 
27 5 21 2 7 
2 29 22 3 6 
3 34 18 2 1 3 1 
6 14 3 33 6 
2 33 27 
6 1 23 24 8 
5 53 4 
1 33 7 9 1 7 4 
7 32 3 1 2 16 1 
5 9 40 3 4 1 
6 39 17 
24 34 4 
1 32 5 9 2 2 2 9 
3 39 1 2 12 2 2 1 
2 42 8 7 1 1 1 
39 3 5 11 4 
1 38 16 2 1 2 1 1 
2 59 1 
1 4 33 16 8 
1 13 17 7 14 5 3 1 1 
2 31 21 8 
30 2 10 19 1 
3 56 3 
1 45 7 7 2 
1 42 18 1 
24 37 1 
3 20 1 4 33 1 
3 26 8 10 10 2 3 
5 12 26 19 
5 24 11 11 11 
6 55 1 
10 13 6 24 4 4 1 
6 38 5 10 3 
2 32 21 4 3 
1 58 3 
4 31 23 3 1 
2 36 17 7 
2 54 6 
1 1 10 43 7 
40 7 1 6 6 1 1 
3 5 34 14 4 2 
1 32 21 7 1 
5 39 9 8 1 
1 16 13 13 14 1 1 2 1 
4 55 3 
1 36 11 7 7 
38 21 3 
5 8 5 33 7 2 1 1 
2 48 4 6 2 
1 44 7 5 5 
1 27 19 8 7 
58 4 
3 15 17 7 7 1 9 3 
3 54 1 1 2 1 
3 1 14 38 4 2 
5 47 7 2 1 
2 26 15 14 4 1 
1 55 1 5 
3 20 3 13 18 1 2 1 1 
3 27 20 1 1 6 4 
28 1 33 
43 3 13 3 
43 11 6 1 1 
2 4 23 12 19 1 1 
2 3 50 1 5 1 
7 1 36 6 9 3 
1 25 36 
2 46 14 
5 21 17 6 1 8 1 1 1 1 
5 49 6 2 
55 5 1 1 
1 8 38 15 
2 10 9 29 12 
1 7 3 31 12 2 2 2 2 
22 8 11 3 15 3 
1 23 9 8 12 1 4 2 2 
1 29 4 8 20 
1 61 
1 48 13 
4 12 14 26 3 1 2 
1 42 8 11 
10 16 27 7 1 1 
2 20 10 10 9 4 7 
2 18 17 18 1 6 
1 58 3 
1 31 1 28 1 
14 6 33 9 
1 39 4 11 2 3 2 
1 48 11 1 1 
2 26 33 1 
1 27 7 14 7 2 4 
4 19 5 3 18 2 9 2 
1 22 16 6 15 1 1 
16 20 19 6 1 
3 28 5 8 17 1 
5 24 2 11 8 8 4 
36 24 2 
3 55 2 1 1 
1 58 1 1 1 
1 56 5 
1 57 4 
2 29 31 
7 1 31 11 5 3 3 1 
1 52 5 4 
6 36 13 3 1 1 1 1 
10 39 4 5 4 
1 27 34 
13 39 3 4 1 1 1 
1 61 
1 2 47 9 1 1 1 
2 6 17 13 13 7 1 2 1 
12 27 15 8 
52 4 5 1 
2 25 29 5 1 
1 45 5 8 1 2 
14 42 6 
1 32 14 13 2 
22 14 7 10 3 1 2 3 
4 36 21 1 
1 48 10 3 
1 57 3 1 
3 54 3 2 
1 59 2 
5 4 33 15 1 4 
1 57 4 
1 21 14 8 14 2 1 1 
1 3 15 36 1 6 
7 18 25 3 9 
1 18 43 
1 29 2 15 10 5 
1 15 16 7 8 8 4 2 1 
56 4 2 
1 30 31 
44 5 2 2 3 4 1 1 
1 41 12 3 2 1 2 
3 41 15 2 1 
1 54 7 
3 19 7 32 1 
1 60 1 
2 29 31 
8 25 3 20 4 2 
6 51 1 3 1 
1 27 15 11 3 3 1 1 
4 45 3 7 2 1 
1 38 20 3 
1 30 24 5 2 
1 48 11 1 1 
9 26 26 1 
1 31 10 16 1 1 2 
1 51 5 3 1 1 
8 24 16 14 
1 18 18 5 20 
4 1 5 32 18 2 
1 51 7 2 1 
1 8 40 3 1 5 3 1 
1 2 11 31 6 5 2 2 2 
12 9 8 33 
17 34 8 1 2 
21 38 3 
1 16 43 2 
1 61 
1 43 18 
5 9 13 12 8 9 1 1 3 1 
1 47 14 
7 44 11 
1 38 16 7 
51 10 1 
1 18 8 27 5 1 1 1 
1 37 16 2 5 1 
5 38 10 6 1 1 1 
5 23 16 18 
1 40 13 7 1 
3 24 16 15 4 
1 5 20 30 5 1 
4 49 5 1 1 1 1 
3 51 7 1 
1 21 6 2 9 10 4 5 2 1 1 
1 33 5 14 5 2 1 1 
2 3 17 39 1 
1 22 18 16 2 1 1 1 
39 15 7 1 
4 16 32 6 1 2 1 
49 3 4 3 1 2 
1 58 1 1 1 
1 43 1 5 4 6 2 
2 27 32 1 
1 21 31 1 3 1 4 
3 26 29 4 
57 1 2 2 
2 32 20 6 1 1 
25 15 2 13 1 6 
41 18 3 
2 34 5 15 3 3 
12 5 23 12 9 1 
1 50 8 3 
3 18 7 32 2 
1 17 14 18 8 4 
1 9 37 11 2 1 1 
12 40 6 4 
1 30 30 1 
11 24 18 8 1 
3 28 31 
3 51 4 2 2 
13 31 14 1 3 
1 10 51 
14 10 12 12 5 3 6 
2 27 17 14 2 
46 2 11 1 2 
1 10 4 11 11 10 1 8 6 
2 2 24 21 5 4 4 
4 55 2 1 
43 4 2 7 5 1 
1 11 26 3 1 8 6 6 
30 5 10 2 3 10 2 
16 3 1 17 15 3 3 4 
1 40 20 1 
15 26 11 1 1 7 1 
2 23 28 9 
1 1 33 26 1 
20 23 17 1 1 
2 39 1 20 
2 12 24 2 15 1 2 2 1 1 
2 36 18 3 2 1 
51 9 1 1 
14 8 1 19 20 
3 10 7 10 3 15 13 1 
1 55 6 
7 25 14 16 
44 3 3 9 3 
1 49 10 1 1 
1 14 33 14 
15 11 32 3 1 
1 32 25 4 
1 59 1 1 
3 21 27 11 
1 58 1 2 
5 7 25 14 7 3 1 
3 19 31 1 8 
4 43 15 
1 32 21 7 1 
6 4 49 3 
2 39 2 13 3 3 
1 29 28 3 1 
42 9 7 4 
2 54 3 3 
1 11 25 4 14 6 1 
1 37 4 7 1 12 
3 20 37 2 
20 13 27 2 
8 52 1 1 
26 30 1 5 
10 2 16 1 20 7 5 1 
3 5 4 20 6 8 1 1 9 3 1 1 
39 12 5 4 1 1 
2 52 8 
1 28 29 1 1 2 
4 24 16 14 4 
2 40 9 7 4 
6 31 3 9 5 4 1 2 1 
3 28 13 9 5 2 1 1 
5 39 7 3 7 1 
2 45 10 2 2 1 
7 45 9 1 
2 46 8 6 
36 19 5 2 
12 5 3 15 4 4 4 2 2 3 7 1 
6 5 26 3 1 4 7 5 5 
3 29 3 7 20 
7 39 2 13 1 
9 46 4 2 1 
1 9 45 3 4 
3 17 10 29 3 
1 61 
5 19 3 6 7 4 6 9 2 1 
12 13 37 
1 46 15 
1 49 11 1 
25 20 10 1 4 2 
1 39 15 5 1 1 
4 6 48 4 
1 8 43 9 1 
2 7 2 11 5 21 7 1 1 5 
2 30 17 3 3 7 
1 29 4 16 7 2 3 
1 42 5 5 2 3 3 1 
4 51 1 2 4 
1 51 10 
1 44 16 1 
1 20 9 29 2 1 
1 6 41 1 4 5 1 1 2 
12 36 12 2 
18 4 1 20 4 2 10 1 2 
5 47 9 1 
58 3 1 
60 2 
39 21 2 
41 1 9 7 4 
1 44 16 1 
5 12 11 10 13 4 1 1 4 1 
6 2 36 4 3 2 1 5 1 2 
1 38 10 7 2 3 1 
1 3 38 2 2 11 2 1 2 
10 51 1 
7 1 43 7 3 1 
2 55 5 
1 31 30 
5 6 44 3 3 1 
1 36 8 6 1 2 3 5 
1 15 13 8 6 15 4 
1 41 18 2 
34 9 17 1 1 
1 54 5 1 1 
3 15 28 13 3 
1 8 51 1 1 
3 25 24 6 1 2 1 
18 41 1 1 1 
1 50 6 3 1 1 
48 12 1 1 
4 55 1 1 1 
36 10 7 6 2 1 
4 36 6 8 8 
1 51 9 1 
5 35 19 1 2 
8 14 5 22 7 5 1 
1 27 11 19 4 
54 8 
49 12 1 
1 31 30 
2 54 6 
10 3 18 25 5 1 
3 48 2 8 1 
1 45 15 1 
1 18 31 12 
9 3 29 19 1 1 
6 41 6 9 
40 22 
1 12 24 18 3 2 1 1 
5 8 1 17 2 17 1 2 2 1 3 3 
4 27 24 5 2 
6 18 38 
1 10 45 3 3 
2 39 18 2 1 
1 10 42 4 3 2 
1 17 26 9 1 7 1 
2 26 14 15 5 
2 47 2 10 1 
7 53 1 1 
1 6 26 28 1 
2 24 36 
1 56 2 1 2 
3 26 18 8 7 
1 34 3 24 
1 40 17 2 2 
12 43 5 1 1 
3 54 4 1 
1 10 11 23 9 7 1 
57 1 4 
15 11 34 2 
25 24 8 5 
1 27 12 21 1 
1 25 16 9 8 2 1 
2 2 58 
32 1 26 3 
2 54 5 1 
15 29 15 2 1 
3 52 7 
2 7 53 
2 42 17 1 
1 23 22 9 7 
6 14 9 14 13 2 2 2 
7 17 18 9 2 1 5 3 
2 38 22 
37 20 1 4 
14 40 2 2 1 1 1 1 
56 5 1 
2 52 7 1 
11 4 29 2 4 8 1 1 2 
30 13 5 14 
15 42 5 
1 2 59 
10 44 6 1 1 
2 47 9 2 1 1 
14 22 26 
2 7 2 11 8 25 3 1 3 
1 18 15 4 22 1 1 
1 33 23 3 2 
3 39 5 1 11 1 2 
1 52 1 1 2 2 2 1 
1 3 21 14 11 8 2 1 1 
6 3 40 7 2 1 3 
1 59 1 1 
13 31 18 
1 43 12 6 
1 4 18 29 2 7 1 
2 49 5 6 
4 50 1 3 2 1 1 
36 25 1 
1 44 3 4 3 1 6 
1 18 19 11 11 2 
1 9 22 9 8 11 1 1 
4 33 25 
16 19 7 20 
3 40 4 7 2 3 1 1 1 
1 13 32 10 4 2 
1 14 29 8 7 2 1 
1 6 51 4 
36 26 
1 40 4 15 1 1 
1 15 17 22 7 
15 46 1 
1 40 20 1 
1 36 14 1 8 1 1 
8 46 2 1 4 1 
14 33 7 2 1 5 
1 10 36 10 5 
1 41 8 12 
31 30 1 
1 58 1 1 1 
2 17 19 8 15 1 
3 2 37 1 4 15 
1 58 1 1 1 
6 11 21 18 4 1 1 
6 26 29 1 
6 10 12 13 2 14 1 2 2 
1 53 6 2 
2 2 29 9 15 5 
1 25 4 1 21 8 1 1 
1 43 9 7 2 
1 23 23 13 1 1 
3 2 33 8 10 6 
9 16 30 7 
6 14 38 1 3 
1 56 3 1 1 
51 3 8 
1 51 8 1 1 
7 25 4 14 4 7 1 
2 7 45 1 5 1 1 
2 49 9 1 1 
1 40 7 8 4 2 
2 15 31 11 1 1 1 
1 33 13 10 4 1 
8 42 10 1 1 
1 5 48 8 
3 36 9 14 
1 54 6 1 
1 50 8 2 1 
1 33 28 
44 4 5 5 4 
28 5 27 2 
22 27 3 7 3 
6 5 23 14 14 
9 8 34 6 3 2 
4 33 3 17 3 2 
18 21 12 5 5 1 
1 55 5 1 
1 48 3 5 5 
16 19 1 24 1 1 
2 50 7 1 2 
2 48 11 1 
48 13 1 
1 30 30 1 
40 8 14 
17 2 19 14 7 3 
22 23 10 1 5 1 
14 21 15 3 7 1 1 
1 45 16 
29 6 14 5 3 4 1 
15 32 3 7 2 1 2 
54 5 2 1 
2 28 32 
3 44 9 2 4 
1 15 7 6 19 12 2 
3 44 15 
1 47 9 4 1 
4 39 6 3 7 3 
1 47 13 1 
1 54 7 
1 13 1 6 33 5 3 
1 41 15 1 1 1 1 1 
1 59 1 1 
3 54 3 1 1 
1 41 10 8 1 1 
1 61 
6 50 6 
2 24 3 7 22 4 
2 50 9 1 
2 46 14 
1 52 3 6 
1 2 39 20 
2 55 5 
1 6 5 39 10 1 
62 
60 1 1 
1 4 1 45 3 2 4 1 1 
6 29 16 5 2 2 2 
1 9 30 1 7 12 2 
31 25 2 4 
2 16 33 8 3 
17 42 3 
1 7 44 7 1 1 1 
8 2 19 33 
3 51 2 5 1 
3 5 2 3 40 4 5 
1 23 24 1 12 1 
23 2 4 21 5 5 1 1 
1 45 4 6 3 1 1 1 
1 13 15 10 13 5 2 2 1 
1 33 1 2 13 3 2 1 2 3 1 
62 
5 6 4 42 3 1 1 
17 38 7 
1 21 18 2 16 4 
5 8 7 40 1 1 
1 19 4 32 4 2 
62 
1 22 30 7 2 
7 23 1 1 28 1 1 
18 14 12 18 
1 15 10 6 30 
1 36 10 9 6 
36 8 8 5 1 2 2 
8 12 10 7 24 1 
2 47 4 4 1 3 1 
1 30 30 1 
2 15 18 7 5 4 11 
2 14 6 1 4 12 8 6 1 6 2 
4 13 7 14 7 12 5 
1 7 16 8 4 12 1 11 2 
3 39 13 2 5 
2 55 5 
62 
5 54 3 
7 43 2 6 2 1 1 
6 49 7 
1 61 
59 1 1 1 
5 9 27 17 2 1 1 
2 41 13 6 
1 39 14 7 1 
1 7 24 14 16 
29 11 17 4 1 
3 20 7 12 13 6 1 
1 16 9 17 19 
4 45 2 3 3 2 1 2 
4 31 13 8 2 2 2 
6 47 9 
9 36 16 1 
1 29 3 7 2 9 4 5 2 
1 59 1 1 
3 29 4 2 15 2 5 1 1 
5 54 2 1 
4 25 32 1 
30 10 13 7 2 
1 38 13 3 4 1 1 1 
1 9 3 6 23 5 7 8 
1 1 43 10 7 
2 20 34 1 4 1 
8 8 18 3 23 2 
1 50 7 1 3 
2 10 7 7 1 21 4 10 
7 47 4 2 1 1 
22 7 22 6 5 
62 
1 9 2 29 9 1 4 2 1 2 1 1 
2 58 2 
1 26 34 1 
1 24 37 
47 12 2 1 
1 37 15 4 4 1 
4 16 18 10 3 4 2 5 
20 4 4 18 5 8 2 1 
3 29 30 
1 20 10 24 6 1 
1 4 14 26 3 2 1 4 7 
39 22 1 
16 10 14 5 17 
2 50 10 
26 12 24 
1 31 30 
34 8 5 10 5 
1 5 41 1 1 9 3 1 
1 45 16 
1 36 8 8 3 6 
2 10 34 11 5 
12 48 1 1 
1 16 10 4 17 14 
5 43 13 1 
1 24 26 2 3 3 3 
8 44 8 1 1 
6 24 32 
4 29 27 1 1 
1 5 8 9 20 14 4 1 
3 45 10 4 
6 47 4 1 4 
1 18 7 13 21 1 1 
3 13 46 
4 2 6 10 2 38 
13 14 24 5 6 
41 5 1 11 2 2 
1 47 14 
4 41 13 2 2 
1 26 16 4 4 5 2 4 
1 30 26 3 2 
44 7 11 
1 56 2 3 
2 8 30 9 7 3 3 
1 34 3 24 
7 12 2 23 15 2 1 
1 14 7 34 6 
2 18 28 1 3 5 5 
54 6 2 
1 46 3 7 3 1 1 
15 24 13 1 3 2 1 1 2 
61 1 
2 56 3 1 
2 8 24 25 2 1 
12 47 3 
2 45 8 2 1 1 1 1 1 
3 17 8 24 4 2 1 3 
4 9 38 7 2 2 
1 6 25 30 
4 7 16 11 21 2 1 
1 1 12 28 9 8 3 
1 15 1 3 23 1 11 6 1 
1 17 34 2 5 2 1 
1 47 13 1 
1 50 3 4 3 1 
11 17 25 9 
2 31 21 7 1 
1 17 19 17 8 
3 55 4 
3 47 7 2 3 
9 42 5 1 4 1 
5 12 7 18 15 3 1 1 
5 10 40 5 1 1 
1 14 19 14 14 
4 56 2 
4 2 51 1 2 1 1 
1 24 37 
6 13 31 8 1 1 1 1 
6 46 6 2 1 1 
2 44 3 12 1 
3 23 36 
22 2 33 2 3 
46 16 
39 20 3 
5 28 3 5 2 8 7 2 1 1 
2 29 3 20 4 1 3 
3 41 17 1 
1 38 11 4 3 1 1 2 1 
5 56 1 
3 33 10 5 9 2 
4 34 22 1 1 
1 36 12 6 1 3 1 2 
5 3 10 11 30 1 2 
26 20 7 7 2 
41 14 5 1 1 
1 28 31 1 1 
3 4 34 13 4 3 1 
2 20 34 5 1 
1 4 22 8 3 17 6 1 
1 30 21 6 4 
1 52 8 1 
52 9 1 
2 11 24 21 3 1 
3 39 20 
1 38 18 5 
1 57 1 2 1 
15 18 29 
3 48 4 4 3 
4 16 2 36 4 
6 44 10 2 
1 48 3 3 3 3 1 
3 19 40 
31 5 12 8 5 1 
1 58 2 1 
11 43 8 
55 4 1 1 1 
1 4 4 40 8 5 
32 17 8 1 4 
52 2 2 5 1 
1 59 2 
1 54 4 3 
1 23 22 3 3 8 1 1 
2 39 21 
1 28 4 6 6 5 6 1 2 3 
59 3 
1 7 30 21 1 1 1 
2 42 4 5 6 3 
6 16 39 1 
1 47 7 3 1 1 2 
7 11 1 39 1 3 
1 9 12 33 5 2 
2 57 3 
1 21 40 
62 
1 29 32 
2 58 1 1 
57 1 4 
1 46 15 
5 22 5 8 1 8 10 2 1 
10 20 15 16 1 
1 59 1 1 
3 52 7 
2 44 7 7 2 
1 32 6 17 6 
1 45 1 10 3 1 1 
1 55 6 
12 48 2 
3 27 5 3 24 
41 20 1 
12 50 
1 28 7 11 15 
61 1 
6 14 42 
17 16 4 24 1 
2 30 27 2 1 
1 39 18 4 
5 55 1 1 
1 54 4 2 1 
53 6 1 2 
4 57 1 
1 20 37 4 
4 55 3 
5 11 5 32 6 1 2 
1 4 20 8 2 1 20 2 1 3 
24 9 28 1 
23 9 22 1 1 3 3 
1 11 9 31 4 6 
1 45 8 7 1 
3 26 24 2 1 6 
50 9 3 
3 22 31 4 1 1 
8 40 13 1 
2 47 11 2 
1 61 
7 1 4 50 
3 44 8 6 1 
3 20 35 1 2 1 
1 39 17 4 1 
10 1 28 9 5 7 1 1 
1 26 8 4 17 4 2 
1 56 2 2 1 
1 21 13 9 6 12 
1 4 34 1 2 2 3 14 1 
1 11 38 4 6 1 1 
1 1 34 20 2 4 
49 13 
1 6 48 2 2 2 1 
1 44 9 1 4 1 1 1 
9 11 24 15 3 
1 55 4 1 1 
1 9 1 38 11 2 
62 
45 7 7 3 
11 22 29 
29 27 6 
1 29 10 13 9 
3 16 11 29 2 1 
1 35 3 16 3 3 1 
1 27 13 5 9 1 4 2 
31 26 1 3 1 
1 49 4 8 
3 11 47 1 
45 3 13 1 
25 10 7 10 8 2 
1 2 53 4 1 1 
5 44 8 3 1 1 
1 22 8 22 3 1 1 4 
14 45 3 
1 31 4 11 4 7 2 2 
1 48 5 4 4 
3 43 13 3 
12 12 13 7 11 1 5 1 
1 28 31 2 
4 18 29 6 4 1 
13 43 2 2 1 1 
1 33 2 2 7 10 2 4 1 
2 47 8 3 2 
6 38 2 5 5 3 3 
25 7 12 3 7 7 1 
2 49 10 1 
24 28 10 
3 11 31 5 2 6 2 2 
6 10 5 36 5 
1 18 28 8 6 1 
5 27 24 5 1 
11 46 4 1 
1 26 9 16 5 4 1 
2 57 3 
6 38 4 1 3 1 7 1 1 
2 23 35 1 1 
1 7 6 6 7 24 4 1 5 1 
7 21 9 1 20 2 1 1 
1 25 11 11 6 1 6 1 
20 18 16 4 4 
58 3 1 
1 53 8 
11 36 15 
42 19 1 
9 48 5 
1 12 2 29 4 3 10 1 
3 21 8 16 3 2 6 3 
16 21 22 3 
8 10 5 2 26 5 1 2 2 1 
1 41 15 5 
2 59 1 
1 7 4 5 27 9 1 6 2 
60 1 1 
1 58 3 
14 37 2 2 2 2 1 2 
2 48 2 8 2 
2 49 11 
1 7 34 13 3 2 1 1 
13 38 10 1 
4 45 12 1 
10 36 8 8 
1 45 2 13 1 
59 1 1 1 
6 54 2 
2 40 20 
3 39 12 5 1 2 
2 17 6 7 19 1 9 1 
1 48 9 3 1 
2 6 54 
62 
1 56 3 1 1 
39 10 4 8 1 
19 36 6 1 
3 33 26 
1 60 1 
5 14 11 27 4 1 
3 18 23 9 4 3 2 
3 52 2 3 2 
1 9 25 24 1 2 
15 22 20 2 1 1 1 
1 60 1 
1 35 10 8 3 3 1 1 
1 22 15 6 3 9 4 2 
1 13 7 15 21 1 1 1 1 1 
1 44 15 2 
2 33 18 5 1 2 1 
9 7 21 6 1 10 8 
3 25 18 3 5 5 2 1 
1 16 25 16 4 
1 5 55 1 
1 41 15 2 3 
4 53 1 2 2 
10 35 15 2 
1 40 2 14 3 2 
2 27 8 5 20 
2 25 35 
1 39 15 5 1 1 
2 48 10 2 
13 24 23 1 1 
14 4 27 11 1 1 1 1 1 1 
28 14 6 13 1 
8 47 2 4 1 
1 20 41 
3 13 27 12 2 1 1 2 1 
1 28 16 16 1 
2 15 27 5 2 11 
3 23 28 7 1 
26 3 28 3 2 
1 18 2 41 
1 20 2 7 1 18 1 10 2 
5 46 2 6 1 2 
7 47 3 3 1 1 
1 45 16 
2 18 42 
1 25 8 20 3 3 1 1 
7 53 2 
1 57 4 
7 6 18 6 5 8 10 2 
3 53 6 
1 45 9 2 1 2 1 1 
62 
5 28 25 3 1 
1 41 20 
27 2 5 11 1 6 2 6 2 
1 60 1 
36 16 7 1 2 
2 60 
3 51 4 2 1 1 
62 
1 59 2 
2 39 1 7 5 6 1 1 
3 47 10 1 1 
5 46 2 2 4 3 
1 13 22 26 
5 39 18 
1 9 21 9 3 12 6 1 
1 9 27 14 1 9 1 
1 28 2 17 3 4 2 3 2 
21 33 8 
2 16 12 27 4 1 
1 48 11 1 1 
19 19 17 1 5 1 
1 37 16 1 3 2 2 
7 33 5 4 12 1 
16 30 16 
1 49 6 1 3 1 1 
4 46 8 2 1 1 
62 
11 12 39 
11 22 16 11 1 1 
3 11 14 22 9 1 2 
43 17 2 
54 2 5 1 
1 18 31 5 6 1 
2 33 10 5 9 2 1 
7 15 34 2 3 1 
2 50 5 1 1 3 
3 58 1 
2 35 9 10 6 
24 12 19 4 2 1 
5 17 38 2 
10 46 1 5 
62 
34 6 9 13 
1 19 35 7 
3 26 3 10 20 
1 32 16 2 8 2 1 
1 44 13 3 1 
8 30 18 4 2 
43 4 7 5 3 
62 
1 60 1 
1 22 26 11 2 
1 51 9 1 
2 37 8 7 8 
1 17 28 3 1 1 2 2 5 1 1 
61 1 
1 42 2 9 8 
55 5 1 1 
2 42 12 4 1 1 
1 25 7 6 18 3 2 
1 39 18 4 
1 18 36 7 
26 26 3 6 1 
3 36 14 8 1 
3 14 11 22 12 
1 6 15 29 1 9 1 
57 4 1 
2 24 22 2 2 10 
5 54 2 1 
1 14 7 9 30 1 
2 44 13 2 1 
2 58 2 
2 17 21 6 10 4 2 
5 49 2 5 1 
2 56 2 2 
1 36 24 1 
1 50 1 2 1 7 
1 33 3 24 1 
1 2 57 2 
58 1 2 1 
62 
52 1 8 1 
25 14 21 1 1 
3 27 14 16 1 1 
3 59 
1 23 35 3 
1 19 8 9 18 2 5 
2 13 8 26 10 2 1 
1 53 7 1 
41 2 19 
1 37 2 14 7 1 
1 29 19 13 
2 27 14 11 7 1 
1 18 36 2 2 3 
1 49 6 1 5 
1 10 12 28 4 6 1 
35 12 7 8 
6 9 33 9 3 1 1 
1 24 26 8 2 1 
7 2 46 4 3 
1 53 5 3 
5 30 2 16 9 
1 7 39 1 6 1 3 2 2 
7 55 
1 36 8 3 6 7 1 
6 23 22 4 7 
2 4 3 32 14 1 2 2 2 
2 40 11 3 6 
1 10 4 32 6 4 3 1 1 
62 
1 8 43 5 5 
51 3 4 2 2 
1 7 34 15 5 
53 3 2 3 1 
20 40 2 
61 1 
1 50 2 6 1 1 1 
12 3 47 
1 15 41 3 1 1 
9 15 8 1 14 5 7 2 1 
1 59 2 
1 13 5 19 11 2 6 3 2 
4 54 3 1 
3 46 6 3 1 2 1 
1 54 6 1 
2 7 44 7 2 
56 2 3 1 
46 10 3 2 1 
1 29 20 4 4 4 
3 59 
1 4 32 18 7 
14 42 3 3 
3 4 55 
2 11 22 10 7 6 1 1 1 1 
2 20 30 9 1 
1 58 2 1 
1 53 6 1 1 
4 31 14 7 1 4 1 
7 14 9 7 16 6 1 1 1 
1 59 1 1 
6 1 2 39 13 1 
2 46 6 1 7 
1 21 33 5 2 
1 57 1 2 1 
1 29 22 9 1 
23 39 
2 54 6 
21 25 6 5 3 1 1 
6 23 30 2 1 
1 37 16 4 2 2 
1 44 12 4 1 
2 8 40 11 1 
3 10 4 33 12 
2 40 13 6 1 
1 34 18 8 1 
11 12 5 26 2 3 3 
1 35 5 16 4 1 
2 7 32 10 7 3 1 
9 49 1 2 1 
1 47 8 3 2 1 
2 26 24 6 4 
8 28 9 9 7 1 
7 22 15 12 6 
59 3 
3 20 3 4 16 16 
24 21 3 8 2 4 
1 9 49 1 2 
62 
1 4 56 1 
1 25 21 4 4 5 1 1 
7 25 27 2 1 
1 40 11 3 3 1 2 1 
9 12 22 18 1 
3 35 22 1 1 
1 29 24 3 1 3 1 
31 3 11 13 3 1 
1 45 9 4 3 
1 52 9 
2 38 2 15 1 2 1 1 
1 49 5 2 4 1 
1 7 4 40 5 1 4 
1 59 2 
8 31 23 
1 34 27 
13 1 15 7 17 8 1 
1 42 9 1 7 1 1 
34 6 4 18 
27 21 5 1 6 2 
27 20 3 3 8 1 
1 26 35 
5 51 6 
1 48 2 2 6 2 1 
3 11 23 3 2 5 5 4 2 2 1 1 
2 25 20 8 5 1 1 
2 49 4 5 2 
2 40 16 2 1 1 
9 1 40 12 
7 41 7 4 3 
1 21 7 5 18 4 2 1 1 2 
2 34 5 8 7 4 2 
6 49 6 1 
8 26 26 1 1 
1 3 4 6 15 4 1 18 7 1 1 1 
3 52 7 
7 32 22 1 
2 13 45 1 1 
1 8 47 3 1 1 1 
1 14 20 4 9 10 2 2 
5 31 5 21 
7 21 34 
1 12 37 6 6 
2 1 8 19 2 2 15 7 5 1 
6 48 1 2 1 3 1 
1 54 7 
13 39 5 1 1 1 2 
62 
5 15 10 26 5 1 
1 57 4 
1 41 8 6 4 2 
5 19 17 14 7 
1 27 15 17 2 
12 49 1 
42 18 1 1 
16 36 10 
12 46 4 
1 51 10 
33 24 2 1 2 
12 33 12 5 
6 26 22 3 3 2 
1 40 1 13 3 1 3 
3 42 8 5 4 
62 
2 37 23 
31 20 8 2 1 
8 44 4 5 1 
1 24 11 12 11 2 1 
2 28 20 8 4 
8 33 17 4 
5 39 14 2 2 
1 11 1 3 30 4 7 3 1 1 
3 47 12 
1 28 31 2 
1 25 24 3 8 1 
27 2 3 5 16 6 1 2 
23 28 11 
1 36 14 6 1 1 3 
17 15 22 2 5 1 
6 46 1 9 
26 21 10 5 
6 23 19 14 
62 
35 25 1 1 
1 29 19 10 2 1 
10 40 8 3 1 
8 49 1 3 1 
1 8 45 3 4 1 
3 2 24 1 11 16 4 1 
1 36 17 6 2 
13 5 39 2 3 
2 15 6 30 8 1 
2 15 26 1 4 4 4 4 2 
3 31 24 2 1 1 
1 8 6 1 23 8 3 11 1 
20 19 20 2 1 
1 42 5 7 7 
5 28 19 2 8 
12 38 9 3 
3 38 13 7 1 
30 25 5 1 1 
54 4 3 1 
13 36 10 3 
3 33 25 1 
3 51 5 2 1 
7 49 6 
3 21 4 3 31 
34 27 1 
8 47 5 2 
1 10 11 16 15 4 5 
6 5 4 28 12 2 4 1 
2 43 4 5 3 2 3 
5 35 9 7 5 1 
1 61 
1 40 21 
2 38 22 
2 54 2 1 3 
1 7 19 15 13 4 2 1 
2 45 8 4 2 1 
1 29 16 9 7 
5 37 19 1 
1 21 38 1 1 
1 32 29 
2 50 8 2 
1 30 29 2 
9 34 15 1 3 
6 42 12 2 
3 46 6 1 5 1 
1 9 37 15 
6 42 3 9 1 1 
1 46 11 1 3 
1 15 31 14 1 
6 42 11 1 2 
1 36 2 12 7 2 2 
1 36 17 5 1 2 
26 8 16 3 8 1 
3 21 34 4 
1 14 23 24 
1 20 23 8 10 
1 52 3 3 3 
1 45 6 4 3 1 2 
52 2 3 1 2 1 1 
2 40 18 2 
2 53 6 1 
1 32 18 3 7 1 
4 33 17 1 1 2 1 3 
1 5 24 24 2 2 3 1 
1 57 3 1 
1 2 7 32 7 2 6 1 4 
1 20 16 9 3 2 5 6 
1 49 9 1 1 1 
11 44 1 1 5 
18 35 3 4 1 1 
1 4 4 33 7 4 8 1 
1 9 7 21 18 5 1 
12 15 9 12 6 6 1 1 
1 33 26 2 
2 13 15 22 9 1 
5 21 35 1 
54 6 2 
4 33 25 
7 50 5 
5 2 39 10 1 5 
1 5 10 40 1 5 
4 31 10 10 7 
5 14 43 
38 18 5 1 
1 35 12 11 3 
17 35 8 1 1 
3 12 15 24 7 1 
9 21 32 
1 16 20 15 5 3 1 1 
51 2 9 
24 35 1 2 
1 18 15 11 11 5 1 
1 54 1 6 
1 3 15 8 14 6 12 2 1 
5 45 5 3 4 
7 51 3 1 
27 23 11 1 
5 55 1 1 
11 18 23 1 2 2 1 4 
2 8 35 14 1 2 
1 17 9 22 8 3 2 
12 9 13 24 1 2 1 
20 22 8 8 2 1 1 
1 34 5 21 1 
1 34 3 24 
1 40 21 
1 54 7 
2 46 3 11 
4 46 6 2 2 1 1 
3 58 1 
3 14 14 9 14 8 
13 34 15 
36 13 12 1 
6 13 10 23 5 4 1 
45 4 12 1 
17 25 17 3 
4 55 3 
1 1 48 5 5 1 1 
8 5 31 8 2 3 4 1 
1 13 21 13 13 1 
1 47 10 4 
6 17 1 4 9 5 3 6 2 7 1 1 
1 36 7 9 1 3 4 1 
7 8 34 6 2 4 1 
61 1 
8 6 48 
4 51 7 
13 19 13 6 5 6 
8 49 2 3 
20 14 20 7 1 
2 59 1 
1 8 42 4 5 1 1 
6 34 10 10 1 1 
15 25 8 8 4 2 
1 36 1 2 15 6 1 
21 40 1 
2 58 2 
1 19 30 7 3 1 1 
1 17 29 8 7 
26 26 1 5 1 1 2 
1 42 13 6 
1 11 44 2 3 1 
1 6 55 
1 1 52 1 5 1 1 
7 43 2 7 3 
2 53 2 1 3 1 
16 15 3 15 2 4 1 3 2 1 
3 55 4 
4 31 3 24 
1 19 36 4 2 
1 37 24 
2 4 13 31 9 3 
1 40 12 4 3 2 
1 50 3 6 2 
1 12 21 18 6 4 
1 44 6 5 6 
1 47 11 1 1 1 
2 59 1 
2 29 24 1 4 1 1 
7 24 13 3 4 10 1 
4 26 5 2 8 3 5 2 1 5 1 
1 19 31 10 1 
60 1 1 
1 56 5 
3 30 5 3 14 4 1 1 1 
62 
2 28 20 2 3 3 1 3 
30 6 20 2 2 1 1 
1 39 1 15 6 
2 30 15 9 4 2 
15 44 3 
1 17 35 9 
11 42 3 6 
4 12 26 7 13 
5 2 43 4 2 6 
23 34 1 2 2 
1 56 4 1 
2 47 13 
1 31 3 17 8 1 1 
1 4 44 13 
7 19 22 2 9 3 
1 21 9 28 2 1 
4 22 8 16 5 5 1 1 
5 21 4 20 7 1 1 2 1 
1 8 13 36 1 1 2 
2 41 8 8 2 1 
4 1 21 35 1 
8 33 5 15 1 
1 51 5 5 
11 20 31 
1 51 7 1 1 1 
17 43 1 1 
4 32 26 
1 24 16 16 5 
27 7 12 3 9 2 1 1 
1 28 31 2 
5 33 8 9 1 4 2 
1 35 18 6 2 
6 30 16 5 5 
8 13 4 5 24 1 6 1 
1 10 21 1 15 11 3 
1 43 8 9 1 
1 2 35 15 7 2 
3 50 3 2 1 1 1 1 
4 22 15 18 2 1 
20 23 8 9 2 
14 39 8 1 
1 53 1 6 1 
4 16 28 7 6 1 
1 30 9 21 1 
3 33 7 16 2 1 
1 29 22 10 
30 3 2 10 7 9 1 
26 31 5 
20 18 24 
2 9 37 10 1 2 1 
1 57 3 1 
1 11 35 13 2 
1 57 3 1 
11 43 2 1 2 3 
1 28 8 14 2 4 5 
14 12 3 16 7 8 2 
27 22 4 8 1 
36 24 1 1 
1 6 28 8 4 14 1 
2 10 50 
5 25 32 
6 26 11 14 1 2 2 
3 39 20 
5 40 12 1 4 
6 55 1 
1 42 8 4 3 3 1 
4 40 10 1 3 3 1 
2 34 16 5 5 
9 31 22 
2 43 17 
1 54 6 1 
3 11 17 30 1 
8 16 9 19 5 2 3 
5 53 1 2 1 
10 34 9 4 5 
21 6 33 1 1 
1 27 27 6 1 
1 52 9 
1 47 14 
9 24 11 3 15 
1 25 36 
4 31 13 13 1 
11 3 32 7 2 7 
8 11 43 
1 50 1 10 
1 19 33 6 1 1 1 
1 33 7 17 1 1 2 
2 14 45 1 
3 43 3 12 1 
1 26 1 19 12 2 1 
2 3 3 11 42 1 
1 41 20 
1 61 
3 56 3 
7 46 8 1 
1 44 4 1 12 
1 16 14 29 1 1 
4 7 49 1 1 
12 3 3 44 
13 8 10 25 4 1 1 
26 34 1 1 
62 
5 41 2 4 9 1 
2 56 3 1 
1 57 2 2 
5 7 50 
10 34 5 7 3 1 2 
1 33 9 4 3 3 1 8 
23 9 8 10 6 5 1 
4 40 12 1 3 2 
2 53 1 1 1 1 1 2 
1 58 1 2 
39 4 15 4 
1 44 1 14 2 
9 28 7 8 5 4 1 
6 9 20 13 10 4 
1 25 1 25 6 2 1 1 
2 14 21 13 4 4 3 1 
5 19 8 24 5 1 
1 56 3 1 1 
1 60 1 
2 1 10 9 2 14 18 1 5 
62 
13 40 8 1 
25 20 11 5 1 
13 9 40 
62 
4 5 30 17 3 1 1 1 
52 2 7 1 
5 50 7 
2 59 1 
5 28 24 2 3 
1 13 8 17 12 6 3 2 
1 14 38 8 1 
17 18 17 3 5 1 1 
57 1 3 1 
1 7 2 33 4 3 4 6 2 
1 60 1 
2 44 13 3 
1 11 13 35 1 1 
2 49 11 
1 38 3 6 13 1 
14 7 34 4 2 1 
16 23 21 1 1 
38 2 1 10 7 1 3 
2 8 16 30 5 1 
1 56 2 3 
1 59 2 
60 2 
1 50 6 1 4 
1 36 8 12 1 2 2 
1 5 33 9 5 2 4 1 2 
2 20 39 1 
40 10 12 
1 24 22 14 1 
3 22 26 7 4 
1 59 2 
1 56 3 2 
2 58 2 
1 48 1 7 1 1 1 2 
6 16 33 5 2 
54 2 3 1 2 
11 39 12 
3 32 27 
4 30 19 1 7 1 
42 9 4 4 3 
5 14 25 12 4 1 1 
4 31 27 
2 5 41 14 
23 32 6 1 
1 36 5 11 8 1 
3 48 11 
60 2 
3 59 
2 6 23 22 6 3 
4 47 2 9 
1 29 17 15 
40 13 7 1 1 
1 9 24 3 11 14 
2 11 44 3 1 1 
13 22 8 1 3 3 8 1 1 1 1 
1 7 23 22 9 
1 10 46 1 3 1 
2 33 17 1 4 5 
6 50 3 2 1 
1 8 11 21 17 2 1 1 
1 39 5 7 4 3 3 
44 8 7 1 2 
5 33 10 13 1 
1 29 32 
1 50 11 
2 28 32 
2 48 11 1 
1 45 16 
3 24 23 3 9 
2 19 2 10 14 9 1 1 2 1 1 
20 16 15 8 1 2 
23 16 8 9 4 2 
2 52 1 5 1 1 
22 7 29 2 2 
1 33 4 11 6 3 3 1 
3 43 11 5 
43 9 4 3 3 
1 44 4 4 7 1 1 
1 29 19 7 6 
1 19 30 3 1 1 4 2 1 
1 48 11 2 
10 18 25 2 6 1 
11 31 3 15 2 
4 54 4 
25 34 3 
1 21 24 12 2 2 
1 45 16 
52 9 1 
1 55 1 2 1 1 1 
22 31 4 1 1 2 1 
1 55 3 3 
39 7 9 5 2 
1 3 24 28 6 
16 3 13 15 6 6 3 
3 42 17 
2 9 47 3 1 
1 20 31 9 1 
1 51 1 7 1 1 
3 21 8 16 14 
12 44 2 4 
2 51 1 3 3 1 1 
4 24 5 11 12 1 5 
2 47 4 8 1 
6 29 2 19 5 1 
1 30 13 4 8 5 1 
1 10 37 4 5 1 1 1 2 
27 3 30 1 1 
1 1 38 14 8 
1 18 17 17 8 1 
1 7 3 17 34 
1 7 10 24 16 3 1 
1 45 14 1 1 
9 43 7 3 
6 28 12 5 2 4 2 1 1 1 
11 17 25 9 
25 25 12 
2 49 8 3 
41 15 3 3 
1 59 1 1 
4 45 12 1 
47 13 1 1 
1 43 12 2 3 1 
1 60 1 
5 10 42 4 1 
1 9 46 1 5 
7 34 21 
7 26 10 9 5 2 2 1 
3 14 16 19 10 
5 47 9 1 
5 12 13 4 24 2 1 1 
1 21 25 8 4 3 
2 15 24 3 6 7 3 2 
1 7 45 1 3 1 3 1 
11 1 24 5 1 17 3 
4 36 8 5 1 3 4 1 
2 26 22 7 3 1 1 
