2 22 29 10 
1 42 14 2 4 
1 5 46 4 2 1 3 1 
62 1 
1 21 11 20 9 1 
9 38 10 3 2 1 
3 4 50 1 5 
1 2 26 11 21 1 1 
36 24 3 
1 12 47 2 1 
3 36 9 14 1 
2 31 16 14 
41 12 10 
2 43 4 13 1 
2 51 10 
7 24 11 16 3 1 1 
17 9 28 9 
40 18 2 3 
1 58 3 1 
1 24 28 9 1 
1 62 
1 8 22 24 5 3 
5 39 19 
4 10 33 1 2 2 3 4 4 
63 
61 2 
2 18 22 11 2 1 6 1 
1 14 35 7 4 1 1 
1 24 29 8 1 
6 33 20 2 1 1 
1 10 42 5 4 1 
1 2 39 5 15 1 
2 34 12 10 1 2 1 1 
25 35 2 1 
1 44 4 3 3 4 1 3 
6 46 2 3 6 
2 16 34 6 5 
63 
22 36 1 1 1 2 
1 47 8 4 3 
4 31 12 6 7 1 1 1 
9 45 2 4 3 
3 39 10 9 1 1 
15 21 23 1 2 1 
17 43 3 
7 33 8 15 
1 35 1 26 
4 55 1 2 1 
1 25 30 2 5 
1 24 6 2 18 4 8 
1 50 9 2 1 
30 8 18 5 2 
32 11 11 2 5 2 
62 1 
1 41 2 2 15 1 1 
34 26 3 
3 56 3 1 
5 8 11 1 7 24 1 6 
4 53 3 2 1 
1 3 2 40 17 
4 21 14 2 14 4 3 1 
1 61 1 
1 2 29 24 6 1 
5 35 8 15 
1 16 40 1 1 3 1 
3 3 15 15 6 13 1 3 2 2 
5 38 18 1 1 
4 51 7 1 
1 8 14 15 24 1 
6 22 35 
1 46 4 12 
1 19 18 14 1 7 2 1 
2 10 18 8 3 1 9 5 1 3 1 1 1 
3 59 1 
22 18 1 14 4 1 1 1 1 
6 27 28 2 
4 20 30 4 3 2 
33 29 1 
1 46 2 13 1 
11 22 22 5 3 
1 34 21 4 1 2 
2 54 5 1 1 
2 34 4 11 4 6 1 1 
1 30 27 4 1 
1 35 12 11 4 
12 10 7 13 15 3 2 1 
14 30 2 16 1 
1 41 4 2 1 8 6 
1 38 6 16 1 1 
3 9 34 16 1 
23 27 3 2 6 2 
2 37 24 
59 2 1 1 
6 53 2 2 
1 27 30 4 1 
3 35 12 4 3 3 3 
1 6 49 7 
5 43 12 2 1 
1 19 22 3 17 1 
3 19 24 15 2 
3 25 1 17 15 2 
2 2 40 9 8 1 1 
1 45 1 1 5 2 1 7 
2 41 5 4 3 2 3 2 1 
2 55 6 
63 
1 37 21 3 1 
2 22 30 6 3 
1 47 15 
6 10 44 2 1 
20 26 13 3 1 
1 35 21 3 2 1 
7 45 7 3 1 
4 37 21 1 
1 15 19 10 13 5 
1 36 15 1 5 1 2 1 1 
1 1 23 2 16 9 1 4 2 3 1 
9 38 2 3 7 1 2 1 
1 27 10 16 3 2 4 
1 45 15 2 
1 25 10 15 9 2 1 
9 27 3 6 10 4 1 2 1 
1 61 1 
4 52 6 1 
1 61 1 
1 55 1 5 1 
46 17 
21 7 35 
5 25 32 1 
1 18 14 22 4 1 2 1 
7 41 15 
6 25 32 
4 48 5 5 1 
2 23 33 1 2 1 1 
1 61 1 
1 51 6 2 2 1 
9 49 5 
3 25 23 10 2 
1 34 28 
2 53 1 2 2 1 2 
4 42 3 6 8 
10 28 10 3 2 3 5 2 
5 48 10 
3 19 30 9 2 
21 35 2 4 1 
34 17 11 1 
17 31 5 10 
12 44 3 1 3 
15 4 22 4 16 1 1 
1 45 6 6 5 
3 4 22 28 3 3 
4 58 1 
1 22 33 1 6 
4 30 1 4 4 18 1 1 
35 10 3 4 6 1 4 
5 20 27 5 5 1 
1 54 7 1 
18 36 2 7 
13 31 8 5 6 
1 17 6 17 21 1 
1 44 6 3 4 4 1 
1 25 25 12 
14 45 2 2 
1 23 28 11 
1 2 59 1 
1 20 42 
5 31 11 12 3 1 
2 19 39 1 2 
16 40 7 
1 61 1 
2 14 7 10 23 3 1 1 2 
1 1 5 18 8 28 1 1 
4 21 1 30 5 2 
1 10 51 1 
4 2 4 1 13 7 22 7 1 1 1 
2 13 41 2 3 1 1 
2 23 30 1 3 3 1 
23 16 22 2 
3 59 1 
1 13 49 
1 11 39 11 1 
1 3 8 13 20 15 2 1 
3 1 59 
10 1 20 17 11 2 2 
1 38 15 3 2 2 1 1 
28 23 6 1 1 1 1 2 
47 4 5 2 4 1 
1 62 
1 53 3 5 1 
1 39 18 3 2 
6 54 2 1 
63 
30 10 5 11 5 2 
1 2 46 10 1 3 
1 7 55 
3 30 20 4 1 1 1 1 1 1 
15 27 3 11 5 2 
6 49 6 2 
9 13 16 23 2 
31 25 7 
6 29 11 9 6 1 1 
19 27 13 4 
2 31 16 11 2 1 
5 15 2 19 17 5 
7 30 4 10 7 4 1 
5 1 5 41 7 1 2 1 
1 39 9 8 2 4 
1 26 10 14 3 4 3 1 1 
1 30 24 5 1 2 
62 1 
1 27 22 6 3 3 1 
1 59 3 
1 7 42 8 5 
21 34 8 
3 38 11 4 2 2 2 1 
2 12 12 10 23 3 1 
2 39 19 1 2 
2 46 15 
38 6 2 5 8 4 
4 21 22 12 4 
1 39 4 12 3 2 2 
5 58 
3 8 40 10 2 
1 54 1 5 1 1 
5 8 10 35 4 1 
5 52 5 1 
2 16 44 1 
2 58 3 
8 40 5 6 4 
1 38 3 10 7 1 2 1 
1 20 24 6 5 7 
38 15 10 
1 61 1 
1 59 2 1 
3 18 33 2 7 
2 47 12 1 1 
1 61 1 
3 29 15 11 2 3 
33 3 26 1 
11 23 29 
2 41 14 2 1 3 
11 12 10 2 7 18 3 
55 6 1 1 
1 53 6 2 1 
15 48 
2 34 11 3 4 3 3 1 1 1 
1 1 22 2 3 32 1 1 
2 51 5 1 1 3 
63 
6 48 6 3 
52 8 2 1 
1 12 21 12 5 9 3 
3 34 18 2 5 1 
31 32 
1 3 39 18 1 1 
5 2 27 16 2 9 2 
57 4 2 
15 16 17 6 8 1 
1 50 8 4 
2 43 18 
1 21 31 5 2 1 1 1 
2 14 10 11 10 11 3 1 1 
2 39 10 3 5 1 1 1 1 
2 31 21 8 1 
2 7 7 5 17 19 6 
1 1 53 7 1 
3 19 3 1 22 7 1 4 3 
1 3 24 35 
6 8 40 9 
17 8 2 30 1 5 
38 20 3 1 1 
1 11 14 19 12 5 1 
2 11 41 6 2 1 
4 42 10 7 
17 15 5 7 2 17 
4 6 31 11 4 5 2 
26 36 1 
6 32 25 
1 32 6 16 3 2 1 1 1 
1 37 12 12 1 
5 55 2 1 
49 14 
2 24 29 8 
30 9 4 15 2 3 
16 17 9 2 14 4 1 
4 3 4 45 3 1 3 
4 41 11 6 1 
5 2 29 5 10 5 4 3 
1 61 1 
1 49 11 1 1 
1 37 12 7 6 
8 5 25 5 6 14 
1 30 31 1 
1 37 18 7 
2 53 1 6 1 
1 1 38 13 4 5 1 
1 10 37 3 9 1 1 1 
1 22 4 4 2 9 21 
1 27 9 1 14 3 1 5 2 
1 43 5 4 1 2 3 2 1 1 
1 58 4 
3 26 18 4 11 1 
1 45 12 4 1 
2 16 13 18 4 7 2 1 
2 56 5 
1 40 22 
2 53 8 
13 1 6 4 23 5 8 1 1 1 
2 26 12 1 20 2 
1 13 42 2 5 
1 42 6 6 1 4 1 1 1 
1 21 29 11 1 
4 56 1 2 
3 13 18 4 9 3 5 6 1 1 
2 21 34 4 2 
4 2 30 8 14 4 1 
7 22 21 1 5 3 1 2 1 
36 8 3 7 9 
1 43 1 15 2 1 
22 4 8 5 22 1 1 
1 20 29 5 5 3 
1 58 2 1 1 
1 14 30 10 4 1 2 1 
1 46 1 14 1 
8 52 3 
7 18 38 
1 29 14 18 1 
1 17 38 5 2 
2 46 15 
1 31 14 2 7 6 2 
1 16 10 19 14 2 1 
31 31 1 
7 20 36 
2 42 5 1 2 4 4 3 
1 41 21 
1 17 8 35 1 1 
1 23 7 4 8 12 4 2 2 
1 46 13 1 1 1 
1 49 9 3 1 
3 13 5 42 
1 42 8 5 3 3 1 
25 9 5 8 4 9 2 1 
2 20 16 11 8 4 1 1 
3 14 11 32 3 
4 30 27 1 1 
12 7 1 23 1 5 6 5 3 
3 59 1 
1 52 10 
1 61 1 
3 44 2 4 6 3 1 
53 3 4 2 1 
59 1 1 2 
1 14 10 22 10 3 3 
3 33 2 16 1 8 
1 35 27 
2 32 22 4 3 
6 23 19 5 6 2 1 1 
10 18 5 29 1 
60 1 2 
1 46 8 1 3 3 1 
1 50 2 9 1 
5 31 6 8 5 1 1 3 3 
1 58 4 
1 51 8 1 2 
1 34 15 13 
21 14 22 4 2 
1 15 36 1 2 1 5 1 1 
1 1 14 20 23 2 1 1 
5 44 7 7 
50 10 3 
2 36 2 23 
2 1 19 41 
42 20 1 
3 39 16 4 1 
16 35 6 1 2 3 
1 20 40 1 1 
3 48 12 
3 6 11 40 3 
5 28 29 1 
2 61 
6 56 1 
1 61 1 
3 49 11 
20 43 
5 2 16 12 28 
1 39 11 4 7 1 
1 27 30 1 3 1 
1 6 29 15 6 5 1 
54 3 6 
1 35 1 21 4 1 
1 37 25 
4 10 29 1 8 2 4 2 3 
35 23 4 1 
1 11 11 28 6 3 1 2 
1 12 36 8 6 
4 58 1 
37 7 6 4 9 
1 44 10 2 6 
1 46 2 12 1 1 
1 13 45 4 
1 25 18 10 7 1 1 
4 59 
1 31 31 
1 40 10 12 
2 3 39 4 6 1 5 1 1 1 
1 44 8 8 1 1 
1 42 10 5 5 
1 4 37 1 10 10 
3 6 10 12 2 25 2 2 1 
4 50 8 1 
63 
1 48 11 3 
2 61 
5 24 33 1 
6 48 4 4 1 
1 28 26 6 2 
5 45 7 2 1 1 1 1 
14 46 3 
1 10 14 4 1 29 3 1 
2 41 18 2 
1 58 3 1 
4 53 5 1 
5 46 7 2 2 1 
1 9 49 3 1 
2 59 2 
1 22 22 13 4 1 
15 21 17 5 2 2 1 
5 1 54 3 
1 15 42 2 3 
49 14 
10 26 11 16 
1 14 5 31 3 3 1 4 1 
1 24 16 20 2 
2 44 10 6 1 
3 49 1 4 5 1 
8 7 38 2 4 3 1 
1 6 55 1 
2 56 5 
1 13 36 1 7 5 
12 14 24 13 
7 3 21 31 1 
1 8 22 1 4 2 9 8 5 3 
47 11 5 
2 38 23 
57 1 5 
5 41 5 5 7 
13 5 11 26 7 1 
2 16 5 3 15 3 2 11 1 4 1 
29 23 5 2 4 
1 45 17 
1 43 10 9 
1 44 12 1 3 1 1 
5 13 44 1 
1 1 8 2 13 3 23 10 2 
1 28 31 1 1 1 
5 34 17 1 1 1 4 
2 18 15 26 1 1 
1 4 8 24 3 14 9 
1 62 
2 47 14 
3 43 17 
3 35 10 13 2 
1 15 14 22 2 1 2 4 1 1 
8 53 2 
1 22 40 
2 18 32 2 6 1 1 1 
57 5 1 
3 7 53 
3 49 9 1 1 
1 44 18 
14 16 19 2 2 4 6 
3 59 1 
6 20 14 9 14 
24 34 4 1 
2 9 24 27 1 
44 9 2 4 2 1 1 
1 48 14 
1 36 24 2 
12 39 9 3 
14 27 7 11 4 
1 22 38 2 
1 37 25 
18 28 16 1 
3 1 37 22 
1 54 6 2 
1 56 6 
14 41 4 3 1 
1 49 13 
23 17 13 9 1 
47 12 4 
2 10 5 12 2 30 2 
8 31 21 3 
9 49 4 1 
2 57 4 
1 49 6 3 2 2 
1 47 10 2 3 
1 25 7 7 6 7 2 3 1 4 
1 10 51 1 
6 27 5 2 16 6 1 
6 23 13 21 
13 44 3 2 1 
1 26 19 5 11 1 
1 43 12 4 3 
1 34 16 12 
1 43 1 4 1 3 7 1 2 
2 28 10 6 8 2 5 1 1 
1 2 16 32 2 1 7 1 1 
1 58 4 
3 14 44 1 1 
1 26 13 18 4 1 
1 9 1 35 15 1 1 
36 3 2 3 11 1 6 1 
58 3 2 
5 25 21 4 2 3 1 2 
1 57 5 
8 4 21 5 17 4 1 3 
2 24 7 20 2 6 2 
3 20 29 2 4 5 
1 22 9 4 7 6 7 5 1 1 
8 3 11 2 26 3 4 1 3 1 1 
1 57 5 
1 52 7 1 1 1 
2 61 
1 32 11 4 9 5 1 
47 15 1 
14 4 26 4 2 8 2 3 
5 44 5 4 2 1 1 1 
1 9 10 32 2 9 
1 6 48 3 3 2 
8 25 19 9 1 1 
6 11 46 
1 56 2 4 
1 25 14 1 13 3 4 1 1 
1 25 7 6 17 4 2 1 
1 55 7 
45 13 3 2 
3 9 3 45 3 
1 54 2 3 2 1 
1 45 13 1 1 2 
35 28 
1 21 24 10 6 1 
1 38 14 8 2 
21 1 36 4 1 
27 18 18 
8 39 11 1 3 1 
1 34 27 1 
1 20 42 
1 41 13 3 4 1 
10 20 6 19 6 2 
7 29 15 10 1 1 
43 15 5 
44 12 1 2 2 2 
63 
1 17 27 3 11 4 
2 10 37 12 2 
1 6 50 6 
2 23 34 2 1 1 
1 54 4 2 1 1 
4 51 2 5 1 
44 15 4 
1 44 18 
11 14 15 22 1 
1 39 9 5 4 3 1 1 
9 21 20 3 7 2 1 
6 45 4 1 5 2 
8 45 10 
1 7 24 10 7 8 3 1 2 
42 5 6 5 5 
3 18 14 15 3 9 1 
1 51 11 
5 53 4 1 
2 44 14 1 2 
2 43 18 
28 30 2 1 1 1 
57 6 
2 34 2 3 21 1 
1 17 13 4 3 17 8 
5 3 6 28 11 6 3 1 
17 18 27 1 
3 1 2 16 29 1 4 1 4 2 
1 3 11 4 36 4 2 1 1 
3 54 5 1 
3 38 15 1 6 
2 48 4 5 2 2 
1 55 5 2 
48 3 1 2 4 2 2 1 
7 20 17 6 11 2 
51 4 4 1 2 1 
8 49 4 1 1 
1 11 6 14 17 8 6 
2 15 27 14 5 
1 47 15 
1 34 21 5 2 
2 58 2 1 
1 61 1 
5 26 20 8 4 
1 22 19 21 
2 7 29 25 
6 14 14 23 2 2 1 1 
8 35 11 2 5 1 1 
1 59 2 1 
1 51 4 6 1 
22 9 30 1 1 
1 49 13 
5 16 7 22 10 2 1 
5 10 38 2 8 
4 34 14 8 3 
3 20 29 2 4 5 
1 36 14 11 1 
63 
1 3 17 32 10 
28 35 
6 10 17 5 7 2 11 4 1 
4 59 
1 7 16 25 7 2 1 4 
2 55 1 3 1 1 
1 61 1 
1 39 23 
1 16 42 4 
1 53 7 1 1 
1 45 3 13 1 
28 22 13 
1 42 19 1 
4 23 9 18 3 5 1 
1 25 20 11 6 
3 31 26 3 
55 6 1 1 
1 6 52 3 1 
2 14 20 19 2 2 1 2 1 
1 9 52 1 
1 59 1 2 
1 57 5 
1 58 1 1 2 
1 13 45 3 1 
1 53 1 7 1 
1 62 
7 24 11 17 3 1 
61 1 1 
3 42 4 9 1 4 
43 17 1 2 
1 58 2 2 
1 12 47 3 
2 44 15 1 1 
6 3 31 6 4 2 6 3 1 1 
1 22 12 23 3 1 1 
1 3 50 9 
2 38 18 3 1 1 
1 54 6 1 1 
1 18 18 5 1 8 9 2 1 
3 7 19 28 3 3 
3 1 12 29 6 6 3 2 1 
2 2 15 41 3 
3 41 2 11 3 1 2 
44 6 6 3 3 1 
18 24 9 7 2 3 
2 59 2 
3 42 13 1 1 2 1 
1 7 43 11 1 
2 48 13 
2 28 6 22 1 3 1 
2 26 16 10 9 
63 
1 32 28 1 1 
2 59 1 1 
4 25 20 5 4 3 1 1 
8 33 19 1 2 
2 25 8 21 3 1 3 
2 36 8 17 
62 1 
2 6 34 16 3 1 1 
6 2 54 1 
3 11 22 25 2 
1 61 1 
1 51 2 5 3 1 
8 9 12 10 12 3 2 5 1 1 
1 44 15 2 1 
1 29 5 20 6 1 1 
1 34 20 5 3 
8 46 9 
47 15 1 
45 13 5 
2 11 4 21 6 14 1 2 2 
1 13 2 18 4 3 21 1 
1 52 10 
2 47 13 1 
4 8 41 2 6 1 1 
28 24 9 1 1 
1 13 22 19 7 1 
1 30 32 
1 25 37 
1 55 5 1 1 
3 11 14 10 3 20 2 
2 56 5 
1 52 7 2 1 
1 54 8 
2 53 6 1 1 
3 45 13 1 1 
1 29 14 15 2 1 1 
26 13 23 1 
1 12 12 32 6 
12 42 8 1 
2 60 1 
21 19 17 1 3 2 
7 51 1 2 2 
10 47 4 2 
62 1 
15 40 1 5 1 1 
1 40 5 11 6 
2 2 24 21 9 2 2 1 
5 51 3 4 
1 42 20 
2 30 22 5 3 1 
1 7 1 21 7 11 9 4 2 
43 19 1 
6 14 2 18 13 6 4 
10 30 15 1 5 1 1 
8 12 18 13 10 2 
46 13 2 2 
1 37 20 2 2 1 
56 6 1 
54 9 
8 50 3 2 
4 41 8 3 2 4 1 
1 4 24 5 20 8 1 
3 20 29 7 4 
22 30 10 1 
49 9 2 2 1 
45 17 1 
7 52 4 
1 42 13 1 2 2 1 1 
1 57 3 1 1 
3 45 6 5 3 1 
1 36 24 1 1 
11 24 19 1 2 6 
9 27 12 15 
1 14 45 1 1 1 
1 34 9 9 1 1 5 1 2 
1 60 2 
61 2 
20 2 34 5 1 1 
1 5 50 3 4 
12 45 6 
1 46 7 8 1 
1 15 20 1 11 2 7 4 2 
1 7 33 10 2 9 1 
8 29 21 2 2 1 
20 35 7 1 
2 36 16 2 4 1 1 1 
1 21 1 23 9 1 1 1 2 1 1 1 
2 57 2 2 
1 49 5 8 
2 56 2 1 2 
2 7 5 48 1 
1 26 2 29 4 1 
1 32 2 26 2 
8 3 43 4 1 2 1 1 
15 48 
2 28 21 11 1 
30 20 13 
2 32 23 4 2 
2 27 5 28 1 
3 19 18 11 6 1 5 
3 60 
3 23 35 1 1 
47 11 5 
1 25 30 5 2 
11 13 10 23 2 4 
7 26 17 13 
1 39 16 7 
4 37 6 1 5 6 1 3 
12 40 11 
1 5 5 48 3 1 
2 19 21 3 16 2 
1 54 3 3 2 
2 44 5 3 1 2 2 1 1 2 
3 14 32 3 11 
1 58 1 2 1 
1 55 4 3 
10 37 11 1 3 1 
1 19 26 14 3 
1 12 45 3 2 
6 31 9 5 2 7 3 
1 3 55 2 2 
1 25 36 1 
1 45 11 4 2 
2 60 1 
42 14 1 2 3 1 
5 25 21 11 1 
1 61 1 
3 29 22 8 1 
51 11 1 
1 36 26 
1 22 14 11 6 2 4 3 
1 40 7 15 
1 11 38 1 12 
1 26 1 16 4 11 3 1 
11 50 2 
52 7 2 1 1 
1 3 17 7 1 13 16 5 
1 13 46 1 2 
2 40 21 
61 2 
45 4 11 2 1 
6 21 9 1 10 11 1 1 3 
2 45 16 
2 5 46 2 1 5 2 
1 54 1 5 1 1 
5 9 1 26 10 2 1 4 2 3 
6 1 31 15 2 1 4 2 1 
1 54 8 
1 2 52 1 6 1 
7 46 9 1 
2 3 58 
5 45 4 7 2 
2 9 15 16 6 2 2 4 1 5 1 
3 27 10 11 9 1 1 1 
13 6 33 3 1 4 1 1 1 
1 50 1 6 1 4 
18 42 2 1 
1 61 1 
1 22 37 3 
2 30 25 4 2 
3 14 5 22 19 
3 34 15 10 1 
62 1 
44 2 2 14 1 
1 1 50 11 
1 18 36 4 4 
6 2 21 13 4 6 5 1 3 1 1 
1 31 4 18 6 3 
9 54 
1 29 7 20 4 1 1 
1 9 8 33 2 6 3 1 
3 1 35 20 3 1 
1 33 28 1 
9 9 30 6 9 
2 20 10 19 7 4 1 
22 21 18 1 1 
1 35 15 3 7 1 1 
6 42 7 3 3 1 1 
9 30 10 11 1 1 1 
1 12 25 24 1 
6 26 9 21 1 
3 8 20 26 5 1 
1 60 2 
1 55 4 2 1 
1 15 1 13 24 7 2 
1 46 5 6 5 
22 30 11 
12 3 38 4 6 
18 7 10 13 12 1 1 1 
1 56 4 1 1 
13 50 
3 52 7 1 
18 23 20 2 
9 43 10 1 
1 44 8 1 8 1 
21 37 3 1 1 
19 41 3 
19 29 5 2 5 1 1 1 
9 15 6 24 6 1 2 
1 55 6 1 
40 9 1 1 3 7 1 1 
2 35 24 1 1 
1 51 11 
10 15 19 5 10 4 
1 35 1 18 4 4 
3 43 11 6 
34 7 17 3 1 1 
63 
6 25 11 20 1 
5 36 14 8 
37 7 2 12 5 
1 50 12 
7 44 12 
7 26 4 21 1 1 3 
15 11 15 4 4 13 1 
28 29 1 5 
2 36 8 7 2 6 1 1 
2 3 10 11 28 9 
1 43 4 5 7 3 
1 61 1 
15 11 5 19 8 3 1 1 
20 33 1 2 2 3 1 1 
3 54 1 2 1 2 
3 8 12 29 1 8 1 1 
33 15 11 3 1 
2 8 49 1 3 
59 2 2 
12 51 
4 9 33 12 2 2 1 
63 
1 22 40 
6 2 14 4 23 7 7 
1 33 4 12 13 
7 18 22 14 1 1 
5 48 10 
3 27 17 8 7 1 
11 35 11 5 1 
1 59 1 1 1 
12 7 9 8 2 11 7 1 4 1 1 
1 14 46 1 1 
1 32 16 10 1 1 1 1 
10 9 15 25 2 2 
16 29 15 1 2 
20 39 1 2 1 
1 15 11 10 24 1 1 
1 13 38 11 
1 1 50 10 1 
49 4 8 2 
1 61 1 
2 16 29 5 5 3 3 
2 25 17 3 5 1 7 2 1 
1 47 13 1 1 
7 41 7 8 
3 21 8 5 15 10 1 
3 8 18 30 2 2 
2 22 20 3 10 4 1 1 
1 38 24 
49 9 2 3 
4 35 24 
1 54 6 2 
1 59 3 
1 42 19 1 
14 22 7 2 18 
58 4 1 
10 50 1 2 
1 36 26 
9 53 1 
2 38 2 21 
27 35 1 
18 31 5 8 1 
5 30 17 9 2 
18 29 16 
2 12 36 3 5 2 2 1 
2 24 19 3 8 1 5 1 
1 35 5 17 1 1 3 
9 1 35 3 13 1 1 
20 12 8 7 13 3 
7 19 5 32 
9 24 13 3 14 
4 32 15 8 4 
7 1 46 8 1 
2 2 57 2 
1 39 6 10 7 
1 4 17 10 18 9 4 
61 2 
1 37 12 9 4 
8 24 31 
58 2 3 
54 3 4 2 
23 3 22 2 8 2 3 
1 1 19 42 
1 43 7 10 2 
2 4 46 6 1 1 3 
6 49 8 
1 61 1 
1 28 13 16 3 1 1 
39 15 9 
6 54 1 1 1 
1 36 25 1 
2 16 32 12 1 
1 2 53 4 1 1 1 
14 23 15 6 4 1 
7 52 4 
5 3 19 1 31 2 1 1 
3 36 24 
3 17 28 12 2 1 
1 33 24 5 
38 4 10 11 
1 24 37 1 
1 6 32 20 1 2 1 
24 10 9 8 5 7 
1 37 8 17 
2 42 19 
4 40 3 7 9 
3 31 3 4 15 2 4 1 
1 1 53 7 1 
2 57 4 
2 34 25 1 1 
7 14 39 3 
1 46 16 
1 36 15 6 1 4 
2 22 34 5 
1 53 9 
1 51 8 3 
55 3 1 3 1 
8 49 6 
1 58 4 
5 12 14 2 28 2 
1 37 11 10 1 2 1 
1 9 11 8 17 2 4 6 1 1 2 1 
4 31 28 
3 19 33 3 4 1 
9 11 27 14 1 1 
14 8 25 16 
2 52 3 4 2 
1 56 3 2 1 
27 22 13 1 
2 17 22 4 12 5 1 
5 3 22 4 25 4 
2 40 21 
1 49 3 4 5 1 
3 38 11 2 9 
63 
1 45 3 10 4 
4 30 15 9 3 1 1 
5 5 38 9 4 2 
3 18 39 3 
1 43 9 5 5 
39 1 3 15 4 1 
12 26 10 15 
17 20 15 11 
1 36 13 5 2 2 1 2 1 
1 4 24 29 2 3 
4 1 57 1 
9 44 9 1 
31 14 8 10 
1 43 19 
1 26 4 14 2 4 6 5 1 
3 40 12 3 3 2 
20 17 14 1 1 8 1 1 
2 40 21 
4 28 23 3 4 1 
1 12 11 7 24 7 1 
1 57 5 
2 47 5 4 3 2 
2 57 1 3 
1 44 15 1 1 1 
3 35 25 
2 61 
2 58 3 
9 29 23 1 1 
1 43 19 
4 41 17 1 
6 57 
4 49 6 3 1 
2 1 59 1 
1 11 19 17 15 
3 12 32 3 6 5 2 
2 41 20 
32 9 12 2 2 2 4 
1 22 34 6 
4 48 2 6 2 1 
2 51 3 7 
1 34 10 7 6 1 2 1 1 
2 15 43 1 1 1 
10 43 10 
6 36 11 9 1 
50 7 1 4 1 
4 38 10 11 
17 39 2 2 3 
1 56 6 
4 3 31 9 4 2 2 6 1 1 
10 1 12 24 4 9 3 
1 17 34 11 
12 23 20 4 2 2 
4 48 1 6 4 
2 37 10 4 7 2 1 
2 56 2 2 1 
39 7 5 7 1 2 2 
1 51 2 2 4 2 1 
56 4 3 
3 40 18 1 1 
2 32 17 6 6 
3 48 1 8 3 
10 38 2 4 6 1 1 1 
1 35 1 7 18 1 
18 26 1 15 3 
1 22 29 10 1 
2 14 20 19 6 1 1 
1 35 25 1 1 
1 44 14 4 
2 22 12 24 3 
13 32 9 6 1 2 
6 33 15 7 2 
2 28 31 1 1 
1 51 6 2 1 2 
1 19 24 3 16 
27 17 17 1 1 
1 20 12 27 3 
2 30 13 6 4 5 3 
54 7 2 
1 25 28 7 2 
8 31 2 3 11 2 3 3 
8 12 4 38 1 
5 17 35 5 1 
1 14 45 2 1 
1 24 6 12 11 2 3 2 1 1 
1 36 10 1 14 1 
3 54 4 2 
1 61 1 
3 35 23 2 
17 13 31 1 1 
5 39 7 7 5 
1 8 3 14 33 3 1 
27 21 13 2 
1 31 16 7 2 1 5 
6 33 23 1 
11 28 24 
17 43 1 1 1 
51 1 8 2 1 
1 44 9 9 
36 20 1 3 3 
56 4 1 1 1 
13 40 4 5 1 
17 24 6 4 4 5 3 
44 11 7 1 
1 46 8 7 1 
1 29 31 1 1 
1 61 1 
1 60 2 
1 15 27 18 2 
2 33 1 4 14 9 
62 1 
27 18 4 6 8 
30 8 24 1 
4 15 21 21 2 
1 27 7 1 6 20 1 
1 12 8 16 25 1 
2 29 2 27 3 
3 17 41 1 1 
1 52 10 
5 51 6 1 
9 54 
6 42 9 4 2 
36 19 1 6 1 
1 8 14 11 25 4 
7 19 13 19 5 
12 23 28 
1 18 21 13 2 8 
1 60 2 
21 27 4 10 1 
38 4 7 7 2 5 
1 55 2 5 
25 38 
3 50 5 4 1 
1 59 1 1 1 
18 25 1 2 6 7 2 2 
20 33 1 9 
44 16 2 1 
1 36 7 11 6 1 1 
2 2 6 13 24 9 1 3 3 
1 29 15 17 1 
7 16 19 17 3 1 
11 42 10 
30 27 1 3 2 
13 20 30 
1 4 46 2 10 
2 40 4 12 2 1 2 
1 17 45 
1 42 19 1 
3 48 1 9 2 
3 12 35 11 2 
1 22 36 4 
49 10 4 
1 6 20 19 12 2 3 
1 39 23 
3 55 1 2 2 
1 41 21 
2 60 1 
61 1 1 
1 49 7 3 1 2 
1 55 1 1 5 
10 8 21 17 7 
2 49 6 3 3 
3 37 1 5 1 8 2 4 1 1 
1 51 5 3 3 
1 42 3 2 12 2 1 
1 6 54 2 
1 37 20 5 
1 60 2 
7 11 23 18 1 1 2 
1 58 4 
60 2 1 
3 6 2 2 49 1 
1 59 3 
4 29 9 4 12 3 2 
7 52 1 3 
63 
31 17 14 1 
1 9 29 8 2 11 1 1 1 
1 8 31 17 6 
1 35 4 17 3 3 
20 6 28 4 3 2 
2 36 23 2 
1 32 9 17 3 1 
2 61 
15 47 1 
63 
6 15 11 12 4 7 6 2 
3 18 42 
2 2 34 18 7 
3 46 14 
1 10 41 8 1 2 
12 24 9 5 10 1 1 1 
1 49 1 12 
1 26 32 1 1 1 1 
2 42 7 12 
4 52 3 1 3 
1 28 34 
11 45 4 1 1 1 
3 11 49 
1 32 27 1 1 1 
2 19 18 18 6 
5 48 10 
2 40 18 1 1 1 
4 8 20 20 11 
2 58 1 1 1 
1 50 12 
4 2 41 11 2 2 1 
48 3 2 9 1 
1 3 36 1 17 5 
1 54 8 
1 8 6 34 5 6 1 1 1 
2 14 2 8 17 5 15 
1 31 31 
14 4 1 42 2 
1 51 11 
48 11 2 1 1 
1 53 9 
1 39 23 
29 1 6 6 5 8 1 2 2 3 
61 2 
10 19 31 2 1 
15 21 26 1 
5 40 12 1 1 3 1 
55 5 2 1 
1 1 27 20 3 2 4 5 
5 28 30 
1 53 8 1 
1 24 22 6 8 2 
2 13 8 6 4 25 3 2 
17 23 9 12 1 1 
58 4 1 
5 49 1 1 3 3 1 
1 45 14 1 2 
13 35 6 5 4 
1 33 17 5 2 4 1 
1 7 11 13 21 10 
29 17 12 3 1 1 
2 34 13 11 3 
39 8 8 5 3 
1 52 6 2 2 
1 10 13 16 11 8 1 1 2 
1 38 2 3 15 4 
6 10 20 8 6 13 
4 13 1 44 1 
9 31 9 8 6 
63 
1 34 16 6 6 
2 55 3 2 1 
2 13 43 4 1 
1 37 23 1 1 
3 36 24 
2 24 12 19 2 1 2 1 
2 51 10 
1 20 21 7 2 9 1 1 1 
3 59 1 
5 42 15 1 
1 59 3 
1 8 7 31 11 3 2 
2 40 6 2 10 1 2 
1 44 6 4 1 4 1 1 1 
2 47 3 7 3 1 
1 57 5 
1 24 36 2 
3 23 36 1 
1 43 6 11 2 
11 14 34 3 1 
2 55 3 2 1 
2 57 4 
35 11 16 1 
5 1 5 7 10 6 10 14 1 4 
1 10 12 19 6 4 5 1 1 2 2 
18 41 2 1 1 
1 30 20 5 3 1 2 1 
1 51 6 3 2 
1 47 3 7 4 1 
29 4 1 11 10 6 2 
13 9 29 6 5 1 
7 2 12 33 3 4 2 
4 35 21 2 1 
1 11 26 1 17 5 2 
6 13 34 8 1 1 
13 45 1 1 1 1 1 
25 33 5 
1 31 12 19 
1 6 20 18 10 7 1 
1 13 24 13 2 3 6 1 
1 59 1 1 1 
38 23 2 
3 9 38 3 10 
3 38 22 
23 11 12 8 7 2 
1 59 3 
47 7 8 1 
6 51 6 
5 30 28 
1 24 20 3 5 2 3 2 3 
4 4 43 4 7 1 
48 15 
4 24 31 4 
1 20 35 1 1 2 1 1 1 
4 10 46 3 
1 60 2 
9 46 3 5 
2 54 6 1 
1 36 3 5 8 3 5 2 
1 59 3 
2 48 2 2 2 5 2 
46 7 10 
3 20 5 3 11 19 2 
3 28 12 19 1 
19 42 1 1 
11 1 51 
2 2 55 4 
2 38 14 3 6 
15 34 1 9 3 1 
1 43 19 
3 11 48 1 
3 28 27 4 1 
36 21 6 
1 27 18 15 2 
2 29 5 9 2 14 1 1 
58 1 4 
6 35 11 6 3 1 1 
42 2 8 2 6 2 1 
13 40 1 3 4 1 1 
1 25 29 1 7 
1 39 23 
20 5 19 14 4 1 
2 38 1 17 4 1 
26 33 3 1 
1 8 17 8 4 8 13 4 
1 1 31 28 2 
54 7 1 1 
33 24 6 
22 33 2 4 1 1 
2 48 10 3 
2 2 27 22 4 4 1 1 
1 23 28 1 2 6 1 1 
2 38 4 9 9 1 
10 48 4 1 
1 41 6 5 6 3 1 
2 59 1 1 
2 34 2 17 2 4 2 
2 2 53 4 1 1 
63 
1 15 6 19 15 4 3 
1 51 4 3 2 1 1 
1 34 6 5 1 5 7 1 3 
9 4 15 15 3 2 14 1 
1 32 3 10 16 1 
5 35 3 17 2 1 
1 20 25 15 2 
5 21 29 5 3 
7 26 28 1 1 
4 13 19 22 1 2 1 1 
61 2 
13 25 20 2 1 1 1 
22 37 2 2 
7 48 2 2 3 1 
6 37 11 8 1 
1 50 12 
20 7 33 2 1 
2 20 9 29 2 1 
1 21 3 24 5 6 3 
3 31 3 24 2 
3 6 19 5 1 2 14 3 3 5 2 
1 36 21 4 1 
42 21 
1 36 24 1 1 
2 27 9 18 7 
21 11 1 23 4 3 
2 19 40 2 
1 33 21 8 
1 43 12 2 1 3 1 
2 53 1 2 2 3 
1 11 49 2 
1 48 14 
1 44 1 6 1 3 3 2 1 1 
4 15 15 20 8 1 
61 1 1 
2 14 4 26 13 4 
1 38 18 3 2 1 
3 16 22 10 5 1 5 1 
1 51 11 
1 12 37 13 
8 50 4 1 
1 53 6 1 1 1 
1 18 44 
2 33 2 19 7 
1 46 13 3 
1 47 7 8 
2 51 6 2 2 
12 48 3 
6 3 18 7 2 16 6 1 1 3 
17 20 18 7 1 
1 13 5 29 5 2 1 4 1 1 1 
2 5 23 14 7 1 7 3 1 
4 6 51 1 1 
4 5 20 11 4 1 15 2 1 
1 54 8 
1 52 8 1 1 
1 8 27 21 5 1 
1 23 15 14 1 2 7 
13 40 7 3 
1 56 5 1 
40 1 4 3 3 1 5 5 1 
26 33 4 
30 2 8 17 6 
1 28 28 6 
1 7 34 13 8 
1 59 3 
4 10 40 8 1 
6 25 14 16 2 
23 27 9 1 1 2 
52 1 1 1 4 1 1 1 1 
1 28 14 12 2 4 2 
1 51 11 
3 52 7 1 
5 12 3 13 18 3 7 2 
46 5 7 2 3 
5 42 9 1 5 1 
9 23 2 13 14 1 1 
1 15 46 1 
2 1 2 38 4 8 8 
27 15 8 5 8 
56 3 2 1 1 
1 34 3 20 1 1 1 1 1 
27 5 22 4 1 3 1 
2 55 1 1 3 1 
1 25 4 31 2 
4 57 2 
5 45 2 3 6 2 
1 8 48 1 5 
1 9 25 15 4 9 
2 58 1 1 1 
2 4 38 17 1 1 
1 48 9 1 3 1 
3 56 4 
1 23 9 14 14 1 1 
2 12 49 
2 41 20 
1 1 26 14 1 7 6 3 2 1 1 
1 52 1 6 2 1 
4 50 7 1 1 
2 33 18 10 
8 54 1 
4 32 14 2 10 1 
2 41 20 
62 1 
1 36 4 15 6 1 
1 56 1 3 1 1 
52 11 
1 24 38 
45 1 17 
3 15 45 
1 37 19 1 5 
1 35 22 4 1 
1 52 10 
1 41 15 2 4 
17 16 26 2 2 
9 25 18 9 2 
1 41 14 4 3 
4 59 
1 47 12 2 1 
1 41 15 5 1 
5 33 11 5 9 
28 29 6 
2 58 3 
1 2 20 37 3 
59 3 1 
39 17 7 
1 35 10 12 5 
5 16 25 4 11 2 
2 1 10 29 12 2 1 2 2 1 1 
1 9 25 7 8 1 3 8 1 
14 46 1 1 1 
53 3 6 1 
5 1 55 2 
3 2 45 4 8 1 
1 24 26 6 4 1 1 
5 57 1 
1 9 51 2 
1 56 3 3 
51 10 2 
62 1 
1 47 13 2 
1 6 11 1 44 
1 18 24 11 6 3 
32 5 25 1 
1 42 1 19 
1 54 7 1 
1 39 10 2 7 3 1 
1 30 12 7 8 5 
1 7 22 12 10 3 8 
1 53 8 1 
2 59 2 
3 18 28 3 11 
1 38 11 10 1 1 1 
1 29 19 12 2 
3 18 10 11 5 15 1 
6 8 30 2 4 3 1 7 2 
3 22 17 5 6 9 1 
2 21 20 19 1 
3 22 38 
1 46 14 2 
4 12 27 9 3 8 
2 28 29 1 2 1 
3 4 37 10 5 4 
1 22 11 1 16 9 1 1 1 
1 55 7 
7 53 3 
1 47 11 2 1 1 
1 6 34 22 
1 26 35 1 
31 31 1 
3 31 8 20 1 
1 38 18 4 2 
4 56 2 1 
1 62 
40 4 9 8 2 
7 46 2 6 1 1 
4 11 32 16 
63 
1 20 41 1 
6 17 39 1 
1 10 30 8 10 3 1 
35 5 15 6 2 
4 44 15 
12 47 4 
4 31 28 
2 9 26 22 4 
1 16 46 
2 21 14 16 10 
27 30 3 2 1 
1 47 14 1 
2 51 10 
5 40 7 2 1 2 2 4 
2 27 31 3 
1 3 53 3 2 1 
14 21 1 15 1 11 
3 54 2 1 1 2 
2 2 7 14 33 2 3 
3 25 9 19 7 
2 48 7 6 
1 40 21 1 
1 4 40 4 12 2 
1 15 18 24 5 
1 57 5 
2 42 15 4 
4 27 21 4 5 2 
63 
11 15 17 12 3 1 4 
1 47 15 
1 35 14 2 6 5 
1 22 8 32 
25 36 2 
50 11 2 
3 43 13 4 
1 58 4 
5 14 4 19 9 10 1 1 
2 44 17 
1 5 10 11 35 1 
1 19 43 
20 31 5 4 2 1 
5 17 13 12 12 2 1 1 
50 2 7 3 1 
3 59 1 
4 40 3 15 1 
2 46 15 
1 60 1 1 
23 20 7 6 3 1 2 1 
1 37 11 12 1 1 
1 21 33 5 3 
2 59 2 
1 20 18 7 4 1 7 4 1 
4 51 8 
8 4 26 9 2 10 4 
30 7 5 20 1 
1 49 8 5 
19 36 4 3 1 
1 51 7 1 2 1 
4 2 11 32 6 8 
1 4 32 5 7 14 
18 23 13 2 7 
1 16 2 18 1 6 2 6 1 5 1 4 
59 3 1 
1 3 19 4 3 25 4 3 1 
17 18 26 1 1 
3 60 
16 26 20 1 
62 1 
2 20 18 16 2 2 1 2 
3 15 1 41 3 
3 15 5 29 4 5 2 
19 44 
46 13 4 
60 3 
2 10 35 5 11 
5 27 16 6 2 6 1 
14 2 10 26 1 3 2 5 
40 6 15 2 
17 2 43 1 
13 2 23 5 7 3 9 1 
1 14 38 7 2 1 
1 32 18 7 1 4 
1 12 22 23 1 2 1 1 
9 31 2 21 
1 52 6 4 
5 19 8 3 20 8 
1 15 19 22 4 1 1 
8 12 42 1 
63 
2 56 3 1 1 
4 29 30 
1 6 17 11 4 1 7 6 8 2 
1 19 26 3 12 1 1 
9 13 4 3 13 1 3 1 7 4 1 2 1 1 
47 2 14 
4 25 17 9 3 1 2 2 
2 48 11 2 
6 48 9 
34 3 8 13 5 
1 5 15 1 3 23 4 7 2 2 
1 57 5 
1 43 19 
2 44 16 1 
2 46 15 
26 32 2 2 1 
1 4 52 2 1 2 1 
61 1 1 
6 38 10 1 5 1 1 1 
1 14 8 24 12 2 1 1 
1 34 26 1 1 
4 28 10 1 4 15 1 
3 17 18 6 14 5 
1 61 1 
6 6 44 5 2 
1 59 2 1 
1 39 11 3 9 
35 23 3 2 
1 13 33 8 2 6 
1 35 27 
1 37 14 4 7 
12 15 29 1 2 4 
1 30 12 3 9 6 2 
13 48 1 1 
11 49 1 1 1 
1 59 2 1 
62 1 
1 4 4 29 19 4 1 1 
11 29 6 3 9 5 
3 43 11 6 
3 24 32 1 3 
2 20 10 11 13 4 3 
2 13 15 21 2 1 9 
1 59 3 
1 28 29 2 3 
1 50 12 
21 33 9 
1 54 1 1 3 2 1 
6 5 41 7 2 1 1 
1 30 16 4 10 1 1 
1 40 22 
1 44 12 6 
2 52 6 2 1 
1 28 17 1 1 11 1 2 1 
4 2 35 19 3 
1 20 6 18 13 3 1 1 
3 49 1 7 3 
22 38 3 
21 23 1 17 1 
1 56 6 
13 40 3 3 2 1 1 
1 7 38 17 
1 41 21 
1 60 1 1 
9 17 25 2 9 1 
2 61 
1 50 7 4 1 
1 7 43 11 1 
25 10 14 14 
13 29 21 
1 35 9 6 4 3 5 
41 21 1 
2 4 48 6 3 
1 46 16 
29 18 10 1 4 1 
12 25 8 14 1 2 1 
1 28 2 4 19 9 
9 21 23 7 1 1 1 
2 47 14 
5 33 18 7 
5 5 15 32 4 2 
1 44 16 1 1 
63 
63 
2 21 23 1 10 2 1 1 1 1 
12 12 6 11 12 9 1 
1 23 6 15 2 8 4 1 2 1 
2 7 42 9 3 
1 37 5 7 8 4 1 
1 40 12 4 2 1 3 
40 11 2 5 1 1 3 
2 41 17 2 1 
7 2 18 18 16 1 1 
2 3 33 17 2 2 3 1 
1 51 5 6 
7 44 12 
1 55 4 3 
45 3 2 7 1 4 1 
3 40 9 8 3 
1 44 10 3 4 1 
19 20 7 8 9 
7 29 8 8 8 1 2 
1 42 12 4 4 
25 28 2 1 7 
11 26 18 7 1 
1 53 7 2 
4 31 7 20 1 
9 25 3 17 6 2 1 
63 
31 25 2 1 1 2 1 
6 25 26 5 1 
4 41 3 6 5 2 1 1 
1 11 7 25 7 6 2 1 2 1 
16 26 6 8 2 2 3 
4 47 3 5 4 
5 7 30 3 12 3 1 1 1 
27 24 5 4 2 1 
2 60 1 
29 5 19 6 4 
48 15 
2 60 1 
1 11 7 28 10 4 2 
1 62 
26 1 15 21 
14 24 3 3 3 2 7 5 2 
2 33 2 9 13 4 
38 16 5 1 3 
4 23 21 14 1 
9 41 1 10 2 
1 10 32 4 16 
1 35 4 19 4 
1 37 21 1 1 1 1 
14 14 16 17 1 1 
2 49 1 11 
1 57 5 
1 62 
2 58 3 
1 53 9 
7 5 50 1 
3 5 41 5 6 1 2 
1 52 8 1 1 
63 
2 3 6 34 6 9 1 2 
2 3 16 11 11 19 1 
4 55 4 
1 24 23 13 1 1 
1 15 5 3 4 3 6 15 7 3 1 
1 47 5 7 3 
2 61 
5 45 13 
1 18 44 
1 40 22 
1 32 22 2 4 2 
5 3 20 23 11 1 
1 7 41 1 3 1 2 4 3 
2 2 12 17 13 8 9 
1 32 20 7 2 1 
3 47 6 6 1 
1 47 5 2 5 3 
1 53 9 
27 26 10 
3 2 30 21 4 1 1 1 
27 26 1 8 1 
1 62 
2 18 6 16 12 1 1 5 2 
8 40 9 1 4 1 
1 58 4 
1 22 40 
10 33 3 11 2 3 1 
6 55 1 1 
1 41 3 15 2 1 
1 58 3 1 
15 46 2 
2 3 35 8 2 11 2 
47 7 6 2 1 
1 35 13 14 
1 20 14 19 4 5 
1 21 24 9 7 1 
2 10 30 15 5 1 
20 39 4 
3 54 3 1 2 
2 38 13 1 6 3 
1 10 35 6 11 
1 20 1 32 7 2 
22 41 
1 13 43 2 2 2 
2 36 2 2 13 1 7 
1 9 25 20 1 3 3 1 
11 1 11 13 16 3 6 1 1 
6 9 31 4 8 3 1 1 
2 53 5 3 
2 9 51 1 
1 34 27 1 
2 39 22 
4 41 3 9 4 1 1 
16 21 26 
44 14 4 1 
4 18 20 15 5 1 
5 32 24 2 
2 35 4 11 3 8 
1 29 33 
12 44 1 4 1 1 
4 19 16 13 8 1 2 
27 13 16 2 2 2 1 
14 33 7 2 5 1 1 
3 23 4 4 18 7 2 2 
15 41 5 2 
1 35 19 3 1 1 2 1 
5 29 28 1 
1 15 40 7 
3 49 8 1 1 1 
2 56 5 
47 10 3 1 2 
1 29 8 2 10 12 1 
1 23 14 6 9 3 1 3 3 
1 5 44 6 3 1 1 1 1 
58 1 4 
2 2 15 2 4 5 26 5 2 
4 46 9 3 1 
6 9 39 8 1 
7 23 30 1 2 
1 17 33 12 
6 48 9 
3 26 9 12 2 6 4 1 
1 54 8 
2 55 2 2 2 
10 32 6 13 2 
1 12 28 20 1 1 
49 12 2 
54 3 4 2 
1 13 10 26 1 10 1 1 
1 62 
48 2 8 1 2 2 
1 42 14 6 
1 39 18 4 1 
1 3 17 28 5 2 2 2 1 1 1 
1 41 17 2 1 1 
2 50 5 4 1 1 
1 18 6 7 5 1 1 2 15 6 1 
3 9 23 6 2 20 
1 35 2 23 2 
1 53 8 1 
2 18 10 10 19 1 2 1 
1 32 23 6 1 
12 28 20 3 
1 20 5 36 1 
24 17 8 11 1 2 
5 7 13 15 23 
2 39 6 2 8 3 3 
1 61 1 
1 45 11 4 2 
4 10 4 10 13 18 4 
2 31 14 7 4 1 3 1 
5 26 13 14 5 
4 45 14 
4 4 38 1 12 3 1 
2 24 14 8 13 2 
1 7 3 13 17 17 1 3 1 
3 14 19 25 2 
25 1 33 2 1 1 
28 12 14 5 4 
2 33 12 3 3 5 3 2 
1 60 2 
3 19 13 17 8 1 2 
7 50 2 1 3 
33 17 7 1 1 4 
1 48 14 
1 26 35 1 
1 34 18 3 7 
4 25 19 12 2 1 
1 20 31 5 5 1 
1 55 6 1 
1 60 1 1 
3 1 39 19 1 
1 39 18 5 
9 12 26 13 3 
4 23 29 1 3 2 1 
9 2 3 38 10 1 
3 21 8 13 1 8 9 
3 55 5 
1 11 6 43 1 1 
1 44 6 4 8 
12 25 3 13 6 1 2 1 
1 5 43 1 13 
1 39 9 1 2 5 3 1 2 
9 11 4 6 16 5 1 9 2 
1 2 3 35 1 20 1 
8 12 21 5 8 9 
4 3 48 2 3 1 2 
5 14 32 10 1 1 
5 2 40 6 9 1 
1 62 
52 8 3 
1 29 30 3 
49 2 2 4 3 3 
6 18 33 5 1 
2 30 31 
1 61 1 
3 7 27 18 3 5 
23 13 25 1 1 
7 8 7 16 12 1 11 1 
1 17 18 8 3 11 1 2 1 1 
1 61 1 
2 49 8 1 3 
63 
4 53 4 2 
2 59 2 
1 61 1 
2 14 28 3 5 9 1 1 
1 40 20 1 1 
1 7 39 4 8 3 1 
4 22 31 3 1 2 
3 29 31 
1 19 13 9 21 
2 39 8 13 1 
1 52 3 4 1 2 
3 12 22 12 1 11 2 
1 52 1 2 4 3 
3 19 11 4 24 2 
33 16 9 1 1 1 1 1 
5 27 24 2 4 1 
4 7 6 23 4 11 8 
2 17 4 7 30 1 1 1 
1 5 8 47 2 
62 1 
5 34 6 2 5 5 1 5 
7 33 14 9 
45 14 1 2 1 
1 29 17 7 7 2 
1 57 5 
1 38 12 9 2 1 
1 10 40 3 7 1 1 
9 36 2 12 3 1 
16 14 27 2 1 3 
2 47 11 2 1 
1 28 27 4 2 1 
4 5 27 3 24 
1 8 34 2 9 2 7 
29 10 7 9 2 4 2 
5 56 1 1 
2 25 29 5 2 
1 54 2 1 5 
1 12 25 12 12 1 
2 38 6 17 
1 29 22 6 4 1 
16 1 24 2 8 11 1 
6 5 44 5 3 
36 1 21 4 1 
1 41 21 
2 41 20 
1 9 23 30 
18 33 3 7 2 
1 62 
25 30 2 5 1 
1 59 1 2 
5 29 3 1 22 2 1 
7 32 5 6 12 1 
3 36 16 5 1 1 1 
19 17 18 2 2 1 3 1 
5 57 1 
1 49 12 1 
11 6 38 4 2 2 
43 19 1 
10 45 2 2 4 
1 15 10 14 15 7 1 
11 23 25 2 2 
8 4 48 3 
1 55 1 2 1 2 1 
2 51 6 3 1 
57 5 1 
2 18 5 28 3 2 2 1 2 
5 33 5 2 7 7 1 2 1 
3 44 3 5 5 1 1 1 
1 44 10 5 3 
1 3 58 1 
3 12 45 3 
42 4 8 7 1 1 
1 1 34 3 18 4 2 
2 51 2 3 2 2 1 
3 19 31 9 1 
3 17 10 6 8 19 
1 13 7 41 1 
1 31 17 6 1 2 2 1 2 
57 1 5 
59 3 1 
3 21 15 8 14 1 1 
17 30 8 1 4 2 1 
9 3 39 2 3 5 2 
1 61 1 
1 20 10 11 14 5 1 1 
16 37 6 2 1 1 
57 5 1 
1 27 35 
62 1 
1 52 10 
2 11 1 32 5 8 1 1 2 
1 60 1 1 
19 41 3 
1 58 4 
1 56 4 2 
2 48 13 
4 51 2 6 
7 23 4 11 17 1 
17 25 8 11 2 
13 7 2 36 5 
1 60 1 1 
1 49 8 2 3 
8 43 12 
12 19 24 6 1 1 
8 55 
1 7 49 5 1 
1 58 1 3 
1 24 29 3 6 
5 33 6 14 5 
13 11 27 2 10 
1 35 8 5 8 1 3 1 1 
1 43 18 1 
9 28 8 4 2 4 1 5 2 
1 62 
4 55 2 2 
63 
5 23 8 17 8 2 
1 10 52 
17 12 10 8 6 6 3 1 
4 45 6 4 4 
3 11 15 9 14 11 
2 3 10 29 18 1 
1 39 22 1 
41 14 8 
1 23 34 2 1 1 1 
2 16 43 1 1 
1 55 1 1 4 1 
9 1 4 40 2 5 1 1 
1 45 2 13 1 1 
1 58 1 2 1 
10 11 23 9 10 
55 8 
4 9 20 24 3 2 1 
8 18 19 10 6 2 
4 38 2 2 16 1 
52 2 4 1 3 1 
1 41 4 15 2 
1 31 31 
6 20 7 5 17 5 2 1 
1 44 18 
54 3 5 1 
2 33 28 
1 2 17 43 
13 11 10 13 10 1 1 2 2 
1 43 10 7 2 
3 18 41 1 
4 5 28 24 2 
1 1 8 3 28 7 5 1 1 3 5 
1 47 14 1 
47 14 2 
1 53 8 1 
1 41 16 2 3 
3 22 31 3 4 
2 48 13 
1 28 23 6 1 3 1 
2 16 14 2 27 1 1 
1 53 9 
2 25 2 4 30 
2 51 3 4 3 
1 58 4 
29 27 7 
1 8 12 23 1 2 8 8 
11 51 1 
11 45 7 
45 6 6 3 2 1 
4 7 10 22 7 4 7 2 
1 26 32 3 1 
4 41 1 3 14 
1 62 
1 59 3 
2 12 49 
3 10 32 1 12 5 
1 8 12 34 7 1 
3 22 8 11 19 
1 29 18 5 1 6 3 
1 11 41 7 2 1 
13 33 10 2 2 1 1 1 
1 2 47 8 3 2 
1 1 23 13 25 
1 29 12 17 2 2 
5 3 31 5 19 
24 29 2 5 3 
12 35 15 1 
63 
1 61 1 
28 9 14 5 7 
1 17 44 1 
3 55 1 3 1 
1 24 8 16 2 3 3 4 2 
3 27 29 2 1 1 
27 18 18 
5 9 48 1 
10 2 10 9 12 7 6 1 6 
1 15 29 16 2 
61 1 1 
1 49 13 
1 35 7 2 18 
16 7 28 3 2 2 2 1 1 1 
1 41 3 11 7 
1 27 12 12 3 2 2 2 2 
63 
1 3 38 4 3 6 8 
25 38 
2 56 5 
1 3 4 41 12 2 
1 42 3 10 6 1 
2 59 2 
2 19 16 26 
1 5 54 3 
1 54 2 6 
1 4 10 46 2 
5 26 30 2 
13 40 10 
3 25 19 14 1 1 
5 44 14 
1 8 43 3 6 2 
2 13 45 2 1 
4 41 13 4 1 
38 10 4 8 1 2 
2 11 8 16 17 5 4 
4 53 4 1 1 
2 51 1 3 2 3 1 
1 40 3 18 1 
44 6 5 6 2 
5 17 12 24 2 3 
2 24 6 18 9 2 1 1 
4 18 37 1 1 2 
1 38 6 3 3 2 3 3 2 1 1 
1 24 38 
5 45 5 4 1 1 2 
8 15 13 17 8 1 1 
1 59 1 1 1 
1 16 13 20 10 1 2 
23 23 9 2 1 1 3 1 
63 
9 18 5 30 1 
1 49 1 3 9 
3 3 40 12 2 3 
2 40 14 7 
2 18 36 1 1 3 1 1 
4 56 2 1 
2 51 3 5 2 
3 4 3 38 10 1 4 
1 61 1 
2 61 
2 14 27 11 5 3 1 
1 10 24 16 3 7 1 1 
30 24 6 1 2 
3 17 18 7 5 12 1 
2 9 36 8 8 
1 42 18 1 1 
28 23 2 4 6 
12 29 2 20 
3 25 17 2 6 6 3 1 
1 5 5 3 8 3 29 8 1 
2 30 19 10 1 1 
54 6 2 1 
1 62 
9 8 9 24 5 2 2 2 1 1 
1 33 8 15 5 1 
1 43 19 
9 23 8 21 1 1 
2 58 1 1 1 
1 58 3 1 
24 3 22 5 9 
1 40 12 4 2 3 1 
1 10 18 18 13 1 1 1 
8 24 28 1 2 
61 1 1 
2 17 37 2 4 1 
2 34 14 4 1 2 5 1 
1 32 23 2 4 1 
1 32 2 22 5 1 
47 15 1 
1 3 59 
7 45 10 1 
7 19 29 3 3 2 
28 28 6 1 
1 49 8 4 1 
1 34 19 6 3 
9 53 1 
1 42 13 2 4 1 
1 4 52 4 1 1 
1 29 11 7 6 6 2 1 
46 13 1 1 2 
52 11 
57 5 1 
1 38 4 6 2 6 5 1 
4 53 6 
1 37 15 3 1 5 1 
3 10 5 27 8 4 6 
2 48 7 3 2 1 
3 9 44 4 1 1 1 
2 18 26 6 5 4 2 
2 28 30 3 
6 11 28 18 
1 57 3 2 
1 14 3 36 7 2 
2 19 3 34 3 2 
12 45 2 1 3 
1 48 13 1 
9 2 33 1 4 11 2 1 
4 16 13 6 11 10 1 1 1 
18 24 13 8 
19 25 7 9 2 1 
1 48 6 8 
1 40 10 10 2 
1 16 21 24 1 
1 62 
63 
5 38 8 4 6 2 
5 21 35 1 1 
1 57 5 
2 30 26 1 3 1 
13 7 16 26 1 
1 48 3 11 
1 62 
1 14 15 3 27 3 
1 26 20 13 3 
2 44 17 
38 12 13 
1 54 4 2 2 
23 36 1 2 1 
10 26 4 13 2 5 1 1 1 
17 15 28 2 1 
9 21 3 10 12 4 2 1 1 
12 12 12 27 
1 18 44 
36 22 2 1 1 1 
2 33 26 1 1 
1 23 17 2 1 2 3 9 2 3 
1 55 3 4 
4 14 19 1 23 2 
6 28 11 11 7 
12 34 15 2 
4 1 13 25 4 9 5 2 
1 38 22 1 1 
12 27 16 4 4 
2 23 15 6 17 
10 6 46 1 
1 50 12 
2 57 4 
57 2 4 
2 21 22 11 2 3 2 
13 31 3 2 1 11 2 
59 2 1 1 
2 6 41 4 10 
49 1 5 1 4 2 1 
1 17 34 6 5 
1 18 11 9 24 
1 1 8 53 
47 2 6 8 
7 12 28 6 2 6 2 
1 49 13 
2 30 31 
6 6 9 32 5 2 3 
1 34 8 14 6 
63 
1 48 10 4 
35 2 1 1 12 7 3 2 
1 4 10 39 5 2 2 
12 38 4 5 2 2 
21 17 24 1 
8 48 7 
1 49 12 1 
2 52 3 1 1 3 1 
1 45 15 1 1 
1 26 14 5 11 1 3 1 1 
7 26 11 4 7 2 6 
14 34 15 
1 11 31 18 2 
7 4 43 2 2 3 1 1 
5 33 8 14 3 
1 21 33 1 1 1 2 1 1 1 
28 24 2 9 
4 9 38 9 2 1 
2 53 4 4 
1 22 17 7 13 3 
1 19 29 7 1 5 1 
1 42 8 9 3 
2 39 11 1 2 3 4 1 
1 21 36 4 1 
11 34 11 3 3 1 
1 28 7 9 1 1 7 2 7 
2 59 1 1 
1 36 6 9 11 
16 43 2 1 1 
1 47 14 1 
10 38 11 1 3 
34 7 10 3 4 5 
2 37 2 14 6 2 
7 49 7 
1 5 27 13 2 13 1 1 
1 35 20 1 4 2 
2 26 22 11 2 
12 7 21 20 3 
1 57 3 1 1 
15 23 25 
3 57 3 
1 21 13 22 1 4 1 
13 34 14 1 1 
1 58 2 2 
5 19 20 6 8 1 2 2 
1 7 31 4 7 13 
1 2 22 18 9 9 2 
39 2 17 2 1 1 1 
1 47 14 1 
2 37 12 8 3 1 
3 31 27 1 1 
10 19 31 2 1 
59 1 3 
1 25 14 2 9 11 1 
51 1 10 1 
1 10 11 35 6 
3 33 23 3 1 
9 14 21 15 4 
2 5 7 22 2 18 4 1 2 
1 60 2 
2 36 2 4 15 3 1 
1 13 47 1 1 
3 11 4 42 2 1 
2 59 2 
2 54 7 
13 30 10 9 1 
5 15 27 5 6 3 2 
1 39 23 
4 33 26 
4 53 6 
54 2 1 6 
6 3 4 14 3 11 10 12 
16 38 4 1 2 2 
3 1 50 9 
5 49 1 5 2 1 
15 22 4 2 7 9 1 1 1 1 
5 39 6 3 2 1 6 1 
49 1 4 9 
3 38 16 6 
59 4 
2 1 58 1 1 
1 23 39 
2 57 1 3 
1 3 24 16 3 4 7 4 1 
1 5 4 27 24 2 
1 42 5 7 3 2 1 1 1 
2 48 13 
3 10 39 6 3 1 1 
8 23 10 13 9 
1 53 5 4 
21 29 13 
11 7 40 4 1 
1 2 27 4 20 1 5 2 1 
1 26 5 14 16 1 
2 35 25 1 
1 8 39 6 5 3 1 
6 35 17 1 1 3 
9 43 5 1 5 
1 33 17 8 4 
35 17 10 1 
1 58 4 
5 20 28 1 2 7 
3 48 4 2 1 2 2 1 
24 28 3 1 3 1 1 1 1 
1 24 21 7 10 
36 15 5 6 1 
16 21 26 
1 20 12 15 4 5 4 1 1 
2 49 2 7 1 1 1 
5 29 1 4 7 10 2 4 1 
12 18 30 3 
8 41 9 2 2 1 
4 52 3 3 1 
2 61 
1 17 27 10 8 
6 41 11 1 1 1 2 
2 10 15 24 12 
15 23 23 1 1 
3 52 5 1 1 1 
3 16 8 17 8 4 5 2 
3 23 28 9 
1 44 11 2 1 2 2 
2 30 18 10 3 
43 18 2 
4 37 3 17 2 
1 62 
52 9 1 1 
1 34 2 22 3 1 
2 13 39 1 8 
10 7 46 
1 21 34 4 3 
1 8 31 7 11 1 1 1 2 
2 33 6 7 2 8 1 1 2 1 
2 37 3 5 6 1 3 3 3 
1 42 14 5 1 
1 29 23 6 1 3 
11 18 15 16 3 
1 58 3 1 
31 1 2 6 8 7 5 2 1 
5 29 13 3 6 5 1 1 
8 23 9 14 4 3 2 
1 57 1 3 1 
1 57 2 2 1 
17 22 3 4 6 3 3 2 2 1 
7 5 13 17 21 
1 47 1 4 7 2 1 
63 
2 2 29 8 9 8 5 
5 1 16 35 3 1 1 1 
1 15 15 27 4 1 
6 3 53 1 
2 15 42 2 2 
26 13 19 4 1 
16 8 11 25 3 
12 9 13 28 1 
3 39 18 1 1 1 
2 28 5 16 4 6 2 
26 8 14 5 5 3 2 
1 1 44 12 4 1 
16 19 28 
10 22 14 5 2 9 1 
1 34 20 5 1 2 
1 26 6 24 6 
1 39 23 
5 29 16 10 2 1 
1 27 8 10 15 1 1 
61 2 
2 34 13 3 2 2 4 1 1 1 
10 23 14 2 9 4 1 
1 60 2 
52 2 3 1 5 
1 52 4 3 2 1 
3 19 5 2 13 19 1 1 
40 16 5 2 
41 20 1 1 
3 23 20 8 9 
1 6 49 6 1 
8 30 23 2 
3 55 1 1 2 1 
49 14 
1 32 18 1 7 2 1 1 
3 38 10 6 4 1 1 
1 38 24 
2 25 24 11 1 
21 9 14 11 6 2 
6 51 6 
4 22 8 15 12 2 
1 62 
1 43 14 1 3 1 
2 7 54 
1 61 1 
2 21 2 16 10 5 3 1 2 1 
1 15 35 6 3 1 2 
5 15 1 2 37 1 1 1 
1 10 23 22 7 
2 11 47 3 
41 12 10 
8 53 2 
1 12 10 7 30 3 
5 5 53 
4 57 1 1 
1 42 3 5 7 4 1 
2 35 6 17 3 
1 52 10 
2 14 26 3 3 12 2 1 
1 51 11 
1 12 3 45 2 
2 18 29 14 
1 61 1 
1 49 4 5 3 1 
41 16 4 1 1 
2 6 2 41 11 1 
1 1 48 6 2 4 1 
9 36 18 
1 22 35 5 
6 27 30 
6 4 49 1 1 2 
1 10 8 29 6 8 1 
12 11 24 7 9 
3 5 27 27 1 
21 18 24 
58 3 2 
55 8 
1 58 2 1 1 
1 40 15 1 6 
47 1 15 
1 18 22 20 2 
7 29 21 6 
1 37 5 5 12 2 1 
1 52 2 7 1 
4 23 26 1 6 3 
2 2 51 2 6 
2 44 17 
3 22 20 11 1 2 2 1 1 
1 25 36 1 
4 58 1 
5 42 16 
2 25 22 7 3 2 1 1 
4 55 2 1 1 
3 13 18 15 4 8 2 
36 5 22 
26 25 8 3 1 
1 56 6 
1 23 3 8 24 2 2 
1 37 13 5 1 4 2 
18 41 4 
33 26 1 2 1 
46 1 14 2 
47 16 
1 19 25 6 9 3 
63 
1 3 31 2 16 2 3 1 2 2 
9 10 31 11 1 1 
2 28 1 4 23 4 1 
18 7 10 4 2 3 2 6 1 4 3 2 1 
1 2 45 8 4 1 1 1 
17 18 2 8 1 16 1 
38 10 1 2 12 
1 40 17 1 2 1 1 
1 53 3 3 2 1 
1 32 29 1 
37 19 5 2 
15 46 2 
1 43 6 5 8 
1 22 28 10 1 1 
5 25 33 
1 36 1 16 8 1 
2 48 13 
1 19 43 
42 6 9 1 2 2 1 
4 56 3 
1 53 3 3 3 
5 19 18 11 1 6 2 1 
58 1 4 
1 29 21 6 6 
6 26 10 6 6 6 3 
4 20 32 7 
1 59 1 2 
1 38 10 13 1 
1 48 12 2 
14 15 28 3 3 
8 38 17 
55 2 5 1 
3 41 17 2 
1 27 3 9 13 9 1 
1 19 5 11 12 15 
8 19 29 6 1 
1 54 5 2 1 
1 45 2 6 2 3 3 1 
4 59 
1 51 9 1 1 
3 20 31 8 1 
2 18 28 1 3 2 5 1 1 1 1 
1 25 36 1 
8 24 1 4 15 9 2 
1 42 15 2 3 
33 2 2 6 7 5 4 1 3 
6 16 40 1 
1 53 7 2 
61 2 
1 50 12 
18 25 16 4 
3 8 20 17 13 1 1 
2 12 49 
1 53 2 3 1 2 1 
3 24 16 12 5 1 2 
3 26 9 12 4 4 4 1 
1 25 16 21 
3 3 50 3 1 2 1 
10 7 21 3 13 9 
1 29 22 4 6 1 
38 13 9 2 1 
1 4 37 1 20 
1 2 30 3 10 7 7 3 
10 24 28 1 
1 59 1 2 
1 39 9 5 9 
1 27 15 1 7 8 1 1 2 
20 5 10 17 2 8 1 
1 41 3 9 4 4 1 
2 56 5 
16 27 19 1 
3 54 4 2 
1 36 20 4 2 
5 23 30 4 1 
1 18 24 16 2 2 
1 57 2 3 
1 46 10 4 2 
3 4 20 24 8 2 2 
1 16 38 1 2 3 2 
1 2 19 15 10 4 2 7 3 
1 26 9 3 24 
7 43 4 3 5 1 
2 44 6 8 3 
8 35 12 8 
1 5 56 1 
3 12 47 1 
12 6 21 23 1 
1 56 4 1 1 
44 2 3 6 4 3 1 
5 23 22 3 1 2 6 1 
3 37 19 4 
1 5 57 
1 32 30 
51 1 9 2 
1 46 3 2 8 3 
2 30 26 4 1 
3 2 12 15 19 3 1 5 3 
1 44 6 10 2 
3 43 15 2 
35 10 18 
3 41 7 4 3 2 2 1 
26 19 11 7 
1 19 25 2 5 3 6 2 
6 34 23 
42 5 12 2 1 1 
10 10 33 1 9 
24 4 15 9 7 1 1 1 1 
28 29 6 
1 34 27 1 
18 6 38 1 
1 39 19 1 2 1 
53 2 5 1 2 
6 42 12 2 1 
1 51 10 1 
6 48 1 6 2 
1 2 59 1 
2 17 28 16 
1 24 21 15 1 1 
1 15 36 7 4 
1 10 1 6 21 14 1 5 1 3 
58 1 4 
2 57 4 
1 14 37 6 2 2 1 
1 55 3 3 1 
1 47 5 9 1 
1 40 9 4 5 1 3 
2 22 18 1 16 4 
4 57 2 
1 60 2 
1 43 13 3 2 1 
2 37 18 3 1 1 1 
36 13 12 1 1 
1 20 33 3 3 1 1 1 
1 8 40 8 5 1 
1 1 24 30 7 
3 20 8 23 2 1 3 2 1 
5 58 
1 34 6 16 6 
1 53 8 1 
4 54 2 1 1 1 
1 34 10 2 4 2 6 3 1 
1 40 21 1 
45 13 2 2 1 
27 19 13 3 1 
1 12 24 25 1 
2 35 17 8 1 
1 17 18 16 8 1 2 
2 60 1 
8 41 8 5 1 
5 32 7 11 3 5 
2 7 50 2 2 
1 23 16 22 1 
1 53 8 1 
1 58 1 2 1 
2 46 12 3 
7 47 8 1 
1 12 32 11 7 
6 4 17 34 1 1 
2 44 14 3 
11 2 1 22 21 6 
3 45 1 11 1 1 1 
21 41 1 
1 27 35 
46 9 2 6 
1 25 27 4 3 3 
11 20 23 6 1 2 
2 12 26 1 18 2 2 
1 45 16 1 
1 19 11 3 8 13 2 5 1 
1 27 8 11 4 2 1 6 2 1 
2 53 5 2 1 
1 4 30 17 11 
1 39 7 9 4 3 
3 51 8 1 
1 30 6 18 7 1 
2 28 33 
2 35 25 1 
5 21 24 4 4 3 2 
3 38 14 1 1 6 
1 51 11 
1 40 15 2 1 2 1 1 
1 49 10 3 
1 45 10 6 1 
2 22 22 11 6 
19 41 1 1 1 
1 54 4 1 1 2 
31 8 8 8 2 1 2 1 2 
7 38 17 1 
1 57 3 1 1 
1 50 3 2 5 1 1 
4 56 3 
62 1 
6 53 2 2 
23 19 19 1 1 
8 21 3 22 9 
1 9 25 1 26 1 
32 6 1 13 4 6 1 
7 27 17 4 3 4 1 
1 15 34 1 8 1 3 
3 40 20 
3 23 17 18 1 1 
5 36 14 4 2 1 1 
1 4 45 12 1 
49 13 1 
1 1 14 4 19 20 4 
1 1 61 
1 11 4 32 6 3 3 3 
1 42 1 19 
2 2 46 6 1 2 1 1 1 1 
2 61 
1 32 10 13 1 1 3 2 
3 5 49 1 4 1 
1 62 
4 46 10 2 1 
2 35 17 7 2 
5 46 5 3 1 1 2 
2 55 5 1 
63 
2 45 16 
1 53 9 
1 31 20 8 3 
1 9 10 29 12 2 
2 48 7 1 5 
9 31 11 7 4 1 
3 36 16 4 4 
1 61 1 
36 23 2 1 1 
9 45 9 
2 39 4 1 1 7 6 1 2 
3 52 2 3 1 2 
10 28 25 
4 27 2 18 9 3 
59 4 
1 5 51 5 1 
1 21 20 3 7 5 2 3 1 
3 38 20 1 1 
21 31 1 2 1 1 1 5 
1 43 13 6 
63 
4 33 22 2 1 1 
1 61 1 
4 33 11 10 5 
1 4 21 31 1 3 1 1 
1 61 1 
6 21 9 8 10 8 1 
1 5 32 19 6 
1 43 12 4 2 1 
6 40 17 
8 13 27 4 3 5 3 
1 15 24 2 21 
1 58 4 
1 13 22 8 9 10 
10 39 4 10 
2 42 14 1 4 
40 20 3 
1 47 9 3 3 
13 45 3 2 
1 31 31 
2 54 1 4 1 1 
1 1 34 6 1 19 1 
40 7 14 2 
2 13 39 1 2 4 1 1 
2 48 4 9 
1 38 8 6 4 4 1 1 
3 58 2 
2 44 2 3 7 1 3 1 
2 51 8 1 1 
4 33 3 16 7 
1 30 30 2 
2 46 4 10 1 
1 51 11 
1 48 1 8 4 1 
3 34 18 8 
1 35 20 5 2 
59 3 1 
36 15 2 5 1 4 
1 14 27 5 3 12 1 
11 32 15 1 2 1 1 
4 17 31 11 
1 45 12 3 2 
1 20 42 
1 42 18 2 
16 5 17 3 21 1 
1 28 11 11 3 2 2 2 2 1 
3 27 28 1 1 2 1 
1 2 13 7 6 3 25 6 
1 51 5 1 2 3 
55 5 1 2 
3 48 9 3 
10 27 15 5 4 2 
37 25 1 
5 24 22 7 5 
1 46 5 10 1 
1 45 5 1 9 1 1 
41 19 2 1 
1 2 5 34 19 2 
1 22 22 18 
1 28 24 10 
1 16 19 6 16 3 1 1 
46 10 4 2 1 
48 6 3 4 2 
3 55 1 4 
1 55 6 1 
1 4 9 16 26 5 2 
2 49 10 1 1 
2 53 4 4 
26 5 28 1 3 
9 26 3 19 4 1 1 
55 7 1 
3 1 43 5 7 1 1 2 
1 46 11 2 3 
2 9 21 8 23 
1 50 6 6 
1 50 4 3 4 1 
1 6 55 1 
7 3 4 3 9 6 2 11 10 6 1 1 
1 16 20 12 5 6 3 
38 7 18 
22 24 17 
16 46 1 
24 24 4 4 2 2 1 1 1 
1 53 8 1 
12 22 4 3 6 7 2 6 1 
1 53 7 1 1 
1 19 13 16 1 13 
1 56 2 3 1 
1 58 1 2 1 
57 1 4 1 
1 56 5 1 
2 29 14 6 11 1 
1 58 3 1 
63 
11 11 23 1 7 4 1 1 3 1 
3 21 38 1 
1 35 26 1 
34 8 12 5 3 1 
1 21 29 4 3 1 1 3 
1 44 7 8 3 
7 28 7 14 7 
1 50 12 
1 44 14 1 3 
1 12 29 8 13 
4 56 2 1 
4 31 1 8 7 11 1 
3 10 25 12 12 1 
8 7 42 4 2 
51 12 
1 26 17 11 3 3 2 
9 29 5 5 11 4 
1 12 48 1 1 
5 5 19 2 4 5 3 10 3 5 2 
2 43 7 10 1 
1 39 18 3 2 
15 44 1 3 
3 34 3 3 13 6 1 
2 6 55 
1 43 18 1 
1 50 7 1 4 
1 8 53 1 
2 23 34 2 2 
4 51 7 1 
1 23 13 13 5 5 3 
1 10 20 30 1 1 
63 
7 26 20 7 2 1 
4 54 1 1 3 
1 44 9 2 3 3 1 
9 35 1 14 2 2 
5 13 3 36 3 1 2 
2 24 3 3 31 
1 26 36 
1 48 5 3 2 3 1 
2 35 25 1 
2 47 8 3 3 
1 30 25 2 3 1 1 
1 48 5 9 
2 6 30 4 14 3 3 1 
1 40 22 
4 20 2 26 7 2 2 
1 35 8 18 1 
21 35 2 4 1 
1 54 8 
1 60 2 
11 33 15 1 2 1 
13 17 4 16 10 2 1 
40 22 1 
17 32 14 
1 51 7 1 3 
1 44 18 
1 17 2 8 19 14 1 1 
5 48 4 5 1 
1 24 34 2 1 1 
6 50 7 
6 6 16 5 29 1 
45 7 5 3 3 
21 6 13 15 6 1 1 
1 28 22 9 1 2 
2 2 15 44 
1 6 20 31 4 1 
1 57 4 1 
18 7 19 13 5 1 
1 36 12 2 5 7 
2 26 5 15 12 1 1 1 
1 8 43 8 3 
3 9 51 
4 17 15 8 15 3 1 
3 19 15 24 2 
40 4 6 6 6 1 
1 58 3 1 
2 44 15 2 
3 39 3 6 3 1 2 2 4 
1 33 10 14 1 4 
2 27 34 
2 44 3 13 1 
11 27 8 2 10 1 1 2 1 
1 39 9 1 5 4 3 1 
1 52 7 3 
21 8 32 2 
1 53 9 
1 36 25 1 
1 22 3 21 13 1 1 1 
4 26 28 5 
49 1 11 1 1 
2 43 3 5 4 2 2 1 1 
59 2 1 1 
3 46 1 4 7 2 
2 31 30 
10 30 23 
1 61 1 
57 6 
1 30 6 16 3 4 1 2 
12 51 
1 12 47 2 1 
4 33 1 13 7 1 2 2 
10 51 2 
1 50 6 6 
3 25 19 15 1 
1 45 17 
51 1 3 1 2 1 1 1 1 1 
1 62 
2 2 48 6 5 
1 48 2 5 6 1 
1 20 42 
24 27 10 1 1 
3 27 30 3 
3 48 1 8 1 2 
1 56 1 5 
11 49 1 1 1 
2 41 6 11 3 
4 7 48 2 2 
1 30 29 2 1 
2 32 29 
1 6 12 28 16 
1 51 11 
44 13 3 2 1 
1 27 29 6 
5 43 8 4 2 1 
38 18 3 2 2 
1 54 5 1 2 
25 24 14 
1 10 52 
1 54 5 3 
51 7 2 1 2 
12 25 15 2 3 2 1 1 2 
4 50 7 2 
3 51 9 
31 17 1 6 5 2 1 
1 32 12 4 10 3 1 
8 24 30 1 
6 45 12 
