2 14 8 35 3 1 1 
1 4 57 1 1 
6 7 18 13 20 
1 55 7 1 
16 27 20 1 
1 7 11 43 1 1 
1 22 16 14 6 2 2 1 
4 29 29 1 1 
15 16 13 19 1 
4 35 20 2 1 1 1 
3 60 1 
6 31 4 23 
6 8 24 11 2 7 3 3 
4 6 2 12 38 1 1 
2 52 6 3 1 
45 15 4 
1 20 5 1 9 14 10 3 1 
31 6 9 6 4 5 2 1 
5 9 17 6 11 12 2 2 
1 39 24 
7 30 11 2 12 2 
41 10 5 4 2 2 
1 15 12 14 7 3 3 3 4 1 1 
3 42 4 11 4 
6 56 1 1 
2 33 28 1 
2 56 2 2 2 
1 57 3 3 
1 61 2 
4 6 16 15 23 
12 19 13 13 3 2 1 1 
1 9 14 7 3 28 2 
1 22 11 29 1 
16 5 41 2 
1 4 59 
6 11 30 9 4 2 2 
10 4 41 5 1 3 
1 28 28 1 1 4 1 
1 56 6 1 
5 41 3 9 1 1 4 
7 28 13 6 10 
3 43 18 
1 7 16 10 5 20 1 2 2 
3 8 3 20 20 2 2 6 
45 15 3 1 
1 26 14 19 4 
1 22 18 1 3 4 6 4 1 4 
2 10 15 33 2 1 1 
1 55 8 
1 18 40 2 1 1 1 
5 39 7 2 11 
8 54 2 
1 5 8 38 4 7 1 
1 24 39 
1 13 5 2 6 11 8 5 12 1 
2 60 1 1 
1 37 10 15 1 
5 50 9 
1 3 26 9 2 14 2 1 1 4 1 
27 18 3 2 8 6 
1 35 28 
1 28 6 4 3 1 16 2 3 
1 53 10 
1 34 16 1 5 3 3 1 
3 23 18 11 3 3 2 1 
9 8 38 3 6 
1 51 11 1 
1 59 2 2 
15 47 2 
1 33 23 1 2 1 2 1 
53 1 8 1 1 
2 31 6 13 2 5 5 
30 3 4 21 4 1 1 
1 2 27 28 1 5 
1 1 17 3 36 4 2 
1 6 36 21 
2 6 10 46 
3 50 11 
6 32 14 4 4 1 1 1 1 
4 30 19 9 1 1 
57 6 1 
1 58 3 1 1 
23 33 1 5 2 
3 48 3 6 1 1 1 1 
1 5 31 9 6 6 1 2 1 1 1 
1 13 35 3 10 1 1 
4 48 12 
39 5 16 4 
49 14 1 
2 48 11 2 1 
1 46 12 1 1 3 
26 29 9 
9 22 3 23 3 2 2 
1 1 56 5 1 
10 22 7 12 10 3 
1 50 9 2 1 1 
1 55 7 1 
58 2 2 2 
12 26 2 14 5 2 3 
1 62 1 
6 44 3 4 6 1 
1 39 2 13 6 2 1 
21 28 2 5 2 2 1 3 
6 24 6 19 8 1 
32 32 
1 49 2 1 4 2 4 1 
9 9 8 13 7 12 2 4 
15 11 37 1 
52 4 2 5 1 
3 45 6 5 2 1 2 
64 
1 45 16 1 1 
64 
2 26 2 23 9 1 1 
2 30 32 
5 12 18 26 2 1 
20 40 2 2 
1 9 54 
42 5 13 1 1 1 1 
27 31 3 3 
7 18 20 2 11 3 3 
1 57 3 3 
2 57 5 
2 29 7 21 4 1 
4 1 56 3 
2 53 9 
1 58 2 2 1 
1 60 2 1 
4 38 20 2 
2 37 5 13 7 
11 49 1 3 
1 10 8 29 5 5 6 
3 56 2 1 2 
3 59 1 1 
1 2 43 17 1 
12 37 13 2 
1 40 14 8 1 
1 32 28 2 1 
1 56 6 1 
5 38 8 10 1 2 
1 51 12 
46 8 1 7 2 
4 38 22 
5 13 18 3 20 5 
1 51 9 3 
3 16 31 9 5 
2 8 12 20 7 8 7 
32 26 1 3 2 
2 24 38 
42 10 12 
1 59 4 
13 28 17 2 4 
3 46 15 
1 43 7 10 3 
1 61 2 
9 22 11 8 3 7 2 1 1 
1 5 17 7 9 10 15 
1 13 31 1 17 1 
41 23 
1 11 6 42 2 1 1 
11 5 32 1 7 8 
4 34 26 
6 50 5 2 1 
1 27 26 10 
64 
2 3 45 1 8 1 4 
1 20 14 16 13 
1 40 7 16 
6 21 15 9 6 7 
1 56 4 1 1 1 
1 56 7 
1 42 4 15 1 1 
4 6 41 11 1 1 
2 20 1 29 10 1 1 
1 60 3 
33 29 1 1 
2 24 25 1 5 1 6 
1 24 39 
2 55 4 3 
5 1 48 10 
2 21 35 2 4 
1 48 5 9 1 
20 29 14 1 
1 11 5 18 7 14 3 3 2 
2 40 12 8 2 
52 12 
3 14 27 19 1 
3 56 2 1 2 
1 63 
1 54 2 7 
35 19 6 3 1 
9 47 1 1 6 
3 15 46 
52 4 3 3 1 1 
8 39 17 
1 18 27 1 16 1 
2 61 1 
1 15 29 4 15 
3 42 1 7 1 10 
8 40 15 1 
60 4 
5 41 9 8 1 
11 11 26 2 7 2 1 4 
55 4 5 
2 10 24 27 1 
4 18 40 1 1 
1 48 3 4 1 7 
26 9 22 3 4 
2 50 12 
1 54 9 
2 58 4 
1 15 37 11 
5 37 18 4 
4 9 50 1 
1 38 3 19 3 
1 23 25 10 5 
3 50 10 1 
1 50 10 2 1 
64 
3 42 19 
1 22 1 23 12 1 1 3 
49 9 5 1 
1 14 34 14 1 
1 36 26 1 
1 53 10 
1 15 2 21 23 2 
1 42 7 11 1 1 1 
1 4 17 29 9 4 
1 23 16 17 5 2 
2 58 1 3 
1 16 46 1 
4 31 28 1 
59 5 
12 15 12 6 5 3 11 
3 11 44 1 2 3 
12 30 11 1 4 1 1 1 3 
1 20 32 10 1 
1 1 33 21 1 6 1 
6 30 10 4 8 1 1 3 1 
2 35 4 2 13 7 1 
1 58 1 1 2 1 
34 8 11 6 1 4 
2 37 25 
8 2 24 20 1 2 3 4 
2 34 17 9 2 
3 33 23 3 2 
1 58 1 1 1 2 
3 14 23 17 5 2 
61 1 1 1 
14 39 11 
2 37 20 4 1 
1 26 27 8 1 1 
34 10 7 10 2 1 
8 56 
55 9 
1 29 28 1 2 2 1 
2 6 22 5 13 11 2 1 1 1 
1 29 34 
1 31 24 6 1 1 
1 41 4 10 6 1 1 
4 44 14 1 1 
2 17 8 28 1 1 5 1 1 
1 45 3 8 3 2 1 1 
1 56 7 
15 34 6 4 1 1 3 
49 13 2 
11 40 1 7 2 1 2 
37 1 17 1 7 1 
39 1 4 10 2 8 
1 44 11 6 1 1 
1 58 1 3 1 
4 37 4 18 1 
2 58 4 
1 27 34 1 1 
2 2 5 29 12 6 7 1 
2 49 3 6 4 
32 32 
64 
2 8 31 2 6 1 8 1 3 1 1 
2 13 31 14 4 
5 11 12 2 4 7 11 3 6 1 2 
16 32 11 3 2 
1 62 1 
8 3 32 15 2 2 2 
1 39 24 
4 21 5 34 
1 57 4 2 
2 15 5 7 5 12 9 8 1 
1 6 49 1 4 2 1 
3 24 3 10 18 1 5 
1 15 4 3 38 2 1 
64 
1 20 1 40 2 
1 5 45 6 4 3 
6 14 21 9 12 2 
12 44 8 
3 49 8 4 
2 25 6 19 7 4 1 
1 39 4 6 8 2 1 1 2 
11 9 8 29 6 1 
1 42 9 9 3 
1 13 1 24 22 1 2 
1 30 17 15 1 
1 45 12 4 2 
10 42 12 
1 53 9 1 
6 7 7 10 6 19 9 
4 28 31 1 
2 51 10 1 
2 23 4 27 8 
1 58 5 
1 51 11 1 
7 57 
1 30 3 3 6 12 7 2 
1 33 25 5 
1 23 4 28 7 1 
1 51 12 
1 9 17 36 1 
14 41 9 
9 51 4 
1 45 15 3 
1 60 2 1 
37 9 5 2 10 1 
15 32 17 
33 25 5 1 
59 4 1 
20 6 36 2 
50 9 4 1 
3 61 
2 24 38 
26 37 1 
2 58 4 
1 9 14 8 2 15 12 2 1 
1 42 19 1 1 
3 33 25 3 
4 10 34 1 2 10 1 2 
26 35 1 1 1 
1 16 28 14 4 1 
57 6 1 
61 3 
1 63 
63 1 
2 17 35 8 2 
6 3 36 13 2 1 1 2 
1 57 2 2 2 
1 33 29 1 
1 30 3 18 7 4 1 
64 
3 55 6 
47 2 3 6 1 2 3 
2 21 23 7 11 
3 56 4 1 
19 32 3 9 1 
3 55 1 3 2 
1 5 43 11 2 2 
1 9 27 24 3 
1 58 5 
2 7 8 41 3 3 
63 1 
1 50 11 2 
1 41 22 
2 42 14 5 1 
1 52 5 1 2 1 1 1 
5 57 2 
2 15 44 3 
1 63 
8 43 2 3 4 2 1 1 
1 30 9 16 5 1 1 1 
3 48 10 2 1 
8 24 26 3 1 1 1 
1 54 1 2 5 1 
2 50 11 1 
1 13 47 3 
3 32 19 4 2 1 2 1 
3 21 3 15 2 6 8 1 1 1 2 1 
1 63 
63 1 
1 25 16 15 4 2 1 
26 25 4 4 5 
4 56 2 1 1 
1 58 3 1 1 
51 12 1 
1 34 27 1 1 
1 12 14 16 8 5 2 2 3 1 
1 51 12 
1 21 35 6 1 
63 1 
11 53 
1 33 29 1 
22 31 6 5 
1 23 29 6 4 1 
2 5 57 
47 12 2 3 
1 33 30 
2 28 22 10 2 
7 39 9 3 5 1 
3 27 33 1 
1 32 6 8 5 5 6 1 
4 47 11 2 
1 46 9 8 
37 23 4 
31 19 2 9 3 
2 51 1 4 5 1 
23 21 5 3 7 4 1 
9 15 7 27 5 1 
1 9 48 4 2 
13 23 22 1 1 1 2 1 
16 15 31 1 1 
3 16 45 
19 19 23 3 
2 27 23 9 3 
7 36 12 3 1 3 2 
1 45 12 5 1 
1 60 2 1 
1 29 29 2 3 
1 55 4 3 1 
26 27 7 2 2 
4 57 3 
2 42 2 15 1 2 
1 47 13 2 1 
7 15 34 5 3 
1 40 16 6 1 
1 50 5 8 
4 45 12 2 1 
3 25 2 30 4 
1 43 5 2 6 4 2 1 
5 9 41 1 7 1 
2 51 11 
36 11 13 2 2 
4 59 1 
1 5 48 10 
1 26 27 1 1 8 
9 32 22 1 
1 63 
1 32 2 19 3 3 2 1 1 
1 56 1 4 1 1 
3 13 23 8 6 7 1 3 
4 34 10 12 4 
1 13 22 19 9 
1 57 6 
1 14 6 12 1 12 3 8 2 3 1 1 
1 53 10 
2 8 5 26 5 13 3 1 1 
1 35 26 1 1 
3 22 4 8 5 13 2 2 1 1 3 
8 8 31 17 
5 21 23 2 1 10 1 1 
1 40 15 4 4 
1 48 3 7 3 1 1 
12 16 13 17 3 2 1 
60 4 
6 12 2 44 
1 32 19 11 1 
58 4 1 1 
10 41 9 3 1 
1 23 27 5 7 1 
5 44 12 3 
61 3 
13 29 19 2 1 
1 10 40 9 4 
3 14 15 5 3 20 1 3 
1 55 8 
1 51 9 1 2 
2 5 54 3 
4 53 1 6 
3 16 32 13 
8 55 1 
3 1 34 12 2 2 7 1 2 
2 2 44 4 11 1 
1 50 13 
31 18 14 1 
8 2 53 1 
27 17 3 13 4 
2 21 31 3 5 1 1 
5 46 6 7 
1 45 18 
64 
26 24 1 7 1 4 1 
2 24 35 3 
39 6 19 
2 41 14 4 1 1 1 
36 2 8 14 2 1 1 
1 39 13 7 3 1 
1 46 17 
5 12 8 36 3 
2 44 18 
54 6 1 1 1 1 
1 47 13 1 2 
1 50 8 5 
2 57 5 
2 55 6 1 
3 6 4 32 1 9 8 1 
13 1 49 1 
1 60 1 1 1 
6 14 20 6 15 1 2 
1 17 17 15 9 4 1 
2 59 3 
58 2 1 3 
3 37 22 1 1 
45 18 1 
39 13 9 3 
63 1 
16 41 1 4 1 1 
5 7 50 2 
3 17 5 17 8 12 2 
13 7 21 20 1 1 1 
2 26 4 8 8 12 1 2 1 
1 20 10 33 
9 3 11 9 9 4 10 6 1 1 1 
3 29 2 21 7 1 1 
9 27 6 14 8 
6 51 4 1 2 
64 
11 6 14 20 2 8 3 
1 41 13 7 2 
5 4 17 26 3 2 4 3 
1 62 1 
1 53 9 1 
1 51 1 9 1 1 
1 31 1 31 
18 44 1 1 
1 48 15 
61 2 1 
2 32 30 
1 54 9 
1 63 
25 29 3 6 1 
2 5 2 27 2 16 9 1 
1 40 7 2 12 1 1 
6 10 30 1 4 6 4 1 1 1 
9 9 14 4 6 6 16 
64 
4 29 3 20 4 2 1 1 
1 20 7 36 
1 41 1 10 1 6 4 
53 11 
2 7 20 34 1 
1 19 23 5 16 
1 44 16 1 1 1 
4 23 37 
5 42 2 6 2 2 4 1 
2 52 2 8 
1 47 16 
4 17 28 13 2 
2 53 9 
7 51 5 1 
6 39 1 8 7 3 
10 17 2 21 8 4 2 
1 19 7 1 22 14 
14 20 11 3 9 7 
61 3 
1 31 6 19 4 1 1 1 
3 47 2 12 
1 41 22 
18 41 3 2 
11 33 7 9 2 1 1 
1 58 4 1 
1 46 9 5 1 1 1 
64 
1 57 4 2 
2 30 13 2 13 1 2 1 
57 5 1 1 
1 61 1 1 
2 34 8 14 6 
1 61 2 
2 53 4 2 3 
2 36 14 7 3 1 1 
1 2 36 14 6 5 
1 61 1 1 
1 16 42 5 
4 56 4 
1 14 40 8 1 
7 8 35 12 2 
6 16 16 18 5 3 
32 18 10 3 1 
23 41 
1 35 18 7 2 1 
4 3 29 5 2 12 6 3 
6 56 2 
2 56 4 1 1 
55 8 1 
1 18 32 5 2 5 1 
2 59 1 2 
44 2 1 14 2 1 
2 42 6 7 3 3 1 
1 15 30 6 5 4 3 
1 61 2 
6 57 1 
3 43 18 
16 31 17 
6 10 15 29 2 2 
10 25 3 20 1 5 
1 29 15 17 2 
3 13 1 43 3 1 
1 31 3 3 18 3 2 3 
1 4 59 
1 58 3 1 1 
46 9 8 1 
63 1 
1 7 19 5 10 10 7 2 1 1 1 
1 10 21 3 29 
2 60 1 1 
1 26 36 1 
3 56 2 2 1 
49 9 6 
8 25 31 
60 1 1 1 1 
39 8 7 9 1 
5 8 7 32 1 4 6 1 
2 29 15 8 9 1 
1 21 2 26 4 4 6 
1 23 7 1 20 2 2 8 
10 7 35 1 4 2 2 1 1 1 
1 26 26 7 4 
4 16 19 8 10 3 1 3 
3 50 7 2 2 
2 54 1 7 
1 35 2 21 5 
5 19 33 3 3 1 
1 17 13 20 6 7 
1 48 14 1 
1 3 24 20 16 
1 16 42 2 3 
3 33 26 1 1 
1 52 11 
2 15 18 24 1 1 1 1 1 
7 10 36 6 4 1 
14 24 25 1 
3 33 11 6 4 7 
1 50 2 1 2 8 
1 16 3 37 1 3 1 1 1 
5 13 18 14 3 1 7 3 
36 3 15 10 
3 49 12 
1 49 7 3 1 1 1 1 
28 5 19 4 6 1 1 
1 16 47 
14 10 23 15 1 1 
1 29 34 
1 46 14 2 1 
3 38 15 5 3 
1 52 5 3 3 
1 40 18 1 3 1 
2 43 1 2 13 3 
1 30 3 29 1 
34 20 7 2 1 
60 2 2 
62 1 1 
10 24 14 11 4 1 
59 4 1 
4 9 27 11 4 9 
4 56 4 
7 29 5 14 4 4 1 
1 12 32 16 3 
2 7 30 23 1 1 
1 4 58 1 
1 26 22 4 2 7 1 1 
3 35 24 1 1 
2 45 4 10 3 
2 25 20 14 1 1 1 
1 30 33 
35 11 18 
6 14 44 
2 46 14 2 
8 43 4 9 
1 28 34 1 
3 6 19 1 30 4 1 
2 49 3 7 1 2 
1 19 40 2 2 
1 35 26 1 1 
3 41 13 1 3 1 2 
6 14 22 17 2 3 
1 2 36 8 15 2 
1 63 
3 54 7 
5 5 38 4 9 2 1 
1 10 28 1 5 5 6 2 6 
1 57 6 
4 14 13 33 
35 2 2 20 4 1 
1 5 12 15 15 9 4 2 1 
1 20 12 16 14 1 
60 2 1 1 
1 23 35 5 
15 36 1 7 2 1 2 
1 43 19 1 
7 53 1 1 1 1 
3 59 2 
3 32 14 13 2 
11 47 6 
1 63 
12 6 35 3 8 
38 12 4 1 1 1 4 2 1 
1 7 55 1 
3 8 18 31 4 
39 18 2 1 1 3 
11 1 46 3 1 1 1 
1 61 1 1 
3 53 4 4 
12 52 
3 21 40 
19 1 4 17 15 5 1 2 
3 58 2 1 
1 30 16 14 2 1 
1 12 1 21 28 1 
1 42 4 8 4 2 3 
28 32 4 
2 4 26 7 13 11 1 
22 28 9 1 1 2 1 
2 28 23 6 5 
1 58 1 3 1 
3 46 2 6 6 1 
1 50 8 2 2 1 
1 55 6 1 1 
3 55 3 2 1 
1 59 1 2 1 
2 7 11 44 
63 1 
2 38 22 1 1 
54 5 1 4 
29 3 13 9 7 2 1 
3 47 14 
7 22 35 
1 28 34 1 
25 31 1 1 4 2 
2 33 25 3 1 
9 26 6 12 2 6 1 2 
1 37 26 
11 40 11 2 
1 58 2 2 1 
10 3 38 11 1 1 
17 15 15 7 5 1 4 
1 42 20 1 
1 46 16 1 
1 21 17 21 2 1 1 
1 21 16 25 1 
2 11 26 14 2 1 3 5 
1 23 31 5 1 1 1 1 
1 20 19 19 4 1 
63 1 
1 3 55 5 
1 1 2 58 2 
1 31 23 6 3 
1 29 10 8 1 7 1 2 5 
13 49 2 
1 27 32 3 1 
2 16 46 
1 11 47 2 2 1 
29 28 7 
1 55 5 3 
48 8 2 3 3 
1 34 6 5 10 7 1 
1 53 6 1 1 2 
26 12 4 20 2 
2 29 7 1 9 4 10 2 
1 50 2 1 10 
27 8 6 9 8 4 2 
1 49 14 
3 40 21 
1 18 40 3 2 
7 52 4 1 
4 9 43 1 1 6 
1 36 19 1 1 4 2 
7 30 4 22 1 
1 48 15 
5 45 14 
1 44 13 5 1 
39 24 1 
17 41 6 
8 17 9 29 1 
1 36 11 2 13 1 
63 1 
34 18 1 6 1 3 1 
45 2 6 3 5 1 1 1 
8 26 28 1 1 
64 
1 32 27 2 2 
40 14 2 5 1 1 1 
13 4 6 24 10 4 3 
2 58 2 2 
1 10 44 7 2 
9 27 4 13 4 1 2 1 3 
7 28 5 11 2 6 1 4 
3 37 21 1 1 1 
1 16 47 
58 6 
6 47 10 1 
2 10 20 4 11 11 5 1 
12 51 1 
1 29 7 13 1 4 4 1 3 1 
46 11 1 3 2 1 
32 24 6 2 
6 29 10 18 1 
20 12 10 10 11 1 
1 37 26 
1 5 14 22 9 4 3 2 1 3 
1 12 19 32 
1 23 40 
1 54 4 4 1 
2 35 1 14 9 2 1 
1 29 30 3 1 
16 28 5 13 2 
4 45 7 3 5 
2 41 14 1 4 2 
6 2 11 15 6 14 10 
1 46 4 8 1 4 
1 6 11 26 19 1 
3 49 12 
1 12 33 11 1 6 
19 4 8 16 2 10 3 1 1 
1 9 32 7 11 3 1 
1 14 47 2 
1 6 57 
2 29 33 
1 35 19 4 3 1 1 
2 15 1 19 12 7 7 1 
1 37 1 1 9 8 7 
2 60 1 1 
2 21 14 20 5 2 
1 23 1 22 11 6 
1 29 13 8 9 3 1 
1 63 
42 5 2 12 1 1 1 
2 42 15 4 1 
1 38 25 
2 36 21 1 4 
2 45 3 12 2 
2 17 30 15 
32 32 
31 8 10 6 7 1 1 
2 2 2 17 7 23 3 3 5 
5 49 5 4 1 
64 
1 53 10 
1 11 46 6 
2 3 25 31 2 1 
1 24 21 4 14 
1 44 15 3 1 
51 10 3 
1 12 18 8 12 12 1 
1 55 8 
1 9 15 10 20 2 4 3 
1 33 6 4 12 7 1 
1 22 25 10 1 3 1 1 
64 
1 45 18 
1 52 9 1 1 
64 
1 53 5 5 
6 15 33 4 6 
3 38 19 4 
5 25 5 23 6 
1 25 37 1 
1 51 12 
11 33 20 
1 11 16 13 23 
31 17 15 1 
9 17 13 25 
2 19 41 2 
2 46 15 1 
1 18 18 25 1 1 
1 31 19 5 2 5 1 
1 30 25 5 1 1 1 
2 52 7 1 2 
8 40 9 5 2 
1 44 6 6 7 
2 15 10 37 
2 58 1 1 1 1 
1 12 23 16 11 1 
1 5 18 21 12 6 1 
3 59 2 
31 14 1 3 3 2 1 8 1 
1 53 4 2 2 1 1 
7 1 15 11 13 14 3 
1 20 37 5 1 
1 54 4 2 3 
64 
4 59 1 
1 62 1 
2 57 3 2 
1 19 39 1 4 
1 27 18 1 6 9 2 
25 27 9 2 1 
14 23 21 4 2 
7 34 22 1 
1 48 15 
1 14 33 14 2 
2 50 9 1 1 1 
1 42 20 1 
1 41 6 1 15 
16 23 25 
22 41 1 
4 50 10 
21 31 1 2 9 
1 41 10 12 
1 51 5 2 3 2 
19 45 
62 1 1 
4 39 13 1 3 1 1 2 
2 5 15 12 22 6 2 
8 19 17 20 
2 57 5 
6 53 5 
1 55 8 
1 28 35 
14 8 4 1 15 12 7 1 1 1 
1 23 33 5 2 
3 44 10 1 1 2 3 
22 32 7 3 
2 50 3 7 1 1 
1 19 30 10 3 1 
1 19 44 
44 4 5 5 2 1 3 
1 52 6 1 1 2 1 
49 12 1 2 
1 53 10 
1 30 4 28 1 
1 58 5 
1 38 18 7 
3 58 3 
17 8 2 20 1 9 7 
1 11 37 3 10 1 1 
1 29 21 10 2 1 
8 32 24 
2 48 11 2 1 
22 42 
23 33 6 1 1 
5 43 5 11 
1 20 36 5 1 1 
9 40 13 2 
1 48 11 2 2 
16 19 21 2 5 1 
20 41 3 
4 44 2 7 1 3 2 1 
3 3 40 6 1 8 2 1 
2 10 26 16 3 5 2 
1 33 30 
5 30 6 11 10 2 
1 56 1 4 1 1 
12 32 3 8 6 1 1 1 
57 4 1 1 1 
2 11 46 2 2 1 
23 23 8 10 
1 43 18 1 1 
1 3 9 8 22 1 3 14 1 1 1 
8 54 2 
22 11 19 7 5 
1 3 9 31 7 13 
16 36 7 2 3 
7 51 2 4 
2 45 17 
5 37 14 5 3 
1 19 35 2 2 5 
1 50 10 2 1 
2 28 33 1 
2 45 7 5 3 2 
2 5 5 13 39 
2 56 5 1 
1 41 7 9 5 1 
27 23 3 1 4 4 1 1 
6 17 19 22 
2 16 46 
6 24 33 1 
1 32 26 2 2 1 
1 22 37 1 3 
2 56 6 
3 47 8 5 1 
2 32 4 7 19 
1 42 14 5 2 
1 44 16 3 
14 42 8 
46 6 6 3 3 
50 14 
1 26 27 7 1 2 
1 61 2 
1 47 11 5 
1 14 47 1 1 
5 2 18 22 2 7 3 2 1 1 1 
1 29 9 5 19 1 
15 6 28 3 4 1 4 2 1 
25 32 5 2 
2 57 1 3 1 
1 59 4 
3 35 17 8 1 
1 56 7 
64 
3 22 4 5 12 13 2 3 
2 60 2 
5 33 16 6 4 
15 7 15 2 25 
1 18 11 13 14 2 4 1 
13 3 18 11 7 9 3 
1 40 22 1 
1 6 51 5 1 
40 17 2 5 
6 18 30 2 1 1 6 
3 43 14 1 1 1 1 
5 25 31 2 1 
5 37 1 20 1 
40 20 4 
1 4 53 2 4 
9 41 13 1 
4 56 3 1 
1 27 1 1 5 9 14 1 2 1 1 1 
4 12 22 10 9 7 
2 58 2 1 1 
1 25 1 36 1 
1 10 25 28 
2 25 37 
1 10 28 11 1 6 1 2 3 1 
1 62 1 
12 41 5 2 2 1 1 
1 55 7 1 
1 7 7 3 9 35 2 
1 33 10 4 7 1 6 1 1 
1 31 1 30 1 
1 31 10 6 14 1 1 
5 1 34 24 
1 28 7 9 1 5 5 2 6 
2 50 12 
2 54 4 4 
5 56 2 1 
1 49 14 
4 27 13 1 14 3 2 
1 19 36 5 1 1 1 
2 62 
20 4 32 5 2 1 
1 27 26 5 5 
1 51 12 
7 54 2 1 
52 11 1 
2 62 
1 41 14 4 4 
1 49 14 
2 14 17 2 2 13 6 4 3 1 
1 29 14 6 5 2 3 2 1 1 
2 54 1 1 4 1 1 
64 
1 22 15 18 5 2 1 
1 20 21 12 2 6 1 1 
7 13 20 11 9 4 
1 4 48 4 4 2 1 
6 2 43 13 
7 53 4 
2 52 4 2 3 1 
5 20 19 11 3 5 1 
1 26 12 24 1 
1 54 1 3 5 
11 48 5 
12 42 5 5 
1 21 39 1 2 
7 15 35 6 1 
64 
1 5 6 34 18 
32 22 6 4 
1 34 25 1 1 2 
2 49 1 12 
2 58 4 
3 22 16 14 5 1 1 1 1 
10 8 17 24 2 2 1 
5 12 47 
2 39 13 5 2 3 
16 15 25 7 1 
3 31 26 4 
62 1 1 
2 26 28 4 4 
14 38 6 2 2 2 
28 7 16 10 1 1 1 
1 30 30 2 1 
23 6 34 1 
1 52 1 4 3 2 1 
21 20 18 4 1 
3 26 4 20 4 1 2 3 1 
1 26 37 
27 30 2 4 1 
20 33 2 1 4 3 1 
1 18 25 8 1 7 3 1 
1 57 6 
44 7 8 5 
5 25 34 
2 20 40 1 1 
1 23 37 1 2 
2 25 30 6 1 
11 2 50 1 
17 37 1 2 6 1 
8 14 12 29 1 
9 48 5 2 
4 29 12 13 2 4 
1 2 17 21 11 1 4 5 1 1 
2 53 7 2 
1 54 8 1 
1 54 6 2 1 
1 2 24 35 1 1 
1 53 3 5 1 1 
3 44 1 12 4 
4 45 15 
5 12 2 10 29 5 1 
1 53 4 5 1 
1 8 21 21 5 5 1 2 
1 34 29 
10 18 23 1 6 1 5 
64 
8 14 7 3 11 5 10 6 
1 41 22 
13 19 10 11 5 5 1 
62 1 1 
2 57 1 3 1 
1 54 1 5 3 
5 59 
6 42 1 12 2 1 
7 34 15 8 
1 55 7 1 
54 4 1 1 4 
10 33 19 1 1 
2 10 43 4 4 1 
41 6 16 1 
4 48 2 10 
29 22 5 6 1 1 
7 50 4 3 
1 37 24 1 1 
2 37 22 1 1 1 
23 6 16 10 7 2 
4 4 2 7 10 30 2 2 2 1 
2 21 17 24 
1 19 16 5 2 11 6 4 
42 12 8 2 
4 18 30 9 1 1 1 
35 29 
2 19 15 24 1 3 
3 28 5 22 1 2 1 2 
2 36 23 3 
15 20 11 1 14 1 1 1 
6 31 27 
1 20 43 
2 21 17 20 4 
1 33 30 
1 55 4 3 1 
3 47 2 7 1 2 1 1 
1 28 24 6 2 3 
2 29 15 15 3 
17 29 15 2 1 
1 39 3 8 10 2 1 
3 5 34 18 1 3 
1 47 2 10 4 
1 41 14 3 5 
1 1 36 6 6 11 1 2 
4 8 18 24 9 1 
22 38 4 
2 26 20 10 6 
4 49 9 2 
5 10 41 1 3 1 1 2 
5 26 20 3 7 3 
2 36 25 1 
8 5 25 19 2 3 1 1 
2 52 3 7 
3 30 12 12 7 
1 3 60 
1 43 20 
16 46 2 
1 40 12 6 2 1 2 
2 1 61 
7 18 35 1 3 
1 23 2 34 3 1 
3 23 1 29 5 3 
4 6 29 17 2 1 1 2 1 1 
6 57 1 
1 24 9 15 13 2 
1 33 11 3 10 1 1 1 2 1 
1 35 18 5 5 
11 51 1 1 
35 7 21 1 
10 54 
1 48 12 1 1 1 
22 40 2 
5 34 1 9 12 2 1 
5 59 
1 19 25 14 5 
7 46 2 1 3 3 2 
22 9 5 7 3 2 1 5 2 2 5 1 
16 1 10 35 2 
3 55 2 4 
3 24 23 12 2 
2 44 2 12 4 
19 7 5 20 11 2 
2 19 9 11 17 5 1 
64 
1 1 31 10 3 6 12 
1 30 16 14 3 
2 42 16 1 1 2 
3 3 14 28 13 3 
1 15 6 1 24 16 1 
11 42 6 3 2 
9 18 31 4 1 1 
1 53 3 3 2 1 1 
1 14 35 13 1 
13 43 8 
2 45 11 4 1 1 
2 33 26 3 
2 40 4 15 3 
12 42 1 9 
3 48 11 2 
3 47 5 6 1 1 1 
1 2 33 20 5 1 1 1 
1 57 5 1 
35 6 17 2 4 
1 23 3 12 11 11 2 1 
1 50 8 1 4 
15 30 17 1 1 
3 28 17 5 9 2 
1 32 6 9 3 10 2 1 
1 15 12 25 5 6 
12 6 6 19 17 3 1 
13 23 25 1 1 1 
30 22 12 
9 22 20 9 3 1 
1 57 6 
1 55 8 
64 
1 59 1 2 1 
10 5 5 20 11 9 3 1 
4 14 46 
1 4 26 8 25 
3 37 15 1 1 7 
7 16 12 13 7 9 
1 18 40 4 1 
4 15 10 1 1 19 6 3 2 1 2 
4 3 20 3 23 1 3 6 1 
1 62 1 
44 6 6 5 3 
2 11 46 5 
1 58 5 
1 44 4 10 1 2 1 1 
1 3 7 28 16 4 4 1 
8 7 18 15 14 2 
25 39 
30 16 18 
59 3 2 
1 16 29 2 1 9 6 
2 7 36 13 6 
1 52 1 4 3 2 1 
33 28 1 1 1 
1 29 24 4 4 2 
1 13 12 19 1 14 3 1 
1 33 14 5 5 6 
1 21 1 31 4 5 1 
1 26 19 17 1 
1 1 61 1 
1 7 49 2 1 1 1 2 
1 46 5 12 
1 46 6 7 4 
2 3 25 24 4 2 4 
2 59 2 1 
5 16 18 9 4 8 3 1 
2 8 38 12 3 1 
1 23 16 2 4 1 14 3 
1 34 19 6 2 1 1 
12 32 14 4 1 1 
1 37 25 1 
23 13 10 3 14 1 
2 45 15 1 1 
3 21 33 5 2 
2 23 37 1 1 
4 12 4 7 31 3 1 2 
39 14 10 1 
1 44 10 4 2 3 
2 40 5 7 10 
1 26 5 13 15 1 2 1 
6 56 1 1 
1 12 3 3 25 8 9 3 
1 32 12 14 4 1 
3 41 12 2 6 
3 59 2 
1 14 12 20 4 5 8 
25 11 19 8 1 
2 35 25 2 
1 31 18 8 1 1 2 2 
37 19 6 2 
1 44 5 3 6 2 1 1 1 
4 46 1 5 1 1 4 1 1 
40 18 6 
1 52 9 2 
1 60 2 1 
4 60 
7 10 28 7 3 3 2 2 2 
1 9 1 42 4 2 3 1 1 
7 41 5 6 5 
5 37 1 8 7 3 1 2 
2 43 19 
7 14 23 18 2 
1 46 13 1 2 1 
1 55 8 
30 20 4 7 1 2 
1 57 6 
5 57 1 1 
1 60 3 
9 14 41 
53 4 1 6 
1 29 32 1 1 
1 31 25 7 
1 23 28 10 1 1 
1 37 23 2 1 
39 3 10 6 1 2 2 1 
1 62 1 
16 24 23 1 
58 5 1 
42 5 7 10 
1 59 1 2 1 
1 32 20 8 3 
1 47 10 4 2 
4 27 33 
19 26 15 3 1 
2 36 15 10 1 
59 1 3 1 
63 1 
1 35 24 2 2 
5 15 40 2 1 1 
1 14 8 15 22 2 1 1 
1 27 17 10 3 1 4 1 
1 52 1 10 
1 27 21 8 5 1 1 
5 1 17 30 4 1 1 2 1 1 1 
1 23 2 4 17 4 5 8 
1 36 21 6 
16 11 25 2 1 4 1 3 1 
1 32 23 2 3 3 
3 22 31 1 2 5 
2 7 50 4 1 
2 61 1 
3 19 1 20 13 7 1 
13 35 14 1 1 
3 54 7 
2 5 18 10 22 6 1 
13 27 24 
21 9 10 3 20 1 
1 39 3 19 1 1 
1 22 21 7 8 5 
1 31 30 2 
1 26 15 14 5 1 1 1 
1 45 18 
1 10 2 26 8 17 
2 32 12 10 3 1 4 
3 33 20 6 2 
4 20 40 
1 53 10 
1 37 15 9 2 
1 12 38 8 3 2 
2 53 1 8 
2 49 6 5 2 
3 5 50 5 1 
6 15 13 19 2 8 1 
2 52 4 3 3 
1 55 6 2 
55 3 3 2 1 
1 35 24 1 2 1 
5 35 13 7 1 1 1 1 
2 39 22 1 
1 63 
2 27 2 15 15 3 
3 23 4 29 4 1 
1 32 19 2 7 3 
4 41 18 1 
2 26 23 8 2 1 2 
1 58 5 
1 63 
3 44 16 1 
10 54 
2 48 5 2 5 1 1 
1 19 11 23 1 3 6 
1 63 
5 28 11 2 18 
4 29 28 1 1 1 
1 24 5 10 8 7 4 2 3 
9 47 1 2 3 1 1 
1 41 16 2 3 1 
2 50 12 
5 22 22 2 7 1 2 3 
1 43 19 1 
18 9 8 3 26 
5 35 8 3 3 6 4 
1 4 7 50 2 
7 51 2 1 1 2 
1 58 3 1 1 
1 15 45 1 2 
18 39 2 5 
1 61 2 
9 25 3 22 3 1 1 
1 10 32 13 4 3 1 
1 53 3 5 1 1 
7 38 12 2 4 1 
11 9 35 4 2 1 1 1 
10 3 4 34 6 1 1 2 1 1 1 
5 7 50 1 1 
8 21 30 2 2 1 
62 2 
3 11 17 18 2 7 1 4 1 
3 43 16 1 1 
24 3 26 11 
16 10 15 6 3 13 1 
1 33 9 16 5 
1 60 1 2 
1 14 41 3 4 1 
1 51 10 1 1 
5 7 46 4 1 1 
3 57 4 
1 41 22 
1 24 24 12 1 1 1 
1 45 18 
22 29 6 1 2 2 1 1 
5 46 3 7 2 1 
1 42 10 8 2 1 
2 16 16 15 12 3 
1 27 26 1 7 2 
2 1 7 40 7 4 3 
2 15 11 10 12 10 2 1 1 
1 46 17 
1 7 27 12 2 15 
15 12 3 18 4 8 4 
8 51 5 
3 51 9 1 
1 8 9 45 1 
64 
1 10 2 18 10 9 13 1 
1 26 22 15 
1 39 24 
53 3 4 2 2 
4 26 32 2 
5 35 9 10 5 
14 16 5 27 2 
1 16 7 13 1 23 1 2 
1 36 10 2 8 1 5 1 
1 37 15 10 1 
2 60 2 
24 38 1 1 
1 6 43 4 10 
3 11 19 15 4 7 5 
1 58 5 
19 23 20 2 
5 38 16 4 1 
3 53 7 1 
45 17 1 1 
6 54 4 
1 33 23 4 2 1 
4 45 3 4 5 2 1 
31 28 4 1 
8 20 29 3 4 
64 
2 50 11 1 
1 50 13 
23 3 5 10 13 9 1 
5 38 16 1 1 1 1 1 
1 3 21 23 10 4 2 
1 2 40 21 
8 12 18 20 1 4 1 
3 42 7 7 2 3 
2 59 2 1 
27 36 1 
26 26 10 2 
4 47 9 3 1 
2 48 12 2 
4 7 16 11 7 8 7 2 1 1 
38 18 8 
4 27 8 5 18 2 
11 28 25 
64 
12 41 1 10 
4 56 4 
14 33 2 8 6 1 
1 22 41 
13 34 6 8 2 1 
2 11 11 10 15 7 7 1 
61 3 
1 46 17 
29 22 12 1 
7 50 4 1 2 
21 8 14 8 1 8 3 1 
4 27 33 
62 1 1 
3 50 11 
1 32 15 9 3 1 2 1 
1 62 1 
14 37 1 12 
3 19 31 6 4 1 
1 41 21 1 
2 1 45 2 4 5 3 1 1 
1 47 10 3 1 2 
24 39 1 
11 27 7 11 1 6 1 
2 28 9 4 5 5 5 6 
60 2 1 1 
3 16 20 13 12 
2 59 3 
2 5 14 22 6 4 2 3 4 1 1 
1 6 24 8 1 7 15 1 1 
1 10 50 3 
1 1 25 24 10 3 
1 10 17 3 32 1 
9 13 19 23 
4 11 5 11 9 6 4 6 1 1 2 1 3 
3 47 3 5 5 1 
1 23 27 11 2 
2 3 13 25 15 6 
1 39 19 5 
5 59 
2 33 4 10 12 2 1 
6 46 8 1 2 1 
9 51 4 
1 44 9 9 1 
20 26 11 7 
5 7 22 22 8 
9 14 18 10 5 5 3 
1 23 19 2 3 6 3 7 
1 21 18 1 20 2 1 
7 24 12 2 4 5 4 6 
33 20 8 3 
14 23 5 10 9 3 
5 48 2 3 5 1 
7 44 6 2 2 3 
29 10 17 3 4 1 
2 47 14 1 
1 52 11 
3 55 3 2 1 
34 17 5 7 1 
1 20 20 7 1 14 1 
7 28 28 1 
1 6 43 9 4 1 
2 46 6 6 4 
5 16 42 1 
2 40 22 
4 44 10 6 
1 30 11 16 1 3 1 1 
42 20 2 
1 47 11 4 1 
1 63 
64 
5 1 37 1 17 3 
1 4 28 10 9 10 2 
7 47 9 1 
2 39 21 1 1 
3 18 21 3 14 5 
1 3 6 23 11 9 7 4 
5 35 9 6 5 4 
1 34 29 
2 16 2 29 5 7 3 
1 54 2 7 
61 2 1 
1 37 8 6 12 
53 11 
4 53 7 
1 15 8 5 7 5 6 5 3 2 7 
1 25 26 5 3 3 1 
4 2 30 16 3 2 1 4 1 1 
3 14 44 1 1 1 
1 19 1 10 4 9 5 8 6 1 
48 14 2 
39 2 19 2 2 
2 46 9 2 2 1 2 
4 56 1 3 
2 20 20 22 
24 25 4 11 
20 4 1 15 2 7 3 4 2 2 4 
35 2 15 4 1 1 1 5 
6 43 6 8 1 
3 58 2 1 
1 28 20 11 4 
2 42 11 8 1 
3 14 36 10 1 
12 40 8 3 1 
1 22 41 
3 20 24 2 10 5 
19 30 6 6 2 1 
1 21 42 
2 9 20 5 5 20 1 1 1 
2 27 27 1 3 2 2 
1 31 7 13 2 2 6 2 
4 8 8 5 11 2 12 9 3 1 1 
7 3 11 2 1 2 34 2 2 
1 26 2 30 5 
56 3 4 1 
5 10 1 41 5 1 1 
12 4 6 6 10 5 7 2 6 3 1 2 
1 52 4 4 3 
1 46 15 2 
2 62 
7 24 2 17 11 2 1 
9 3 50 1 1 
3 23 33 3 2 
5 41 10 4 3 1 
1 39 12 5 4 3 
2 27 34 1 
1 60 2 1 
1 54 1 8 
2 11 10 19 8 3 8 1 2 
6 28 15 10 5 
5 9 32 13 1 2 1 1 
5 33 2 13 2 5 1 2 1 
2 5 57 
1 10 18 28 5 2 
3 33 21 1 6 
4 45 2 5 6 2 
1 14 44 3 2 
1 42 5 7 5 4 
3 39 9 9 1 1 1 1 
12 16 26 1 3 4 1 1 
2 59 2 1 
54 6 1 3 
64 
1 9 3 10 24 10 7 
1 52 9 1 1 
1 30 6 12 14 1 
1 31 10 11 6 2 3 
3 23 34 3 1 
59 5 
62 2 
7 48 5 2 2 
63 1 
1 9 21 2 16 4 8 1 1 1 
5 1 26 4 13 2 1 3 7 2 
30 30 1 1 2 
2 61 1 
1 27 36 
1 16 27 6 6 3 1 1 1 1 1 
9 7 24 12 10 2 
9 48 3 3 1 
2 59 3 
18 25 20 1 
2 21 11 15 13 1 1 
46 12 2 1 1 2 
59 5 
14 21 25 4 
12 47 4 1 
2 47 15 
2 29 26 6 1 
1 28 5 1 20 7 1 1 
2 43 16 1 2 
1 9 47 1 4 1 1 
2 15 29 3 12 1 1 1 
3 11 11 25 1 5 3 1 2 1 1 
2 48 3 5 1 3 2 
2 28 24 9 1 
2 5 44 12 1 
5 7 28 2 17 2 3 
3 17 27 17 
8 41 5 8 1 1 
4 43 7 8 1 1 
5 34 5 11 7 1 1 
1 2 36 5 7 4 9 
40 23 1 
2 24 37 1 
57 4 3 
1 16 9 33 2 1 2 
63 1 
12 52 
1 36 27 
12 29 8 13 1 1 
4 17 43 
1 36 8 16 3 
18 46 
1 13 10 16 23 1 
1 44 4 6 7 1 1 
10 52 2 
1 15 20 7 17 2 2 
1 37 25 1 
1 61 2 
1 27 28 1 6 1 
1 1 24 18 14 3 2 1 
4 57 2 1 
4 20 20 1 2 12 4 1 
1 35 1 27 
1 48 4 1 10 
2 47 4 8 3 
2 24 36 1 1 
1 39 2 4 6 4 3 2 1 2 
42 3 10 3 3 3 
1 29 32 1 1 
7 18 3 5 1 16 12 1 1 
1 5 58 
1 63 
1 59 4 
1 9 29 6 6 10 1 1 1 
4 56 2 1 1 
5 48 11 
7 17 38 2 
1 60 1 2 
59 5 
1 18 20 15 1 6 1 1 1 
2 14 15 5 20 5 2 1 
61 2 1 
1 5 30 28 
3 18 5 23 15 
1 44 3 7 6 1 2 
9 29 8 16 1 1 
3 49 1 11 
3 43 17 1 
49 10 4 1 
16 44 3 1 
3 25 27 3 2 2 1 1 
1 12 16 12 4 13 4 1 1 
1 20 3 40 
1 44 1 1 8 8 1 
1 43 19 1 
1 24 15 15 3 2 1 2 1 
6 5 31 15 2 3 2 
31 17 16 
6 27 30 1 
6 35 1 16 6 
1 54 1 4 2 2 
1 35 21 4 2 1 
5 31 26 2 
3 44 10 3 1 2 1 
1 49 13 1 
1 5 39 6 9 3 1 
10 14 18 14 2 4 1 1 
45 13 5 1 
2 40 14 2 5 1 
1 33 27 2 1 
16 15 8 7 18 
1 21 2 14 17 1 5 3 
2 41 20 1 
22 20 3 16 3 
1 23 17 14 1 5 3 
1 34 10 5 14 
1 9 6 41 3 1 2 1 
4 47 8 1 2 2 
55 1 7 1 
1 41 19 2 1 
2 10 23 17 11 1 
3 10 4 38 2 3 4 
2 42 12 8 
10 51 3 
4 1 23 2 6 9 7 8 2 2 
5 15 20 22 1 1 
10 12 19 12 2 4 2 1 2 
5 58 1 
43 11 8 1 1 
9 7 48 
1 59 2 2 
1 57 1 2 3 
2 45 9 5 1 2 
1 14 42 2 5 
4 31 29 
3 34 6 13 3 4 1 
5 10 39 7 2 1 
4 6 41 4 2 3 1 1 1 1 
11 8 40 5 
2 53 9 
32 8 10 12 1 1 
64 
59 5 
1 5 42 4 2 4 4 2 
10 37 6 1 5 3 1 1 
16 46 1 1 
1 60 3 
1 22 8 7 3 18 1 4 
10 20 12 17 3 1 1 
34 3 14 2 8 3 
19 8 25 9 1 2 
1 42 14 6 1 
30 5 29 
3 50 11 
33 28 3 
3 29 6 5 21 
1 29 10 6 8 9 1 
45 15 4 
1 43 18 1 1 
1 58 2 3 
2 26 5 11 12 4 2 1 1 
3 34 10 11 6 
1 2 30 24 1 4 1 1 
13 39 12 
1 5 22 36 
24 15 4 5 9 4 2 1 
1 17 10 10 1 10 7 3 4 1 
1 33 23 1 1 5 
1 34 28 1 
2 40 12 7 3 
9 37 3 2 9 3 1 
43 8 7 1 5 
1 23 40 
1 39 24 
1 46 3 13 1 
7 46 9 1 1 
3 42 13 6 
3 15 44 2 
1 52 3 6 1 1 
1 15 29 7 10 1 1 
1 43 2 9 1 7 1 
3 56 4 1 
64 
1 4 6 20 30 2 1 
1 59 2 2 
22 31 7 2 2 
22 33 5 3 1 
38 4 1 1 13 6 1 
2 55 7 
59 4 1 
5 16 13 6 11 6 1 6 
9 32 19 3 1 
20 41 2 1 
8 14 31 7 4 
1 57 2 4 
59 2 2 1 
1 4 34 10 4 9 1 1 
6 41 17 
1 49 14 
11 25 19 6 2 1 
2 31 11 16 1 1 2 
3 12 8 40 1 
2 12 40 6 4 
4 38 3 13 6 
2 37 7 14 1 2 1 
1 37 21 3 2 
7 3 36 12 6 
2 36 14 9 2 1 
1 12 45 5 1 
62 2 
1 26 32 3 1 1 
6 39 6 12 1 
1 42 3 7 7 2 1 1 
5 19 6 33 1 
16 40 4 4 
24 22 17 1 
1 40 17 2 3 1 
2 8 22 10 21 1 
2 38 17 4 1 1 1 
3 30 7 4 6 7 3 2 1 1 
54 3 1 1 5 
14 22 28 
1 45 2 4 11 1 
4 36 9 14 1 
37 25 1 1 
33 21 7 2 1 
4 10 40 10 
2 26 34 1 1 
4 59 1 
2 53 2 6 1 
2 5 18 13 12 2 2 2 3 1 1 3 
2 62 
1 7 11 11 27 1 5 1 
3 50 1 4 2 1 3 
3 11 8 36 4 1 1 
7 37 11 2 3 1 2 1 
2 20 40 2 
16 46 2 
1 32 8 21 2 
2 47 9 6 
3 33 7 7 6 4 2 1 1 
1 29 10 1 14 2 5 1 1 
5 26 33 
1 46 16 1 
60 1 2 1 
39 22 3 
13 2 26 13 8 1 1 
1 4 46 11 2 
4 47 9 2 2 
32 21 1 5 5 
1 4 27 2 29 1 
7 21 28 2 4 1 1 
1 47 13 1 2 
7 45 5 5 2 
1 33 12 1 17 
2 46 10 1 3 1 1 
13 44 1 3 3 
4 49 11 
2 33 17 5 1 1 3 1 1 
2 37 20 2 1 2 
1 35 8 16 1 1 2 
3 22 22 16 1 
2 14 48 
1 49 14 
1 5 2 41 5 10 
1 20 10 31 2 
16 25 16 3 4 
22 8 23 2 4 3 1 1 
3 25 17 4 3 8 1 3 
4 48 4 4 4 
7 27 20 6 1 3 
1 29 21 6 4 2 1 
50 10 4 
1 13 47 1 1 1 
60 2 1 1 
4 49 11 
4 44 16 
2 38 3 19 2 
1 55 8 
1 32 27 2 2 
1 54 8 1 
5 25 29 5 
5 19 1 32 6 1 
6 50 1 1 6 
1 27 30 2 1 1 1 1 
1 53 7 1 1 1 
1 53 4 5 1 
1 53 10 
4 34 22 2 1 1 
42 3 9 2 3 5 
59 1 2 1 1 
8 1 5 48 1 1 
1 60 3 
1 27 6 18 2 8 1 1 
40 4 17 2 1 
1 35 10 1 10 4 1 2 
14 6 34 5 2 2 1 
1 28 22 4 4 4 1 
3 25 34 1 1 
1 58 4 1 
5 8 38 2 6 4 1 
2 39 21 2 
2 33 22 1 3 3 
8 2 19 21 5 4 4 1 
2 53 9 
61 1 1 1 
2 32 5 23 1 1 
1 63 
3 10 42 3 6 
1 19 39 5 
2 25 24 3 3 2 3 1 1 
11 48 5 
1 60 1 2 
10 5 41 8 
1 23 13 7 12 6 2 
1 42 1 6 1 13 
2 24 36 2 
2 21 4 10 14 10 1 2 
1 22 41 
19 37 8 
2 53 3 3 1 1 1 
5 16 30 10 3 
1 63 
32 30 1 1 
10 50 3 1 
1 23 11 15 4 3 5 1 1 
21 6 26 9 2 
18 41 1 4 
8 41 12 3 
1 46 16 1 
9 6 34 5 1 4 5 
16 38 9 1 
1 4 5 46 2 2 4 
39 12 4 3 3 2 1 
1 37 6 8 10 2 
33 25 3 1 2 
4 19 22 7 12 
22 22 9 9 2 
1 23 8 30 2 
1 19 16 15 6 6 1 
24 14 9 3 14 
2 13 38 2 2 7 
1 54 9 
6 46 12 
55 9 
30 30 4 
9 48 7 
1 32 18 6 6 1 
2 61 1 
6 45 9 2 2 
1 19 28 15 1 
1 40 1 7 10 3 1 1 
2 60 1 1 
21 23 17 2 1 
3 19 10 29 3 
2 33 18 11 
1 62 1 
8 21 31 2 2 
2 60 1 1 
3 52 9 
3 9 17 4 29 2 
1 26 22 7 1 3 3 1 
47 10 7 
10 19 9 17 7 2 
5 7 19 26 1 6 
32 9 7 15 1 
2 40 3 10 7 2 
6 25 21 11 1 
2 1 45 1 1 10 1 2 1 
1 30 3 11 16 2 1 
16 10 23 15 
8 51 3 2 
2 58 4 
4 48 7 4 1 
1 42 15 1 5 
1 28 35 
1 57 4 1 1 
2 36 4 4 6 3 9 
6 51 3 4 
9 40 8 6 1 
1 13 9 20 7 13 1 
1 30 16 5 6 1 4 1 
2 40 19 3 
5 21 8 4 26 
1 32 5 3 20 1 1 1 
1 23 26 14 
9 20 16 8 9 2 
2 58 1 3 
2 3 12 20 2 24 1 
2 34 9 3 10 2 2 1 1 
1 29 4 23 6 1 
4 23 12 9 9 1 3 2 1 
46 6 7 2 3 
1 12 29 22 
64 
5 20 32 6 1 
1 43 19 1 
8 17 21 4 3 1 10 
10 33 18 3 
1 3 36 12 2 5 1 3 1 
28 7 15 1 11 2 
14 50 
1 23 38 1 1 
6 15 33 1 8 1 
13 35 1 9 6 
1 61 1 1 
3 35 23 2 1 
6 42 7 3 2 3 1 
7 14 43 
1 40 4 16 1 1 1 
4 10 49 1 
3 33 6 16 4 2 
1 22 20 14 3 2 2 
3 40 7 4 6 1 3 
27 29 4 2 1 1 
21 34 1 1 3 4 
11 49 4 
10 5 10 10 11 17 1 
2 32 22 4 2 2 
1 16 25 3 10 2 5 1 1 
2 43 18 1 
3 26 33 2 
1 53 3 4 3 
1 25 3 5 7 21 2 
12 49 3 
1 17 3 27 13 3 
6 11 3 16 16 4 2 4 2 
3 48 13 
1 23 11 21 1 5 1 1 
10 50 4 
1 62 1 
29 13 2 15 5 
1 5 58 
2 43 3 12 3 1 
50 13 1 
8 24 5 4 12 7 3 1 
2 8 19 21 4 7 2 1 
62 2 
1 63 
1 44 15 2 1 1 
1 35 4 20 4 
2 55 7 
1 60 3 
3 14 37 10 
1 20 15 14 1 3 1 6 2 1 
1 40 4 19 
18 46 
10 52 2 
6 3 50 2 2 1 
1 7 4 35 1 4 9 3 
6 54 3 1 
1 54 7 1 1 
61 3 
1 10 2 5 14 19 9 1 3 
1 52 11 
1 34 7 12 7 2 1 
35 24 1 1 2 1 
1 14 12 15 8 9 3 2 
2 49 8 3 1 1 
2 45 7 8 1 1 
4 27 18 12 3 
3 25 8 9 11 3 3 1 1 
10 10 21 21 1 1 
1 40 8 8 1 3 3 
2 35 16 8 3 
2 37 2 16 6 1 
2 53 8 1 
3 14 45 1 1 
42 13 6 2 1 
6 18 19 15 4 2 
1 34 17 7 1 1 1 1 1 
29 22 11 2 
21 42 1 
27 19 8 4 2 4 
1 17 35 7 4 
2 17 37 4 4 
1 8 48 5 1 1 
1 3 34 25 1 
3 18 23 12 5 2 1 
2 23 10 1 6 15 3 1 3 
3 53 7 1 
2 16 34 9 2 1 
2 14 38 9 1 
11 16 35 2 
39 14 10 1 
1 62 1 
1 9 26 4 23 1 
3 19 42 
1 1 37 1 6 2 9 1 4 2 
1 49 8 1 4 1 
4 40 3 14 3 
30 32 2 
38 16 4 2 1 2 1 
3 19 41 1 
5 28 2 11 12 1 5 
12 41 5 1 5 
1 63 
1 62 1 
3 46 5 8 1 1 
14 32 12 5 1 
2 44 17 1 
1 41 17 5 
4 57 1 2 
1 4 48 11 
2 42 12 1 7 
3 10 37 14 
35 1 24 3 1 
32 17 6 9 
18 13 7 19 6 1 
11 27 15 3 4 4 
4 60 
1 49 2 9 3 
2 56 6 
1 16 31 13 1 2 
1 4 45 3 3 2 1 3 1 1 
52 11 1 
1 37 14 1 3 2 4 1 1 
7 17 34 5 1 
2 55 7 
1 8 17 21 6 3 7 1 
11 51 1 1 
1 21 41 1 
3 26 11 6 16 1 1 
16 4 43 1 
2 25 11 14 7 3 1 1 
1 10 16 22 12 2 1 
13 7 19 22 1 2 
3 5 36 1 10 9 
1 41 14 6 1 1 
1 44 11 5 2 1 
2 5 3 13 31 6 4 
14 11 27 10 2 
10 48 5 1 
3 40 21 
2 56 3 1 2 
11 43 10 
3 46 11 4 
31 21 4 8 
1 23 17 17 6 
31 14 18 1 
8 23 2 24 6 1 
3 34 17 3 1 5 1 
18 14 11 6 11 2 2 
58 4 2 
1 50 3 10 
2 31 19 9 3 
1 35 5 2 20 1 
12 35 17 
35 9 7 5 2 1 1 4 
1 13 24 25 1 
23 36 5 
1 58 4 1 
1 34 20 1 1 3 3 1 
1 42 20 1 
2 23 19 6 5 7 2 
1 45 14 2 2 
2 52 10 
10 48 5 1 
7 29 25 3 
1 37 26 
2 39 8 3 3 9 
1 12 24 9 5 12 1 
2 56 6 
2 37 25 
1 56 5 2 
1 2 40 12 5 4 
1 41 20 2 
1 62 1 
1 28 2 22 6 5 
1 12 28 11 12 
1 38 8 14 1 1 1 
57 5 1 1 
1 43 20 
3 40 21 
3 43 2 16 
11 32 16 2 2 1 
3 38 16 7 
35 5 20 3 1 
1 28 33 2 
2 44 17 1 
13 43 5 3 
6 1 32 12 13 
1 12 44 2 1 1 3 
13 33 6 10 2 
1 35 28 
1 35 14 3 3 2 4 2 
4 53 7 
17 14 8 22 3 
1 17 16 10 14 5 1 
19 30 15 
17 27 9 6 1 4 
4 29 16 15 
6 12 8 5 22 8 1 1 1 
1 47 10 5 1 
7 10 13 7 13 1 4 3 3 2 1 
11 40 9 3 1 
6 26 29 1 2 
1 4 3 12 15 4 18 5 1 1 
48 15 1 
64 
1 27 14 17 1 2 2 
57 7 
1 3 58 1 1 
1 48 15 
1 39 19 2 2 1 
20 38 4 2 
1 59 4 
23 17 10 6 4 4 
1 38 8 9 8 
3 14 23 21 3 
2 56 6 
1 62 1 
9 23 32 
4 21 8 1 24 1 2 1 1 1 
1 42 6 13 1 1 
5 10 3 13 16 5 9 1 2 
4 13 5 36 6 
1 15 12 5 23 7 1 
1 19 22 17 3 1 1 
15 29 3 17 
61 1 2 
10 24 27 3 
5 33 6 3 7 9 1 
1 9 44 1 7 2 
2 31 2 29 
2 59 3 
1 22 19 20 2 
8 3 37 1 4 4 3 1 2 1 
1 4 44 15 
29 23 12 
62 1 1 
1 12 30 6 1 6 8 
3 21 14 1 1 3 5 12 4 
1 51 11 1 
1 41 16 3 3 
2 56 1 5 
1 46 17 
1 34 29 
1 44 19 
1 9 19 1 23 3 6 1 1 
1 36 8 16 1 2 
9 44 8 2 1 
2 53 8 1 
5 54 1 4 
3 59 2 
2 3 8 8 34 1 1 4 1 1 1 
7 28 3 15 11 
3 16 35 8 1 1 
1 47 2 7 4 1 1 1 
2 42 3 15 2 
1 8 42 6 3 1 2 1 
1 30 5 23 1 4 
1 19 14 14 1 11 1 1 1 1 
3 21 40 
1 46 5 9 1 2 
1 12 3 18 26 3 1 
2 59 2 1 
42 18 3 1 
1 41 17 4 1 
2 32 11 14 1 1 3 
3 1 33 10 6 9 1 1 
15 49 
3 36 17 1 4 1 2 
16 6 16 3 16 6 1 
1 3 19 11 2 1 5 4 2 13 1 1 1 
1 21 42 
1 18 45 
1 13 49 1 
7 23 20 4 10 
2 11 11 39 1 
1 27 13 15 8 
5 54 2 2 1 
1 56 5 2 
1 20 39 2 1 1 
1 26 20 10 2 1 4 
1 62 1 
47 10 7 
2 35 26 1 
1 44 2 13 4 
7 42 9 4 2 
1 10 35 17 1 
1 58 2 2 1 
23 35 4 1 1 
34 6 21 3 
9 2 33 2 4 2 4 4 3 1 
2 56 6 
10 39 6 3 6 
18 26 4 3 12 1 
2 6 13 6 32 2 3 
16 33 12 2 1 
9 17 28 9 1 
1 24 4 27 6 2 
1 30 24 1 1 5 2 
41 20 1 1 1 
13 48 3 
64 
20 16 21 1 2 4 
1 12 21 10 17 3 
3 39 16 4 1 1 
1 21 41 1 
4 57 3 
2 28 5 13 9 2 4 1 
4 20 3 2 19 7 5 2 2 
4 18 35 2 3 1 1 
1 38 25 
1 35 7 21 
1 29 26 3 5 
4 46 6 7 1 
1 9 27 26 1 
2 11 47 1 1 1 1 
4 51 9 
2 51 11 
1 30 16 1 15 1 
6 39 19 
2 43 14 4 1 
2 42 13 3 1 3 
1 42 2 15 3 1 
12 43 4 3 1 1 
7 13 35 8 1 
60 3 1 
64 
1 59 1 1 2 
4 34 17 6 2 1 
18 4 23 4 1 11 1 2 
12 36 8 4 2 1 1 
2 17 45 
1 44 3 16 
3 60 1 
23 40 1 
60 3 1 
8 52 4 
1 45 11 6 1 
62 2 
13 38 13 
1 30 23 1 5 3 1 
1 11 31 8 5 5 2 1 
64 
7 28 4 20 3 2 
9 16 39 
24 21 19 
23 38 1 1 1 
9 43 12 
3 39 6 16 
6 21 10 20 6 1 
2 39 23 
2 14 27 20 1 
2 21 27 13 1 
6 54 2 2 
2 25 29 7 1 
3 41 16 2 2 
2 13 17 1 18 7 4 2 
2 55 1 3 1 2 
3 43 5 12 1 
63 1 
1 56 6 1 
48 13 1 1 1 
2 31 17 10 2 2 
1 62 1 
2 24 12 13 12 1 
1 13 41 9 
3 30 6 10 4 1 2 8 
1 55 8 
9 34 17 4 
1 10 41 8 4 
1 49 4 6 3 1 
62 1 1 
1 30 18 15 
1 46 14 1 2 
24 24 12 3 1 
26 26 8 2 2 
1 50 13 
17 10 33 1 3 
2 27 8 24 1 2 
1 37 21 3 1 1 
1 37 18 2 4 2 
3 5 1 17 27 7 2 2 
3 53 5 1 2 
4 35 25 
54 1 6 1 1 1 
1 57 6 
4 60 
6 19 15 9 8 1 6 
2 21 29 12 
6 9 12 2 2 25 8 
10 6 26 7 8 6 1 
29 22 10 3 
1 48 12 1 2 
1 27 27 3 3 2 1 
1 32 10 2 4 12 1 2 
1 5 39 9 2 4 3 1 
36 14 2 11 1 
1 10 37 11 3 1 1 
2 60 2 
1 53 7 1 2 
10 26 25 2 1 
1 17 27 2 6 7 4 
1 8 2 3 6 1 13 9 1 17 3 
1 58 5 
1 20 3 18 3 11 3 2 2 1 
8 21 1 34 
3 15 41 3 1 1 
1 58 2 3 
1 31 8 2 13 6 2 1 
2 32 24 2 1 1 2 
1 23 11 21 1 4 3 
15 1 13 15 4 9 4 2 1 
64 
1 51 5 7 
2 53 6 2 1 
7 49 8 
1 1 5 20 4 16 8 2 6 1 
8 51 4 1 
6 37 17 1 3 
1 51 12 
1 30 30 1 2 
1 15 27 19 2 
2 34 9 17 2 
1 21 42 
6 30 28 
19 11 10 10 14 
22 39 2 1 
3 10 22 2 17 9 1 
8 34 15 7 
1 24 39 
4 40 14 5 1 
4 19 41 
1 53 3 3 1 3 
1 21 2 30 1 4 1 1 3 
3 26 27 3 4 1 
1 43 4 4 10 1 1 
1 29 28 1 4 1 
4 25 35 
2 59 2 1 
2 5 2 11 11 18 2 1 2 4 1 1 2 1 1 
1 16 47 
64 
1 33 11 3 11 5 
1 60 2 1 
2 11 38 6 4 3 
9 10 17 11 1 1 6 7 1 1 
1 46 17 
1 19 21 21 2 
4 48 12 
5 56 2 1 
22 29 7 1 2 3 
11 45 8 
1 10 36 5 2 1 2 1 3 1 1 1 
1 13 13 16 3 3 11 3 1 
1 27 5 16 13 1 1 
1 43 8 8 4 
14 41 4 2 3 
1 62 1 
3 30 7 23 1 
1 1 48 10 4 
8 5 26 22 3 
13 28 16 4 1 1 1 
64 
1 47 3 5 3 3 2 
33 13 8 3 3 2 1 1 
23 32 8 1 
10 17 28 5 1 1 2 
29 7 10 8 1 3 3 1 1 1 
1 46 13 3 1 
2 57 5 
23 30 2 8 1 
17 31 3 12 1 
14 12 27 4 7 
1 3 8 29 10 8 2 1 2 
63 1 
5 32 24 1 2 
1 3 54 4 2 
2 7 16 21 10 4 1 1 1 1 
1 25 30 1 1 6 
1 54 9 
7 37 16 4 
64 
1 49 2 11 1 
64 
7 30 13 10 1 2 1 
1 20 39 2 2 
1 61 2 
1 40 10 5 3 1 4 
1 10 52 1 
2 23 13 4 22 
7 42 14 1 
1 43 15 2 2 1 
35 26 1 2 
11 35 18 
1 8 39 12 3 1 
1 49 3 2 2 5 2 
22 12 10 11 2 2 2 3 
8 15 33 1 3 2 2 
1 36 12 10 4 1 
1 20 18 17 1 4 1 2 
2 61 1 
3 20 18 2 12 5 2 2 
3 12 6 25 11 5 1 1 
40 14 10 
37 19 2 2 2 1 1 
2 16 11 4 10 10 6 3 2 
8 18 23 1 12 1 1 
32 25 1 5 1 
57 5 2 
42 7 2 1 1 7 1 3 
3 42 12 6 1 
1 53 4 4 1 1 
7 21 36 
62 1 1 
51 8 3 2 
1 5 23 16 9 2 2 1 5 
25 31 1 5 2 
10 21 20 2 3 1 7 
2 5 15 11 11 4 15 1 
13 30 18 1 1 1 
16 20 6 6 7 7 2 
1 13 17 1 26 5 1 
1 32 21 1 5 4 
1 53 10 
1 10 27 6 13 1 1 4 1 
58 1 3 2 
1 57 4 2 
5 36 22 1 
1 56 3 4 
1 54 6 1 1 1 
1 19 30 4 10 
6 38 20 
1 25 38 
40 18 6 
1 15 39 2 5 2 
7 25 12 1 1 7 1 10 
1 3 22 7 12 17 2 
1 59 4 
1 21 14 15 11 1 1 
4 23 7 21 4 5 
1 17 39 1 1 3 2 
1 6 15 30 5 7 
1 39 7 2 7 1 1 2 2 1 1 
6 21 18 19 
1 47 8 8 
1 10 23 13 4 6 7 
1 28 16 16 1 2 
7 51 2 2 2 
1 7 33 21 2 
64 
1 6 20 31 3 1 2 
40 1 18 2 2 1 
4 46 7 7 
2 57 5 
1 50 10 1 2 
1 43 3 3 8 4 2 
1 42 1 2 8 2 2 4 2 
1 19 14 7 9 3 1 1 3 2 4 
3 33 17 6 4 1 
64 
2 16 20 10 5 10 1 
11 45 8 
4 50 10 
11 14 24 10 3 2 
3 23 15 13 1 3 5 1 
62 2 
11 51 2 
11 40 5 1 6 1 
3 36 21 1 2 1 
2 57 1 1 2 1 
21 29 14 
4 31 16 12 1 
1 13 9 41 
59 3 1 1 
2 40 10 2 10 
1 43 12 3 1 1 1 1 1 
10 11 3 17 15 4 3 1 
1 20 35 8 
21 14 5 22 2 
5 21 25 13 
2 44 15 2 1 
64 
2 37 25 
1 25 35 1 2 
61 1 1 1 
4 21 14 6 14 5 
1 31 10 7 3 5 1 4 2 
1 29 33 1 
1 39 9 4 1 10 
3 60 1 
1 3 8 29 2 10 5 3 1 1 1 
3 16 28 5 10 1 1 
1 43 20 
6 8 48 2 
9 8 44 2 1 
25 34 3 1 1 
7 56 1 
46 5 8 3 1 1 
1 43 20 
1 61 2 
4 5 35 15 5 
1 58 5 
1 63 
1 4 56 2 1 
64 
7 26 13 9 9 
40 10 14 
1 39 11 7 4 1 1 
6 11 47 
3 37 12 8 3 1 
61 1 1 1 
37 8 1 2 16 
1 6 49 5 1 2 
62 2 
1 35 20 3 4 1 
1 53 4 1 3 2 
2 30 25 5 1 1 
1 28 34 1 
1 25 36 1 1 
1 52 2 9 
1 6 45 7 5 
15 46 2 1 
3 34 27 
1 26 29 3 5 
1 37 21 1 3 1 
9 47 6 1 1 
2 30 24 4 1 1 1 1 
1 30 31 1 1 
56 2 2 1 2 1 
1 11 30 16 3 1 2 
20 6 24 9 2 3 
1 21 9 15 12 5 1 
3 51 6 1 1 2 
1 42 14 3 3 1 
2 13 28 18 1 2 
1 26 28 9 
44 4 6 1 8 1 
7 23 12 21 1 
1 35 27 1 
2 18 39 5 
5 44 12 1 2 
1 19 23 5 1 8 5 2 
53 1 9 1 
1 54 8 1 
4 9 21 13 12 5 
1 7 8 11 31 2 3 1 
14 17 27 6 
1 45 4 1 10 1 1 1 
2 50 12 
2 22 40 
10 53 1 
5 32 7 8 8 1 1 2 
6 41 16 1 
2 1 22 31 3 2 2 1 
2 11 26 2 1 7 4 8 1 2 
8 47 3 3 1 1 1 
1 31 13 11 8 
3 53 4 2 2 
5 40 8 8 1 2 
1 62 1 
1 35 26 1 1 
3 32 12 16 1 
6 45 8 3 2 
57 5 2 
3 30 23 8 
6 39 1 9 8 1 
2 35 25 1 1 
1 18 26 9 10 
24 12 28 
2 40 9 8 1 3 1 
1 52 7 4 
3 8 36 4 9 3 1 
3 35 2 9 11 3 1 
1 47 16 
31 25 2 3 3 
3 41 10 2 2 5 1 
10 38 1 11 4 
2 46 1 2 1 2 10 
1 29 2 22 6 2 1 1 
1 8 16 24 8 4 2 1 
4 53 6 1 
3 15 44 2 
1 4 30 13 14 1 1 
1 53 6 3 1 
1 45 15 2 1 
13 25 6 5 3 7 2 1 1 1 
15 4 5 10 25 2 3 
2 8 54 
1 49 8 1 4 1 
38 1 22 3 
5 1 17 3 35 1 1 1 
4 26 20 2 6 1 2 3 
52 5 1 1 3 2 
2 46 12 1 2 1 
4 55 5 
27 27 6 3 1 
1 7 36 3 3 10 4 
3 22 39 
1 1 59 2 1 
1 2 2 43 3 3 10 
8 52 2 1 1 
6 1 40 13 4 
1 34 28 1 
5 55 4 
1 47 16 
1 18 26 9 10 
2 16 43 1 2 
38 18 8 
60 2 1 1 
10 20 3 31 
1 40 10 12 1 
4 33 7 14 2 2 1 1 
3 38 7 2 12 2 
1 32 3 11 11 2 4 
1 16 29 11 2 2 2 1 
30 24 10 
1 18 21 1 16 5 1 1 
10 11 17 22 4 
29 35 
2 48 14 
28 9 23 3 1 
4 32 11 13 1 1 2 
1 10 28 3 1 1 14 5 1 
1 53 8 1 1 
3 10 29 20 2 
1 52 2 6 1 2 
40 10 9 1 3 1 
9 21 28 4 2 
1 21 36 5 1 
3 52 9 
21 34 6 1 1 1 
2 49 10 1 2 
5 31 13 3 1 1 7 3 
1 21 29 12 1 
1 37 10 8 4 1 3 
1 16 6 10 30 1 
2 52 10 
1 53 2 5 2 1 
52 12 
2 16 4 7 28 5 1 1 
6 32 15 11 
1 27 23 5 7 1 
5 20 18 6 3 2 9 1 
1 26 26 8 3 
51 13 
1 18 10 31 1 1 1 1 
1 47 9 1 6 
1 31 32 
1 47 10 5 1 
1 46 4 6 3 2 2 
1 27 14 1 4 1 7 7 1 1 
62 1 1 
3 53 4 1 3 
2 23 1 36 2 
1 28 29 1 2 2 1 
48 2 14 
1 15 21 2 8 6 7 3 1 
2 5 53 1 3 
1 28 3 16 4 2 8 1 1 
2 52 10 
2 21 30 4 2 4 1 
2 51 7 1 3 
7 52 2 3 
1 60 3 
5 5 52 2 
8 27 22 3 4 
5 41 18 
10 41 2 5 4 1 1 
1 33 7 7 9 6 1 
23 29 11 1 
15 12 25 7 3 1 1 
1 34 9 12 1 2 4 1 
1 19 28 3 1 4 3 3 2 
2 56 5 1 
1 46 17 
60 4 
3 7 54 
2 7 46 5 1 1 2 
2 60 1 1 
45 19 
2 22 29 7 3 1 
1 63 
1 27 20 5 7 3 1 
1 6 55 2 
2 22 8 2 4 23 2 1 
2 50 5 3 3 1 
1 11 21 14 17 
3 54 2 1 3 1 
4 8 21 3 19 2 4 1 2 
3 21 3 13 22 2 
10 31 23 
3 15 33 7 3 1 2 
3 38 16 6 1 
27 36 1 
1 15 40 1 4 3 
6 46 1 11 
2 40 12 2 1 2 5 
1 55 5 3 
1 45 16 2 
1 35 17 11 
1 60 2 1 
62 1 1 
2 13 49 
1 51 11 1 
4 38 2 1 8 11 
41 5 5 1 7 3 2 
2 42 18 1 1 
1 6 48 1 1 7 
6 33 17 3 5 
53 4 1 4 2 
1 21 24 3 8 3 2 2 
2 24 22 8 5 2 1 
4 51 1 1 7 
11 34 11 4 1 1 2 
9 53 2 
2 50 12 
6 49 8 1 
8 1 35 20 
11 40 6 2 5 
3 16 22 3 15 3 1 1 
1 48 4 11 
64 
4 21 24 11 2 1 1 
1 54 8 1 
1 7 51 2 2 1 
1 32 1 27 1 1 1 
1 32 10 8 5 1 1 5 1 
1 6 3 6 41 1 4 1 1 
21 25 2 9 7 
1 18 24 15 1 1 3 1 
1 9 4 49 1 
1 47 4 12 
5 52 7 
1 32 9 21 1 
1 49 14 
1 60 3 
1 21 36 1 3 2 
18 43 2 1 
12 51 1 
29 15 8 6 4 2 
1 2 5 24 17 13 2 
3 56 1 2 2 
26 17 13 2 4 2 
1 14 28 12 8 1 
13 16 35 
2 31 25 4 2 
2 2 38 6 16 
6 18 12 8 20 
1 33 19 5 1 4 1 
63 1 
17 16 18 9 4 
15 22 23 4 
4 20 2 13 20 2 3 
1 21 33 3 2 2 1 1 
2 61 1 
3 12 22 22 1 4 
17 18 28 1 
1 29 15 17 2 
1 60 3 
1 54 2 5 2 
29 19 13 2 1 
2 9 38 1 1 6 2 1 1 2 1 
7 21 11 1 8 7 7 1 1 
4 6 24 29 1 
3 52 7 2 
2 14 7 34 4 1 1 1 
59 5 
61 1 2 
4 60 
3 16 7 6 27 1 2 1 1 
2 34 27 1 
39 8 6 1 8 2 
1 34 15 11 2 1 
2 8 29 14 5 3 3 
6 56 1 1 
1 18 43 1 1 
2 48 8 6 
4 38 4 2 16 
1 31 12 19 1 
3 52 7 1 1 
18 43 2 1 
5 29 11 6 11 2 
1 31 23 8 1 
6 50 2 1 5 
1 20 36 6 1 
2 47 1 7 2 1 3 1 
58 6 
34 19 6 3 2 
2 22 24 2 6 7 1 
1 46 1 16 
19 14 25 5 1 
4 57 3 
17 45 2 
2 30 27 4 1 
1 30 30 2 1 
7 9 15 30 1 1 1 
1 18 2 30 4 3 2 3 1 
5 4 25 18 5 7 
11 18 23 1 10 1 
1 18 43 1 1 
16 3 32 8 1 3 1 
3 40 9 9 2 1 
1 30 21 2 8 2 
1 46 17 
4 49 11 
3 17 16 6 8 9 3 1 1 
1 29 7 6 21 
1 61 1 1 
1 13 34 9 4 1 1 1 
4 46 10 4 
1 63 
3 14 4 30 4 1 8 
2 51 2 3 6 
4 43 11 4 2 
1 8 6 40 8 1 
12 33 19 
12 1 4 44 3 
6 2 53 3 
25 11 12 15 1 
3 44 2 6 4 5 
2 54 4 1 1 2 
1 44 9 4 5 1 
5 46 11 2 
1 12 15 22 8 1 2 3 
2 5 10 23 11 12 1 
2 48 5 7 2 
2 23 11 14 9 2 1 2 
4 2 36 19 3 
1 27 3 5 21 3 3 1 
1 28 17 9 3 2 3 1 
18 16 17 11 2 
2 57 3 1 1 
1 40 14 6 3 
2 17 6 34 2 1 1 1 
11 32 15 5 1 
23 2 14 3 5 13 1 3 
31 30 3 
1 59 3 1 
17 22 6 5 5 9 
1 47 12 2 2 
3 33 6 16 6 
1 17 37 2 3 4 
1 45 10 8 
7 16 41 
1 1 54 5 2 1 
1 60 3 
1 32 24 1 1 5 
4 29 21 9 1 
1 17 43 3 
2 49 13 
1 25 38 
5 36 5 6 1 2 2 3 2 1 1 
4 12 27 5 12 1 1 2 
3 29 13 19 
2 60 2 
1 32 2 19 6 2 2 
1 10 38 2 12 1 
22 6 13 2 18 1 1 1 
4 22 19 8 11 
3 35 22 3 1 
1 55 7 1 
1 17 4 1 12 3 1 3 3 4 4 10 1 
3 5 50 1 5 
1 30 5 11 10 6 1 
1 45 18 
1 44 4 4 7 2 1 1 
6 43 8 5 2 
64 
1 52 11 
2 58 2 2 
5 10 5 16 28 
1 52 9 1 1 
17 18 5 17 6 1 
2 47 11 4 
1 53 10 
5 17 40 2 
1 47 5 5 4 1 1 
64 
27 15 17 3 1 1 
25 31 8 
2 20 42 
63 1 
1 60 2 1 
2 45 16 1 
3 32 3 12 3 1 9 1 
2 3 17 13 4 17 7 1 
19 42 1 1 1 
4 13 31 15 1 
1 56 1 4 1 1 
1 23 17 19 3 1 
34 29 1 
3 61 
3 44 12 1 3 1 
1 10 51 2 
1 49 8 1 4 1 
52 9 2 1 
1 38 1 1 20 2 1 
1 57 6 
1 41 14 2 4 2 
10 21 6 16 11 
3 25 5 8 13 4 1 5 
