1 11 48 1 4 
2 36 14 12 1 
7 8 6 4 31 7 2 
1 14 40 4 5 1 
1 58 6 
54 10 1 
47 11 7 
1 24 30 5 1 3 1 
1 55 6 2 1 
1 36 5 23 
2 4 16 4 36 2 1 
3 44 3 15 
1 5 50 9 
2 1 52 5 5 
1 18 32 9 1 2 1 1 
19 10 33 3 
5 17 21 1 17 1 2 1 
59 5 1 
1 9 5 50 
65 
26 27 2 9 1 
1 19 13 5 21 1 3 1 1 
3 9 16 26 3 5 3 
6 46 8 2 3 
57 2 4 1 1 
4 52 9 
2 1 42 16 3 1 
1 28 23 12 1 
1 39 7 8 7 1 2 
1 57 7 
2 3 34 14 9 3 
3 51 11 
1 16 16 3 7 10 10 1 1 
10 53 1 1 
1 35 4 10 5 10 
8 28 5 22 2 
1 9 36 4 12 2 1 
1 48 11 5 
1 28 32 4 
2 11 52 
13 31 2 19 
20 19 10 1 9 3 1 2 
54 9 1 1 
1 63 1 
20 28 4 10 2 1 
1 54 6 4 
1 43 3 15 3 
4 44 4 5 1 7 
11 25 26 1 2 
1 4 34 10 14 2 
1 19 25 2 4 14 
1 27 27 4 5 1 
1 11 13 25 11 1 3 
1 49 3 9 1 2 
27 26 1 9 1 1 
1 50 10 2 2 
2 43 6 14 
1 37 8 19 
1 8 25 9 2 14 5 1 
6 54 5 
2 27 27 1 2 4 1 1 
1 11 17 1 20 11 4 
3 28 17 15 1 1 
14 1 20 11 9 8 2 
2 41 12 6 1 3 
1 47 5 10 2 
4 59 2 
2 21 6 14 15 6 1 
10 18 5 30 2 
1 7 5 2 20 15 10 5 
39 24 2 
1 46 16 2 
14 31 9 8 3 
12 6 38 5 4 
20 38 1 6 
1 53 5 3 2 1 
1 13 37 2 5 1 1 1 1 1 2 
1 6 52 5 1 
52 3 8 1 1 
65 
14 33 13 4 1 
62 1 1 1 
18 44 1 2 
1 28 25 3 4 4 
51 4 10 
11 17 34 2 1 
1 2 14 33 1 14 
1 8 29 15 5 1 5 1 
48 2 4 9 1 1 
5 37 21 2 
24 19 17 3 2 
1 50 14 
2 38 8 15 2 
3 41 10 6 5 
20 18 20 3 3 1 
2 56 3 1 1 2 
1 63 1 
65 
2 1 59 1 1 1 
1 36 20 4 1 2 1 
2 60 2 1 
1 2 22 1 15 21 2 1 
1 62 1 1 
1 53 8 2 1 
1 64 
1 61 3 
22 10 11 9 2 1 8 2 
2 26 13 21 3 
7 35 7 7 3 2 1 1 1 1 
57 4 4 
1 15 33 8 7 1 
3 45 12 4 1 
1 48 12 4 
1 62 2 
32 12 16 3 2 
1 59 2 2 1 
1 62 2 
24 6 29 6 
2 46 14 1 1 1 
1 48 4 9 3 
2 8 2 25 15 5 1 4 2 1 
1 48 13 3 
8 34 18 5 
35 1 22 4 3 
1 43 12 5 4 
32 16 8 1 7 1 
27 27 6 3 1 1 
1 12 1 29 22 
4 53 8 
4 56 5 
1 62 2 
6 46 7 1 2 1 1 1 
3 33 16 7 1 1 3 1 
16 19 11 7 6 6 
8 29 28 
1 33 4 2 14 5 4 2 
1 63 1 
2 2 26 33 1 1 
7 52 1 5 
19 42 1 1 2 
2 20 21 6 14 2 
2 36 27 
2 11 42 2 6 2 
31 7 11 1 7 8 
36 10 4 14 1 
2 58 5 
58 7 
1 32 31 1 
9 27 16 9 3 1 
1 1 62 1 
1 45 8 2 5 3 1 
1 54 10 
5 32 24 4 
1 4 3 28 1 28 
4 8 46 2 5 
1 45 13 1 1 3 1 
65 
4 4 43 1 7 3 2 1 
1 10 21 32 1 
2 22 22 5 9 3 2 
1 49 6 2 2 2 3 
1 21 41 1 1 
1 55 9 
21 14 18 1 2 1 3 3 2 
49 5 4 1 5 1 
21 44 
2 54 4 2 3 
1 55 6 2 1 
4 26 35 
5 38 2 7 6 1 5 1 
1 15 7 21 12 8 1 
1 26 9 21 8 
59 1 4 1 
7 26 17 14 1 
1 2 4 37 19 1 1 
1 50 7 7 
22 40 1 1 1 
1 48 14 2 
1 29 34 1 
1 41 7 12 4 
1 22 42 
65 
3 42 20 
1 8 27 17 10 2 
7 56 2 
3 31 27 3 1 
1 46 18 
1 60 4 
30 22 12 1 
1 3 4 31 16 1 6 3 
2 53 3 5 1 1 
2 48 14 1 
1 44 5 2 8 1 1 2 1 
7 56 2 
12 12 34 5 2 
11 47 7 
1 5 40 11 8 
1 3 2 51 5 1 1 1 
5 4 29 21 5 1 
33 13 19 
2 20 21 16 6 
1 51 3 1 8 1 
2 23 31 6 3 
9 43 13 
2 37 6 4 3 12 1 
6 10 18 31 
4 6 46 2 7 
2 34 18 7 4 
8 35 10 9 1 1 1 
1 41 17 6 
2 45 13 4 1 
3 30 32 
26 31 1 5 1 1 
1 58 5 1 
21 31 8 1 2 2 
10 55 
1 10 30 12 8 1 2 1 
10 16 25 3 9 1 1 
1 12 29 12 11 
25 28 12 
32 13 3 7 1 1 1 4 3 
2 55 1 2 5 
1 17 47 
35 3 1 11 12 2 1 
62 3 
47 6 12 
1 22 20 11 3 6 2 
4 25 29 1 2 3 1 
1 3 22 15 9 5 1 3 3 2 1 
2 20 27 10 2 3 1 
11 8 4 40 2 
7 45 13 
11 11 29 13 1 
1 43 10 11 
58 2 2 1 2 
1 15 43 1 5 
1 39 2 4 10 2 7 
1 18 23 19 4 
58 7 
2 37 21 2 3 
1 52 5 2 1 3 1 
16 24 6 12 5 2 
1 58 2 1 2 1 
5 33 7 9 6 4 1 
10 24 15 4 3 1 8 
15 16 32 1 1 
3 1 5 19 5 25 2 1 3 1 
2 50 1 4 2 3 1 1 1 
1 35 8 9 12 
5 36 24 
13 43 9 
10 9 19 8 15 1 2 1 
35 14 16 
12 37 12 2 1 1 
6 57 1 1 
2 26 29 6 2 
1 20 12 15 16 1 
7 20 19 4 7 6 2 
5 43 9 8 
6 30 21 6 1 1 
1 56 3 4 1 
11 15 23 9 2 4 1 
5 48 5 6 1 
1 8 30 12 9 5 
4 40 11 5 5 
2 40 7 3 7 5 1 
1 27 13 22 2 
8 47 4 1 1 1 3 
3 15 2 7 29 9 
64 1 
1 42 1 14 3 2 1 1 
3 62 
3 39 7 2 9 3 1 1 
51 9 1 2 1 1 
4 25 23 6 1 6 
1 4 31 20 8 1 
3 57 5 
1 43 18 3 
1 11 3 48 2 
1 38 26 
1 17 24 5 4 5 4 5 
65 
4 32 27 1 1 
1 60 1 3 
3 4 51 1 5 1 
1 1 7 50 2 2 1 1 
6 54 5 
3 49 13 
1 52 12 
3 50 8 1 1 1 1 
17 47 1 
1 16 43 2 2 1 
12 3 37 4 9 
6 4 50 2 2 1 
1 29 35 
10 10 28 12 3 2 
3 20 18 8 16 
5 54 3 1 2 
31 4 10 5 7 7 1 
14 2 6 35 5 2 1 
2 42 10 8 1 1 1 
8 21 31 2 1 2 
5 8 18 18 12 1 3 
5 5 14 1 28 5 5 2 
5 58 1 1 
1 47 14 2 1 
1 41 13 7 3 
3 48 3 9 2 
5 45 5 4 4 2 
40 20 3 2 
3 21 20 7 10 2 2 
1 31 21 1 1 1 7 1 1 
1 31 29 2 2 
1 46 2 7 3 2 1 1 1 1 
1 57 5 1 1 
1 61 3 
1 6 24 4 2 2 7 7 7 1 1 1 1 1 
1 30 4 24 4 2 
3 16 22 15 5 1 2 1 
1 51 12 1 
4 23 7 10 15 4 1 1 
2 7 15 41 
60 1 2 2 
4 39 7 4 5 3 1 2 
5 15 37 7 1 
1 49 5 4 2 4 
1 46 18 
1 42 4 17 1 
1 44 3 17 
1 36 7 19 2 
1 6 24 25 9 
1 40 12 12 
1 1 6 21 27 4 4 1 
1 3 45 14 2 
4 36 3 7 6 5 1 2 1 
3 61 1 
1 64 
4 15 4 19 18 1 3 1 
1 7 21 14 11 2 2 6 1 
1 9 5 3 4 12 18 1 4 5 1 2 
1 43 20 1 
1 54 10 
3 30 32 
10 48 3 4 
17 30 1 14 2 1 
23 27 15 
1 12 21 8 19 1 1 2 
2 46 16 1 
5 22 33 4 1 
45 15 3 1 1 
19 16 11 6 2 11 
1 50 1 6 5 2 
1 17 26 8 8 1 2 2 
5 8 41 4 1 2 1 2 1 
1 32 24 1 3 2 1 1 
1 17 39 5 3 
2 23 12 8 2 14 1 2 1 
1 19 40 3 2 
8 34 17 6 
1 13 32 4 8 6 1 
1 51 13 
2 34 28 1 
9 41 2 13 
47 13 5 
6 42 11 4 2 
37 15 4 7 1 1 
2 10 2 4 40 2 5 
1 8 54 2 
1 61 2 1 
3 40 10 2 4 6 
13 4 41 6 1 
1 7 48 1 7 1 
5 33 11 8 7 1 
4 54 7 
1 63 1 
2 34 26 2 1 
5 29 8 6 1 15 1 
22 8 11 12 7 1 3 1 
36 1 3 22 2 1 
1 17 47 
1 63 1 
6 24 33 1 1 
16 19 7 17 6 
2 6 25 20 2 5 4 1 
2 47 13 2 1 
65 
1 43 11 9 1 
1 31 24 1 4 1 1 1 1 
1 18 4 37 1 1 1 1 1 
2 8 25 27 2 1 
1 20 22 6 15 1 
60 4 1 
5 42 10 7 1 
23 36 6 
1 18 17 4 4 7 7 5 1 1 
1 29 26 6 2 1 
16 4 28 17 
1 10 54 
1 51 12 1 
1 3 19 6 11 15 7 3 
1 6 20 2 16 3 16 1 
2 16 43 2 2 
11 34 20 
2 47 4 9 3 
1 29 11 3 18 3 
1 54 2 5 3 
27 31 4 3 
9 54 1 1 
1 47 17 
1 27 20 9 7 1 
2 59 2 2 
7 6 20 2 26 4 
7 40 6 11 1 
5 2 6 6 15 26 2 3 
15 49 1 
4 51 10 
5 15 5 5 34 1 
8 46 5 1 3 1 1 
9 27 29 
5 20 2 37 1 
2 13 28 6 6 1 9 
5 13 19 8 10 2 2 6 
1 1 48 12 3 
2 13 40 6 3 1 
1 26 22 5 1 8 1 1 
34 10 5 13 3 
65 
1 3 50 1 2 6 2 
60 5 
3 23 14 20 5 
1 3 10 41 3 5 2 
2 50 5 8 
1 20 21 10 11 1 1 
57 4 3 1 
30 26 9 
4 50 10 1 
2 9 1 34 12 4 1 2 
4 7 18 1 11 1 23 
2 28 14 4 3 9 2 2 1 
11 44 7 3 
2 56 5 1 1 
2 29 21 6 7 
1 1 35 11 11 2 2 1 1 
2 56 3 4 
1 60 1 2 1 
1 32 13 19 
1 48 1 2 4 3 4 2 
4 6 18 2 13 14 6 2 
19 26 11 9 
1 33 23 4 4 
6 3 40 10 6 
2 59 4 
1 59 1 4 
1 13 51 
1 27 22 7 8 
1 30 2 3 8 3 4 11 1 2 
1 24 12 15 9 4 
1 32 19 8 1 1 2 1 
2 58 5 
18 31 14 2 
1 5 19 3 3 33 1 
7 12 18 1 16 5 1 4 1 
1 15 26 4 2 5 6 2 2 2 
11 29 9 5 5 4 2 
50 8 1 6 
24 39 2 
3 19 5 24 2 9 3 
1 63 1 
1 5 34 5 8 10 2 
2 3 2 10 48 
61 2 1 1 
1 9 31 23 1 
15 18 7 25 
1 36 24 4 
5 20 3 11 12 5 9 
1 16 34 7 6 1 
3 62 
1 18 18 19 9 
5 27 5 1 9 18 
2 54 8 1 
5 36 24 
1 29 4 5 26 
55 2 4 1 1 2 
5 28 9 5 11 1 3 1 1 1 
1 22 9 4 12 5 9 3 
2 55 7 1 
58 3 2 1 1 
60 3 2 
1 54 10 
1 19 12 13 13 6 1 
2 23 28 11 1 
53 8 1 1 2 
1 47 16 1 
46 18 1 
44 19 1 1 
41 6 11 7 
1 35 21 7 1 
3 61 1 
62 3 
2 32 9 9 2 10 1 
4 10 24 16 8 3 
19 42 4 
1 19 45 
1 16 14 9 25 
45 15 1 3 1 
1 12 13 13 17 4 3 2 
18 31 13 2 1 
33 4 23 1 3 1 
7 41 16 1 
4 9 7 5 31 9 
1 39 5 12 8 
3 7 4 13 4 17 9 7 1 
1 13 34 15 2 
3 29 25 2 5 1 
3 5 39 17 1 
26 7 19 6 7 
2 3 50 2 6 2 
1 16 48 
3 15 25 18 4 
1 64 
3 49 5 5 2 1 
2 19 35 2 4 1 2 
1 37 14 7 5 1 
2 32 5 26 
10 39 8 6 2 
4 50 4 7 
1 13 43 3 2 3 
46 17 2 
1 55 3 5 1 
8 6 38 1 1 8 3 
2 36 25 1 1 
11 40 7 2 1 1 1 1 1 
1 4 12 30 11 4 3 
65 
59 6 
1 32 13 9 2 3 5 
47 12 3 3 
3 30 2 8 22 
8 21 27 2 1 5 1 
65 
16 19 10 9 5 5 1 
3 7 3 16 29 5 2 
13 49 1 2 
3 45 17 
1 32 16 7 5 2 2 
1 27 37 
4 22 22 8 3 6 
1 13 4 8 25 5 9 
11 28 3 20 3 
3 39 1 1 19 2 
4 11 13 15 10 12 
1 10 23 22 3 1 5 
1 41 4 15 2 1 1 
1 31 16 5 1 1 2 2 5 1 
1 63 1 
2 2 50 5 6 
1 18 35 7 3 1 
3 23 38 1 
1 52 6 1 2 2 1 
5 40 9 7 2 2 
13 7 23 21 1 
25 19 21 
1 2 49 13 
1 24 28 4 1 3 2 2 
1 61 1 2 
1 21 2 26 11 1 1 2 
1 46 16 2 
3 60 1 1 
65 
1 41 23 
35 11 15 2 2 
2 25 35 1 1 1 
1 32 3 29 
3 33 28 1 
6 28 27 1 2 1 
1 64 
42 10 4 8 1 
1 60 1 3 
2 37 10 7 2 6 1 
63 2 
52 9 2 2 
2 3 33 12 15 
3 10 22 23 6 1 
5 35 24 1 
1 21 4 28 7 2 2 
6 33 19 3 4 
8 56 1 
1 43 21 
5 36 15 4 3 2 
7 23 11 11 5 1 4 2 1 
1 23 33 3 4 1 
2 54 9 
1 17 35 3 5 3 1 
2 62 1 
12 30 1 2 11 6 1 2 
1 32 15 15 2 
1 52 1 9 2 
2 37 16 10 
40 14 11 
16 4 1 26 17 1 
39 17 9 
3 2 14 21 17 3 5 
1 40 3 14 3 3 1 
9 19 15 7 8 6 1 
45 19 1 
7 47 10 1 
2 41 15 2 2 1 1 1 
6 11 23 5 14 1 5 
6 12 47 
8 47 8 2 
1 63 1 
20 11 25 6 2 1 
1 24 22 13 4 1 
2 46 8 7 2 
1 11 32 19 2 
8 51 5 1 
7 2 6 50 
1 59 5 
1 39 5 12 8 
12 39 14 
10 33 18 1 1 1 1 
2 16 30 12 5 
4 51 7 3 
1 31 14 8 9 2 
4 9 38 11 3 
25 28 10 2 
2 14 19 7 18 4 1 
1 25 37 1 1 
1 30 33 1 
4 11 43 3 3 1 
58 3 2 1 1 
4 20 17 19 2 1 2 
2 3 44 4 10 2 
3 13 7 32 2 7 1 
56 9 
1 10 42 2 8 1 1 
57 1 4 1 1 1 
1 23 8 30 1 2 
1 5 26 27 2 2 1 1 
1 41 14 2 3 3 1 
5 34 24 1 1 
1 38 1 24 1 
2 5 23 13 6 14 1 1 
1 26 26 5 5 1 1 
1 11 17 21 1 13 1 
5 51 1 4 4 
55 2 7 1 
4 52 3 1 2 1 1 1 
2 24 29 6 1 3 
1 2 46 6 8 1 1 
9 23 21 5 4 3 
3 29 24 6 2 1 
2 27 28 2 1 1 2 1 1 
1 35 29 
2 42 8 3 2 5 2 1 
2 53 2 7 1 
17 43 2 1 1 1 
6 55 2 1 1 
3 58 3 1 
14 42 5 4 
3 5 21 27 5 1 3 
1 5 46 7 1 2 1 2 
1 43 7 8 4 2 
1 42 10 11 1 
1 55 7 2 
6 18 24 4 7 1 1 4 
10 21 5 21 3 1 3 1 
2 61 1 1 
1 60 2 1 1 
1 41 18 5 
5 50 4 5 1 
1 51 4 8 1 
6 52 3 1 3 
37 2 7 18 1 
3 17 5 2 2 1 13 6 12 1 3 
59 1 2 1 2 
1 16 43 1 1 2 1 
1 2 11 1 18 2 14 9 3 4 
1 30 22 12 
4 26 8 12 2 12 1 
24 10 8 12 5 5 1 
15 43 7 
1 58 2 2 2 
1 27 35 2 
22 40 2 1 
1 17 16 31 
1 19 40 1 3 1 
18 5 12 1 16 7 4 2 
2 11 15 21 12 1 2 1 
1 23 39 1 1 
6 11 13 33 1 1 
2 6 12 21 21 1 2 
4 32 29 
26 14 17 2 1 4 1 
9 31 11 2 12 
61 1 3 
1 14 47 1 1 1 
2 12 15 24 12 
2 49 12 1 1 
19 7 39 
1 46 17 1 
60 1 4 
1 39 16 8 1 
1 54 10 
1 30 13 2 12 7 
4 57 3 1 
3 48 4 7 3 
17 47 1 
1 20 42 1 1 
64 1 
1 28 30 1 2 1 2 
4 4 37 19 1 
33 18 13 1 
1 33 31 
11 31 14 6 2 1 
1 45 14 5 
1 9 45 2 3 4 1 
4 58 3 
8 17 30 2 1 6 1 
9 43 13 
2 21 2 19 1 3 13 4 
2 2 30 6 2 1 20 2 
1 33 15 13 3 
17 3 45 
61 1 2 1 
4 51 3 7 
1 36 14 13 1 
1 21 36 2 2 2 1 
1 32 29 3 
1 7 49 2 1 2 2 1 
13 13 35 4 
2 32 31 
1 29 32 2 1 
6 36 8 4 3 8 
9 1 33 12 6 3 1 
9 32 24 
1 59 1 3 1 
6 18 20 2 7 3 8 1 
4 53 5 2 1 
1 36 3 6 11 1 1 2 1 3 
1 25 21 2 15 1 
14 9 5 21 9 4 1 2 
47 1 14 3 
3 33 2 11 9 4 3 
55 1 8 1 
7 10 22 11 5 10 
1 3 7 19 12 10 1 1 7 1 1 1 1 
20 28 4 4 6 1 2 
1 52 1 5 5 1 
1 44 17 2 1 
47 17 1 
8 31 20 2 1 1 1 1 
17 1 23 15 4 2 1 1 1 
25 25 4 8 3 
2 40 23 
3 59 2 1 
1 17 13 23 5 5 1 
1 6 2 54 2 
12 51 2 
1 31 22 5 3 2 1 
5 14 26 14 1 1 1 3 
3 32 19 9 2 
1 30 32 2 
1 33 7 21 3 
11 35 15 1 3 
3 46 11 5 
1 49 15 
2 18 39 3 3 
35 18 11 1 
1 17 2 9 26 6 4 
4 54 6 1 
2 46 16 1 
61 4 
1 18 30 16 
15 46 4 
4 32 19 7 3 
1 28 10 21 2 2 1 
1 20 21 7 1 2 3 5 2 2 1 
3 59 2 1 
1 25 24 13 2 
1 62 2 
1 23 36 5 
2 50 13 
3 37 13 2 4 6 
4 29 15 10 5 1 1 
1 44 9 2 2 2 5 
1 52 7 4 1 
9 28 14 14 
24 9 31 1 
1 52 4 8 
65 
27 8 23 6 1 
22 12 1 26 4 
4 11 12 9 20 2 1 3 3 
51 10 2 1 1 
16 1 5 1 34 4 2 2 
1 31 2 29 2 
1 48 1 2 10 1 1 1 
1 56 8 
1 51 12 1 
3 41 7 5 8 1 
3 22 7 5 16 9 1 2 
1 14 25 1 15 6 3 
1 45 18 1 
1 10 21 17 16 
1 63 1 
1 12 32 20 
1 59 2 1 2 
6 52 4 2 1 
1 29 19 2 1 1 1 5 1 3 1 1 
1 11 35 9 9 
1 10 39 13 1 1 
5 50 7 2 1 
1 29 10 21 3 1 
33 26 3 3 
1 44 1 9 1 9 
6 7 32 13 5 1 1 
5 58 1 1 
1 41 14 7 1 1 
1 56 3 4 1 
1 3 24 19 9 1 8 
65 
1 6 58 
15 16 29 1 4 
5 44 12 4 
42 8 14 1 
7 8 14 16 16 1 2 1 
3 27 6 14 4 1 3 3 3 1 
1 47 7 5 4 1 
4 51 8 1 1 
2 27 36 
7 56 2 
4 33 21 1 2 4 
47 4 14 
1 49 1 4 5 2 3 
43 14 7 1 
40 8 8 1 6 2 
2 21 5 5 32 
28 25 10 1 1 
1 2 2 41 11 2 3 3 
18 16 10 17 1 2 1 
1 51 13 
27 7 23 4 1 3 
2 31 18 2 8 2 2 
3 20 24 12 1 1 2 1 1 
3 4 47 11 
1 33 22 6 1 2 
1 5 4 51 2 1 1 
1 41 5 3 7 1 3 2 1 1 
1 30 1 18 2 4 1 7 1 
3 57 2 2 1 
4 23 8 11 15 4 
32 13 20 
4 51 4 2 3 1 
1 52 12 
4 7 32 21 1 
5 6 54 
12 22 1 20 10 
2 63 
1 14 10 15 21 3 1 
1 17 15 30 2 
4 55 6 
6 39 20 
1 56 1 1 3 2 1 
8 42 9 6 
1 63 1 
65 
1 49 1 9 2 1 2 
17 15 1 4 2 24 2 
65 
14 26 20 3 2 
1 54 7 2 1 
1 59 5 
1 37 25 1 1 
1 61 1 2 
1 61 2 1 
2 53 9 1 
1 19 7 2 31 5 
8 31 26 
14 7 6 25 3 6 4 
1 11 11 12 19 2 6 3 
1 57 1 1 4 1 
1 54 9 1 
64 1 
49 6 7 1 1 1 
1 2 37 23 1 1 
1 16 10 38 
14 30 3 4 8 3 2 1 
4 21 20 10 5 3 1 1 
22 17 12 14 
1 15 3 36 7 2 1 
14 18 6 13 12 2 
4 49 8 3 1 
16 44 1 3 1 
1 25 22 11 1 5 
5 57 3 
1 60 3 1 
9 28 28 
63 1 1 
56 2 7 
1 24 34 5 1 
15 8 26 14 1 1 
2 19 23 4 3 5 7 1 1 
2 41 7 12 2 1 
1 49 15 
10 30 23 2 
45 13 1 4 1 1 
65 
1 51 8 5 
1 54 4 4 2 
2 46 17 
1 34 21 8 1 
1 35 7 22 
4 32 29 
2 17 15 6 19 4 1 1 
33 10 9 5 5 3 
7 20 8 29 1 
2 31 10 2 1 11 2 3 3 
9 1 6 34 15 
1 49 3 12 
2 48 9 1 1 3 1 
3 54 5 1 2 
1 9 55 
36 19 6 3 1 
3 56 2 2 2 
17 33 3 5 3 2 1 1 
5 21 17 16 6 
1 47 1 2 5 2 6 1 
56 5 4 
2 61 2 
1 59 4 1 
13 18 32 1 1 
23 33 7 1 1 
9 51 4 1 
63 2 
4 33 24 1 3 
65 
8 16 31 7 3 
2 41 21 1 
1 5 9 12 26 11 1 
2 32 15 6 4 5 1 
10 23 27 4 1 
11 53 1 
9 28 10 1 17 
2 53 9 1 
5 3 11 25 20 1 
3 57 1 2 1 1 
1 61 3 
3 23 19 3 4 6 5 1 1 
2 52 11 
1 25 17 17 1 4 
1 33 2 14 1 14 
2 8 49 1 3 1 1 
3 57 2 1 1 1 
3 12 37 3 4 1 3 1 1 
1 64 
52 3 3 2 2 3 
8 44 8 2 2 1 
1 27 15 19 3 
2 39 20 2 2 
61 2 1 1 
3 48 4 5 1 2 2 
1 46 7 10 1 
22 3 2 12 10 9 4 3 
1 27 31 5 1 
1 1 36 3 16 2 2 4 
2 32 31 
1 53 5 6 
1 50 2 3 1 6 1 1 
3 52 9 1 
5 43 11 4 2 
13 9 21 2 17 1 2 
37 4 3 2 14 5 
1 18 13 7 4 13 6 1 2 
1 6 34 23 1 
2 38 16 2 5 1 1 
1 26 38 
6 24 26 4 2 2 1 
4 48 10 1 2 
2 15 25 22 1 
30 25 2 7 1 
1 5 42 6 3 7 1 
2 47 1 4 5 6 
4 27 29 5 
1 62 2 
7 26 14 7 11 
11 31 19 4 
2 5 43 10 4 1 
2 55 1 5 2 
3 24 15 4 13 3 3 
3 38 13 10 1 
1 51 2 11 
47 13 2 1 1 1 
15 50 
2 41 22 
1 1 1 20 22 16 2 1 1 
1 31 31 1 1 
8 8 9 32 5 2 1 
13 24 2 8 11 5 2 
2 51 4 6 1 1 
19 28 15 2 1 
61 2 1 1 
1 3 3 21 36 1 
1 4 60 
1 63 1 
4 60 1 
22 42 1 
2 47 9 6 1 
1 18 9 13 22 2 
14 46 1 2 2 
1 9 1 21 21 10 2 
5 8 20 7 5 9 5 1 1 1 1 2 
1 28 14 15 4 3 
1 7 4 9 38 2 3 1 
13 11 31 8 1 1 
1 40 2 8 1 4 8 1 
11 38 7 6 1 2 
59 5 1 
2 48 2 8 5 
4 30 9 5 17 
6 15 44 
14 28 18 2 3 
13 17 3 12 8 5 6 1 
2 18 15 29 1 
1 30 19 1 10 4 
20 15 9 20 1 
5 10 21 9 7 12 1 
12 42 10 1 
2 40 17 3 1 2 
8 23 16 7 10 1 
64 1 
1 58 1 2 1 2 
34 22 9 
55 3 4 1 2 
22 22 9 1 8 3 
1 60 2 1 1 
1 12 16 25 10 1 
2 63 
1 37 19 5 1 1 1 
1 17 20 2 7 6 7 3 2 
55 6 2 2 
1 28 30 6 
39 6 19 1 
1 4 53 6 1 
1 48 12 3 1 
32 17 10 3 3 
1 30 18 14 2 
3 5 28 22 3 4 
4 53 3 5 
9 1 39 8 6 1 1 
1 45 19 
2 36 24 2 1 
27 1 24 13 
65 
14 6 14 18 13 
61 3 1 
63 1 1 
46 2 15 2 
2 30 18 11 2 1 1 
5 6 48 6 
1 51 13 
5 35 3 22 
9 21 20 9 2 3 1 
46 14 5 
3 25 26 8 2 1 
12 50 2 1 
1 29 16 6 6 1 2 2 1 1 
4 44 17 
3 32 26 1 3 
13 30 8 10 3 1 
15 45 4 1 
10 50 4 1 
1 5 43 11 3 2 
24 23 18 
1 1 29 24 6 1 3 
4 44 16 1 
7 47 2 7 1 1 
6 23 26 9 1 
7 33 25 
29 29 6 1 
1 47 1 3 1 10 2 
1 28 24 1 10 1 
1 10 40 3 4 5 2 
56 3 6 
2 53 9 1 
2 62 1 
8 8 7 42 
1 19 11 31 3 
11 28 23 3 
1 10 10 14 1 19 7 1 1 1 
1 12 50 1 1 
1 13 21 15 7 2 4 2 
1 5 19 17 22 1 
2 45 9 1 8 
2 1 48 8 3 2 1 
1 27 28 8 1 
1 53 6 4 1 
3 13 18 8 4 7 10 1 1 
11 39 7 1 2 3 1 1 
45 14 4 1 1 
4 55 2 2 1 1 
1 62 2 
1 15 40 1 2 4 1 1 
2 54 9 
1 15 42 3 4 
1 29 22 6 7 
7 42 8 5 1 1 1 
12 15 8 12 18 
1 37 27 
2 20 43 
1 20 26 16 2 
1 46 14 4 
1 15 49 
6 11 26 6 4 3 1 8 
1 2 4 30 2 5 8 8 3 2 
2 62 1 
2 32 28 3 
3 62 
1 54 10 
2 1 37 9 1 4 6 4 1 
2 14 26 4 8 3 4 3 1 
1 12 31 17 4 
18 37 4 4 2 
22 35 2 3 2 1 
1 29 2 8 10 3 12 
4 17 27 16 1 
1 29 34 1 
29 21 10 1 4 
34 27 4 
6 42 17 
1 44 8 8 2 2 
9 23 11 1 7 2 5 3 4 
22 29 8 1 1 2 1 1 
1 50 8 1 4 1 
6 45 3 8 3 
34 7 17 1 3 2 1 
1 41 10 3 2 3 4 1 
5 24 30 3 2 1 
5 36 5 14 4 1 
2 4 22 33 2 2 
36 18 1 10 
5 38 5 14 2 1 
1 1 10 31 22 
62 3 
2 25 33 3 1 1 
36 11 8 8 1 1 
2 10 37 14 2 
7 46 12 
1 55 4 3 2 
7 5 44 7 2 
1 40 6 18 
1 49 5 2 5 2 1 
1 34 27 3 
1 7 21 23 9 3 1 
10 36 2 12 5 
16 35 10 2 2 
1 40 1 2 15 2 4 
15 14 5 24 7 
4 42 18 1 
50 9 6 
62 2 1 
3 16 2 20 4 1 1 16 1 1 
5 42 18 
3 41 14 4 1 1 1 
2 60 3 
1 37 6 16 3 1 1 
65 
2 58 5 
22 34 4 4 1 
1 10 33 18 3 
5 7 21 4 28 
1 43 21 
1 12 35 15 2 
2 29 33 1 
18 35 5 4 1 2 
10 37 18 
3 22 13 3 16 8 
3 15 5 36 4 1 1 
10 5 16 3 23 4 2 1 1 
15 8 29 8 5 
5 54 6 
13 45 2 3 2 
12 27 6 14 1 5 
5 52 7 1 
3 26 36 
65 
1 39 14 10 1 
16 3 10 4 11 4 12 2 2 1 
1 35 26 2 1 
1 57 2 1 4 
2 53 10 
1 6 5 53 
1 3 54 4 2 1 
2 42 8 2 3 3 4 1 
56 1 4 3 1 
1 5 33 9 8 3 1 1 4 
2 16 46 1 
14 22 15 1 13 
2 24 35 1 2 1 
1 13 26 2 2 19 1 1 
4 36 11 4 3 1 5 1 
1 50 4 7 1 1 1 
7 49 9 
2 29 24 7 1 1 1 
2 9 33 2 4 11 3 1 
64 1 
12 4 47 1 1 
33 28 4 
2 40 12 8 2 1 
5 5 15 8 32 
1 46 11 4 3 
3 53 8 1 
1 33 4 9 10 3 2 3 
10 54 1 
4 47 1 13 
3 51 7 1 2 1 
1 44 12 1 7 
8 51 6 
4 33 9 15 3 1 
6 6 9 12 21 10 1 
25 7 31 1 1 
1 52 4 4 4 
1 21 43 
9 5 16 13 19 1 2 
33 6 14 9 1 1 1 
13 38 1 6 2 4 1 
1 22 31 1 4 1 1 1 3 
2 45 2 3 8 1 3 1 
48 10 7 
5 55 5 
1 54 10 
1 31 31 1 1 
53 9 3 
1 43 11 8 2 
1 53 4 7 
14 44 6 1 
9 33 2 5 6 4 2 1 1 1 1 
1 17 15 17 10 1 3 1 
1 38 24 2 
1 36 20 6 1 1 
5 38 5 5 8 1 3 
1 6 11 20 22 4 1 
41 22 2 
65 
2 22 15 8 4 11 1 1 1 
3 62 
13 19 14 13 4 1 1 
56 2 6 1 
1 50 6 2 3 3 
3 54 8 
9 21 18 12 1 3 1 
1 31 8 4 19 2 
27 36 1 1 
1 17 27 19 1 
1 46 5 4 1 5 2 1 
1 57 7 
7 52 1 2 3 
1 31 31 2 
3 4 38 15 5 
33 14 12 4 2 
11 41 10 3 
1 45 11 3 2 2 1 
1 53 10 1 
3 36 17 8 1 
65 
44 11 4 3 2 1 
4 4 44 1 9 2 1 
1 54 9 1 
1 16 21 6 17 3 1 
7 35 3 6 11 1 2 
39 18 6 2 
9 30 26 
1 58 6 
28 19 18 
4 14 16 24 2 2 1 1 1 
60 5 
2 14 28 1 16 3 1 
49 9 7 
1 4 43 1 3 5 8 
3 62 
39 13 7 6 
1 51 11 2 
30 13 7 6 8 1 
5 43 17 
2 58 4 1 
1 21 13 2 7 18 3 
1 46 13 2 3 
10 46 4 4 1 
5 27 32 1 
2 26 28 1 3 5 
61 2 1 1 
1 63 1 
1 27 22 9 3 3 
1 57 6 1 
1 3 7 41 5 6 1 1 
4 45 15 1 
1 35 29 
1 17 37 2 5 1 1 1 
1 40 24 
1 45 8 11 
37 14 14 
21 12 21 7 4 
33 7 25 
21 40 1 1 1 1 
4 54 4 3 
65 
1 48 16 
1 26 14 16 2 3 1 2 
1 62 1 1 
1 8 30 7 6 12 1 
1 26 23 14 1 
4 29 2 23 6 1 
1 7 39 5 4 3 1 1 1 1 1 1 
5 45 8 5 2 
1 27 10 6 1 13 2 4 1 
8 40 6 5 6 
3 56 4 2 
2 62 1 
2 28 31 2 2 
3 10 42 5 5 
1 4 48 6 1 1 4 
1 54 3 5 1 1 
9 3 4 3 6 34 4 2 
1 54 10 
60 1 3 1 
1 47 12 5 
2 61 1 1 
2 24 39 
3 61 1 
3 62 
3 45 4 6 2 4 1 
7 5 23 1 18 8 3 
1 36 2 8 11 5 2 
3 31 10 20 1 
1 36 10 5 8 1 2 2 
1 54 3 5 1 1 
9 31 23 2 
58 4 2 1 
1 5 32 1 11 11 2 1 1 
8 25 27 2 3 
1 26 17 8 7 3 1 2 
3 45 1 16 
1 24 9 3 28 
1 22 23 11 4 1 3 
2 36 25 2 
54 6 4 1 
1 20 10 34 
1 11 46 5 2 
2 19 42 2 
22 4 6 21 9 2 1 
11 19 20 4 10 1 
1 47 3 2 12 
2 18 21 9 7 4 1 3 
5 11 41 1 7 
1 27 37 
3 10 46 6 
19 21 7 1 14 3 
3 25 10 5 7 4 9 2 
1 14 19 6 23 1 1 
1 22 3 5 18 15 1 
2 23 15 16 1 1 1 5 1 
8 50 5 1 1 
2 14 12 33 4 
6 40 18 1 
5 18 19 14 1 5 2 1 
3 46 10 5 1 
5 17 22 19 2 
1 64 
9 37 4 8 5 2 
2 2 35 3 11 11 1 
11 18 24 7 1 3 1 
6 3 13 34 2 7 
1 3 45 11 2 3 
16 13 22 8 4 1 1 
10 49 6 
1 16 8 2 21 8 6 1 1 1 
3 25 7 7 17 2 1 3 
2 34 11 9 3 1 5 
1 29 13 20 2 
4 43 13 1 4 
3 58 4 
7 58 
2 63 
27 38 
24 24 17 
18 26 4 7 3 3 2 2 
22 6 16 8 5 4 3 1 
8 46 10 1 
9 55 1 
4 37 9 15 
1 32 23 3 1 1 2 1 1 
1 55 7 1 1 
33 10 20 1 1 
1 53 2 7 2 
6 27 8 7 3 12 2 
5 57 3 
10 26 2 1 23 3 
1 2 59 1 2 
3 26 35 1 
1 46 5 3 4 5 1 
2 49 13 1 
1 4 3 33 16 7 1 
1 57 4 2 1 
4 47 6 6 2 
1 5 17 15 16 5 3 3 
5 57 3 
5 41 19 
15 17 16 10 5 1 1 
61 1 2 1 
2 24 17 9 9 4 
10 34 5 9 3 1 1 2 
1 7 16 38 3 
43 15 7 
65 
1 54 8 1 1 
1 8 10 16 9 13 4 3 1 
28 30 2 3 2 
16 30 19 
2 10 35 4 11 3 
18 14 11 4 10 6 2 
4 37 13 1 10 
30 29 5 1 
23 19 15 4 2 2 
1 50 12 2 
1 2 42 19 1 
9 45 9 2 
2 9 9 42 3 
2 29 34 
6 1 11 20 21 5 1 
60 4 1 
1 25 8 1 10 2 6 1 11 
18 40 5 2 
1 51 4 9 
1 60 1 2 1 
1 52 1 2 1 2 4 2 
2 44 2 12 4 1 
1 17 24 1 7 1 7 5 1 1 
51 8 2 3 1 
2 38 3 12 3 4 1 2 
3 24 37 1 
5 3 27 25 1 3 1 
14 39 12 
65 
6 49 3 4 1 2 
3 9 22 1 6 4 14 5 1 
2 14 32 9 3 2 3 
15 26 16 6 2 
2 45 15 3 
1 10 25 19 9 1 
1 21 30 5 8 
1 6 34 10 13 1 
58 6 1 
1 25 19 1 6 8 5 
1 55 9 
4 28 2 16 1 12 2 
1 11 14 23 14 1 1 
1 24 18 22 
47 15 1 1 1 
1 26 25 2 7 4 
61 2 1 1 
1 28 6 23 7 
2 48 15 
60 4 1 
2 57 5 1 
3 7 51 1 1 1 1 
3 22 12 14 2 5 4 2 1 
1 18 29 14 3 
1 51 2 9 1 1 
2 5 30 10 4 6 8 
58 1 3 2 1 
27 8 24 4 1 1 
1 58 5 1 
1 17 29 10 5 1 2 
9 31 2 5 18 
38 12 6 3 6 
1 23 27 8 1 3 2 
1 35 12 1 10 4 1 1 
1 25 3 24 12 
4 18 9 32 1 1 
1 13 9 31 11 
64 1 
64 1 
1 50 10 4 
58 3 4 
2 45 9 7 2 
2 8 23 13 13 1 3 1 1 
1 29 31 2 2 
30 7 25 1 2 
19 35 6 4 1 
1 63 1 
1 32 27 4 1 
25 27 10 1 1 1 
7 38 12 3 5 
4 16 14 12 4 9 6 
3 7 55 
1 39 17 4 2 2 
1 26 15 11 12 
5 7 41 2 6 4 
1 46 14 4 
23 6 5 3 18 3 5 2 
3 13 35 1 7 2 4 
2 54 4 4 1 
1 11 43 3 1 1 1 3 1 
5 24 16 11 9 
2 63 
1 40 24 
1 11 53 
2 3 18 36 1 5 
1 37 27 
2 30 11 7 11 4 
2 51 10 1 1 
1 64 
1 10 44 6 4 
2 16 35 5 5 1 1 
21 17 26 1 
1 43 19 2 
1 14 3 18 25 4 
1 64 
2 33 30 
1 44 6 14 
1 6 55 2 1 
6 7 39 8 2 2 1 
5 60 
9 4 30 15 2 4 1 
24 21 17 2 1 
28 2 35 
65 
1 6 55 1 1 1 
2 18 5 25 9 4 1 1 
2 51 10 1 1 
2 18 31 12 2 
3 5 32 19 5 1 
2 43 11 1 4 1 1 2 
1 22 8 4 26 2 2 
1 31 25 4 1 3 
1 38 11 13 2 
21 20 12 4 8 
1 28 7 23 6 
1 31 31 1 1 
52 7 6 
5 35 4 1 4 14 1 1 
1 61 1 2 
14 14 3 26 2 5 1 
1 12 22 17 3 5 4 1 
2 30 32 1 
1 9 53 2 
1 16 26 21 1 
3 62 
2 7 7 33 2 3 8 1 2 
3 32 6 11 3 6 4 
30 13 22 
3 18 8 24 1 1 5 2 2 1 
29 1 28 1 2 3 1 
3 23 18 7 14 
2 60 3 
1 19 27 12 5 1 
8 25 32 
3 61 1 
12 51 1 1 
1 61 3 
15 27 9 14 
3 47 14 1 
1 62 2 
1 58 4 2 
1 37 2 15 4 6 
1 26 34 3 1 
1 42 15 3 3 1 
1 29 32 3 
2 22 41 
1 24 29 2 6 3 
1 45 8 10 1 
2 52 5 3 2 1 
9 55 1 
1 10 25 7 1 11 4 3 3 
2 6 22 26 4 4 1 
17 43 5 
4 44 4 7 5 1 
1 55 5 4 
1 34 23 2 3 2 
9 13 43 
58 2 1 2 2 
1 64 
4 48 12 1 
12 37 5 1 2 6 2 
1 36 19 4 4 1 
6 51 3 3 2 
55 6 1 1 1 1 
2 55 7 1 
37 7 18 1 1 1 
2 33 22 3 1 2 2 
8 5 18 33 1 
65 
9 8 20 4 9 13 2 
2 12 6 14 7 2 5 11 1 4 1 
59 2 4 
2 21 42 
2 40 23 
26 7 26 2 4 
1 12 52 
3 20 9 1 13 4 6 2 6 1 
8 17 24 9 6 1 
15 11 9 23 3 4 
1 12 26 13 9 2 2 
1 18 7 32 1 5 1 
1 64 
61 3 1 
1 45 18 1 
1 62 2 
1 10 42 7 2 1 2 
2 35 24 4 
54 11 
9 35 18 1 2 
3 34 25 1 1 1 
14 49 2 
22 22 3 7 3 1 5 2 
3 17 29 13 2 1 
6 26 10 15 3 4 1 
21 43 1 
6 38 16 4 1 
1 46 1 15 1 1 
1 20 2 38 1 2 1 
1 18 28 15 3 
7 47 9 1 1 
11 33 4 4 7 2 4 
2 23 6 21 7 2 1 1 2 
1 14 48 2 
18 23 5 3 1 3 11 1 
22 34 1 3 4 1 
2 21 22 5 1 9 3 1 1 
1 53 5 5 1 
7 48 4 5 1 
1 22 41 1 
3 38 7 14 3 
3 62 
1 25 31 8 
2 39 7 12 3 2 
47 10 4 2 2 
1 2 22 20 11 7 1 1 
22 37 6 
24 22 6 5 1 4 1 1 1 
5 38 22 
5 16 10 1 11 12 3 1 1 2 1 1 1 
24 9 8 9 5 1 9 
6 38 1 20 
1 30 32 1 1 
3 59 3 
1 34 6 5 15 1 3 
1 28 26 3 7 
46 13 1 3 1 1 
1 40 23 1 
6 13 14 15 10 4 2 1 
18 36 11 
1 50 14 
7 49 6 3 
1 47 17 
11 15 29 8 1 1 
2 33 29 1 
1 28 36 
9 23 11 18 4 
1 53 8 2 1 
8 10 28 2 8 1 3 1 4 
1 31 16 1 14 1 1 
1 21 30 6 1 3 1 1 1 
4 15 10 14 21 1 
6 21 37 1 
3 52 10 
1 7 48 5 4 
1 59 5 
1 40 7 10 5 1 1 
1 20 30 2 11 1 
57 3 2 3 
1 1 50 5 2 3 1 2 
1 30 26 5 3 
63 2 
2 24 20 12 6 1 
3 58 3 1 
1 8 51 5 
42 21 2 
20 7 37 1 
7 22 4 26 2 3 1 
1 9 51 1 1 1 1 
1 44 2 18 
16 35 13 1 
6 13 33 9 1 3 
15 38 2 10 
1 18 42 4 
2 12 46 4 1 
1 51 8 5 
1 38 26 
2 16 7 34 5 1 
47 6 1 7 4 
1 20 38 1 4 1 
5 3 8 15 20 1 7 3 1 2 
11 31 23 
1 39 1 12 1 8 3 
1 34 27 2 1 
1 1 50 9 3 1 
1 5 56 2 1 
1 17 47 
1 49 10 3 1 1 
1 60 4 
12 52 1 
1 31 30 2 1 
2 62 1 
1 50 14 
1 20 11 33 
1 23 11 7 11 2 10 
6 40 5 11 1 2 
2 14 43 5 1 
1 54 9 1 
10 2 37 5 1 7 3 
11 51 1 1 1 
1 46 5 2 8 1 1 1 
4 51 3 1 2 3 1 
39 13 13 
30 5 13 4 1 2 4 2 1 1 2 
1 16 1 6 33 8 
53 12 
5 10 37 12 1 
1 47 12 2 1 2 
5 56 2 1 1 
21 17 17 10 
4 27 4 13 17 
8 53 4 
48 2 1 7 4 3 
1 1 27 32 4 
1 4 47 4 8 1 
3 44 6 6 4 1 1 
7 20 16 22 
19 23 7 5 4 3 3 1 
11 8 41 4 1 
3 1 27 19 12 2 1 
1 57 2 3 2 
1 39 1 8 16 
2 15 5 1 13 10 9 2 4 4 
1 46 11 6 1 
47 9 6 1 2 
8 53 3 1 
1 62 2 
3 59 1 1 1 
3 58 4 
1 35 18 1 10 
1 30 14 13 5 2 
1 4 46 3 2 3 1 5 
8 36 18 1 2 
1 28 34 2 
1 39 11 5 4 1 3 1 
9 43 13 
2 12 6 37 5 3 
5 5 10 39 6 
9 36 20 
11 21 27 5 1 
2 52 4 1 4 2 
2 43 6 11 3 
2 18 37 1 7 
1 20 39 5 
2 58 2 1 2 
1 32 5 27 
3 46 1 4 1 2 1 1 4 2 
1 43 17 4 
2 44 5 7 4 3 
13 38 3 1 1 2 3 1 1 2 
12 15 2 32 3 1 
60 2 3 
1 39 17 3 5 
4 25 21 14 1 
4 41 9 10 1 
2 19 15 25 4 
59 1 1 1 1 1 1 
1 61 1 1 1 
20 3 3 28 5 4 2 
2 27 32 3 1 
5 43 16 1 
1 5 23 3 5 12 14 1 1 
1 6 9 7 13 9 13 3 2 2 
4 59 1 1 
1 53 10 1 
19 4 9 13 18 1 1 
4 35 23 2 1 
26 14 23 1 1 
1 31 25 4 4 
5 55 5 
1 58 6 
2 41 14 3 4 1 
18 40 7 
1 35 19 2 4 1 3 
1 15 20 3 21 1 2 1 1 
1 55 6 3 
1 42 6 8 5 1 2 
4 30 15 8 1 1 6 
1 42 19 1 1 1 
1 13 34 14 3 
32 25 5 2 1 
4 36 25 
6 39 11 7 2 
2 51 5 3 2 1 1 
4 1 25 13 4 8 9 1 
2 56 7 
10 13 15 12 5 9 1 
3 29 20 7 6 
49 1 14 1 
5 9 43 6 2 
3 42 20 
2 12 20 30 1 
1 9 51 2 2 
13 28 23 1 
1 42 17 5 
1 62 1 1 
13 36 14 1 1 
1 49 10 4 1 
13 12 7 6 21 6 
1 32 30 1 1 
1 54 8 2 
1 29 31 4 
1 39 14 6 5 
42 14 2 2 1 4 
41 11 8 2 1 1 1 
1 33 5 15 6 3 2 
1 61 2 1 
1 14 16 8 20 2 4 
3 47 15 
38 18 1 5 2 1 
5 38 1 1 16 3 1 
46 13 1 2 1 2 
6 4 35 10 1 2 4 2 1 
1 64 
1 56 7 1 
28 25 12 
11 53 1 
2 40 11 2 4 6 
2 10 42 8 3 
1 30 26 8 
1 52 12 
13 33 9 1 7 1 1 
2 48 15 
37 5 1 20 2 
6 24 8 6 16 4 1 
25 16 24 
1 13 4 30 3 5 7 1 1 
1 1 47 10 4 1 1 
1 63 1 
16 4 13 22 1 6 2 1 
1 61 2 1 
3 16 7 30 8 1 
1 6 17 17 4 9 3 1 4 3 
1 32 11 13 6 2 
32 4 7 19 3 
2 54 9 
30 26 6 2 1 
11 11 5 34 2 2 
1 45 16 1 1 1 
8 44 12 1 
1 23 38 3 
1 53 11 
47 1 6 8 2 1 
51 9 4 1 
1 55 9 
37 7 2 1 12 3 2 1 
1 3 60 1 
14 25 14 2 10 
1 19 37 4 1 3 
1 23 40 1 
1 47 16 1 
17 12 3 32 1 
9 32 6 4 11 2 1 
6 5 29 7 12 4 1 1 
2 14 43 4 2 
5 46 14 
52 9 2 1 1 
22 19 23 1 
5 58 2 
1 43 18 1 2 
9 41 11 4 
7 57 1 
1 36 25 3 
4 48 10 3 
3 27 23 8 2 2 
2 62 1 
2 29 6 21 2 5 
6 54 4 1 
1 54 5 3 1 1 
1 6 31 22 3 2 
16 10 13 9 3 8 1 5 
12 25 8 2 1 11 2 1 3 
33 22 1 3 1 1 4 
2 10 21 29 2 1 
12 17 35 1 
19 42 2 2 
1 29 21 4 6 4 
3 6 39 1 8 1 7 
14 11 20 3 2 1 9 1 3 1 
2 25 38 
1 24 13 9 2 1 7 2 4 1 1 
1 59 2 1 1 1 
1 36 26 2 
2 23 37 2 1 
3 4 6 5 27 20 
13 19 24 7 1 1 
58 2 5 
1 24 18 11 6 3 2 
1 38 19 5 2 
2 49 14 
63 1 1 
10 42 13 
4 5 8 36 9 3 
65 
2 60 1 1 1 
6 34 25 
1 62 2 
9 5 37 3 2 9 
1 10 6 35 6 3 3 1 
51 5 1 3 4 1 
2 32 21 4 6 
6 38 10 7 4 
1 24 23 3 4 5 2 2 1 
7 35 1 12 7 3 
2 37 6 8 2 3 6 1 
38 1 1 10 2 7 3 1 1 1 
1 55 9 
1 10 34 2 5 13 
1 50 4 7 1 2 
3 10 22 5 16 9 
3 15 21 13 6 3 4 
56 2 2 4 1 
1 11 5 39 7 2 
32 19 14 
2 14 20 21 6 2 
5 43 16 1 
12 11 33 5 2 2 
1 56 1 4 2 1 
1 48 16 
48 7 3 4 2 1 
1 21 13 6 17 5 1 1 
1 51 5 6 1 1 
2 62 1 
2 62 1 
1 55 5 4 
6 1 41 15 2 
2 14 8 13 4 5 1 10 1 5 1 1 
2 41 18 4 
1 33 30 1 
1 55 6 3 
7 2 17 27 10 1 1 
9 13 7 24 8 1 2 1 
1 62 2 
2 3 59 1 
1 43 21 
20 20 22 2 1 
1 14 22 6 5 1 2 2 7 5 
9 43 13 
1 5 48 1 4 4 1 1 
7 2 14 4 17 6 14 1 
4 2 32 23 2 1 1 
14 24 24 1 2 
6 49 7 3 
2 51 2 7 1 2 
1 29 25 5 5 
12 53 
65 
54 11 
64 1 
1 44 6 1 10 3 
5 45 8 5 2 
2 30 30 2 1 
1 22 13 9 3 5 2 8 1 1 
62 3 
2 27 8 13 7 6 2 
9 52 4 
1 20 4 40 
9 35 11 6 1 2 1 
1 32 23 5 1 2 1 
1 34 16 11 1 1 1 
1 49 5 5 4 1 
1 43 9 10 2 
1 38 7 13 5 1 
2 32 12 17 1 1 
2 31 26 5 1 
2 54 2 6 1 
1 36 1 7 9 6 5 
1 40 9 8 4 3 
4 34 1 11 15 
1 24 2 33 5 
3 3 43 6 2 1 5 2 
1 27 31 2 2 1 1 
1 41 23 
2 43 2 2 4 4 8 
1 12 1 44 5 2 
6 56 3 
34 24 1 6 
1 44 2 3 6 2 2 4 1 
1 24 1 22 15 1 1 
2 42 3 17 1 
13 12 11 14 6 1 3 4 1 
3 23 11 15 10 2 1 
12 29 15 2 5 2 
1 10 36 9 1 3 3 1 1 
6 41 18 
1 51 6 3 4 
1 21 12 18 8 4 1 
1 17 9 27 7 2 2 
3 20 21 20 1 
1 16 24 13 6 4 1 
4 27 2 10 5 11 3 2 1 
1 40 3 20 1 
8 52 5 
1 43 21 
2 58 5 
1 1 31 31 1 
65 
3 35 20 3 2 2 
1 58 6 
23 13 24 2 3 
1 57 7 
1 41 17 1 3 1 1 
6 41 11 7 
1 32 22 5 5 
5 44 16 
34 13 10 7 1 
1 44 15 3 2 
9 13 22 17 2 2 
65 
2 19 1 13 15 1 11 2 1 
2 56 7 
2 23 40 
34 12 16 1 2 
2 63 
1 13 44 3 4 
1 52 1 9 1 1 
2 36 18 5 3 1 
2 1 25 31 1 3 2 
2 8 3 22 26 3 1 
21 7 7 5 25 
5 18 28 2 7 2 1 1 1 
5 43 1 10 4 2 
44 13 1 1 2 2 2 
2 43 8 4 8 
19 40 5 1 
44 12 2 5 1 1 
44 14 5 2 
51 11 3 
1 38 20 6 
2 43 12 5 1 2 
52 1 9 3 
3 53 3 1 2 3 
1 17 37 1 3 6 
1 6 46 3 3 4 1 1 
1 53 8 2 1 
4 4 54 3 
6 58 1 
1 60 2 1 1 
1 13 11 25 7 5 2 1 
1 17 25 6 9 6 1 
1 59 2 3 
3 43 15 3 1 
1 50 1 12 1 
2 51 3 5 3 1 
9 23 20 6 7 
39 1 5 14 3 3 
9 18 14 13 10 1 
1 9 45 5 2 2 1 
8 40 17 
1 42 6 6 1 6 1 2 
6 17 30 7 5 
54 7 1 3 
1 56 8 
13 15 29 2 4 2 
43 12 4 5 1 
2 23 34 1 3 2 
2 41 7 10 4 1 
9 49 4 1 2 
7 26 3 4 12 11 2 
2 49 5 4 5 
5 24 30 2 4 
1 39 18 6 1 
2 34 28 1 
1 39 24 1 
2 6 4 38 9 3 3 
1 62 2 
4 47 14 
1 33 5 12 12 1 1 
1 40 4 7 10 1 2 
3 20 22 17 2 1 
1 35 15 4 1 1 1 6 1 
2 15 13 8 18 9 
32 24 5 1 3 
65 
15 17 28 2 1 1 1 
44 2 13 2 3 1 
2 63 
1 26 36 2 
65 
11 8 10 13 17 3 3 
2 42 7 4 4 4 2 
1 62 1 1 
10 39 2 13 1 
2 23 32 6 1 1 
28 15 12 7 3 
1 31 24 9 
4 50 6 1 4 
1 59 5 
1 52 9 3 
7 40 17 1 
59 2 3 1 
61 3 1 
2 29 1 33 
4 10 47 4 
4 17 12 32 
5 15 37 5 1 1 1 
1 14 50 
2 52 10 1 
1 30 33 1 
1 41 23 
41 15 4 2 1 1 1 
46 16 1 2 
2 60 3 
1 43 1 15 1 4 
1 12 4 22 8 11 7 
1 35 29 
51 7 4 3 
2 28 22 10 2 1 
32 7 14 4 6 2 
7 39 7 3 1 5 3 
1 38 18 8 
1 12 51 1 
64 1 
1 4 48 11 1 
2 42 2 5 8 4 1 1 
12 41 11 1 
1 61 3 
25 28 12 
1 30 34 
7 46 6 6 
2 57 2 3 1 
3 36 16 4 4 1 1 
1 63 1 
1 37 5 16 2 2 2 
1 12 34 5 13 
9 12 20 4 9 8 3 
1 42 8 4 1 7 1 1 
10 10 26 9 3 3 2 1 1 
5 17 35 4 3 1 
2 18 34 11 
2 54 6 3 
1 64 
48 5 11 1 
50 9 2 1 3 
7 32 15 11 
3 34 15 4 5 2 1 1 
1 12 45 5 1 1 
1 13 16 5 6 11 4 4 4 1 
6 55 4 
5 20 11 9 12 1 2 2 2 1 
2 11 49 3 
1 32 31 1 
15 24 20 3 1 2 
1 50 13 1 
1 18 33 1 12 
3 26 11 9 15 1 
8 6 22 6 3 20 
3 51 10 1 
1 6 21 1 34 2 
1 46 13 2 3 
1 38 25 1 
1 51 3 9 1 
4 43 3 8 3 3 1 
9 37 18 1 
1 64 
47 14 4 
1 39 13 1 8 1 1 1 
24 35 5 1 
2 45 16 1 1 
8 54 3 
1 47 17 
1 50 3 8 1 2 
5 37 22 1 
3 40 22 
1 6 53 4 1 
22 42 1 
7 16 5 33 4 
3 54 2 6 
32 14 4 8 2 2 2 1 
4 37 24 
2 16 14 9 7 10 7 
1 41 18 2 3 
1 22 7 24 4 4 3 
56 2 7 
1 16 39 2 4 2 1 
1 33 1 20 7 3 
1 59 1 2 2 
1 12 17 10 10 14 1 
6 51 7 1 
1 12 27 3 2 15 4 1 
45 1 17 2 
2 33 15 4 11 
1 39 22 3 
1 22 28 8 4 2 
5 9 39 7 2 3 
64 1 
5 57 3 
12 4 2 17 19 5 1 2 3 
1 60 4 
2 30 29 3 1 
4 18 33 9 1 
26 12 8 8 7 2 2 
19 40 2 1 2 1 
1 7 35 8 1 2 4 3 1 1 1 1 
8 57 
2 28 35 
1 50 8 3 3 
1 13 7 40 1 3 
1 63 1 
1 13 7 33 3 4 2 2 
1 5 30 10 5 14 
1 40 11 10 1 1 1 
2 56 2 4 1 
22 4 5 18 2 1 13 
15 24 2 1 17 3 3 
8 38 14 2 1 2 
1 52 12 
7 11 1 4 35 4 1 1 1 
65 
12 48 4 1 
13 52 
3 37 8 11 6 
9 20 26 6 3 1 
1 38 23 1 1 1 
1 4 31 17 12 
39 15 10 1 
1 56 8 
1 35 10 7 4 6 2 
6 16 4 3 36 
2 24 10 22 1 2 1 1 1 1 
1 33 27 2 2 
12 24 6 8 8 3 4 
59 6 
8 53 4 
2 56 1 5 1 
1 1 38 4 20 1 
4 5 50 3 1 2 
8 35 6 4 1 6 1 2 1 1 
1 43 13 4 4 
1 47 17 
3 7 1 42 3 2 4 3 
4 28 29 1 3 
3 29 32 1 
52 3 9 1 
2 40 14 9 
2 56 7 
1 23 15 22 1 3 
2 58 3 1 1 
2 48 6 5 3 1 
31 16 16 2 
1 33 8 22 1 
2 29 11 13 2 7 1 
2 33 10 7 2 2 4 3 2 
53 8 4 
20 30 15 
1 45 19 
8 8 14 23 5 6 1 
2 56 7 
1 19 34 11 
2 11 17 8 1 8 4 10 4 
2 46 10 6 1 
1 11 53 
2 29 22 6 5 1 
13 3 35 1 6 3 2 1 1 
65 
4 1 15 29 14 2 
43 19 1 2 
1 63 1 
5 13 17 27 3 
2 32 31 
1 14 49 1 
1 29 28 3 1 3 
1 30 34 
2 55 7 1 
1 32 3 1 15 5 4 3 1 
1 47 11 6 
2 29 9 22 3 
4 58 3 
47 12 5 1 
1 49 13 2 
3 28 9 18 1 6 
1 12 19 15 17 1 
9 32 22 1 1 
1 63 1 
2 59 2 2 
4 1 58 2 
47 10 3 5 
5 49 9 2 
1 30 24 4 1 5 
17 30 9 8 1 
1 35 28 1 
49 4 5 1 5 1 
1 63 1 
4 30 13 6 2 4 2 2 2 
2 18 36 8 1 
1 23 41 
2 15 3 45 
1 41 11 5 7 
2 40 10 7 5 1 
1 27 32 5 
1 35 1 28 
3 53 6 2 1 
64 1 
3 13 47 2 
7 41 14 3 
1 55 1 8 
19 37 9 
51 8 6 
1 46 7 2 8 1 
3 55 7 
1 43 20 1 
9 50 6 
4 9 38 9 5 
11 10 41 3 
2 60 3 
4 18 1 29 13 
17 26 20 2 
1 58 2 4 
1 45 7 11 1 
32 2 29 2 
25 29 3 2 4 1 1 
19 14 26 3 3 
8 47 2 3 1 1 2 1 
10 18 32 2 3 
1 29 29 2 3 1 
3 8 20 7 20 6 1 
1 30 15 7 12 
2 36 9 15 1 1 1 
1 52 7 4 1 
1 61 2 1 
5 43 10 5 2 
2 61 1 1 
18 13 3 14 17 
1 30 10 20 3 1 
1 4 29 5 8 6 3 2 6 1 
1 39 12 3 9 1 
65 
13 11 34 6 1 
38 17 8 1 1 
2 8 27 16 12 
6 7 25 12 4 1 7 3 
1 26 26 1 11 
9 16 29 7 4 
5 46 10 3 1 
1 46 1 10 4 1 2 
3 7 44 7 4 
2 24 6 22 1 10 
3 45 17 
3 28 27 5 1 1 
1 52 1 11 
2 12 1 43 4 3 
1 44 13 1 2 3 1 
51 9 2 1 2 
2 27 8 13 6 9 
2 21 25 8 2 6 1 
1 44 1 10 8 1 
63 2 
1 19 39 6 
1 9 38 9 7 1 
1 10 29 18 3 4 
11 45 8 1 
10 12 32 6 3 2 
2 38 25 
5 23 28 8 1 
1 39 24 1 
1 19 37 1 1 6 
3 53 1 5 1 2 
1 7 45 7 2 1 1 1 
2 43 3 13 3 1 
1 51 6 4 3 
19 35 2 6 3 
1 49 13 1 1 
2 2 51 10 
1 13 46 1 4 
4 20 26 10 1 1 1 2 
2 63 
58 4 3 
2 4 1 42 5 9 1 1 
1 20 11 18 5 10 
3 44 18 
2 31 26 3 3 
54 1 3 7 
1 54 10 
2 44 19 
1 49 6 7 1 1 
5 1 12 31 12 4 
11 51 3 
16 35 9 3 1 1 
8 49 8 
3 56 3 3 
1 26 36 2 
65 
7 52 2 2 1 1 
2 62 1 
1 62 2 
5 22 13 9 10 5 1 
4 55 3 2 1 
1 57 2 2 3 
10 37 16 1 1 
1 14 23 27 
1 48 11 2 1 1 1 
2 11 46 1 5 
2 21 17 2 18 3 1 1 
1 49 14 1 
2 7 26 3 27 
1 14 12 11 4 11 6 2 4 
6 24 4 18 7 1 3 1 1 
54 6 3 1 1 
1 14 20 7 19 3 1 
11 53 1 
1 46 12 2 4 
4 50 5 1 1 1 2 1 
1 56 8 
1 53 3 7 1 
23 10 18 7 3 1 1 1 1 
1 16 34 5 4 2 2 1 
34 15 1 4 4 7 
1 61 1 1 1 
5 42 15 3 
1 7 23 28 6 
1 14 10 40 
3 54 1 2 4 1 
6 19 19 7 9 4 1 
14 26 9 3 2 7 2 2 
11 47 6 1 
1 8 24 18 12 2 
1 37 24 3 
18 32 10 4 1 
1 12 43 2 1 1 4 1 
3 17 5 30 2 6 1 1 
2 24 27 3 4 1 1 2 1 
7 57 1 
20 39 6 
4 50 11 
1 37 17 9 1 
1 46 8 10 
4 11 34 14 2 
2 1 23 25 3 4 7 
38 6 11 7 2 1 
1 10 13 33 1 1 3 1 1 1 
19 44 1 1 
1 53 11 
2 49 11 3 
60 4 1 
1 45 9 9 1 
1 33 2 29 
1 7 5 3 45 2 1 1 
4 34 1 9 4 13 
10 48 5 1 1 
5 9 4 28 3 1 4 2 1 2 3 3 
2 16 6 13 13 2 3 5 1 2 2 
1 59 1 3 1 
26 19 14 6 
5 25 21 9 5 
1 12 9 25 18 
4 10 10 32 1 4 3 1 
2 12 14 9 5 7 5 6 4 1 
1 22 16 21 5 
2 27 29 6 1 
1 60 4 
1 2 61 1 
5 52 8 
8 31 23 1 2 
1 7 3 46 1 4 2 1 
10 7 37 11 
1 30 5 18 11 
1 58 3 3 
1 57 3 2 1 1 
1 31 23 8 1 1 
2 28 29 4 2 
34 7 23 1 
15 25 25 
1 27 25 11 1 
3 22 32 7 1 
3 26 36 
22 17 24 1 1 
1 21 36 6 1 
59 4 2 
8 53 3 1 
2 60 3 
1 1 54 7 2 
3 40 21 1 
1 58 2 1 3 
5 43 12 3 1 1 
7 35 23 
11 35 7 6 4 2 
1 30 7 14 11 2 
1 60 3 1 
48 2 2 3 1 6 1 2 
1 10 30 6 18 
3 35 27 
18 2 39 5 1 
2 8 45 9 1 
1 30 1 3 7 13 1 1 3 3 1 1 
1 54 3 5 2 
1 21 31 4 2 2 4 
1 5 21 29 7 2 
1 43 12 2 2 3 2 
2 26 34 2 1 
5 22 27 5 6 
59 1 4 1 
8 13 42 1 1 
3 36 6 10 4 2 3 1 
28 12 18 2 3 2 
6 39 7 4 3 2 4 
4 28 32 1 
1 3 15 24 5 2 5 5 4 1 
1 58 1 2 2 1 
3 5 7 43 6 1 
3 59 3 
4 35 12 2 9 2 1 
1 35 26 1 1 1 
2 55 3 1 3 1 
1 25 13 4 10 10 1 1 
4 25 6 14 12 1 1 1 1 
2 13 50 
15 3 7 1 12 19 7 1 
37 28 
1 56 5 1 1 1 
1 64 
5 37 12 9 1 1 
5 22 36 2 
4 48 6 7 
4 40 1 19 1 
4 6 46 9 
1 7 13 32 11 1 
10 35 16 4 
1 12 17 19 7 2 7 
1 50 4 10 
1 64 
9 1 4 17 24 10 
1 21 20 19 4 
61 3 1 
1 23 10 22 8 1 
2 2 43 8 7 1 1 1 
2 29 13 8 4 8 1 
1 31 10 1 1 5 11 3 2 
3 43 2 14 2 1 
1 11 14 3 12 9 13 2 
9 38 3 3 2 3 7 
57 8 
1 59 5 
4 20 32 7 2 
2 31 5 13 1 5 4 3 1 
1 53 11 
1 35 4 14 5 6 
12 49 3 1 
1 34 28 2 
1 54 1 5 2 1 1 
1 56 7 1 
5 54 6 
2 62 1 
9 43 13 
2 21 27 1 9 2 1 1 1 
1 38 2 15 4 2 1 2 
2 4 49 10 
8 19 23 9 5 1 
2 56 6 1 
2 43 9 5 1 5 
1 19 16 25 4 
1 29 23 11 1 
1 29 8 1 17 6 1 1 1 
1 32 9 4 19 
1 24 36 1 1 2 
1 26 28 9 1 
2 53 7 1 2 
1 27 35 2 
1 39 14 1 5 3 1 1 
1 13 27 24 
64 1 
49 15 1 
1 39 23 1 1 
1 19 40 5 
63 2 
2 28 3 14 5 6 7 
26 22 4 4 9 
1 37 24 2 1 
31 16 18 
1 57 7 
28 12 23 2 
1 1 26 34 1 2 
2 32 4 27 
18 38 1 5 2 1 
1 20 43 1 
5 26 26 8 
4 60 1 
1 44 5 8 7 
2 11 15 8 18 5 6 
59 3 1 2 
27 8 24 2 4 
1 2 57 4 1 
4 7 39 5 1 8 1 
1 45 3 16 
2 28 33 1 1 
1 48 11 1 1 1 1 1 
16 4 12 9 10 7 2 4 1 
1 36 9 16 3 
1 59 5 
1 60 4 
14 5 31 12 3 
2 48 15 
1 31 2 22 9 
1 43 21 
1 44 11 6 1 1 1 
2 60 2 1 
65 
2 37 5 9 1 3 3 4 1 
1 34 22 6 1 1 
4 8 19 4 6 6 17 1 
8 15 28 14 
13 24 26 2 
1 34 1 26 1 1 1 
1 17 13 33 1 
1 13 14 10 4 16 6 1 
10 3 4 35 1 2 3 4 2 1 
6 53 5 1 
1 43 17 3 1 
1 3 7 31 2 6 6 5 3 1 
1 6 32 13 13 
2 27 21 1 7 6 1 
1 19 26 17 2 
1 20 15 6 12 5 1 2 2 1 
2 60 2 1 
1 56 8 
1 28 24 9 3 
1 56 5 3 
2 7 11 7 16 9 7 5 1 
2 32 11 19 1 
25 36 1 3 
2 4 31 11 2 4 6 4 1 
3 58 2 1 1 
4 50 6 3 1 1 
2 10 38 13 2 
1 28 25 3 2 4 2 
2 8 7 16 30 1 1 
3 60 1 1 
4 11 16 11 16 1 5 1 
1 12 7 7 20 4 9 5 
4 49 12 
4 1 38 5 6 3 5 2 1 
3 25 11 11 12 2 1 
1 52 6 4 1 1 
2 22 24 8 1 3 5 
1 56 3 4 1 
1 5 49 1 1 7 1 
5 6 1 7 3 1 19 18 5 
1 42 6 1 5 10 
1 3 61 
12 34 6 1 5 7 
1 4 52 8 
1 31 10 10 12 1 
3 14 44 3 1 
2 38 22 1 2 
1 4 55 3 1 1 
3 7 2 52 1 
2 4 26 1 22 9 1 
1 49 15 
3 33 22 7 
1 60 4 
2 53 10 
14 10 21 18 2 
1 47 15 2 
2 6 3 46 8 
1 18 14 15 4 10 3 
1 24 7 25 4 2 1 1 
15 11 6 28 3 2 
18 13 30 4 
2 57 6 
1 44 19 1 
15 35 6 5 4 
8 40 1 4 7 1 4 
17 10 33 5 
21 38 1 4 1 
7 15 5 22 3 2 4 6 1 
4 25 17 17 2 
3 13 36 6 5 1 1 
10 35 3 15 1 1 
39 15 9 2 
25 10 24 2 4 
2 63 
2 1 62 
55 1 7 2 
11 48 2 2 1 1 
6 49 7 2 1 
8 29 14 11 1 1 1 
6 44 15 
1 26 9 14 5 5 1 2 1 1 
1 56 6 2 
2 42 15 1 2 1 2 
2 57 3 1 2 
2 50 13 
56 4 2 2 1 
2 49 5 9 
1 29 32 3 
1 40 24 
1 18 32 6 6 1 1 
1 40 15 7 1 1 
3 22 15 14 5 3 1 2 
2 49 5 6 1 2 
19 31 14 1 
2 29 18 16 
6 54 3 1 1 
1 18 10 11 8 7 7 1 2 
1 16 3 31 12 1 1 
1 41 21 2 
1 55 8 1 
6 59 
4 15 33 7 4 1 1 
7 11 18 7 17 5 
1 22 10 20 8 1 1 1 1 
11 17 34 2 1 
5 55 3 1 1 
5 4 15 38 3 
6 44 9 6 
3 61 1 
2 24 8 13 17 1 
22 29 9 4 1 
65 
1 5 47 10 1 1 
28 24 12 1 
2 41 3 7 4 6 1 1 
1 47 12 1 3 1 
2 56 6 1 
31 6 25 2 1 
2 21 14 20 4 4 
3 8 31 4 18 1 
1 46 2 2 12 1 1 
1 23 14 17 1 4 3 2 
10 5 24 18 3 4 1 
8 26 16 10 5 
2 27 1 29 2 3 1 
1 10 46 7 1 
44 3 4 1 8 4 1 
4 1 52 8 
1 54 3 3 1 2 1 
65 
1 36 16 5 7 
4 50 5 4 2 
21 16 18 6 4 
11 35 19 
16 12 34 3 
1 42 6 10 3 2 1 
23 21 20 1 
5 43 1 16 
1 29 6 7 8 6 4 2 1 1 
22 8 8 3 8 6 10 
2 62 1 
2 31 6 13 8 3 2 
1 5 23 3 17 6 7 1 1 1 
1 50 7 1 6 
2 18 1 23 20 1 
25 36 1 1 1 1 
5 45 4 5 2 2 2 
4 23 33 1 3 1 
1 3 31 12 10 4 2 1 1 
4 24 5 4 7 10 3 5 1 2 
1 9 9 13 1 6 15 9 2 
1 63 1 
2 2 43 5 2 3 1 3 2 2 
1 3 11 37 10 3 
13 2 27 21 2 
1 34 30 
1 64 
1 11 19 24 3 5 1 1 
12 15 24 7 3 1 3 
53 3 1 1 2 3 1 1 
1 30 19 11 4 
37 23 4 1 
51 13 1 
2 56 6 1 
4 42 19 
2 19 44 
2 49 9 1 2 1 1 
1 44 20 
3 30 2 1 24 1 4 
5 32 19 3 6 
13 3 39 4 4 2 
33 9 12 8 3 
2 40 7 5 2 1 7 1 
3 27 21 12 2 
4 42 14 1 1 3 
1 27 12 7 4 10 3 1 
1 60 4 
1 28 31 2 3 
37 20 1 1 5 1 
11 30 20 4 
2 7 7 27 10 6 2 2 1 1 
1 29 3 2 27 2 1 
2 39 24 
4 24 4 10 8 11 4 
1 3 8 14 18 17 1 3 
20 13 1 24 2 4 1 
1 52 10 1 1 
1 2 23 11 3 20 3 1 1 
62 2 1 
4 18 43 
4 28 5 26 2 
63 1 1 
7 37 14 1 3 1 1 1 
2 10 32 3 12 2 1 1 2 
2 43 20 
9 35 21 
5 58 2 
3 8 54 
1 45 8 10 1 
1 63 1 
1 25 26 11 2 
1 21 8 4 15 8 1 2 2 3 
23 36 6 
1 46 18 
2 29 16 16 2 
1 39 10 15 
2 38 19 4 2 
2 63 
1 61 3 
29 27 6 2 1 
2 17 5 17 18 5 1 
2 38 7 9 3 6 
6 3 47 4 5 
8 41 12 2 2 
1 51 7 4 1 1 
1 62 2 
2 57 2 3 1 
1 27 11 5 21 
1 18 3 18 17 1 4 2 1 
2 36 22 1 1 2 1 
2 38 7 1 6 9 1 1 
1 1 22 39 1 1 
1 7 31 26 
48 5 2 1 1 2 4 2 
2 62 1 
7 50 2 5 1 
1 41 14 8 1 
1 40 24 
9 33 12 2 5 2 2 
53 5 5 1 1 
8 29 25 2 1 
2 32 12 11 8 
1 20 8 15 19 2 
4 24 33 2 2 
1 60 1 2 1 
4 47 11 3 
1 34 6 19 1 4 
6 5 23 26 1 4 
65 
1 17 43 3 1 
4 14 47 
2 1 25 16 1 18 1 1 
5 1 57 1 1 
9 37 10 2 2 5 
61 1 3 
15 34 15 1 
26 33 3 1 2 
2 7 50 1 3 2 
12 24 16 3 2 4 2 1 1 
1 49 11 3 1 
36 18 6 1 3 1 
4 2 59 
54 11 
2 60 3 
2 34 11 13 3 2 
2 46 3 9 5 
1 12 22 17 2 3 8 
2 51 2 2 8 
1 24 37 1 2 
1 15 20 3 10 13 3 
4 6 55 
8 52 2 1 1 1 
19 18 16 9 2 1 
64 1 
1 50 4 7 2 1 
1 10 30 8 7 7 2 
1 42 7 9 6 
1 6 14 17 2 20 5 
1 54 9 1 
1 28 13 10 13 
1 13 51 
1 54 1 1 1 7 
1 31 21 5 1 6 
1 11 44 4 1 3 1 
38 6 18 3 
35 17 6 3 3 1 
2 60 3 
2 32 24 6 1 
1 50 13 1 
1 55 2 3 1 3 
11 1 50 1 1 1 
1 27 8 18 11 
4 48 2 11 
1 23 1 40 
1 18 20 9 10 1 5 1 
2 39 2 5 12 2 2 1 
1 51 1 4 2 1 3 1 1 
1 2 36 21 4 1 
2 15 21 1 22 4 
1 14 16 24 6 3 1 
1 63 1 
2 39 13 3 4 4 
2 44 6 2 5 2 4 
2 57 3 2 1 
4 61 
1 51 11 2 
1 41 23 
1 51 7 4 2 
1 54 9 1 
1 57 6 1 
5 44 16 
1 59 1 4 
2 43 20 
7 2 15 19 6 2 5 6 2 1 
2 33 17 12 1 
3 13 41 5 3 
17 24 24 
1 44 1 8 3 3 5 
29 36 
1 20 15 23 1 5 
9 33 3 9 8 1 1 1 
3 9 47 3 3 
7 38 20 
1 6 11 45 1 1 
1 49 15 
17 38 8 1 1 
5 44 16 
4 30 17 9 3 2 
11 16 3 3 11 1 14 2 1 1 1 1 
5 16 30 6 2 3 2 1 
1 46 4 3 9 2 
46 2 10 6 1 
1 9 20 22 10 3 
1 1 8 21 6 10 7 3 4 4 
36 15 2 6 3 3 
26 19 18 1 1 
2 24 12 22 3 2 
1 7 55 1 1 
4 8 41 9 1 2 
2 22 23 11 3 4 
6 6 48 3 2 
6 48 11 
3 34 4 9 12 3 
19 15 31 
1 58 2 3 1 
1 32 23 8 1 
1 51 8 4 1 
1 19 17 20 8 
4 38 19 1 3 
23 29 13 
6 3 43 2 4 5 1 1 
21 44 
40 17 5 1 2 
1 46 7 7 4 
1 36 24 2 1 1 
1 20 38 1 4 1 
1 62 1 1 
65 
7 5 5 17 23 3 2 1 2 
11 18 36 
1 31 32 1 
1 23 34 4 1 2 
1 59 5 
9 53 3 
2 45 6 7 4 1 
8 13 5 7 3 14 12 1 1 1 
1 21 12 21 6 3 1 
2 11 1 50 1 
2 54 9 
1 17 29 4 11 2 1 
4 1 60 
2 10 18 1 5 1 17 8 2 1 
2 11 11 7 21 3 1 6 2 1 
1 19 45 
3 31 31 
2 47 11 5 
1 29 22 3 1 7 1 1 
6 25 22 4 1 6 1 
4 4 52 1 3 1 
11 49 2 1 1 1 
1 6 19 28 6 5 
55 10 
2 48 15 
3 7 49 5 1 
2 31 5 19 1 5 2 
1 3 50 2 7 1 1 
2 52 9 2 
30 34 1 
2 30 2 11 12 1 7 
6 9 45 4 1 
1 64 
1 39 13 5 6 1 
23 33 9 
3 51 6 2 2 1 
1 30 20 10 4 
6 6 18 5 6 15 2 4 1 2 
1 40 22 1 1 
4 11 20 14 3 4 9 
2 19 43 1 
13 24 26 2 
7 43 13 1 1 
2 42 1 13 4 3 
