22 25 19 
6 59 1 
21 13 17 6 1 3 4 1 
23 9 25 6 1 2 
1 40 15 7 3 
27 7 28 2 1 1 
28 26 7 1 3 1 
1 5 12 2 13 5 5 12 5 5 1 
1 14 42 9 
4 18 9 25 2 4 4 
64 2 
9 5 15 33 4 
1 42 3 17 2 1 
1 58 3 1 3 
15 31 7 3 2 3 1 1 2 1 
1 31 16 5 2 10 1 
1 52 11 1 1 
3 46 6 4 2 2 1 2 
10 21 34 1 
6 50 1 7 1 1 
9 44 5 8 
53 2 3 2 4 1 1 
3 45 17 1 
2 2 4 2 27 1 11 11 4 2 
5 9 33 13 2 1 3 
2 21 1 24 14 3 1 
2 9 8 22 5 11 9 
2 5 45 7 5 2 
40 1 23 2 
1 41 12 11 1 
1 30 30 1 1 1 2 
2 55 2 7 
55 4 7 
43 9 12 1 1 
56 10 
45 19 1 1 
1 10 11 38 1 3 2 
2 2 5 46 7 4 
44 16 6 
27 8 6 7 11 6 1 
3 18 4 9 1 27 2 2 
10 10 1 18 11 5 11 
22 2 30 8 2 1 1 
3 30 21 10 2 
1 35 20 6 4 
1 51 7 6 1 
2 64 
5 51 6 3 1 
2 48 7 5 2 2 
9 28 7 21 1 
15 2 22 1 22 4 
22 39 2 3 
66 
15 16 23 11 1 
22 29 3 11 1 
1 25 13 24 3 
5 20 15 4 3 10 4 4 1 
4 20 13 25 3 1 
1 34 24 1 6 
6 19 13 10 2 12 4 
2 7 3 20 4 15 4 6 2 2 1 
1 61 3 1 
4 14 1 31 3 7 1 3 1 1 
3 56 3 4 
5 60 1 
1 21 14 3 17 1 6 3 
12 18 14 1 11 9 1 
16 37 10 2 1 
12 9 32 1 7 1 2 2 
1 51 2 7 3 1 1 
2 18 6 1 1 3 15 2 8 4 3 1 1 1 
2 21 34 4 3 1 1 
6 48 12 
1 1 16 47 1 
3 36 14 5 5 3 
8 13 41 4 
6 11 48 1 
1 48 2 9 4 2 
1 59 5 1 
62 1 3 
14 21 6 24 1 
1 31 21 11 2 
62 1 2 1 
1 39 26 
2 32 26 4 2 
2 52 4 1 7 
61 1 3 1 
1 26 8 14 2 12 2 1 
1 26 26 10 1 2 
1 42 15 6 1 1 
38 27 1 
2 21 35 7 1 
26 20 14 2 3 1 
1 12 41 12 
4 13 46 1 1 1 
1 13 18 9 25 
2 10 10 36 1 2 3 2 
1 43 20 2 
1 36 1 22 5 1 
66 
64 2 
1 35 20 2 8 
1 4 24 17 4 14 2 
1 2 18 29 9 5 2 
1 23 10 31 1 
3 13 13 20 2 15 
3 59 4 
27 35 2 1 1 
6 28 32 
7 35 23 1 
3 59 4 
10 32 16 8 
1 11 38 1 2 3 4 2 1 1 2 
1 7 56 1 1 
65 1 
9 10 27 9 11 
16 41 8 1 
1 11 31 6 7 2 2 3 3 
9 47 10 
3 24 37 2 
1 4 21 3 36 1 
20 13 10 1 16 1 1 2 2 
1 61 4 
1 6 49 3 5 2 
3 10 17 5 27 2 2 
1 35 30 
5 51 10 
1 58 2 2 1 2 
9 39 9 9 
12 26 26 1 1 
1 27 23 3 2 6 3 1 
61 5 
10 27 14 5 4 1 2 1 2 
3 13 6 24 3 15 1 1 
4 9 31 12 10 
1 28 10 1 26 
12 9 39 2 4 
1 49 10 3 2 1 
20 27 1 4 7 6 1 
5 14 16 26 3 2 
14 11 20 13 1 7 
2 21 35 4 3 1 
6 32 18 4 4 2 
13 11 10 2 4 23 3 
1 47 3 3 1 7 2 1 1 
8 22 7 10 2 13 3 1 
14 14 12 12 4 8 1 1 
1 15 24 19 7 
2 24 8 23 9 
65 1 
11 19 9 6 3 2 1 5 4 4 1 1 
1 30 6 21 7 1 
14 35 17 
23 14 14 15 
11 39 16 
2 4 28 19 6 4 1 2 
3 5 10 20 24 3 1 
2 7 57 
8 25 1 11 2 17 2 
1 22 43 
1 65 
1 56 9 
1 31 13 13 1 4 3 
2 33 13 4 1 1 6 1 5 
3 43 8 6 3 2 1 
43 22 1 
1 20 23 4 7 9 1 1 
1 28 30 2 5 
1 1 9 16 37 2 
21 38 3 4 
2 28 6 19 7 4 
1 28 37 
1 51 9 1 3 1 
3 59 1 1 1 1 
1 60 1 1 3 
14 49 3 
24 30 4 1 1 2 1 1 1 1 
53 6 3 3 1 
13 22 13 16 1 1 
13 16 21 3 1 1 9 2 
3 60 1 2 
1 51 7 4 2 1 
1 34 31 
1 58 7 
14 38 2 5 2 5 
4 20 21 7 2 12 
4 11 7 21 13 6 3 1 
1 55 8 1 1 
1 16 45 3 1 
6 46 14 
50 10 5 1 
1 45 5 5 3 2 2 2 1 
1 62 2 1 
2 34 7 18 2 2 1 
3 47 3 6 1 1 1 2 1 1 
1 3 62 
1 24 17 8 16 
13 47 1 2 3 
1 65 
1 14 3 21 5 1 9 1 1 2 4 2 2 
1 5 44 12 3 1 
5 36 25 
1 34 31 
25 33 8 
7 21 32 2 2 1 1 
11 37 9 9 
1 48 6 7 3 1 
58 7 1 
2 20 39 1 3 1 
2 21 42 1 
1 45 1 14 3 1 1 
59 2 2 2 1 
1 40 12 1 10 2 
6 45 2 12 1 
4 34 16 2 1 7 1 1 
3 23 40 
1 3 45 15 2 
7 53 2 2 1 1 
2 6 56 2 
1 38 10 8 3 5 1 
66 
1 8 41 8 5 3 
1 61 3 1 
1 11 53 1 
3 24 31 8 
5 29 19 2 7 4 
1 62 3 
26 2 34 1 2 1 
2 55 2 2 3 1 1 
17 5 10 10 24 
66 
2 23 23 9 8 1 
8 46 11 1 
60 3 3 
1 55 3 1 4 1 1 
1 56 2 4 3 
61 1 4 
1 41 4 1 8 7 1 1 2 
2 44 1 15 2 2 
1 57 2 2 2 2 
7 25 34 
5 37 11 11 2 
1 61 2 1 1 
15 36 15 
1 20 12 24 9 
1 47 7 7 4 
1 58 3 4 
3 34 12 9 8 
1 55 10 
2 55 7 1 1 
10 18 36 2 
1 7 24 16 17 1 
1 23 4 17 7 13 1 
4 54 8 
6 4 38 3 11 4 
1 41 6 18 
4 39 3 15 2 2 1 
54 4 7 1 
3 48 3 8 4 
6 60 
2 7 43 10 4 
1 56 7 1 1 
1 11 4 4 16 8 2 7 2 8 3 
3 41 9 13 
28 5 23 3 1 1 3 1 1 
1 62 2 1 
3 21 17 2 2 21 
1 39 24 2 
1 61 3 1 
33 10 17 4 2 
8 26 1 12 13 5 1 
3 8 28 22 5 
20 44 1 1 
1 33 29 2 1 
1 6 41 10 2 3 3 
2 56 8 
8 5 5 12 16 12 5 2 1 
3 1 7 3 7 37 3 2 1 2 
5 61 
18 48 
60 3 1 1 1 
3 61 1 1 
9 50 5 1 1 
3 19 20 13 11 
4 43 13 3 2 1 
3 51 10 1 1 
1 30 11 5 19 
1 26 21 1 13 3 1 
63 2 1 
1 1 31 21 7 4 1 
6 43 4 13 
2 7 35 10 5 2 1 2 1 1 
17 39 3 1 2 2 1 1 
2 34 9 15 3 1 1 1 
25 9 7 23 2 
9 43 4 9 1 
5 45 13 3 
1 27 38 
9 34 9 2 6 4 1 1 
54 1 2 8 1 
49 6 2 3 4 2 
1 25 24 16 
1 22 43 
6 50 10 
1 4 46 14 1 
25 38 3 
1 36 12 6 1 7 1 2 
2 5 15 14 22 5 3 
2 8 42 5 7 1 1 
6 46 13 1 
2 33 24 6 1 
1 62 3 
1 7 19 4 1 14 10 1 4 2 2 1 
41 23 2 
9 52 2 1 2 
1 51 8 2 2 2 
4 30 10 7 4 10 1 
1 30 16 14 4 1 
31 28 5 1 1 
3 48 3 5 1 1 1 4 
3 34 1 2 26 
2 38 4 6 16 
5 1 53 7 
3 51 12 
13 43 5 4 1 
6 3 16 20 18 3 
22 19 14 7 4 
4 9 53 
5 11 21 11 12 5 1 
1 55 8 1 1 
1 15 13 15 5 1 1 8 4 1 1 1 
56 1 2 7 
1 29 33 1 2 
3 27 10 20 3 1 2 
11 32 23 
1 50 12 3 
31 16 4 2 2 6 3 2 
1 27 12 11 6 9 
1 52 13 
1 60 1 2 1 1 
6 45 14 1 
55 1 8 2 
1 55 1 7 1 1 
1 47 10 1 7 
51 10 3 1 1 
1 43 18 1 3 
2 15 2 42 2 1 1 1 
37 17 1 6 5 
2 6 23 4 22 2 1 2 2 1 1 
3 62 1 
22 32 5 2 2 3 
3 58 5 
1 50 15 
1 33 11 7 11 3 
1 40 25 
6 29 5 13 1 6 4 1 1 
2 31 20 13 
1 42 8 4 2 9 
1 11 54 
5 32 3 4 7 7 3 3 1 1 
1 62 3 
1 11 19 29 1 4 1 
1 46 5 10 1 2 1 
1 24 40 1 
1 64 1 
1 6 34 10 15 
1 27 24 5 8 1 
2 30 34 
7 45 1 12 1 
26 28 5 2 1 2 2 
1 5 6 41 6 6 1 
9 15 14 9 12 1 3 1 2 
43 16 2 3 2 
31 16 7 10 2 
7 22 35 1 1 
2 1 22 5 11 5 3 8 4 4 1 
44 20 1 1 
21 10 11 4 15 5 
2 61 3 
1 41 15 9 
1 29 17 4 7 1 4 1 1 1 
45 21 
1 58 7 
1 7 5 51 1 1 
3 37 9 14 3 
7 47 12 
3 40 17 4 1 1 
3 45 1 14 1 1 1 
1 28 15 1 18 1 2 
18 12 17 3 2 11 1 2 
9 26 31 
1 43 10 10 2 
16 12 5 29 4 
3 58 5 
3 52 5 3 1 2 
1 28 25 7 5 
2 38 9 5 7 2 2 1 
1 64 1 
3 19 1 31 2 2 6 2 
1 45 9 3 8 
1 45 16 1 2 1 
3 35 28 
17 1 38 4 4 2 
8 33 1 2 13 7 2 
1 8 27 1 24 4 1 
7 32 27 
1 30 13 11 7 1 3 
1 24 41 
39 13 7 1 4 1 1 
8 37 16 2 1 1 1 
21 33 10 2 
14 39 10 3 
1 32 33 
29 3 11 4 18 1 
3 42 16 5 
6 50 4 5 1 
1 16 20 25 3 1 
29 24 6 7 
17 34 13 2 
1 60 5 
2 54 10 
7 9 13 9 6 20 2 
5 57 2 2 
11 23 17 7 6 1 1 
5 54 6 1 
4 57 3 2 
27 5 32 1 1 
2 50 2 4 4 3 1 
7 45 3 2 8 1 
38 13 1 11 1 2 
5 20 40 1 
46 13 2 2 3 
11 35 11 5 3 1 
2 29 35 
12 13 22 13 6 
6 44 14 2 
2 21 15 8 8 10 1 1 
2 54 10 
1 61 4 
1 23 25 9 8 
9 41 7 7 1 1 
1 21 44 
2 31 33 
27 37 1 1 
1 38 27 
4 19 30 10 2 1 
2 14 16 26 8 
3 43 10 8 2 
5 13 48 
41 1 18 3 1 1 1 
7 25 15 16 3 
1 5 4 44 1 9 1 1 
2 22 14 16 4 2 3 3 
3 12 51 
2 52 11 1 
35 11 11 1 4 4 
7 38 2 1 12 2 4 
29 26 5 5 1 
1 25 35 3 2 
1 54 2 5 4 
2 26 35 3 
1 59 4 1 1 
2 45 6 9 2 1 1 
2 44 20 
1 33 29 2 1 
2 15 46 1 1 1 
3 34 27 1 1 
2 27 6 14 16 1 
3 46 10 3 1 1 1 1 
17 7 12 8 10 12 
2 30 26 5 1 2 
3 27 1 17 13 4 1 
2 23 2 1 2 13 11 12 
2 28 14 19 2 1 
2 26 12 9 16 1 
1 1 5 6 15 1 15 8 10 1 1 1 1 
3 4 29 30 
8 54 1 1 2 
1 51 5 6 3 
6 39 9 3 1 1 1 4 1 1 
16 48 1 1 
10 41 3 5 7 
3 43 4 4 9 3 
1 9 56 
3 52 10 1 
6 49 10 1 
4 50 12 
14 43 1 1 2 5 
3 53 6 2 1 1 
4 22 14 14 1 1 1 3 6 
3 39 13 3 8 
5 2 26 7 26 
1 34 12 13 2 3 1 
1 27 1 5 1 10 7 6 4 3 1 
9 18 25 6 7 1 
2 58 6 
10 2 30 5 14 1 2 1 1 
1 4 48 3 3 6 1 
1 21 37 5 2 
3 17 42 1 1 1 1 
5 24 18 13 3 1 1 1 
3 34 20 7 1 1 
1 21 26 16 1 1 
29 14 8 14 1 
4 4 3 4 13 28 5 4 1 
1 34 30 1 
1 49 14 2 
5 48 13 
1 26 20 1 17 1 
2 12 19 10 13 4 4 2 
1 9 49 1 3 1 1 1 
2 14 37 4 2 3 4 
5 40 20 1 
1 31 2 16 7 6 1 1 1 
18 24 11 12 1 
5 10 7 28 13 1 1 1 
2 58 2 3 1 
1 29 19 2 7 2 3 3 
52 3 9 1 1 
1 5 44 14 2 
2 40 20 3 1 
2 49 13 2 
3 6 30 3 2 18 3 1 
1 19 38 2 3 3 
2 29 21 11 3 
6 53 1 3 3 
45 20 1 
4 4 30 14 14 
3 63 
4 16 45 1 
2 45 10 8 1 
4 8 7 21 4 15 1 3 2 1 
37 27 2 
2 56 2 6 
66 
1 58 7 
2 26 18 11 9 
2 31 20 4 9 
2 44 13 4 1 1 1 
1 65 
35 11 11 5 4 
13 26 27 
1 63 2 
1 61 3 1 
1 1 47 8 3 5 1 
53 7 2 4 
2 38 26 
32 32 2 
1 24 24 16 1 
1 13 52 
33 15 7 2 9 
60 6 
1 53 1 9 2 
18 23 25 
1 13 52 
2 49 3 5 6 1 
3 41 8 11 3 
2 23 18 12 10 1 
60 4 1 1 
1 32 33 
40 26 
2 20 6 5 18 11 4 
24 27 5 7 2 1 
1 51 11 2 1 
22 4 38 1 1 
1 54 6 4 1 
1 6 55 4 
16 18 18 4 3 3 1 1 1 1 
59 2 5 
1 2 7 39 11 4 2 
1 62 1 2 
1 13 33 16 2 1 
1 11 21 33 
5 17 28 7 7 1 1 
4 46 11 5 
1 5 15 5 3 25 10 2 
2 39 7 14 4 
31 24 4 4 3 
2 14 50 
66 
1 38 8 15 3 1 
2 7 17 11 2 24 1 1 1 
1 35 12 11 7 
2 35 3 24 1 1 
42 3 8 6 2 5 
5 10 40 3 4 2 2 
10 18 19 15 2 1 1 
3 45 18 
23 1 7 6 6 7 9 3 1 3 
5 48 13 
4 2 50 1 2 3 4 
6 58 1 1 
2 34 21 4 2 1 2 
3 14 27 5 13 4 
1 19 26 13 7 
1 25 10 13 15 2 
7 51 5 2 1 
9 42 15 
1 27 38 
1 40 2 7 6 1 3 4 2 
2 48 2 12 1 1 
1 8 44 10 3 
6 46 12 2 
1 50 13 2 
1 32 7 3 18 5 
27 38 1 
1 64 1 
7 23 36 
1 52 8 2 2 1 
66 
3 54 4 2 1 2 
2 54 2 3 4 1 
11 44 6 5 
14 37 14 1 
1 36 17 9 3 
2 40 5 3 2 11 2 1 
1 18 7 13 26 1 
1 14 7 40 3 1 
2 13 23 8 12 1 2 2 3 
5 10 21 29 1 
3 60 2 1 
1 61 3 1 
4 57 1 2 1 1 
1 30 12 23 
1 57 2 6 
1 32 1 4 14 13 1 
20 29 11 6 
56 10 
1 29 14 8 1 7 2 3 1 
1 28 12 11 9 5 
2 51 5 4 1 3 
7 19 5 28 5 1 1 
1 45 17 2 1 
18 38 8 1 1 
3 30 14 15 4 
1 52 12 1 
1 60 5 
1 38 5 14 2 4 2 
22 1 9 28 1 3 1 1 
7 10 40 6 1 2 
4 28 15 7 6 6 
63 1 1 1 
4 50 10 2 
4 21 38 3 
2 47 13 2 2 
7 36 1 6 8 5 3 
6 46 5 6 2 1 
30 29 3 2 1 1 
3 42 14 2 4 1 
3 11 31 2 13 6 
66 
1 29 28 7 1 
1 50 15 
1 4 41 18 1 1 
1 51 8 5 1 
7 49 5 3 2 
5 26 29 6 
1 39 15 10 1 
1 13 31 13 3 2 3 
1 55 4 6 
13 30 19 1 3 
27 16 11 12 
1 20 13 6 4 19 2 1 
2 37 13 13 1 
2 56 4 3 1 
2 29 25 4 3 3 
1 21 24 9 11 
1 43 3 18 1 
5 37 23 1 
3 13 16 20 8 1 2 3 
1 65 
2 43 12 9 
1 52 13 
1 61 1 1 2 
2 47 8 4 2 3 
1 48 4 13 
1 26 15 20 4 
2 35 26 3 
6 24 12 21 3 
9 56 1 
12 25 14 3 10 1 1 
20 37 5 3 1 
27 24 8 2 2 1 1 1 
1 62 3 
2 12 11 3 27 5 2 1 3 
6 47 2 3 6 2 
6 50 5 2 2 1 
55 10 1 
1 4 56 5 
1 62 3 
1 40 22 2 1 
2 51 1 6 2 2 1 1 
5 7 29 19 6 
2 31 33 
3 32 8 16 6 1 
8 37 11 9 1 
5 25 32 2 1 1 
1 37 15 9 2 2 
14 37 15 
10 21 14 4 2 9 2 1 1 1 1 
9 13 19 10 7 3 3 2 
4 39 7 10 2 4 
12 6 35 10 3 
8 58 
3 27 32 2 2 
1 29 5 12 19 
1 51 3 1 5 3 1 1 
1 8 5 25 6 4 1 4 7 5 
48 13 5 
1 44 8 3 1 3 6 
65 1 
2 8 56 
22 24 15 2 3 
4 40 7 3 6 5 1 
17 23 23 1 2 
2 12 40 1 1 8 2 
1 50 15 
2 42 22 
3 27 33 2 1 
23 20 4 14 3 1 1 
1 5 53 5 2 
1 63 1 1 
66 
1 52 8 3 2 
62 3 1 
1 26 11 15 2 9 1 1 
1 7 36 14 6 1 1 
1 52 13 
5 43 10 8 
6 48 1 1 4 1 3 2 
1 18 47 
5 40 18 2 1 
61 2 1 1 1 
15 21 11 8 8 1 1 1 
3 26 31 6 
1 51 6 5 2 1 
1 28 35 2 
3 5 18 6 16 4 5 2 4 1 2 
1 32 33 
1 22 6 26 11 
2 23 41 
3 53 1 7 2 
6 4 41 15 
13 48 5 
3 49 10 1 1 2 
6 4 11 36 2 2 5 
1 64 1 
8 8 29 13 7 1 
3 61 2 
1 28 16 5 5 8 2 1 
3 16 1 28 5 4 2 1 1 4 1 
4 40 11 7 2 1 1 
3 2 26 27 7 1 
4 33 29 
7 30 27 2 
5 6 29 23 1 2 
5 57 4 
45 21 
26 40 
13 21 4 21 7 
1 64 1 
2 47 7 6 4 
2 47 12 2 3 
16 45 2 2 1 
10 11 5 1 36 2 1 
1 59 4 2 
1 37 1 5 2 16 4 
12 48 6 
1 41 15 5 2 2 
2 15 17 12 12 7 1 
1 51 14 
65 1 
2 41 21 1 1 
1 30 35 
7 10 45 4 
1 36 19 3 3 1 2 1 
1 58 1 2 1 1 1 1 
5 3 11 1 10 10 24 1 1 
55 4 6 1 
1 1 41 17 2 1 1 1 1 
1 63 2 
1 39 9 1 4 2 10 
1 21 29 11 1 3 
1 49 2 10 1 1 2 
30 11 20 5 
1 7 19 30 8 1 
57 5 2 2 
7 28 5 3 21 1 1 
1 54 10 1 
1 51 9 1 1 2 1 
16 25 24 1 
2 27 29 2 4 2 
1 1 55 7 1 1 
2 35 3 17 8 1 
1 27 9 17 10 2 
1 38 27 
8 48 5 4 1 
1 3 62 
2 4 16 5 16 4 16 2 1 
20 44 2 
9 23 9 10 7 6 2 
5 3 39 1 15 3 
7 43 3 11 1 1 
8 41 16 1 
1 64 1 
1 38 15 5 5 1 1 
1 13 28 16 8 
3 1 21 6 21 6 6 1 1 
2 13 29 19 3 
1 59 3 2 1 
59 3 4 
2 12 28 12 5 1 4 2 
3 47 1 6 2 5 1 1 
1 47 18 
53 13 
1 62 3 
1 58 7 
13 8 11 21 13 
1 51 14 
1 63 2 
1 46 13 6 
1 22 8 10 22 1 2 
1 58 6 1 
17 46 2 1 
1 61 4 
4 17 41 2 2 
1 61 4 
1 59 1 3 1 1 
1 25 40 
2 60 2 2 
66 
9 35 14 5 1 1 1 
5 1 47 4 1 8 
11 47 7 1 
4 30 31 1 
12 48 5 1 
15 25 23 1 2 
4 35 5 18 1 1 1 1 
8 10 20 18 3 7 
14 9 23 13 3 2 1 1 
1 28 20 11 4 1 1 
3 39 12 3 3 1 3 2 
14 50 1 1 
16 2 2 15 29 2 
1 37 25 3 
1 42 4 16 2 1 
4 10 44 2 2 1 3 
2 43 11 4 1 2 1 1 1 
9 5 32 4 3 1 4 2 1 2 2 1 
1 29 3 16 4 9 2 1 1 
3 18 13 20 4 7 1 
1 34 26 4 1 
25 4 31 2 3 1 
8 49 9 
1 55 9 1 
5 42 18 1 
38 28 
1 44 12 9 
1 53 7 4 1 
2 6 22 6 16 2 11 1 
1 53 3 7 2 
15 20 5 18 3 5 
1 57 8 
60 4 1 1 
9 49 4 4 
2 40 22 2 
1 29 14 20 2 
1 21 7 2 7 18 7 2 1 
3 43 3 2 7 5 3 
3 6 8 19 12 13 2 1 1 1 
43 2 6 4 4 3 4 
1 48 12 2 3 
1 38 3 24 
32 24 9 1 
3 46 17 
1 39 14 7 1 1 3 
1 4 45 10 5 1 
2 43 18 1 1 1 
6 19 4 16 3 17 1 
4 17 29 3 3 1 2 3 3 1 
2 41 16 5 1 1 
1 11 8 30 2 10 2 1 1 
2 59 5 
5 18 41 1 1 
2 6 43 5 5 3 2 
4 4 45 9 3 1 
3 21 18 21 2 1 
17 8 21 18 1 1 
3 9 51 2 1 
7 55 2 2 
8 39 9 4 3 1 1 1 
1 48 8 1 1 3 4 
4 39 14 1 7 1 
1 59 6 
1 18 46 1 
1 22 41 1 1 
2 42 6 7 4 4 1 
1 52 5 2 1 4 1 
1 51 1 4 3 3 3 
10 18 27 2 9 
1 23 16 7 8 5 4 1 1 
1 50 5 4 1 3 2 
2 50 14 
8 49 7 1 1 
1 29 36 
1 60 5 
21 13 3 27 2 
1 33 12 16 4 
15 41 10 
4 51 11 
3 2 26 10 1 11 2 2 5 1 1 1 1 
2 15 5 35 6 2 1 
1 20 37 8 
1 64 1 
2 35 29 
6 43 7 1 1 7 1 
9 4 14 26 8 4 1 
1 56 9 
10 4 21 19 11 1 
1 22 42 1 
10 19 14 18 4 1 
1 30 32 2 1 
1 57 2 6 
1 50 9 5 1 
1 12 4 41 1 3 4 
1 64 1 
21 41 1 3 
1 25 3 33 4 
16 33 14 1 2 
1 7 58 
27 34 1 4 
29 29 6 2 
4 18 22 12 3 4 3 
6 58 2 
2 33 27 2 2 
1 35 27 2 1 
1 4 20 27 12 1 1 
1 49 1 6 4 1 1 1 1 1 
1 6 2 33 23 1 
4 57 3 1 1 
62 2 1 1 
1 39 2 7 2 15 
3 29 34 
1 5 42 12 6 
1 9 45 9 2 
1 41 22 2 
59 7 
5 5 27 12 3 12 2 
1 8 7 18 28 4 
1 36 27 2 
35 27 3 1 
1 57 6 1 1 
57 1 6 2 
1 30 12 18 5 
2 23 14 16 1 4 6 
32 30 4 
6 26 19 9 6 
4 26 24 12 
3 52 4 6 1 
39 4 4 7 4 4 1 2 1 
2 24 12 28 
3 10 50 2 1 
24 9 7 17 4 3 2 
5 12 23 4 2 4 9 4 2 1 
4 32 1 24 2 3 
54 6 3 1 1 1 
1 18 13 10 11 6 7 
2 10 10 37 5 1 1 
1 15 14 12 22 1 1 
3 20 14 6 14 4 4 1 
19 29 16 1 1 
53 5 3 5 
1 14 9 15 25 2 
1 59 1 5 
2 55 9 
1 8 55 2 
1 30 19 4 12 
3 38 21 3 1 
8 24 3 21 6 4 
1 54 11 
43 15 8 
2 20 13 20 7 2 2 
1 34 29 1 1 
2 35 3 7 18 1 
2 8 23 5 12 10 4 1 1 
23 17 26 
2 2 12 19 10 12 3 5 1 
1 47 7 10 1 
1 23 24 2 7 5 1 2 1 
1 26 18 10 4 1 4 2 
1 7 37 1 7 13 
1 6 5 38 10 4 2 
1 61 3 1 
1 54 10 1 
18 16 18 12 2 
12 25 16 7 3 2 1 
3 11 46 1 2 1 1 1 
6 12 36 6 2 4 
8 16 5 16 19 1 1 
1 56 7 1 1 
33 14 2 14 3 
9 13 2 24 5 13 
3 58 4 1 
2 48 15 1 
1 24 26 6 7 2 
4 34 2 20 5 1 
1 37 19 6 3 
1 40 1 22 2 
2 40 2 12 2 5 3 
2 63 1 
1 47 17 1 
2 32 22 9 1 
3 59 2 2 
1 11 25 28 1 
31 35 
4 3 19 15 11 8 2 4 
1 41 10 14 
1 4 18 3 40 
1 58 5 2 
62 4 
3 61 2 
1 17 37 1 4 1 3 2 
2 48 8 5 1 1 1 
7 46 4 2 6 1 
1 38 26 1 
1 9 17 15 7 3 13 1 
1 54 7 3 1 
3 22 10 21 5 5 
3 37 14 11 1 
19 10 1 30 6 
5 51 7 1 2 
3 26 35 1 1 
1 61 3 1 
1 22 42 1 
3 29 33 1 
1 26 31 5 2 1 
1 45 14 6 
1 61 2 2 
5 26 19 3 11 2 
1 55 1 8 1 
1 31 34 
1 14 39 7 1 1 1 1 1 
18 38 6 1 2 1 
49 3 3 3 5 2 1 
11 12 43 
1 58 6 1 
1 44 14 1 2 3 1 
1 20 3 5 17 10 10 
2 27 27 1 7 1 1 
1 65 
1 55 9 1 
2 30 3 9 11 4 3 1 2 1 
1 13 4 43 5 
1 45 10 6 1 2 1 
11 25 18 8 4 
66 
2 41 3 7 4 2 3 1 3 
1 7 13 36 9 
1 57 7 1 
4 14 32 8 7 1 
20 19 17 6 4 
63 3 
1 19 6 11 17 10 2 
64 2 
35 24 4 3 
2 2 40 10 5 2 5 
11 36 8 8 3 
1 10 35 18 1 1 
1 9 19 9 13 4 4 5 2 
1 11 15 15 15 1 4 3 1 
1 64 1 
4 56 5 1 
3 1 18 2 34 3 1 4 
2 13 6 4 3 8 19 5 3 1 1 1 
3 22 41 
1 42 16 2 1 1 3 
1 22 6 21 16 
3 29 34 
7 36 23 
1 58 4 1 1 1 
1 23 2 17 7 14 1 1 
5 45 15 1 
5 6 47 6 2 
2 56 1 5 2 
2 1 23 38 2 
5 53 3 4 1 
1 50 13 2 
1 53 1 6 1 1 1 2 
54 2 4 3 1 2 
4 59 3 
66 
1 62 3 
47 18 1 
2 53 1 3 5 2 
2 23 27 11 2 1 
1 62 1 1 1 
5 56 2 2 1 
36 28 2 
1 2 41 19 3 
10 28 21 7 
1 18 8 27 9 3 
3 59 4 
4 55 7 
66 
4 38 21 1 2 
30 11 11 4 5 5 
2 9 36 19 
2 33 13 13 5 
16 46 1 2 1 
28 14 7 13 1 1 2 
9 35 20 1 1 
2 46 10 1 5 2 
3 30 22 10 1 
2 64 
5 33 2 5 7 2 10 2 
13 8 6 31 8 
3 40 16 3 1 1 1 1 
41 2 5 11 7 
4 30 5 13 14 
38 13 4 3 3 1 4 
1 4 37 18 6 
1 21 18 5 7 7 1 3 3 
1 24 15 2 6 18 
5 9 6 32 14 
1 37 28 
1 19 32 2 10 1 1 
11 47 8 
1 20 45 
1 29 8 28 
20 29 4 12 1 
1 29 8 26 1 1 
1 37 6 1 15 2 1 3 
15 26 9 4 1 3 6 1 1 
4 50 2 6 4 
1 35 30 
19 26 21 
1 7 3 28 19 5 3 
1 3 5 38 8 3 3 3 2 
2 40 9 12 2 1 
1 6 30 9 11 1 2 3 2 1 
1 30 29 2 3 1 
1 13 39 3 2 6 2 
1 9 26 4 18 3 5 
8 17 18 1 3 5 7 1 2 2 1 1 
27 15 24 
4 55 5 2 
1 31 34 
4 42 9 3 2 1 1 1 1 1 1 
8 53 5 
18 3 40 5 
11 2 19 25 1 6 2 
1 24 38 3 
2 8 23 6 25 2 
1 24 18 18 4 1 
3 22 10 7 13 10 1 
1 46 14 3 2 
1 17 48 
2 8 24 9 5 2 10 1 5 
1 26 20 11 4 3 1 
10 25 31 
1 8 18 38 1 
1 23 41 1 
1 41 13 3 8 
5 51 4 3 1 2 
2 55 7 1 1 
1 2 63 
3 2 13 7 17 3 20 1 
5 36 22 3 
17 9 39 1 
1 6 19 36 1 3 
2 35 17 9 1 2 
1 19 11 23 10 1 1 
17 43 6 
1 62 3 
1 5 24 24 4 2 1 5 
7 48 6 5 
9 31 12 8 4 1 1 
2 5 6 52 1 
25 39 2 
1 14 19 25 2 4 1 
8 38 16 4 
9 42 11 4 
1 22 7 15 21 
3 58 2 1 2 
1 2 6 4 41 10 2 
1 58 7 
1 12 30 5 18 
1 46 11 6 2 
24 33 9 
1 60 3 1 1 
2 19 38 1 6 
53 5 3 5 
1 40 25 
5 11 36 2 3 5 1 1 1 1 
1 3 45 10 4 3 
1 17 1 6 9 5 27 
1 19 12 12 2 9 7 4 
2 17 47 
2 49 13 1 1 
1 21 25 14 1 3 1 
29 13 24 
33 13 13 5 2 
5 53 4 4 
1 22 43 
3 23 40 
4 52 6 1 1 2 
21 44 1 
1 63 2 
4 58 2 1 1 
2 60 4 
13 35 7 7 4 
33 20 10 3 
2 14 1 43 5 1 
55 9 1 1 
2 19 34 3 3 2 2 1 
1 64 1 
8 26 4 23 5 
1 37 13 11 3 1 
1 42 7 12 4 
1 23 6 2 24 9 1 
1 29 36 
5 21 32 4 4 
1 26 38 1 
20 25 2 1 7 5 3 2 1 
5 19 25 4 11 2 
1 41 16 6 2 
65 1 
3 42 8 9 2 2 
1 61 1 3 
47 9 1 2 1 1 2 1 1 1 
1 16 37 5 5 2 
2 26 22 8 3 3 1 1 
62 4 
5 16 2 43 
36 7 22 1 
7 35 1 12 6 5 
2 16 48 
14 49 3 
33 20 6 3 4 
2 33 27 3 1 
1 50 15 
1 37 3 8 5 8 4 
1 58 7 
9 52 5 
1 43 14 2 6 
39 20 7 
1 1 37 10 17 
1 32 19 13 1 
1 1 32 15 17 
1 61 1 1 2 
4 33 24 2 3 
28 33 3 1 1 
1 26 39 
4 20 3 37 1 1 
46 13 4 2 1 
12 54 
33 29 4 
6 58 2 
1 27 38 
8 45 5 5 1 1 1 
1 24 33 2 5 1 
1 33 17 9 1 1 3 1 
1 65 
1 39 3 1 21 1 
59 6 1 
2 16 48 
1 13 52 
1 5 22 25 1 11 1 
3 15 29 11 7 1 
7 56 1 1 1 
47 19 
1 44 20 1 
1 35 16 6 2 5 1 
1 65 
8 6 5 39 1 6 1 
30 28 5 1 2 
6 9 30 14 6 1 
1 58 7 
21 3 41 1 
10 29 23 3 1 
66 
11 23 32 
35 21 10 
6 29 22 6 3 
1 18 20 24 3 
31 3 11 4 9 6 2 
63 3 
1 29 8 3 16 8 1 
2 42 17 1 2 1 1 
1 9 20 23 10 1 1 1 
18 10 8 22 5 1 2 
1 7 56 1 1 
1 6 36 23 
1 36 4 9 12 3 1 
5 3 14 2 18 10 9 5 
1 9 6 3 1 5 12 8 19 1 1 
3 58 4 1 
4 5 15 37 5 
4 43 15 3 1 
5 5 35 8 2 8 3 
1 62 3 
35 24 7 
1 49 16 
2 1 58 1 1 3 
1 59 5 1 
1 41 15 2 7 
27 31 8 
1 36 19 5 4 1 
10 30 9 14 3 
18 45 3 
2 58 4 1 1 
1 54 11 
1 57 3 4 1 
5 16 25 18 1 1 
1 16 38 1 8 1 1 
1 26 22 1 4 4 4 3 1 
1 54 11 
58 7 1 
1 13 9 1 36 6 
1 9 17 4 28 1 4 2 
1 10 49 6 
4 39 14 7 2 
4 61 1 
12 4 42 4 4 
3 11 36 12 1 1 2 
3 35 25 1 1 1 
57 3 2 3 1 
49 5 2 5 5 
2 49 14 1 
46 12 5 2 1 
38 2 21 4 1 
28 6 10 22 
1 6 13 27 14 1 4 
1 48 7 1 4 3 1 1 
12 49 4 1 
1 14 30 14 7 
2 24 40 
1 10 24 30 1 
1 9 13 37 1 2 1 2 
21 39 3 2 1 
5 46 13 2 
1 65 
1 1 4 4 40 3 9 4 
64 2 
3 24 39 
35 23 3 3 2 
57 4 4 1 
7 16 23 17 1 2 
5 9 51 1 
54 6 1 3 1 1 
5 27 14 8 8 3 1 
1 5 45 6 9 
2 30 34 
4 43 17 2 
1 12 32 19 2 
1 38 5 19 2 1 
2 34 6 23 1 
2 57 3 4 
14 5 36 5 6 
49 8 2 6 1 
4 45 9 8 
1 28 31 5 1 
9 37 15 4 1 
3 56 7 
2 9 37 9 3 5 1 
4 9 36 16 1 
25 24 6 10 1 
62 3 1 
55 11 
4 60 2 
2 35 14 10 4 1 
1 34 29 1 1 
1 13 17 3 17 6 9 
2 22 10 4 27 1 
3 42 2 5 2 10 2 
23 35 7 1 
17 31 5 4 2 2 4 1 
5 40 9 2 3 5 1 1 
8 13 24 7 2 9 1 2 
24 5 34 3 
1 51 1 1 5 3 1 3 
1 10 6 9 39 1 
3 3 3 14 15 2 13 3 8 2 
12 24 26 1 2 1 
1 32 24 1 6 2 
65 1 
2 13 1 19 3 1 25 2 
2 25 36 2 1 
2 60 1 3 
1 59 2 1 3 
3 55 6 2 
12 50 1 1 1 1 
1 12 50 1 1 1 
2 53 8 2 1 
1 22 38 3 1 1 
6 45 7 5 2 1 
14 7 21 3 11 1 2 7 
5 52 9 
8 24 5 3 5 10 9 1 1 
46 17 1 2 
1 16 22 16 7 1 3 
3 15 44 4 
43 4 8 2 9 
26 6 34 
1 57 6 2 
1 28 34 1 2 
7 43 16 
1 63 2 
39 6 20 1 
5 4 11 36 5 1 1 3 
31 31 2 2 
1 9 34 17 2 2 1 
3 23 27 10 3 
1 64 1 
2 55 5 4 
1 54 4 2 5 
41 11 5 1 6 1 1 
1 6 40 8 3 5 1 2 
2 24 11 12 6 1 1 7 1 1 
2 32 13 19 
1 62 1 2 
1 57 2 6 
3 29 9 17 1 1 6 
1 55 10 
2 63 1 
2 18 44 2 
1 17 11 12 17 5 2 1 
5 53 1 5 2 
4 26 12 1 9 7 7 
3 16 37 6 4 
1 56 2 1 5 1 
11 27 22 3 2 1 
18 41 7 
1 33 24 7 1 
12 33 14 1 3 1 1 1 
15 25 18 2 3 2 1 
2 31 33 
3 57 6 
6 51 9 
11 32 3 9 1 3 2 4 1 
58 1 3 3 1 
2 4 21 22 2 4 7 1 1 1 1 
27 11 21 6 1 
16 8 41 1 
47 19 
2 64 
37 6 16 4 2 1 
5 15 11 20 2 2 5 4 1 1 
1 43 3 12 2 4 1 
1 19 40 1 1 3 1 
1 9 53 2 1 
1 57 6 2 
7 57 2 
1 38 13 4 3 1 4 1 1 
20 28 9 3 3 3 
7 38 2 4 3 9 3 
2 44 4 8 2 5 1 
4 34 17 9 2 
1 20 16 18 11 
66 
1 34 1 30 
1 32 13 13 1 3 3 
8 14 36 1 4 3 
6 54 1 2 1 1 1 
2 63 1 
18 29 17 2 
1 52 10 3 
1 46 2 5 7 5 
1 59 2 4 
4 36 13 7 2 2 1 1 
9 53 1 2 1 
1 62 1 2 
1 14 13 28 9 1 
1 58 7 
20 39 1 6 
1 64 1 
29 28 8 1 
3 15 47 1 
6 27 33 
1 43 16 1 4 1 
12 5 5 40 3 1 
1 30 26 4 4 1 
44 6 9 6 1 
1 5 33 8 9 8 2 
2 51 13 
1 5 18 27 1 13 1 
44 3 19 
34 26 4 1 1 
38 12 8 3 2 2 1 
4 11 24 24 3 
7 45 8 3 3 
5 46 8 7 
42 13 2 5 1 1 1 1 
20 23 15 8 
4 50 4 8 
26 3 21 13 3 
4 46 4 3 7 1 1 
1 42 14 7 2 
1 55 10 
1 6 32 4 6 13 2 1 1 
1 63 2 
27 29 1 7 1 1 
1 19 27 10 9 
1 54 2 3 2 3 1 
2 51 1 11 1 
1 58 3 4 
6 37 13 6 4 
1 20 33 11 1 
1 47 4 5 1 4 2 1 1 
34 6 4 8 14 
2 57 7 
7 21 25 11 2 
34 19 13 
7 57 1 1 
2 63 1 
1 59 6 
25 10 14 8 6 3 
14 39 8 1 2 2 
1 51 14 
1 58 5 2 
2 55 9 
7 13 28 18 
52 14 
1 17 12 14 12 5 3 1 1 
14 48 4 
7 35 24 
3 7 3 11 9 18 13 2 
9 3 5 19 17 4 4 2 1 1 1 
1 52 3 7 3 
8 33 4 6 8 4 2 1 
5 4 3 11 35 4 4 
3 44 18 1 
1 5 32 26 1 1 
1 60 2 1 2 
32 16 1 11 5 1 
1 45 8 1 6 3 1 1 
6 54 1 5 
10 23 21 1 1 2 3 5 
2 16 6 10 6 6 10 4 3 3 
8 57 1 
7 16 25 15 2 1 
28 29 9 
1 55 1 9 
1 62 3 
27 9 2 17 3 1 4 3 
66 
11 49 6 
1 53 4 8 
37 8 16 2 3 
1 9 10 4 21 14 7 
1 34 24 4 3 
3 3 3 47 2 2 1 2 1 2 
4 12 50 
1 12 15 32 5 1 
23 24 19 
62 4 
12 47 2 4 1 
1 5 33 8 16 1 2 
1 15 33 13 1 1 2 
6 20 26 2 8 4 
3 7 8 30 10 3 5 
1 62 3 
19 36 7 2 2 
1 3 48 13 1 
1 34 7 7 13 3 1 
3 23 40 
4 54 7 1 
1 51 5 3 2 2 2 
1 43 11 9 1 1 
3 46 17 
1 43 11 10 1 
1 38 11 7 4 1 3 1 
55 2 3 5 1 
1 55 10 
1 28 19 13 1 1 1 2 
1 39 26 
1 26 16 8 7 1 1 3 2 1 
3 45 5 4 5 2 1 1 
11 4 7 43 1 
2 14 50 
1 43 22 
1 51 14 
3 23 31 4 3 2 
1 19 33 7 4 2 
2 61 3 
2 18 26 19 1 
1 31 31 3 
2 60 2 1 1 
1 47 7 2 8 1 
1 15 2 27 16 4 1 
2 12 6 19 21 4 1 1 
4 8 36 3 12 2 1 
1 33 18 6 2 4 2 
12 36 1 8 5 3 1 
9 33 4 19 1 
14 46 6 
1 11 16 21 17 
1 25 20 17 3 
3 13 10 15 8 12 5 
1 46 17 2 
1 50 4 3 3 2 1 1 1 
1 33 32 
3 10 44 7 2 
1 54 11 
1 50 13 1 1 
7 14 17 25 2 1 
2 40 3 18 3 
65 1 
2 58 6 
4 9 48 3 2 
1 41 17 5 2 
1 7 15 3 40 
1 42 21 2 
1 36 12 2 2 1 1 2 7 2 
40 15 6 3 1 1 
2 12 46 3 3 
1 6 15 3 8 16 2 3 2 1 2 4 1 1 1 
2 26 34 3 1 
2 64 
19 36 6 1 1 2 1 
32 22 2 3 6 1 
1 64 1 
4 11 19 1 30 1 
1 56 2 1 3 2 1 
5 29 13 12 3 1 2 1 
1 51 8 1 3 2 
1 55 6 2 2 
1 53 6 3 2 1 
19 40 3 2 1 1 
5 60 1 
2 62 2 
1 3 15 33 10 1 1 2 
2 42 9 2 3 5 1 1 1 
4 12 47 3 
47 14 3 2 
17 6 6 25 4 8 
27 35 3 1 
5 27 10 3 4 13 3 1 
1 21 35 3 5 1 
66 
1 49 1 2 12 1 
1 10 35 5 7 6 2 
16 39 2 8 1 
11 17 28 5 2 2 1 
5 59 2 
5 6 11 6 8 15 1 7 5 1 1 
1 41 1 3 18 1 1 
14 6 40 4 2 
2 36 27 1 
2 51 13 
4 60 1 1 
4 62 
16 17 16 12 4 1 
22 35 6 1 1 1 
2 38 19 6 1 
1 54 2 6 1 1 1 
12 52 1 1 
47 10 5 2 2 
1 57 3 4 1 
3 59 4 
25 6 15 10 2 4 4 
6 24 30 1 5 
2 35 21 8 
3 2 17 37 1 5 1 
2 17 4 15 25 3 
2 52 8 2 1 1 
1 22 43 
1 5 58 1 1 
16 6 28 8 8 
4 51 11 
4 7 33 8 5 4 4 1 
1 28 18 13 2 3 1 
3 50 11 2 
6 5 21 22 9 1 2 
1 60 3 1 1 
4 54 8 
1 21 8 13 15 4 2 2 
66 
6 5 23 18 9 1 4 
48 13 5 
3 28 10 25 
3 28 17 9 1 5 3 
2 61 3 
5 14 21 16 10 
5 30 31 
7 8 49 2 
1 30 21 6 1 1 2 2 2 
2 37 27 
1 41 1 19 2 1 1 
3 5 52 5 1 
40 25 1 
1 36 8 10 6 4 1 
9 14 25 18 
6 54 4 2 
1 28 37 
1 63 2 
22 28 1 6 3 4 2 
1 41 19 1 3 1 
38 26 2 
14 15 15 21 1 
9 10 2 28 17 
2 59 5 
45 12 6 3 
48 4 7 1 5 1 
16 50 
1 53 7 3 2 
1 64 1 
4 17 19 21 5 
1 2 54 4 1 2 2 
3 19 8 2 30 4 
2 44 12 6 1 1 
8 32 2 12 8 4 
1 52 8 5 
3 57 4 1 1 
1 24 31 3 4 2 1 
2 39 12 13 
12 2 4 5 3 16 2 3 16 2 1 
6 30 16 5 7 1 1 
1 8 20 3 34 
45 10 9 1 1 
53 8 4 1 
1 59 1 5 
1 7 16 4 4 32 2 
1 42 19 3 1 
11 16 39 
1 1 30 22 9 3 
1 36 14 14 1 
2 25 24 13 2 
3 33 24 2 1 3 
3 3 30 23 5 2 
1 29 24 7 3 1 1 
34 8 12 10 1 1 
2 40 9 12 1 1 1 
4 55 7 
29 11 1 12 13 
19 46 1 
1 49 2 7 4 2 1 
1 25 32 8 
2 39 18 4 3 
3 20 35 5 3 
30 7 17 11 1 
36 16 7 1 6 
61 4 1 
4 21 31 7 2 1 
2 11 45 7 1 
2 37 22 5 
2 46 15 3 
9 37 15 3 1 1 
66 
1 23 42 
1 29 3 11 3 11 1 4 3 
1 27 30 4 4 
2 44 12 6 1 1 
2 4 3 6 45 3 1 1 1 
3 18 31 11 3 
18 8 9 12 8 8 2 1 
1 18 27 19 1 
1 60 5 
1 20 2 40 2 1 
2 35 28 1 
8 41 13 1 3 
1 22 26 4 13 
2 25 33 1 2 3 
1 37 23 5 
31 19 12 2 2 
1 59 6 
2 62 2 
11 8 6 26 1 7 1 6 
6 1 24 14 3 4 14 
6 43 7 4 2 2 1 1 
1 23 26 9 1 4 2 
9 24 30 1 2 
20 36 3 1 1 1 1 2 1 
2 5 57 2 
34 9 17 5 1 
1 6 44 8 7 
1 4 25 27 1 6 1 1 
3 46 11 6 
2 31 9 20 1 2 1 
1 17 32 4 5 2 4 1 
1 52 10 2 1 
2 64 
14 36 16 
4 56 1 4 1 
25 10 11 20 
4 10 1 11 36 2 2 
1 39 23 1 2 
17 1 6 20 6 1 1 10 3 1 
2 52 7 5 
1 26 10 27 2 
50 3 1 5 2 5 
10 54 2 
2 60 4 
48 3 1 4 9 1 
6 12 24 15 1 2 5 1 
65 1 
66 
42 24 
2 37 16 1 7 3 
2 40 2 2 20 
30 13 2 20 1 
9 39 17 1 
3 14 8 5 35 1 
3 63 
1 11 28 21 3 1 1 
31 33 2 
1 29 10 14 6 4 1 1 
1 42 13 3 1 6 
4 53 6 1 2 
1 8 31 21 1 1 3 
5 3 9 18 12 11 7 1 
1 36 28 1 
3 61 1 1 
4 22 7 10 9 3 5 2 4 
13 12 41 
41 4 1 14 2 2 1 1 
7 57 2 
4 33 2 9 17 1 
15 37 4 8 2 
20 17 6 22 1 
12 44 4 1 4 1 
3 37 4 5 11 1 5 
16 38 11 1 
4 42 9 10 1 
1 7 58 
1 21 41 1 1 1 
1 20 16 3 22 3 1 
1 55 6 4 
2 11 14 36 1 1 1 
62 2 1 1 
1 45 20 
23 29 5 2 4 2 1 
9 18 24 8 7 
1 5 27 15 8 7 3 
13 1 11 31 5 4 1 
52 10 1 1 2 
8 56 2 
1 58 7 
4 59 2 1 
1 4 24 11 11 5 6 4 
1 41 12 2 1 5 4 
1 39 17 3 3 3 
2 47 16 1 
1 55 10 
1 8 24 20 13 
1 36 12 15 2 
8 43 14 1 
1 54 5 3 3 
1 55 3 2 1 2 2 
1 30 17 8 10 
5 44 12 5 
1 54 4 3 2 2 
10 39 8 6 3 
1 50 1 2 11 1 
39 11 1 1 2 5 1 5 1 
3 25 13 23 1 1 
19 45 1 1 
14 19 32 1 
1 16 40 4 5 
2 47 5 5 5 2 
13 25 4 15 7 1 1 
2 3 46 8 1 4 1 1 
1 43 13 1 4 2 2 
1 43 5 13 4 
58 7 1 
1 60 2 2 1 
3 39 18 5 1 
3 53 10 
18 27 4 14 3 
2 18 25 20 1 
14 39 10 2 1 
1 31 4 16 5 9 
1 30 5 17 4 4 2 3 
39 13 14 
3 56 7 
7 51 8 
4 57 1 2 2 
1 51 5 4 3 1 1 
11 36 16 2 1 
8 43 1 1 3 9 1 
2 12 21 4 22 5 
41 7 11 3 1 1 1 1 
1 24 22 3 11 5 
35 30 1 
1 17 36 9 1 1 1 
1 60 2 3 
1 27 2 26 10 
5 53 2 1 3 1 1 
1 41 11 2 6 3 1 1 
2 22 39 2 1 
35 7 24 
19 15 24 3 1 2 1 1 
12 25 14 11 4 
2 41 5 8 8 1 1 
63 2 1 
5 41 6 3 2 4 1 4 
1 30 31 4 
59 2 3 1 1 
1 23 4 16 9 2 5 2 4 
5 27 34 
2 38 5 9 9 1 1 1 
2 5 35 19 2 1 1 1 
6 52 5 1 2 
5 13 48 
13 48 3 2 
58 8 
4 19 15 22 1 4 1 
2 18 36 1 9 
22 42 1 1 
2 21 5 16 11 7 2 2 
2 18 45 1 
2 18 26 4 6 5 1 4 
2 14 10 33 6 1 
1 52 13 
1 5 48 2 2 1 2 3 1 1 
1 33 10 1 1 20 
3 62 1 
1 29 34 2 
1 18 22 2 8 12 2 1 
1 63 2 
11 54 1 
2 54 4 2 3 1 
17 28 8 10 1 1 1 
1 39 15 4 7 
1 55 4 4 2 
8 26 14 15 1 1 1 
1 63 2 
6 26 16 7 1 10 
66 
2 63 1 
1 32 19 7 1 1 5 
1 58 4 2 1 
8 6 19 7 4 2 18 1 1 
2 14 24 22 1 2 1 
17 47 1 1 
1 20 44 1 
14 11 16 19 6 
1 3 3 23 24 9 1 1 1 
7 41 11 6 1 
11 11 16 26 1 1 
1 3 39 14 7 1 1 
5 15 23 23 
7 55 4 
1 60 5 
3 8 48 2 3 2 
18 34 14 
10 13 11 11 14 4 2 1 
1 52 2 6 2 3 
5 12 38 9 2 
4 10 29 18 5 
7 22 9 6 21 1 
1 61 2 2 
3 15 7 5 1 4 6 1 11 10 1 1 1 
31 30 1 3 1 
3 24 6 28 3 2 
1 54 4 4 1 2 
65 1 
2 5 33 20 3 1 1 1 
1 65 
25 31 8 2 
45 3 2 16 
1 51 8 6 
7 33 21 2 1 1 1 
43 5 9 5 4 
5 9 40 1 5 6 
1 46 19 
6 38 21 1 
61 1 4 
1 50 2 12 1 
12 48 2 2 1 1 
6 36 7 14 3 
39 10 15 1 1 
6 5 28 14 8 1 2 1 1 
2 31 29 3 1 
3 59 3 1 
2 62 2 
12 53 1 
26 13 22 1 1 2 1 
1 32 2 11 8 5 4 2 1 
4 54 6 2 
2 7 41 13 3 
4 23 30 2 5 2 
1 8 43 4 7 3 
1 48 9 2 3 2 1 
66 
19 6 17 11 5 4 2 2 
4 60 2 
53 9 3 1 
9 10 30 16 1 
4 42 16 4 
2 52 6 1 2 2 1 
1 14 15 12 14 1 4 5 
20 18 8 14 6 
1 17 19 13 3 8 5 
4 49 13 
43 5 11 2 2 1 1 1 
1 56 3 3 3 
2 32 28 1 2 1 
35 30 1 
3 42 1 1 17 1 1 
66 
1 19 3 31 2 6 1 2 1 
2 16 35 13 
4 15 4 17 25 1 
3 61 1 1 
5 31 5 18 3 1 3 
2 31 24 4 1 3 1 
4 42 16 4 
1 43 20 1 1 
48 7 11 
1 11 16 12 8 9 7 1 1 
1 59 6 
29 36 1 
1 20 42 1 1 1 
12 25 13 5 1 2 4 3 1 
30 30 3 2 1 
6 36 9 12 3 
2 18 46 
1 63 1 1 
13 16 12 24 1 
2 12 7 38 2 1 3 1 
37 11 16 2 
32 14 15 5 
2 12 17 1 2 29 2 1 
16 28 7 12 1 1 1 
6 33 26 1 
9 33 11 2 2 9 
1 54 11 
1 50 14 1 
37 24 4 1 
1 23 15 6 8 5 4 1 1 2 
1 51 5 6 1 2 
62 1 1 2 
1 59 2 3 1 
14 20 13 16 3 
1 29 19 16 1 
2 48 7 3 1 1 2 1 1 
8 23 35 
40 2 9 5 9 1 
1 39 3 17 4 1 1 
8 7 5 13 5 12 6 10 
4 10 3 36 13 
2 39 23 2 
1 24 12 15 1 12 1 
1 13 37 2 4 6 3 
13 3 20 8 10 1 5 5 1 
15 41 9 1 
7 6 38 12 3 
1 60 5 
1 22 24 10 9 
1 54 5 5 1 
54 11 1 
17 22 7 7 13 
2 30 2 13 1 3 9 6 
3 32 31 
1 22 6 4 23 1 1 4 3 1 
2 11 21 26 3 3 
65 1 
1 12 14 14 4 16 2 3 
23 8 14 7 2 3 6 1 1 1 
2 16 26 2 20 
30 11 16 8 1 
1 18 23 22 2 
2 31 10 10 5 7 1 
3 58 2 2 1 
17 25 24 
1 5 18 1 10 30 1 
1 61 3 1 
22 10 7 22 5 
2 10 40 2 2 3 4 3 
47 18 1 
4 9 18 11 13 5 2 1 1 2 
9 7 10 21 6 9 1 3 
1 41 2 12 1 3 4 1 1 
2 54 6 4 
11 29 25 1 
1 45 20 
22 2 42 
1 8 49 4 1 2 1 
1 55 10 
1 43 22 
3 2 46 10 4 1 
1 11 36 8 10 
1 46 15 4 
2 44 8 8 4 
3 19 28 6 3 6 1 
12 50 3 1 
1 48 10 6 1 
4 61 1 
38 8 1 10 1 4 2 1 1 
4 22 14 21 4 1 
1 29 18 4 9 5 
1 51 4 3 4 1 2 
1 31 4 17 10 1 2 
59 1 6 
7 39 18 2 
64 1 1 
2 29 23 1 4 3 4 
65 1 
14 35 13 4 
11 44 11 
2 14 35 9 5 1 
4 46 16 
5 7 34 19 1 
13 37 7 6 2 1 
2 47 3 11 2 1 
1 18 5 36 4 2 
3 31 3 17 5 2 4 1 
1 51 13 1 
1 38 7 6 8 4 2 
65 1 
63 2 1 
1 47 3 14 1 
9 28 26 3 
2 43 7 4 6 3 1 
1 32 2 9 14 7 1 
34 31 1 
22 14 11 8 9 2 
66 
6 59 1 
4 7 25 30 
1 35 1 2 6 4 13 2 2 
1 4 31 2 27 1 
66 
5 4 51 3 1 1 1 
4 19 8 28 4 3 
3 39 3 11 5 4 1 
12 16 22 8 6 1 1 
2 15 1 37 5 4 1 1 
1 59 6 
1 25 9 7 24 
3 32 9 1 10 2 9 
2 62 2 
1 52 5 5 2 1 
9 47 4 3 3 
1 38 18 5 3 1 
5 53 3 1 4 
2 64 
1 20 9 4 22 3 3 3 1 
1 14 16 17 3 11 1 3 
3 49 1 9 1 1 1 1 
1 46 19 
1 59 5 1 
15 10 30 6 3 2 
1 55 4 6 
1 29 19 11 4 2 
26 31 6 2 1 
5 27 12 15 6 1 
7 28 8 5 13 5 
1 22 23 5 12 3 
2 53 2 8 1 
30 18 5 10 3 
21 29 9 2 3 1 1 
1 62 2 1 
1 51 11 2 1 
5 58 3 
1 56 9 
1 21 2 17 16 1 2 5 1 
27 36 1 1 1 
1 9 12 26 8 7 3 
23 19 18 3 1 2 
63 3 
3 14 8 12 26 2 1 
1 40 18 4 2 1 
26 28 7 2 2 1 
3 34 3 21 3 2 
1 17 19 12 5 2 2 6 2 
1 64 1 
1 56 5 1 1 2 
6 56 4 
66 
21 13 9 22 1 
1 27 6 26 2 4 
11 45 3 6 1 
20 29 5 2 3 1 2 1 2 1 
3 51 10 1 1 
1 1 18 23 7 15 1 
5 11 17 2 24 5 2 
2 15 19 20 3 7 
1 49 10 3 1 1 1 
3 40 23 
63 3 
1 33 11 8 12 1 
58 2 1 5 
1 3 61 1 
5 24 3 26 2 4 2 
5 34 16 5 2 1 2 1 
1 58 5 2 
1 3 36 15 2 7 2 
6 54 6 
8 1 42 10 5 
24 6 32 3 1 
51 10 4 1 
1 38 7 8 10 2 
1 9 9 28 14 1 2 1 1 
2 28 29 2 5 
1 63 1 1 
3 48 7 7 1 
13 8 30 12 3 
16 33 9 2 2 3 1 
7 38 20 1 
1 7 11 18 6 3 18 1 1 
2 39 25 
61 5 
1 26 39 
1 63 2 
1 51 3 10 1 
4 27 1 4 19 3 2 1 1 1 3 
18 32 4 2 4 1 3 1 1 
43 20 3 
50 7 5 3 1 
3 61 2 
1 22 19 11 5 6 2 
1 37 14 13 1 
2 35 29 
4 44 15 2 1 
64 2 
1 2 56 7 
6 59 1 
65 1 
33 6 12 6 8 1 
9 10 45 1 1 
18 38 3 6 1 
2 60 1 3 
2 22 21 14 6 1 
2 51 13 
6 46 10 4 
16 9 12 29 
3 63 
1 45 20 
1 17 23 21 4 
1 44 19 1 1 
1 29 13 10 12 1 
4 23 1 21 6 10 1 
4 13 33 16 
4 34 1 7 20 
3 4 14 9 19 7 3 1 4 1 1 
1 12 24 14 3 4 4 2 1 1 
1 56 6 2 1 
1 30 19 13 1 2 
10 34 16 4 2 
4 32 16 12 2 
17 23 26 
1 30 25 7 2 1 
2 19 44 1 
9 55 2 
11 8 9 5 27 1 5 
2 21 14 20 3 4 2 
1 29 34 2 
4 61 1 
1 53 12 
9 24 33 
1 51 7 5 1 1 
1 12 13 1 22 11 1 1 1 2 1 
24 37 5 
3 52 6 1 2 1 1 
19 37 10 
3 41 22 
28 30 8 
54 3 9 
2 51 2 10 1 
1 25 25 14 1 
34 9 23 
2 46 15 2 1 
45 13 2 5 1 
2 56 8 
1 61 4 
9 12 20 21 2 1 1 
1 22 15 10 14 4 
4 29 28 4 1 
3 48 12 1 1 1 
12 14 20 20 
4 58 3 1 
13 44 1 7 1 
1 35 15 10 5 
2 51 13 
66 
1 33 2 17 2 11 
3 12 27 20 4 
1 58 7 
2 55 9 
6 4 23 13 5 1 8 6 
2 49 15 
1 38 25 2 
3 50 7 1 5 
1 20 33 8 3 1 
7 21 35 3 
2 56 8 
3 55 6 2 
1 43 10 12 
1 44 9 6 1 4 1 
1 55 10 
1 61 4 
11 45 3 7 
2 56 3 1 2 2 
8 27 30 1 
5 39 12 6 2 1 1 
19 21 5 14 5 2 
1 46 5 13 1 
66 
3 61 1 1 
2 32 1 15 12 1 1 1 1 
5 61 
1 62 2 1 
8 12 41 3 1 1 
11 22 28 1 1 3 
2 60 3 1 
20 11 10 20 4 1 
2 23 13 9 1 16 1 1 
6 18 14 7 7 6 4 3 1 
32 17 11 6 
1 34 26 2 3 
1 41 24 
66 
4 60 2 
5 56 3 2 
1 56 3 4 1 1 
3 3 58 2 
1 42 18 5 
1 34 1 7 7 14 1 1 
1 31 29 5 
5 26 14 2 17 2 
7 35 10 6 4 1 2 1 
6 5 45 6 3 1 
4 21 23 17 1 
40 21 5 
1 30 19 3 10 2 1 
1 4 32 17 12 
32 6 24 1 3 
5 46 8 4 3 
56 3 7 
1 20 2 28 3 4 4 3 1 
6 24 8 15 12 1 
1 49 5 2 9 
5 41 1 13 2 3 1 
30 33 3 
57 9 
1 53 11 1 
5 54 4 2 1 
3 61 1 1 
1 59 4 1 1 
1 58 7 
3 60 3 
3 39 14 10 
9 1 28 2 4 12 7 3 
12 9 29 13 3 
15 21 8 2 7 2 3 1 6 1 
1 61 3 1 
1 54 7 4 
50 13 1 2 
1 36 29 
24 27 13 1 1 
2 50 6 8 
1 32 11 20 1 1 
1 55 6 4 
1 19 37 4 2 3 
1 22 42 1 
18 37 11 
1 28 23 7 3 1 2 1 
1 6 4 28 13 4 7 3 
28 36 1 1 
1 57 4 4 
5 58 1 2 
2 57 5 2 
1 63 1 1 
39 11 16 
15 16 34 1 
6 6 24 3 14 4 1 1 1 4 1 1 
1 41 15 8 1 
1 6 12 17 18 11 1 
10 17 26 7 6 
41 21 1 1 2 
10 49 7 
3 40 11 2 10 
3 17 39 5 2 
4 41 9 6 4 1 1 
64 2 
1 56 7 2 
4 9 11 42 
1 48 12 4 1 
30 2 26 6 1 1 
65 1 
1 10 49 4 1 1 
6 23 29 7 1 
1 25 3 32 4 1 
60 4 2 
12 12 17 5 19 1 
21 1 41 3 
1 60 5 
2 4 46 5 1 8 
1 43 17 3 1 1 
1 50 2 7 2 3 1 
2 18 15 19 10 2 
2 41 21 2 
28 21 6 11 
2 63 1 
1 58 1 2 2 2 
6 36 24 
2 51 13 
1 62 2 1 
1 27 19 6 5 3 3 2 
13 40 12 1 
5 20 21 2 3 13 2 
1 49 9 2 5 
12 5 39 3 6 1 
65 1 
2 39 1 2 15 2 1 2 2 
5 4 28 21 4 2 1 1 
1 36 21 7 1 
1 37 11 6 7 1 1 2 
1 39 16 1 4 5 
1 48 16 1 
7 8 17 7 5 11 10 1 
56 2 2 5 1 
1 21 20 1 7 16 
10 8 23 25 
1 37 23 2 1 1 1 
9 57 
22 14 15 15 
20 14 27 5 
1 54 10 1 
7 29 21 8 1 
50 2 10 3 1 
4 1 48 1 2 8 1 1 
17 35 12 2 
1 53 7 3 2 
2 60 2 2 
2 27 37 
2 42 22 
5 29 15 8 4 5 
3 62 1 
8 2 41 13 1 1 
1 12 50 2 1 
2 45 13 3 3 
1 6 50 2 1 1 1 4 
4 36 26 
11 34 21 
3 31 10 11 3 5 3 
1 17 42 2 2 1 1 
1 11 36 16 1 1 
3 58 1 2 1 1 
1 58 7 
2 52 12 
22 43 1 
65 1 
3 25 22 14 2 
1 33 5 2 3 13 2 7 
66 
28 30 7 1 
1 6 24 24 8 2 1 
21 17 1 13 12 2 
1 43 14 8 
12 49 3 1 1 
2 39 8 4 6 4 2 1 
1 1 46 12 5 1 
4 20 31 11 
5 12 4 43 2 
1 36 26 1 2 
2 62 2 
1 53 7 5 
2 30 22 2 3 1 2 1 3 
6 26 6 15 7 4 1 1 
57 8 1 
1 12 47 2 4 
2 48 16 
1 55 9 1 
1 61 2 2 
4 36 19 5 1 1 
3 1 30 19 2 4 7 
11 37 7 11 
28 9 4 24 1 
56 7 3 
2 53 4 7 
2 26 19 12 6 1 
6 49 7 1 1 2 
65 1 
1 37 19 2 7 
1 8 57 
3 54 1 7 1 
1 41 3 12 6 3 
16 4 1 33 8 3 1 
3 17 35 11 
1 50 13 2 
3 12 47 2 1 1 
1 50 12 3 
45 11 10 
5 50 1 1 5 1 3 
15 1 49 1 
1 13 29 14 7 1 1 
1 41 11 9 2 2 
1 18 47 
8 38 20 
7 57 2 
4 31 30 1 
18 43 5 
13 1 2 22 3 7 6 7 1 3 1 
1 47 18 
56 5 2 3 
3 37 2 13 7 2 2 
33 3 16 7 7 
1 49 16 
66 
3 44 15 3 1 
1 31 4 29 1 
24 31 6 2 3 
1 57 4 2 1 1 
1 45 5 9 1 2 1 1 1 
1 33 23 5 3 1 
42 20 3 1 
1 23 25 16 1 
4 45 2 4 7 1 1 1 1 
2 50 8 5 1 
26 33 6 1 
27 21 7 8 2 1 
4 51 9 2 
2 18 6 1 18 5 1 4 7 2 2 
6 52 2 4 2 
1 44 12 4 1 1 3 
1 11 20 12 12 7 1 2 
1 20 40 3 1 1 
1 43 11 5 6 
2 15 48 1 
2 32 23 3 3 2 1 
16 3 7 39 1 
1 16 3 38 8 
5 45 4 1 6 4 1 
1 62 3 
1 47 10 6 2 
3 14 16 21 12 
1 35 30 
1 37 11 4 7 5 1 
1 45 14 6 
1 35 9 14 3 1 3 
2 34 27 1 1 1 
4 9 45 4 2 2 
66 
37 20 8 1 
1 13 30 8 13 1 
1 34 18 4 4 4 1 
9 46 11 
3 4 14 32 13 
2 47 14 1 2 
1 64 1 
1 46 18 1 
5 50 10 1 
1 43 11 5 1 5 
4 44 7 4 5 1 1 
63 2 1 
3 4 47 8 1 3 
6 47 12 1 
1 8 43 2 4 3 4 1 
4 20 3 34 2 2 1 
1 59 2 1 3 
51 14 1 
2 44 18 2 
1 62 3 
1 2 19 30 12 2 
20 17 26 2 1 
1 45 3 14 1 1 1 
4 58 3 1 
30 14 13 3 1 2 1 2 
1 32 33 
1 55 10 
1 47 11 6 1 
40 8 17 1 
3 47 14 1 1 
1 19 7 16 17 1 1 1 1 1 1 
1 13 42 4 3 1 1 1 
12 41 2 11 
2 36 19 3 2 1 2 1 
1 56 6 1 2 
12 4 13 25 5 4 2 1 
1 58 5 2 
5 26 5 23 6 1 
1 62 2 1 
12 13 36 1 4 
57 6 3 
63 1 2 
1 62 2 1 
2 33 15 10 1 5 
35 16 15 
1 54 6 4 1 
2 22 9 32 1 
2 48 6 10 
1 45 14 2 3 1 
20 16 5 5 12 3 2 1 2 
1 55 5 1 1 2 1 
2 22 28 1 9 1 1 2 
3 63 
5 50 10 1 
3 19 2 34 8 
8 46 12 
4 4 8 44 2 1 3 
62 4 
6 55 4 1 
1 49 13 1 1 1 
2 58 5 1 
9 34 7 11 3 1 1 
1 58 4 1 1 1 
1 40 11 3 6 2 2 1 
1 5 59 1 
1 25 36 1 1 1 1 
31 35 
3 11 16 15 7 2 3 6 3 
2 60 4 
15 42 9 
3 16 43 1 2 1 
1 36 24 3 2 
9 36 5 13 1 1 1 
5 30 1 9 1 15 1 1 2 1 
64 2 
7 51 7 1 
5 58 1 1 1 
63 2 1 
2 42 7 3 5 5 1 1 
1 1 27 18 8 7 4 
1 26 17 14 6 1 1 
1 62 1 2 
11 23 11 11 9 1 
5 33 28 
1 47 10 1 7 
4 33 17 11 1 
3 7 34 22 
1 2 38 10 15 
1 62 2 1 
2 60 2 2 
2 49 10 4 1 
1 54 2 9 
10 36 8 10 2 
1 61 3 1 
2 52 9 2 1 
9 1 16 18 14 7 1 
9 39 18 
1 60 1 4 
8 9 23 19 5 2 
2 33 15 6 8 2 
2 46 6 11 1 
4 61 1 
35 16 1 9 5 
6 44 11 5 
14 12 9 10 18 1 2 
20 10 33 3 
1 10 23 3 24 1 4 
1 2 61 2 
23 35 8 
1 63 1 1 
9 31 21 2 3 
6 6 10 28 1 1 8 5 1 
43 22 1 
1 63 2 
11 38 16 1 
49 12 3 2 
12 38 16 
1 49 16 
12 52 1 1 
1 52 12 1 
1 17 48 
20 26 12 3 4 1 
2 9 54 1 
1 16 23 8 13 1 2 2 
2 47 1 5 2 1 1 3 1 2 1 
2 12 52 
1 60 3 2 
6 36 7 14 2 1 
2 59 2 2 1 
1 13 30 15 6 1 
1 63 1 1 
11 9 34 1 8 2 1 
1 47 5 5 1 1 1 3 2 
6 54 6 
1 36 13 14 2 
2 57 7 
8 54 3 1 
2 7 17 6 29 1 4 
1 49 15 1 
1 3 2 55 1 2 1 1 
1 46 13 1 2 1 1 1 
1 51 14 
1 7 2 17 30 4 1 2 1 1 
1 13 33 12 1 2 3 1 
3 35 27 1 
2 44 6 4 7 3 
2 27 16 20 1 
1 29 12 15 1 6 1 1 
33 8 8 5 11 1 
1 53 10 2 
60 1 2 2 1 
3 5 16 36 6 
1 47 17 1 
1 50 15 
24 1 6 28 7 
2 60 1 3 
3 12 18 13 13 2 2 2 1 
6 17 25 6 6 4 1 1 
1 51 14 
1 5 34 10 8 7 1 
1 63 1 1 
1 56 4 3 1 1 
2 64 
4 42 20 
1 48 15 1 1 
4 41 6 9 4 2 
3 14 24 23 1 1 
1 10 38 6 8 1 2 
11 49 6 
2 57 6 1 
6 3 43 11 1 2 
2 34 15 1 10 1 3 
25 3 1 17 3 16 1 
6 17 4 23 4 6 6 
1 2 44 3 8 8 
35 23 3 3 2 
14 28 7 17 
7 50 3 6 
1 28 12 16 2 3 3 1 
1 19 18 7 2 12 1 6 
3 33 5 11 6 6 1 1 
2 49 3 12 
1 55 10 
5 60 1 
10 20 3 22 4 3 4 
7 4 28 6 13 1 3 1 2 1 
2 18 23 5 12 4 1 1 
1 61 1 1 2 
4 49 4 4 3 1 1 
7 57 2 
7 16 33 7 3 
1 13 9 29 14 
64 2 
1 20 42 3 
46 17 3 
1 11 28 19 7 
1 21 39 2 3 
1 9 43 8 2 3 
1 49 16 
1 58 7 
2 57 3 3 1 
5 2 16 32 2 8 1 
1 32 20 3 5 1 2 1 1 
21 42 3 
1 14 30 3 7 6 5 
1 46 11 5 3 
2 37 19 2 3 2 1 
7 14 17 15 12 1 
2 21 33 8 2 
1 54 5 6 
2 1 60 2 1 
5 46 10 2 1 2 
4 55 5 1 1 
4 60 2 
1 61 4 
1 39 7 1 14 3 1 
2 18 3 23 8 1 1 6 4 
2 47 5 10 2 
1 52 3 9 1 
2 7 32 15 10 
1 27 16 1 1 5 3 1 4 3 1 3 
4 54 3 5 
28 35 3 
1 25 40 
1 60 4 1 
1 10 36 19 
2 28 34 2 
1 42 22 1 
1 38 21 4 2 
1 60 2 2 1 
8 1 10 27 10 6 2 2 
1 51 4 6 3 1 
5 3 37 21 
3 44 10 5 2 1 1 
1 15 17 7 1 22 3 
1 54 3 1 6 1 
8 50 1 7 
11 34 14 2 1 2 1 1 
8 25 29 1 3 
1 5 19 31 6 2 1 1 
2 9 23 14 4 13 1 
1 14 9 28 2 6 1 2 1 1 1 
7 2 41 1 7 3 2 3 
18 41 4 2 1 
3 12 43 6 1 1 
17 38 3 4 1 2 1 
1 24 40 1 
9 21 29 5 2 
1 44 17 3 1 
1 26 32 3 4 
2 33 17 6 4 4 
18 34 10 3 1 
1 20 37 7 1 
1 49 3 6 1 1 2 1 1 1 
1 11 22 20 4 4 3 1 
2 53 9 1 1 
9 2 31 1 19 1 1 1 1 
10 14 36 2 2 2 
1 13 24 1 24 1 1 1 
1 54 5 2 2 2 
1 14 24 24 2 1 
1 10 36 4 14 1 
2 25 39 
1 41 10 1 4 6 2 1 
17 3 1 27 15 3 
11 11 2 15 24 2 1 
1 26 5 31 1 2 
1 62 1 2 
20 35 7 2 2 
44 6 13 2 1 
2 11 22 4 27 
17 3 42 2 2 
4 55 7 
1 7 15 37 6 
1 43 7 10 5 
10 54 2 
2 55 1 5 2 1 
39 25 1 1 
3 49 14 
15 17 3 29 2 
6 14 42 1 1 1 1 
2 22 31 11 
1 8 40 9 7 1 
17 10 14 5 4 5 2 8 1 
1 50 1 2 7 1 2 1 1 
1 27 25 13 
1 7 19 28 6 3 1 1 
1 48 8 1 3 4 1 
1 37 9 13 5 1 
2 57 1 1 5 
17 9 10 24 3 1 2 
1 25 13 21 6 
2 61 3 
2 50 7 1 2 4 
2 9 7 25 2 3 6 9 3 
1 1 1 2 14 14 6 20 3 1 2 1 
66 
8 15 10 4 9 4 3 2 2 2 6 1 
8 16 31 10 1 
66 
1 24 23 5 7 6 
7 24 14 12 7 1 1 
4 55 3 3 1 
3 17 39 5 1 1 
2 7 54 3 
1 1 30 9 4 1 1 4 8 4 3 
1 1 51 2 6 2 3 
2 27 11 16 5 5 
1 60 5 
2 62 1 1 
11 5 43 2 5 
13 51 2 
60 5 1 
1 3 31 17 8 2 4 
2 64 
4 6 7 12 24 10 3 
1 15 23 13 4 6 1 2 1 
66 
50 2 4 7 2 1 
8 56 2 
1 38 6 10 11 
21 29 16 
35 24 7 
2 53 11 
5 16 3 1 13 10 10 2 6 
8 45 3 4 6 
1 44 21 
7 11 21 12 6 4 5 
6 38 16 4 2 
1 26 12 17 9 1 
4 18 17 11 13 1 2 
1 29 27 7 2 
16 43 2 1 3 1 
10 34 19 3 
1 65 
9 14 23 11 4 5 
2 40 12 6 1 1 2 2 
1 16 2 35 12 
39 1 23 2 1 
7 19 25 4 11 
11 5 7 4 36 1 1 1 
1 32 30 3 
1 37 28 
1 61 1 3 
1 51 9 5 
1 2 13 8 6 14 7 13 1 1 
6 59 1 
65 1 
17 33 4 8 3 1 
1 23 11 14 13 1 1 1 1 
3 38 2 9 1 5 3 4 1 
2 50 8 6 
1 59 5 1 
26 21 19 
2 27 37 
5 45 12 1 1 1 1 
3 52 9 1 1 
11 40 11 3 1 
1 8 47 6 2 2 
2 31 21 7 1 3 1 
3 49 4 8 2 
34 31 1 
2 11 22 22 5 3 1 
1 37 28 
2 40 24 
4 36 26 
13 14 13 19 4 3 
1 10 30 1 13 3 2 3 2 1 
7 2 21 32 4 
46 15 5 
14 45 6 1 
6 12 6 33 8 1 
7 50 2 6 1 
9 2 44 2 3 3 1 2 
1 34 6 9 2 7 3 3 1 
1 58 1 2 4 
33 17 16 
1 40 19 3 1 2 
2 37 10 6 8 1 1 1 
2 47 5 2 3 7 
2 19 45 
63 2 1 
29 24 1 9 3 
1 9 31 12 10 3 
7 38 13 4 4 
2 49 6 2 6 1 
1 23 29 9 1 2 1 
2 18 30 1 5 10 
66 
35 29 1 1 
2 62 2 
1 40 9 16 
56 1 1 3 2 3 
62 1 3 
1 4 26 3 10 20 1 1 
10 43 10 1 2 
3 37 10 2 9 5 
2 59 5 
10 30 9 11 3 2 1 
1 40 2 22 1 
1 47 18 
1 4 51 10 
3 16 16 13 4 11 3 
3 34 19 8 2 
8 42 16 
66 
2 60 2 2 
3 17 43 2 1 
19 9 7 29 2 
1 1 64 
7 47 7 5 
2 19 45 
11 3 46 4 1 1 
1 65 
19 36 4 4 3 
11 21 17 4 9 1 2 1 
15 29 14 2 5 1 
14 23 10 2 11 3 1 1 1 
1 55 1 7 2 
1 17 45 2 1 
1 58 5 2 
11 27 24 3 1 
3 1 37 4 3 18 
1 16 43 1 2 3 
4 60 1 1 
1 35 1 18 11 
11 33 14 3 5 
38 18 6 4 
1 13 28 13 4 2 1 3 1 
1 24 14 6 9 2 1 9 
1 24 33 2 6 
4 31 29 2 
5 14 47 
16 19 11 15 5 
2 50 12 1 1 
9 24 23 1 3 4 1 1 
1 2 48 5 10 
65 1 
45 10 8 2 1 
1 64 1 
1 7 25 14 15 2 1 1 
1 31 22 8 1 3 
4 40 5 16 1 
19 9 37 1 
1 46 2 11 3 1 1 1 
1 3 7 46 3 4 1 1 
4 58 4 
1 40 20 2 3 
17 27 3 8 2 2 5 1 1 
1 25 3 19 3 13 1 1 
1 29 33 3 
2 17 1 42 1 2 1 
60 3 3 
3 32 24 5 2 
50 9 5 2 
10 7 42 7 
1 29 12 21 3 
3 3 40 3 16 1 
17 21 10 4 7 4 3 
1 5 32 12 11 5 
1 21 20 6 5 11 2 
4 34 6 18 4 
3 36 23 3 1 
2 32 14 9 6 2 1 
