1 66 
1 27 9 1 10 11 1 4 2 1 
2 8 29 27 1 
1 55 11 
1 16 27 8 2 6 4 3 
1 59 7 
62 2 1 1 1 
1 9 10 8 4 10 7 16 2 
4 17 43 2 1 
3 14 43 6 1 
3 42 20 2 
59 7 1 
23 24 4 4 7 4 1 
1 48 6 3 2 3 2 2 
3 39 6 12 1 3 1 1 1 
4 43 15 1 4 
1 12 52 2 
1 55 11 
5 8 54 
1 48 17 1 
2 14 5 10 3 4 10 16 2 1 
2 30 8 7 20 
1 5 49 7 5 
3 23 34 6 1 
11 38 12 2 2 2 
2 24 23 6 5 2 2 3 
7 48 1 11 
1 11 1 16 26 12 
65 1 1 
1 2 43 17 3 1 
15 3 29 7 1 7 2 3 
1 47 19 
12 4 8 11 25 2 1 4 
1 53 9 4 
10 44 6 2 4 1 
5 4 9 47 2 
67 
1 54 8 4 
1 23 10 13 17 1 2 
3 41 5 4 11 2 1 
63 3 1 
1 15 42 6 2 1 
1 28 24 2 12 
61 3 3 
4 3 22 34 1 2 1 
23 14 16 6 8 
1 41 5 14 4 2 
5 28 3 22 4 2 1 2 
43 14 2 2 3 2 1 
1 49 3 12 1 1 
1 36 9 5 4 6 2 4 
16 46 5 
2 54 5 2 3 1 
1 10 16 38 1 1 
1 31 34 1 
1 21 29 5 5 3 2 1 
1 44 1 13 7 1 
1 55 4 6 1 
3 26 24 8 4 1 1 
3 16 46 1 1 
4 3 32 12 2 6 1 1 3 3 
1 37 13 7 7 1 1 
4 6 45 8 2 2 
2 11 38 12 3 1 
61 5 1 
54 9 4 
1 25 35 1 5 
2 63 2 
4 32 2 13 10 1 4 1 
2 42 13 3 4 2 1 
41 22 2 2 
1 6 55 5 
1 29 34 3 
1 8 19 35 3 1 
5 53 7 1 1 
1 9 6 46 1 1 3 
4 31 13 4 13 1 1 
1 65 1 
3 22 23 6 5 1 7 
8 51 7 1 
1 3 40 6 4 12 1 
2 12 21 6 11 3 1 10 1 
15 11 25 1 11 4 
1 32 34 
1 57 7 2 
59 8 
1 28 12 22 2 2 
1 61 5 
4 28 3 13 16 2 1 
1 46 15 4 1 
1 10 36 9 2 7 2 
1 45 17 1 2 1 
7 14 21 11 13 1 
1 65 1 
9 1 10 33 1 11 2 
1 54 9 1 1 1 
3 53 8 3 
6 31 21 4 4 1 
1 35 13 15 1 2 
1 15 6 9 23 10 1 2 
10 19 38 
1 63 1 2 
1 16 37 4 1 8 
4 54 2 2 4 1 
2 42 13 5 5 
13 53 1 
1 62 3 1 
2 3 12 20 19 3 7 1 
1 62 2 2 
8 30 29 
1 56 2 4 3 1 
7 13 39 1 6 1 
4 58 1 3 1 
1 15 33 12 1 3 2 
16 6 4 7 20 4 2 1 5 1 1 
1 33 32 1 
1 46 11 6 3 
45 11 4 7 
34 21 10 2 
1 16 9 25 8 1 2 1 2 1 1 
4 29 12 13 1 6 1 1 
23 42 2 
1 63 3 
5 60 1 1 
1 47 8 1 8 2 
1 65 1 
1 59 3 3 1 
2 39 5 7 3 10 1 
31 24 6 2 4 
1 34 32 
12 42 5 8 
14 7 39 1 1 3 1 1 
1 12 10 40 1 1 2 
64 3 
59 6 2 
1 66 
40 4 10 9 4 
33 31 3 
25 39 3 
1 1 10 6 40 8 1 
4 13 50 
1 19 3 23 2 10 5 3 1 
8 39 1 11 8 
3 14 2 29 18 1 
33 33 1 
16 1 50 
67 
53 14 
6 29 10 19 2 1 
3 20 24 11 2 3 2 1 1 
1 35 1 10 1 12 1 3 3 
9 46 1 3 1 4 3 
1 46 20 
2 13 23 14 11 4 
6 22 22 5 10 2 
4 44 19 
43 14 7 1 1 1 
1 17 49 
1 4 1 50 7 1 1 1 1 
39 3 19 5 1 
2 17 39 1 3 5 
2 44 4 6 1 9 1 
1 64 2 
59 5 1 1 1 
1 52 8 5 1 
1 9 55 2 
17 21 12 8 3 2 4 
10 40 7 6 1 2 1 
1 5 30 10 7 6 4 3 1 
11 28 20 8 
2 54 11 
1 43 22 1 
3 41 12 7 3 1 
5 14 5 19 17 3 3 1 
4 44 8 9 2 
1 12 9 9 22 12 1 1 
7 48 12 
6 45 1 4 3 6 2 
1 15 42 4 2 3 
1 62 2 2 
1 36 19 9 2 
1 57 5 3 1 
48 7 10 1 1 
2 25 35 3 1 1 
1 32 20 4 7 3 
4 34 15 13 1 
9 2 31 15 5 5 
3 21 12 2 19 2 4 1 1 1 1 
3 21 21 13 2 2 3 2 
2 17 30 18 
62 4 1 
1 42 24 
14 37 7 5 4 
1 44 22 
1 19 47 
5 33 14 1 14 
1 45 20 1 
1 40 4 14 2 6 
1 39 18 7 1 1 
1 61 4 1 
1 47 2 6 9 2 
2 43 1 14 4 1 2 
9 37 7 14 
7 45 4 5 3 3 
1 18 46 2 
5 17 25 14 4 1 1 
7 3 43 13 1 
13 52 1 1 
2 27 24 12 2 
9 19 37 1 1 
22 36 7 1 1 
6 47 6 8 
3 52 11 1 
8 59 
1 42 8 6 10 
3 11 22 21 10 
2 44 5 6 4 1 3 1 1 
3 54 3 4 3 
9 3 4 27 4 10 9 1 
2 32 33 
2 15 28 7 14 1 
1 21 41 1 3 
8 46 7 5 1 
8 21 17 6 13 1 1 
1 49 16 1 
4 15 5 17 14 10 2 
23 10 23 3 1 3 3 1 
5 51 6 5 
1 39 26 1 
9 3 40 8 6 1 
1 30 36 
64 3 
1 18 10 5 18 13 1 1 
1 41 20 2 1 1 1 
5 53 6 3 
20 34 4 1 7 1 
37 26 2 1 1 
1 64 1 1 
18 12 33 1 3 
7 11 34 14 1 
1 53 1 7 4 1 
7 9 40 5 5 1 
1 53 12 1 
36 26 4 1 
2 13 31 7 4 2 3 4 1 
4 15 6 3 39 
2 9 21 8 8 5 10 1 1 2 
45 7 6 5 4 
3 5 49 7 3 
2 8 15 35 3 2 2 
1 32 34 
5 33 5 3 3 4 4 5 4 1 
2 3 15 10 2 11 9 3 5 1 6 
3 25 21 11 7 
6 4 27 19 11 
1 1 46 18 1 
21 8 21 14 1 1 1 
17 15 29 1 2 2 1 
1 59 3 2 2 
26 24 13 1 2 1 
13 7 7 2 28 2 2 6 
67 
15 18 26 4 2 2 
4 37 23 3 
1 25 41 
1 32 16 1 8 5 1 2 1 
1 53 8 3 2 
5 17 10 1 16 10 7 1 
1 36 29 1 
44 21 2 
64 2 1 
3 17 15 27 3 1 1 
22 1 2 3 8 14 6 10 1 
1 65 1 
1 9 41 3 13 
6 53 6 1 1 
9 57 1 
1 37 19 7 3 
4 32 29 2 
1 30 28 3 3 2 
6 29 11 7 6 4 4 
1 58 2 5 1 
4 5 7 15 22 11 2 1 
2 57 3 4 1 
1 23 35 3 5 
1 3 8 15 11 14 9 3 1 2 
1 57 6 1 2 
1 25 41 
63 3 1 
2 28 10 16 4 7 
1 64 2 
5 44 10 2 6 
15 30 22 
4 51 5 2 1 1 1 2 
1 15 18 18 12 3 
4 29 34 
1 6 18 18 12 1 10 1 
2 39 26 
1 27 30 2 3 3 1 
4 25 21 7 8 2 
34 30 1 2 
1 16 38 8 4 
1 64 1 1 
8 44 15 
1 27 39 
32 10 22 3 
61 2 3 1 
19 36 10 2 
2 9 17 10 8 20 1 
5 4 34 12 9 1 1 1 
7 60 
3 19 25 4 8 4 4 
6 27 30 3 1 
6 60 1 
1 63 1 2 
1 5 11 16 15 11 1 3 1 3 
1 38 5 4 3 16 
2 4 1 38 7 1 5 5 3 1 
9 25 28 4 1 
1 22 39 4 1 
1 16 34 9 7 
1 63 2 1 
19 33 14 1 
2 36 28 1 
1 17 4 8 30 3 4 
4 54 9 
3 27 20 1 2 11 3 
1 45 10 2 8 1 
1 60 5 1 
1 4 38 6 3 3 8 2 1 1 
67 
5 25 3 14 9 1 8 1 1 
1 30 19 9 4 4 
1 7 38 17 3 1 
12 53 2 
2 30 14 12 7 1 1 
4 18 44 1 
5 29 4 15 3 10 1 
1 66 
22 22 22 1 
14 13 12 9 6 9 3 1 
9 54 3 1 
3 7 36 2 7 9 3 
5 19 18 3 12 5 4 1 
25 26 13 1 1 1 
38 12 8 3 6 
1 15 25 22 4 
5 42 10 4 3 2 1 
1 27 28 10 1 
7 8 9 3 39 1 
5 22 3 28 1 2 3 2 1 
3 35 1 27 1 
3 39 8 2 10 1 2 2 
1 38 2 13 12 1 
13 36 3 6 2 6 1 
4 35 2 17 5 1 2 1 
4 15 30 14 4 
2 2 38 23 1 1 
3 19 39 2 3 1 
1 58 3 4 1 
3 48 12 4 
25 34 1 3 1 1 1 1 
1 11 10 12 12 5 5 3 5 3 
4 17 32 4 5 3 2 
2 11 17 37 
1 3 12 42 1 7 1 
7 2 5 53 
20 28 18 1 
18 20 1 16 7 1 1 3 
1 57 9 
2 23 36 6 
5 45 17 
3 40 8 5 10 1 
5 15 5 37 2 2 1 
15 2 50 
18 5 4 32 8 
2 14 2 7 25 14 1 1 1 
1 14 40 2 6 2 2 
58 6 1 2 
7 23 6 24 6 1 
56 11 
1 12 4 7 20 6 6 1 3 2 5 
3 13 22 11 17 1 
3 60 4 
6 61 
3 56 3 5 
1 18 35 3 2 2 6 
3 35 25 3 1 
1 16 20 7 1 14 4 2 2 
1 62 4 
18 27 18 1 2 1 
1 6 46 2 7 2 1 2 
67 
2 9 9 17 5 13 2 5 4 1 
1 18 47 1 
2 13 45 7 
45 5 8 2 2 3 1 1 
2 23 3 18 19 1 1 
1 58 7 1 
1 21 31 2 6 1 1 1 1 2 
18 20 17 2 6 1 1 2 
1 50 4 11 1 
4 6 18 31 8 
5 18 22 1 9 8 4 
36 26 5 
2 17 4 23 9 2 2 7 1 
5 36 26 
20 35 4 6 1 1 
67 
1 65 1 
1 56 5 4 1 
16 38 4 2 7 
18 6 25 10 6 1 1 
1 58 6 2 
30 12 10 4 4 5 1 1 
1 45 11 2 5 2 1 
2 10 9 24 9 11 2 
2 56 9 
4 37 19 6 1 
51 10 1 1 4 
2 32 3 13 17 
1 10 45 2 6 3 
1 8 25 22 11 
1 29 2 15 19 1 
1 16 1 31 12 6 
6 53 5 2 1 
1 12 33 15 2 4 
2 53 11 1 
1 43 10 13 
2 19 42 3 1 
1 12 36 12 5 1 
2 57 1 1 2 1 3 
35 10 2 6 8 5 1 
2 37 6 2 6 10 2 2 
4 30 27 5 1 
2 28 33 3 1 
12 31 5 5 14 
1 5 60 1 
67 
3 11 1 26 8 2 3 4 3 2 1 1 2 
27 4 21 1 10 1 3 
34 13 6 3 4 4 2 1 
1 10 17 18 6 12 2 1 
64 2 1 
1 4 57 3 1 1 
1 39 27 
6 28 18 8 2 2 3 
1 2 43 19 1 1 
1 46 9 9 2 
3 45 7 7 1 2 1 1 
12 53 2 
67 
7 34 20 2 2 2 
2 53 12 
65 1 1 
2 9 35 15 5 1 
6 24 37 
3 46 16 1 1 
2 1 36 3 20 3 2 
1 37 21 6 2 
21 27 19 
5 27 33 1 1 
16 25 13 11 2 
17 12 38 
59 1 7 
1 33 24 6 1 1 1 
27 29 8 2 1 
1 5 60 1 
41 12 2 10 2 
4 61 2 
11 39 10 3 2 1 1 
1 11 11 33 11 
4 16 37 7 2 1 
8 16 8 17 7 3 6 2 
1 20 40 1 2 1 1 1 
6 35 23 3 
2 43 4 16 2 
1 3 4 48 7 3 1 
2 31 34 
5 23 11 5 23 
5 41 11 4 2 1 3 
1 12 34 1 7 9 2 1 
3 3 13 38 6 3 1 
13 49 1 4 
20 37 5 3 2 
1 66 
1 34 9 7 1 3 2 4 2 4 
10 20 36 1 
41 8 12 4 2 
2 28 7 9 21 
1 36 26 4 
2 59 4 2 
1 54 2 2 2 6 
9 44 8 1 2 3 
3 47 10 2 5 
40 3 23 1 
2 63 2 
1 1 54 6 5 
3 31 28 5 
1 27 4 17 8 1 7 1 1 
2 54 7 2 2 
66 1 
24 2 10 10 13 8 
3 31 4 16 1 2 7 2 1 
24 28 15 
2 20 25 5 2 4 4 5 
3 6 57 1 
3 57 5 1 1 
1 20 35 11 
1 60 1 4 1 
1 25 21 10 6 2 1 1 
19 48 
2 7 25 30 2 1 
1 14 51 1 
2 42 11 11 1 
7 5 46 9 
6 6 44 5 6 
1 59 7 
67 
10 6 39 6 5 1 
6 47 13 1 
11 54 1 1 
3 61 3 
1 12 8 13 2 16 5 8 1 1 
62 2 3 
1 42 9 5 4 5 1 
1 34 9 9 3 4 2 4 1 
8 56 3 
2 53 7 5 
3 13 12 3 9 18 4 2 2 1 
1 29 37 
14 52 1 
22 32 6 5 1 1 
1 63 3 
8 54 5 
1 23 36 6 1 
1 1 21 34 10 
40 18 3 5 1 
14 20 2 19 9 2 1 
1 6 53 2 5 
4 50 13 
2 48 3 2 6 1 2 3 
3 21 1 24 6 10 2 
2 26 34 4 1 
3 24 4 29 4 3 
2 12 46 3 4 
66 1 
2 50 10 5 
7 29 29 1 1 
1 14 34 17 1 
4 1 36 14 5 4 2 1 
3 6 24 30 1 1 1 1 
1 10 9 33 7 3 4 
1 60 4 2 
1 47 11 7 1 
6 46 15 
1 25 12 29 
2 7 28 2 25 2 1 
1 42 24 
12 13 39 1 1 1 
1 66 
4 54 9 
1 31 28 6 1 
2 18 44 1 2 
13 17 24 1 5 2 2 2 1 
2 17 31 14 3 
5 13 10 9 14 12 4 
36 6 8 11 1 5 
14 38 13 1 1 
45 16 4 2 
40 13 1 3 6 3 1 
2 40 12 4 2 1 3 1 1 1 
3 50 5 6 2 1 
10 38 16 3 
1 50 1 7 5 2 1 
1 55 9 2 
32 1 16 9 6 3 
1 22 17 14 6 3 2 2 
1 33 33 
14 15 1 35 2 
1 19 11 32 2 2 
7 30 9 7 3 8 2 1 
1 18 41 3 3 1 
1 1 49 11 5 
15 14 38 
1 35 5 20 4 1 1 
3 33 12 13 3 2 1 
1 10 47 7 1 1 
1 35 3 10 8 4 1 2 2 1 
20 26 11 3 7 
2 31 32 2 
1 55 8 3 
9 18 18 9 6 2 1 1 3 
1 51 1 14 
1 43 23 
1 3 51 1 10 1 
33 14 3 17 
67 
9 14 31 11 2 
1 56 8 2 
1 47 11 4 3 1 
15 49 1 1 1 
1 58 6 2 
1 37 26 3 
5 37 25 
2 31 34 
5 43 6 3 7 1 1 1 
4 17 3 1 9 30 2 1 
1 43 16 3 2 2 
2 9 50 6 
1 12 30 8 1 15 
1 32 34 
1 66 
2 15 4 13 5 9 19 
1 57 9 
19 37 5 4 2 
1 46 16 1 2 1 
4 58 2 1 1 1 
1 51 7 8 
33 4 19 9 1 1 
1 35 21 4 5 1 
1 61 1 2 2 
1 22 38 6 
1 41 18 1 4 1 1 
1 13 31 1 1 13 2 1 4 
1 65 1 
66 1 
1 13 36 5 3 6 1 2 
12 14 1 20 6 8 4 1 1 
3 19 3 15 5 3 19 
39 6 14 4 4 
1 6 1 14 42 2 1 
2 52 7 3 3 
1 32 21 1 8 4 
13 12 33 6 3 
1 31 21 1 11 1 1 
49 18 
2 36 29 
2 59 5 1 
32 4 26 4 1 
1 4 7 23 32 
1 55 9 2 
1 15 1 26 8 6 6 4 
3 47 1 2 8 4 1 1 
2 2 22 41 
53 9 1 3 1 
1 26 13 26 1 
1 29 17 20 
2 52 6 5 1 1 
1 58 7 1 
19 33 15 
5 51 3 3 1 2 1 1 
5 26 3 13 10 9 1 
6 20 18 7 9 2 3 1 1 
1 54 7 5 
2 49 9 6 1 
1 63 3 
2 4 30 4 10 17 
6 26 35 
1 54 7 1 2 2 
8 14 19 11 15 
12 51 4 
1 24 25 2 13 2 
1 56 10 
8 30 21 5 3 
2 31 34 
1 26 22 11 7 
2 22 13 12 1 17 
3 16 6 37 1 4 
1 57 7 1 1 
44 15 5 1 1 1 
1 24 5 22 3 7 1 4 
1 53 4 9 
2 1 53 5 6 
3 26 25 11 2 
3 42 2 14 1 4 1 
7 29 4 12 12 3 
1 4 33 10 3 11 4 1 
4 51 12 
67 
67 
2 6 52 3 2 2 
1 32 10 23 1 
1 35 27 3 1 
9 24 7 18 9 
1 33 18 14 1 
12 39 5 8 3 
4 44 7 3 6 3 
1 39 20 4 2 1 
1 56 6 2 2 
1 46 20 
1 43 14 5 2 1 1 
1 62 2 2 
23 3 10 20 1 4 4 2 
18 8 15 11 7 4 2 2 
53 9 3 1 1 
4 13 23 22 5 
32 7 1 9 9 8 1 
42 7 7 5 3 1 2 
2 20 35 10 
1 38 20 4 1 2 1 
1 46 12 7 1 
6 38 7 5 5 2 4 
9 56 2 
3 61 2 1 
29 19 18 1 
2 5 52 3 1 2 1 1 
2 1 45 3 10 1 1 3 1 
2 30 13 1 16 3 2 
2 41 24 
5 32 29 1 
3 39 8 13 2 1 1 
1 3 7 47 6 2 1 
1 8 14 10 22 1 6 3 2 
1 20 9 18 7 3 7 1 1 
1 58 7 1 
30 32 4 1 
20 7 4 13 9 10 3 1 
1 41 2 17 5 1 
1 65 1 
7 17 39 4 
6 49 11 1 
3 23 14 4 2 15 4 1 1 
3 3 23 9 6 19 1 3 
5 60 2 
43 9 6 3 5 1 
1 66 
4 61 2 
1 15 15 28 8 
29 33 3 2 
1 26 10 29 1 
1 46 3 3 10 2 1 1 
1 14 27 25 
3 36 18 8 1 1 
2 8 52 2 1 1 1 
1 34 4 25 2 1 
3 1 58 2 1 1 1 
3 28 24 12 
18 12 18 16 1 1 1 
1 26 1 34 3 1 1 
12 19 18 17 1 
1 33 26 2 5 
7 46 11 1 1 1 
1 9 51 6 
1 47 18 1 
3 62 2 
13 54 
64 2 1 
1 66 
1 8 1 52 2 1 1 1 
5 20 24 4 11 1 2 
1 28 23 1 8 2 1 3 
1 29 24 7 6 
12 18 8 28 1 
24 18 2 3 17 3 
16 26 23 2 
2 62 2 1 
1 38 22 4 2 
1 16 50 
1 16 35 5 7 1 1 1 
1 35 11 14 4 1 1 
1 40 11 2 12 1 
4 38 25 
2 38 8 12 2 3 1 1 
1 6 20 21 12 5 1 1 
13 49 3 1 1 
1 42 15 7 1 1 
1 54 1 6 2 1 1 1 
10 7 26 23 1 
7 51 9 
1 15 4 47 
1 61 2 2 1 
11 41 3 2 4 2 2 2 
8 24 35 
4 30 6 23 3 1 
1 59 3 4 
1 28 22 13 1 1 1 
27 32 6 2 
10 10 46 1 
4 38 25 
1 43 10 6 7 
3 60 4 
2 43 9 11 1 1 
2 24 38 3 
1 52 13 1 
1 60 6 
7 24 19 16 1 
7 53 1 5 1 
1 20 3 23 9 11 
1 33 13 14 6 
1 16 24 7 1 11 6 1 
1 33 5 21 7 
8 9 5 9 32 3 1 
1 47 1 18 
1 66 
2 41 24 
5 45 17 
2 37 19 6 3 
29 35 1 2 
4 4 50 8 1 
2 25 34 6 
1 36 9 1 5 14 1 
18 49 
1 7 35 13 6 1 2 2 
2 50 15 
3 16 47 1 
66 1 
59 5 2 1 
1 19 46 1 
1 46 1 4 4 6 3 1 1 
2 23 7 33 2 
54 9 4 
29 25 13 
44 2 9 2 6 2 2 
1 23 41 2 
1 55 5 1 4 1 
30 16 15 2 1 3 
1 59 7 
5 32 11 4 2 3 3 4 2 1 
12 37 18 
20 43 2 1 1 
1 6 11 21 27 1 
3 24 3 8 2 23 4 
9 50 8 
1 47 17 1 1 
5 49 8 5 
1 39 20 2 5 
1 7 58 1 
1 44 5 12 1 1 3 
1 1 5 29 13 6 8 3 1 
3 58 6 
52 8 1 4 1 1 
2 64 1 
2 65 
3 9 4 19 2 2 22 6 
1 59 3 3 1 
3 32 4 24 2 2 
15 52 
18 6 22 2 19 
8 36 4 12 7 
7 1 23 10 23 2 1 
1 44 22 
1 24 10 18 14 
1 13 44 9 
2 59 4 1 1 
3 8 4 41 8 1 1 1 
2 32 24 6 3 
16 35 12 2 1 1 
1 5 59 1 1 
2 11 54 
3 44 19 1 
9 41 10 7 
56 7 4 
12 27 28 
1 61 2 3 
1 65 1 
1 15 9 16 22 2 2 
3 42 8 7 2 5 
3 26 20 11 3 4 
1 26 40 
35 26 2 3 1 
2 50 10 4 1 
3 2 21 21 20 
1 33 33 
27 19 14 1 1 1 2 1 1 
1 64 2 
30 10 3 13 9 1 1 
1 25 29 1 8 2 1 
1 20 5 27 13 1 
2 12 34 14 1 4 
3 1 3 6 10 31 2 3 7 1 
1 17 32 9 6 2 
5 27 18 5 6 6 
48 17 2 
48 2 16 1 
4 33 15 3 4 2 6 
1 3 21 19 5 16 1 1 
6 5 20 11 13 12 
1 26 24 1 5 1 7 1 1 
1 23 19 18 3 1 2 
2 29 21 13 2 
67 
5 61 1 
2 64 1 
10 13 31 11 2 
1 32 34 
1 10 19 23 2 5 1 1 1 3 1 
1 35 30 1 
12 18 35 1 1 
67 
4 59 1 3 
2 42 3 16 2 2 
3 12 27 1 23 1 
1 66 
23 33 11 
9 7 51 
47 10 4 4 1 1 
32 29 6 
2 64 1 
20 41 1 5 
1 35 16 12 1 2 
2 63 2 
5 52 3 4 3 
1 17 22 3 3 10 5 6 
1 34 29 2 1 
26 7 7 14 7 3 3 
5 41 10 10 1 
6 29 11 9 9 2 1 
1 7 20 17 1 9 4 1 7 
7 7 30 20 1 2 
38 9 4 16 
18 40 8 1 
5 57 4 1 
13 43 8 1 2 
1 54 10 1 1 
1 4 16 17 16 5 8 
66 1 
1 53 10 2 1 
4 19 26 5 1 9 2 1 
1 61 5 
67 
3 19 45 
1 10 47 1 1 5 1 1 
8 37 8 13 1 
11 55 1 
5 2 32 6 8 13 1 
1 27 14 12 2 5 4 2 
2 52 9 3 1 
6 13 22 25 1 
2 63 1 1 
1 61 4 1 
1 40 20 6 
2 65 
4 9 43 7 1 1 2 
1 49 9 2 4 2 
33 13 5 3 3 3 4 1 1 1 
3 17 34 10 3 
2 60 5 
1 61 4 1 
1 51 14 1 
3 64 
29 21 4 11 1 1 
12 22 22 2 3 4 2 
65 2 
23 43 1 
1 60 1 3 1 1 
67 
2 8 36 11 7 2 1 
1 5 16 30 8 5 1 1 
4 35 25 2 1 
67 
1 64 2 
1 8 5 25 20 4 1 1 1 1 
2 24 41 
15 13 31 3 4 1 
1 49 11 2 1 2 1 
1 20 3 18 12 13 
4 61 2 
4 10 28 20 4 1 
2 2 24 29 8 1 1 
39 13 8 4 1 1 1 
8 38 8 13 
1 63 1 2 
1 42 1 9 5 2 3 2 1 1 
8 1 28 3 17 5 2 3 
7 41 19 
2 9 44 2 9 1 
1 30 33 3 
11 15 8 11 19 3 
1 39 5 3 16 2 1 
57 4 6 
25 34 8 
5 11 42 3 2 1 2 1 
63 2 1 1 
5 3 50 1 5 1 2 
9 9 22 25 1 1 
2 51 14 
17 2 7 14 24 1 1 1 
3 13 17 14 4 12 1 1 1 1 
1 27 18 1 13 5 1 1 
3 45 9 6 3 1 
1 46 20 
31 6 11 6 9 2 2 
5 13 48 1 
2 28 35 1 1 
1 30 3 15 5 8 5 
1 46 17 3 
2 61 2 1 1 
1 27 32 4 2 1 
12 5 5 17 1 6 13 4 4 
1 34 30 1 1 
45 10 12 
2 27 33 3 1 1 
2 64 1 
2 16 11 20 15 3 
3 7 40 13 1 2 1 
53 1 4 4 5 
1 16 1 48 1 
1 61 3 1 1 
1 36 3 23 4 
1 27 4 32 3 
18 38 8 2 1 
11 54 1 1 
1 5 25 11 23 2 
1 9 54 1 2 
7 38 6 4 2 3 4 3 
5 11 48 1 1 1 
67 
1 22 4 11 1 23 1 3 1 
1 64 2 
2 50 10 2 2 1 
4 50 4 7 2 
1 64 2 
11 37 17 2 
34 6 1 15 5 2 3 1 
1 62 1 1 2 
1 29 32 5 
4 29 32 2 
1 57 9 
33 1 29 2 2 
5 60 2 
1 20 43 1 2 
1 19 45 1 1 
2 27 35 2 1 
1 45 8 13 
6 12 49 
2 39 18 1 7 
6 26 14 6 4 4 2 5 
6 47 5 4 1 2 2 
1 13 23 21 7 1 1 
6 18 33 7 1 1 1 
13 18 6 2 9 19 
3 5 11 34 2 4 5 2 1 
1 21 16 2 2 6 5 1 7 2 1 2 1 
1 57 9 
34 1 4 12 12 2 2 
4 61 2 
7 24 34 2 
9 10 20 4 20 1 3 
3 25 25 6 4 2 2 
1 40 7 3 14 2 
1 17 39 5 4 1 
1 47 12 5 1 1 
1 53 8 2 1 2 
2 11 35 13 6 
67 
1 29 10 20 2 2 2 1 
21 6 14 11 13 1 1 
1 8 13 35 8 2 
2 10 13 23 11 8 
4 51 8 2 2 
1 48 13 2 1 2 
7 29 10 19 1 1 
20 18 7 18 4 
1 31 1 26 7 1 
18 9 8 24 1 2 3 2 
9 21 14 5 9 9 
1 64 2 
20 3 44 
1 54 12 
2 44 21 
1 24 30 8 3 1 
35 7 5 14 6 
16 19 16 4 3 6 3 
3 48 6 1 6 2 1 
1 5 57 4 
1 62 4 
27 14 20 2 3 1 
1 41 12 13 
1 45 17 1 1 2 
2 13 23 2 20 7 
9 49 9 
21 25 1 20 
5 53 7 2 
2 49 15 1 
8 41 7 5 5 1 
1 20 19 19 2 6 
2 60 3 2 
4 22 5 22 5 2 3 3 1 
1 5 34 2 21 2 1 1 
1 56 3 7 
1 4 25 28 2 3 1 2 1 
1 26 13 15 12 
2 1 43 21 
1 62 3 1 
2 44 5 16 
6 53 1 2 3 2 
32 20 2 5 1 1 6 
2 43 6 2 9 5 
3 29 19 13 3 
2 47 12 2 3 1 
2 17 34 14 
1 18 24 12 4 1 1 1 3 1 1 
4 16 10 24 7 3 3 
1 16 39 6 5 
2 45 11 8 1 
1 35 18 1 11 1 
1 52 5 8 1 
7 22 35 3 
52 9 6 
1 20 34 7 5 
6 3 33 19 6 
3 33 25 6 
1 59 3 4 
12 14 41 
2 12 27 10 7 5 3 1 
1 27 30 9 
10 56 1 
1 44 21 1 
4 50 13 
7 27 33 
47 14 2 2 1 1 
2 43 15 2 1 2 2 
1 25 8 16 15 2 
17 36 6 1 3 1 1 1 1 
1 28 33 3 2 
4 43 15 5 
37 25 5 
34 8 2 14 1 3 2 3 
3 29 10 12 13 
8 30 29 
10 21 35 1 
49 10 7 1 
7 53 5 2 
1 29 21 14 2 
1 43 6 16 1 
8 26 24 1 1 3 1 1 2 
5 57 5 
2 29 13 23 
1 7 59 
2 14 36 15 
20 20 22 5 
21 2 34 3 1 2 2 1 1 
1 63 3 
1 27 26 7 2 3 1 
53 1 11 2 
5 25 37 
6 42 16 1 2 
1 30 10 13 3 6 1 2 1 
1 12 54 
9 18 20 17 3 
29 15 21 2 
28 37 2 
2 63 2 
1 51 11 4 
1 1 39 9 16 1 
3 30 22 11 1 
4 35 12 11 3 1 1 
1 31 6 7 11 8 3 
5 23 37 1 1 
1 28 21 12 3 2 
8 10 25 2 20 2 
23 31 12 1 
1 47 12 1 2 2 2 
1 29 29 7 1 
2 15 30 8 1 5 3 3 
20 42 5 
2 32 11 17 2 3 
1 1 32 23 8 1 1 
1 33 3 20 6 2 2 
31 11 25 
1 63 1 1 1 
2 10 52 2 1 
37 15 5 10 
2 17 1 40 7 
1 44 7 9 5 1 
4 30 5 22 6 
6 36 17 5 2 1 
28 16 2 21 
1 51 4 5 5 1 
42 20 2 2 1 
1 15 22 28 1 
1 3 36 22 2 3 
1 18 11 8 4 13 5 4 1 1 1 
12 5 17 6 20 5 2 
1 34 7 20 5 
2 64 1 
1 21 2 3 20 12 8 
62 3 2 
2 54 8 2 1 
1 48 3 8 7 
2 58 4 1 1 1 
1 17 29 4 2 6 1 2 2 3 
1 45 13 4 4 
4 51 4 7 1 
1 12 16 13 7 15 3 
1 61 2 3 
1 21 3 5 17 8 1 9 2 
18 17 29 3 
1 28 38 
8 35 23 1 
3 3 59 2 
1 22 41 3 
3 62 1 1 
16 51 
6 33 4 5 1 17 1 
12 43 5 1 6 
1 58 8 
7 21 23 13 3 
17 46 3 1 
2 11 45 4 1 4 
53 13 1 
1 64 2 
3 57 7 
34 3 10 20 
13 49 5 
1 52 13 1 
1 66 
1 52 14 
11 24 14 13 4 1 
6 45 16 
1 43 23 
2 11 20 30 4 
7 51 8 1 
1 1 17 39 3 5 1 
2 12 47 2 4 
4 4 1 7 27 20 1 1 2 
7 10 50 
67 
1 31 28 5 2 
1 22 43 1 
6 27 18 10 1 5 
1 2 41 15 5 1 2 
19 15 1 23 5 3 1 
5 52 8 1 1 
1 28 17 3 14 4 
1 27 39 
1 5 7 51 1 1 1 
1 58 4 3 1 
2 28 15 9 8 1 2 1 1 
67 
11 5 44 4 3 
9 46 12 
6 60 1 
8 44 3 2 10 
4 7 31 12 4 9 
5 56 1 1 2 1 1 
3 2 55 5 1 1 
61 3 3 
2 18 40 5 2 
2 17 3 17 13 14 1 
21 11 21 5 1 8 
9 45 13 
6 14 47 
1 17 21 14 11 2 1 
46 10 2 7 1 1 
67 
2 1 55 1 1 1 4 2 
1 16 33 9 1 4 1 1 1 
17 21 29 
61 2 3 1 
1 36 19 1 6 2 2 
52 7 4 4 
2 9 53 3 
12 6 7 22 2 6 3 7 1 1 
11 25 18 8 3 2 
3 5 4 11 11 1 14 5 8 2 2 1 
1 29 2 23 1 1 10 
1 43 9 13 1 
50 13 2 2 
1 50 16 
67 
3 14 34 10 5 1 
1 25 12 29 
2 17 9 7 24 5 3 
1 41 25 
6 36 25 
10 1 18 14 7 5 1 5 6 
14 47 2 4 
5 39 23 
2 5 35 17 4 3 1 
2 58 7 
1 27 6 10 2 6 1 14 
1 11 23 14 1 5 7 4 1 
1 34 21 4 3 2 1 1 
1 50 16 
1 59 6 1 
2 4 52 1 7 1 
1 7 3 15 23 1 7 2 6 2 
1 40 15 3 2 5 1 
5 8 38 16 
2 33 24 3 4 1 
1 19 4 15 18 1 6 3 
1 40 10 7 6 3 
50 9 3 1 3 1 
1 61 4 1 
6 1 37 5 17 1 
1 49 6 10 1 
67 
2 7 56 1 1 
4 12 50 1 
7 58 1 1 
12 24 16 1 1 1 2 5 4 1 
3 26 17 7 4 6 2 1 1 
2 53 10 1 1 
8 13 34 2 6 3 1 
18 46 2 1 
5 41 13 3 2 3 
4 28 2 33 
47 14 6 
67 
1 8 8 31 10 5 1 1 2 
5 38 14 10 
4 27 25 6 5 
2 50 4 3 2 3 1 2 
2 37 20 3 4 1 
4 20 7 2 30 2 2 
1 15 40 5 1 1 4 
2 10 2 12 22 8 1 5 4 1 
7 22 16 12 3 6 1 
1 10 24 9 17 1 5 
1 28 37 1 
1 32 6 13 14 1 
67 
43 23 1 
8 4 31 5 16 3 
12 49 6 
63 2 1 1 
2 14 13 25 13 
1 63 1 2 
18 12 29 1 2 5 
25 31 10 1 
4 4 59 
1 39 10 7 3 3 3 1 
8 15 12 15 3 11 2 1 
5 44 7 2 5 4 
66 1 
1 22 8 16 9 10 1 
10 36 17 3 1 
1 58 3 3 2 
2 23 31 3 3 2 3 
9 34 18 2 1 3 
1 30 25 4 1 1 3 2 
1 47 19 
12 23 17 12 1 1 1 
1 4 10 17 21 2 1 3 2 3 2 1 
1 50 11 1 4 
3 63 1 
67 
11 9 31 5 11 
2 37 27 1 
2 48 3 2 2 8 1 1 
1 39 2 14 4 4 3 
40 23 4 
66 1 
5 22 37 3 
1 58 6 2 
22 45 
1 54 1 1 10 
1 40 26 
1 29 15 5 6 5 1 1 3 1 
1 44 1 16 5 
11 9 11 16 2 1 10 4 2 1 
63 4 
1 30 15 2 13 1 5 
62 4 1 
1 20 28 10 7 1 
5 60 2 
67 
7 37 22 1 
1 22 11 1 18 10 3 1 
1 34 27 2 2 1 
4 62 1 
51 9 3 1 3 
32 29 1 5 
1 26 15 21 2 1 1 
1 48 18 
2 53 1 10 1 
2 53 2 9 1 
6 40 16 5 
2 65 
1 22 41 1 2 
5 33 25 1 1 1 1 
2 39 22 2 2 
3 47 5 8 3 1 
1 5 27 6 10 6 4 3 2 2 1 
67 
3 28 9 20 6 1 
1 41 6 4 7 2 5 1 
1 51 14 1 
2 5 25 14 21 
7 49 4 5 1 1 
1 45 7 7 1 1 2 2 1 
2 17 2 10 21 1 10 3 1 
2 59 2 1 3 
1 20 25 14 5 1 1 
7 20 40 
1 43 18 2 1 1 1 
5 26 12 11 6 6 1 
8 6 29 15 6 1 2 
1 63 3 
1 34 14 2 2 3 3 4 1 3 
6 53 8 
1 30 5 7 13 5 5 1 
35 2 30 
1 16 49 1 
1 41 14 9 1 1 
11 45 6 5 
2 59 2 2 1 1 
7 15 27 2 12 2 2 
2 39 17 9 
53 12 1 1 
1 47 13 3 2 1 
24 21 1 4 8 3 6 
3 23 9 11 16 2 3 
34 10 1 18 2 2 
7 40 20 
1 15 20 27 4 
6 59 2 
10 36 20 1 
2 21 4 18 22 
1 62 4 
1 66 
21 22 24 
1 58 7 1 
1 48 15 3 
16 5 28 1 8 9 
1 18 7 37 1 2 1 
18 40 9 
1 24 14 15 13 
1 60 4 1 1 
23 39 2 2 1 
45 8 14 
9 35 22 1 
64 1 1 1 
13 27 27 
1 26 37 2 1 
1 25 17 11 10 3 
1 59 2 1 1 2 1 
2 10 19 18 1 6 3 4 4 
1 30 29 1 1 1 2 1 1 
1 57 7 2 
12 3 49 2 1 
1 58 7 1 
3 52 2 9 1 
1 65 1 
1 9 41 16 
5 19 11 14 3 14 1 
4 42 11 10 
1 63 3 
67 
4 2 44 17 
1 16 40 1 4 4 1 
7 13 27 19 1 
3 20 13 6 9 10 4 2 
3 59 5 
6 19 14 2 20 6 
54 11 1 1 
17 43 5 2 
4 27 18 7 1 5 1 2 2 
4 3 5 8 24 16 6 1 
15 3 37 1 5 5 1 
4 27 24 4 2 5 1 
2 57 4 2 2 
56 9 2 
3 64 
20 36 2 2 2 5 
30 37 
62 4 1 
6 9 39 3 9 1 
1 54 2 3 3 1 1 1 1 
51 9 1 4 2 
1 29 16 17 3 1 
3 57 7 
7 14 19 4 22 1 
1 17 27 11 7 1 3 
1 65 1 
3 10 26 9 9 7 3 
4 7 29 9 6 5 3 3 1 
6 44 17 
3 12 52 
1 62 4 
1 40 25 1 
2 61 4 
1 66 
1 45 20 1 
1 59 6 1 
1 24 14 15 7 6 
3 54 10 
18 10 36 1 1 1 
1 53 13 
1 57 7 2 
7 53 7 
4 34 15 12 2 
1 41 1 16 3 4 1 
4 50 13 
1 12 12 18 1 3 3 1 4 8 4 
7 16 27 15 1 1 
3 4 57 3 
65 1 1 
1 48 14 3 1 
48 13 1 1 2 1 1 
2 11 54 
4 33 2 16 3 3 1 1 2 1 1 
1 56 10 
12 2 20 19 4 1 7 1 1 
2 2 26 19 4 4 2 8 
3 45 14 1 4 
1 31 35 
1 21 16 9 1 19 
5 32 9 9 2 7 2 1 
9 40 18 
3 12 19 25 2 6 
3 57 1 3 1 2 
4 41 16 2 4 
3 41 3 7 4 3 6 
1 11 32 16 4 1 2 
2 9 14 21 10 10 1 
38 23 3 3 
1 50 7 5 1 1 1 1 
1 15 4 24 10 7 5 1 
1 50 1 7 4 1 1 2 
7 2 46 5 4 3 
1 35 27 1 1 2 
6 59 2 
1 23 24 2 6 9 2 
1 64 2 
53 14 
32 22 13 
39 23 3 1 1 
14 53 
67 
6 40 5 13 3 
1 28 22 7 8 1 
1 8 5 25 3 23 1 1 
10 50 7 
42 2 23 
3 18 10 1 13 16 1 5 
1 9 51 4 1 1 
1 31 9 22 4 
4 25 20 7 10 1 
1 12 39 8 2 2 2 1 
60 6 1 
1 64 2 
1 61 4 1 
9 53 3 1 1 
1 6 55 4 1 
2 26 4 26 7 1 1 
1 44 22 
2 37 10 1 4 2 3 8 
3 23 4 7 16 4 7 1 1 1 
1 14 35 3 13 1 
3 24 16 3 2 3 3 1 11 1 
1 29 16 6 14 1 
7 18 42 
1 33 22 3 2 3 1 2 
5 38 7 4 10 1 2 
2 19 27 14 5 
9 40 15 1 1 1 
7 52 1 1 4 2 
16 45 6 
4 54 8 1 
1 31 1 29 4 1 
14 17 15 6 3 8 3 1 
1 37 29 
1 29 37 
7 46 11 3 
22 17 27 1 
9 14 18 18 8 
62 3 2 
1 24 9 32 1 
6 14 8 19 2 14 4 
1 51 11 3 1 
6 61 
56 6 5 
2 23 34 6 2 
30 25 12 
1 13 51 1 1 
1 28 5 2 28 2 1 
1 45 5 9 4 2 1 
1 36 23 1 5 1 
3 18 11 8 9 11 4 2 1 
2 31 25 6 1 2 
1 46 8 4 5 2 1 
63 2 1 1 
2 41 6 4 11 3 
1 34 23 9 
1 8 23 30 5 
2 23 39 1 2 
61 1 3 1 1 
1 25 27 7 7 
2 35 18 8 4 
1 47 12 7 
2 42 17 3 1 2 
1 59 6 1 
2 62 3 
29 33 5 
1 2 42 22 
35 16 4 1 11 
1 30 32 1 3 
1 51 10 3 1 1 
1 21 28 14 3 
3 25 14 16 6 3 
3 54 7 1 2 
3 55 7 1 1 
31 14 20 1 1 
4 11 32 11 5 2 2 
2 45 6 3 1 1 1 6 1 1 
22 45 
1 54 7 3 1 1 
3 63 1 
25 27 5 9 1 
12 50 5 
67 
33 32 1 1 
20 30 17 
1 56 10 
5 61 1 
1 8 50 5 1 1 1 
5 8 3 1 34 2 10 1 2 1 
6 3 16 7 15 20 
1 34 14 18 
14 48 5 
1 30 22 1 7 4 1 1 
2 20 14 13 1 8 7 2 
3 7 56 1 
2 46 16 2 1 
33 20 14 
51 1 4 2 1 4 1 1 1 1 
1 25 34 5 2 
1 26 15 18 3 4 
2 17 6 24 2 5 5 1 2 3 
7 24 9 23 2 1 1 
3 59 5 
2 53 11 1 
2 59 2 4 
4 41 6 8 4 2 2 
1 46 19 1 
1 17 7 8 8 10 1 4 4 2 4 1 
1 25 19 5 12 2 1 1 1 
1 28 26 7 5 
29 33 3 2 
1 35 8 16 2 4 1 
7 8 7 13 1 1 14 14 1 1 
1 58 8 
1 15 28 12 11 
1 45 10 3 4 4 
1 10 13 7 19 13 4 
1 1 44 10 2 8 1 
66 1 
2 30 8 8 17 1 1 
7 45 2 6 1 3 1 1 1 
3 51 1 3 7 1 1 
3 4 54 5 1 
13 35 4 7 2 6 
1 65 1 
1 15 15 32 4 
25 16 10 16 
2 46 17 2 
20 19 22 3 2 1 
7 56 4 
1 38 3 6 18 1 
8 34 10 15 
61 4 2 
1 35 11 5 8 6 1 
1 65 1 
1 27 39 
3 59 2 1 2 
2 55 10 
5 49 13 
45 18 4 
1 54 12 
63 4 
2 48 3 12 2 
3 58 3 3 
31 3 30 2 1 
2 29 11 25 
1 45 16 3 2 
20 44 3 
1 57 2 4 3 
1 47 19 
1 34 31 1 
1 9 8 38 2 2 2 2 1 1 1 
48 14 3 1 1 
2 53 12 
65 2 
67 
10 30 22 3 2 
1 34 28 4 
3 24 11 21 5 1 1 1 
28 6 1 18 12 1 1 
67 
40 23 2 1 1 
38 8 5 2 14 
1 66 
2 56 1 8 
59 3 5 
2 64 1 
1 37 9 3 17 
1 16 11 30 1 2 2 1 1 2 
2 14 11 28 10 2 
66 1 
1 28 32 1 3 1 1 
1 60 4 2 
67 
1 25 24 10 6 1 
3 15 22 13 11 3 
45 9 8 3 2 
1 23 34 9 
1 23 33 5 4 1 
1 28 33 2 2 1 
3 41 12 9 2 
2 6 37 5 16 1 
1 32 14 11 2 7 
41 2 11 3 9 1 
2 25 1 1 33 4 1 
37 16 1 8 1 3 1 
1 36 4 19 6 1 
29 6 19 10 2 1 
2 46 19 
6 54 7 
45 17 5 
1 56 8 1 1 
63 1 3 
64 1 2 
1 12 26 5 19 4 
5 35 7 5 5 3 6 1 
1 44 15 5 1 1 
53 6 7 1 
1 62 1 3 
20 24 5 5 9 1 3 
29 2 10 5 6 6 9 
2 22 42 1 
64 3 
7 39 15 5 1 
15 34 7 2 7 2 
2 55 10 
4 10 16 18 15 4 
2 57 3 3 1 1 
1 12 37 16 1 
31 11 7 9 8 1 
4 58 2 3 
5 25 25 8 1 2 1 
1 9 4 53 
6 46 2 9 1 3 
9 6 5 22 19 2 3 1 
2 33 5 23 1 3 
4 57 3 2 1 
3 28 18 5 1 3 3 4 1 1 
13 1 51 1 1 
1 34 28 2 2 
62 3 2 
7 47 13 
43 19 4 1 
1 52 5 8 1 
2 23 8 23 3 4 1 1 1 1 
5 30 25 7 
1 50 5 9 2 
1 42 2 13 1 2 3 3 
45 16 6 
34 32 1 
5 53 5 4 
41 16 2 5 2 1 
3 24 31 4 5 
7 43 4 4 5 2 2 
50 10 2 5 
14 22 11 4 15 1 
1 15 21 11 12 3 3 1 
1 63 3 
50 13 1 1 1 1 
1 62 2 1 1 
1 5 49 4 1 1 5 1 
9 30 28 
1 62 4 
1 62 2 2 
1 36 19 8 3 
2 8 37 15 1 4 
37 19 11 
5 58 2 2 
25 8 8 11 8 5 2 
1 28 19 1 11 5 2 
1 21 37 1 6 1 
1 56 1 5 1 1 2 
1 44 21 1 
17 32 10 8 
1 55 11 
2 61 1 3 
13 47 6 1 
13 24 30 
52 6 5 4 
1 63 1 1 1 
2 56 3 5 1 
21 46 
4 40 23 
3 47 6 3 1 4 1 1 1 
2 56 3 1 2 1 2 
4 32 16 9 1 1 3 1 
1 30 27 1 8 
1 60 6 
2 21 38 6 
64 2 1 
1 36 4 17 4 2 2 1 
3 8 41 5 4 5 1 
1 34 25 6 1 
2 43 20 2 
10 25 31 1 
2 62 3 
7 31 29 
6 52 9 
1 12 23 28 1 1 1 
67 
1 20 38 1 3 4 
29 18 15 2 1 1 1 
2 8 37 19 1 
1 28 3 33 1 1 
1 50 13 3 
47 18 1 1 
4 16 33 13 1 
2 19 13 16 8 2 1 4 1 1 
1 3 62 1 
3 10 34 2 4 7 6 1 
1 18 7 38 3 
1 60 3 3 
12 11 31 4 3 6 
7 42 12 6 
1 58 8 
3 7 54 2 1 
1 3 43 7 2 3 3 3 2 
1 18 45 2 1 
16 27 1 15 5 2 1 
15 46 3 2 1 
1 21 1 8 4 24 4 3 1 
2 28 3 13 2 13 1 3 2 
14 52 1 
1 48 4 3 5 3 3 
1 35 16 13 1 1 
2 16 28 2 5 14 
1 19 6 26 13 1 1 
4 43 20 
2 18 5 24 15 3 
54 7 1 5 
3 10 19 8 1 12 11 1 2 
1 26 10 16 14 
5 32 30 
22 3 1 8 20 2 4 4 3 
5 28 10 14 9 1 
13 1 35 15 3 
5 18 40 4 
1 9 46 5 6 
2 8 14 26 6 9 1 1 
7 52 8 
6 59 1 1 
1 42 8 7 6 2 1 
6 5 19 15 21 1 
26 34 3 2 1 1 
1 48 14 2 1 1 
3 13 2 15 8 21 1 2 2 
40 3 17 4 3 
2 61 4 
2 36 3 19 3 3 1 
1 26 40 
19 25 15 8 
4 55 8 
1 26 29 4 7 
24 2 30 9 2 
12 49 1 2 1 1 1 
2 54 5 5 1 
5 10 12 35 2 3 
1 64 2 
18 13 23 11 1 1 
1 53 9 3 1 
11 1 40 5 10 
2 9 10 14 15 1 11 2 3 
4 15 21 12 3 4 1 4 1 1 1 
50 5 3 5 3 1 
2 28 7 16 6 5 3 
1 22 9 34 1 
2 56 6 2 1 
1 50 7 8 1 
17 35 3 6 2 2 2 
5 43 18 1 
2 32 3 11 3 12 1 3 
2 13 25 11 4 1 5 4 2 
13 30 8 9 1 6 
2 32 33 
2 40 10 7 2 3 3 
1 52 1 1 9 2 1 
1 25 32 2 3 1 3 
2 40 20 1 3 1 
14 24 6 21 1 1 
2 43 22 
2 25 40 
1 14 44 1 1 1 2 3 
1 5 29 23 1 7 1 
23 40 2 2 
2 36 19 6 4 
2 59 6 
1 11 10 10 31 2 2 
21 23 20 1 2 
5 6 7 35 7 7 
3 54 10 
1 13 3 21 17 2 7 3 
6 15 9 13 22 1 1 
1 18 37 2 5 4 
1 5 18 23 17 2 1 
2 8 6 42 1 3 1 1 3 
3 38 26 
1 58 1 2 5 
1 53 8 3 1 1 
2 56 6 3 
8 2 27 18 3 3 1 2 3 
6 52 9 
2 50 13 1 1 
3 38 12 1 10 3 
1 64 1 1 
7 32 19 7 2 
1 26 22 9 9 
2 13 47 4 1 
19 16 31 1 
1 16 17 10 23 
2 43 22 
38 15 14 
1 54 7 1 2 2 
2 65 
18 46 3 
64 3 
17 50 
2 46 10 2 4 3 
7 49 11 
1 34 10 16 2 1 1 2 
3 24 30 2 7 1 
1 58 6 2 
2 57 7 1 
1 44 22 
5 27 35 
1 24 32 1 8 1 
1 29 2 5 9 7 14 
1 30 34 2 
28 37 2 
1 37 8 16 1 2 1 1 
1 1 1 47 11 6 
2 38 26 1 
18 31 10 8 
19 34 14 
1 38 24 4 
1 60 6 
1 21 10 27 4 1 3 
5 23 14 3 10 3 1 4 2 2 
1 29 19 11 6 1 
19 23 22 2 1 
19 16 22 4 6 
1 28 33 1 1 2 1 
10 39 8 7 3 
1 39 27 
2 58 4 1 1 1 
1 6 12 18 30 
4 15 47 1 
2 24 39 1 1 
1 62 3 1 
1 63 3 
50 11 2 3 1 
50 8 7 1 1 
2 42 5 4 10 4 
1 35 17 14 
47 1 13 5 1 
2 34 31 
21 22 15 1 1 1 4 2 
1 60 3 3 
62 3 1 1 
2 13 37 5 9 1 
4 58 2 2 1 
2 25 37 2 1 
1 40 8 11 5 1 1 
1 62 1 1 2 
17 39 10 1 
4 63 
2 24 37 4 
4 9 41 2 3 3 5 
1 18 10 7 9 12 1 7 2 
31 24 5 1 2 4 
2 48 17 
1 12 54 
6 21 2 36 1 1 
11 8 33 14 1 
3 16 40 5 3 
1 66 
46 4 9 7 1 
62 5 
65 2 
19 6 16 5 8 9 3 1 
8 29 30 
3 5 58 1 
66 1 
1 24 4 4 15 5 6 7 1 
10 55 1 1 
6 30 17 11 3 
1 46 16 4 
8 22 11 6 7 8 4 1 
1 63 1 2 
2 49 1 3 11 1 
1 62 3 1 
5 50 2 3 5 2 
66 1 
1 42 13 2 3 4 2 
39 3 17 7 1 
1 8 33 18 6 1 
7 54 2 3 1 
11 3 28 4 20 1 
4 56 3 3 1 
1 27 10 6 5 16 1 1 
1 44 20 1 1 
1 15 14 16 9 2 2 1 3 1 1 2 
1 55 2 6 3 
1 53 8 1 4 
4 42 8 11 2 
1 1 15 27 14 2 5 1 1 
12 33 20 1 1 
7 3 28 28 1 
1 1 21 12 15 10 7 
1 2 40 21 3 
2 2 58 5 
2 35 28 2 
17 5 23 10 12 
40 2 7 9 9 
41 11 10 3 2 
1 39 26 1 
1 5 18 5 8 28 2 
14 5 23 9 6 10 
66 1 
1 62 1 2 1 
6 36 4 16 5 
1 2 18 25 21 
1 52 14 
3 15 35 5 4 2 3 
3 42 17 2 1 1 1 
1 7 59 
2 57 4 1 3 
1 3 41 12 5 4 1 
1 8 55 3 
8 47 12 
2 13 14 16 5 3 1 1 2 7 2 1 
1 62 4 
2 32 3 5 8 8 7 2 
2 17 26 16 2 2 2 
2 56 7 2 
1 25 7 15 6 12 1 
4 18 5 12 25 1 1 1 
1 44 16 6 
1 45 9 3 5 2 1 1 
34 13 1 6 11 2 
7 43 14 3 
7 24 22 3 11 
11 11 31 3 10 1 
1 18 5 12 22 9 
3 42 21 1 
4 48 12 1 2 
32 30 5 
3 47 4 1 12 
5 23 7 21 3 2 4 1 1 
3 22 20 6 2 1 12 1 
3 56 5 1 1 1 
1 27 27 4 2 1 2 3 
1 61 3 2 
1 43 19 1 1 1 1 
4 28 1 27 7 
6 46 14 1 
1 21 1 14 20 3 5 2 
3 28 3 29 1 3 
1 2 43 9 10 2 
2 35 30 
2 57 8 
8 15 15 24 5 
1 10 55 1 
25 31 6 1 1 2 1 
12 42 10 2 1 
10 10 28 7 5 5 2 
19 32 16 
55 3 3 4 2 
3 62 2 
5 5 25 10 5 7 6 1 2 1 
4 15 11 10 7 5 4 6 1 4 
1 24 39 2 1 
48 9 6 2 1 1 
8 12 34 3 8 1 1 
3 42 7 14 1 
2 33 18 10 1 3 
4 40 6 12 5 
67 
1 18 13 20 3 5 4 1 1 1 
25 1 15 24 2 
15 46 3 3 
4 63 
6 54 6 1 
62 5 
18 11 30 1 2 4 1 
2 31 32 2 
3 14 41 9 
3 17 35 4 3 3 2 
1 61 5 
4 56 1 1 4 1 
10 37 14 2 2 2 
2 3 50 1 6 5 
31 23 5 2 3 1 1 1 
1 65 1 
1 61 3 2 
1 32 15 11 7 1 
1 55 6 4 1 
1 22 17 21 2 3 1 
1 10 33 1 9 13 
1 29 22 5 8 2 
28 6 24 9 
43 14 5 2 2 1 
3 54 6 2 1 1 
2 48 5 5 7 
2 65 
1 58 5 3 
1 42 14 4 5 1 
3 23 35 1 5 
58 4 4 1 
1 60 2 1 3 
1 34 32 
24 15 24 2 1 1 
10 40 17 
17 4 33 11 2 
3 28 13 19 4 
11 37 18 1 
1 35 17 3 9 2 
1 59 3 2 1 1 
1 65 1 
1 28 11 20 4 2 1 
1 2 48 10 5 1 
1 36 21 6 2 1 
2 14 49 1 1 
6 13 18 14 8 7 1 
1 5 14 3 11 7 17 2 1 3 2 1 
1 23 39 3 1 
1 65 1 
1 55 8 3 
55 8 4 
1 25 6 25 6 3 1 
1 58 7 1 
1 14 52 
1 22 34 10 
1 2 14 20 30 
4 31 13 16 1 2 
2 37 18 5 3 2 
1 48 13 3 2 
2 17 33 5 6 3 1 
20 21 20 2 4 
8 17 6 19 16 1 
5 38 6 18 
1 36 4 23 2 1 
4 55 8 
15 19 33 
21 14 30 2 
16 3 46 2 
57 7 1 1 1 
1 38 2 8 18 
59 3 1 3 1 
1 9 4 33 1 5 4 2 3 2 3 
2 21 37 4 1 1 1 
9 17 26 15 
6 6 39 12 4 
1 23 24 6 11 2 
1 63 1 2 
10 22 30 4 1 
4 56 5 2 
1 36 29 1 
24 22 12 6 1 2 
10 21 25 6 4 1 
1 44 22 
2 19 13 2 3 9 9 10 
38 3 6 16 4 
2 13 24 2 21 4 1 
1 30 1 10 16 6 2 1 
5 58 1 1 1 1 
1 43 8 7 8 
17 6 7 37 
35 9 4 16 2 1 
6 6 46 8 1 
4 53 9 1 
2 31 34 
1 2 18 18 8 16 1 3 
2 34 17 1 6 2 3 1 1 
9 25 33 
9 51 1 5 1 
3 8 21 22 1 1 11 
1 11 48 1 2 2 1 1 
3 27 10 26 1 
67 
1 29 37 
1 17 32 13 4 
7 35 8 14 3 
1 46 13 7 
1 40 14 5 1 2 1 1 2 
8 23 15 6 14 1 
1 60 5 1 
2 50 12 1 1 1 
1 46 2 1 15 2 
1 51 2 3 9 1 
1 43 2 13 8 
1 43 3 16 2 2 
1 57 7 1 1 
2 22 28 8 1 1 3 2 
1 25 5 5 8 15 6 2 
3 24 25 9 3 3 
1 54 4 5 1 2 
1 55 11 
1 56 10 
1 57 3 3 2 1 
2 6 36 3 15 1 3 1 
13 6 44 1 1 1 1 
6 55 5 1 
3 29 35 
3 33 23 3 2 3 
1 4 35 15 12 
40 7 2 16 2 
2 65 
7 21 31 1 5 1 1 
5 24 36 2 
4 4 15 21 17 5 1 
13 53 1 
15 36 15 1 
7 53 7 
8 16 29 7 7 
5 40 22 
2 11 31 9 12 2 
24 18 9 8 8 
46 20 1 
1 16 38 5 5 1 1 
1 59 5 2 
1 38 5 3 20 
48 7 1 2 5 3 1 
53 4 7 1 2 
1 36 28 2 
13 52 1 1 
16 2 43 2 3 1 
1 1 19 20 7 3 12 2 1 1 
1 16 34 15 1 
4 57 4 1 1 
31 27 4 1 1 2 1 
8 57 1 1 
1 62 4 
1 60 6 
1 57 2 5 2 
2 60 5 
6 2 28 6 1 1 9 2 5 3 2 2 
6 7 4 6 7 6 17 14 
1 59 5 2 
2 39 16 5 1 2 2 
8 23 22 11 3 
2 39 26 
1 54 12 
1 8 22 35 1 
1 31 18 16 1 
1 36 5 14 11 
3 1 9 54 
2 41 12 1 9 2 
4 50 13 
2 8 22 7 17 2 6 2 1 
1 5 27 29 1 2 2 
1 57 7 1 1 
32 29 3 2 1 
1 8 31 26 1 
8 13 30 12 2 2 
51 11 5 
15 15 19 8 1 6 1 1 1 
1 13 20 8 25 
11 46 10 
62 3 2 
4 57 3 2 1 
2 55 1 7 2 
1 20 21 14 5 1 2 3 
6 17 42 1 1 
13 2 21 16 10 2 1 2 
34 22 2 9 
1 59 7 
1 47 16 2 1 
67 
2 6 43 2 7 1 4 2 
10 12 9 36 
23 36 5 1 2 
1 34 2 10 9 10 1 
1 47 2 4 6 6 1 
1 52 5 9 
1 26 40 
1 4 7 20 11 2 12 3 5 2 
51 9 2 2 2 1 
2 48 17 
1 50 13 1 1 1 
1 13 19 2 7 6 8 2 4 5 
2 15 21 6 8 8 7 
2 27 27 4 3 1 1 2 
3 39 25 
2 32 6 4 3 10 1 6 3 
2 22 7 28 3 1 3 1 
10 11 10 4 31 1 
8 8 40 7 4 
1 29 28 4 5 
36 12 7 6 1 2 3 
2 54 11 
1 41 25 
1 11 12 34 8 1 
50 8 3 1 1 2 1 1 
24 3 28 4 7 1 
1 14 35 4 13 
56 8 3 
1 44 17 3 2 
1 2 40 24 
16 21 20 5 1 1 1 1 1 
1 9 29 11 11 3 3 
1 5 28 22 5 1 4 1 
5 3 47 12 
7 21 32 6 1 
3 44 11 4 3 1 1 
1 22 41 1 2 
5 41 4 10 6 1 
2 50 3 3 6 1 2 
1 62 1 3 
14 20 12 17 3 1 
31 3 1 10 22 
2 16 18 16 6 1 8 
1 58 3 5 
3 45 2 14 3 
49 6 4 3 5 
5 1 31 6 10 5 1 3 1 3 1 
1 52 14 
67 
1 41 25 
13 37 6 5 5 1 
1 14 11 15 5 6 1 12 1 1 
48 16 3 
1 43 9 14 
1 27 1 6 32 
7 41 19 
1 22 22 22 
1 18 31 13 2 2 
2 28 12 2 19 1 3 
8 50 9 
21 6 6 31 3 
4 39 13 3 2 4 1 1 
1 43 15 2 3 3 
5 2 33 27 
11 42 11 3 
58 5 1 1 2 
1 39 22 5 
2 13 44 6 2 
1 35 11 1 7 7 4 1 
67 
43 4 11 6 2 1 
1 5 24 25 2 3 1 6 
1 28 3 23 3 6 1 2 
61 4 2 
1 13 14 12 25 1 1 
3 30 17 14 1 2 
67 
1 45 21 
2 63 1 1 
2 10 42 12 1 
1 45 11 7 3 
3 38 8 7 8 3 
1 42 6 17 1 
1 27 33 1 4 1 
3 59 5 
43 19 5 
1 11 9 24 12 10 
2 4 57 1 1 2 
2 43 3 4 1 2 7 1 1 1 1 1 
1 6 60 
36 4 3 6 6 11 1 
1 20 17 27 2 
1 28 37 1 
1 30 33 3 
1 13 53 
1 15 29 22 
2 63 1 1 
1 49 13 4 
1 10 42 14 
2 49 10 1 2 2 1 
65 2 
1 24 14 6 22 
4 38 7 14 1 3 
45 15 6 1 
1 28 21 15 2 
1 1 42 2 2 5 2 9 3 
1 48 16 1 1 
1 2 58 6 
5 40 19 1 1 1 
27 2 18 6 14 
10 5 1 44 3 2 1 1 
16 42 5 3 1 
25 5 27 3 1 6 
2 48 6 7 4 
8 26 20 2 6 5 
7 18 14 27 1 
2 59 4 2 
1 1 19 27 8 4 7 
1 12 41 13 
3 6 1 26 21 10 
66 1 
3 15 6 43 
1 38 11 8 9 
1 12 25 18 8 1 2 
6 14 21 21 3 2 
12 13 27 3 3 6 2 1 
1 26 35 5 
1 13 2 18 14 18 1 
11 13 24 6 12 1 
1 33 27 2 1 3 
1 45 9 9 1 2 
1 19 29 1 7 5 5 
1 20 42 2 2 
2 31 30 4 
2 14 49 1 1 
3 18 26 19 1 
2 2 48 2 4 5 1 2 1 
5 30 32 
1 19 43 1 3 
5 55 7 
42 21 4 
1 61 5 
66 1 
4 44 3 15 1 
1 9 50 7 
4 59 4 
1 37 2 16 9 1 1 
16 25 17 4 5 
16 17 18 8 8 
1 10 51 3 2 
2 54 5 3 3 
67 
1 50 8 2 6 
1 36 4 1 4 4 13 1 1 2 
4 39 3 21 
1 23 8 13 7 14 1 
2 10 26 21 6 1 1 
1 30 36 
1 59 1 1 4 1 
2 42 18 2 3 
1 47 13 1 5 
10 28 23 3 3 
45 2 2 10 1 4 1 1 1 
1 24 42 
1 58 6 2 
66 1 
1 42 17 3 2 2 
11 24 4 22 2 4 
3 56 5 3 
1 50 2 3 9 1 1 
12 1 47 1 4 2 
64 3 
3 9 21 28 5 1 
1 46 4 5 6 2 2 1 
2 28 6 28 2 1 
5 60 1 1 
1 27 14 20 3 2 
1 44 6 8 3 1 2 2 
58 6 2 1 
3 54 9 1 
1 44 4 1 12 4 1 
1 41 22 3 
1 63 1 1 1 
9 48 2 2 4 1 1 
10 41 12 4 
7 9 51 
2 14 11 28 1 9 2 
1 57 5 1 3 
1 51 14 1 
3 10 38 2 7 4 1 2 
1 27 12 4 23 
11 36 20 
35 23 9 
2 11 3 8 13 16 5 4 1 3 1 
5 11 51 
25 21 9 11 1 
1 14 50 2 
14 34 3 14 1 1 
1 42 23 1 
2 61 2 1 1 
1 12 12 8 8 4 19 1 2 
67 
1 59 1 3 2 1 
1 42 20 2 1 1 
1 55 4 6 1 
1 55 1 1 4 1 2 1 1 
3 59 5 
16 41 5 5 
2 12 6 8 26 3 1 5 2 1 1 
2 47 5 1 1 8 2 1 
64 2 1 
32 3 30 2 
2 28 8 15 10 4 
1 12 10 35 5 3 1 
1 20 3 3 17 13 9 1 
24 32 9 1 1 
1 12 26 6 22 
2 52 5 2 1 2 2 1 
64 1 1 1 
3 33 14 2 11 4 
1 40 4 14 1 4 2 1 
15 42 10 
12 37 5 9 2 1 1 
6 35 2 9 11 1 1 1 1 
1 10 3 1 47 2 2 1 
7 11 49 
2 41 2 11 10 1 
4 12 49 2 
1 57 4 2 2 1 
3 32 20 7 3 1 1 
1 6 56 1 3 
1 46 13 1 1 3 1 1 
7 22 37 1 
1 21 32 12 1 
5 58 1 1 2 
2 50 7 8 
4 8 55 
1 50 11 4 1 
1 4 57 4 1 
2 65 
10 26 3 24 3 1 
20 47 
7 30 25 4 1 
1 55 8 2 1 
26 37 2 2 
3 59 4 1 
3 26 37 1 
1 8 52 2 4 
10 50 1 1 2 3 
67 
2 30 14 19 2 
1 42 10 14 
12 51 4 
59 3 4 1 
12 32 22 1 
21 4 40 1 1 
1 44 14 1 1 1 1 3 1 
9 21 17 1 3 12 2 2 
12 24 25 5 1 
3 48 15 1 
3 17 24 9 6 7 1 
1 1 30 29 4 2 
4 31 14 12 5 1 
1 23 43 
1 66 
45 7 11 1 2 1 
33 2 6 21 4 1 
62 5 
43 10 13 1 
3 62 2 
1 2 56 6 1 1 
12 23 9 7 14 2 
1 38 28 
1 13 28 20 1 4 
1 19 4 35 8 
10 52 3 2 
7 57 3 
1 2 41 21 2 
2 13 5 25 14 6 1 1 
1 40 10 15 1 
1 9 52 4 1 
58 7 2 
66 1 
1 53 5 1 5 1 1 
4 23 14 19 6 1 
1 25 10 9 1 13 3 3 1 1 
6 19 7 3 27 5 
6 55 6 
1 48 18 
1 53 10 2 1 
5 53 8 1 
1 8 17 20 6 11 1 2 1 
2 62 3 
1 61 3 1 1 
1 36 17 10 1 2 
2 19 23 12 1 7 1 1 1 
1 46 10 8 1 1 
6 4 21 1 20 7 7 1 
4 57 2 4 
7 51 7 1 1 
1 23 10 13 20 
5 61 1 
4 26 26 8 3 
1 18 28 7 12 1 
2 28 31 4 1 1 
2 18 10 23 6 7 1 
1 50 16 
1 39 6 14 5 2 
1 40 25 1 
2 25 13 4 10 13 
49 1 11 1 1 2 1 1 
1 17 18 4 10 12 4 1 
3 45 6 1 12 
2 42 5 3 6 1 1 7 
1 53 5 4 4 
3 45 18 1 
8 8 16 25 5 1 2 1 1 
1 5 1 32 12 16 
1 7 57 1 1 
2 47 6 12 
2 49 4 2 3 2 5 
1 54 6 4 2 
2 6 13 2 4 16 7 2 11 3 1 
5 20 42 
1 3 45 13 5 
2 5 59 1 
1 48 17 1 
9 51 7 
12 37 18 
10 56 1 
65 1 1 
64 2 1 
3 19 32 5 8 
1 59 1 3 2 1 
1 19 24 5 15 1 1 1 
14 32 7 1 6 5 1 1 
2 22 33 3 6 1 
65 1 1 
1 43 11 9 2 1 
1 27 37 2 
27 26 2 1 6 3 1 1 
60 3 4 
2 30 3 23 5 1 1 2 
16 36 15 
1 39 2 2 4 18 1 
2 28 3 14 14 3 1 2 
1 20 43 3 
2 46 8 3 8 
3 50 9 1 1 2 1 
5 7 33 7 13 1 1 
65 1 1 
1 4 17 3 11 15 11 5 
3 38 12 9 2 2 1 
1 48 17 1 
6 23 31 2 4 1 
60 1 1 5 
7 50 4 3 3 
1 13 14 27 12 
1 64 2 
22 13 27 2 1 2 
23 40 3 1 
1 18 5 25 1 9 8 
6 31 17 1 11 1 
1 24 34 3 3 2 
1 30 36 
67 
1 3 12 42 2 6 1 
2 56 9 
1 36 1 9 10 4 4 2 
2 3 38 2 4 14 2 1 1 
1 30 8 24 2 2 
2 24 9 25 7 
3 41 17 3 3 
1 58 8 
3 1 52 3 1 6 1 
2 60 2 1 1 1 
1 6 26 16 1 1 12 2 2 
2 56 5 2 2 
1 58 8 
1 17 22 2 23 2 
23 7 25 8 3 1 
6 42 15 1 3 
3 10 9 16 5 15 4 1 1 1 2 
1 12 11 8 1 31 2 1 
1 33 30 3 
2 26 8 17 8 4 2 
2 46 3 8 6 1 1 
65 2 
4 58 2 1 2 
61 6 
1 11 54 1 
1 12 20 10 6 11 4 1 1 1 
3 17 21 19 3 2 1 1 
7 49 6 3 2 
1 55 2 9 
1 54 5 4 1 2 
49 2 14 2 
1 32 6 6 16 5 1 
1 48 11 6 1 
1 65 1 
1 55 9 1 1 
24 2 17 2 18 2 2 
12 11 27 1 3 6 7 
3 16 9 10 21 7 1 
1 38 1 5 6 13 1 2 
44 5 4 8 5 1 
8 16 3 19 13 1 5 1 1 
9 50 7 1 
1 4 12 46 3 1 
1 23 38 1 2 2 
1 32 11 6 6 7 4 
1 60 5 1 
9 43 8 7 
23 17 1 20 5 1 
1 57 7 2 
1 49 4 3 1 1 1 4 2 1 
4 2 2 5 2 2 40 7 3 
19 21 15 9 3 
2 8 39 9 9 
3 7 28 29 
12 52 3 
67 
6 14 19 23 4 1 
1 61 5 
1 48 10 2 4 2 
9 51 7 
2 32 5 16 9 1 1 1 
1 22 15 23 6 
2 30 20 11 1 1 1 1 
2 9 18 32 1 1 3 1 
10 42 15 
67 
6 47 2 12 
1 24 5 26 2 8 1 
10 29 12 3 12 1 
1 15 16 7 2 5 6 4 4 5 2 
2 3 20 27 7 2 6 
1 54 12 
7 52 7 1 
1 56 9 1 
2 63 1 1 
4 12 46 1 3 1 
1 5 14 38 2 5 2 
2 33 31 1 
1 15 16 27 6 1 1 
3 47 17 
2 36 25 1 3 
6 47 1 2 10 1 
4 57 2 4 
1 41 6 15 3 1 
19 47 1 
5 55 3 1 3 
10 36 21 
25 37 5 
2 11 54 
1 30 16 20 
1 24 42 
2 38 4 21 2 
1 29 36 1 
3 53 10 1 
1 24 5 37 
1 60 6 
1 41 17 2 2 2 2 
1 39 15 11 1 
5 39 5 2 7 1 1 1 2 4 
1 12 17 20 15 1 1 
49 11 6 1 
4 61 2 
3 6 33 16 1 7 1 
3 19 42 1 2 
29 11 4 4 12 5 2 
1 9 44 11 1 1 
1 35 11 7 10 2 1 
67 
4 20 32 8 3 
1 34 11 6 2 10 3 
2 62 3 
2 47 13 2 2 1 
8 40 13 1 2 1 2 
1 21 39 6 
24 17 14 3 3 2 4 
1 48 1 10 4 2 1 
3 33 31 
35 17 10 4 1 
1 33 33 
1 66 
1 44 22 
2 26 6 28 5 
4 10 35 8 10 
20 16 8 15 5 3 
10 52 5 
7 6 4 23 5 3 2 8 5 3 1 
7 3 26 28 3 
1 34 28 4 
65 1 1 
1 52 3 5 1 2 3 
46 14 6 1 
1 12 11 35 5 2 1 
14 15 36 1 1 
2 54 8 1 1 1 
1 53 7 4 2 
11 2 21 8 11 1 9 2 2 
2 23 42 
1 18 24 15 3 3 1 2 
1 21 10 23 11 1 
4 45 5 1 7 1 4 
5 30 29 3 
6 34 16 7 2 1 1 
1 58 8 
15 52 
17 28 10 9 3 
1 2 40 14 1 7 1 1 
3 42 7 1 13 1 
1 3 55 8 
3 48 16 
3 39 8 13 3 1 
35 24 6 2 
4 53 6 4 
1 38 16 7 4 1 
2 32 1 25 1 3 1 1 1 
9 39 5 9 3 1 1 
2 54 6 1 3 1 
1 7 30 22 2 2 3 
1 45 18 1 1 1 
19 2 44 2 
9 11 8 5 33 1 
1 30 4 23 4 4 1 
1 56 6 1 3 
1 56 2 2 2 3 1 
25 23 3 5 2 1 2 6 
1 44 9 7 6 
4 22 30 6 5 
3 50 11 2 1 
5 33 24 4 1 
1 28 37 1 
4 50 3 3 5 1 1 
1 64 1 1 
3 13 20 9 17 5 
2 53 12 
64 3 
2 3 55 1 4 2 
1 4 53 8 1 
6 15 15 28 1 2 
3 18 27 6 10 3 
8 24 25 3 2 5 
1 51 13 2 
20 46 1 
48 4 8 5 2 
4 42 20 1 
9 47 1 3 3 1 3 
67 
1 55 7 2 1 1 
1 25 22 16 1 2 
2 35 2 9 4 14 1 
7 3 7 8 25 1 9 1 4 1 1 
7 38 19 3 
1 29 36 1 
2 4 26 26 9 
12 21 32 2 
36 28 1 1 1 
1 9 8 41 1 2 4 1 
15 5 36 4 7 
1 21 38 1 5 1 
23 25 2 14 3 
3 50 9 1 2 1 1 
1 36 24 6 
1 6 25 5 14 1 6 7 2 
1 9 4 37 3 3 5 1 1 2 1 
1 48 13 1 1 3 
2 65 
1 52 6 7 1 
3 13 47 2 2 
1 21 30 9 6 
1 23 36 2 4 1 
1 13 8 23 4 9 5 3 1 
56 7 2 2 
1 34 32 
12 55 
2 59 2 1 3 
1 38 6 7 6 2 6 1 
2 54 2 2 4 2 1 
2 34 2 3 23 1 2 
17 40 4 6 
5 49 13 
1 32 7 2 16 6 1 1 1 
1 16 50 
1 59 7 
5 37 25 
66 1 
14 27 21 3 2 
1 54 6 3 2 1 
7 17 42 1 
1 46 10 1 7 1 1 
60 3 2 2 
12 27 2 17 9 
15 50 1 1 
1 50 16 
3 30 29 5 
5 28 13 18 2 1 
1 29 34 1 1 1 
15 41 8 3 
24 18 2 8 2 7 3 3 
1 60 1 1 2 1 1 
9 15 10 30 3 
2 31 26 4 2 1 1 
2 58 4 2 1 
66 1 
35 16 16 
1 49 17 
30 13 16 4 4 
1 11 54 1 
3 40 8 1 10 1 4 
4 2 5 42 2 9 3 
55 9 2 1 
7 59 1 
46 19 2 
1 35 31 
2 50 14 1 
9 7 30 13 7 1 
1 66 
10 57 
61 5 1 
61 3 1 1 1 
16 9 28 11 1 1 1 
1 27 20 10 1 7 1 
22 1 15 12 2 15 
1 25 41 
2 31 24 3 2 2 1 2 
64 1 1 1 
1 31 34 1 
7 18 25 14 1 2 
1 13 15 2 31 3 1 1 
2 23 28 7 7 
1 28 6 2 15 13 2 
1 56 6 3 1 
1 55 11 
1 37 28 1 
4 16 13 5 21 1 2 4 1 
3 34 6 6 4 7 3 3 1 
18 47 1 1 
5 26 28 6 2 
1 28 8 28 2 
16 9 8 23 5 2 2 2 
7 11 11 19 16 2 1 
2 38 4 23 
1 52 10 4 
1 66 
1 20 12 5 6 18 1 3 1 
1 61 3 2 
1 62 1 3 
1 58 2 4 1 1 
5 44 18 
57 4 5 1 
32 35 
22 8 10 19 1 1 3 3 
1 6 26 22 4 3 2 3 
35 3 16 8 4 1 
66 1 
1 50 2 1 13 
5 59 3 
67 
2 5 27 6 9 17 1 
1 53 4 1 1 3 1 2 1 
2 60 4 1 
1 43 18 4 1 
7 6 21 20 13 
2 40 7 8 3 6 1 
1 32 6 2 1 19 3 2 1 
2 40 25 
4 45 9 2 4 1 2 
3 8 28 13 5 6 4 
2 63 2 
7 25 14 17 4 
1 28 4 10 20 2 2 
4 10 8 2 9 6 26 1 1 
9 24 18 14 2 
2 39 12 11 1 2 
67 
64 3 
67 
1 44 11 8 1 2 
5 12 23 8 5 13 1 
2 8 2 37 8 4 4 1 1 
3 11 16 16 7 12 2 
3 1 53 3 6 1 
5 46 8 1 2 2 2 1 
63 1 3 
1 9 44 5 3 2 2 1 
5 15 8 4 7 19 7 2 
1 56 3 6 1 
2 24 18 22 1 
1 56 10 
1 55 4 1 4 2 
2 54 3 2 3 1 2 
43 22 2 
1 59 7 
1 14 42 4 1 3 1 1 
39 5 4 7 4 5 2 1 
10 40 4 8 5 
1 8 7 2 14 23 8 3 1 
46 14 4 3 
1 65 1 
1 6 56 1 3 
2 31 28 6 
14 10 43 
10 43 1 7 6 
1 44 5 6 10 1 
58 9 
2 29 11 17 6 2 
16 35 10 3 2 1 
1 14 18 24 4 5 1 
1 61 3 2 
3 51 13 
1 29 18 14 4 1 
57 4 1 3 1 1 
12 18 13 19 2 3 
20 18 9 3 4 5 8 
35 10 9 13 
1 42 2 7 4 6 5 
3 43 3 3 6 6 2 1 
11 34 22 
1 32 16 6 1 6 3 1 1 
47 15 2 1 2 
1 5 44 5 5 5 1 1 
1 25 38 2 1 
33 22 3 4 1 3 1 
1 50 8 1 2 4 1 
1 54 2 3 2 5 
5 3 7 6 36 3 3 3 1 
12 14 11 14 15 1 
2 19 7 30 3 5 1 
