1 59 8 
25 40 2 1 
1 13 54 
1 45 17 3 2 
4 34 30 
5 42 21 
15 32 11 7 2 1 
20 41 7 
1 17 50 
1 33 19 13 2 
2 53 10 1 1 1 
1 40 22 2 2 1 
14 31 13 10 
33 21 2 9 2 1 
1 55 11 1 
10 53 3 1 1 
1 21 21 2 12 8 1 1 1 
21 4 11 19 1 8 2 2 
2 40 24 2 
68 
1 44 16 5 2 
41 22 3 1 1 
1 45 2 8 1 9 2 
2 6 41 13 1 2 1 2 
13 16 8 12 14 1 2 2 
1 38 14 12 3 
34 32 1 1 
45 17 4 1 1 
17 2 32 7 8 1 1 
1 49 6 9 3 
8 1 37 18 1 2 1 
3 43 21 1 
4 34 30 
1 38 21 5 3 
16 26 4 22 
1 28 7 32 
1 24 33 5 2 1 2 
3 20 12 7 4 3 19 
2 29 37 
3 2 10 45 8 
1 38 22 5 2 
1 13 54 
1 2 37 21 1 5 1 
2 34 20 7 4 1 
7 59 1 1 
1 24 19 17 5 1 1 
2 48 11 1 1 5 
1 21 3 25 7 1 8 1 1 
2 18 48 
1 17 50 
4 28 4 8 4 2 11 6 1 
2 20 14 12 2 1 2 12 3 
2 27 4 17 14 4 
2 64 2 
2 35 21 8 2 
1 24 8 17 9 9 
2 24 1 12 24 1 3 1 
64 2 1 1 
4 27 26 2 8 1 
5 2 55 4 2 
1 31 36 
1 58 9 
1 55 12 
3 23 9 17 14 1 1 
1 4 62 1 
1 47 10 3 2 3 1 1 
66 2 
4 50 14 
7 27 22 7 1 1 1 1 1 
57 11 
1 41 26 
1 45 21 1 
10 9 27 21 1 
2 15 51 
2 1 34 29 1 1 
2 36 21 2 1 4 1 1 
9 52 1 4 2 
1 54 1 2 5 2 2 1 
4 56 5 2 1 
24 30 11 3 
4 11 36 16 1 
8 1 4 45 3 5 2 
36 7 13 7 1 1 3 
1 8 57 2 
1 61 1 1 2 1 1 
31 4 9 19 3 2 
1 26 9 8 21 3 
1 42 1 15 3 2 4 
66 2 
1 66 1 
1 37 28 2 
1 66 1 
2 35 22 2 1 3 1 2 
2 1 65 
47 8 7 5 1 
2 24 7 7 28 
1 27 9 1 18 12 
3 46 7 9 3 
1 57 2 2 1 3 1 1 
7 47 2 7 4 1 
3 27 34 2 2 
1 51 7 3 2 3 1 
32 22 4 9 1 
2 2 28 7 14 7 5 1 1 1 
3 36 24 4 1 
1 16 49 2 
67 1 
2 57 8 1 
2 54 9 2 1 
9 25 34 
1 47 19 1 
1 44 2 13 8 
13 42 10 1 1 1 
2 46 6 10 4 
1 58 8 1 
1 21 28 5 11 1 1 
9 19 16 11 12 1 
11 50 2 1 1 1 1 1 
1 51 15 1 
2 7 43 12 3 1 
5 2 4 17 24 11 2 3 
5 32 29 1 1 
46 1 16 2 1 1 1 
1 54 6 5 2 
3 19 13 20 7 5 1 
44 15 8 1 
6 28 16 15 3 
6 16 1 45 
1 57 9 1 
1 48 6 9 1 2 1 
4 25 28 9 2 
2 60 2 2 2 
1 35 11 3 7 6 3 2 
3 55 6 1 3 
8 5 50 2 2 1 
68 
1 7 35 9 6 4 4 2 
39 2 11 8 4 4 
9 14 14 30 1 
37 4 1 14 5 7 
2 14 42 8 2 
3 51 9 4 1 
1 56 11 
1 34 2 5 4 1 9 1 1 8 1 1 
1 44 8 7 8 
1 10 48 6 2 1 
1 59 3 4 1 
2 52 7 5 1 1 
1 34 4 9 7 10 1 1 1 
2 18 9 17 22 
2 59 7 
3 58 7 
3 63 2 
1 9 46 9 2 1 
24 33 11 
1 23 11 16 5 9 2 1 
6 59 2 1 
1 23 29 13 1 1 
48 4 10 2 1 3 
7 33 26 2 
1 58 6 1 2 
6 7 54 1 
4 33 25 3 1 1 1 
8 58 2 
10 39 8 3 8 
2 38 13 7 8 
37 14 7 3 5 2 
1 3 11 29 2 6 1 12 1 1 1 
11 42 4 1 7 2 1 
2 45 6 15 
1 65 1 1 
34 19 15 
4 7 11 8 4 20 5 6 2 1 
1 30 12 7 18 
26 15 1 3 16 7 
2 65 1 
3 45 6 1 6 4 2 1 
1 5 52 1 2 3 1 2 1 
1 54 12 1 
2 22 12 26 4 1 1 
1 10 50 1 4 2 
2 56 9 1 
1 11 56 
7 52 4 2 1 1 1 
3 26 37 1 1 
1 64 2 1 
4 16 14 27 2 1 1 3 
4 23 15 13 4 8 1 
2 39 18 3 2 4 
3 44 3 10 6 1 1 
65 2 1 
2 50 16 
1 31 31 4 1 
68 
2 48 6 9 1 1 1 
1 41 18 1 5 2 
17 7 24 3 16 1 
26 29 6 7 
11 43 2 7 5 
12 19 12 3 20 2 
1 17 33 16 1 
2 63 2 1 
53 7 1 2 3 1 1 
5 1 56 4 1 1 
2 66 
1 67 
1 4 19 1 1 18 10 2 12 
50 11 4 2 1 
2 35 6 8 5 8 2 1 1 
1 37 30 
1 62 1 1 2 1 
1 25 3 31 2 3 1 1 1 
1 26 3 9 29 
9 52 7 
1 13 26 26 1 1 
1 48 11 3 1 2 2 
3 55 10 
8 30 4 14 5 2 5 
35 15 18 
5 28 13 3 2 14 2 1 
16 49 2 1 
4 50 8 6 
3 45 18 1 1 
1 17 18 29 1 1 1 
6 39 12 3 4 1 1 1 1 
16 12 7 16 14 3 
1 58 8 1 
37 1 26 2 2 
20 20 13 3 10 2 
44 20 3 1 
3 51 14 
7 1 30 18 12 
19 3 15 19 6 5 1 
1 15 2 16 23 3 3 4 1 
21 46 1 
7 32 26 2 1 
8 50 9 1 
4 35 13 7 1 3 5 
8 23 12 21 1 2 1 
58 3 1 1 4 1 
1 41 21 1 3 1 
1 65 2 
3 65 
56 3 9 
38 29 1 
2 27 23 3 5 7 1 
6 18 17 2 10 2 4 2 3 3 1 
27 30 11 
1 56 11 
1 57 8 1 1 
1 54 1 11 1 
4 6 36 7 3 2 1 3 4 2 
1 57 4 6 
1 8 59 
19 18 9 7 7 7 1 
1 66 1 
1 49 4 13 1 
5 29 3 28 3 
1 12 12 39 1 3 
15 22 28 1 1 1 
1 54 8 4 1 
1 21 34 5 1 5 1 
1 27 15 5 19 1 
1 58 8 1 
2 63 1 2 
1 42 22 2 1 
8 16 30 9 3 2 
7 36 20 5 
3 3 51 11 
1 67 
1 53 3 5 6 
3 25 29 11 
24 19 22 3 
16 7 28 5 11 1 
24 30 14 
1 50 2 8 2 1 2 1 1 
41 3 21 2 1 
68 
11 7 45 3 2 
2 56 3 3 3 1 
3 26 7 9 17 1 3 1 1 
1 58 2 2 3 1 1 
16 7 41 4 
2 4 30 2 4 11 13 2 
56 8 1 3 
4 6 18 22 4 7 6 1 
37 31 
44 7 5 6 4 2 
4 14 45 1 4 
1 4 41 20 1 1 
5 45 16 2 
3 42 19 3 1 
8 51 9 
3 35 5 3 1 15 3 3 
5 56 4 2 1 
1 26 5 4 32 
1 7 3 55 1 1 
2 6 34 1 11 5 1 7 1 
6 20 32 5 5 
1 59 1 7 
7 7 29 9 1 1 4 2 5 1 1 1 
1 28 26 5 6 1 1 
1 25 3 8 8 10 1 4 7 1 
1 15 11 36 1 4 
1 31 35 1 
1 22 30 7 8 
8 42 13 5 
1 37 30 
1 67 
8 58 1 1 
9 2 10 8 30 2 1 3 2 1 
22 21 12 10 3 
11 49 2 5 1 
53 10 4 1 
1 16 7 31 7 4 1 1 
1 43 14 4 4 2 
3 16 33 11 2 1 1 1 
21 47 
1 50 8 6 1 2 
28 28 2 10 
5 59 1 2 1 
5 38 1 6 1 17 
1 17 49 1 
1 31 14 20 2 
17 35 4 9 3 
1 60 7 
37 7 19 5 
27 39 1 1 
9 43 11 4 1 
2 30 5 5 23 2 1 
1 43 13 11 
4 41 23 
8 5 4 26 14 1 9 1 
4 42 12 6 1 3 
1 7 45 14 1 
1 12 30 22 3 
4 22 14 16 1 8 2 1 
1 58 7 2 
2 61 1 3 1 
1 17 21 3 16 8 2 
1 50 6 9 2 
1 38 4 19 5 1 
3 41 24 
22 26 15 3 1 1 
1 42 25 
2 17 29 8 11 1 
2 59 7 
15 15 5 31 2 
67 1 
68 
1 7 42 1 13 4 
1 53 3 6 2 3 
1 37 30 
1 64 1 2 
1 7 59 1 
1 52 8 3 2 1 1 
2 27 32 6 1 
3 36 4 11 14 
42 18 3 3 2 
1 31 17 13 2 3 1 
1 43 4 2 18 
1 42 2 18 5 
7 56 5 
8 3 10 33 1 4 1 2 2 3 1 
1 50 9 2 5 1 
63 4 1 
9 30 22 7 
13 10 45 
11 21 5 7 5 3 13 2 1 
1 42 6 10 1 7 1 
6 12 6 18 16 2 2 3 2 1 
1 23 14 18 11 1 
1 18 49 
1 31 16 14 6 
1 53 12 2 
31 26 3 2 1 2 2 1 
3 45 7 11 2 
2 30 15 8 5 2 3 1 2 
1 19 33 14 1 
2 25 3 9 27 2 
1 2 8 26 27 1 3 
1 9 25 17 16 
2 10 25 3 28 
2 37 7 7 2 5 6 1 1 
7 20 21 8 1 9 1 1 
2 33 33 
56 4 1 3 3 1 
1 22 6 24 8 4 3 
2 26 38 1 1 
1 30 15 4 9 5 4 
68 
1 44 23 
51 16 1 
4 18 19 9 17 1 
1 54 10 3 
5 24 8 30 1 
2 43 1 17 2 2 1 
2 1 13 13 6 3 25 2 2 1 
5 18 18 18 4 3 1 1 
1 14 28 18 3 3 1 
2 40 5 10 2 8 1 
1 34 12 13 7 1 
2 1 22 42 1 
1 50 11 5 1 
1 41 11 12 3 
1 50 2 5 7 2 1 
1 48 1 18 
24 4 2 32 4 2 
2 43 21 1 1 
1 66 1 
2 47 1 8 10 
66 1 1 
4 23 35 5 1 
2 47 19 
3 41 15 5 4 
12 6 12 28 2 4 3 1 
30 26 4 7 1 
1 56 9 2 
23 12 14 1 6 10 1 1 
5 61 2 
68 
22 43 3 
2 4 25 10 18 1 1 3 1 2 1 
1 3 2 36 22 3 1 
2 22 23 15 6 
3 13 1 48 2 1 
3 60 2 1 2 
3 9 44 2 7 2 1 
12 28 16 8 1 3 
1 42 25 
2 29 36 1 
6 7 22 13 4 16 
7 16 13 10 5 14 2 1 
60 7 1 
1 55 12 
8 57 1 1 1 
5 60 3 
4 37 22 3 2 
1 54 6 7 
1 47 6 6 8 
6 16 35 4 5 2 
12 40 16 
25 29 14 
68 
6 7 55 
66 2 
4 61 3 
5 62 1 
1 3 56 3 1 4 
3 31 7 26 1 
1 34 1 1 20 2 2 2 1 4 
51 17 
3 62 3 
1 32 35 
1 64 3 
6 14 13 9 1 4 2 7 1 7 4 
2 24 42 
1 65 2 
65 2 1 
2 51 13 2 
1 63 2 2 
2 64 1 1 
1 65 1 1 
1 61 3 3 
16 43 7 2 
3 10 31 3 10 5 3 2 1 
14 5 40 9 
3 17 7 11 24 2 3 1 
1 25 3 13 11 2 9 4 
17 38 5 8 
10 2 25 10 17 4 
3 63 1 1 
1 31 29 5 2 
1 7 47 11 2 
10 11 46 1 
12 9 23 14 7 1 1 1 
5 34 15 11 3 
1 54 1 1 5 2 4 
1 54 1 8 4 
1 54 10 1 2 
4 52 12 
1 2 32 8 25 
1 8 12 12 27 1 1 3 2 1 
1 67 
3 52 7 6 
1 56 4 3 1 3 
1 10 3 5 35 13 1 
2 3 9 31 11 3 2 6 1 
19 2 21 23 3 
4 34 2 24 4 
2 20 11 15 17 2 1 
1 32 1 10 15 3 1 1 3 1 
2 20 5 40 1 
22 1 19 14 4 4 1 1 1 1 
3 40 14 10 1 
3 62 3 
41 11 7 8 1 
1 52 15 
1 40 4 20 3 
6 5 56 1 
2 27 27 9 2 1 
2 27 33 5 1 
2 37 9 1 12 5 1 1 
1 60 5 2 
2 28 13 24 1 
1 5 4 20 3 20 9 4 2 
27 40 1 
1 33 20 13 1 
1 41 12 10 3 1 
12 46 3 2 1 4 
2 38 19 9 
10 44 2 2 4 1 4 1 
17 3 13 3 15 14 1 1 1 
1 66 1 
1 32 35 
1 1 35 17 3 5 3 3 
2 44 6 7 4 2 2 1 
1 58 9 
25 28 15 
1 14 33 15 5 
18 12 9 2 20 7 
7 3 26 20 6 2 1 3 
1 46 16 4 1 
1 20 30 13 4 
13 11 44 
10 8 41 3 2 1 2 1 
2 17 8 15 24 1 1 
1 34 33 
8 11 33 9 3 4 
1 2 39 16 8 2 
6 29 27 6 
10 4 29 1 20 1 2 1 
2 64 2 
68 
28 28 11 1 
1 61 3 2 1 
2 15 26 20 3 2 
4 31 28 4 1 
22 24 21 1 
3 5 4 30 26 
6 20 12 19 3 6 1 1 
1 50 6 1 9 1 
2 30 20 5 1 5 4 1 
1 34 7 5 10 11 
6 45 6 5 1 4 1 
1 61 1 1 4 
1 32 7 18 7 2 1 
1 42 3 22 
1 52 10 2 2 1 
7 21 13 3 15 1 7 1 
44 23 1 
1 35 28 4 
30 15 21 1 1 
4 55 5 3 1 
63 3 2 
4 40 24 
2 14 29 4 5 6 1 1 2 3 1 
45 17 1 4 1 
2 46 17 1 1 1 
1 24 9 14 3 17 
8 51 8 1 
28 14 15 11 
35 32 1 
3 29 30 4 1 1 
5 55 5 3 
4 30 12 13 3 4 1 1 
3 57 5 2 1 
29 36 2 1 
2 61 5 
1 26 35 2 3 1 
5 40 22 1 
1 49 18 
3 42 7 3 4 4 1 1 2 1 
1 43 18 4 1 1 
51 6 11 
2 40 6 8 5 6 1 
3 19 22 23 1 
12 13 22 16 4 1 
7 7 19 15 5 9 5 1 
68 
1 51 4 3 5 3 1 
2 7 4 53 1 1 
1 58 6 1 1 1 
1 61 6 
2 8 3 8 27 13 4 3 
9 31 18 2 5 2 1 
14 49 1 3 1 
2 7 49 4 6 
1 28 25 6 5 1 2 
67 1 
1 43 14 5 2 3 
1 38 1 5 16 1 3 2 1 
7 5 16 36 4 
1 63 1 1 1 1 
1 38 2 17 4 4 1 1 
4 61 3 
1 60 1 3 1 1 1 
1 67 
16 50 2 
1 31 3 19 10 1 2 1 
20 43 5 
3 33 12 14 1 4 1 
2 16 7 38 5 
3 16 23 15 6 2 2 1 
3 24 15 26 
50 9 7 2 
7 42 11 1 5 1 1 
2 38 13 7 3 1 1 1 1 1 
11 42 3 11 1 
5 35 28 
1 12 50 2 1 2 
1 53 8 6 
2 46 17 1 2 
1 55 4 2 2 3 1 
1 34 30 3 
7 54 4 1 1 1 
5 40 11 5 7 
2 13 13 37 1 1 1 
2 64 2 
3 33 28 3 1 
1 31 8 1 15 6 4 1 1 
1 26 22 19 
1 47 3 2 4 1 1 4 2 3 
1 42 25 
2 59 4 2 1 
2 4 27 1 15 9 8 1 1 
7 22 7 7 6 9 10 
46 14 2 4 1 1 
4 54 6 4 
12 10 9 7 11 11 2 2 4 
4 39 8 2 8 3 1 1 1 1 
2 56 10 
29 24 5 10 
24 32 10 1 1 
3 64 1 
68 
1 24 2 30 7 1 3 
3 22 15 7 10 6 3 1 1 
19 20 18 7 4 
1 10 33 4 7 5 7 1 
1 9 50 5 3 
67 1 
3 3 33 23 6 
1 66 1 
21 32 13 2 
3 8 53 4 
2 44 15 4 2 1 
64 4 
1 23 7 15 8 8 1 4 1 
3 1 22 9 33 
26 10 7 4 4 16 1 
27 21 17 1 1 1 
1 14 24 9 13 6 1 
43 24 1 
38 13 1 5 7 2 1 1 
4 56 8 
14 33 20 1 
45 13 10 
1 48 8 4 4 2 1 
1 35 28 3 1 
5 24 16 2 11 9 1 
1 36 3 24 2 1 1 
31 16 3 3 3 1 4 2 2 3 
3 44 11 9 1 
4 31 7 9 7 2 5 2 1 
1 52 4 5 2 2 1 1 
3 36 28 1 
4 51 9 4 
1 46 21 
4 19 13 2 2 3 1 17 3 3 1 
2 61 5 
1 55 12 
13 37 1 3 4 10 
2 10 33 15 8 
2 8 19 21 3 9 3 1 2 
2 59 2 3 2 
53 8 3 1 1 2 
1 56 11 
1 52 12 3 
5 26 10 23 2 1 1 
3 28 17 7 12 1 
29 5 1 2 11 7 2 7 3 1 
3 50 15 
1 27 3 2 3 3 25 3 1 
2 57 3 1 4 1 
16 23 1 16 11 1 
23 34 11 
2 66 
10 14 4 18 21 1 
1 30 31 5 1 
8 56 4 
2 66 
1 47 4 2 13 1 
16 17 22 8 1 3 1 
12 25 25 3 3 
54 13 1 
1 20 23 5 6 13 
3 53 10 1 1 
48 7 5 6 2 
30 5 24 1 2 4 2 
37 21 8 1 1 
6 4 50 4 1 2 1 
1 63 4 
3 62 2 1 
1 44 1 14 8 
1 42 9 4 10 1 1 
1 22 18 4 18 3 1 1 
2 40 24 2 
1 66 1 
36 30 1 1 
1 54 13 
3 49 9 3 3 1 
1 28 29 5 5 
1 23 37 3 1 3 
1 57 6 4 
1 49 16 2 
1 41 5 14 1 6 
4 39 3 5 8 3 4 2 
1 62 3 1 1 
1 56 7 1 2 1 
24 35 4 4 1 
6 54 4 4 
3 16 13 14 22 
6 20 23 11 2 2 4 
1 10 2 6 28 3 8 5 2 1 1 1 
3 32 28 3 1 1 
1 56 11 
2 25 12 8 5 2 4 3 1 1 1 2 1 1 
22 28 11 4 2 1 
1 14 31 15 2 4 1 
6 21 27 4 1 2 1 1 2 3 
5 43 19 1 
1 8 39 14 2 2 2 
53 14 1 
5 49 7 5 2 
1 22 8 3 14 5 1 3 3 8 
1 55 5 2 2 2 1 
2 18 23 12 12 1 
1 44 10 1 5 5 1 1 
3 59 6 
10 41 14 2 1 
58 4 3 1 2 
3 16 49 
2 60 2 2 1 1 
2 14 24 16 2 8 1 1 
1 60 6 1 
2 5 8 37 15 1 
8 35 23 2 
1 63 1 2 1 
6 10 19 24 6 2 1 
3 19 5 11 18 3 2 1 5 1 
46 2 13 5 1 1 
3 20 11 1 24 3 1 4 1 
18 23 26 1 
5 48 15 
7 15 15 30 1 
2 24 24 9 5 1 2 1 
2 43 4 14 3 1 1 
1 21 5 31 1 1 7 1 
1 9 35 12 8 2 1 
3 9 29 4 6 11 4 1 1 
13 44 3 1 3 2 1 1 
1 57 6 3 1 
1 41 14 12 
1 12 36 10 4 1 2 2 
1 45 4 6 4 1 4 2 1 
1 27 28 1 11 
12 20 13 1 15 3 2 2 
54 2 8 4 
2 48 2 3 6 7 
1 40 27 
2 64 2 
2 11 2 29 18 2 2 1 1 
2 55 3 7 1 
3 6 2 26 16 5 2 5 3 
1 34 2 19 9 1 1 1 
1 48 15 3 1 
1 40 4 12 10 1 
1 59 1 3 4 
8 20 3 29 1 6 1 
5 9 17 15 9 10 1 1 1 
4 3 15 40 2 1 1 2 
1 36 15 13 3 
2 41 13 1 3 7 1 
1 55 8 1 2 1 
3 28 33 4 
6 3 47 2 5 5 
7 58 3 
14 35 5 6 4 2 2 
1 64 1 2 
1 55 11 1 
5 21 31 11 
1 11 17 10 17 5 5 1 1 
3 7 36 15 7 
2 46 15 2 2 1 
5 29 15 18 1 
1 46 17 3 1 
31 5 25 4 1 2 
1 15 16 6 15 1 2 6 3 3 
8 47 5 4 3 1 
21 40 1 2 4 
5 50 12 1 
4 33 11 1 6 2 8 3 
10 53 2 2 1 
38 25 4 1 
3 24 6 20 14 1 
1 61 6 
1 24 4 37 2 
2 12 52 1 1 
1 40 12 12 2 1 
68 
15 3 18 21 1 2 3 4 1 
1 63 3 1 
1 36 11 6 5 5 1 3 
2 11 35 4 3 9 3 1 
1 42 25 
1 64 2 1 
1 54 9 4 
61 6 1 
2 7 9 24 10 6 8 1 1 
1 22 26 10 8 1 
4 48 16 
3 25 10 6 7 2 2 9 4 
1 52 1 8 4 1 1 
1 30 25 7 2 2 1 
1 63 1 2 1 
1 59 1 7 
60 8 
1 7 37 16 7 
1 22 13 20 11 1 
2 22 23 14 4 3 
1 21 38 3 5 
18 2 18 18 12 
1 65 2 
9 44 15 
1 28 38 1 
3 56 1 2 4 1 1 
44 10 13 1 
68 
1 2 44 1 12 2 4 1 1 
2 43 15 3 2 2 1 
1 24 22 14 1 6 
3 36 25 2 1 1 
7 26 17 13 4 1 
2 51 15 
12 37 18 1 
14 27 4 21 2 
5 62 1 
1 25 22 1 2 8 3 4 2 
4 60 4 
1 21 9 7 8 18 1 3 
33 27 5 1 1 1 
9 50 7 1 1 
1 51 16 
1 37 16 4 10 
7 57 4 
1 45 8 3 11 
1 27 8 13 6 9 2 1 1 
58 5 1 3 1 
3 45 5 11 3 1 
33 15 20 
1 46 21 
18 47 3 
1 18 21 4 3 12 4 3 2 
1 43 24 
29 10 1 16 1 8 3 
43 20 5 
1 8 18 25 10 3 1 1 1 
30 8 25 4 1 
36 27 5 
29 18 21 
2 9 38 11 8 
1 4 21 16 7 7 12 
1 11 23 15 5 2 10 1 
1 39 20 2 6 
4 5 46 13 
2 52 7 1 4 1 1 
2 42 8 10 1 1 4 
9 11 47 1 
2 36 9 7 14 
12 31 23 1 1 
4 10 43 11 
4 32 24 6 1 1 
2 62 4 
3 41 24 
25 23 17 1 2 
7 51 8 1 1 
1 2 65 
16 17 13 11 3 4 3 1 
68 
1 6 9 1 3 48 
43 10 15 
1 5 59 3 
2 59 2 1 4 
1 27 36 2 2 
5 61 1 1 
1 16 49 2 
7 43 11 4 2 1 
66 1 1 
4 46 8 5 5 
4 43 18 3 
1 42 16 5 3 1 
24 5 1 18 12 2 4 2 
1 40 19 2 4 2 
1 33 8 15 11 
2 27 10 16 2 10 1 
5 46 16 1 
1 14 50 1 2 
59 3 1 1 3 1 
49 18 1 
2 20 43 1 2 
54 14 
13 39 14 1 1 
1 32 11 23 1 
2 46 17 3 
1 13 43 10 1 
16 50 2 
1 58 7 2 
3 51 5 1 8 
7 16 38 1 6 
1 63 4 
6 53 2 2 4 1 
25 31 11 1 
10 3 4 49 2 
66 2 
2 2 62 2 
1 23 16 9 13 2 4 
2 56 7 3 
2 4 59 1 1 1 
31 33 4 
10 26 16 11 5 
42 10 10 4 2 
1 49 17 1 
2 66 
2 36 30 
6 2 19 30 11 
1 62 1 3 1 
1 58 1 4 2 2 
3 65 
1 22 45 
2 62 4 
12 32 3 2 9 6 1 1 1 1 
18 22 4 5 1 6 4 3 4 1 
1 61 2 3 1 
2 35 14 3 9 1 2 2 
57 2 3 6 
12 33 23 
1 43 9 14 1 
1 17 31 12 6 1 
12 17 4 29 3 2 1 
2 60 6 
32 14 22 
1 37 6 14 10 
5 57 2 3 1 
33 8 18 4 4 1 
1 50 6 6 1 3 1 
1 7 42 18 
1 50 8 2 5 1 1 
3 41 12 2 1 1 6 2 
1 12 53 1 1 
2 62 3 1 
43 25 
2 37 18 7 4 
2 44 20 1 1 
2 36 30 
1 19 31 16 1 
1 34 26 3 2 1 1 
44 24 
1 54 13 
1 52 15 
68 
1 67 
2 44 15 4 1 1 1 
1 67 
1 32 30 5 
3 63 2 
2 29 35 1 1 
1 59 5 1 1 1 
8 56 1 2 1 
2 50 1 11 4 
1 35 15 16 1 
68 
7 4 35 3 13 3 3 
19 18 25 5 1 
4 8 20 33 1 2 
1 15 19 10 8 3 4 3 2 2 1 
22 3 8 19 8 2 3 3 
1 33 21 10 2 1 
1 44 5 2 4 7 2 2 1 
1 31 2 22 2 4 5 1 
2 5 6 38 4 13 
8 23 32 4 1 
1 41 2 23 1 
12 21 20 1 10 3 1 
1 24 16 19 8 
1 17 24 26 
3 10 21 15 3 8 6 2 
1 51 3 4 2 4 3 
1 61 3 1 1 1 
6 20 40 1 1 
28 26 1 4 7 1 1 
1 51 14 1 1 
2 66 
65 1 2 
1 15 30 9 6 1 5 1 
13 27 20 8 
1 47 10 10 
1 3 43 2 10 3 6 
15 51 1 1 
5 10 46 3 4 
3 27 22 1 5 3 6 1 
3 1 57 2 5 
1 6 20 18 3 3 7 9 1 
1 49 16 2 
1 28 12 8 4 7 8 
6 43 4 14 1 
2 57 8 1 
45 21 1 1 
1 44 20 3 
2 40 26 
2 8 12 16 10 3 5 10 2 
1 51 9 2 2 3 
23 40 5 
46 12 3 3 1 2 1 
55 5 7 1 
1 46 12 9 
1 25 24 1 4 4 8 1 
1 30 10 1 24 1 1 
6 55 1 2 2 2 
5 9 19 10 23 1 1 
1 3 17 30 10 4 1 1 1 
1 61 2 1 3 
12 21 26 9 
4 7 45 4 6 1 1 
1 63 4 
2 15 35 9 5 1 1 
4 26 3 14 16 1 4 
7 57 4 
1 42 25 
25 26 10 1 1 2 3 
1 54 13 
2 42 3 13 8 
7 7 51 3 
2 19 44 3 
3 5 28 7 20 4 1 
1 60 3 4 
2 59 5 1 1 
20 17 26 2 3 
1 11 41 3 1 4 4 2 1 
5 27 25 7 4 
3 30 7 14 1 5 1 5 2 
25 36 7 
4 45 3 5 7 3 1 
2 26 3 5 1 10 17 4 
14 30 2 7 9 5 1 
1 30 25 4 4 1 1 1 1 
6 40 7 5 9 1 
20 13 25 2 8 
1 57 2 7 1 
1 63 4 
1 41 10 15 1 
1 20 28 8 8 2 1 
61 6 1 
2 63 3 
3 3 15 9 13 1 9 8 4 1 2 
1 12 12 22 4 3 4 4 5 1 
6 34 1 11 15 1 
1 54 9 3 1 
3 19 9 18 18 1 
1 61 2 3 1 
2 39 18 8 1 
2 23 42 1 
1 24 31 6 6 
2 34 29 1 2 
9 13 34 2 8 1 1 
4 10 45 5 2 1 1 
21 37 5 1 4 
13 18 20 12 5 
34 1 19 6 1 3 2 2 
2 37 15 12 2 
2 11 12 6 7 21 9 
1 11 4 5 39 6 1 1 
52 1 4 8 2 1 
1 30 7 4 9 14 1 2 
1 64 1 1 1 
3 29 24 2 10 
68 
8 54 6 
2 53 4 1 8 
2 30 7 21 7 1 
68 
1 63 3 1 
7 56 2 1 2 
11 20 29 3 5 
1 14 46 5 2 
11 53 3 1 
3 1 28 35 1 
13 44 5 3 3 
1 31 4 29 3 
1 8 37 3 7 12 
1 11 6 26 15 3 5 1 
1 18 21 3 22 3 
1 42 25 
52 16 
1 31 10 23 3 
4 21 27 5 2 4 1 1 1 1 1 
1 50 5 6 6 
2 34 25 7 
1 41 2 20 4 
5 44 2 8 8 1 
11 48 3 6 
26 33 1 7 1 
25 1 39 2 1 
1 60 7 
3 59 6 
3 40 24 1 
1 24 13 3 13 6 7 1 
1 60 3 4 
67 1 
1 37 15 2 6 2 1 4 
1 18 11 1 2 7 3 18 2 1 1 1 2 
1 14 24 17 2 5 2 2 1 
3 38 3 1 10 2 4 4 3 
2 21 16 23 6 
2 62 1 3 
2 30 34 2 
3 43 8 4 2 5 1 2 
10 2 16 39 1 
16 14 21 9 8 
1 45 13 9 
1 8 59 
2 11 55 
27 7 12 6 6 3 4 1 2 
6 50 9 1 2 
1 31 19 1 8 8 
1 19 45 1 2 
1 38 5 6 6 8 1 3 
1 2 38 7 8 5 5 1 1 
1 47 10 7 3 
1 55 12 
3 12 21 5 27 
1 65 1 1 
14 48 2 1 2 1 
68 
2 32 25 1 3 5 
7 13 1 40 2 1 4 
10 36 4 14 1 3 
67 1 
1 63 4 
20 11 35 2 
1 56 2 3 3 3 
32 36 
1 41 3 6 17 
1 28 5 28 6 
1 51 16 
7 4 20 1 13 4 11 6 1 1 
5 32 15 10 6 
25 1 8 1 27 3 3 
6 51 7 2 1 1 
1 14 44 6 2 1 
43 17 1 3 2 1 1 
3 47 1 12 1 2 2 
45 21 2 
18 23 24 3 
4 43 21 
5 60 3 
1 10 26 3 23 2 1 1 1 
38 3 3 9 5 5 4 1 
1 35 15 15 1 1 
1 33 7 9 1 2 4 3 5 3 
55 11 1 1 
1 23 21 14 3 1 1 1 2 1 
1 22 44 1 
1 13 39 3 9 1 2 
1 36 29 1 1 
2 30 11 25 
17 46 2 1 2 
8 33 3 13 7 4 
68 
1 21 8 28 2 7 1 
21 19 10 12 3 3 
4 2 9 22 24 5 2 
15 6 14 8 6 6 5 5 3 
23 17 28 
1 65 1 1 
3 59 6 
2 55 5 1 3 1 1 
46 10 12 
1 40 14 10 1 1 1 
20 35 10 3 
9 22 11 13 2 3 1 5 1 1 
1 48 17 2 
3 22 40 1 2 
13 30 24 1 
1 14 12 36 1 1 1 2 
2 18 5 14 4 18 2 2 1 2 
1 51 8 8 
1 3 11 25 1 22 1 2 2 
18 22 1 12 1 5 1 3 2 3 
1 43 23 1 
16 10 40 1 1 
3 35 29 1 
4 42 18 2 2 
3 2 10 24 21 1 6 1 
3 18 23 18 4 2 
5 3 49 8 2 1 
2 16 12 22 3 1 4 8 
1 31 12 1 18 5 
1 60 7 
5 61 1 1 
3 54 4 2 4 1 
2 29 14 16 2 3 1 1 
1 44 23 
6 39 23 
4 12 27 19 1 1 1 3 
1 25 42 
3 60 3 1 1 
3 36 26 3 
2 53 12 1 
6 25 13 22 2 
30 6 16 14 1 1 
16 42 1 6 1 1 1 
43 5 16 4 
2 48 10 5 3 
1 42 24 1 
18 25 25 
2 39 13 13 1 
18 33 5 8 4 
2 47 17 1 1 
1 38 4 25 
48 20 
3 29 34 1 1 
1 4 10 6 41 4 1 1 
1 12 38 9 4 2 1 1 
3 15 31 16 1 2 
1 19 29 16 3 
1 37 3 27 
1 37 25 5 
4 32 2 9 14 3 4 
1 57 2 5 2 1 
4 56 2 5 1 
4 11 18 18 4 5 4 3 1 
1 3 10 48 5 1 
31 23 14 
1 21 34 2 10 
68 
1 14 42 3 3 3 2 
1 20 27 11 8 1 
46 18 4 
19 38 1 5 5 
2 13 19 23 8 3 
2 60 1 1 2 1 1 
1 10 56 1 
4 64 
34 26 8 
5 23 23 3 1 11 2 
3 31 10 18 1 1 4 
1 59 2 6 
9 24 34 1 
5 30 3 30 
2 44 15 2 5 
1 33 10 3 16 4 1 
1 51 2 3 3 7 1 
64 3 1 
3 61 4 
1 42 9 11 2 2 1 
1 37 8 3 10 4 5 
1 14 20 18 4 5 6 
6 49 13 
4 37 25 2 
1 3 64 
4 3 20 29 5 7 
7 58 2 1 
1 5 1 11 5 6 7 8 7 4 6 6 1 
1 33 27 1 3 3 
6 20 13 10 4 9 2 1 1 1 1 
3 54 2 9 
8 16 22 9 3 5 2 3 
1 40 16 5 6 
6 57 1 2 2 
4 54 10 
1 56 9 1 1 
2 39 20 3 3 1 
1 66 1 
1 67 
12 16 23 2 3 5 4 2 1 
8 57 3 
1 66 1 
32 13 6 12 2 3 
2 28 9 4 8 15 1 1 
67 1 
51 9 4 1 1 1 1 
2 56 8 2 
1 57 9 1 
5 16 45 2 
52 8 6 1 1 
3 17 16 22 5 1 3 1 
3 43 21 1 
1 56 3 7 1 
2 20 21 10 9 2 1 3 
2 52 14 
1 59 2 2 3 1 
1 52 6 1 1 2 3 2 
2 5 61 
1 45 9 12 1 
43 20 4 1 
26 4 1 22 15 
1 23 10 10 24 
2 10 10 9 13 21 3 
19 16 12 18 3 
2 18 44 1 1 1 1 
4 33 30 1 
7 15 42 4 
1 27 7 23 10 
1 49 18 
1 5 3 18 7 26 4 1 3 
2 17 14 19 13 2 1 
1 58 4 2 3 
7 34 13 11 1 2 
2 50 3 3 5 3 2 
1 50 2 6 3 5 1 
1 51 14 1 1 
1 33 13 7 11 1 1 1 
1 8 7 27 17 3 2 3 
68 
1 9 16 20 21 1 
1 66 1 
6 51 11 
7 37 15 8 1 
2 16 31 12 2 4 1 
2 41 25 
43 14 10 1 
1 36 11 12 1 1 5 1 
1 57 10 
20 9 30 4 2 3 
8 10 40 10 
2 62 3 1 
7 57 3 1 
1 38 15 11 2 1 
1 43 22 1 1 
4 43 20 1 
1 60 3 3 1 
1 4 61 2 
1 4 32 15 4 4 8 
1 14 31 18 3 1 
1 45 8 2 2 6 4 
37 22 6 2 1 
2 21 14 12 10 1 7 1 
1 35 27 1 3 1 
1 52 7 8 
2 32 34 
7 31 23 5 2 
10 55 3 
19 37 1 9 2 
57 10 1 
1 4 42 14 6 1 
1 7 23 24 7 3 3 
1 11 8 18 1 10 19 
3 13 34 12 6 
1 6 7 40 11 3 
1 3 60 3 1 
2 52 10 1 2 1 
3 45 13 4 3 
18 31 10 2 2 5 
2 47 7 8 4 
1 52 15 
2 47 4 8 1 2 1 3 
8 7 53 
1 58 5 4 
1 40 3 3 15 4 2 
52 6 9 1 
17 45 4 1 1 
68 
1 59 2 1 5 
45 12 10 1 
3 60 3 1 1 
1 37 23 5 1 1 
1 47 11 1 1 5 1 1 
1 58 7 1 1 
1 56 4 1 1 5 
1 47 16 3 1 
4 45 2 5 7 2 2 1 
2 23 5 19 19 
39 10 6 3 2 5 1 1 1 
1 14 21 28 2 2 
54 10 4 
9 45 14 
1 4 48 15 
4 50 8 5 1 
65 3 
7 49 3 9 
1 18 41 6 2 
7 27 33 1 
1 12 17 14 20 1 3 
2 28 5 18 4 9 1 1 
1 57 9 1 
7 36 25 
2 66 
3 37 9 16 3 
2 14 41 10 1 
3 51 12 1 1 
2 29 9 8 2 16 2 
8 47 11 1 1 
2 24 1 27 12 1 1 
1 51 4 8 3 1 
1 37 14 11 2 1 2 
1 59 4 2 2 
68 
12 25 11 15 3 2 
1 16 14 14 6 1 2 12 2 
2 45 21 
1 35 14 14 1 3 
4 26 10 27 1 
22 24 5 10 1 4 2 
8 27 22 4 7 
3 8 53 2 2 
1 8 48 6 1 4 
1 3 20 32 12 
16 2 44 4 2 
28 26 1 8 3 2 
2 1 16 19 21 9 
9 9 35 7 7 1 
3 36 20 1 8 
1 42 14 3 6 1 1 
1 38 8 18 1 1 1 
5 20 32 6 2 3 
1 27 13 14 13 
26 12 27 1 2 
13 45 4 4 2 
3 15 24 16 6 2 2 
2 28 2 30 5 1 
3 49 16 
1 58 9 
55 5 1 4 1 1 1 
4 56 3 5 
1 29 11 22 5 
68 
5 53 10 
1 15 2 18 17 12 1 1 1 
1 2 65 
2 4 25 37 
1 58 9 
1 64 3 
2 24 3 27 7 5 
39 12 3 9 2 3 
1 62 5 
13 13 42 
1 40 5 12 3 2 5 
6 61 1 
56 12 
1 63 4 
3 32 27 5 1 
4 60 1 3 
6 38 24 
1 18 13 11 18 3 4 
1 66 1 
1 36 29 1 1 
21 26 18 1 1 1 
1 7 22 38 
1 4 57 3 2 1 
2 23 26 15 2 
11 45 3 5 2 2 
1 5 49 4 9 
3 31 34 
67 1 
2 13 9 11 17 5 6 5 
5 19 15 18 6 1 1 3 
20 35 13 
2 48 8 7 2 1 
20 8 9 24 1 5 1 
8 38 22 
1 11 2 19 16 2 14 2 1 
6 56 2 2 1 1 
1 61 6 
47 11 8 1 1 
1 34 14 1 14 1 2 1 
1 7 41 13 6 
1 56 11 
2 28 36 2 
1 45 21 1 
13 38 16 1 
1 10 37 15 4 1 
4 15 48 1 
1 3 2 40 16 1 5 
1 41 4 16 6 
1 37 22 1 2 4 1 
1 63 3 1 
38 16 10 3 1 
1 61 2 2 1 1 
1 51 10 1 5 
1 35 2 5 17 6 2 
6 45 6 6 5 
2 7 28 31 
1 51 6 9 1 
1 41 20 2 4 
4 45 11 3 3 2 
2 37 24 1 2 2 
1 24 24 4 10 2 3 
1 23 23 13 7 1 
1 7 39 1 17 1 2 
9 36 23 
2 61 1 3 1 
1 47 10 9 1 
36 7 2 22 1 
4 53 2 5 3 1 
1 1 44 19 3 
1 8 41 6 11 1 
6 48 3 2 9 
1 8 10 28 21 
2 52 7 5 2 
50 18 
2 33 21 5 3 3 1 
1 25 25 17 
51 11 1 4 1 
2 20 39 4 2 1 
30 20 8 7 3 
1 67 
21 14 3 11 19 
5 11 12 39 1 
2 28 38 
4 57 6 1 
2 28 31 1 5 1 
4 49 14 1 
1 19 34 4 7 3 
3 33 6 24 2 
4 3 37 15 4 4 1 
5 10 10 1 12 5 2 9 6 4 2 1 1 
5 17 4 12 12 9 1 4 3 1 
2 60 6 
3 61 4 
62 2 2 2 
8 57 3 
53 14 1 
2 58 6 1 1 
14 21 33 
3 55 8 2 
2 63 2 1 
1 63 3 1 
3 25 20 7 10 1 1 1 
5 31 11 11 9 1 
64 4 
3 65 
3 11 5 26 5 4 12 1 1 
3 32 25 5 2 1 
54 12 2 
2 47 5 10 1 1 2 
19 5 12 1 30 1 
1 18 26 9 1 5 4 1 2 1 
2 23 10 1 20 6 2 1 1 2 
17 1 33 17 
1 28 20 15 4 
6 4 48 2 8 
5 39 19 5 
16 42 5 4 1 
68 
1 59 7 1 
3 44 3 1 7 4 6 
17 32 18 1 
22 32 14 
2 64 1 1 
1 46 9 1 5 5 1 
6 58 2 2 
1 57 6 3 1 
4 19 1 12 19 10 1 2 
2 46 19 1 
13 9 16 29 1 
1 51 12 3 1 
2 4 16 38 1 3 1 3 
2 48 5 1 2 5 2 1 2 
1 52 12 1 2 
7 13 33 8 7 
30 22 7 9 
3 43 9 9 2 2 
1 60 6 1 
1 12 7 13 15 6 8 1 4 1 
3 34 7 14 8 2 
1 6 38 2 9 11 1 
1 12 34 18 3 
62 1 5 
1 18 5 23 19 2 
1 48 19 
2 63 2 1 
1 18 19 27 3 
1 37 20 7 3 
4 4 20 7 31 1 1 
1 59 1 7 
1 61 4 1 1 
3 19 6 20 8 8 2 1 1 
1 40 17 8 2 
1 53 4 4 1 4 1 
1 4 11 44 6 1 1 
13 47 2 6 
1 56 11 
8 23 8 22 1 2 1 1 2 
2 38 7 20 1 
1 20 35 12 
9 1 28 7 6 4 11 1 1 
1 61 1 5 
34 6 21 7 
1 53 11 3 
1 38 29 
1 54 9 4 
2 44 11 4 6 1 
17 38 1 12 
4 16 5 18 18 4 3 
4 10 22 8 10 12 2 
67 1 
1 49 11 2 5 
6 52 10 
1 12 4 15 16 3 11 5 1 
1 13 2 49 3 
8 7 35 4 4 8 2 
3 34 31 
24 4 35 2 1 2 
1 26 3 38 
1 26 41 
1 43 13 11 
2 49 14 1 1 1 
4 63 1 
1 38 25 3 1 
9 7 49 3 
3 4 27 10 7 9 8 
1 27 25 3 7 3 1 1 
4 5 30 7 14 4 4 
1 17 38 11 1 
1 34 33 
1 10 57 
3 55 4 5 1 
12 11 44 1 
3 59 4 2 
2 46 2 4 3 6 2 1 2 
2 19 27 4 10 4 2 
35 18 10 1 2 1 1 
9 9 31 18 1 
2 62 1 1 2 
13 24 4 23 2 2 
2 17 39 9 1 
1 60 1 2 4 
4 37 22 1 1 2 1 
1 63 1 3 
15 7 33 13 
1 62 2 2 1 
6 6 15 6 18 1 3 2 2 4 4 1 
1 28 34 2 1 1 1 
5 15 38 6 4 
8 45 4 8 1 1 1 
4 30 24 3 5 2 
1 47 7 5 7 1 
1 61 6 
1 2 45 11 4 1 1 3 
1 50 12 1 2 2 
1 49 14 3 1 
16 35 1 15 1 
17 12 11 22 6 
5 55 1 3 4 
2 65 1 
12 8 30 5 4 2 1 3 1 2 
2 51 11 1 3 
5 49 12 2 
14 29 25 
68 
1 48 19 
1 64 3 
2 62 3 1 
3 39 26 
16 37 11 2 2 
1 63 4 
2 15 23 3 5 8 1 6 5 
2 37 23 4 2 
18 21 24 1 2 2 
11 35 21 1 
1 8 30 14 10 4 1 
3 59 2 4 
9 24 27 3 2 1 1 1 
34 12 19 2 1 
1 40 25 1 1 
1 6 2 37 5 2 11 3 1 
1 43 16 7 1 
1 4 25 12 7 3 9 7 
3 3 44 9 2 5 1 1 
14 4 2 25 3 11 1 3 4 1 
1 60 4 3 
2 49 3 1 3 8 1 1 
1 50 14 1 2 
2 49 17 
3 1 41 6 13 1 2 1 
2 51 4 2 9 
64 3 1 
1 43 1 21 2 
4 64 
1 49 3 3 7 4 1 
1 22 45 
4 62 1 1 
20 29 12 5 1 1 
1 30 4 33 
3 51 14 
2 12 54 
1 35 20 4 8 
1 36 21 2 8 
1 18 27 11 8 2 1 
7 45 15 1 
1 45 21 1 
1 11 28 22 1 1 1 3 
45 6 3 2 7 5 
1 23 14 1 29 
1 60 7 
4 7 29 18 4 5 1 
19 11 27 10 1 
1 61 5 1 
1 20 2 7 38 
8 52 4 3 1 
62 6 
2 26 11 8 1 10 4 6 
1 54 10 1 2 
1 66 1 
8 53 3 4 
7 13 11 12 24 1 
6 31 11 7 3 1 3 1 5 
1 58 2 1 1 1 1 2 1 
67 1 
33 24 7 3 1 
9 33 3 18 5 
1 58 1 7 1 
1 10 54 2 1 
30 21 13 3 1 
4 20 32 7 3 1 1 
1 30 8 6 19 3 1 
35 14 6 4 5 3 1 
14 40 6 3 5 
10 2 39 6 7 3 1 
66 1 1 
2 37 11 13 2 3 
13 36 6 1 8 1 3 
20 22 8 17 1 
14 13 7 20 3 3 2 2 2 2 
27 19 16 2 2 1 1 
38 9 5 7 7 2 
6 45 8 3 5 1 
1 47 20 
1 8 11 35 12 1 
66 2 
6 61 1 
2 40 8 16 1 1 
1 64 2 1 
6 16 7 17 2 18 1 1 
20 7 32 9 
63 3 2 
1 15 38 7 1 1 4 1 
23 32 11 2 
4 2 48 10 2 1 1 
1 52 4 1 9 1 
1 6 51 5 1 4 
1 26 33 4 4 
1 34 30 1 2 
64 4 
2 32 30 1 2 1 
1 44 14 3 4 1 1 
2 61 2 1 2 
1 57 8 1 1 
1 58 9 
44 1 11 12 
2 40 26 
52 1 15 
15 6 3 28 9 6 1 
1 65 2 
7 5 19 25 8 2 2 
36 5 12 8 6 1 
4 16 41 4 1 1 1 
64 3 1 
1 23 18 16 10 
1 67 
25 38 1 4 
1 67 
2 37 2 24 1 2 
4 58 6 
3 30 17 16 1 1 
1 12 44 5 2 2 2 
10 34 8 2 8 2 2 1 1 
1 44 22 1 
2 45 7 12 2 
1 49 4 4 4 6 
1 20 6 26 13 2 
4 29 6 2 1 26 
22 35 10 1 
2 31 20 12 3 
1 32 24 2 7 1 1 
1 10 55 1 1 
1 61 1 4 1 
13 27 21 3 2 2 
7 21 12 24 4 
31 25 12 
1 56 11 
2 47 13 3 1 1 1 
17 19 6 16 2 8 
6 15 37 10 
26 15 23 3 1 
34 33 1 
1 24 4 30 8 1 
2 7 36 4 3 6 5 4 1 
40 13 15 
22 22 24 
1 26 19 17 4 1 
59 7 1 1 
2 11 37 9 9 
1 66 1 
62 6 
63 1 4 
1 61 5 1 
3 37 27 1 
19 48 1 
3 12 26 22 5 
1 39 26 1 1 
3 65 
1 62 2 1 2 
5 2 6 45 6 1 3 
2 32 25 3 6 
42 18 8 
1 27 40 
3 53 1 10 1 
1 45 9 9 2 2 
3 28 2 9 19 4 2 1 
4 35 26 3 
2 12 54 
68 
7 5 46 3 4 2 1 
4 10 39 12 3 
1 19 3 36 5 4 
67 1 
3 21 44 
8 2 2 31 23 1 1 
7 5 19 4 20 7 3 1 2 
1 39 2 9 14 3 
1 23 5 23 11 3 1 1 
5 48 12 1 2 
1 12 21 22 4 3 3 1 1 
2 48 6 3 9 
1 11 53 2 1 
20 38 9 1 
13 36 12 2 1 2 1 1 
3 64 1 
1 65 1 1 
1 56 9 1 1 
1 17 47 3 
48 19 1 
6 23 34 5 
2 12 27 10 9 7 1 
1 25 23 2 12 5 
1 26 9 31 1 
1 8 27 7 13 3 4 4 1 
2 27 21 6 10 1 1 
1 32 18 9 4 4 
2 17 17 24 3 1 4 
1 17 13 32 5 
1 62 5 
1 29 37 1 
3 46 5 11 1 1 1 
2 66 
1 10 20 31 6 
1 35 18 5 4 1 1 2 1 
3 47 9 1 1 4 1 1 1 
4 19 4 14 7 6 2 11 1 
9 45 14 
16 28 2 17 4 1 
6 32 28 1 1 
1 66 1 
2 58 2 6 
68 
2 48 7 10 1 
3 41 18 4 2 
42 21 5 
1 57 10 
1 30 21 1 5 10 
6 49 12 1 
25 20 6 3 6 4 4 
6 33 24 2 3 
1 1 17 12 2 23 12 
5 43 18 2 
4 59 1 2 1 1 
1 67 
1 63 1 3 
1 51 6 10 
2 50 16 
1 14 27 18 2 3 2 1 
1 15 13 4 12 15 2 5 1 
1 14 30 7 12 2 2 
25 33 2 7 1 
23 14 31 
1 35 1 13 9 6 3 
8 46 14 
26 30 5 4 2 1 
40 21 1 5 1 
15 10 11 7 4 1 11 2 1 3 2 1 
1 44 1 15 7 
1 14 51 1 1 
1 38 16 12 1 
1 19 48 
1 1 1 8 30 10 6 4 4 1 1 1 
2 49 6 8 2 1 
2 25 38 2 1 
2 60 5 1 
4 18 17 27 1 1 
15 36 1 15 1 
1 34 24 8 1 
10 29 28 1 
2 56 7 1 2 
3 23 39 3 
4 14 1 45 3 1 
1 57 9 1 
2 47 9 6 2 1 1 
5 51 11 1 
44 4 14 5 1 
1 10 39 4 2 10 2 
13 51 2 2 
1 55 12 
1 40 14 1 4 3 4 1 
35 28 2 1 1 1 
3 11 44 9 1 
8 23 13 18 4 2 
51 11 2 2 1 1 
5 53 9 1 
1 1 57 2 7 
4 35 26 2 1 
1 29 11 11 9 2 5 
1 63 2 1 1 
2 8 54 4 
2 24 32 10 
1 25 13 27 2 
1 61 6 
20 45 3 
1 65 2 
7 40 17 1 3 
9 41 2 6 6 4 
5 37 18 4 2 1 1 
2 27 5 15 3 11 1 2 2 
3 33 31 1 
3 60 5 
1 29 4 15 13 4 1 1 
1 20 45 1 1 
3 38 5 3 8 5 2 1 2 1 
4 10 7 26 4 13 4 
1 25 42 
1 17 32 14 1 1 1 1 
37 2 18 9 2 
1 11 48 6 2 
5 60 3 
1 31 7 7 8 2 5 1 4 2 
1 20 5 8 28 1 4 1 
1 27 11 4 8 4 6 1 4 2 
1 54 9 2 2 
3 62 1 1 1 
3 61 3 1 
1 16 11 34 5 1 
8 55 2 2 1 
28 5 14 9 4 5 1 1 1 
12 26 30 
3 19 28 6 3 7 1 1 
3 3 31 14 4 12 1 
1 28 38 1 
1 17 5 21 8 4 8 2 2 
13 42 7 2 4 
1 30 18 19 
1 30 37 
2 46 13 5 2 
16 4 9 3 1 11 13 10 1 
2 13 29 20 4 
10 13 35 9 1 
6 47 5 6 4 
11 35 20 1 1 
4 19 44 1 
2 24 29 4 3 5 1 
65 1 2 
7 61 
1 13 37 9 8 
1 18 2 34 10 3 
1 66 1 
61 2 5 
8 3 28 22 2 1 1 1 2 
4 12 10 42 
1 34 27 1 4 1 
61 3 4 
7 12 3 2 24 5 7 7 1 
3 12 31 9 3 7 2 1 
27 3 23 2 12 1 
1 37 4 9 5 5 4 1 1 1 
1 2 17 21 1 3 11 10 1 1 
7 25 14 21 1 
4 40 21 3 
1 29 29 2 2 3 1 1 
1 12 43 11 1 
6 56 6 
1 66 1 
28 13 27 
5 58 5 
2 37 29 
18 48 2 
1 9 50 5 2 1 
2 55 4 6 1 
26 20 12 7 1 1 1 
1 20 47 
20 26 14 7 1 
16 38 14 
1 22 39 6 
1 41 13 2 10 1 
1 58 7 1 1 
1 37 10 6 5 6 3 
1 44 22 1 
7 6 11 43 1 
3 48 6 6 2 1 1 1 
3 12 29 23 1 
44 6 7 4 2 5 
1 20 1 4 40 1 1 
1 1 24 27 1 7 7 
7 58 2 1 
1 44 3 19 1 
29 14 10 13 2 
1 53 7 7 
20 23 4 19 1 1 
3 8 4 18 16 17 1 1 
2 21 13 11 7 2 7 4 1 
56 12 
1 59 1 4 2 1 
4 40 9 10 5 
1 62 5 
2 14 6 29 9 7 1 
1 45 19 2 1 
1 14 21 12 9 3 4 1 3 
38 6 11 6 7 
1 7 55 2 2 1 
2 3 20 2 2 2 6 3 20 1 2 1 1 2 1 
63 2 3 
1 10 44 13 
47 16 2 3 
2 14 42 8 1 1 
3 15 40 7 3 
2 30 21 11 4 
3 44 9 8 4 
14 35 1 14 1 3 
1 31 17 19 
1 33 19 11 4 
1 54 1 12 
3 42 15 7 1 
3 7 58 
1 61 2 1 3 
35 9 2 6 16 
9 57 2 
1 18 14 18 7 4 5 1 
6 61 1 
1 67 
1 59 7 1 
60 6 2 
1 53 8 3 3 
1 19 13 15 10 6 1 1 1 1 
4 61 3 
3 32 13 12 1 5 1 1 
3 42 6 3 14 
5 28 27 3 4 1 
2 50 16 
1 49 18 
8 46 2 9 3 
58 9 1 
4 16 21 7 15 3 2 
1 12 22 17 12 4 
1 34 9 16 2 2 4 
28 20 10 4 6 
1 49 10 3 1 2 2 
4 53 3 8 
6 18 2 31 8 1 2 
1 46 11 7 2 1 
4 5 56 1 2 
1 50 1 15 1 
2 31 15 10 2 6 1 1 
5 17 2 18 12 1 12 1 
2 23 5 35 1 2 
1 62 2 2 1 
7 22 25 8 3 2 1 
3 18 2 33 3 3 3 3 
5 42 9 6 2 1 1 1 1 
6 27 24 7 4 
1 29 36 2 
4 37 20 7 
5 59 3 1 
2 24 8 2 1 1 21 6 2 1 
23 23 11 5 1 3 2 
1 60 1 4 1 1 
1 23 32 8 4 
1 54 7 6 
17 34 7 5 3 1 1 
39 25 1 1 1 1 
1 40 11 15 1 
3 65 
1 47 20 
1 2 23 6 6 8 2 7 10 3 
2 50 9 3 4 
10 31 11 8 7 1 
1 10 19 36 1 1 
3 64 1 
3 55 2 1 4 1 2 
2 18 34 5 8 1 
1 66 1 
1 65 1 1 
1 34 3 27 1 2 
25 42 1 
2 35 28 1 2 
2 22 3 35 6 
6 15 10 19 6 3 8 1 
2 51 1 3 8 1 1 1 
67 1 
51 15 2 
27 28 6 2 4 1 
36 19 13 
34 31 1 1 1 
6 1 55 2 4 
2 56 10 
1 25 17 16 3 3 1 1 1 
35 1 31 1 
1 36 13 6 9 2 1 
3 60 3 2 
2 25 18 8 4 1 1 4 1 1 2 1 
4 37 12 14 1 
4 54 8 1 1 
8 39 4 8 8 1 
8 25 26 8 1 
1 23 21 6 9 3 3 1 1 
4 43 5 6 1 6 1 2 
1 6 25 15 2 6 10 2 1 
1 62 4 1 
5 53 8 2 
1 59 8 
1 66 1 
2 5 15 45 1 
1 45 14 1 5 1 1 
2 20 28 15 3 
1 56 11 
12 54 2 
1 54 13 
6 54 5 2 1 
1 24 6 26 6 3 2 
15 5 14 23 6 1 1 2 1 
10 41 15 1 1 
1 4 34 24 5 
15 47 2 3 1 
1 25 21 4 1 3 4 4 2 2 1 
4 46 17 1 
56 6 1 4 1 
3 40 24 1 
1 2 44 5 12 3 1 
1 14 25 21 7 
21 2 14 6 2 22 1 
42 23 3 
5 62 1 
2 36 9 11 1 1 5 3 
5 21 4 2 9 5 2 19 1 
7 14 3 8 36 
14 43 11 
5 57 2 3 1 
3 59 3 1 1 1 
7 2 57 1 1 
11 5 20 3 14 10 5 
2 60 2 1 1 1 1 
4 47 13 2 1 1 
1 51 1 1 10 2 1 1 
1 64 3 
1 18 27 3 14 4 1 
1 4 29 30 3 1 
1 15 17 19 6 4 5 1 
3 11 51 3 
1 5 18 4 14 6 9 5 4 1 1 
4 32 7 21 3 1 
1 44 19 2 2 
3 47 3 6 2 4 3 
2 51 15 
8 45 15 
30 1 7 13 5 12 
2 5 7 1 6 6 32 1 6 1 1 
1 51 13 3 
2 56 5 3 2 
16 6 23 16 3 3 1 
15 21 26 6 
1 19 37 11 
2 14 15 32 4 1 
1 46 18 1 2 
52 8 6 2 
3 9 19 26 3 3 1 2 1 1 
3 45 8 2 5 4 1 
1 55 7 2 2 1 
6 4 9 28 15 2 1 3 
47 19 2 
1 34 13 6 12 2 
1 66 1 
3 2 63 
68 
38 18 12 
1 48 19 
3 50 10 2 2 1 
6 11 14 15 8 1 10 3 
1 59 3 1 1 1 2 
31 23 8 1 3 2 
3 21 22 5 14 2 1 
67 1 
4 47 1 5 4 7 
2 6 12 27 1 9 6 5 
5 57 1 1 1 2 1 
2 22 7 29 5 1 2 
1 67 
1 6 13 15 21 7 3 1 1 
9 43 16 
1 42 17 2 6 
3 31 14 8 5 7 
6 18 21 20 2 1 
1 14 1 32 2 1 6 3 5 1 2 
4 28 10 8 5 3 5 5 
1 39 9 15 4 
1 1 53 2 9 2 
3 47 9 5 4 
15 18 10 19 2 3 1 
21 27 2 3 6 5 2 1 1 
20 31 3 1 5 7 1 
18 39 4 6 1 
4 51 6 3 3 1 
4 19 22 19 4 
1 57 7 3 
1 61 2 4 
2 27 39 
5 60 2 1 
1 62 1 3 1 
5 30 33 
1 63 4 
3 31 25 7 2 
3 6 56 3 
1 25 7 14 18 3 
3 28 9 7 18 2 1 
14 25 11 6 4 7 1 
27 33 1 4 3 
1 21 5 17 1 20 2 1 
3 25 4 12 19 5 
3 47 1 2 8 4 2 1 
23 37 6 2 
44 17 3 2 2 
1 2 43 6 16 
4 24 6 12 7 3 4 6 1 1 
8 34 20 5 1 
1 37 11 7 1 1 4 3 3 
26 23 18 1 
2 5 20 6 18 13 4 
6 25 15 3 10 4 4 1 
64 1 3 
1 53 7 5 1 1 
49 19 
11 40 14 3 
3 51 9 3 1 1 
13 24 11 15 2 3 
1 42 25 
4 57 7 
1 29 38 
4 61 3 
1 33 2 28 3 1 
1 21 38 2 5 1 
68 
2 1 9 12 5 4 19 1 2 12 1 
2 57 4 4 1 
3 57 4 1 2 1 
8 39 11 1 5 4 
1 32 17 16 1 1 
3 38 4 17 1 1 1 1 2 
2 3 43 9 10 1 
6 62 
1 12 54 1 
2 37 27 1 1 
1 63 1 2 1 
68 
1 47 10 1 1 5 1 2 
9 56 3 
1 58 4 3 1 1 
12 2 52 1 1 
1 48 2 9 7 1 
4 37 1 18 6 2 
37 20 5 5 1 
1 46 13 5 3 
12 23 23 6 4 
27 2 26 11 2 
7 20 6 12 6 7 5 2 2 1 
1 62 5 
2 52 9 1 3 1 
1 14 19 34 
2 59 7 
1 33 29 4 1 
19 2 16 4 4 6 8 6 2 1 
4 29 35 
2 41 3 2 10 3 4 1 2 
1 18 2 43 3 1 
6 47 15 
8 55 3 2 
11 40 17 
2 13 29 9 6 3 5 1 
47 18 1 2 
3 61 4 
4 35 29 
2 58 8 
23 14 6 6 18 1 
7 44 16 1 
1 42 10 4 5 1 3 1 1 
1 27 34 1 2 2 1 
7 26 3 23 9 
2 45 12 8 1 
1 21 45 1 
51 7 5 3 2 
1 34 3 22 4 4 
1 54 11 2 
20 7 40 1 
7 43 17 1 
9 42 9 3 5 
2 47 1 15 1 1 1 
1 64 1 2 
56 1 4 1 1 3 2 
2 26 10 13 17 
68 
3 45 13 3 1 2 1 
67 1 
15 5 14 5 24 3 2 
4 41 2 14 7 
1 32 10 5 20 
12 23 17 4 9 3 
1 5 56 1 2 2 1 
1 44 11 2 2 6 1 1 
1 4 17 8 8 13 17 
19 47 2 
1 4 9 26 12 11 2 3 
66 2 
1 60 7 
45 2 4 17 
29 4 15 1 11 8 
1 42 5 8 3 4 5 
2 37 15 2 12 
1 67 
3 55 10 
1 22 18 16 9 2 
12 28 16 4 4 4 
1 13 47 3 4 
2 50 16 
16 35 2 13 2 
12 46 9 1 
7 4 4 1 15 2 17 9 8 1 
1 15 46 4 2 
23 39 6 
1 57 5 2 1 1 1 
2 9 54 1 2 
1 35 24 2 1 4 1 
1 20 13 6 13 7 7 1 
57 6 5 
2 46 16 4 
1 16 50 1 
1 44 3 13 3 3 1 
15 48 3 1 1 
11 24 7 4 2 17 3 
12 39 5 2 5 5 
2 31 25 6 4 
1 30 15 16 2 3 1 
1 62 3 1 1 
2 4 32 13 8 2 3 2 1 1 
2 5 45 12 4 
11 1 7 22 17 1 1 6 2 
1 48 5 11 1 2 
60 5 1 1 1 
64 1 3 
1 36 9 7 10 3 2 
1 29 4 18 6 2 6 1 1 
2 1 65 
2 26 8 17 2 8 4 1 
36 20 5 5 2 
11 32 19 4 2 
1 23 7 32 4 1 
1 67 
1 67 
4 41 13 4 6 
1 6 37 17 1 5 1 
1 14 45 6 1 1 
4 61 1 2 
66 2 
8 42 3 1 5 8 1 
2 56 10 
2 47 15 2 2 
19 37 6 5 1 
1 23 44 
1 8 42 3 5 9 
9 1 11 17 5 6 15 2 1 1 
11 52 4 1 
10 31 23 2 2 
1 56 3 4 4 
2 43 1 14 2 2 4 
1 12 49 4 1 1 
5 42 11 4 5 1 
8 46 2 6 3 1 1 1 
2 7 57 1 1 
63 1 1 2 1 
8 27 8 23 2 
1 5 39 15 8 
11 16 18 9 12 1 1 
5 62 1 
2 63 3 
1 51 16 
1 37 14 7 2 2 4 1 
64 1 1 1 1 
68 
20 20 27 1 
21 10 6 20 11 
3 53 9 3 
1 29 33 4 1 
5 13 31 1 8 1 1 1 5 1 1 
1 52 8 2 5 
9 47 2 2 8 
1 52 15 
1 16 37 8 6 
67 1 
19 48 1 
1 45 22 
4 36 21 7 
2 34 4 10 7 5 5 1 
2 33 5 20 8 
2 24 41 1 
10 19 7 12 16 1 1 2 
61 6 1 
1 17 4 8 5 24 7 1 1 
3 32 12 12 2 7 
1 6 44 8 9 
52 2 6 2 2 4 
2 63 3 
4 5 4 54 1 
18 31 16 1 2 
3 25 23 13 4 
65 1 2 
1 67 
35 20 12 1 
1 13 5 9 15 16 7 1 1 
29 1 13 14 7 1 1 2 
2 61 4 1 
3 53 12 
13 47 4 1 2 1 
4 31 30 1 1 1 
56 3 1 4 3 1 
4 19 42 1 2 
17 26 13 2 7 1 2 
1 36 13 9 8 1 
26 24 15 1 1 1 
1 42 17 6 1 1 
60 4 1 1 2 
5 37 10 9 6 1 
4 45 14 1 2 2 
2 21 22 12 1 2 2 5 1 
1 41 23 1 1 1 
3 7 48 10 
2 55 8 2 1 
15 20 22 11 
5 37 6 17 3 
1 48 17 2 
9 42 5 11 1 
4 35 29 
14 15 32 2 1 1 2 1 
1 36 15 4 7 2 1 1 1 
1 28 23 1 12 1 2 
18 38 4 3 2 2 1 
1 60 7 
1 6 12 28 18 1 2 
64 2 2 
24 16 18 9 1 
4 32 1 10 6 15 
5 5 20 36 2 
1 28 33 6 
5 47 13 1 2 
2 10 20 1 24 11 
67 1 
2 48 15 1 1 1 
1 8 39 10 9 1 
1 66 1 
2 19 43 1 1 2 
1 41 20 5 1 
1 29 38 
1 60 7 
1 34 33 
24 30 10 3 1 
6 58 3 1 
3 36 1 28 
2 63 1 2 
1 49 13 5 
1 35 10 4 7 7 2 1 1 
1 25 20 2 20 
1 42 8 5 5 4 1 1 1 
1 30 7 3 18 7 1 1 
1 9 38 3 2 15 
1 63 4 
3 51 5 4 3 1 1 
1 8 59 
9 40 18 1 
6 43 19 
2 50 12 2 1 1 
8 5 22 7 26 
14 8 8 10 11 11 6 
1 5 31 12 2 1 13 3 
10 25 15 17 1 
5 46 17 
2 54 12 
46 12 6 1 2 1 
1 14 39 9 5 
37 30 1 
1 50 4 5 1 1 6 
3 40 23 2 
3 46 2 10 5 1 1 
2 63 3 
1 27 11 4 15 7 1 2 
29 32 1 6 
3 48 8 5 2 1 1 
1 8 56 3 
24 9 11 2 20 1 1 
17 19 12 12 8 
13 32 22 1 
4 28 23 4 2 1 5 1 
3 9 3 7 20 14 2 8 2 
1 25 41 1 
1 62 2 2 1 
1 43 24 
3 58 1 2 1 1 1 1 
4 46 9 4 5 
2 65 1 
7 15 34 10 2 
11 5 52 
10 1 47 4 6 
2 1 42 3 6 8 1 2 3 
4 53 9 2 
1 22 18 26 1 
3 1 28 31 4 1 
1 1 41 6 19 
1 39 27 1 
63 5 
31 16 21 
1 32 21 5 5 1 2 1 
2 63 3 
1 5 16 6 35 2 3 
34 17 12 5 
17 35 16 
2 64 2 
4 40 16 6 1 1 
10 49 5 1 1 1 1 
4 48 12 2 2 
10 1 14 19 14 10 
1 12 30 3 13 4 1 3 1 
1 11 24 14 16 1 1 
37 26 4 1 
6 54 8 
1 58 7 1 1 
8 47 3 5 4 1 
1 48 16 2 1 
1 30 37 
2 51 14 1 
4 2 41 15 1 2 2 1 
1 47 2 2 5 8 3 
36 5 7 8 12 
68 
1 5 25 29 8 
1 6 18 39 2 2 
2 11 13 13 18 3 1 2 1 3 1 
2 6 57 3 
8 52 5 1 2 
1 38 19 8 2 
11 18 5 21 13 
2 15 10 27 1 11 2 
1 48 4 7 4 3 1 
18 2 9 22 5 2 2 6 1 1 
19 16 15 18 
66 2 
1 61 1 1 1 1 2 
2 42 11 1 1 3 8 
1 37 27 1 2 
10 4 12 11 26 5 
68 
6 11 36 13 2 
6 7 23 31 1 
10 14 44 
53 15 
7 53 8 
1 52 2 8 2 1 2 
36 25 4 2 1 
15 19 26 7 1 
39 8 17 2 2 
12 1 17 29 4 5 
1 13 18 5 19 6 3 3 
1 42 18 2 5 
3 44 12 4 5 
30 27 8 1 2 
2 46 20 
1 40 16 5 1 5 
3 28 30 7 
2 56 10 
3 58 3 4 
2 29 10 14 10 1 1 1 
2 13 37 1 2 8 3 2 
9 22 36 1 
2 43 7 5 8 1 2 
12 8 32 5 7 2 2 
1 36 6 2 21 1 1 
1 4 44 8 11 
2 15 13 12 20 6 
3 45 2 9 9 
1 4 56 3 4 
1 30 18 18 1 
1 19 7 17 1 21 1 1 
2 23 20 18 3 1 1 
60 8 
2 15 39 6 4 2 
11 46 11 
68 
1 40 10 14 3 
1 54 13 
1 5 20 20 10 10 1 1 
1 5 56 3 3 
12 8 34 11 2 1 
1 40 26 1 
1 16 15 30 5 1 
68 
1 38 4 1 5 19 
1 7 12 24 4 20 
68 
1 42 18 7 
1 26 29 5 6 1 
14 43 9 1 1 
1 52 2 12 1 
1 31 36 
25 29 13 1 
1 41 24 2 
1 14 43 5 3 2 
3 32 21 6 5 1 
4 51 7 5 1 
7 45 13 2 1 
1 11 23 7 21 4 1 
1 20 25 14 1 6 1 
7 17 2 11 11 19 1 
11 45 4 3 4 1 
4 58 4 1 1 
17 29 1 18 3 
2 43 19 3 1 
1 29 3 4 15 16 
35 17 15 1 
68 
3 32 22 8 2 1 
65 1 2 
1 20 40 4 3 
2 56 2 8 
25 3 15 22 1 1 1 
1 20 23 23 1 
1 60 7 
5 2 6 47 6 1 1 
5 11 33 8 3 2 4 1 1 
16 30 19 2 1 
4 28 33 3 
1 64 3 
1 2 11 25 18 5 4 2 
3 49 1 13 2 
3 7 44 2 1 8 2 1 
1 21 36 1 7 2 
17 47 3 1 
1 29 9 14 12 1 1 1 
2 32 19 7 7 1 
2 26 18 11 4 3 2 1 1 
1 13 21 3 14 13 3 
3 29 28 5 2 1 
3 54 3 1 6 1 
1 44 23 
2 43 8 2 6 1 6 
1 53 10 3 1 
1 38 10 9 1 1 3 4 1 
1 31 20 1 7 2 5 1 
3 6 38 15 6 
68 
2 11 19 15 7 6 8 
1 61 6 
1 24 5 7 14 8 8 1 
9 30 23 5 1 
1 23 33 10 1 
9 16 19 23 1 
7 56 4 1 
2 48 11 7 
6 20 2 16 1 4 13 4 1 1 
9 15 20 6 6 9 2 1 
2 10 44 11 1 
1 54 8 4 1 
17 12 29 10 
4 2 60 1 1 
2 41 8 5 10 1 1 
6 31 5 6 8 1 9 1 1 
10 6 3 21 17 9 1 1 
3 29 17 12 2 1 4 
7 16 8 30 5 1 1 
54 9 5 
2 55 10 1 
1 61 6 
1 14 30 1 4 3 3 2 1 4 5 
1 52 10 4 1 
27 35 6 
37 13 15 1 2 
3 28 34 2 1 
66 2 
17 31 2 2 5 1 10 
3 22 7 35 1 
2 45 18 3 
55 8 1 2 1 1 
4 54 5 2 3 
1 10 40 8 7 2 
1 53 3 5 1 1 1 2 1 
1 45 9 13 
5 48 2 8 5 
2 7 46 1 6 5 1 
1 50 6 2 7 2 
4 53 8 3 
10 17 10 12 1 9 1 1 3 3 1 
6 61 1 
3 33 21 2 5 3 1 
3 7 12 19 11 8 1 2 4 1 
1 48 17 1 1 
1 48 2 6 7 4 
4 19 41 4 
9 16 43 
1 56 5 6 
3 49 3 7 2 2 2 
12 26 29 1 
8 4 3 30 23 
68 
1 63 4 
2 25 16 7 2 14 2 
32 19 17 
3 59 4 2 
4 29 5 12 16 1 1 
1 32 13 21 1 
11 4 21 3 24 4 1 
1 49 6 12 
66 1 1 
68 
1 5 43 2 1 4 5 3 2 1 1 
43 21 1 3 
3 46 16 2 1 
60 3 1 1 1 1 1 
1 25 7 12 6 5 2 6 1 1 1 1 
1 23 21 18 3 1 1 
1 43 18 3 2 1 
1 59 1 2 2 1 2 
17 40 11 
1 62 5 
1 9 5 21 11 11 8 1 1 
16 20 1 31 
2 66 
1 65 2 
4 2 29 1 28 3 1 
4 34 26 3 1 
2 2 36 1 21 3 3 
2 49 14 2 1 
1 63 3 1 
2 45 13 5 3 
1 18 6 25 18 
1 25 41 1 
4 4 44 3 7 4 1 1 
7 41 19 1 
9 33 24 2 
57 10 1 
1 31 14 2 20 
1 4 24 33 5 1 
1 15 13 36 3 
6 52 9 1 
2 46 2 9 7 1 1 
6 30 28 1 2 1 
29 37 2 
7 28 33 
2 14 6 11 3 5 21 1 3 2 
4 58 5 1 
25 38 1 1 3 
37 26 2 3 
1 1 11 48 1 2 1 3 
1 55 12 
1 33 31 1 1 1 
1 30 21 7 4 1 2 1 1 
1 66 1 
1 39 6 2 15 1 4 
1 61 2 1 2 1 
55 12 1 
1 34 25 2 6 
2 46 20 
66 2 
3 37 24 4 
1 17 11 9 16 10 3 1 
4 53 3 7 1 
2 60 1 5 
1 40 18 7 1 1 
2 49 9 1 5 2 
4 36 18 10 
2 62 3 1 
19 8 1 8 6 19 5 1 1 
2 36 19 10 1 
1 47 9 8 2 1 
2 30 13 5 7 2 9 
5 59 1 3 
9 32 18 5 2 2 
4 29 12 5 13 5 
3 49 16 
20 37 11 
1 60 7 
20 17 5 6 2 5 10 3 
10 23 24 8 2 1 
15 47 6 
1 26 29 7 5 
7 36 6 7 7 1 4 
66 1 1 
1 57 1 1 4 3 1 
1 25 35 6 1 
16 30 4 16 2 
2 65 1 
2 59 6 1 
1 66 1 
6 62 
11 33 13 8 1 2 
5 36 25 1 1 
2 63 1 1 1 
1 36 27 4 
2 36 30 
43 25 
1 55 9 2 1 
14 38 16 
9 7 21 8 17 1 5 
7 51 7 1 1 1 
50 18 
1 56 6 3 1 1 
1 16 17 9 12 12 1 
1 38 4 11 13 1 
4 17 16 20 11 
1 38 1 26 2 
1 50 14 2 1 
2 28 12 12 2 7 5 
1 38 29 
23 36 3 5 1 
64 3 1 
1 55 1 8 1 2 
8 28 32 
11 56 1 
1 67 
3 40 19 1 2 2 1 
64 1 2 1 
64 1 2 1 
2 29 28 4 3 1 1 
1 59 3 1 1 2 1 
6 45 5 8 4 
1 43 16 3 4 1 
1 30 8 3 7 6 3 5 3 1 1 
2 17 37 8 4 
3 53 8 2 1 1 
1 31 6 29 1 
9 23 18 17 1 
4 3 56 5 
7 18 9 20 8 4 2 
10 41 6 7 1 1 2 
17 49 2 
35 27 1 1 4 
32 5 30 1 
5 4 15 13 12 12 6 1 
66 2 
3 20 3 42 
1 39 24 1 3 
6 20 42 
52 2 1 9 1 3 
17 43 7 1 
4 31 17 8 7 1 
1 9 33 10 9 1 1 2 2 
1 26 20 9 2 4 2 4 
1 26 21 18 2 
3 1 56 3 1 1 1 1 1 
1 17 20 9 7 2 7 2 2 1 
1 64 3 
1 41 9 13 4 
27 20 2 18 1 
8 1 35 1 2 8 12 1 
1 25 40 2 
3 64 1 
1 64 1 2 
4 12 1 13 23 3 4 4 1 3 
66 2 
1 45 12 1 1 5 2 1 
1 54 1 3 1 4 3 1 
3 57 1 6 1 
6 4 15 26 7 10 
1 17 50 
2 39 27 
1 22 6 14 14 7 1 1 2 
2 15 49 2 
1 56 5 1 2 1 2 
1 31 36 
1 3 60 1 3 
2 22 41 2 1 
1 61 5 1 
4 32 3 15 7 1 1 2 1 2 
3 34 1 28 1 1 
2 32 15 18 1 
41 21 6 
1 60 3 1 1 1 1 
1 57 9 1 
1 14 25 26 2 
2 26 6 13 4 12 2 3 
1 10 2 30 23 2 
67 1 
2 14 30 2 20 
1 45 16 3 3 
1 48 19 
1 21 45 1 
18 24 4 1 19 1 1 
23 5 39 1 
10 27 28 1 2 
1 59 8 
1 9 58 
2 48 18 
50 1 9 7 1 
43 3 13 3 3 2 1 
26 41 1 
1 42 25 
62 2 2 1 1 
31 29 6 2 
1 5 31 17 13 1 
67 1 
2 62 4 
15 47 6 
10 18 40 
2 30 4 23 5 3 1 
31 6 4 21 1 5 
45 20 2 1 
2 10 48 5 3 
2 65 1 
1 2 25 2 18 2 8 10 
3 28 6 22 4 5 
11 3 7 8 4 10 23 2 
1 41 26 
8 7 26 25 2 
64 4 
1 12 4 35 2 3 8 1 1 1 
68 
25 4 32 6 1 
63 4 1 
3 44 7 11 3 
1 63 4 
6 61 1 
11 11 20 2 4 2 10 7 1 
6 62 
1 30 10 3 8 9 5 1 1 
9 21 7 23 8 
1 46 6 11 1 2 1 
1 44 22 1 
7 61 
5 24 10 11 3 11 1 2 1 
3 13 27 10 10 3 2 
2 36 27 3 
1 31 31 2 1 2 
1 30 8 10 11 4 4 
1 38 1 27 1 
1 23 8 27 3 4 1 1 
44 23 1 
16 42 5 3 2 
1 47 19 1 
1 43 24 
1 17 42 3 1 4 
4 47 14 3 
1 11 18 32 4 1 1 
6 23 13 9 4 10 1 2 
68 
1 21 7 7 17 2 10 1 2 
18 47 3 
7 28 3 6 24 
21 6 15 12 2 7 5 
3 12 12 7 2 7 11 2 5 1 4 2 
2 32 16 16 2 
1 37 11 19 
36 2 23 2 1 2 2 
8 34 25 1 
1 55 8 1 1 1 1 
1 61 2 3 1 
1 60 6 1 
1 17 37 3 4 1 4 1 
7 26 6 13 14 1 1 
3 54 5 2 2 2 
3 2 11 7 42 1 1 1 
2 50 12 4 
1 38 2 4 7 1 9 6 
1 55 4 2 3 1 2 
4 38 16 8 1 1 
20 19 28 1 
1 42 24 1 
1 47 7 2 7 1 3 
2 21 6 22 4 7 4 1 1 
10 43 8 5 1 1 
1 42 25 
4 40 20 4 
1 19 38 3 4 3 
1 30 2 7 23 5 
1 19 3 1 35 4 5 
1 24 12 23 5 3 
4 18 20 22 2 2 
59 5 2 1 1 
1 14 25 5 5 3 8 5 2 
5 58 3 2 
3 37 23 3 2 
