1 39 22 2 1 1 2 1 
2 28 39 
47 15 2 5 
1 38 4 13 4 1 8 
3 38 22 3 2 1 
2 66 1 
1 32 24 5 4 3 
4 48 1 13 1 2 
2 49 18 
2 44 18 2 2 1 
3 64 2 
1 6 51 2 3 2 3 1 
53 7 9 
5 16 2 16 24 5 1 
2 9 51 2 5 
1 45 10 6 7 
4 32 22 8 2 1 
2 64 2 1 
1 63 5 
1 62 2 4 
31 9 18 1 1 8 1 
22 46 1 
1 36 13 3 12 3 1 
2 53 7 6 1 
1 8 5 50 1 4 
2 53 12 1 1 
5 36 21 2 3 2 
56 7 1 4 1 
16 38 2 5 1 3 2 2 
2 50 1 1 14 1 
1 37 24 1 6 
10 54 5 
1 26 18 18 2 2 1 1 
2 34 31 1 1 
1 36 32 
35 2 19 2 10 1 
17 48 2 1 1 
3 40 26 
17 16 31 2 3 
1 32 31 5 
5 46 6 5 4 3 
1 38 20 2 8 
2 31 5 4 6 3 17 1 
2 20 40 6 1 
1 60 7 1 
2 25 35 4 1 1 1 
1 67 1 
2 36 30 1 
2 1 26 28 2 8 2 
29 39 1 
1 31 28 1 2 6 
1 68 
67 2 
1 55 11 1 1 
4 49 2 13 1 
1 27 2 3 21 1 11 3 
4 48 17 
10 30 21 4 4 
1 44 24 
5 42 22 
2 26 4 23 5 9 
1 45 12 5 4 1 1 
1 68 
1 31 25 11 1 
1 65 3 
52 5 9 1 2 
23 35 10 1 
42 1 8 6 1 7 1 3 
2 58 2 2 4 1 
1 5 43 18 1 1 
2 66 1 
1 11 4 23 24 2 2 2 
3 59 5 1 1 
1 20 48 
5 42 7 13 2 
1 63 1 1 2 1 
5 62 1 1 
5 1 31 29 3 
1 1 67 
26 29 14 
5 4 37 23 
1 64 2 1 1 
31 16 22 
4 16 29 11 5 3 1 
2 46 18 3 
1 64 1 2 1 
12 7 43 7 
24 8 22 8 2 2 3 
1 12 26 30 
33 25 5 4 1 1 
1 67 1 
3 8 39 12 4 1 2 
5 8 42 13 1 
2 44 1 4 4 3 11 
1 48 10 6 2 1 1 
7 50 10 2 
1 43 15 3 7 
1 41 26 1 
10 52 7 
1 24 14 23 5 2 
37 11 13 8 
6 41 17 3 2 
2 25 11 19 7 2 1 1 1 
3 56 6 4 
18 30 17 3 1 
2 10 4 8 7 24 4 2 6 1 1 
13 25 8 7 4 7 5 
56 8 4 1 
1 66 1 1 
11 32 6 11 2 1 5 1 
12 24 7 26 
2 42 21 3 1 
69 
1 42 12 11 3 
44 22 3 
3 24 1 34 3 4 
68 1 
2 52 7 1 2 4 1 
1 22 23 13 2 1 3 2 2 
1 3 25 9 29 2 
1 14 38 13 2 1 
1 47 18 1 2 
2 43 2 5 14 3 
3 9 29 11 13 1 2 1 
1 58 4 2 4 
2 8 14 22 18 1 3 1 
11 47 4 7 
1 43 16 8 1 
1 53 9 1 5 
2 50 5 6 1 5 
20 22 14 12 1 
20 43 4 1 1 
1 57 11 
1 31 37 
1 62 2 3 1 
5 17 16 13 13 5 
5 20 23 18 3 
2 3 9 28 10 6 6 3 2 
69 
1 26 21 5 8 8 
1 34 33 1 
1 20 6 6 19 7 4 6 
22 1 15 28 2 1 
1 36 6 8 5 6 7 
2 61 5 1 
4 63 2 
69 
4 46 19 
1 58 8 2 
6 18 15 1 28 1 
1 21 17 14 15 1 
1 27 14 6 7 2 8 1 3 
1 65 3 
30 25 13 1 
2 44 17 6 
4 26 37 2 
1 36 25 6 1 
2 15 47 2 2 1 
66 3 
2 55 10 2 
1 28 7 33 
1 57 5 5 1 
2 2 45 11 3 6 
1 51 6 5 6 
3 15 7 3 37 3 1 
3 30 13 16 2 1 3 1 
14 22 12 16 1 2 2 
2 44 12 1 8 1 1 
1 10 11 23 23 1 
23 23 14 3 5 1 
2 27 4 36 
6 26 32 4 1 
2 65 2 
16 51 2 
21 5 37 1 3 1 1 
4 37 12 9 6 1 
1 50 3 4 4 2 2 1 2 
1 47 9 11 1 
7 42 5 15 
5 23 14 22 2 1 1 1 
3 5 15 44 2 
2 47 20 
3 25 24 9 2 4 2 
53 11 5 
10 6 9 34 6 2 1 1 
2 64 3 
1 7 54 3 4 
1 36 18 6 5 2 1 
1 45 6 2 14 1 
2 15 15 7 25 4 1 
1 27 26 15 
68 1 
1 29 27 10 2 
7 6 22 20 14 
1 52 13 3 
1 66 2 
54 2 2 3 1 7 
22 19 11 16 1 
21 7 15 22 1 1 2 
1 56 6 6 
7 25 8 18 6 4 1 
1 47 20 1 
2 42 23 2 
45 12 7 2 3 
7 40 17 3 1 1 
7 5 17 25 2 9 4 
1 7 41 16 3 1 
10 28 18 12 1 
1 1 42 21 1 3 
22 31 1 1 8 6 
32 24 13 
4 57 1 7 
9 38 8 14 
2 49 3 9 6 
3 46 17 3 
6 20 21 6 16 
2 65 1 1 
1 39 24 4 1 
1 63 5 
2 62 2 1 1 1 
3 53 12 1 
3 32 17 14 1 1 1 
1 58 9 1 
9 28 32 
3 54 5 5 2 
16 8 34 2 4 1 2 1 1 
2 51 3 11 1 1 
69 
1 21 19 17 1 8 1 1 
1 8 26 22 8 4 
1 11 28 12 11 5 1 
1 56 12 
2 62 1 3 1 
51 11 7 
10 15 10 15 2 3 9 2 3 
1 34 19 3 9 2 1 
2 57 10 
4 57 2 6 
8 54 7 
65 3 1 
2 45 10 5 2 2 2 1 
2 32 21 3 5 4 1 1 
57 9 1 1 1 
1 47 5 15 1 
23 4 3 17 14 4 2 2 
3 9 12 37 7 1 
7 25 35 2 
1 42 26 
12 25 15 5 11 1 
1 56 10 1 1 
5 11 17 9 19 8 
8 39 13 7 2 
2 17 13 3 21 12 1 
2 49 13 2 2 1 
3 4 29 5 27 1 
1 31 32 4 1 
2 1 53 3 9 1 
2 42 12 5 3 2 1 2 
5 9 3 16 10 14 3 5 3 1 
1 6 18 1 8 18 8 3 2 2 1 1 
23 7 20 7 11 1 
1 56 1 5 6 
7 53 3 1 4 1 
2 63 1 1 2 
2 30 15 15 4 1 2 
23 36 7 1 1 1 
2 34 11 21 1 
1 10 49 4 4 1 
1 35 7 22 3 1 
2 62 3 1 1 
44 4 21 
41 7 18 1 1 1 
2 18 47 2 
2 8 12 38 6 1 1 1 
2 48 5 6 3 3 1 1 
3 17 10 22 7 9 1 
3 43 1 4 5 8 3 1 1 
1 62 3 3 
1 51 12 2 3 
3 55 11 
65 3 1 
4 53 2 5 4 1 
1 44 10 8 4 1 1 
24 4 16 1 11 8 3 2 
1 10 17 32 8 1 
68 1 
3 52 7 5 2 
2 57 9 1 
54 13 2 
30 12 27 
7 59 2 1 
1 20 33 7 6 2 
66 2 1 
3 29 5 24 3 2 2 1 
2 33 29 5 
1 62 2 3 1 
1 2 44 8 13 1 
3 54 7 5 
42 13 7 3 2 2 
23 40 6 
8 2 30 26 2 1 
23 39 6 1 
4 40 25 
5 63 1 
1 38 7 6 3 5 8 1 
1 18 27 19 2 1 1 
6 12 1 24 16 1 8 1 
29 33 3 3 1 
23 28 18 
2 46 8 5 2 4 1 1 
43 7 14 1 2 2 
1 59 5 1 1 1 1 
13 48 3 5 
2 23 26 16 2 
1 45 17 6 
19 1 12 5 6 26 
3 55 11 
3 59 4 2 1 
1 38 30 
2 54 4 1 2 6 
22 12 34 1 
1 8 15 35 7 3 
3 66 
1 37 14 6 8 2 1 
3 39 17 3 3 1 2 1 
2 35 22 5 5 
2 27 24 1 1 2 8 3 1 
19 10 22 16 1 1 
1 13 47 1 3 2 2 
2 4 60 1 2 
2 21 14 21 9 2 
2 45 3 17 1 1 
1 22 3 28 5 6 3 1 
1 6 30 6 12 2 9 1 2 
1 22 37 4 5 
1 3 34 8 4 11 5 3 
64 2 1 2 
1 24 12 30 2 
1 28 29 9 2 
1 61 4 2 1 
1 57 2 6 3 
1 38 30 
5 54 8 2 
5 29 8 13 2 5 3 4 
2 24 43 
16 6 21 22 4 
1 39 15 2 7 4 1 
1 31 36 1 
22 13 22 8 1 3 
1 6 37 13 12 
1 4 37 7 19 1 
2 6 3 5 23 26 3 1 
1 24 16 23 5 
2 55 2 3 3 4 
3 43 23 
1 27 15 1 7 8 7 2 1 
1 19 2 25 11 1 6 2 2 
1 41 16 9 1 1 
10 25 19 2 12 1 
1 19 1 9 4 16 8 7 1 3 
1 25 35 8 
1 3 9 37 18 1 
58 9 2 
3 9 2 45 6 4 
69 
69 
5 55 9 
2 39 14 7 1 5 1 
1 28 30 8 2 
1 2 39 14 12 1 
41 17 1 2 1 2 5 
12 22 8 17 1 5 1 1 1 1 
39 5 1 14 4 5 1 
1 23 22 4 8 9 2 
2 47 14 1 3 1 1 
8 61 
1 27 41 
2 35 20 11 1 
21 45 1 2 
1 43 11 4 7 1 2 
67 2 
1 8 18 7 12 20 2 1 
23 2 24 13 7 
1 57 11 
10 7 9 12 9 16 4 2 
2 67 
69 
2 63 2 1 1 
5 12 19 11 9 4 6 3 
3 17 32 2 4 5 4 2 
15 28 7 13 4 1 1 
1 44 15 6 1 1 1 
6 29 11 22 1 
1 7 50 8 1 1 1 
67 1 1 
1 1 32 11 10 13 1 
11 52 6 
15 41 11 2 
1 49 2 3 14 
1 63 5 
1 27 39 1 1 
4 40 4 5 16 
2 3 32 27 2 1 2 
1 2 56 1 5 3 1 
5 10 14 29 7 3 1 
1 17 23 27 1 
1 55 13 
3 39 7 1 5 4 10 
1 61 6 1 
4 23 36 3 2 1 
13 56 
2 27 21 6 5 5 1 2 
1 44 1 13 5 3 1 1 
16 7 14 10 13 1 3 4 1 
10 35 4 12 4 2 1 1 
32 16 17 2 1 1 
1 15 45 7 1 
35 22 12 
1 4 10 18 1 8 5 3 7 5 5 2 
21 24 19 3 2 
1 39 4 9 16 
8 10 11 26 8 4 2 
11 27 30 1 
1 29 24 11 1 2 1 
2 60 5 1 1 
68 1 
3 25 27 2 4 2 2 1 2 1 
4 14 9 8 16 13 4 1 
64 3 1 1 
1 25 8 12 11 8 1 1 2 
5 52 3 8 1 
2 48 16 1 2 
1 3 19 20 15 9 2 
1 63 1 2 2 
5 7 48 8 1 
19 41 4 3 1 1 
12 54 1 1 1 
6 14 26 15 7 1 
2 22 26 10 2 1 6 
6 6 43 4 1 9 
16 26 1 12 5 3 4 2 
3 3 45 6 10 2 
6 62 1 
2 20 34 13 
55 10 3 1 
1 22 8 13 22 1 1 1 
1 53 15 
1 36 22 2 7 1 
2 44 23 
17 49 3 
38 20 2 6 2 1 
1 68 
39 20 1 2 6 1 
21 24 17 6 1 
2 25 14 19 9 
1 60 3 3 1 1 
1 40 4 12 5 7 
4 21 32 12 
1 17 43 6 2 
2 56 1 6 3 1 
60 2 4 2 1 
1 49 17 2 
4 27 5 7 20 4 2 
4 46 12 7 
2 60 6 1 
1 50 18 
3 37 24 1 1 2 1 
1 43 19 3 3 
62 7 
4 10 6 16 15 7 2 7 2 
1 44 6 16 1 1 
2 42 9 7 4 1 1 1 1 1 
10 33 25 1 
9 55 1 3 1 
69 
7 27 19 15 1 
1 57 11 
1 28 40 
1 53 5 9 1 
1 67 1 
3 66 
1 22 46 
3 27 28 11 
47 1 5 2 4 1 7 1 1 
1 11 53 2 1 1 
2 64 3 
1 58 2 3 1 2 1 1 
5 25 19 3 13 2 2 
1 8 13 3 4 1 31 8 
37 19 9 3 1 
1 59 9 
1 40 11 14 3 
2 6 61 
2 25 8 30 3 1 
2 62 1 3 1 
3 20 35 5 1 4 1 
1 48 19 1 
4 36 3 4 8 12 2 
3 6 13 46 1 
14 19 22 14 
3 42 7 12 1 4 
4 39 23 3 
1 22 46 
1 5 18 15 2 10 3 15 
1 55 10 3 
1 5 62 1 
4 39 9 5 6 2 4 
8 54 1 2 3 1 
1 6 58 1 1 2 
1 23 38 2 5 
63 2 4 
67 2 
1 10 43 6 3 1 4 1 
69 
1 68 
1 67 1 
60 7 1 1 
1 48 2 11 3 1 1 1 1 
1 57 5 1 3 1 1 
1 41 27 
33 5 15 9 6 1 
1 43 3 7 8 6 1 
16 47 4 1 1 
2 52 10 2 3 
36 3 5 2 23 
1 19 42 3 4 
69 
1 21 23 4 2 1 16 1 
1 54 3 2 7 1 1 
8 54 4 1 2 
1 4 48 9 1 5 1 
11 12 46 
43 13 11 2 
2 45 10 7 5 
1 55 13 
5 20 4 34 2 4 
2 34 13 6 14 
1 32 27 1 7 1 
5 26 15 14 1 8 
1 53 1 10 3 1 
2 54 8 1 4 
2 3 59 2 3 
7 13 9 4 3 11 9 6 5 1 1 
2 47 7 2 6 2 2 1 
14 42 7 6 
30 30 9 
1 65 3 
48 4 4 10 3 
1 50 18 
44 3 6 13 2 1 
4 49 12 4 
1 33 30 2 3 
6 37 19 4 3 
2 11 55 1 
4 28 19 13 5 
4 63 1 1 
10 18 25 11 1 1 3 
6 51 6 2 3 1 
12 18 2 1 11 6 7 7 5 
44 1 4 13 1 3 1 1 1 
2 59 7 1 
6 17 17 18 10 1 
1 20 1 42 2 1 1 1 
1 19 11 38 
8 39 15 2 2 1 2 
2 46 17 3 1 
41 21 6 1 
1 11 1 34 21 1 
3 26 17 9 6 6 2 
3 25 20 6 7 6 1 1 
2 22 27 18 
1 22 30 1 15 
10 1 45 3 3 3 4 
29 19 19 2 
4 9 36 20 
1 65 1 2 
1 45 1 18 1 1 2 
2 22 37 2 4 1 1 
1 54 5 9 
1 25 8 6 22 6 1 
13 23 27 6 
40 7 21 1 
1 19 49 
3 27 37 1 1 
1 7 2 26 21 10 1 1 
1 68 
2 44 15 7 1 
1 23 9 10 6 15 5 
1 59 8 1 
22 40 5 1 1 
47 12 3 5 1 1 
1 63 5 
3 25 15 22 2 2 
15 2 17 15 12 5 3 
68 1 
3 8 2 31 6 8 1 6 2 1 1 
8 49 4 1 2 2 2 1 
1 23 8 28 2 2 4 1 
28 27 14 
2 14 52 1 
1 61 5 2 
31 15 13 5 3 2 
1 55 4 2 7 
4 35 12 14 3 1 
6 25 29 7 2 
11 58 
1 48 16 4 
5 36 28 
13 55 1 
38 26 5 
1 7 19 17 14 6 2 1 1 1 
2 35 27 1 1 2 1 
2 18 49 
2 9 6 45 7 
8 54 3 4 
7 55 1 6 
52 6 8 3 
1 48 14 6 
6 55 7 1 
2 17 46 3 1 
3 47 19 
5 23 3 10 12 1 10 1 3 1 
4 3 45 2 13 1 1 
1 63 3 2 
2 36 2 12 4 4 4 1 1 1 2 
28 14 3 6 15 3 
3 16 12 5 9 13 1 6 1 2 1 
1 52 15 1 
69 
3 6 42 1 8 1 5 3 
1 53 10 2 1 2 
3 44 11 9 2 
2 67 
6 46 11 4 2 
1 51 17 
5 22 25 5 8 3 1 
13 25 17 2 11 1 
2 58 3 1 3 2 
1 13 14 4 16 13 2 5 1 
2 14 49 1 3 
1 23 25 4 3 6 3 4 
41 16 2 9 1 
9 50 2 1 7 
1 25 23 10 1 8 1 
3 64 1 1 
1 43 19 5 1 
19 1 42 5 2 
69 
5 9 32 20 3 
1 40 21 5 2 
2 57 5 2 3 
19 15 3 21 1 3 1 2 2 1 1 
2 12 55 
1 4 30 5 5 7 7 2 2 5 1 
38 21 2 7 1 
1 59 9 
6 62 1 
14 33 22 
1 67 1 
2 67 
1 36 28 1 2 1 
1 42 2 12 8 1 2 1 
2 46 21 
1 23 44 1 
1 28 37 3 
1 20 48 
1 32 27 9 
46 12 11 
4 59 6 
2 35 28 3 1 
3 13 44 1 4 2 1 1 
1 44 5 16 3 
3 65 1 
6 25 9 8 7 14 
1 2 66 
30 24 14 1 
3 48 15 2 1 
32 19 11 5 1 1 
3 35 23 6 2 
18 30 14 1 1 2 1 1 1 
3 33 12 15 5 1 
12 29 1 19 5 1 2 
3 29 28 3 5 1 
2 19 1 39 8 
2 45 10 3 7 1 1 
2 63 1 2 1 
1 62 1 1 4 
1 41 5 10 9 3 
7 52 10 
2 45 20 2 
12 24 20 13 
15 40 2 7 5 
2 43 12 6 1 2 2 1 
32 4 17 8 8 
23 16 21 6 2 1 
4 20 20 17 8 
1 47 13 6 1 1 
1 32 2 20 13 1 
1 59 4 1 4 
4 41 24 
2 5 20 1 9 5 19 1 1 3 1 2 
2 13 10 30 7 5 1 1 
4 15 11 26 2 1 1 6 3 
53 5 9 1 1 
16 15 7 8 3 10 3 6 1 
11 51 1 4 2 
2 45 15 2 5 
1 42 11 4 11 
2 40 4 6 6 11 
1 32 8 28 
1 39 24 1 1 2 1 
6 54 4 1 1 3 
1 58 1 4 2 2 1 
8 26 31 2 1 1 
4 47 1 1 1 8 5 2 
5 6 45 13 
1 14 3 10 8 23 1 6 3 
3 48 16 1 1 
10 44 10 5 
4 44 15 1 2 3 
2 15 26 11 9 2 2 2 
1 60 3 5 
1 38 3 13 14 
1 30 34 1 2 1 
3 9 16 26 4 11 
2 10 57 
4 64 1 
55 13 1 
5 32 21 6 3 2 
10 56 3 
1 51 13 2 1 1 
1 54 12 1 1 
1 14 49 2 3 
1 7 2 39 17 1 2 
1 50 9 4 5 
2 2 28 29 7 1 
69 
11 25 30 3 
34 23 10 2 
67 2 
8 19 15 10 11 2 1 2 1 
9 14 20 13 9 4 
1 63 4 1 
5 53 11 
1 44 23 1 
3 2 20 1 15 13 2 6 4 3 
40 26 3 
1 56 8 2 1 1 
3 45 6 12 3 
9 45 15 
3 4 28 7 27 
9 55 1 1 1 1 1 
8 33 28 
1 47 2 4 4 6 3 2 
3 58 2 2 4 
1 48 19 1 
3 2 35 18 6 4 1 
1 62 6 
3 28 1 9 21 3 2 1 1 
1 13 34 7 4 7 3 
3 12 14 19 21 
3 28 36 1 1 
1 19 42 7 
2 24 11 29 2 1 
1 33 26 3 4 2 
11 5 15 31 7 
1 66 1 1 
1 33 11 21 2 1 
6 18 35 9 1 
1 1 44 13 5 4 1 
2 58 9 
1 56 9 3 
1 15 45 4 4 
2 29 16 8 6 3 4 1 
15 47 2 2 1 1 1 
55 2 12 
12 35 20 2 
1 50 6 8 4 
1 30 4 18 15 1 
2 12 11 40 2 2 
1 61 4 1 2 
1 59 2 6 1 
11 19 1 24 14 
1 13 5 3 4 7 4 23 9 
1 18 50 
6 47 16 
1 32 14 22 
1 62 3 2 1 
11 1 52 4 1 
2 51 12 1 1 1 1 
2 7 25 13 5 4 11 2 
2 53 13 1 
1 38 29 1 
1 21 19 14 8 3 3 
12 47 10 
1 66 1 1 
1 58 10 
51 1 10 4 2 1 
1 6 6 41 8 1 6 
1 68 
1 43 4 5 16 
1 42 26 
1 11 48 2 6 1 
3 47 15 3 1 
27 36 3 3 
1 21 33 13 1 
27 39 3 
1 42 5 18 2 1 
1 62 6 
3 11 18 17 4 12 1 2 1 
2 56 10 1 
19 7 13 24 6 
1 20 9 2 35 1 1 
1 44 5 8 6 4 1 
1 50 14 1 1 1 1 
1 45 1 5 2 10 1 2 1 1 
5 41 4 16 3 
1 43 25 
9 56 4 
2 12 40 12 3 
1 20 33 9 1 3 2 
2 3 31 16 8 9 
11 57 1 
3 14 46 5 1 
3 48 18 
8 11 49 1 
4 38 27 
3 63 3 
2 60 6 1 
1 24 39 4 1 
10 53 6 
1 34 13 15 6 
1 28 8 12 7 6 6 1 
2 51 3 3 4 2 1 3 
1 19 21 23 4 1 
1 17 30 4 4 3 2 1 1 3 2 1 
2 59 6 1 1 
1 37 18 1 11 1 
2 4 39 7 6 3 4 1 1 1 1 
1 48 20 
1 28 32 3 3 2 
1 24 42 2 
1 18 14 31 2 1 2 
2 36 24 6 1 
24 33 11 1 
16 10 28 14 1 
18 17 5 26 3 
20 33 9 5 2 
39 15 13 2 
23 31 15 
6 40 18 5 
1 37 25 3 2 1 
7 54 6 1 1 
5 40 19 3 1 1 
23 33 5 4 3 1 
2 31 3 11 20 2 
1 50 17 1 
3 50 14 2 
1 55 11 1 1 
2 27 20 8 9 2 1 
2 60 4 1 1 1 
2 66 1 
2 1 47 18 1 
69 
1 21 46 1 
16 10 5 32 3 1 2 
1 52 7 8 1 
1 52 11 5 
1 56 9 1 2 
18 18 9 5 7 6 2 4 
1 14 10 35 7 1 1 
7 8 50 3 1 
7 26 3 7 2 16 8 
2 40 22 4 1 
29 17 3 2 6 5 5 2 
69 
1 26 3 33 3 3 
2 51 15 1 
14 14 32 3 1 4 1 
1 48 20 
65 3 1 
43 11 15 
2 12 24 25 2 2 1 1 
1 23 9 10 23 1 1 1 
1 12 23 17 7 7 1 1 
35 14 9 2 9 
4 57 1 5 1 1 
13 4 8 43 1 
4 31 12 20 2 
15 54 
1 31 28 5 4 
1 38 28 2 
15 54 
1 10 5 53 
34 19 3 11 1 1 
2 32 24 3 7 1 
1 68 
1 2 3 39 10 6 6 1 1 
1 10 47 9 1 1 
2 26 7 8 25 1 
1 45 10 12 1 
23 9 25 5 5 2 
21 9 19 5 8 2 4 1 
1 55 2 6 4 1 
3 38 6 21 1 
3 24 27 6 4 5 
4 48 9 6 2 
1 17 34 10 4 2 1 
69 
1 6 41 19 2 
1 26 36 3 3 
13 33 7 12 2 2 
2 67 
1 56 12 
28 18 3 6 14 
12 19 30 3 5 
2 41 12 7 6 1 
7 51 6 1 1 2 1 
1 15 17 16 7 1 9 2 1 
1 54 1 13 
1 16 39 9 3 1 
19 36 3 9 2 
22 6 27 10 3 1 
2 40 16 9 1 1 
16 47 6 
2 57 10 
1 48 8 9 2 1 
26 37 6 
1 44 24 
5 34 11 12 7 
1 68 
69 
5 47 5 3 2 7 
1 28 21 12 3 1 3 
5 32 22 5 4 1 
1 4 50 2 11 1 
1 45 7 10 3 2 1 
1 22 46 
1 29 18 19 2 
1 37 31 
2 1 6 1 32 14 5 6 1 1 
1 52 12 4 
3 52 8 1 3 2 
1 37 19 1 5 1 3 1 1 
1 67 1 
1 53 5 8 1 1 
5 22 33 2 6 1 
33 8 13 1 12 2 
1 21 1 4 24 9 9 
1 65 2 1 
1 35 12 5 12 4 
37 16 16 
1 49 11 7 1 
6 42 7 10 1 1 1 1 
69 
2 8 57 2 
1 57 11 
2 2 40 16 2 5 2 
3 10 56 
4 54 11 
2 67 
4 49 12 4 
3 37 29 
4 52 5 3 5 
5 61 3 
1 10 20 4 9 25 
69 
1 26 30 5 5 1 1 
3 59 2 5 
8 57 1 2 1 
9 22 27 3 4 3 1 
29 23 1 3 2 1 2 1 5 1 1 
66 2 1 
1 28 6 7 13 5 9 
6 24 18 13 8 
1 11 56 1 
5 55 4 4 1 
1 63 4 1 
1 15 23 30 
2 62 4 1 
65 3 1 
1 53 12 3 
1 20 36 9 3 
1 28 14 13 4 3 4 2 
9 19 36 4 1 
2 65 1 1 
2 3 26 9 5 13 11 
1 55 11 1 1 
2 66 1 
1 56 1 9 1 1 
1 56 6 6 
6 41 20 1 1 
1 48 14 2 4 
2 53 9 3 2 
2 29 38 
7 40 21 1 
1 14 15 8 23 8 
1 11 6 16 12 10 6 3 3 1 
2 48 14 1 4 
26 5 20 5 1 11 1 
4 55 6 3 1 
1 24 26 4 7 7 
3 58 7 1 
1 48 10 8 1 1 
1 25 23 9 10 1 
39 20 8 1 1 
3 7 52 4 3 
1 44 23 1 
19 40 2 5 1 1 1 
1 12 30 20 5 1 
1 33 31 4 
6 40 14 8 1 
2 35 16 1 5 1 5 3 1 
1 54 5 2 7 
1 35 29 3 1 
2 10 14 1 29 12 1 
2 28 19 3 11 2 4 
1 67 1 
1 19 42 1 4 1 1 
65 4 
2 58 9 
2 17 48 2 
18 35 5 2 6 3 
35 21 5 5 2 1 
1 10 58 
2 46 15 5 1 
69 
28 25 9 4 1 1 1 
1 35 23 2 2 1 2 1 2 
1 6 30 28 4 
1 64 2 1 1 
1 66 1 1 
1 6 40 4 10 8 
1 61 5 1 1 
1 51 10 7 
4 60 4 1 
1 16 52 
3 55 6 2 1 2 
6 28 35 
3 4 17 31 8 5 1 
3 51 9 1 2 1 1 1 
1 65 3 
1 61 2 2 3 
1 4 51 5 8 
1 63 4 1 
16 13 24 10 6 
1 68 
1 56 5 2 3 2 
13 33 6 16 1 
4 19 29 14 1 2 
3 22 34 5 5 
2 40 21 3 3 
46 21 2 
39 24 2 4 
18 50 1 
1 62 3 1 2 
8 36 6 19 
5 51 8 4 1 
3 46 5 2 4 1 1 5 1 1 
3 32 7 3 19 5 
4 63 1 1 
9 56 4 
1 64 1 1 1 1 
9 26 1 1 10 10 6 4 2 
1 9 39 15 1 4 
1 55 13 
2 54 13 
15 11 5 9 5 17 7 
2 59 8 
2 66 1 
2 28 22 3 11 1 2 
3 26 35 1 1 2 1 
59 10 
1 13 41 9 5 
68 1 
61 2 1 3 2 
2 5 37 9 6 3 6 1 
6 11 14 3 2 13 19 1 
12 9 11 32 3 2 
19 4 10 23 7 6 
1 54 13 1 
1 49 9 3 6 1 
7 40 14 7 1 
36 7 4 12 1 1 7 1 
9 32 6 12 7 3 
12 5 11 23 14 4 
1 11 9 40 7 1 
17 27 25 
1 11 16 26 6 7 1 1 
5 25 35 1 1 2 
1 1 46 16 3 1 1 
1 45 15 3 2 1 2 
10 30 27 1 1 
5 30 14 1 19 
1 64 4 
2 21 30 14 2 
27 24 3 9 3 2 1 
1 47 13 5 2 1 
5 3 6 52 1 1 1 
1 6 17 7 30 6 2 
30 7 8 19 2 2 1 
26 35 8 
3 55 6 5 
1 64 3 1 
1 65 3 
7 58 1 1 2 
6 7 54 2 
4 62 3 
1 9 19 15 10 1 11 1 2 
12 29 9 12 3 1 3 
1 47 3 11 6 1 
2 8 19 8 14 17 1 
11 7 11 20 13 1 3 3 
1 32 32 4 
1 1 44 18 4 1 
8 32 6 15 4 3 1 
1 6 16 30 7 6 2 1 
4 64 1 
1 15 22 7 3 3 12 6 
64 2 3 
5 45 19 
31 12 20 4 2 
36 18 1 3 5 3 2 1 
7 4 20 24 9 2 2 1 
2 67 
1 36 5 9 10 1 5 1 1 
1 43 11 13 1 
68 1 
2 8 34 12 10 2 1 
6 2 43 10 8 
1 66 1 1 
1 62 1 4 1 
2 7 37 23 
2 29 20 7 11 
2 49 18 
1 4 15 30 19 
6 45 10 3 3 2 
52 14 3 
4 12 10 18 2 23 
6 29 7 17 1 2 1 1 3 2 
1 60 2 6 
1 47 5 16 
35 6 6 6 8 4 4 
1 30 34 2 2 
1 53 10 1 2 1 1 
1 41 6 20 1 
2 13 47 2 1 2 1 1 
6 49 13 1 
1 1 25 2 32 8 
1 13 49 3 2 1 
10 56 3 
5 39 2 13 1 3 1 1 3 1 
8 27 33 1 
2 24 5 2 22 8 1 2 2 1 
2 61 6 
3 54 12 
3 9 17 15 13 7 4 1 
5 21 10 17 9 2 2 2 1 
1 54 9 4 1 
3 34 31 1 
4 15 3 44 2 1 
45 20 4 
21 44 4 
26 21 6 8 3 2 3 
30 39 
6 58 2 3 
29 9 29 1 1 
1 62 6 
8 39 15 7 
1 53 11 3 1 
1 37 30 1 
3 42 13 1 9 1 
4 22 37 1 2 1 2 
2 64 1 2 
2 58 8 1 
1 60 5 1 2 
5 15 13 7 22 3 2 1 1 
1 43 25 
5 41 14 9 
1 48 5 15 
2 61 6 
22 1 36 3 7 
50 18 1 
1 58 8 1 1 
4 34 18 3 10 
1 32 12 10 5 4 3 2 
5 1 41 18 4 
2 35 25 7 
1 47 21 
4 42 22 1 
1 63 1 4 
2 67 
1 3 8 1 3 21 8 16 7 1 
2 21 6 33 1 2 3 1 
3 38 12 1 6 1 3 2 3 
3 14 34 18 
1 23 6 33 6 
68 1 
2 54 2 1 4 1 1 3 1 
1 6 6 21 11 11 6 2 4 1 
14 29 12 14 
2 44 23 
8 12 49 
10 15 1 30 3 5 1 3 1 
2 1 6 1 57 2 
49 12 5 2 1 
3 39 22 5 
3 46 20 
2 32 29 3 1 2 
21 2 38 7 1 
2 45 13 3 6 
54 3 5 7 
1 2 21 7 19 1 7 4 7 
1 65 1 2 
69 
2 52 1 9 1 4 
4 16 32 8 7 2 
4 27 7 16 1 6 7 1 
22 10 20 11 5 1 
1 6 11 22 19 5 5 
5 24 25 11 4 
2 56 3 3 5 
5 32 2 5 8 15 2 
16 42 9 1 1 
1 49 10 8 1 
2 5 49 10 1 2 
2 25 23 14 1 1 1 1 1 
1 4 7 13 10 10 22 2 
1 33 31 2 1 1 
5 53 7 4 
1 52 15 1 
2 3 64 
5 6 29 1 15 8 1 2 2 
1 33 23 8 3 1 
2 26 5 12 12 4 4 3 1 
1 53 2 4 3 4 2 
3 44 10 10 1 1 
5 18 39 3 2 1 1 
1 63 5 
8 37 15 5 4 
4 12 6 31 8 6 2 
6 45 18 
2 45 20 1 1 
2 13 14 14 16 4 4 2 
50 11 5 1 1 1 
5 8 10 13 17 8 7 1 
4 48 10 5 1 1 
1 13 36 16 2 1 
2 35 32 
4 58 2 4 1 
1 48 6 11 1 1 1 
1 38 20 4 4 1 1 
65 1 2 1 
1 20 7 6 22 3 8 1 1 
2 60 2 1 3 1 
1 40 20 2 1 2 2 1 
5 52 1 8 2 1 
1 32 35 1 
1 32 36 
1 32 10 22 2 1 1 
5 57 3 3 1 
1 8 12 26 13 7 2 
2 55 8 1 2 1 
1 11 4 42 1 7 1 2 
2 40 18 1 6 1 1 
6 62 1 
29 34 6 
1 53 1 14 
1 1 45 11 9 1 1 
1 35 16 6 10 1 
4 40 1 2 4 1 7 3 7 
4 6 10 13 8 13 1 6 6 2 
2 50 13 4 
5 31 32 1 
3 22 7 14 4 18 1 
1 38 30 
1 24 42 2 
3 62 2 2 
11 1 20 13 20 2 2 
14 45 7 2 1 
2 31 9 19 4 4 
11 53 5 
3 33 18 5 9 1 
1 39 15 2 10 1 1 
5 58 2 4 
4 55 1 8 1 
1 3 24 29 9 3 
7 56 5 1 
2 47 16 3 1 
3 22 15 7 8 2 2 1 1 1 6 1 
7 20 37 4 1 
2 3 58 1 5 
12 27 21 4 1 2 2 
26 42 1 
1 1 25 3 35 4 
1 46 15 6 1 
7 7 11 13 2 19 7 1 1 1 
4 62 1 1 1 
68 1 
1 66 2 
3 57 9 
1 64 1 2 1 
30 37 2 
6 33 11 12 7 
19 29 8 4 6 1 2 
4 41 24 
2 35 4 20 7 1 
5 62 2 
49 3 12 1 4 
2 11 51 4 1 
3 25 12 15 14 
24 41 1 3 
57 9 2 1 
2 58 8 1 
2 66 1 
4 53 2 9 1 
5 41 5 8 10 
1 54 4 6 3 1 
4 56 6 1 2 
12 39 8 6 2 2 
2 58 9 
37 20 5 4 1 1 1 
2 54 2 7 3 1 
7 57 5 
1 63 5 
3 22 38 4 2 
1 23 19 19 4 3 
5 12 31 5 13 1 1 1 
37 8 10 2 6 5 1 
2 40 21 2 1 3 
6 16 20 9 5 6 6 1 
12 54 1 1 1 
50 1 10 4 3 1 
69 
15 5 22 8 10 1 7 1 
6 32 18 3 2 1 7 
1 63 2 3 
67 2 
1 62 1 2 3 
1 19 3 27 6 11 1 1 
1 36 30 2 
12 26 8 21 2 
6 2 43 13 2 3 
9 60 
2 54 13 
2 36 8 6 6 10 1 
68 1 
1 49 19 
6 27 27 4 4 1 
6 4 17 15 5 4 8 10 
1 40 1 2 11 13 1 
2 47 3 6 10 1 
1 23 41 3 1 
2 20 32 10 2 2 1 
1 62 6 
1 57 11 
1 37 21 5 1 1 1 1 1 
1 58 10 
17 44 5 2 1 
18 37 10 3 1 
69 
51 6 3 2 1 1 5 
12 32 20 3 1 1 
1 35 27 5 1 
1 26 12 9 19 1 1 
4 35 1 19 7 1 2 
6 13 18 14 18 
17 38 4 6 4 
2 42 25 
2 27 4 3 21 4 6 1 1 
3 13 9 5 15 12 5 7 
3 21 11 22 2 3 7 
3 36 30 
67 1 1 
1 50 5 2 2 7 2 
1 44 15 3 4 2 
55 14 
17 4 4 15 2 17 4 1 4 1 
5 28 14 15 7 
14 1 52 1 1 
1 28 15 5 13 3 1 3 
24 32 9 4 
1 27 38 1 2 
3 25 26 11 1 2 1 
4 17 2 2 7 31 4 1 1 
1 15 47 3 3 
1 60 8 
10 47 6 1 2 1 2 
12 49 2 4 1 1 
11 23 33 1 1 
5 61 3 
1 65 1 2 
1 51 14 1 1 1 
1 42 19 5 2 
1 55 6 2 5 
1 41 23 3 1 
6 31 7 19 4 1 1 
1 19 10 29 1 8 1 
7 17 44 1 
4 15 3 2 13 13 6 2 5 1 3 2 
8 31 14 8 1 1 5 1 
5 56 8 
3 49 9 6 2 
22 19 27 1 
2 16 43 5 2 1 
6 36 26 1 
1 6 26 16 2 9 7 2 
3 3 11 45 1 5 1 
1 1 56 5 5 1 
16 46 2 4 1 
1 42 20 4 1 1 
5 58 4 1 1 
1 64 3 1 
1 52 11 5 
52 6 11 
15 29 5 18 1 1 
2 63 1 3 
2 57 2 2 6 
2 63 1 3 
3 66 
1 59 2 2 5 
1 54 14 
1 49 11 3 3 1 1 
1 39 20 8 1 
11 46 11 1 
4 8 8 34 14 1 
1 8 55 2 2 1 
3 29 7 26 1 2 1 
1 34 16 12 4 2 
4 15 38 4 4 3 1 
1 59 2 1 6 
2 35 29 2 1 
9 30 16 4 9 1 
3 53 12 1 
1 34 18 15 1 
1 7 24 17 9 4 6 1 
4 6 2 47 3 6 1 
1 34 23 7 2 2 
11 4 17 1 1 23 4 3 1 1 1 1 1 
1 49 10 5 4 
3 61 5 
1 52 9 3 2 1 1 
16 1 13 26 13 
1 62 6 
2 13 27 25 1 1 
2 51 5 5 4 1 1 
1 40 5 14 1 8 
1 2 20 12 13 7 12 2 
1 7 55 1 4 1 
54 13 1 1 
13 24 3 23 2 1 3 
1 6 12 48 2 
8 38 23 
63 2 4 
58 11 
15 21 26 2 5 
63 6 
1 67 1 
5 57 7 
2 23 18 24 1 1 
1 65 3 
1 42 2 14 4 4 2 
2 28 23 8 7 1 
1 16 23 20 1 4 2 2 
3 53 12 1 
9 52 1 6 1 
3 22 23 2 14 3 1 1 
1 11 57 
1 67 1 
2 58 5 2 1 1 
18 9 17 14 10 1 
69 
3 36 3 2 25 
13 1 17 28 5 4 1 
1 45 19 4 
3 56 1 1 3 4 1 
3 46 19 1 
12 20 6 6 24 1 
1 2 45 13 5 3 
8 2 26 9 5 7 11 1 
62 4 2 1 
44 14 11 
1 23 29 1 14 1 
1 25 40 1 1 1 
7 44 2 5 11 
22 39 5 1 1 1 
1 38 3 14 4 2 3 1 3 
11 49 9 
2 21 37 3 3 3 
27 22 18 1 1 
1 39 15 14 
36 11 12 1 3 4 2 
38 11 15 2 3 
1 22 30 4 10 2 
2 24 28 11 3 1 
1 18 1 8 27 14 
30 26 2 6 1 1 3 
1 5 47 3 6 3 1 2 1 
1 3 31 27 4 2 1 
22 4 1 22 1 3 14 2 
6 22 32 9 
4 22 24 17 2 
1 61 6 1 
1 27 28 3 9 1 
2 35 12 9 5 5 1 
57 6 6 
17 48 2 2 
1 62 3 1 2 
2 11 53 1 1 1 
18 1 37 6 5 2 
52 6 3 3 4 1 
8 24 15 3 11 1 3 3 1 
2 64 1 2 
9 17 25 13 3 1 1 
2 3 4 23 5 8 3 18 3 
1 23 6 18 20 1 
15 52 2 
7 9 37 16 
1 61 7 
2 65 2 
29 18 20 1 1 
18 29 9 4 9 
55 14 
4 60 5 
20 45 4 
10 57 2 
3 51 15 
4 46 13 6 
62 6 1 
2 13 54 
2 45 7 4 8 2 1 
63 2 1 1 1 1 
53 5 4 7 
3 9 47 7 3 
3 18 43 4 1 
6 25 26 3 3 2 2 2 
16 49 4 
4 28 1 27 2 1 6 
8 51 3 7 
9 7 37 5 8 1 2 
3 62 4 
3 34 4 23 5 
6 34 1 5 9 6 5 1 2 
23 16 6 1 20 1 2 
3 43 10 13 
2 15 33 5 5 6 3 
6 59 3 1 
1 10 1 35 3 10 2 1 3 3 
2 66 1 
1 41 14 5 3 2 1 1 1 
2 55 11 1 
1 4 3 20 23 9 8 1 
69 
6 7 52 2 2 
21 35 13 
14 9 22 22 1 1 
3 21 17 14 7 4 2 1 
2 32 28 7 
1 48 20 
39 17 5 4 1 2 1 
1 23 19 26 
1 54 5 6 3 
1 39 29 
1 28 6 33 1 
17 6 41 5 
1 18 15 16 8 7 4 
1 28 35 4 1 
1 58 2 4 3 1 
56 13 
11 13 33 5 5 1 1 
2 11 54 1 1 
6 32 15 8 3 2 1 1 1 
1 26 7 8 18 3 1 3 2 
16 51 1 1 
4 22 9 14 20 
2 4 30 5 17 9 2 
1 54 13 1 
2 17 50 
1 8 28 18 10 1 3 
6 54 3 3 1 1 1 
1 58 9 1 
11 45 1 3 5 4 
46 5 1 7 6 2 2 
2 39 16 3 2 7 
3 10 56 
67 1 1 
5 18 23 10 2 4 5 2 
3 60 3 3 
1 34 19 3 12 
40 11 12 4 2 
3 29 37 
1 54 11 2 1 
8 24 26 5 5 1 
1 53 3 6 4 2 
11 30 17 6 4 1 
31 15 17 3 3 
65 4 
54 10 1 4 
1 9 28 14 15 1 1 
53 11 2 1 2 
1 64 4 
1 44 13 1 5 1 2 1 1 
36 26 6 1 
8 6 2 53 
9 7 41 5 7 
7 31 11 4 1 8 1 1 5 
2 1 6 17 29 9 5 
6 25 36 1 1 
1 23 37 3 4 1 
1 20 41 2 5 
2 46 12 8 1 
1 40 8 9 1 3 1 3 3 
1 51 17 
4 14 36 5 1 6 3 
2 3 5 11 15 15 12 3 1 1 1 
46 11 12 
1 52 10 3 2 1 
3 45 2 1 12 5 1 
2 58 9 
3 42 16 1 5 2 
3 51 5 3 7 
1 21 46 1 
8 23 21 15 1 1 
1 8 24 14 21 1 
1 20 26 6 13 3 
4 40 19 2 3 1 
2 4 22 5 14 2 11 7 1 1 
2 23 37 5 2 
2 57 6 4 
1 19 24 10 5 8 2 
60 3 3 1 1 1 
28 8 14 3 9 7 
11 25 15 5 10 3 
1 46 18 4 
32 34 2 1 
1 33 7 13 8 7 
1 49 17 2 
13 38 6 2 1 8 1 
5 55 4 3 1 1 
1 67 1 
1 56 1 3 5 2 1 
4 22 42 1 
2 61 6 
1 49 13 4 2 
15 34 20 
1 6 61 1 
1 57 8 3 
3 9 47 9 1 
1 28 39 1 
68 1 
1 46 12 1 8 1 
1 46 22 
1 13 49 5 1 
7 57 5 
8 50 11 
11 36 3 3 7 8 1 
1 4 60 2 2 
2 27 8 14 4 10 4 
65 4 
1 63 4 1 
10 36 16 6 1 
24 2 2 21 20 
2 65 1 1 
1 52 14 2 
1 40 24 4 
4 5 27 12 19 2 
1 23 36 8 1 
5 24 35 1 1 2 1 
35 30 4 
1 14 54 
2 38 13 9 7 
16 26 23 3 1 
3 24 10 32 
3 28 2 4 20 4 1 1 6 
1 62 6 
1 6 16 43 1 1 1 
2 12 6 29 18 2 
11 45 6 4 3 
1 63 2 1 2 
1 67 1 
15 8 16 29 1 
19 12 25 2 8 2 1 
69 
3 56 10 
10 11 48 
2 65 2 
1 48 12 5 2 1 
1 52 12 1 3 
4 44 15 2 2 1 1 
3 66 
2 9 58 
1 62 5 1 
20 35 7 5 2 
1 64 3 1 
1 17 51 
6 38 10 13 1 1 
69 
1 14 24 22 1 4 2 1 
1 53 8 3 4 
52 14 3 
3 27 39 
3 2 37 1 24 1 1 
3 34 22 7 1 1 1 
2 6 27 24 10 
4 10 14 31 7 3 
17 44 7 1 
1 6 17 3 3 22 13 1 2 1 
8 42 16 3 
2 45 16 3 1 1 1 
1 57 11 
35 20 14 
26 19 23 1 
11 25 29 1 2 1 
2 45 8 4 3 5 2 
1 35 12 14 5 1 1 
1 5 45 15 2 1 
1 48 6 11 1 2 
21 7 12 3 21 2 3 
1 65 3 
3 60 5 1 
26 17 26 
3 57 9 
16 51 2 
2 57 7 1 2 
3 12 31 9 8 6 
2 66 1 
5 40 23 1 
1 56 6 4 1 1 
3 36 25 4 1 
9 42 11 4 1 2 
3 18 2 28 12 3 3 
64 2 2 1 
14 3 14 6 30 2 
10 9 42 3 4 1 
1 35 10 16 6 1 
1 60 2 5 1 
3 51 3 8 1 3 
19 48 2 
4 9 9 24 3 15 5 
2 7 47 6 3 3 1 
1 54 10 3 1 
2 36 20 6 5 
9 1 31 6 3 12 5 2 
62 2 4 1 
30 6 6 5 13 3 3 2 1 
6 31 5 13 9 3 2 
1 52 10 1 1 3 1 
1 60 1 4 3 
1 10 40 7 4 2 2 3 
1 35 28 4 1 
5 15 16 28 5 
1 45 11 5 7 
27 7 28 3 4 
1 1 54 2 5 4 1 1 
69 
1 38 13 5 6 4 2 
1 16 2 12 5 30 3 
4 25 22 8 6 2 1 1 
1 50 11 3 3 1 
25 39 1 2 2 
4 58 4 3 
2 49 10 5 3 
1 15 53 
1 14 15 24 1 9 3 1 1 
13 17 3 34 1 1 
3 16 46 3 1 
5 33 22 3 2 2 1 1 
2 15 51 1 
2 59 8 
2 38 28 1 
69 
1 19 8 34 4 1 2 
11 7 14 13 4 4 11 3 1 1 
68 1 
1 36 19 9 4 
4 19 10 15 16 2 1 2 
12 52 4 1 
2 22 12 21 5 2 5 
5 40 13 4 3 3 1 
3 26 26 2 12 
1 14 21 32 1 
6 26 9 8 4 2 1 5 3 4 1 
1 17 46 4 1 
5 55 9 
69 
2 29 27 3 2 4 2 
1 44 19 5 
2 15 52 
3 10 14 35 5 1 1 
3 17 8 1 9 30 1 
8 61 
6 20 8 9 8 17 1 
1 47 8 9 2 1 1 
2 62 5 
17 1 33 15 2 1 
3 10 54 2 
44 7 3 12 1 2 
1 57 2 5 2 2 
2 15 15 27 1 3 4 2 
24 19 20 4 2 
1 9 23 13 13 4 1 3 2 
2 15 19 24 4 4 1 
1 1 25 34 4 4 
1 48 8 11 1 
1 22 11 12 8 2 3 4 4 1 1 
1 45 23 
5 62 1 1 
1 19 4 29 1 10 3 1 1 
1 31 22 12 1 2 
26 33 5 1 4 
1 26 40 2 
6 13 32 11 6 1 
1 27 27 4 6 1 2 1 
1 43 23 2 
3 29 20 3 4 9 1 
1 26 27 12 2 1 
2 48 7 9 3 
20 33 16 
1 68 
1 19 48 1 
1 19 3 24 2 10 8 1 1 
3 61 2 2 1 
1 34 12 2 10 2 1 5 1 1 
2 16 33 3 14 1 
1 42 7 19 
3 32 26 2 2 3 1 
2 14 4 45 4 
64 2 3 
49 11 3 3 2 1 
69 
1 62 4 2 
1 29 17 7 15 
1 19 41 5 3 
2 46 16 3 1 1 
1 54 14 
1 22 18 26 1 1 
35 14 6 1 4 7 2 
19 29 12 8 1 
1 60 8 
57 11 1 
1 36 1 16 12 2 1 
61 2 6 
19 25 5 11 9 
5 44 13 7 
2 42 1 17 3 3 1 
3 63 3 
1 24 24 4 14 1 1 
23 30 3 10 2 1 
10 29 7 3 15 1 4 
1 30 37 1 
1 26 2 16 5 4 7 1 5 1 1 
1 54 4 4 5 1 
68 1 
6 63 
4 4 52 5 1 3 
1 33 2 32 1 
6 15 21 4 2 1 16 4 
1 30 9 21 3 3 1 1 
1 48 6 10 1 3 
1 31 15 7 5 10 
14 14 22 10 1 4 1 2 1 
2 61 4 2 
1 61 7 
2 51 9 4 1 1 1 
1 16 27 23 2 
1 19 1 34 7 5 2 
1 14 54 
1 60 5 3 
11 37 18 2 1 
7 4 47 3 6 2 
1 58 3 4 3 
1 7 4 33 16 5 3 
1 15 40 5 2 3 1 1 1 
2 36 12 2 12 5 
68 1 
10 44 12 1 2 
1 52 11 4 1 
6 47 13 2 1 
1 14 47 2 4 1 
1 40 1 4 21 2 
17 45 7 
1 49 1 17 1 
22 2 1 7 1 32 2 1 1 
41 7 18 3 
1 57 3 8 
1 4 19 41 3 1 
69 
1 12 51 4 1 
4 44 21 
3 57 4 5 
14 49 4 1 1 
40 28 1 
1 38 27 2 1 
4 39 12 4 5 5 
2 42 7 16 2 
1 8 24 9 26 1 
3 10 49 7 
1 59 9 
1 47 5 3 2 6 1 1 3 
25 18 12 2 4 4 2 2 
4 38 17 9 1 
17 7 3 23 3 7 9 
69 
3 65 1 
1 33 1 5 28 1 
3 19 45 2 
5 28 28 4 2 1 1 
1 36 3 24 1 4 
1 43 9 5 7 3 1 
1 43 25 
15 43 10 1 
1 48 14 4 1 1 
4 46 11 5 2 1 
6 5 31 13 1 11 1 1 
2 6 12 43 3 2 1 
1 49 17 2 
1 48 11 6 1 1 1 
11 14 39 3 2 
8 57 3 1 
4 37 21 5 2 
1 38 21 4 4 1 
5 2 20 42 
2 10 36 13 2 5 1 
1 30 18 16 4 
1 37 31 
9 5 17 4 6 8 3 5 1 9 2 
2 33 30 4 
1 16 16 8 17 9 1 1 
2 53 3 11 
4 41 5 4 10 5 
5 22 12 6 3 4 1 4 10 1 1 
3 13 36 7 10 
1 35 24 9 
69 
1 21 8 15 24 
1 53 13 2 
1 17 28 20 3 
24 13 24 6 2 
1 7 6 8 25 7 4 10 1 
3 12 10 26 8 1 7 2 
2 18 48 1 
8 3 47 7 2 1 1 
2 57 10 
1 9 46 6 7 
5 55 9 
33 18 18 
64 4 1 
1 50 4 6 4 2 1 1 
8 42 2 1 5 5 4 2 
6 2 29 5 20 3 2 1 1 
2 51 10 6 
1 7 61 
20 5 29 10 4 1 
47 8 14 
1 5 56 5 2 
1 14 26 12 15 1 
2 31 2 20 14 
7 49 2 9 1 1 
69 
1 41 17 5 4 1 
1 1 21 28 16 1 1 
2 26 22 4 12 3 
10 13 28 1 3 12 1 1 
1 65 2 1 
5 22 42 
1 46 13 7 2 
2 23 22 18 1 3 
35 19 15 
67 2 
51 15 2 1 
2 63 4 
2 37 4 23 1 1 1 
1 67 1 
13 56 
3 12 32 21 1 
6 12 19 10 12 5 5 
1 57 11 
2 67 
12 51 6 
5 47 6 4 4 2 1 
2 62 1 1 2 1 
1 22 8 27 10 1 
2 15 17 3 5 9 13 3 1 1 
3 47 19 
31 8 8 9 13 
1 49 14 2 1 1 1 
1 4 59 2 2 1 
60 2 7 
2 40 19 7 1 
7 32 11 19 
27 4 28 3 2 1 4 
3 63 1 2 
1 57 10 1 
1 20 14 34 
2 36 8 6 13 2 1 1 
6 33 16 8 3 3 
1 43 14 11 
10 21 20 6 3 7 1 1 
56 4 5 1 1 1 1 
1 24 31 4 8 1 
4 9 23 32 1 
1 20 15 17 12 2 1 1 
3 58 3 1 2 2 
1 23 16 14 15 
23 42 4 
1 38 27 3 
1 39 8 2 13 5 1 
7 36 24 2 
2 26 6 16 9 9 1 
1 37 26 3 2 
1 64 1 1 1 1 
2 50 16 1 
1 25 18 3 19 3 
3 13 8 9 28 6 1 1 
1 24 43 1 
1 25 32 2 6 2 1 
55 14 
1 26 22 9 1 10 
1 50 2 7 1 8 
56 2 6 5 
45 14 5 1 2 2 
4 16 12 33 4 
4 48 8 5 1 3 
2 6 32 18 3 4 1 3 
1 5 6 1 42 7 5 2 
3 25 20 13 8 
4 63 2 
22 19 20 5 3 
2 59 2 4 2 
5 61 3 
2 4 63 
1 16 25 20 1 3 1 2 
3 2 25 12 26 1 
7 23 31 5 1 1 1 
4 65 
21 34 6 8 
1 49 19 
1 42 2 15 9 
1 68 
1 64 4 
7 58 4 
2 32 24 8 2 1 
3 24 30 7 2 3 
41 22 3 1 2 
1 6 14 22 3 7 9 1 2 1 3 
6 19 2 36 2 1 1 1 1 
1 8 26 3 22 6 3 
1 49 15 2 1 1 
1 9 3 6 5 8 5 14 14 4 
2 16 11 39 1 
3 59 3 4 
2 7 2 3 5 3 5 24 6 12 
1 65 1 2 
10 50 8 1 
1 66 2 
1 38 28 1 1 
22 45 2 
1 56 12 
12 48 8 1 
1 60 2 6 
9 59 1 
23 7 16 20 3 
1 50 17 1 
2 50 1 12 4 
1 65 1 2 
25 32 3 2 5 2 
45 12 7 4 1 
1 56 10 2 
2 28 2 3 7 16 6 4 1 
68 1 
19 50 
1 61 5 2 
11 33 12 9 4 
7 24 2 28 1 3 4 
62 5 1 1 
1 20 43 4 1 
1 28 32 6 2 
1 3 27 37 1 
3 12 16 23 12 2 1 
1 60 1 2 5 
2 59 2 2 2 1 1 
1 58 9 1 
8 4 29 21 7 
5 52 7 1 3 1 
9 48 4 5 3 
1 21 4 17 1 2 3 11 3 1 2 1 1 1 
4 65 
1 31 37 
5 36 14 9 3 2 
7 52 7 2 1 
1 5 25 19 1 11 6 1 
2 35 1 10 12 3 5 1 
2 3 33 30 1 
3 35 23 4 3 1 
1 2 49 8 6 3 
2 49 18 
4 65 
68 1 
19 17 7 13 6 7 
23 13 19 8 6 
2 25 42 
1 15 22 7 10 3 11 
1 31 30 6 1 
3 48 18 
1 31 4 31 2 
1 12 18 8 11 15 3 1 
6 28 33 1 1 
1 56 6 4 2 
2 14 36 5 6 2 3 1 
1 19 44 1 3 1 
2 49 17 1 
1 37 7 4 13 3 4 
1 43 25 
4 47 18 
67 1 1 
12 19 4 33 1 
33 34 2 
1 7 13 18 21 3 5 1 
2 44 14 3 1 2 2 1 
1 29 17 11 2 6 1 1 1 
2 8 42 2 12 2 1 
6 56 3 4 
2 52 8 5 2 
1 1 37 21 1 5 1 1 1 
2 1 16 47 3 
1 56 2 8 1 1 
1 30 30 2 5 1 
1 21 47 
1 65 1 2 
1 50 2 5 11 
69 
1 65 3 
1 49 4 6 6 3 
1 64 2 2 
2 30 1 33 2 1 
22 11 3 15 11 2 1 2 2 
1 35 26 4 3 
1 62 5 1 
1 21 41 6 
1 64 1 3 
2 26 18 17 3 2 1 
1 6 3 59 
30 39 
47 18 1 1 1 1 
1 26 8 5 18 6 5 
1 35 25 1 7 
67 1 1 
4 4 7 51 2 1 
1 64 1 2 1 
18 11 18 3 8 1 2 5 3 
1 23 24 1 15 2 2 1 
59 6 4 
5 56 2 2 2 2 
17 38 4 1 6 2 1 
1 24 4 2 36 2 
37 11 3 11 2 3 2 
3 47 19 
16 2 18 12 9 2 3 3 4 
48 19 2 
1 63 3 2 
7 38 19 1 3 1 
1 31 37 
1 31 25 5 2 5 
3 45 14 3 1 1 1 1 
8 11 4 42 1 3 
2 10 11 37 8 1 
1 45 19 2 2 
1 49 18 1 
1 15 5 45 3 
1 19 33 8 6 2 
1 63 2 2 1 
2 38 29 
10 19 4 1 9 13 6 3 4 
3 7 15 10 21 7 3 1 2 
3 6 48 8 3 1 
69 
2 65 2 
1 43 2 5 3 4 5 3 3 
2 41 6 17 1 1 1 
35 24 2 7 1 
20 14 6 1 27 1 
16 3 34 3 8 2 1 1 1 
59 2 7 1 
69 
1 66 2 
2 19 38 7 1 2 
4 33 2 2 9 1 13 3 1 1 
3 40 9 17 
3 43 5 5 13 
11 12 45 1 
4 39 24 2 
1 44 1 12 1 8 1 1 
2 29 6 11 13 8 
1 20 1 1 19 23 2 2 
2 43 1 11 2 8 1 1 
1 33 19 5 3 7 1 
1 16 11 14 18 2 4 3 
1 61 7 
1 42 13 1 5 3 3 1 
1 27 37 1 1 1 1 
2 61 2 4 
1 48 3 13 4 
7 25 26 5 5 1 
7 31 2 13 16 
1 27 35 3 2 1 
3 53 4 8 1 
1 11 13 10 22 11 1 
2 10 6 43 6 1 1 
25 23 2 10 3 6 
3 8 43 10 4 1 
10 47 10 2 
6 7 23 6 5 7 9 3 2 1 
6 7 15 1 3 17 13 1 3 1 2 
3 43 22 1 
1 57 11 
1 67 1 
3 13 21 32 
10 35 20 1 1 2 
10 8 41 5 2 3 
1 67 1 
1 67 1 
16 1 37 9 3 2 1 
1 21 42 1 3 1 
1 62 1 1 4 
1 13 35 17 3 
1 1 64 1 1 1 
1 58 10 
38 10 21 
1 24 15 8 4 17 
6 57 1 5 
2 51 5 6 2 1 1 1 
2 41 25 1 
3 64 2 
3 25 39 1 1 
35 23 11 
1 42 26 
1 61 6 1 
4 4 25 6 9 11 8 2 
5 55 9 
46 17 4 1 1 
2 52 5 6 2 2 
12 56 1 
1 9 59 
4 18 9 17 10 8 1 2 
1 19 2 3 9 18 3 9 2 3 
3 44 7 3 6 5 1 
1 46 20 1 1 
6 23 28 7 5 
1 9 35 11 4 2 2 3 2 
1 28 8 25 3 1 2 1 
4 42 18 3 1 1 
16 28 4 4 6 3 5 1 1 1 
9 28 21 4 3 3 1 
2 11 1 40 5 9 1 
40 16 10 2 1 
1 34 2 3 9 4 2 1 9 2 1 1 
8 47 1 12 1 
2 43 6 15 2 1 
6 55 3 4 1 
2 22 6 31 8 
47 5 16 1 
1 57 10 1 
2 14 14 33 6 
2 60 6 1 
2 33 15 8 11 
1 4 60 1 2 1 
11 50 8 
1 8 42 1 9 1 5 1 1 
14 6 7 1 17 22 2 
6 36 17 3 4 2 1 
1 40 16 4 6 1 1 
1 1 47 8 3 5 2 2 
51 7 4 4 3 
1 44 6 15 2 1 
2 54 7 4 1 1 
23 35 3 3 1 3 1 
16 18 11 10 12 1 1 
22 3 2 17 10 2 5 6 2 
4 62 1 2 
1 61 4 3 
3 55 10 1 
2 40 8 2 6 7 4 
1 42 8 12 4 1 1 
3 18 38 6 2 2 
17 47 4 1 
9 16 27 3 4 2 4 4 
2 43 23 1 
1 7 27 24 1 3 2 2 2 
9 46 13 1 
21 42 1 3 1 1 
6 60 1 2 
14 41 5 9 
3 11 12 32 4 4 3 
5 10 41 9 4 
3 9 33 7 4 8 5 
1 23 31 4 3 3 4 
1 54 13 1 
1 37 4 17 3 4 2 1 
9 5 29 14 10 2 
2 16 1 1 10 7 10 4 5 8 1 2 1 1 
62 4 1 1 1 
68 1 
2 11 34 16 5 1 
2 35 12 6 4 7 3 
1 6 48 11 1 2 
1 32 31 5 
12 44 7 1 2 2 1 
1 68 
1 28 36 3 1 
4 49 11 5 
38 23 2 1 1 3 1 
1 5 63 
1 26 42 
16 47 1 2 2 1 
18 20 31 
13 16 34 3 1 2 
1 20 48 
1 14 30 10 6 4 4 
7 6 33 4 10 6 2 1 
3 52 11 3 
1 64 4 
2 66 1 
1 21 14 21 12 
1 55 5 1 6 1 
4 5 26 25 1 8 
12 46 2 7 2 
4 46 6 3 7 2 1 
25 8 6 15 14 1 
1 2 29 36 1 
61 7 1 
1 15 44 3 5 1 
35 14 11 9 
1 5 31 27 5 
2 53 14 
9 59 1 
1 17 8 25 11 1 4 2 
7 10 46 4 2 
1 2 3 40 14 7 1 1 
1 14 21 16 1 10 6 
1 28 7 10 21 1 1 
2 47 20 
3 37 29 
8 58 3 
8 20 41 
22 36 10 1 
21 19 28 1 
21 6 18 7 12 3 1 1 
42 13 1 8 2 3 
11 3 10 38 2 3 1 1 
46 6 14 3 
2 60 2 2 2 1 
2 24 8 22 1 6 5 1 
7 62 
2 56 4 4 1 2 
1 57 3 2 6 
1 23 35 5 5 
2 48 18 1 
2 28 2 14 4 9 3 2 1 1 3 
1 54 13 1 
1 62 3 3 
2 26 23 11 7 
1 4 16 36 11 1 
1 14 48 3 1 1 1 
4 52 7 6 
1 25 38 4 1 
3 55 4 4 2 1 
4 61 1 2 1 
2 35 13 13 5 1 
1 14 42 4 8 
9 17 16 13 5 8 1 
20 24 14 8 1 1 1 
21 10 31 2 3 1 1 
1 11 14 7 21 3 10 2 
19 19 25 4 2 
4 36 7 8 2 5 6 1 
11 18 5 29 2 1 3 
19 45 1 2 1 1 
2 9 58 
68 1 
30 2 20 12 2 3 
1 45 18 2 2 1 
1 14 40 7 4 2 1 
2 3 7 57 
3 17 49 
1 50 1 3 6 2 4 2 
3 30 18 11 4 1 2 
2 15 49 2 1 
3 29 19 10 2 1 1 3 1 
59 10 
2 31 36 
1 35 9 13 8 1 1 1 
2 38 4 24 1 
4 54 6 3 2 
3 16 32 1 2 4 11 
2 39 16 5 7 
4 52 2 11 
69 
1 51 10 6 1 
21 31 5 6 5 1 
1 57 6 1 1 3 
2 12 53 2 
10 1 15 17 24 2 
69 
1 62 1 1 3 1 
2 47 20 
2 10 3 19 29 2 4 
4 28 29 4 4 
4 50 12 1 2 
3 45 20 1 
17 14 9 21 8 
2 64 2 1 
37 32 
26 42 1 
1 1 19 1 44 1 2 
8 21 17 9 13 1 
2 16 35 7 6 1 1 1 
1 16 25 1 3 16 6 1 
1 28 18 9 6 5 1 1 
55 3 2 6 1 2 
1 54 2 6 2 2 2 
1 15 35 10 1 5 2 
1 61 1 1 3 2 
1 6 51 2 9 
5 2 10 51 1 
3 62 2 1 1 
5 48 8 7 1 
1 36 22 7 3 
47 19 3 
67 1 1 
58 3 7 1 
1 42 23 1 2 
3 6 52 7 1 
15 45 9 
67 2 
69 
1 43 25 
1 8 31 28 1 
1 21 20 23 4 
3 9 22 34 1 
4 39 5 3 3 5 3 1 2 2 1 1 
10 41 17 1 
6 16 3 30 4 4 1 1 2 1 1 
26 5 34 4 
15 32 16 2 4 
1 66 1 1 
1 40 10 4 14 
1 31 30 2 5 
33 28 4 2 2 
2 33 10 12 12 
1 2 24 30 10 2 
11 45 12 1 
20 44 1 1 3 
1 53 7 8 
9 40 7 12 1 
3 29 12 12 11 2 
1 22 39 2 3 2 
1 60 8 
1 26 5 28 9 
1 18 21 29 
11 57 1 
2 35 6 15 11 
1 9 58 1 
4 24 19 14 6 2 
26 35 6 1 1 
1 19 49 
2 51 9 1 6 
3 45 21 
4 49 6 8 2 
4 2 14 10 39 
2 20 42 5 
25 37 1 6 
2 20 9 12 17 9 
1 20 3 27 16 2 
1 27 6 3 28 4 
69 
1 26 39 2 1 
1 59 3 5 1 
1 53 13 2 
2 28 18 9 12 
55 8 6 
8 29 30 1 1 
52 15 2 
6 53 4 3 3 
1 61 7 
2 10 15 7 1 7 2 5 18 2 
1 16 51 1 
2 1 55 2 4 1 1 1 2 
69 
1 6 2 40 20 
1 51 6 1 10 
1 50 11 6 1 
1 46 22 
12 6 33 14 2 1 1 
1 24 17 11 14 1 1 
2 5 28 16 10 4 2 1 1 
1 29 23 11 1 4 
1 21 45 2 
21 13 5 17 10 3 
2 44 19 3 1 
1 46 9 12 1 
1 61 4 1 2 
1 64 3 1 
7 31 27 3 1 
41 26 1 1 
2 64 2 1 
2 31 31 5 
1 18 10 25 14 1 
18 46 5 
3 44 16 3 2 1 
1 56 9 3 
1 16 43 1 3 2 3 
40 3 14 6 5 1 
2 46 5 13 3 
1 39 23 4 2 
38 19 10 2 
6 21 35 7 
1 26 39 1 2 
10 13 14 6 3 8 9 5 1 
1 66 2 
51 9 1 7 1 
4 1 50 14 
1 5 30 8 14 8 1 1 1 
69 
51 14 3 1 
1 32 13 15 4 4 
1 50 8 9 1 
26 6 36 1 
1 56 3 8 1 
1 42 13 6 7 
67 2 
1 25 16 14 3 5 1 1 2 1 
11 43 4 8 3 
1 16 12 28 5 5 2 
1 63 4 1 
1 18 31 19 
1 56 7 2 3 
3 13 25 2 12 9 5 
43 8 1 8 2 2 1 3 1 
3 52 12 1 1 
1 51 8 3 1 4 1 
5 38 9 7 5 5 
10 55 2 2 
27 34 4 4 
1 6 33 7 9 3 1 8 1 
4 54 11 
2 39 6 15 4 1 1 1 
2 46 2 13 3 1 2 
5 30 29 5 
1 36 31 1 
1 17 38 7 5 1 
1 41 17 1 5 3 1 
3 22 30 11 1 1 1 
4 52 5 2 4 1 1 
2 57 10 
2 19 10 5 2 15 2 5 3 1 1 3 1 
1 56 12 
12 25 28 3 1 
33 19 13 2 2 
2 51 16 
1 5 63 
1 34 18 5 3 1 5 2 
18 29 14 5 3 
8 44 1 10 6 
1 24 11 15 4 8 5 1 
5 60 2 1 1 
1 66 2 
65 2 2 
1 11 23 23 2 8 1 
1 32 7 25 4 
4 26 5 8 4 9 2 1 6 2 2 
59 10 
2 1 33 15 12 5 1 
59 3 4 3 
6 55 3 2 3 
2 50 16 1 
2 7 38 10 4 6 2 
1 26 24 10 2 2 1 2 1 
68 1 
1 3 29 18 18 
27 39 3 
2 45 12 10 
1 55 11 1 1 
1 13 18 10 9 8 3 2 1 4 
1 32 11 22 1 1 1 
17 42 9 1 
1 52 1 6 9 
2 11 3 16 24 2 6 4 1 
2 56 10 1 
1 18 15 30 2 3 
69 
2 34 3 25 5 
5 20 44 
1 38 10 3 17 
2 66 1 
67 1 1 
2 8 55 1 1 2 
1 21 29 13 5 
1 19 22 19 8 
5 22 42 
7 7 42 7 1 4 1 
2 49 13 3 2 
3 29 21 9 7 
10 14 13 8 1 9 7 4 2 1 
1 61 4 3 
2 64 3 
4 57 1 7 
1 40 17 9 1 1 
15 41 6 7 
8 27 11 3 13 1 2 1 2 1 
1 66 2 
1 5 13 2 16 16 5 1 8 1 1 
1 41 24 1 1 1 
11 13 3 42 
1 45 9 7 4 1 1 1 
1 50 3 3 1 8 2 1 
3 41 16 7 2 
3 6 34 3 14 1 6 1 1 
1 2 58 3 2 2 1 
8 37 4 9 5 6 
44 8 17 
12 25 6 3 17 2 2 1 1 
22 18 28 1 
1 33 30 1 3 1 
32 14 3 17 1 1 1 
10 54 1 2 1 1 
28 31 6 1 1 2 
1 52 13 3 
1 31 16 15 4 2 
67 2 
1 37 6 16 1 3 2 1 1 1 
24 22 3 20 
1 22 42 3 1 
8 46 5 2 4 2 2 
7 62 
1 41 19 3 3 1 1 
2 33 19 2 11 1 1 
46 3 1 1 12 4 2 
1 25 17 16 5 5 
1 15 2 6 40 3 2 
1 1 60 4 3 
1 44 14 7 3 
40 8 21 
34 32 3 
2 41 7 6 4 9 
10 8 11 11 19 6 1 1 2 
3 61 2 2 1 
1 64 3 1 
2 16 20 14 10 6 1 
1 2 24 8 22 4 1 3 1 2 1 
58 7 4 
1 51 5 10 1 1 
1 8 12 25 14 3 2 2 2 
1 8 7 15 27 2 7 2 
1 63 3 1 1 
9 16 38 2 1 3 
3 42 7 1 11 3 1 1 
1 49 3 6 5 4 1 
7 57 2 1 1 1 
33 7 8 16 5 
28 6 18 16 1 
2 6 23 6 6 22 3 1 
1 21 6 10 23 6 2 
21 21 18 8 1 
1 26 32 4 2 1 3 
2 27 2 17 18 3 
1 5 26 11 14 10 2 
1 5 12 38 7 3 3 
11 53 3 2 
67 1 1 
3 12 43 1 9 1 
1 28 19 2 9 6 4 
10 13 37 6 2 1 
3 13 37 7 7 2 
2 40 22 1 2 1 1 
1 48 8 6 2 1 3 
1 35 26 6 1 
4 64 1 
4 48 1 3 8 2 2 1 
1 19 8 32 5 1 1 1 1 
1 10 12 24 10 3 5 2 1 1 
1 32 2 29 3 2 
4 48 13 4 
1 51 10 4 3 
49 12 4 1 2 1 
2 46 21 
1 1 35 16 7 1 3 3 1 1 
1 32 21 5 10 
7 49 13 
22 40 1 6 
1 61 1 4 1 1 
21 29 6 13 
2 48 19 
8 20 40 1 
1 45 19 3 1 
4 43 22 
2 22 3 33 3 4 2 
33 4 10 9 4 5 1 1 2 
37 4 6 12 4 1 5 
1 56 12 
1 2 22 1 7 7 17 7 5 
2 12 42 13 
2 22 7 15 21 2 
8 12 14 16 2 7 3 5 1 1 
2 44 16 6 1 
4 7 18 39 1 
3 8 17 15 26 
3 19 42 3 2 
18 15 28 7 1 
1 39 11 18 
2 27 7 23 5 2 1 1 1 
59 3 2 2 2 1 
4 57 6 2 
2 23 33 10 1 
18 31 17 1 1 1 
1 54 11 3 
34 19 9 7 
1 18 27 20 3 
1 49 13 1 2 2 1 
2 28 18 4 16 1 
3 31 13 22 
3 2 28 4 17 4 11 
1 43 11 2 7 3 1 1 
29 20 2 2 3 10 3 
3 66 
2 23 34 6 1 2 1 
1 29 14 24 1 
14 50 5 
1 64 4 
4 61 3 1 
2 14 7 18 9 6 1 9 1 1 1 
2 39 25 3 
23 25 10 6 3 1 1 
4 52 4 4 1 3 1 
1 1 51 1 15 
4 59 2 4 
13 34 12 5 5 
2 58 4 2 1 1 1 
1 30 25 2 1 3 7 
6 45 4 13 1 
65 1 3 
21 10 30 5 3 
1 32 2 3 27 2 1 1 
1 61 3 4 
1 16 42 1 6 2 1 
10 59 
24 15 3 1 6 8 11 1 
1 35 33 
9 60 
18 33 9 9 
17 27 13 6 5 1 
2 46 18 2 1 
2 64 2 1 
4 57 4 1 2 1 
22 28 9 2 7 1 
1 44 19 1 3 1 
2 34 22 8 3 
5 22 28 3 9 1 1 
1 59 9 
9 56 4 
1 36 12 13 3 1 1 2 
1 36 30 1 1 
2 44 21 1 1 
1 48 20 
2 46 2 4 11 2 1 1 
1 11 24 23 10 
2 31 13 10 11 2 
2 31 32 1 3 
6 56 3 2 2 
6 30 1 1 22 3 1 2 2 1 
42 22 4 1 
1 22 18 2 14 5 4 1 2 
6 46 8 2 1 6 
1 54 10 1 2 1 
1 22 16 13 1 5 6 4 1 
8 29 18 5 1 7 1 
2 38 25 2 2 
1 31 24 5 3 4 1 
2 49 18 
3 7 54 1 2 1 1 
1 23 23 8 7 6 1 
8 7 39 13 1 1 
3 16 45 1 2 1 1 
5 41 5 9 2 1 3 3 
5 15 27 11 4 6 1 
68 1 
69 
7 32 21 6 2 1 
1 2 34 10 9 9 4 
1 5 19 23 11 8 1 1 
1 55 8 4 1 
1 68 
5 46 1 3 2 6 4 1 1 
1 11 38 3 14 1 1 
2 19 5 26 12 5 
9 53 5 2 
1 38 26 4 
1 60 7 1 
9 44 13 2 1 
3 6 13 46 1 
1 68 
14 40 13 1 1 
1 27 19 17 5 
18 31 3 11 4 1 1 
29 4 23 10 1 1 1 
1 19 49 
1 63 1 3 1 
2 1 6 14 35 6 5 
1 34 26 8 
2 56 1 3 5 2 
28 28 4 8 1 
1 33 34 1 
2 21 38 8 
1 34 34 
4 35 30 
2 53 5 6 1 1 1 
1 14 39 1 14 
1 58 2 3 4 1 
2 34 3 11 19 
1 33 33 2 
1 67 1 
2 5 42 18 2 
4 55 3 5 2 
1 15 24 27 1 1 
1 60 8 
3 33 30 3 
1 11 34 18 2 3 
1 12 20 16 1 17 2 
3 46 2 6 4 8 
8 54 7 
1 12 53 2 1 
7 14 22 10 9 5 2 
1 4 34 17 3 8 2 
1 3 11 4 27 1 12 5 1 3 1 
3 47 19 
1 61 2 4 1 
1 56 10 2 
5 17 47 
1 46 19 2 1 
2 55 12 
1 41 26 1 
1 32 36 
1 51 17 
4 32 20 4 7 2 
6 63 
2 35 13 4 15 
1 11 49 8 
4 8 11 13 6 26 1 
1 19 31 11 7 
1 21 2 3 3 1 8 9 4 5 3 6 1 1 1 
1 10 4 41 4 3 2 4 
12 24 30 3 
2 33 13 18 3 
8 10 18 25 7 1 
2 29 33 1 4 
2 67 
65 4 
3 55 4 1 4 1 1 
14 21 29 3 2 
1 53 13 2 
1 61 6 1 
10 3 33 5 17 1 
38 16 12 1 1 1 
1 45 2 16 5 
1 27 21 3 2 14 1 
5 30 18 6 5 1 3 1 
1 56 6 1 2 1 1 1 
2 34 7 19 1 4 2 
1 5 23 22 3 2 9 2 2 
1 55 4 6 1 1 1 
1 16 11 22 4 3 2 2 3 3 2 
10 37 22 
4 43 8 2 5 2 4 1 
15 47 1 2 2 2 
2 24 29 8 5 1 
1 37 16 3 5 2 5 
1 32 1 34 1 
8 26 11 18 6 
4 53 2 8 1 1 
12 12 14 12 7 12 
4 36 16 5 2 4 2 
4 38 13 10 3 1 
1 34 27 6 1 
2 19 16 2 10 8 3 3 2 1 2 1 
1 51 9 2 4 2 
1 17 45 1 5 
1 8 5 12 23 3 17 
4 25 5 23 8 3 1 
3 10 26 10 20 
16 25 11 14 2 1 
1 54 12 1 1 
54 12 3 
1 64 4 
1 35 26 1 4 2 
3 63 3 
31 28 5 1 3 1 
6 36 27 
13 46 5 1 4 
3 49 9 8 
40 20 6 3 
69 
1 17 42 8 1 
1 41 27 
41 23 5 
14 31 1 8 1 12 2 
7 46 2 14 
1 17 14 15 22 
2 26 39 1 1 
1 52 16 
2 50 4 7 6 
1 48 15 5 
1 49 2 6 11 
26 9 9 24 1 
3 43 21 1 1 
2 66 1 
3 50 2 14 
2 50 11 3 3 
58 10 1 
1 63 4 1 
63 4 2 
2 60 6 1 
2 3 37 20 6 1 
6 62 1 
3 33 18 11 1 3 
12 47 9 1 
7 45 6 10 1 
63 5 1 
68 1 
1 39 28 1 
1 28 31 2 7 
1 25 4 1 32 4 2 
2 17 23 7 5 14 1 
1 52 4 7 3 2 
27 11 26 1 1 2 1 
16 24 22 3 3 1 
7 42 15 1 2 1 1 
2 30 21 10 1 3 2 
1 66 1 1 
29 36 2 2 
28 39 2 
4 52 4 4 5 
6 16 14 13 7 6 1 1 3 2 
1 60 4 1 1 1 1 
3 9 44 8 1 2 1 1 
10 27 5 21 3 3 
9 32 1 24 1 2 
8 2 29 16 8 4 2 
6 6 23 21 11 2 
14 50 3 1 1 
67 1 1 
5 12 6 21 10 1 14 
21 18 6 3 3 1 8 3 3 1 2 
2 49 3 1 1 9 2 1 1 
7 35 13 6 4 3 1 
15 11 7 35 1 
14 28 11 16 
4 8 12 37 8 
3 38 23 4 1 
1 6 29 24 6 3 
8 16 23 7 3 11 1 
1 36 20 6 3 3 
27 16 19 2 1 4 
1 6 10 21 20 6 1 4 
30 30 9 
25 35 4 1 1 1 2 
5 2 4 4 16 25 13 
43 16 4 6 
6 23 14 21 3 2 
1 56 10 1 1 
2 5 5 18 16 2 11 3 5 2 
1 64 4 
1 25 40 3 
1 1 56 8 2 1 
4 43 21 1 
1 57 11 
2 52 2 8 3 2 
9 36 9 4 9 1 1 
1 68 
1 45 23 
1 44 14 1 4 4 1 
8 5 10 7 3 22 2 9 2 1 
2 28 35 2 2 
1 19 29 1 7 2 3 6 1 
13 50 6 
2 66 1 
4 32 11 14 2 1 2 1 2 
1 53 12 2 1 
2 44 12 7 4 
3 30 13 20 2 1 
1 59 1 8 
1 21 39 1 3 3 1 
1 23 27 4 3 10 1 
1 26 38 2 1 1 
29 26 5 2 7 
1 20 3 24 11 9 1 
9 50 5 4 1 
43 21 1 2 1 1 
1 4 18 22 9 8 7 
16 9 14 2 20 6 1 1 
21 12 35 1 
2 61 2 1 2 1 
