1 47 18 3 1 
70 
2 29 17 17 2 2 1 
68 2 
1 25 8 13 21 2 
1 65 2 2 
2 17 40 6 5 
1 58 9 1 1 
27 5 13 15 4 1 2 1 1 1 
1 25 39 1 4 
2 45 5 7 2 3 5 1 
1 64 5 
10 16 14 8 8 14 
1 25 12 19 13 
5 6 57 2 
8 48 12 1 1 
4 31 13 7 3 8 1 3 
1 65 2 1 1 
2 12 56 
11 52 1 6 
8 2 58 2 
49 10 11 
2 12 24 9 12 6 2 1 2 
6 37 7 11 6 3 
2 32 8 2 15 8 2 1 
1 33 30 1 4 1 
7 13 1 20 27 1 1 
5 49 2 14 
14 14 42 
1 64 1 3 1 
1 17 38 1 12 1 
38 24 2 4 1 1 
9 49 7 1 4 
1 34 27 6 2 
4 49 10 1 5 1 
14 38 8 6 1 3 
1 57 12 
7 49 6 6 1 1 
4 32 12 13 7 2 
2 9 8 46 5 
1 69 
1 15 4 24 19 5 2 
2 66 2 
68 2 
1 35 34 
20 22 16 12 
2 12 49 4 2 1 
1 66 3 
12 26 2 15 10 3 2 
13 7 36 12 1 1 
1 34 3 16 15 1 
1 64 2 3 
35 35 
1 59 10 
12 19 24 15 
1 7 36 8 8 2 2 4 1 1 
3 64 3 
3 45 8 14 
4 16 45 5 
9 51 3 3 2 1 1 
70 
16 42 11 1 
13 19 6 23 2 6 1 
1 59 4 6 
58 7 1 3 1 
1 68 1 
1 22 47 
3 7 37 15 3 3 1 1 
67 1 1 1 
6 42 22 
6 55 4 5 
1 56 13 
1 7 49 6 2 5 
1 36 24 8 1 
5 40 16 6 2 1 
1 38 29 1 1 
10 41 2 15 1 1 
3 51 7 5 4 
4 55 5 2 4 
30 35 2 3 
1 10 43 16 
7 3 59 1 
67 2 1 
3 13 29 10 6 6 3 
1 48 11 4 2 3 1 
52 2 12 4 
9 49 9 2 1 
1 67 2 
39 17 14 
56 3 11 
8 34 10 18 
15 17 20 10 7 1 
18 16 32 1 1 2 
69 1 
8 60 1 1 
1 38 9 19 2 1 
5 64 1 
11 47 12 
1 11 52 2 1 2 1 
14 1 35 5 9 1 1 3 1 
1 23 24 11 8 3 
8 57 5 
1 48 14 6 1 
70 
30 2 17 21 
2 21 12 20 8 4 2 1 
24 41 5 
1 37 32 
2 42 24 1 1 
63 2 2 1 2 
3 61 1 5 
1 7 5 53 3 1 
1 28 9 6 12 10 3 1 
51 10 4 2 2 1 
42 16 3 9 
62 5 2 1 
3 36 22 3 4 2 
2 65 2 1 
4 64 2 
3 56 3 1 4 3 
70 
2 66 1 1 
60 4 5 1 
30 13 18 4 4 1 
2 29 28 3 2 2 3 1 
1 48 1 17 2 1 
6 60 1 3 
2 52 4 4 2 6 
1 32 11 11 3 8 2 2 
1 28 36 5 
60 2 8 
4 40 13 10 3 
2 32 1 29 4 1 1 
42 12 2 13 1 
1 65 2 2 
1 45 24 
8 9 9 41 3 
1 53 10 6 
39 2 16 10 1 1 1 
20 49 1 
10 42 15 1 1 1 
2 31 37 
1 3 10 13 40 1 1 1 
3 32 2 22 5 1 4 1 
7 51 6 1 3 2 
2 54 10 4 
5 59 6 
4 49 9 6 2 
1 58 10 1 
7 11 44 3 3 1 1 
4 8 7 47 4 
1 9 19 25 2 7 4 2 1 
2 56 11 1 
13 22 2 24 6 2 1 
1 40 22 3 3 1 
8 35 11 4 9 2 1 
7 38 16 9 
1 65 2 2 
12 48 10 
70 
7 3 19 17 3 5 3 4 7 1 1 
3 27 14 13 12 1 
3 56 8 2 1 
62 2 6 
5 31 29 2 1 1 1 
2 30 38 
4 30 36 
1 68 1 
1 43 16 7 1 2 
1 53 9 4 2 1 
66 3 1 
7 20 12 8 4 18 1 
54 14 2 
1 61 5 3 
12 42 6 9 1 
1 17 30 4 13 3 2 
66 3 1 
1 16 21 9 15 8 
2 57 2 8 1 
2 62 2 3 1 
1 43 12 4 2 4 1 1 1 1 
1 30 1 3 34 1 
2 57 4 2 4 1 
4 47 15 4 
55 15 
2 12 53 1 1 1 
1 49 9 10 1 
2 5 34 17 5 6 1 
1 56 4 1 2 4 2 
1 43 25 1 
2 37 9 3 18 1 
1 52 7 8 2 
49 15 5 1 
4 52 14 
10 50 8 2 
7 59 1 3 
3 19 2 2 4 15 4 11 10 
3 39 11 10 6 1 
18 26 8 9 7 1 1 
19 21 18 6 1 1 4 
1 61 8 
31 35 2 2 
9 56 3 1 1 
1 55 3 11 
1 43 26 
1 5 4 10 49 1 
38 24 4 2 1 1 
1 15 48 2 4 
2 61 7 
1 45 14 7 2 1 
1 59 9 1 
4 16 11 20 13 1 3 1 1 
9 14 12 28 1 6 
1 3 43 16 7 
1 43 1 14 11 
1 65 4 
4 25 41 
1 25 30 2 3 4 1 2 2 
1 55 14 
1 69 
70 
15 25 29 1 
1 1 36 19 7 4 1 1 
2 45 10 12 1 
9 25 21 4 6 1 1 3 
1 68 1 
1 27 41 1 
1 42 19 6 2 
2 6 37 16 9 
54 2 8 2 4 
2 12 20 25 10 1 
7 33 21 7 2 
13 53 2 1 1 
2 45 19 4 
3 57 10 
1 59 2 7 1 
4 8 9 14 7 17 11 
6 40 23 1 
3 50 1 2 5 2 1 1 1 1 1 1 1 
1 27 31 7 4 
1 8 45 7 6 2 1 
1 23 37 2 5 2 
2 37 29 1 1 
3 23 3 35 6 
49 7 7 4 3 
2 6 25 25 6 6 
65 4 1 
13 55 2 
1 50 9 5 3 1 1 
2 11 21 7 28 1 
9 18 30 13 
1 51 13 1 2 2 
1 28 22 8 3 2 1 4 1 
1 29 9 31 
1 60 3 6 
6 18 21 2 22 1 
1 8 32 5 21 2 1 
1 28 32 3 2 4 
1 30 27 9 3 
39 28 1 1 1 
1 61 3 1 1 3 
1 26 17 14 9 1 1 1 
2 29 6 32 1 
1 30 9 15 8 5 2 
2 6 38 16 7 1 
55 8 3 1 2 1 
10 30 10 16 1 1 2 
11 40 18 1 
1 5 25 33 4 1 1 
32 34 3 1 
3 63 4 
1 19 50 
14 15 35 4 1 1 
3 32 32 2 1 
1 22 41 1 2 1 1 1 
40 4 10 6 5 1 4 
1 49 2 17 1 
1 6 8 25 21 2 6 1 
12 41 8 9 
3 33 11 3 1 14 5 
4 28 2 31 3 2 
29 25 13 3 
1 56 1 4 6 2 
3 56 9 2 
1 62 3 4 
1 33 5 7 14 5 2 3 
11 44 12 3 
2 31 36 1 
2 47 9 4 1 3 1 3 
1 31 7 7 6 17 1 
58 1 1 3 5 1 1 
27 13 8 20 1 1 
55 12 1 2 
1 57 6 5 1 
1 34 33 1 1 
1 40 2 3 10 4 8 1 1 
2 20 6 8 15 11 8 
2 6 35 20 4 1 1 1 
1 6 19 31 4 2 6 1 
1 39 14 1 6 2 5 1 1 
11 45 6 3 5 
1 13 16 14 7 13 2 1 1 1 1 
30 33 5 1 1 
70 
1 3 66 
33 18 16 3 
1 1 53 7 1 4 3 
1 51 18 
1 62 1 1 5 
1 53 10 5 1 
2 7 5 22 30 3 1 
1 25 10 8 1 17 2 4 2 
2 39 17 2 8 1 1 
2 21 7 39 1 
1 54 14 1 
1 19 24 21 4 1 
9 32 19 7 3 
1 56 12 1 
1 23 18 7 21 
27 10 13 20 
12 6 14 4 23 1 3 5 2 
47 15 8 
6 14 20 9 11 10 
2 19 7 29 3 6 1 2 1 
1 46 12 6 3 1 1 
2 31 5 17 8 6 1 
5 14 21 12 2 10 1 5 
2 5 4 56 2 1 
7 59 2 2 
1 50 13 3 1 1 1 
1 8 8 5 24 11 13 
58 2 8 2 
4 28 35 1 2 
70 
3 53 1 7 6 
14 35 21 
7 60 3 
3 54 6 1 2 1 1 2 
2 23 21 21 1 1 1 
1 39 12 4 6 8 
4 28 38 
21 10 14 16 1 6 2 
4 9 17 23 1 8 3 1 1 2 1 
5 65 
3 17 37 12 1 
1 21 37 8 2 1 
3 6 3 16 11 20 3 5 1 2 
66 2 2 
2 43 17 5 3 
1 59 7 2 1 
5 6 43 11 4 1 
4 48 10 3 1 2 1 1 
1 37 26 1 4 1 
1 53 16 
29 18 8 11 1 2 1 
2 46 8 3 5 4 2 
24 31 3 5 3 4 
20 16 29 1 2 1 1 
65 1 3 1 
1 66 3 
1 12 6 31 9 11 
1 10 52 1 6 
5 64 1 
18 30 10 5 3 2 1 1 
3 1 61 4 1 
64 1 5 
1 30 15 8 2 2 4 3 3 1 1 
2 34 29 5 
1 23 4 5 26 8 3 
1 39 12 16 2 
1 26 21 16 6 
2 35 2 28 3 
2 7 4 48 3 4 2 
1 26 24 19 
7 46 17 
1 34 4 28 1 2 
1 37 6 18 7 1 
7 39 17 7 
61 5 4 
2 14 35 18 1 
12 19 11 20 1 5 2 
1 54 5 1 3 4 1 1 
1 47 22 
2 33 35 
1 32 12 20 5 
7 30 17 8 2 3 1 2 
1 16 53 
50 3 13 2 1 1 
1 36 33 
1 8 43 6 12 
1 29 10 13 17 
1 8 6 36 16 1 1 1 
1 2 6 59 1 1 
1 44 23 2 
6 4 35 1 12 2 8 2 
1 59 8 1 1 
9 56 2 1 1 1 
1 59 2 7 1 
8 38 23 1 
1 36 18 14 1 
1 30 39 
30 27 9 4 
2 57 9 1 1 
1 55 1 5 8 
2 65 2 1 
5 55 6 1 1 1 1 
36 12 5 15 2 
1 68 1 
1 66 3 
3 44 13 8 1 1 
6 28 27 8 1 
1 48 14 3 3 1 
1 40 22 4 1 1 1 
2 28 29 2 9 
3 51 15 1 
1 8 3 7 5 29 3 10 4 
5 26 18 12 3 1 3 2 
6 21 41 1 1 
37 27 4 2 
8 52 3 6 1 
2 11 35 3 11 7 1 
3 55 1 11 
1 68 1 
28 23 14 2 2 1 
58 2 10 
7 40 14 3 1 2 3 
3 61 2 4 
16 31 21 2 
1 44 11 10 1 1 1 1 
1 8 27 12 12 1 6 2 1 
1 26 28 7 7 1 
44 6 20 
1 44 10 13 2 
4 36 4 26 
20 49 1 
1 68 1 
4 62 1 3 
2 7 3 20 11 27 
16 35 11 2 1 2 2 1 
1 3 35 23 1 2 4 1 
28 24 18 
3 3 10 2 45 7 
1 63 4 1 1 
2 28 40 
3 18 44 1 4 
1 49 18 2 
4 20 42 1 1 2 
1 12 25 19 13 
1 5 9 1 3 1 35 13 2 
14 34 18 2 2 
1 24 43 1 1 
20 46 2 2 
2 19 49 
2 16 22 19 9 2 
70 
1 35 12 15 6 1 
2 25 21 19 3 
1 5 57 2 3 2 
29 37 4 
3 31 23 12 1 
5 9 2 31 13 7 1 2 
3 25 5 20 5 9 2 1 
1 59 2 8 
3 11 4 20 7 2 15 5 1 1 1 
1 59 10 
1 54 15 
29 22 15 3 1 
18 4 40 8 
27 13 30 
2 49 11 1 5 1 1 
1 64 1 2 1 1 
1 21 28 11 3 5 1 
7 26 9 2 13 2 10 1 
2 45 23 
2 12 40 10 5 1 
1 11 36 5 6 2 6 1 1 1 
13 41 16 
50 17 1 2 
3 59 6 2 
1 22 3 39 5 
3 29 6 11 10 3 5 3 
5 60 5 
2 45 11 1 8 1 1 1 
2 42 13 10 3 
1 60 7 2 
1 15 10 26 11 4 3 
5 2 62 1 
1 21 36 9 2 1 
3 24 2 11 7 6 11 5 1 
2 22 10 29 4 1 2 
3 23 22 7 4 4 6 1 
4 19 38 5 3 1 
7 58 1 2 1 1 
1 60 3 1 4 1 
36 33 1 
1 57 12 
1 32 29 2 5 1 
2 27 15 10 1 10 5 
5 22 20 10 4 6 1 1 1 
1 25 4 7 6 10 11 3 2 1 
4 58 8 
5 55 2 1 6 1 
9 60 1 
6 59 5 
1 11 24 18 15 1 
1 40 11 2 6 4 2 3 1 
1 49 8 1 6 1 4 
3 11 54 1 1 
41 23 2 1 3 
32 13 21 1 3 
2 57 5 6 
33 7 10 8 1 6 3 2 
1 62 6 1 
1 19 45 5 
1 21 40 3 1 3 1 
2 63 2 2 1 
1 31 1 6 2 27 2 
9 56 2 2 1 
2 28 40 
1 64 5 
2 63 5 
1 23 13 14 19 
1 20 49 
1 68 1 
2 61 7 
3 5 8 13 1 10 10 2 6 2 7 1 2 
1 14 16 25 7 6 1 
6 64 
3 34 11 20 2 
1 22 35 3 9 
31 16 8 7 7 1 
1 49 1 9 9 1 
6 34 4 21 5 
1 34 35 
1 23 40 6 
2 3 62 3 
1 58 3 4 4 
10 25 27 8 
64 5 1 
4 25 29 7 4 1 
1 60 9 
6 42 13 5 4 
2 10 17 28 6 4 2 1 
3 41 2 23 1 
2 6 17 22 21 2 
5 23 24 6 3 2 6 1 
8 54 2 4 2 
3 28 24 9 2 4 
1 44 12 8 3 1 1 
1 16 17 34 1 1 
57 5 2 2 2 1 1 
4 29 35 1 1 
2 53 11 4 
1 37 29 2 1 
43 8 10 6 3 
1 55 1 13 
7 63 
10 3 57 
2 64 3 1 
4 60 6 
24 4 21 10 7 1 2 1 
57 7 6 
3 67 
8 56 4 2 
1 35 7 6 15 1 2 1 1 1 
4 19 9 24 9 1 4 
7 59 2 1 1 
1 63 6 
1 39 14 11 3 1 1 
4 66 
69 1 
20 6 14 8 13 4 3 2 
5 43 20 2 
1 49 3 16 1 
6 5 21 3 15 8 2 1 1 1 3 1 1 1 1 
2 60 3 2 3 
8 16 40 4 2 
1 1 21 46 1 
1 20 38 5 6 
4 26 14 24 1 1 
1 59 1 1 3 2 1 1 1 
2 45 4 8 11 
32 8 7 9 3 10 1 
1 22 35 9 3 
4 16 16 1 16 15 1 1 
1 9 59 1 
39 1 25 5 
2 52 2 1 8 3 2 
1 65 1 3 
51 5 6 6 2 
1 59 10 
7 23 32 2 1 3 1 1 
35 34 1 
1 11 10 16 32 
3 27 12 8 20 
1 65 2 1 1 
28 24 11 4 2 1 
3 14 34 19 
11 15 32 3 2 2 5 
1 11 3 36 10 5 1 2 1 
8 6 21 17 4 7 6 1 
61 1 3 3 1 1 
1 2 43 1 1 6 4 8 4 
4 40 26 
6 55 5 2 2 
1 69 
2 62 1 2 1 2 
4 44 22 
52 1 4 2 9 1 1 
2 18 11 38 1 
31 12 22 3 1 1 
1 42 26 1 
1 39 4 25 1 
3 23 37 4 3 
2 34 17 17 
10 56 3 1 
1 8 37 2 19 1 1 1 
5 44 15 3 1 2 
36 2 23 1 7 1 
8 26 21 6 7 1 1 
60 4 4 1 1 
2 23 3 1 27 10 2 1 1 
17 9 12 18 14 
6 55 3 3 3 
8 9 28 11 9 5 
4 16 21 26 3 
54 3 2 2 6 3 
2 49 7 9 1 2 
17 48 3 2 
9 16 2 21 19 2 1 
1 36 13 17 1 2 
3 61 1 2 3 
5 7 27 7 1 23 
1 32 1 17 8 7 4 
70 
69 1 
2 56 4 7 1 
4 63 1 2 
1 45 1 8 3 7 3 2 
1 45 24 
2 17 28 3 16 1 2 1 
1 39 29 1 
12 11 4 4 33 1 4 1 
6 44 10 3 5 1 1 
1 67 2 
44 26 
1 50 15 1 2 1 
5 9 38 4 7 6 1 
1 31 21 4 1 3 6 2 1 
4 1 32 6 20 5 1 1 
10 54 6 
1 56 13 
1 61 3 4 1 
65 5 
1 23 24 3 13 1 4 1 
35 10 24 1 
70 
1 44 21 1 3 
35 14 1 20 
6 7 19 33 4 1 
1 47 5 10 6 1 
3 7 11 33 12 3 1 
6 13 37 9 5 
1 55 1 7 5 1 
53 3 5 2 2 3 1 1 
2 38 28 1 1 
1 12 37 12 8 
1 10 20 4 4 6 23 2 
5 62 2 1 
3 46 17 2 1 1 
1 46 14 9 
13 17 8 22 6 4 
1 60 6 1 2 
1 69 
1 14 48 4 1 1 1 
1 42 26 1 
2 20 48 
1 45 6 12 5 1 
3 25 39 1 2 
2 13 44 7 4 
2 41 15 12 
1 47 5 4 8 1 3 1 
2 15 51 1 1 
16 17 35 1 1 
8 54 8 
5 18 37 5 3 2 
1 13 4 45 5 2 
1 53 15 1 
12 35 10 11 2 
39 23 1 2 1 2 2 
2 26 14 13 5 8 1 1 
18 23 22 4 3 
26 1 13 12 12 3 3 
32 36 2 
4 62 1 1 1 1 
1 50 13 1 2 3 
1 20 42 7 
65 4 1 
1 4 9 37 7 10 1 1 
1 22 6 3 5 1 5 16 3 3 1 3 1 
1 24 17 22 2 3 1 
16 33 8 9 2 2 
1 54 13 2 
1 3 20 19 19 4 4 
1 21 37 2 9 
7 12 51 
21 36 10 3 
1 49 8 8 4 
2 67 1 
13 15 17 20 5 
1 8 57 2 2 
15 38 9 5 1 1 1 
2 56 10 2 
2 39 29 
5 60 3 1 1 
69 1 
4 44 19 2 1 
2 54 5 2 6 1 
3 58 3 5 1 
1 58 9 2 
1 36 11 17 3 2 
4 59 1 2 2 2 
1 57 12 
1 16 48 4 1 
3 40 19 3 5 
1 52 17 
3 41 24 1 1 
56 13 1 
34 23 10 1 1 1 
2 20 36 11 1 
3 9 30 13 5 9 1 
1 4 31 23 11 
2 17 38 7 3 3 
1 25 7 32 5 
15 31 21 2 1 
1 43 11 6 7 1 1 
1 46 23 
13 25 24 3 4 1 
8 41 15 2 3 1 
1 60 9 
18 20 26 3 3 
51 15 4 
23 13 20 13 1 
1 43 17 2 1 2 4 
1 40 18 7 3 1 
1 60 9 
38 26 1 4 1 
28 37 4 1 
1 19 50 
1 40 27 1 1 
3 24 22 14 4 3 
5 56 9 
3 17 38 1 5 2 1 2 1 
22 7 41 
3 41 26 
1 62 3 1 2 1 
5 61 2 1 1 
1 69 
1 12 46 7 2 1 1 
5 49 4 10 2 
3 31 12 11 11 1 1 
17 3 24 22 4 
16 34 2 16 2 
70 
13 29 23 3 2 
1 45 24 
1 36 32 1 
43 8 14 2 3 
1 1 27 37 1 3 
1 27 22 5 12 3 
40 16 14 
1 1 52 4 1 4 6 1 
10 9 11 29 5 4 2 
10 60 
2 49 17 1 1 
66 4 
1 48 5 6 9 1 
2 37 17 11 1 2 
2 17 21 2 16 12 
1 27 11 15 13 3 
1 57 11 1 
2 31 36 1 
14 41 7 1 6 1 
4 29 29 6 2 
3 6 55 5 1 
4 5 23 31 5 2 
1 42 14 13 
39 20 7 3 1 
3 52 12 1 2 
14 17 19 2 17 1 
2 56 12 
4 15 44 6 1 
68 2 
1 63 6 
1 26 2 35 1 3 2 
7 8 9 11 35 
1 34 4 30 1 
5 60 5 
7 5 12 30 15 1 
2 46 12 3 5 2 
4 1 23 36 3 1 2 
1 2 54 13 
43 27 
5 14 10 39 2 
1 13 11 21 8 14 2 
6 38 17 8 1 
1 52 16 1 
68 2 
1 30 36 3 
2 1 12 23 11 20 1 
1 45 6 18 
10 6 12 38 3 1 
1 44 22 3 
11 4 12 17 16 3 2 2 2 1 
3 33 23 1 8 2 
1 6 57 6 
1 66 3 
2 3 40 16 3 6 
8 62 
1 37 32 
1 39 13 12 5 
1 29 7 1 3 27 2 
10 46 11 1 2 
7 23 40 
2 20 13 18 17 
45 25 
26 28 8 6 1 1 
7 15 16 5 16 1 4 5 1 
2 16 41 8 3 
1 21 42 5 1 
1 58 9 1 1 
1 8 39 4 1 12 2 1 2 
1 32 17 19 1 
1 65 4 
2 60 7 1 
6 55 9 
1 26 34 2 3 4 
2 55 8 3 1 1 
2 37 31 
2 12 10 32 14 
3 8 47 12 
10 23 5 6 5 1 6 3 1 7 3 
3 28 20 11 2 3 2 1 
2 24 44 
69 1 
1 68 1 
2 51 17 
1 16 51 1 1 
2 36 4 15 12 1 
2 45 22 1 
1 41 17 9 1 1 
1 56 12 1 
1 26 11 30 2 
11 58 1 
1 66 3 
9 14 39 8 
1 9 41 8 6 1 4 
3 17 33 9 6 1 1 
2 23 27 13 4 1 
1 64 4 1 
66 1 1 2 
3 38 21 2 4 2 
2 45 15 5 2 1 
44 8 18 
6 40 18 4 2 
6 3 58 3 
1 66 3 
2 35 32 1 
2 9 43 12 1 2 1 
27 13 30 
20 26 14 7 3 
5 33 32 
1 51 12 3 1 1 1 
37 16 14 3 
2 60 5 3 
1 43 22 2 1 1 
1 13 39 14 3 
1 37 12 1 8 8 2 1 
1 50 4 3 7 5 
8 43 7 2 4 6 
1 19 10 33 2 4 1 
1 4 63 1 1 
1 36 20 8 3 2 
1 35 22 12 
1 3 49 11 1 5 
3 28 37 2 
13 2 1 21 22 11 
19 31 8 8 1 2 1 
1 11 28 27 1 1 1 
2 5 29 20 14 
1 49 8 7 1 2 2 
5 31 28 5 1 
2 40 26 1 1 
68 1 1 
29 18 17 3 1 1 1 
4 63 1 2 
1 49 19 1 
8 42 7 10 1 1 1 
1 61 1 1 6 
1 41 4 1 7 6 9 1 
7 37 26 
1 58 11 
2 29 8 1 11 16 3 
7 21 31 8 3 
1 42 18 1 3 3 2 
2 34 15 18 1 
1 60 4 4 1 
2 67 1 
7 13 35 4 3 4 1 1 1 1 
2 21 47 
1 49 8 3 9 
1 30 26 6 1 6 
12 34 8 7 7 2 
1 47 8 9 2 2 1 
3 40 4 1 3 4 15 
23 13 4 19 5 3 1 2 
1 69 
3 50 12 5 
1 26 14 18 8 2 1 
2 61 3 3 1 
58 6 4 1 1 
4 57 8 1 
5 56 4 2 1 2 
8 52 9 1 
4 26 32 3 1 2 1 1 
11 21 20 13 5 
1 50 2 4 11 2 
1 48 18 1 1 1 
3 59 8 
37 16 3 10 3 1 
4 38 17 1 2 4 4 
1 36 16 2 11 2 1 1 
1 15 1 9 4 9 12 17 2 
1 54 6 2 6 1 
21 34 6 8 1 
1 64 1 3 1 
11 15 43 1 
7 21 20 5 3 9 5 
8 62 
3 46 7 7 2 3 1 1 
1 31 21 3 12 1 1 
29 25 14 1 1 
8 41 20 1 
1 60 6 3 
21 20 16 6 7 
1 51 6 7 5 
33 11 14 1 11 
1 6 18 21 23 1 
9 9 3 43 6 
1 49 11 6 2 1 
5 1 20 23 12 9 
34 2 5 25 2 2 
1 7 10 15 6 30 1 
1 15 30 11 7 5 1 
3 10 39 9 9 
1 39 26 4 
1 7 28 13 2 6 13 
1 31 4 27 6 1 
4 60 6 
1 21 47 1 
1 22 47 
4 20 38 2 1 1 4 
1 34 9 11 8 7 
1 67 2 
1 11 12 19 27 
1 18 51 
17 13 9 22 4 4 1 
19 46 5 
2 2 22 29 2 3 2 1 7 
63 6 1 
3 14 7 46 
70 
1 5 16 40 5 1 2 
8 56 1 1 4 
1 1 20 17 13 6 3 5 2 1 1 
4 21 18 11 10 1 4 1 
1 50 17 2 
2 28 28 9 1 1 1 
1 32 23 9 3 1 1 
1 30 39 
4 13 22 13 4 11 2 1 
1 1 63 2 3 
4 33 15 14 1 3 
62 8 
1 49 19 1 
7 43 6 12 1 1 
3 4 57 4 2 
2 35 28 1 2 1 1 
11 26 33 
1 38 20 5 5 1 
1 54 15 
1 52 14 3 
3 67 
1 47 13 5 4 
2 13 16 21 14 1 2 1 
1 40 2 2 8 3 5 3 1 2 1 2 
46 23 1 
5 35 18 3 7 2 
11 20 12 1 16 9 1 
1 52 3 1 1 12 
1 22 37 8 2 
64 6 
4 37 20 3 2 3 1 
9 15 8 28 7 3 
1 40 20 1 2 3 3 
1 35 14 10 1 1 6 1 1 
2 4 47 1 9 7 
1 68 1 
2 59 6 2 1 
1 42 2 14 5 4 2 
65 5 
7 1 56 2 3 1 
2 49 16 1 1 1 
1 30 21 4 14 
4 7 54 4 1 
3 56 10 1 
36 15 10 1 7 1 
1 37 1 10 15 2 2 1 1 
1 59 1 4 5 
1 6 22 1 5 21 8 5 1 
5 62 2 1 
57 10 3 
2 62 5 1 
1 59 1 1 4 3 1 
6 2 4 2 33 14 3 6 
1 55 3 10 1 
6 48 9 3 2 2 
1 19 45 3 1 1 
23 47 
1 25 31 4 6 1 2 
1 23 33 10 2 1 
2 34 21 6 6 1 
1 69 
10 49 8 1 2 
3 29 14 9 9 4 2 
24 8 22 3 5 3 3 2 
2 48 20 
1 33 10 16 8 2 
7 63 
1 43 4 11 4 4 2 1 
13 18 20 11 4 3 1 
4 24 5 18 15 1 1 1 1 
4 1 38 5 4 4 11 3 
2 13 22 12 1 14 1 2 2 1 
29 27 12 2 
26 27 7 7 1 2 
2 22 35 10 1 
2 3 16 17 15 6 5 4 1 1 
66 3 1 
6 63 1 
1 37 11 9 5 5 1 1 
18 2 9 2 39 
1 33 36 
1 41 1 23 2 1 1 
1 21 35 3 5 1 3 1 
2 68 
1 16 11 19 22 1 
1 2 20 7 29 9 2 
1 56 3 1 4 3 1 1 
3 32 4 12 6 8 2 3 
69 1 
9 60 1 
3 51 10 2 3 1 
18 37 12 3 
26 10 6 20 6 1 1 
5 64 1 
14 14 11 19 1 5 3 3 
1 25 12 21 6 5 
37 15 2 12 1 2 1 
12 9 23 11 11 3 1 
1 5 40 21 3 
1 31 20 1 13 2 2 
8 40 7 13 2 
57 6 1 4 1 1 
3 9 36 22 
3 37 27 2 1 
4 8 12 19 11 10 5 1 
23 11 17 11 7 1 
10 46 14 
2 37 8 23 
63 3 4 
3 4 12 33 14 2 2 
1 15 47 2 5 
1 6 62 1 
6 23 14 14 6 5 2 
1 18 9 1 16 17 1 3 2 2 
1 60 7 1 1 
2 9 21 33 2 1 2 
3 51 12 2 2 
2 63 2 3 
2 1 6 55 1 2 3 
3 5 17 1 24 17 3 
1 57 10 1 1 
4 52 3 10 1 
6 10 33 3 1 13 1 3 
6 1 60 3 
66 4 
4 45 18 2 1 
1 33 9 19 4 1 3 
13 21 5 29 2 
6 46 13 4 1 
1 30 30 1 5 2 1 
1 16 3 22 28 
70 
4 13 13 4 6 7 18 1 1 3 
1 66 1 2 
13 56 1 
1 65 3 1 
11 43 2 4 2 3 2 2 1 
70 
70 
70 
1 21 5 14 27 2 
2 62 6 
3 1 57 2 1 2 2 2 
11 45 7 6 1 
18 52 
1 56 13 
9 36 25 
2 10 22 22 13 1 
69 1 
4 45 7 4 8 2 
2 2 13 19 12 6 11 5 
18 45 1 5 1 
1 35 34 
1 65 2 2 
29 37 2 1 1 
2 6 21 13 8 10 1 4 4 1 
6 39 2 2 11 5 3 1 1 
15 18 11 9 5 1 11 
11 21 38 
3 33 5 4 6 16 3 
1 35 12 15 4 2 1 
4 52 2 9 3 
5 16 44 1 4 
3 14 26 22 3 2 
3 10 39 17 1 
1 21 3 34 4 5 2 
1 60 1 8 
1 60 6 1 1 1 
8 52 2 4 2 1 1 
3 43 19 5 
2 31 36 1 
7 31 32 
1 35 17 17 
6 15 10 31 6 1 1 
2 10 49 7 2 
8 48 6 3 2 1 1 1 
1 64 3 1 1 
11 37 2 4 3 2 8 1 2 
3 34 25 1 7 
1 45 24 
3 61 6 
2 59 3 1 1 4 
2 44 22 2 
4 61 5 
3 62 3 2 
1 2 49 17 1 
2 36 12 11 2 4 3 
2 32 7 3 25 1 
1 62 7 
2 64 1 3 
1 17 20 12 6 3 7 2 1 1 
5 54 7 1 1 1 1 
16 12 6 5 9 1 1 14 3 1 2 
25 24 21 
1 21 11 1 4 5 1 14 4 6 2 
3 10 11 33 4 7 2 
9 1 4 56 
26 22 13 3 4 1 1 
5 8 24 10 13 1 8 1 
5 63 2 
3 52 3 11 1 
1 69 
4 18 12 4 27 2 2 1 
61 8 1 
8 23 13 4 10 1 3 6 1 1 
1 69 
22 40 8 
16 4 12 19 5 2 6 1 1 3 1 
7 38 7 15 3 
2 14 39 3 3 8 1 
1 20 25 9 11 1 1 1 1 
19 14 22 6 8 1 
2 7 14 25 21 1 
2 30 25 5 5 3 
1 39 6 9 8 5 2 
1 50 17 1 1 
2 52 3 13 
1 28 14 13 14 
1 13 33 2 8 3 6 2 2 
70 
26 2 33 9 
1 55 14 
53 7 2 2 6 
66 4 
2 52 16 
1 23 22 16 4 3 1 
6 46 9 7 2 
10 55 1 2 2 
3 40 5 7 15 
14 46 5 2 2 1 
1 43 2 17 7 
2 41 3 6 15 2 1 
1 13 24 11 13 7 1 
2 67 1 
4 54 12 
5 4 7 27 27 
3 29 11 27 
6 28 36 
2 26 18 2 19 1 1 1 
1 28 18 15 7 1 
5 12 12 8 27 2 4 
1 27 9 21 6 1 1 3 1 
6 27 15 4 7 4 5 2 
17 37 9 7 
1 54 12 3 
1 18 42 6 2 1 
4 8 16 31 1 1 4 1 3 1 
2 37 7 19 5 
1 25 27 11 1 1 1 3 
1 15 33 18 2 1 
1 6 44 10 8 1 
70 
1 41 20 3 2 3 
39 1 15 5 8 2 
1 13 54 2 
3 54 6 1 3 1 2 
1 55 8 1 5 
11 20 34 3 1 1 
1 1 34 31 2 1 
25 28 1 9 4 2 1 
4 41 21 1 1 2 
1 41 11 10 7 
3 33 34 
2 47 7 3 5 2 3 1 
9 14 26 11 2 1 2 3 1 1 
3 58 9 
1 69 
4 60 6 
1 40 29 
1 64 2 2 1 
1 47 22 
1 4 55 6 4 
3 67 
61 4 5 
1 58 9 2 
62 7 1 
1 11 30 23 4 1 
5 19 14 22 4 2 2 1 1 
23 27 14 5 1 
49 16 5 
2 43 17 7 1 
8 12 34 15 1 
3 28 26 2 8 2 1 
4 66 
1 60 9 
1 49 12 2 2 4 
7 10 30 14 3 2 3 1 
6 25 19 10 1 1 4 2 2 
61 3 6 
1 34 30 4 1 
1 8 16 43 2 
1 62 4 2 1 
1 16 34 4 12 1 1 1 
1 24 41 4 
7 51 12 
3 49 10 6 1 1 
1 68 1 
35 32 3 
1 53 8 1 1 2 2 2 
2 52 13 1 1 1 
5 16 11 9 29 
3 23 37 7 
9 54 2 5 
66 2 2 
2 23 13 13 4 2 1 4 1 3 3 1 
1 28 37 1 1 2 
65 2 1 1 1 
2 4 5 10 17 21 3 3 2 2 1 
2 67 1 
61 5 4 
59 5 3 3 
2 27 4 36 1 
4 23 43 
1 44 3 1 16 3 2 
1 36 18 2 4 6 3 
4 27 34 1 4 
12 9 8 25 11 4 1 
2 8 36 10 14 
4 41 25 
5 3 20 38 4 
2 66 2 
69 1 
44 17 9 
51 11 6 1 1 
2 13 40 10 2 1 1 1 
1 4 57 5 1 2 
4 25 20 14 7 
2 23 20 20 5 
1 30 33 5 1 
1 50 5 1 1 8 4 
1 62 3 3 1 
6 43 15 6 
3 33 19 8 6 1 
7 47 7 2 7 
3 35 31 1 
6 11 41 5 6 1 
2 64 4 
3 43 21 1 1 1 
70 
1 33 1 13 7 12 2 1 
3 25 18 2 16 6 
3 43 24 
12 27 20 7 1 2 1 
1 47 4 18 
18 45 2 2 1 1 1 
10 33 26 1 
1 38 30 1 
2 65 3 
3 33 13 20 1 
4 19 43 4 
17 40 3 8 2 
2 19 31 11 5 1 1 
1 2 24 22 8 10 2 1 
28 32 9 1 
6 42 2 1 6 3 1 7 2 
3 38 5 20 4 
7 63 
2 64 4 
2 10 33 10 8 3 4 
2 26 15 15 2 4 1 1 4 
8 20 33 2 6 1 
23 31 7 7 2 
1 16 48 3 2 
21 13 30 6 
2 10 58 
1 2 37 19 4 7 
1 64 2 1 2 
4 13 37 3 2 6 1 3 1 
1 45 20 3 1 
2 6 21 27 3 1 9 1 
2 67 1 
58 12 
1 35 16 1 6 9 2 
1 30 13 20 5 1 
1 15 23 28 2 1 
1 45 23 1 
1 11 38 6 5 9 
2 17 50 1 
3 9 19 7 12 4 14 2 
2 58 7 1 1 1 
28 6 29 3 3 1 
5 50 12 2 1 
3 66 1 
7 1 45 5 5 1 4 1 1 
1 17 1 38 11 1 1 
1 21 14 12 3 13 4 2 
3 6 12 1 32 10 2 4 
50 10 10 
2 32 2 33 1 
36 30 2 2 
3 1 46 2 1 15 1 1 
1 13 14 14 16 9 1 1 1 
2 67 1 
1 61 8 
3 13 21 31 2 
1 48 20 1 
2 30 38 
3 17 5 26 5 3 7 1 1 2 
1 62 4 1 2 
1 51 10 6 2 
9 35 25 1 
1 52 12 1 4 
16 8 14 19 5 4 3 1 
3 12 44 1 4 2 3 1 
1 40 25 3 1 
58 7 2 2 1 
1 7 61 1 
59 10 1 
1 57 12 
1 49 11 5 2 2 
3 16 47 3 1 
1 20 14 1 8 19 6 1 
6 51 9 4 
2 48 9 8 3 
38 21 4 5 2 
1 42 18 6 1 2 
1 59 8 2 
1 67 2 
21 43 6 
1 40 13 13 3 
20 48 1 1 
8 1 10 15 5 26 1 1 1 2 
1 24 45 
41 14 13 1 1 
1 64 3 1 1 
1 34 5 10 3 4 5 2 3 2 1 
1 65 2 2 
3 50 17 
1 49 14 2 2 1 1 
1 29 24 4 12 
1 16 49 2 1 1 
1 4 63 1 1 
2 19 38 5 3 1 2 
34 28 4 2 2 
3 43 20 1 1 2 
1 8 53 7 1 
1 31 28 5 1 4 
1 29 8 17 11 1 1 1 1 
1 13 5 44 1 6 
1 33 16 10 8 2 
2 24 21 21 2 
50 14 2 4 
3 4 6 52 1 2 2 
1 46 13 2 3 4 1 
3 37 28 1 1 
3 24 3 25 12 2 1 
1 14 21 16 12 3 3 
1 51 1 6 11 
1 60 1 8 
2 60 5 1 2 
1 21 47 1 
7 53 7 3 
3 15 11 31 1 7 2 
1 42 8 16 3 
1 44 13 5 7 
3 39 22 5 1 
36 11 2 17 1 2 1 
3 28 18 1 13 5 1 1 
1 14 34 12 1 8 
7 11 34 4 2 5 1 1 2 2 1 
1 26 18 14 10 1 
1 21 1 20 8 1 3 9 4 2 
1 38 11 6 5 4 5 
5 16 19 7 16 1 6 
70 
1 15 44 10 
3 3 61 2 1 
8 56 4 2 
1 44 19 1 1 4 
6 53 9 1 1 
1 31 38 
21 26 5 5 12 1 
1 49 2 2 16 
4 2 47 4 9 3 1 
2 25 29 10 1 2 1 
3 54 5 8 
1 26 40 2 1 
70 
1 48 2 17 1 1 
1 21 29 18 1 
1 56 13 
9 39 3 19 
9 34 12 1 5 2 4 2 1 
1 15 33 17 2 2 
1 61 8 
2 56 11 1 
1 67 1 1 
69 1 
4 7 9 26 24 
17 15 8 12 17 1 
1 61 8 
1 46 6 9 8 
4 21 22 8 15 
17 27 25 1 
41 26 3 
1 41 10 9 9 
3 27 18 15 1 1 2 3 
4 63 3 
1 13 43 10 1 2 
4 62 1 3 
3 30 2 26 8 1 
1 41 2 4 5 10 6 1 
2 50 12 1 5 
1 18 21 13 13 2 1 1 
21 1 42 1 2 1 1 1 
2 15 21 4 28 
1 57 6 6 
2 46 3 3 14 2 
1 44 10 13 2 
1 12 17 33 7 
2 7 17 40 4 
1 49 9 3 8 
3 7 19 18 23 
1 69 
1 59 8 1 1 
1 7 55 3 4 
13 7 36 5 5 3 1 
44 5 10 11 
4 32 11 10 12 1 
2 56 2 4 1 2 2 1 
3 3 12 23 1 26 2 
3 30 36 1 
1 39 12 6 3 9 
1 68 1 
1 58 5 4 1 1 
2 61 5 2 
64 4 2 
70 
2 42 24 1 1 
1 67 2 
2 28 13 1 20 5 1 
3 67 
3 64 3 
1 42 8 16 1 2 
4 38 2 16 4 3 3 
40 25 5 
1 29 38 1 1 
6 11 40 8 1 3 1 
1 7 22 17 10 2 3 4 3 1 
6 64 
22 15 8 8 9 7 1 
10 19 1 13 26 1 
2 5 44 15 4 
1 19 35 10 4 1 
2 11 45 2 4 5 1 
1 22 10 6 18 8 2 2 1 
32 22 4 9 3 
2 56 4 1 3 1 3 
3 66 1 
1 30 34 2 2 1 
10 57 3 
27 36 7 
37 4 14 3 12 
70 
1 45 14 1 4 1 3 1 
7 9 7 14 16 2 5 8 1 1 
1 49 7 4 1 1 3 1 2 1 
3 3 52 4 3 2 1 2 
5 62 1 1 1 
41 18 8 1 1 1 
70 
1 53 1 1 6 3 1 4 
7 47 8 2 3 2 1 
1 62 4 1 1 1 
6 14 41 8 1 
1 62 6 1 
1 58 11 
4 62 4 
1 42 1 11 13 2 
3 6 18 21 13 4 5 
3 63 3 1 
1 16 4 45 4 
1 40 2 5 21 1 
56 11 3 
6 58 3 3 
4 3 46 13 3 1 
2 58 10 
7 23 21 2 6 1 9 1 
1 64 1 4 
61 7 2 
3 4 40 8 8 2 1 1 1 2 
1 53 9 6 1 
21 2 10 3 9 18 4 3 
67 3 
10 52 8 
1 16 42 11 
11 33 7 14 4 1 
4 63 1 1 1 
3 65 2 
53 7 5 1 3 1 
3 12 53 2 
21 46 3 
63 4 3 
1 46 22 1 
1 69 
5 31 8 2 24 
4 34 32 
62 5 3 
5 64 1 
5 41 18 1 1 1 2 1 
1 57 12 
3 64 3 
1 17 36 14 2 
31 35 1 2 1 
1 50 13 2 4 
2 9 36 23 
6 49 13 2 
1 8 39 11 2 1 6 1 1 
20 9 35 1 3 1 1 
10 42 15 3 
2 44 19 5 
1 7 19 13 30 
1 20 13 13 16 3 4 
28 41 1 
4 4 33 5 6 16 1 1 
12 53 4 1 
55 15 
1 41 15 7 3 3 
1 63 6 
11 34 10 1 12 1 1 
5 28 12 3 22 
1 35 7 8 18 1 
1 59 7 3 
29 28 4 3 5 1 
1 28 11 2 8 15 5 
7 61 2 
1 18 30 10 3 1 5 2 
21 41 6 1 1 
3 66 1 
38 15 6 4 2 2 2 1 
1 29 17 20 3 
7 33 4 5 16 3 2 
1 2 14 20 3 23 1 3 3 
69 1 
20 12 3 21 10 2 1 1 
2 38 30 
4 10 52 1 1 1 1 
1 6 19 14 18 2 7 3 
5 62 1 2 
1 3 28 20 9 2 1 2 4 
17 15 19 5 4 7 1 2 
69 1 
1 24 25 9 9 2 
2 19 19 27 1 2 
22 26 4 6 3 9 
2 30 9 4 11 1 9 4 
1 52 9 4 4 
19 17 23 3 8 
2 2 4 42 16 3 1 
1 65 4 
2 22 46 
42 26 2 
2 21 20 10 11 1 3 1 1 
1 1 9 12 27 1 12 4 1 2 
1 44 3 6 14 1 1 
3 57 5 5 
3 15 35 15 1 1 
1 1 2 24 33 4 2 3 
2 60 8 
1 54 15 
22 2 3 18 7 3 7 5 1 2 
1 17 48 4 
1 8 12 4 41 2 2 
1 62 7 
12 28 10 2 6 3 2 6 1 
3 25 25 1 2 6 1 2 2 2 1 
17 12 3 18 13 6 1 
4 22 15 16 9 3 1 
6 47 14 2 1 
1 65 4 
3 29 19 5 11 2 1 
58 10 1 1 
1 42 12 11 2 2 
1 42 7 12 8 
70 
1 31 20 8 4 1 4 1 
14 28 18 3 1 1 1 4 
2 54 14 
6 39 24 1 
2 8 32 8 1 2 12 1 3 1 
7 28 27 5 3 
13 29 28 
1 69 
5 50 2 7 1 4 1 
5 24 40 1 
1 19 46 3 1 
15 39 8 7 1 
8 33 18 11 
1 50 17 1 1 
5 64 1 
1 47 10 1 6 1 3 1 
1 66 3 
1 18 13 11 16 5 1 3 2 
3 21 10 7 7 7 8 1 5 1 
13 1 15 21 7 11 2 
1 34 9 6 20 
3 11 53 1 2 
45 1 24 
16 47 1 2 2 2 
1 47 13 2 4 1 1 1 
8 32 14 6 8 1 1 
1 44 24 1 
1 50 5 8 6 
62 4 4 
30 15 5 5 4 2 4 3 1 1 
1 66 1 2 
1 60 8 1 
3 30 9 19 5 2 1 1 
1 65 4 
1 7 16 25 10 9 1 1 
11 52 1 4 1 1 
47 18 5 
1 63 1 5 
10 49 4 2 2 3 
1 32 2 31 2 2 
1 3 48 16 2 
1 47 22 
38 14 10 4 3 1 
1 22 41 2 4 
4 10 28 9 3 6 2 3 5 
4 29 5 8 10 13 1 
6 35 22 1 2 2 1 1 
28 38 3 1 
1 54 3 7 5 
19 21 8 5 4 12 1 
1 25 37 4 3 
1 18 40 4 6 1 
12 56 1 1 
1 12 11 46 
11 33 19 6 1 
14 31 13 4 7 1 
2 22 39 4 1 2 
53 8 2 1 3 3 
53 4 5 5 2 1 
1 22 41 4 2 
2 62 5 1 
4 5 7 52 2 
21 44 1 1 3 
1 47 4 1 9 3 2 1 1 1 
2 33 17 5 1 8 2 2 
2 20 11 12 11 5 1 1 4 1 1 1 
1 36 9 16 2 2 4 
20 20 30 
2 3 3 42 19 1 
3 1 51 6 3 1 1 1 1 2 
2 34 7 24 2 1 
3 57 2 1 6 1 
1 23 5 26 6 9 
1 59 10 
15 31 24 
1 29 9 20 6 5 
1 34 33 1 1 
36 32 1 1 
4 14 51 1 
1 8 61 
1 58 11 
5 16 30 1 12 1 5 
10 58 2 
1 11 32 12 8 4 2 
11 38 8 11 1 1 
37 12 6 15 
6 47 9 4 3 1 
3 41 8 18 
16 13 31 4 6 
1 50 18 1 
1 10 29 4 13 6 5 1 1 
2 14 22 30 2 
8 17 26 16 3 
6 45 7 10 2 
1 46 18 2 3 
1 5 64 
6 62 1 1 
1 4 6 47 8 1 2 1 
1 57 8 2 2 
1 45 13 3 1 5 2 
2 50 4 10 2 2 
6 17 26 16 5 
1 29 39 1 
1 36 13 14 1 3 1 1 
8 24 5 4 4 8 16 1 
23 21 10 2 10 3 1 
1 17 7 24 21 
1 32 35 2 
12 14 16 3 8 11 1 4 1 
20 46 1 3 
53 12 3 1 1 
1 52 3 3 3 5 2 1 
2 46 13 7 1 1 
9 39 22 
1 56 8 3 2 
3 45 16 5 1 
3 38 19 2 5 3 
17 32 21 
4 53 7 2 4 
5 13 8 38 2 3 1 
12 28 15 13 1 1 
5 59 6 
1 14 40 8 5 1 1 
62 2 2 4 
1 63 2 4 
1 7 4 4 47 6 1 
4 50 4 10 2 
3 33 30 4 
1 30 38 1 
2 53 15 
7 33 21 4 4 1 
7 34 8 15 3 3 
2 21 22 2 22 1 
12 54 4 
69 1 
4 34 14 17 1 
1 25 19 19 2 2 1 1 
3 47 20 
1 22 18 22 3 1 3 
2 7 57 2 1 1 
46 19 5 
2 59 2 5 2 
1 15 21 28 1 4 
2 5 28 1 22 10 2 
1 45 3 1 8 1 5 2 1 1 2 
1 20 2 10 2 5 8 1 5 9 3 3 1 
1 52 12 2 2 1 
1 57 9 3 
5 56 8 1 
1 30 27 3 2 6 1 
1 24 19 22 4 
3 46 19 2 
5 38 11 1 12 2 1 
60 2 2 1 5 
45 14 9 1 1 
5 24 41 
8 60 1 1 
2 29 18 7 3 3 4 4 
3 28 4 19 12 4 
2 37 12 16 3 
1 4 13 31 13 2 3 1 1 1 
1 9 13 1 16 9 10 8 1 1 1 
60 6 3 1 
1 26 26 6 8 2 1 
53 15 2 
1 19 7 13 27 2 1 
3 28 3 30 5 1 
5 61 3 1 
1 11 6 46 6 
22 48 
3 29 19 7 10 2 
32 35 1 2 
3 45 2 2 16 2 
8 3 17 27 11 3 1 
1 61 4 3 1 
69 1 
1 32 7 14 2 6 3 5 
1 13 29 1 20 2 4 
2 46 13 6 2 1 
2 21 34 11 2 
61 3 2 4 
1 49 4 7 6 1 1 1 
42 25 1 1 1 
4 28 21 5 10 1 1 
7 19 40 2 2 
3 48 2 12 5 
4 29 35 1 1 
1 45 18 6 
1 50 10 6 2 1 
1 62 5 1 1 
65 2 1 2 
1 15 9 3 3 22 6 6 1 4 
31 18 14 2 3 2 
2 22 26 14 3 3 
3 64 3 
2 24 35 5 2 1 1 
15 46 4 4 1 
1 53 12 3 1 
8 13 31 3 1 14 
1 2 14 38 2 8 3 2 
1 58 8 1 1 1 
6 50 3 8 3 
2 59 1 6 1 1 
18 51 1 
1 30 18 17 4 
3 35 4 13 1 1 11 2 
1 14 8 7 31 3 2 3 1 
2 25 5 29 8 1 
21 26 6 11 4 2 
3 67 
12 45 13 
4 18 48 
1 52 5 2 4 1 3 1 1 
1 54 9 2 1 3 
2 52 14 2 
1 34 3 15 10 6 1 
7 35 25 1 1 1 
69 1 
2 1 27 14 19 1 3 3 
4 55 11 
62 6 2 
3 54 1 1 8 2 1 
70 
1 23 4 19 2 20 1 
2 22 17 28 1 
2 16 40 7 5 
9 10 32 7 1 2 3 4 1 1 
2 44 8 12 4 
1 22 12 20 3 11 1 
47 23 
2 42 1 11 10 4 
9 22 25 10 2 1 1 
2 59 1 1 2 2 1 2 
1 37 17 9 1 2 1 1 1 
1 67 2 
34 8 25 3 
1 4 10 53 2 
11 47 10 2 
5 39 26 
6 26 30 6 2 
66 2 1 1 
1 29 40 
1 21 15 20 7 2 4 
2 33 23 12 
1 62 7 
2 41 27 
14 27 17 12 
1 63 4 1 1 
9 35 24 1 1 
4 29 30 3 3 1 
4 12 39 12 3 
5 4 21 37 3 
16 2 39 11 1 1 
3 55 12 
5 59 2 1 1 2 
1 15 33 20 1 
2 61 6 1 
1 13 12 8 29 3 4 
14 36 18 1 1 
7 50 1 11 1 
4 35 9 3 5 9 1 1 2 1 
3 4 35 14 14 
1 58 2 3 4 2 
68 2 
6 15 39 1 6 1 1 1 
2 62 2 1 1 2 
43 19 4 2 1 1 
1 3 11 31 22 1 1 
18 32 7 4 2 1 3 2 1 
13 57 
1 11 58 
1 50 17 1 1 
1 10 37 15 4 2 1 
2 56 12 
1 55 1 5 6 2 
1 6 47 16 
8 30 29 2 1 
11 39 6 2 6 2 2 1 1 
65 1 1 2 1 
6 4 22 24 14 
1 7 53 4 3 2 
1 55 4 5 4 1 
1 21 47 1 
2 4 11 46 7 
1 38 16 15 
3 24 24 16 1 2 
2 1 61 1 5 
1 19 31 2 5 5 6 1 
1 69 
12 38 12 8 
1 19 50 
6 51 1 7 4 1 
57 11 2 
4 40 22 3 1 
2 55 8 2 2 1 
1 61 8 
47 15 7 1 
1 22 47 
28 38 4 
3 2 29 36 
1 42 3 1 15 5 2 1 
18 5 19 11 13 3 1 
1 47 8 8 3 2 1 
11 1 40 5 1 5 4 3 
5 51 7 4 1 1 1 
1 63 5 1 
10 48 10 2 
1 4 34 23 2 6 
2 33 22 3 10 
1 61 6 1 1 
53 4 7 5 1 
1 62 7 
2 27 29 2 4 1 1 4 
1 13 22 24 6 4 
1 56 13 
53 2 12 3 
11 50 1 1 6 1 
1 13 40 15 1 
3 22 13 17 5 3 3 4 
1 32 12 25 
1 4 38 10 2 9 3 1 2 
1 23 13 5 7 6 2 6 4 1 2 
1 36 15 8 7 2 1 
50 10 9 1 
3 64 2 1 
1 7 33 16 13 
66 2 1 1 
1 13 30 26 
2 49 18 1 
24 13 6 22 5 
5 43 5 6 3 3 1 3 1 
6 58 6 
1 69 
7 60 3 
70 
1 39 29 1 
1 21 13 1 11 13 1 9 
1 55 6 1 6 1 
1 1 63 4 1 
8 29 28 3 2 
7 27 28 7 1 
16 16 33 1 2 1 1 
69 1 
7 11 6 37 7 2 
3 58 4 2 1 2 
1 30 36 2 1 
65 3 1 1 
2 35 23 10 
70 
11 57 1 1 
68 1 1 
3 42 3 19 3 
1 4 18 38 9 
1 61 3 3 1 1 
32 18 7 10 3 
12 43 10 5 
2 20 26 18 1 1 2 
13 10 18 2 11 5 11 
9 40 11 2 1 5 1 1 
2 33 32 2 1 
6 56 2 4 2 
25 11 5 9 9 11 
43 4 16 3 1 2 1 
1 53 5 7 4 
53 11 3 1 2 
4 39 25 1 1 
9 27 17 11 3 3 
67 3 
1 37 23 8 1 
1 66 3 
1 48 19 1 1 
1 38 30 1 
3 58 5 3 1 
8 52 1 4 2 1 1 1 
3 44 19 4 
1 56 10 1 2 
6 13 20 8 5 4 5 8 1 
1 30 29 1 3 3 3 
70 
1 25 29 13 2 
2 10 35 22 1 
5 4 2 45 7 3 2 1 1 
61 4 2 1 2 
1 28 39 1 1 
9 43 18 
13 17 38 2 
6 7 2 25 16 5 4 1 4 
2 17 5 18 23 4 1 
5 41 22 1 1 
7 55 3 5 
29 23 1 5 9 3 
1 34 3 25 3 2 1 1 
1 57 8 1 1 1 1 
2 47 12 5 2 2 
13 12 30 8 5 2 
70 
7 21 17 21 2 1 1 
1 19 30 1 8 10 1 
7 60 3 
3 33 12 10 1 8 3 
5 46 15 4 
20 48 2 
1 5 61 3 
70 
9 37 19 3 1 1 
1 39 30 
1 38 26 5 
1 53 13 2 1 
5 8 16 22 14 4 1 
1 13 29 10 5 8 2 2 
1 45 24 
2 68 
7 59 3 1 
20 19 9 18 1 2 1 
28 31 2 9 
1 66 3 
15 46 8 1 
37 9 24 
3 55 1 7 3 1 
9 56 3 2 
3 60 7 
1 67 1 1 
1 21 47 1 
54 16 
4 49 13 2 1 1 
3 24 3 4 9 14 8 3 1 1 
60 5 4 1 
11 43 14 2 
1 4 14 8 38 3 1 1 
1 50 15 1 3 
1 63 1 5 
3 36 5 5 11 4 3 1 1 1 
21 41 8 
1 50 13 1 1 2 1 1 
6 42 4 8 4 3 2 1 
2 49 19 
4 35 19 6 2 4 
21 27 4 11 6 1 
1 40 16 4 6 1 1 1 
1 61 1 6 1 
1 45 1 19 3 1 
35 3 5 17 1 3 5 1 
27 15 18 1 1 6 1 1 
2 61 3 2 2 
2 60 8 
12 35 6 6 11 
1 39 3 18 8 1 
1 29 36 3 1 
69 1 
2 39 8 10 8 3 
1 11 23 7 11 16 1 
1 9 25 20 11 2 2 
1 41 14 1 6 3 4 
2 58 10 
2 58 2 8 
4 5 25 27 3 4 2 
10 12 8 7 4 22 1 6 
8 44 4 2 11 1 
2 41 1 23 1 1 1 
9 41 7 12 1 
68 1 1 
4 29 20 14 2 1 
28 29 5 4 2 2 
1 62 6 1 
1 45 5 18 1 
3 53 4 10 
4 66 
1 36 19 8 2 3 1 
2 46 2 1 6 6 3 3 1 
5 65 
19 37 7 2 1 1 3 
4 5 47 12 2 
1 61 7 1 
6 32 20 3 8 1 
3 43 21 2 1 
1 55 14 
3 24 12 9 8 1 9 4 
1 66 3 
1 64 4 1 
2 42 3 6 13 4 
2 60 4 3 1 
1 49 13 3 1 3 
8 10 52 
1 66 1 1 1 
5 16 17 8 1 2 19 1 1 
23 21 24 1 1 
2 19 49 
1 15 29 22 2 1 
27 17 26 
1 67 2 
3 59 3 4 1 
2 44 7 11 1 3 2 
2 48 4 7 4 1 4 
1 39 1 11 2 4 12 
3 56 3 5 3 
1 25 28 1 10 3 1 1 
10 41 16 2 1 
7 6 20 13 7 5 3 1 2 1 1 2 1 1 
3 22 22 21 1 1 
34 30 6 
3 65 1 1 
1 24 23 4 2 16 
70 
1 19 50 
16 38 4 8 1 1 1 1 
1 69 
1 18 5 7 19 13 4 2 1 
4 2 59 4 1 
4 64 2 
1 64 2 2 1 
2 44 16 2 4 1 1 
1 67 2 
1 37 4 27 1 
50 15 3 2 
2 57 7 3 1 
1 9 17 38 5 
2 1 50 16 1 
1 34 12 1 21 1 
5 15 50 
14 8 44 2 2 
3 50 13 2 1 1 
1 49 4 12 4 
4 14 2 24 17 7 2 
2 54 4 8 1 1 
3 59 4 4 
9 20 26 5 7 3 
1 35 17 8 1 5 3 
3 10 12 8 23 4 4 1 5 
6 63 1 
1 10 17 27 2 6 5 1 1 
1 42 16 5 6 
2 25 34 2 5 1 1 
5 40 23 1 1 
58 1 3 5 2 1 
51 1 5 6 4 1 1 1 
1 3 10 12 18 20 2 4 
16 44 10 
14 9 14 28 4 1 
1 27 36 2 2 2 
47 15 4 3 1 
11 5 3 12 6 33 
2 48 9 6 4 1 
1 4 40 17 3 5 
1 12 3 20 8 25 1 
1 65 2 2 
2 17 8 28 4 2 3 2 2 1 1 
2 7 61 
1 52 17 
42 25 2 1 
15 29 10 3 6 1 6 
1 13 31 13 10 2 
1 14 17 22 8 7 1 
4 61 3 2 
5 38 13 2 8 1 3 
28 29 10 2 1 
10 55 5 
1 33 7 10 2 13 2 1 1 
16 25 8 21 
1 54 14 1 
1 3 65 1 
21 45 4 
1 5 42 22 
5 49 16 
2 51 17 
1 29 14 9 6 4 2 4 1 
1 31 8 18 11 1 
2 12 10 7 21 2 16 
4 30 27 3 5 1 
4 18 2 19 21 2 4 
1 61 6 1 1 
6 44 18 2 
11 54 1 2 1 1 
2 37 27 3 1 
6 5 24 23 4 3 1 1 2 1 
3 46 16 1 2 1 1 
3 59 8 
1 44 23 2 
1 38 17 14 
2 36 13 12 6 1 
2 39 17 7 5 
1 13 50 1 3 1 1 
18 32 13 2 3 2 
30 27 2 3 6 2 
15 51 1 1 2 
1 60 9 
60 3 5 2 
1 14 29 22 1 3 
1 44 13 11 1 
3 20 34 1 12 
2 7 18 3 11 24 5 
7 56 2 3 2 
3 60 1 4 2 
4 51 14 1 
2 45 22 1 
3 56 10 1 
3 4 27 11 9 4 8 3 1 
1 61 2 3 2 1 
70 
6 11 37 1 6 8 1 
2 3 61 2 1 1 
3 27 22 13 5 
1 67 2 
3 52 15 
1 69 
1 29 39 1 
4 55 4 2 5 
28 26 9 7 
3 31 34 2 
6 33 4 11 2 13 1 
1 3 14 38 13 1 
14 1 4 6 20 4 11 4 2 2 2 
1 65 3 1 
11 55 4 
1 28 27 7 7 
37 2 6 9 12 4 
1 55 10 2 2 
1 25 7 24 8 3 2 
1 38 3 21 5 1 1 
1 11 32 13 1 2 5 4 1 
2 46 22 
50 14 5 1 
16 45 3 3 3 
1 63 1 5 
1 22 27 17 3 
7 51 11 1 
4 58 5 2 1 
2 19 49 
2 37 2 3 16 10 
2 45 8 10 4 1 
55 15 
1 27 42 
3 12 24 1 4 16 6 2 1 1 
2 49 19 
8 43 5 14 
1 38 8 2 5 3 1 5 3 2 2 
2 40 23 1 2 2 
1 60 8 1 
3 2 33 29 1 1 1 
1 48 8 9 3 1 
1 16 20 20 2 10 1 
9 35 24 2 
1 55 14 
1 6 28 7 9 2 11 3 3 
2 21 47 
1 42 25 2 
26 40 1 1 2 
3 18 27 8 7 1 5 1 
5 59 6 
1 16 41 10 1 1 
21 49 
2 4 47 14 3 
1 20 12 24 3 8 1 1 
2 10 25 13 1 4 13 2 
9 42 17 2 
37 8 3 9 3 4 6 
1 1 19 45 1 1 1 1 
4 14 32 11 6 2 1 
1 56 12 1 
4 37 3 8 1 11 5 1 
1 69 
2 24 5 5 30 3 1 
1 53 4 6 3 3 
1 24 20 4 10 3 1 7 
2 44 5 3 12 4 
50 11 1 1 2 5 
52 18 
68 2 
4 47 19 
2 44 3 12 5 1 3 
2 16 22 2 6 4 6 4 4 4 
66 2 2 
3 45 18 3 1 
3 52 9 2 1 3 
4 38 28 
1 33 30 6 
43 15 6 3 1 2 
1 58 11 
1 33 4 7 22 3 
4 48 2 9 2 3 2 
1 31 8 21 9 
4 51 7 1 6 1 
2 41 7 14 2 1 2 1 
1 2 34 23 4 4 2 
48 4 5 2 3 6 2 
6 52 5 4 2 1 
3 40 27 
1 4 44 2 7 8 2 2 
8 56 4 1 1 
2 11 47 3 6 1 
1 44 25 
1 21 11 5 8 11 2 2 9 
5 40 18 2 3 2 
4 12 21 27 2 1 2 1 
23 23 22 1 1 
39 25 4 2 
5 14 9 41 1 
30 27 12 1 
1 44 21 4 
1 2 34 27 3 1 1 1 
2 36 32 
70 
1 19 48 1 1 
3 15 1 20 22 1 4 4 
1 4 13 1 10 9 11 4 5 3 2 1 1 5 
2 24 10 13 17 4 
19 41 4 2 2 2 
1 62 2 5 
8 17 16 25 1 2 1 
5 47 18 
1 63 3 2 1 
1 24 40 3 1 1 
1 45 24 
1 10 11 47 1 
68 2 
8 25 2 15 13 3 4 
2 16 32 7 10 1 2 
41 16 4 4 3 1 1 
1 47 5 7 9 1 
1 23 20 14 5 6 1 
2 7 61 
15 26 9 1 7 10 2 
3 1 25 3 20 5 11 1 1 
1 67 2 
4 51 3 5 7 
2 38 25 4 1 
2 22 14 4 25 1 2 
69 1 
1 3 16 17 8 5 6 6 1 2 2 1 1 1 
1 40 7 6 8 3 5 
68 2 
10 49 8 1 2 
13 25 32 
46 21 3 
2 39 5 4 7 1 12 
2 22 24 9 2 6 5 
4 10 27 5 8 5 2 1 2 4 1 1 
3 15 26 25 1 
5 46 10 5 4 
1 3 34 29 3 
11 43 6 7 2 1 
1 3 47 9 8 2 
6 62 2 
62 5 3 
2 68 
5 49 10 5 1 
10 13 5 15 3 12 5 6 1 
9 36 2 5 9 9 
20 21 16 10 3 
1 68 1 
1 36 22 2 6 2 1 
12 4 9 44 1 
8 59 1 1 1 
1 48 9 9 1 1 1 
15 18 13 5 19 
1 3 59 3 1 1 1 1 
8 35 16 1 8 1 1 
7 13 4 17 21 6 2 
12 49 1 4 1 2 1 
2 29 4 15 6 6 1 5 2 
2 64 3 1 
1 6 33 20 6 2 1 1 
1 44 25 
33 29 8 
1 57 10 2 
62 6 2 
1 52 7 9 1 
2 62 4 2 
1 16 20 13 8 8 4 
1 34 35 
11 47 10 2 
5 24 41 
15 44 5 6 
1 65 4 
5 65 
1 30 1 25 1 10 1 1 
1 66 3 
7 47 10 1 2 3 
2 61 7 
62 5 3 
2 15 28 13 3 4 4 1 
59 8 3 
1 51 13 5 
1 57 1 6 3 2 
5 43 4 17 1 
1 6 44 17 1 1 
3 50 11 6 
1 33 21 13 1 1 
2 43 11 12 1 1 
18 42 6 2 2 
1 39 24 4 2 
1 13 53 3 
1 51 16 2 
12 28 19 9 2 
1 61 8 
8 31 18 12 1 
16 4 39 11 
1 64 1 1 2 1 
1 34 21 9 1 2 2 
3 37 29 1 
1 47 12 7 3 
13 49 3 1 1 1 2 
59 1 4 6 
9 33 24 2 1 1 
13 28 6 10 3 10 
1 34 21 10 4 
1 69 
1 46 15 2 3 3 
46 3 21 
2 60 5 1 2 
3 1 11 45 5 2 3 
2 60 4 1 1 2 
10 1 33 17 9 
2 44 6 18 
3 15 41 7 3 1 
3 4 46 10 1 5 1 
69 1 
5 53 4 6 1 1 
1 38 12 17 2 
1 45 23 1 
3 61 5 1 
1 1 10 46 4 4 2 1 1 
60 9 1 
10 51 1 6 1 1 
1 8 29 4 23 3 2 
36 7 11 13 1 1 1 
2 4 57 5 2 
3 21 26 12 1 3 4 
1 15 31 18 4 1 
1 10 59 
1 10 11 21 25 2 
3 12 37 1 6 8 3 
26 6 18 14 1 1 1 2 1 
1 36 10 22 1 
2 42 1 23 1 1 
5 3 41 6 14 1 
4 17 42 6 1 
14 38 1 17 
13 49 8 
18 9 15 28 
4 51 15 
1 66 3 
3 33 33 1 
2 27 30 2 6 1 1 1 
3 47 17 3 
2 21 47 
8 48 7 1 1 2 3 
1 35 30 3 1 
1 13 55 1 
5 16 20 27 2 
29 41 
20 33 15 1 1 
1 10 9 50 
1 19 24 17 9 
1 25 8 5 31 
2 54 1 2 7 4 
1 28 20 4 1 4 12 
46 15 9 
25 2 3 3 22 5 3 4 3 
29 9 14 7 11 
3 3 62 1 1 
1 16 7 3 16 10 10 1 6 
5 4 21 30 3 6 1 
1 49 20 
1 28 30 10 1 
66 3 1 
32 13 25 
1 10 7 16 23 9 3 1 
58 1 4 7 
69 1 
3 44 21 2 
2 54 6 2 2 1 2 1 
1 21 17 8 2 13 6 2 
4 16 15 26 7 1 1 
2 67 1 
2 57 4 1 2 1 3 
1 51 8 2 6 1 1 
1 6 18 24 16 4 1 
1 5 56 1 4 2 1 
13 7 43 5 2 
49 13 6 2 
1 41 28 
2 39 3 6 10 3 1 3 2 1 
6 49 15 
1 33 1 13 9 7 1 5 
1 35 8 2 3 3 7 11 
3 28 34 5 
57 13 
1 27 39 1 2 
2 19 27 16 6 
1 57 8 4 
1 25 25 10 4 5 
2 58 10 
2 5 24 5 1 4 29 
1 7 2 13 38 2 1 1 1 3 1 
1 23 38 4 2 2 
2 27 19 20 2 
4 20 24 12 8 1 1 
1 51 7 6 1 2 1 1 
2 53 4 5 3 2 1 
6 46 10 8 
2 24 27 6 1 9 1 
1 19 26 7 1 2 1 3 6 1 1 1 1 
1 27 16 17 4 4 1 
2 43 1 20 1 1 1 1 
2 17 36 9 6 
21 36 13 
6 23 17 18 1 4 1 
68 2 
2 53 4 10 1 
1 67 1 1 
1 1 64 2 1 1 
3 37 3 20 1 6 
2 43 19 4 1 1 
41 13 5 1 7 1 1 1 
1 19 26 11 5 6 2 
2 7 22 38 1 
2 36 7 13 12 
1 64 5 
2 50 14 4 
3 21 44 2 
31 5 24 1 5 2 2 
1 21 17 14 17 
21 11 18 19 1 
5 55 6 2 2 
1 15 1 41 7 5 
10 44 14 2 
17 39 9 4 1 
1 55 2 5 4 3 
1 50 6 7 5 1 
3 64 2 1 
1 45 12 6 5 1 
17 51 1 1 
2 52 1 14 1 
1 31 6 5 16 5 1 1 4 
3 47 20 
9 50 1 9 1 
1 44 24 1 
3 36 18 13 
2 45 23 
9 38 12 7 3 1 
1 14 19 19 4 2 3 3 2 1 2 
4 3 61 2 
1 24 27 18 
7 22 19 6 12 4 
2 23 10 16 6 9 2 1 1 
2 26 27 5 9 1 
70 
68 2 
5 24 23 7 7 4 
3 58 3 2 4 
1 23 2 15 15 12 1 1 
23 19 28 
2 41 6 15 4 1 1 
9 57 4 
1 4 9 33 10 10 1 1 1 
6 14 42 5 3 
1 6 50 7 4 1 1 
16 3 32 11 1 4 1 1 1 
4 12 51 1 1 1 
1 68 1 
1 61 4 4 
1 14 32 22 1 
11 14 2 5 7 24 7 
1 34 6 28 1 
1 15 22 18 4 10 
1 68 1 
1 17 47 5 
1 35 25 4 5 
40 8 21 1 
43 16 5 2 3 1 
2 33 20 10 3 2 
3 50 13 1 1 1 1 
18 32 18 2 
2 22 38 3 4 1 
66 4 
2 61 7 
3 15 14 8 2 7 1 5 9 5 1 
1 47 3 8 1 7 1 2 
1 20 31 1 6 3 2 4 1 1 
1 65 1 1 2 
2 49 4 9 3 3 
2 59 9 
5 15 49 1 
1 69 
3 52 1 11 2 1 
14 35 21 
4 15 12 31 2 4 1 1 
40 18 5 5 1 1 
1 10 59 
2 9 59 
9 2 20 17 7 3 4 2 6 
2 63 1 3 1 
1 19 11 13 15 11 
28 29 9 3 1 
1 54 15 
1 49 12 5 1 2 
3 37 25 5 
1 52 16 1 
1 65 1 1 2 
1 20 5 38 3 3 
3 44 23 
22 24 24 
3 18 14 20 8 6 1 
2 47 20 1 
6 27 13 13 11 
2 3 3 34 3 1 11 9 1 1 1 1 
69 1 
3 21 40 3 3 
7 62 1 
1 62 1 3 3 
2 29 13 21 2 2 1 
1 15 6 15 2 5 15 2 1 8 
24 37 3 5 1 
46 20 4 
9 31 18 1 9 1 1 
3 30 4 20 12 1 
3 34 4 9 5 4 6 4 1 
3 35 12 18 2 
3 45 7 15 
1 8 36 17 1 4 3 
32 2 20 3 9 4 
10 13 25 7 9 4 2 
2 65 1 2 
33 29 6 2 
2 58 3 5 1 1 
3 12 20 3 3 8 11 7 3 
5 51 6 7 1 
1 22 7 27 10 2 1 
24 16 12 13 3 2 
1 9 49 1 6 4 
1 22 16 2 9 12 4 3 1 
1 6 25 24 7 4 1 1 1 
2 48 20 
70 
3 41 20 1 1 2 2 
3 16 46 1 4 
23 1 6 21 18 1 
2 7 55 5 1 
1 57 8 1 3 
1 9 33 19 5 2 1 
1 27 4 6 10 6 11 3 1 1 
1 47 22 
1 40 23 4 2 
16 14 21 15 4 
1 12 31 9 1 1 15 
1 23 12 19 10 3 2 
24 40 3 2 1 
12 8 24 20 6 
1 54 1 9 3 2 
4 47 10 7 1 1 
1 29 12 25 2 1 
2 17 22 6 19 2 2 
2 68 
3 58 9 
2 59 3 5 1 
52 18 
57 1 12 
2 60 6 2 
1 10 59 
7 42 10 6 1 1 1 1 1 
1 29 37 3 
68 1 1 
1 3 8 16 22 2 5 1 1 2 4 4 1 
2 62 2 4 
4 4 9 3 9 1 27 9 1 2 1 
15 35 6 5 7 2 
32 10 28 
65 5 
2 42 2 4 20 
10 9 32 9 8 2 
61 7 1 1 
1 8 17 13 10 3 13 4 1 
11 38 21 
1 13 3 26 6 14 7 
3 48 10 2 1 3 2 1 
1 17 51 1 
20 31 19 
1 39 12 1 8 8 1 
1 13 17 37 2 
1 1 57 7 4 
1 40 19 3 4 2 1 
1 5 48 12 4 
63 7 
4 48 13 1 1 2 1 
56 6 6 2 
1 54 1 13 1 
2 39 4 19 5 1 
6 44 20 
2 46 8 4 6 4 
18 41 1 7 3 
1 22 26 15 1 4 1 
10 37 1 22 
4 57 2 7 
1 22 44 3 
10 26 10 5 2 9 7 1 
51 14 4 1 
1 6 23 30 10 
31 8 14 5 5 6 1 
9 29 27 3 2 
46 24 
32 38 
4 4 36 21 2 1 2 
4 48 10 1 5 2 
9 32 2 9 15 3 
1 8 42 15 3 1 
4 29 37 
2 1 5 44 15 2 1 
1 40 19 10 
3 9 4 30 24 
15 39 6 1 6 2 1 
1 42 15 11 1 
1 64 2 3 
1 19 30 16 3 1 
9 16 17 13 11 1 1 2 
2 61 7 
44 24 2 
70 
3 44 7 11 2 2 1 
2 44 24 
8 36 21 2 3 
1 61 7 1 
1 10 20 22 2 4 4 3 2 1 1 
2 52 14 2 
59 10 1 
6 42 13 3 3 3 
2 18 27 9 11 2 1 
6 43 18 2 1 
10 5 21 19 8 6 1 
3 14 42 11 
1 27 13 27 1 1 
3 60 7 
2 61 4 2 1 
46 5 19 
7 41 20 1 1 
18 24 6 14 5 3 
1 26 40 3 
2 6 11 43 7 1 
2 5 17 6 5 10 10 2 8 1 4 
1 57 5 7 
1 14 10 15 17 8 3 2 
1 38 20 5 1 4 1 
3 27 40 
26 31 10 2 1 
1 45 23 1 
4 4 62 
62 2 2 4 
1 49 4 15 1 
6 12 1 28 15 5 1 1 1 
4 54 6 6 
9 33 25 2 1 
30 32 1 7 
1 60 2 3 4 
1 37 22 8 2 
15 33 22 
1 32 37 
7 59 2 1 1 
2 28 38 1 1 
2 6 1 26 19 13 3 
24 38 4 1 3 
1 21 24 18 6 
1 28 21 10 6 1 3 
5 63 1 1 
1 57 4 4 1 2 1 
27 42 1 
1 38 8 6 8 5 2 1 1 
1 25 43 1 
4 63 3 
5 55 6 2 2 
1 26 13 6 1 6 3 13 1 
1 41 24 2 1 1 
1 50 19 
70 
7 17 14 14 5 4 2 6 1 
1 31 9 6 13 6 3 1 
1 16 35 14 4 
4 28 37 1 
3 48 16 3 
1 46 23 
9 16 10 24 8 3 
2 62 6 
7 11 47 2 3 
1 7 25 18 4 9 2 4 
32 33 4 1 
8 2 43 10 6 1 
1 11 16 16 20 5 1 
2 66 2 
1 58 6 5 
3 38 2 3 7 16 1 
1 14 52 2 1 
2 14 24 26 2 1 1 
1 40 7 22 
2 12 18 25 8 2 1 2 
1 26 37 2 4 
9 50 11 
1 55 3 10 1 
1 39 4 4 5 3 6 2 5 1 
35 16 10 1 6 2 
1 38 1 15 6 7 1 1 
3 29 8 20 2 8 
1 42 24 3 
1 33 14 4 6 6 6 
19 18 17 12 3 1 
15 26 8 18 1 1 1 
5 37 18 3 1 1 1 1 3 
5 9 25 17 12 1 1 
1 33 27 2 4 2 1 
1 63 6 
16 19 33 1 1 
3 29 7 2 7 9 10 2 1 
2 45 23 
1 55 13 1 
30 40 
4 1 27 26 6 1 1 3 1 
6 40 6 11 1 2 4 
29 39 2 
8 14 10 36 1 1 
26 8 18 15 1 2 
7 20 22 7 11 1 1 1 
2 10 20 15 6 16 1 
2 62 6 
1 32 22 8 4 1 2 
2 21 46 1 
3 63 4 
2 64 4 
1 5 21 34 5 2 2 
1 45 3 7 7 3 3 1 
26 7 26 10 1 
1 41 23 1 4 
1 3 27 36 2 1 
3 43 2 16 1 2 3 
1 59 7 3 
7 12 22 5 8 3 8 4 1 
13 21 24 3 2 3 4 
37 12 1 11 1 4 3 1 
1 27 42 
6 18 32 8 6 
5 49 12 4 
1 25 1 7 1 9 17 6 3 
3 4 35 3 9 9 2 2 1 2 
12 48 1 2 5 1 1 
1 67 2 
7 49 7 1 2 4 
1 18 50 1 
1 67 2 
4 55 8 3 
6 27 37 
32 4 19 11 1 3 
1 36 26 2 4 1 
14 2 34 5 7 6 1 1 
17 7 16 1 12 2 4 4 2 1 3 1 
1 20 46 3 
1 6 44 2 9 5 1 2 
67 2 1 
3 67 
2 2 12 7 38 5 2 2 
1 13 33 11 2 6 2 1 1 
32 32 3 3 
24 6 29 5 6 
1 43 10 15 1 
53 1 7 6 2 1 
7 19 31 5 2 5 1 
1 40 9 8 11 1 
1 37 13 2 1 10 5 1 
5 30 34 1 
2 44 24 
1 22 14 16 3 8 6 
2 24 32 4 3 1 1 3 
3 21 12 15 8 10 1 
2 47 8 4 7 1 1 
1 36 12 15 4 1 1 
2 14 43 6 1 2 1 1 
9 36 11 2 11 1 
1 35 30 4 
34 3 5 13 7 1 3 4 
6 34 27 3 
1 31 9 23 1 3 2 
1 41 28 
5 51 12 2 
5 56 1 4 3 1 
5 27 22 14 2 
2 58 4 5 1 
1 3 56 7 1 1 1 
12 30 13 8 2 2 3 
5 43 22 
17 43 7 2 1 
3 13 54 
2 41 24 2 1 
3 19 22 19 7 
1 57 12 
70 
2 40 14 2 2 5 2 1 1 1 
7 54 3 3 2 1 
63 5 2 
5 8 34 7 9 5 2 
2 68 
1 29 9 15 1 5 1 5 3 1 
70 
5 49 6 1 2 4 3 
14 5 17 30 3 1 
63 4 1 1 1 
62 7 1 
10 32 26 1 1 
3 41 20 4 2 
5 54 9 2 
1 13 20 29 4 2 1 
10 9 45 5 1 
69 1 
27 11 11 13 4 1 3 
1 31 16 10 3 1 4 2 1 1 
2 54 8 6 
7 50 9 1 2 1 
52 6 11 1 
5 10 34 3 3 10 3 2 
2 60 3 2 2 1 
3 59 7 1 
3 9 39 12 5 2 
1 1 48 9 9 2 
1 22 4 4 15 14 4 3 1 2 
2 23 44 1 
2 20 15 5 8 9 2 3 5 1 
51 5 9 1 2 1 1 
2 50 1 11 1 1 1 3 
1 22 34 7 4 1 1 
69 1 
27 16 14 12 1 
4 53 10 1 1 1 
2 1 61 6 
9 28 22 3 2 6 
25 25 9 5 6 
5 47 17 1 
7 33 17 1 8 2 2 
5 54 7 2 2 
58 3 7 2 
1 16 39 13 1 
36 34 
43 1 5 1 3 5 7 1 1 1 2 
1 44 13 5 3 1 3 
2 13 35 9 8 1 1 1 
5 53 2 7 3 
1 59 8 2 
20 10 28 11 1 
1 40 1 7 12 8 1 
2 28 6 21 13 
1 3 17 19 23 7 
1 50 14 3 2 
6 11 36 12 4 1 
1 63 6 
2 6 32 14 2 3 6 3 1 1 
4 26 12 11 7 7 3 
1 62 1 4 2 
9 2 14 33 4 8 
21 38 1 9 1 
1 7 59 3 
