16 17 6 11 20 1 
15 10 6 24 8 1 7 
3 19 43 6 
23 32 9 2 5 
13 2 13 41 2 
1 52 12 2 4 
1 14 2 43 11 
21 39 7 3 1 
2 64 5 
1 20 13 11 13 4 7 2 
3 17 50 1 
1 6 37 5 17 2 1 2 
2 63 6 
2 44 8 15 1 1 
2 49 14 2 4 
1 14 41 2 12 1 
40 15 8 8 
17 1 43 2 8 
12 19 38 2 
43 21 6 1 
2 16 32 19 2 
6 26 17 13 6 1 2 
1 13 48 7 1 1 
1 69 1 
58 8 2 1 1 1 
12 13 43 1 1 1 
3 54 1 5 8 
2 45 7 10 2 4 1 
1 49 16 2 3 
15 5 13 33 1 4 
1 14 55 1 
49 4 18 
2 50 4 12 3 
2 56 4 4 1 3 1 
63 5 3 
1 56 7 3 4 
4 18 18 26 1 4 
9 24 5 24 8 1 
5 3 18 18 18 8 1 
14 35 7 14 1 
17 18 17 19 
7 63 1 
5 35 14 9 7 1 
1 48 21 1 
15 56 
2 59 2 3 1 2 1 1 
11 23 9 6 14 6 2 
1 56 4 9 1 
15 49 7 
35 28 8 
3 37 3 22 2 2 2 
1 7 30 29 3 1 
2 26 17 17 3 5 1 
1 13 11 34 8 2 1 1 
58 10 2 1 
3 57 11 
1 4 45 10 6 5 
2 67 2 
1 68 2 
3 12 33 10 2 2 2 7 
1 39 21 7 1 2 
71 
11 56 3 1 
1 42 27 1 
40 6 25 
1 69 1 
6 32 33 
1 5 44 2 4 2 6 3 3 1 
11 57 2 1 
3 51 17 
13 36 11 7 2 1 1 
11 31 25 2 2 
52 11 8 
4 2 39 24 2 
45 21 4 1 
70 1 
1 60 1 3 1 1 4 
4 47 6 4 5 3 2 
8 63 
14 52 2 1 2 
4 15 46 5 1 
4 57 3 1 6 
59 7 3 2 
1 1 56 10 3 
4 5 18 42 1 1 
1 17 22 20 11 
1 53 14 2 1 
69 2 
2 33 32 3 1 
4 3 10 33 4 4 5 1 5 1 1 
1 52 3 2 6 1 2 1 1 1 1 
1 11 7 22 7 4 7 2 3 4 3 
2 51 3 4 1 1 6 3 
2 12 43 14 
1 49 1 2 3 14 1 
9 23 31 1 1 2 4 
4 57 7 1 2 
65 2 4 
1 15 51 3 1 
28 31 5 7 
5 52 14 
1 37 14 2 5 9 3 
1 35 23 10 1 1 
1 27 42 1 
6 48 2 2 6 5 2 
8 53 2 2 5 1 
1 54 4 11 1 
3 12 56 
8 24 20 6 13 
4 14 20 28 1 2 2 
1 21 26 6 6 3 5 1 1 1 
67 2 1 1 
1 7 26 27 9 1 
2 21 26 3 10 7 2 
2 35 6 14 3 11 
1 57 3 2 3 2 2 1 
2 4 24 40 1 
1 67 3 
2 63 4 2 
11 33 27 
14 23 4 10 17 2 1 
2 19 32 3 10 1 4 
70 1 
23 39 3 5 1 
1 55 8 7 
64 1 2 1 3 
1 7 2 18 22 10 2 4 3 2 
44 22 2 2 1 
9 6 5 35 13 2 1 
66 2 3 
52 1 6 5 1 1 2 3 
3 17 31 6 14 
1 37 2 15 8 1 1 3 2 1 
65 1 4 1 
6 41 13 1 4 5 1 
1 5 45 19 1 
29 3 16 6 12 5 
47 14 8 1 1 
3 2 47 8 9 1 1 
1 15 3 24 6 7 2 5 7 1 
4 13 46 6 1 1 
1 58 11 1 
17 7 18 15 13 1 
3 68 
1 29 33 3 4 1 
1 12 41 5 9 1 1 1 
1 33 21 2 10 2 1 1 
11 2 23 12 5 13 2 3 
1 23 15 29 1 1 1 
10 31 29 1 
4 3 10 36 3 6 3 1 2 2 1 
2 26 21 9 5 4 2 2 
1 3 3 39 10 4 8 2 1 
2 34 8 9 18 
5 51 2 11 2 
10 39 22 
2 34 7 19 7 1 1 
5 52 1 12 1 
1 67 2 1 
70 1 
36 30 3 2 
66 5 
9 6 52 1 2 1 
1 70 
2 21 45 1 2 
1 63 2 3 2 
32 8 11 7 9 2 2 
6 58 1 3 2 1 
33 32 6 
2 5 54 9 1 
1 44 15 8 3 
6 32 21 2 7 3 
2 23 46 
2 29 6 13 20 1 
4 33 11 23 
9 51 7 4 
3 51 14 1 2 
37 20 7 2 5 
3 46 18 2 1 1 
17 35 19 
1 60 10 
24 39 7 1 
21 2 43 3 2 
1 65 1 4 
3 5 40 3 17 1 2 
1 53 3 12 2 
1 68 1 1 
71 
1 16 54 
12 27 29 3 
2 34 16 17 1 1 
8 5 19 13 21 3 2 
6 64 1 
8 60 2 1 
1 27 43 
3 28 26 7 2 2 1 1 1 
7 47 14 1 1 1 
3 54 8 4 1 1 
17 43 11 
47 20 4 
6 46 13 4 2 
1 60 3 4 3 
12 20 33 6 
2 65 4 
4 49 1 9 7 1 
21 40 1 1 8 
3 44 9 12 3 
4 34 23 4 2 1 3 
10 30 5 22 1 1 2 
45 15 9 1 1 
1 44 10 3 7 2 4 
3 34 1 17 7 1 7 1 
2 33 26 8 2 
8 10 5 3 14 14 6 5 6 
17 45 7 1 1 
3 5 49 5 6 1 1 1 
2 2 48 14 4 1 
5 16 20 15 2 4 4 1 1 2 1 
3 23 43 2 
4 6 30 29 2 
4 30 15 10 12 
1 50 20 
1 44 21 1 1 2 1 
2 47 9 5 2 2 4 
1 34 31 2 2 1 
18 50 2 1 
2 40 18 5 2 2 2 
66 3 2 
4 58 3 1 1 4 
1 2 43 17 1 2 3 2 
2 45 7 13 2 2 
2 6 3 33 27 
1 27 19 11 7 3 2 1 
3 6 50 5 6 1 
1 27 30 5 8 
1 50 17 2 1 
7 24 19 10 6 2 1 1 1 
2 31 14 24 
1 19 44 4 1 2 
2 24 22 14 1 3 5 
1 61 3 6 
26 22 21 1 1 
8 32 3 22 6 
2 16 29 16 3 1 3 1 
1 70 
1 40 28 1 1 
1 55 15 
1 37 16 4 11 1 1 
1 42 27 1 
1 36 26 5 2 1 
1 65 5 
1 54 12 3 1 
2 58 3 4 4 
68 1 2 
1 11 13 42 4 
6 65 
1 61 4 5 
70 1 
1 65 4 1 
1 43 5 11 4 7 
5 52 6 1 5 1 1 
3 13 27 21 6 1 
1 49 13 5 1 2 
4 16 39 2 3 5 2 
1 4 20 28 10 5 3 
17 36 18 
3 38 3 13 9 1 1 1 2 
1 54 16 
1 31 15 13 11 
1 54 2 6 6 1 1 
19 48 4 
1 63 7 
2 51 3 5 2 1 2 4 1 
2 47 18 1 1 2 
11 23 12 13 10 2 
4 58 3 3 1 1 1 
2 20 8 16 13 12 
1 64 6 
1 4 51 7 6 1 1 
1 54 11 5 
7 62 2 
4 49 3 12 2 1 
1 12 57 1 
40 17 1 13 
4 12 37 16 1 1 
1 68 2 
55 7 9 
1 57 8 4 1 
3 2 6 33 17 5 5 
1 24 15 8 4 8 8 3 
1 36 31 3 
1 57 7 4 2 
2 31 37 1 
17 47 7 
1 16 54 
71 
12 51 8 
3 60 3 1 3 1 
1 50 20 
1 53 2 9 2 4 
1 33 32 3 1 1 
1 8 42 12 3 5 
1 58 10 2 
7 19 41 3 1 
2 26 20 16 2 4 1 
2 27 19 4 2 11 5 1 
1 44 25 1 
2 41 1 19 6 2 
3 25 5 5 5 1 7 18 2 
3 1 22 38 5 2 
1 35 8 25 2 
1 55 15 
1 43 14 2 4 3 2 1 1 
12 55 4 
4 58 1 4 4 
3 56 12 
2 55 14 
1 19 42 6 3 
71 
1 59 11 
1 66 1 2 1 
5 27 2 28 2 7 
1 45 10 14 1 
1 35 25 2 5 1 1 1 
6 38 13 7 4 3 
3 42 9 11 3 1 2 
1 47 23 
10 12 29 18 1 1 
18 40 7 3 3 
1 65 1 1 1 1 1 
27 28 1 15 
65 4 2 
71 
2 40 18 6 4 1 
1 40 25 4 1 
1 46 14 7 1 1 1 
4 41 14 12 
10 40 13 7 1 
1 36 11 12 11 
49 6 12 4 
1 24 42 1 3 
1 69 1 
69 1 1 
1 41 5 9 11 1 3 
49 2 19 1 
3 2 62 4 
1 15 53 1 1 
2 13 7 4 1 26 9 4 2 1 1 1 
4 12 6 25 16 6 1 1 
21 9 25 7 4 1 2 1 1 
15 35 21 
25 41 5 
5 9 14 12 25 1 1 2 1 1 
31 13 5 11 11 
56 13 2 
3 8 53 6 1 
1 7 60 1 2 
46 17 7 1 
1 35 2 24 7 2 
1 45 14 3 1 4 2 1 
4 26 31 3 3 1 2 1 
1 39 26 1 1 2 1 
1 50 20 
2 39 1 19 10 
7 10 25 11 15 2 1 
2 45 20 1 3 
11 56 1 1 2 
22 5 16 24 1 2 1 
1 36 5 2 5 2 4 7 3 4 1 1 
20 42 6 1 1 1 
1 42 4 7 8 6 3 
1 18 7 23 22 
1 16 16 23 4 5 6 
71 
3 55 2 8 1 2 
31 29 5 5 1 
44 4 22 1 
1 22 39 2 7 
1 40 24 4 2 
1 8 22 38 1 1 
13 25 20 2 7 2 1 1 
3 51 1 9 7 
12 43 1 3 2 4 5 1 
1 52 3 11 1 3 
1 20 5 25 13 1 1 1 2 1 1 
13 45 9 4 
1 9 26 20 5 10 
1 29 1 18 5 11 5 1 
4 42 1 9 9 2 3 1 
1 43 14 11 1 1 
1 69 1 
1 49 14 5 2 
1 2 29 3 19 16 1 
1 54 15 1 
1 21 49 
49 4 7 10 1 
1 56 14 
3 49 5 13 1 
2 34 26 4 1 2 2 
1 28 26 7 2 2 1 3 1 
1 52 7 8 1 1 1 
1 68 2 
2 42 2 21 2 2 
1 21 49 
2 7 39 21 2 
54 5 7 3 2 
58 8 2 3 
1 69 1 
5 10 50 5 1 
8 25 9 13 9 7 
5 39 10 3 9 3 2 
1 67 3 
3 22 37 6 1 2 
1 43 22 3 2 
1 22 31 9 2 4 2 
4 19 26 14 4 2 2 
18 44 8 1 
3 28 21 15 4 
6 15 14 8 1 6 9 12 
2 7 29 9 14 1 5 3 1 
5 33 14 2 1 15 1 
7 10 30 17 6 1 
1 2 55 10 3 
1 16 25 23 4 2 
5 39 12 8 3 4 
1 51 3 12 3 1 
64 4 2 1 
1 17 24 13 13 1 1 1 
1 11 2 39 5 6 3 3 1 
2 4 39 3 3 16 1 2 1 
3 17 25 12 12 2 
8 8 28 2 15 1 7 2 
11 43 8 7 1 1 
6 16 9 20 1 11 2 1 4 1 
40 16 4 8 3 
9 38 6 3 6 9 
6 54 9 2 
2 64 5 
5 43 21 1 1 
17 54 
55 15 1 
11 49 3 8 
1 49 7 3 1 2 1 2 2 1 2 
1 43 27 
4 61 3 3 
1 33 25 5 2 3 2 
3 52 14 2 
1 26 32 1 9 2 
1 7 41 4 2 11 1 2 2 
1 21 12 34 3 
5 28 8 13 14 2 1 
1 68 1 1 
61 1 3 6 
1 29 38 3 
71 
2 34 23 12 
1 67 1 2 
31 31 8 1 
1 15 50 4 1 
1 4 26 36 2 1 1 
7 38 9 4 10 1 1 1 
8 59 4 
3 49 8 8 1 2 
26 10 17 18 
3 47 21 
4 3 35 3 16 2 4 4 
2 42 9 6 3 9 
1 49 19 1 1 
8 57 2 2 2 
41 2 5 22 1 
37 33 1 
14 31 11 14 1 
1 55 14 1 
2 62 4 3 
1 26 11 25 5 2 1 
1 12 12 35 7 3 1 
1 61 3 3 2 1 
47 4 9 2 4 3 2 
1 58 12 
1 64 6 
1 26 17 16 11 
1 62 3 3 1 1 
39 9 10 6 2 1 4 
3 26 8 8 10 16 
4 42 1 18 5 1 
3 43 8 12 3 2 
7 24 4 1 17 1 3 3 5 1 2 3 
3 26 32 6 4 
4 21 33 12 1 
63 1 5 2 
2 14 45 9 1 
43 19 8 1 
1 12 1 36 15 1 3 2 
2 52 15 2 
2 49 11 7 2 
1 3 30 29 7 1 
1 35 1 34 
1 48 1 3 2 4 7 1 3 1 
60 6 1 1 3 
1 51 2 16 1 
1 11 47 5 5 1 1 
1 28 42 
2 54 15 
4 28 5 1 13 7 3 8 1 1 
2 4 18 7 39 1 
1 51 19 
2 62 4 1 1 1 
45 21 1 3 1 
51 15 3 2 
1 40 1 7 14 8 
8 54 4 1 4 
3 37 30 1 
53 4 14 
9 43 13 1 3 2 
1 65 4 1 
14 53 2 1 1 
42 22 3 3 1 
23 10 6 23 2 4 3 
2 9 55 2 3 
65 5 1 
40 19 4 2 2 2 1 1 
8 18 38 2 1 2 1 1 
2 6 47 8 6 1 1 
51 15 5 
63 3 1 4 
4 49 10 2 2 3 1 
1 10 23 9 8 14 4 1 1 
1 56 3 8 3 
1 65 5 
1 37 7 20 5 1 
1 20 3 22 2 22 1 
1 60 10 
7 13 8 21 9 9 1 1 1 1 
56 8 7 
2 30 36 1 1 1 
1 27 39 3 1 
4 12 22 19 9 3 1 1 
16 27 11 8 9 
64 2 2 2 1 
1 60 2 3 2 2 1 
1 35 6 24 4 1 
6 47 5 12 1 
11 28 3 27 1 1 
9 23 30 6 1 2 
1 20 40 2 2 6 
1 51 12 7 
18 29 2 12 8 1 1 
1 36 1 11 16 4 2 
3 44 3 7 13 1 
10 19 22 10 1 1 4 3 1 
10 40 19 2 
3 57 1 7 3 
1 53 7 10 
1 12 26 27 5 
3 42 23 3 
1 12 13 1 20 11 4 4 2 2 1 
3 22 46 
1 55 12 2 1 
3 2 59 2 4 1 
5 9 40 14 3 
14 28 27 1 1 
3 62 6 
71 
3 27 27 5 3 5 1 
3 4 27 2 18 10 3 4 
2 46 19 3 1 
65 1 3 1 1 
29 27 14 1 
1 70 
2 18 3 13 4 27 1 3 
5 27 35 4 
1 33 29 8 
55 15 1 
1 56 14 
12 49 10 
1 31 7 13 5 1 8 2 3 
33 9 16 10 2 1 
1 27 43 
2 28 40 1 
2 25 44 
4 7 53 3 3 1 
2 31 27 10 1 
1 27 12 23 6 2 
1 68 1 1 
44 1 15 3 8 
1 39 25 3 3 
2 24 18 5 22 
13 57 1 
25 40 6 
1 58 12 
4 55 9 1 2 
1 52 17 1 
5 10 52 1 1 2 
1 28 34 2 2 1 2 1 
12 31 25 1 1 1 
7 10 38 11 3 1 1 
3 44 16 2 5 1 
1 38 25 1 2 4 
4 33 2 14 8 10 
10 20 19 15 7 
49 1 1 2 3 14 1 
1 41 29 
1 35 35 
1 32 1 11 25 1 
1 30 27 10 3 
45 8 16 2 
5 21 45 
10 38 17 3 2 1 
6 4 27 20 7 2 4 1 
63 2 3 2 1 
1 68 2 
1 36 16 13 1 2 1 1 
14 43 6 6 2 
17 34 20 
3 47 18 1 2 
58 11 2 
28 29 14 
1 46 4 4 9 4 3 
16 50 5 
56 2 6 7 
1 33 13 1 10 1 10 2 
2 60 5 2 1 1 
28 11 21 5 2 1 3 
40 7 6 10 2 2 3 1 
7 44 16 3 1 
9 18 8 30 5 1 
3 58 10 
1 49 5 4 6 3 1 2 
25 30 15 1 
4 15 39 13 
2 31 3 12 20 2 1 
1 50 15 2 1 2 
5 28 17 4 16 1 
1 11 40 4 10 1 2 1 1 
1 6 9 49 3 3 
1 1 68 1 
2 53 13 3 
71 
4 44 22 1 
1 59 1 5 5 
6 39 26 
3 22 42 3 1 
1 67 2 1 
1 70 
2 57 11 1 
25 43 3 
1 20 49 1 
1 14 47 2 5 2 
1 18 32 18 2 
45 14 2 1 5 3 1 
1 62 8 
8 25 14 12 10 1 1 
1 11 27 9 2 18 2 1 
4 63 3 1 
10 34 11 12 3 1 
1 21 26 3 3 13 1 3 
2 65 3 1 
5 32 4 22 5 1 1 1 
28 41 2 
1 22 14 13 13 3 4 1 
3 7 4 8 19 8 18 2 2 
2 16 35 12 2 3 1 
14 27 9 21 
28 2 5 35 1 
2 34 1 26 2 1 4 1 
2 53 8 4 1 2 1 
1 57 8 3 2 
34 2 22 10 3 
22 39 6 4 
6 56 7 2 
1 22 38 2 2 4 2 
5 50 15 1 
10 53 8 
6 9 51 1 4 
2 31 15 22 1 
28 39 2 1 1 
4 25 42 
2 3 20 9 16 6 14 1 
12 58 1 
29 24 17 1 
1 57 13 
68 1 1 1 
4 15 29 13 9 1 
21 37 3 7 1 1 1 
1 1 7 1 40 9 7 4 1 
1 22 39 6 3 
2 12 8 39 5 4 1 
1 31 11 2 3 2 14 1 1 4 1 
5 57 1 2 1 2 3 
70 1 
1 64 6 
3 47 16 3 2 
1 65 5 
3 7 43 7 10 1 
1 3 66 1 
1 54 1 3 12 
2 48 21 
1 54 2 5 5 2 2 
1 61 2 1 6 
1 38 31 1 
10 43 4 9 3 1 1 
63 1 5 1 1 
3 61 7 
6 10 47 6 2 
2 58 7 2 2 
7 60 4 
3 26 42 
7 18 46 
1 68 1 1 
1 32 37 1 
2 39 20 6 2 2 
3 14 53 1 
1 3 35 21 8 1 2 
30 8 23 8 1 1 
3 28 40 
18 12 7 4 6 2 10 11 1 
4 64 1 1 1 
63 2 2 4 
6 38 7 18 2 
51 4 6 1 3 1 2 3 
4 60 2 2 2 1 
2 54 11 1 1 1 1 
2 13 54 2 
3 65 3 
2 65 1 3 
9 52 10 
1 1 17 5 6 27 14 
2 24 7 32 1 2 1 2 
1 10 8 20 4 23 1 4 
5 20 17 7 1 10 4 5 2 
1 55 15 
3 49 7 12 
2 22 39 3 2 1 2 
39 6 12 7 3 2 1 1 
2 52 9 1 4 3 
2 10 37 19 1 2 
58 13 
9 38 10 11 3 
3 34 25 7 2 
1 58 6 1 3 2 
14 50 6 1 
4 10 18 7 28 4 
45 15 3 7 1 
6 43 3 8 2 1 8 
1 20 20 20 5 1 2 1 1 
1 46 14 3 3 1 1 2 
12 49 10 
1 46 1 16 3 2 2 
1 54 16 
2 35 4 28 2 
1 64 1 2 2 1 
1 9 15 32 2 6 3 1 1 1 
1 26 44 
3 18 49 1 
3 63 2 3 
1 70 
1 3 22 13 17 5 3 5 1 1 
22 29 17 1 2 
4 10 20 13 15 3 1 2 1 1 1 
3 4 26 36 2 
22 39 3 5 2 
14 39 13 5 
1 58 10 1 1 
8 21 16 25 1 
3 61 5 1 1 
11 15 17 13 6 6 3 
1 13 53 2 1 1 
10 47 9 1 1 2 1 
6 62 2 1 
2 36 23 8 1 1 
3 29 15 12 5 7 
5 49 8 3 1 1 3 1 
1 70 
2 19 39 5 2 1 3 
63 6 2 
4 26 33 3 4 1 
6 19 5 28 3 9 1 
3 20 48 
1 70 
5 33 19 11 3 
1 28 20 6 13 2 1 
54 10 3 1 1 2 
1 14 46 5 3 1 1 
54 2 11 3 1 
3 58 3 4 2 1 
1 50 19 1 
9 62 
1 21 16 6 3 11 9 3 1 
71 
4 60 1 3 2 1 
6 7 26 28 3 1 
1 63 1 6 
1 47 1 2 20 
1 4 19 4 25 3 5 4 3 1 2 
4 15 42 1 5 4 
19 28 6 2 11 1 4 
1 16 54 
24 37 10 
12 56 3 
1 35 31 2 1 1 
1 70 
1 16 31 15 8 
1 43 5 19 3 
1 17 5 22 2 13 8 1 1 1 
1 28 31 1 6 3 1 
2 55 9 4 1 
8 31 29 1 2 
4 14 38 5 7 2 1 
1 63 1 2 3 1 
62 1 2 6 
18 29 3 18 3 
7 31 20 9 1 2 1 
1 44 12 7 1 4 1 1 
5 24 21 6 5 8 2 
1 7 58 5 
2 41 26 1 1 
20 26 22 1 1 1 
1 52 4 5 1 4 1 3 
70 1 
2 29 23 1 10 1 3 1 1 
1 47 2 16 5 
1 21 24 20 4 1 
16 26 24 2 2 1 
1 52 3 9 5 1 
2 19 28 9 6 5 2 
1 68 2 
52 7 5 7 
2 35 31 3 
1 57 5 6 1 1 
2 45 21 1 2 
1 46 17 1 2 1 2 1 
2 54 8 3 4 
1 19 9 22 9 1 8 1 1 
5 30 34 2 
11 37 7 12 3 1 
1 36 31 1 2 
1 30 10 6 8 2 2 3 9 
1 2 1 20 35 12 
63 2 2 2 1 1 
7 30 29 1 1 3 
1 44 24 2 
17 33 4 8 6 2 1 
9 35 24 3 
2 5 6 40 4 8 4 2 
3 52 11 4 1 
4 57 8 1 1 
2 44 17 6 2 
1 13 53 2 2 
4 36 24 7 
5 17 21 20 5 1 1 1 
2 51 18 
36 34 1 
2 48 13 2 4 1 1 
56 5 8 2 
1 16 31 7 9 4 1 1 1 
5 4 35 6 19 2 
52 7 5 6 1 
1 12 41 15 2 
1 45 15 8 2 
1 11 12 7 40 
13 13 12 6 13 8 1 1 2 2 
2 26 32 11 
51 16 1 1 2 
56 15 
1 58 9 1 2 
1 62 8 
3 56 9 1 2 
1 35 34 1 
9 7 7 30 7 1 5 2 3 
7 14 50 
6 20 39 2 4 
1 2 40 26 2 
2 6 12 50 1 
1 12 54 3 1 
3 13 16 26 3 6 4 
2 25 39 3 2 
1 57 6 3 4 
19 13 21 10 4 1 1 1 1 
5 50 7 6 1 2 
2 27 26 7 5 3 1 
1 66 4 
15 17 5 29 1 3 1 
1 27 40 3 
21 8 15 16 10 1 
1 37 17 15 1 
54 2 12 3 
3 19 49 
1 63 5 2 
3 3 49 8 8 
1 27 31 12 
36 2 33 
6 59 4 2 
4 46 20 1 
71 
2 28 38 3 
2 5 4 2 50 4 4 
1 7 13 15 6 18 1 2 5 1 1 1 
1 58 6 5 1 
1 21 39 4 2 1 1 2 
1 29 40 1 
2 10 44 14 1 
4 66 1 
2 8 8 34 1 16 1 1 
2 26 41 1 1 
2 50 18 1 
69 2 
1 8 59 1 2 
1 54 3 10 2 1 
6 46 16 3 
24 17 22 5 3 
65 3 3 
1 16 48 2 3 1 
4 15 33 16 1 1 1 
11 9 21 14 3 13 
1 29 14 13 9 3 1 1 
6 41 16 8 
6 35 10 4 14 1 1 
46 19 5 1 
1 48 17 4 1 
1 48 12 7 1 1 1 
7 7 23 23 11 
1 18 49 2 1 
21 27 13 8 2 
70 1 
1 13 44 6 7 
1 41 5 1 10 1 6 5 1 
1 69 1 
1 56 1 6 7 
3 2 48 7 6 4 1 
1 13 43 8 2 1 1 1 1 
12 43 14 2 
3 25 14 10 19 
25 2 16 5 4 15 2 2 
1 69 1 
1 66 1 2 1 
1 51 19 
1 47 9 12 1 1 
1 21 19 4 9 3 11 3 
2 7 25 7 13 11 1 3 2 
71 
3 55 11 2 
3 40 20 3 4 1 
2 50 11 8 
2 58 11 
2 34 3 7 1 3 12 7 1 1 
3 6 38 13 5 2 1 2 1 
51 17 3 
1 8 16 23 20 3 
26 16 7 6 6 9 1 
6 23 26 9 6 1 
8 57 3 1 2 
4 14 9 39 4 1 
2 34 12 7 12 4 
1 52 18 
1 13 23 23 11 
2 22 16 19 3 7 1 1 
2 55 1 11 1 1 
1 44 26 
1 26 23 13 3 4 1 
6 34 2 22 2 1 3 1 
35 8 25 3 
5 53 13 
1 4 43 5 3 9 3 3 
15 3 12 29 4 5 3 
2 50 17 1 1 
1 64 2 4 
36 26 5 4 
48 3 20 
5 37 11 6 5 7 
37 9 20 1 1 2 1 
4 44 11 5 5 1 1 
1 48 21 1 
3 41 1 6 8 5 3 4 
1 36 16 15 3 
5 63 3 
3 38 27 2 1 
2 24 28 2 3 11 1 
1 50 6 1 5 7 1 
3 39 18 2 3 6 
1 68 2 
1 22 47 1 
37 32 2 
1 67 1 2 
1 43 12 11 2 2 
1 54 16 
18 39 11 3 
1 60 7 1 2 
1 36 13 6 9 6 
70 1 
1 59 3 5 2 1 
10 8 30 18 4 1 
18 38 14 1 
66 3 2 
2 19 44 3 3 
3 51 17 
3 51 4 13 
71 
1 46 23 1 
1 7 22 21 2 4 1 2 5 1 4 1 
12 30 27 1 1 
71 
1 1 37 25 7 
2 42 13 10 3 1 
35 16 18 1 1 
1 31 10 13 3 7 1 5 
3 58 10 
2 66 3 
32 1 20 9 5 2 2 
56 8 3 3 1 
3 16 19 13 1 3 2 9 3 1 1 
1 26 44 
36 15 11 5 3 1 
2 4 5 47 12 1 
2 4 60 1 4 
17 27 5 20 2 
34 34 1 1 1 
1 4 61 5 
1 55 7 6 1 1 
2 5 27 35 1 1 
3 3 32 13 5 13 1 1 
67 3 1 
2 14 39 6 4 2 3 1 
1 45 11 2 3 6 3 
1 14 18 11 24 1 2 
21 26 24 
2 2 11 38 13 5 
1 60 2 6 1 1 
1 59 11 
27 14 11 1 8 5 2 1 2 
23 34 6 8 
2 47 14 6 2 
1 3 25 29 11 1 1 
22 14 17 16 1 1 
1 55 15 
1 20 29 21 
1 57 5 5 3 
3 37 25 3 1 1 1 
2 38 6 18 1 2 3 1 
2 32 26 3 5 3 
1 58 12 
12 38 12 2 3 3 1 
71 
71 
25 31 14 1 
1 7 5 52 6 
4 13 52 1 1 
22 28 15 3 2 1 
1 66 4 
4 36 25 5 1 
1 18 32 5 11 4 
1 5 23 10 11 1 20 
1 12 14 8 34 2 
1 4 18 48 
1 70 
4 58 2 4 1 2 
5 40 26 
6 59 5 1 
2 9 35 22 3 
28 5 20 13 5 
1 54 11 2 2 1 
1 14 19 28 8 1 
61 6 3 1 
4 21 15 2 3 22 3 1 
37 26 1 1 6 
1 30 4 20 11 1 1 3 
1 50 5 3 3 1 1 1 4 1 1 
1 43 24 1 2 
15 3 23 5 16 8 1 
1 37 11 2 12 4 2 2 
1 32 38 
1 50 11 8 1 
4 33 5 10 5 9 2 2 1 
1 59 11 
1 59 11 
71 
24 22 20 2 2 1 
2 62 7 
65 6 
1 19 17 31 3 
2 28 34 6 1 
1 63 7 
1 4 26 32 6 1 1 
2 40 25 4 
1 17 29 17 7 
1 22 24 3 10 7 2 1 1 
16 18 2 34 1 
1 4 42 1 4 8 3 5 2 1 
46 14 3 1 5 1 1 
1 26 14 5 15 3 6 1 
1 18 48 4 
4 37 8 10 4 2 3 1 1 1 
63 3 5 
1 7 26 27 6 2 2 
2 32 32 2 1 1 1 
48 5 4 11 3 
3 29 38 1 
2 9 44 7 1 3 3 1 1 
1 20 30 19 1 
1 70 
1 55 15 
4 26 27 14 
2 6 51 6 2 1 1 1 1 
1 3 7 17 15 23 2 3 
4 7 56 3 1 
1 36 11 15 1 3 4 
1 42 27 1 
6 13 29 21 2 
1 4 18 4 21 15 6 1 1 
17 25 26 3 
23 16 12 19 1 
5 22 5 6 12 19 1 1 
1 53 6 5 5 1 
3 39 29 
4 64 1 2 
1 67 2 1 
1 42 27 1 
1 2 38 4 24 1 1 
1 59 9 1 1 
16 45 9 1 
39 20 3 3 6 
4 8 23 17 3 10 5 1 
1 22 26 21 1 
1 22 16 1 2 18 7 3 1 
1 66 4 
1 21 7 30 7 3 1 1 
3 23 44 1 
2 15 13 41 
1 1 43 5 9 4 7 1 
31 15 22 2 1 
1 9 42 19 
4 33 28 2 1 2 1 
1 38 31 1 
1 29 24 9 3 3 1 1 
17 49 2 3 
1 66 3 1 
2 4 46 12 2 4 1 
4 3 50 2 1 10 1 
1 19 41 10 
1 23 27 1 12 6 1 
1 1 10 32 1 12 14 
1 14 26 4 6 19 1 
2 65 4 
12 17 8 13 2 19 
1 7 7 12 25 8 8 2 1 
7 58 6 
3 29 7 28 2 1 1 
22 26 13 8 1 1 
1 34 2 7 1 2 1 10 3 3 2 1 1 2 1 
1 48 17 5 
3 24 44 
48 2 5 4 7 5 
4 29 27 9 2 
4 65 2 
1 57 12 1 
1 54 16 
1 7 52 1 5 4 1 
1 62 3 1 1 3 
33 2 13 11 4 8 
1 29 27 14 
22 49 
8 13 1 27 21 1 
2 48 21 
8 45 12 5 1 
44 12 4 8 1 2 
1 38 32 
2 11 20 15 20 2 1 
2 40 6 13 9 1 
4 13 23 11 9 1 4 1 2 1 1 1 
4 41 10 1 10 1 4 
54 17 
8 45 4 6 8 
3 26 38 4 
1 56 8 3 3 
1 66 3 1 
6 3 1 25 21 14 1 
58 9 4 
2 3 32 26 5 2 1 
21 20 13 12 2 3 
1 39 21 8 2 
1 43 27 
11 45 10 2 3 
1 44 9 13 3 1 
70 1 
1 60 6 3 1 
2 39 7 4 9 10 
1 42 16 2 9 1 
5 1 35 16 1 6 7 
71 
4 1 12 44 5 5 
2 19 18 30 2 
7 22 26 14 1 1 
60 4 5 2 
27 2 1 13 12 8 8 
1 4 65 1 
4 18 40 1 3 5 
2 4 24 36 3 2 
2 68 1 
69 2 
2 63 2 1 1 1 1 
4 56 11 
1 17 30 23 
39 3 24 5 
8 32 28 3 
1 31 26 13 
69 2 
56 3 12 
4 49 10 1 5 1 1 
1 34 35 1 
1 59 1 9 1 
1 17 50 3 
1 56 4 2 3 2 1 2 
2 23 7 38 1 
2 26 32 2 8 1 
2 49 19 1 
3 33 30 4 1 
1 31 5 15 18 1 
1 56 4 5 2 1 2 
4 37 30 
42 5 3 14 7 
4 7 40 15 4 1 
3 52 15 1 
2 22 19 24 3 1 
1 26 27 7 3 2 5 
31 17 12 9 1 1 
58 3 5 4 1 
4 29 11 14 4 4 3 1 1 
2 46 15 2 6 
10 53 5 2 1 
2 54 6 3 3 3 
1 57 7 1 1 3 1 
4 33 9 9 14 1 1 
1 58 6 4 2 
4 47 7 5 8 
2 11 5 43 10 
3 51 14 3 
58 3 10 
1 64 1 5 
5 7 19 38 1 1 
1 69 1 
2 58 5 5 1 
3 27 22 13 1 1 3 1 
1 50 2 18 
67 4 
1 49 21 
1 4 48 5 11 2 
1 53 3 12 1 1 
2 40 24 2 1 2 
4 11 8 19 8 8 10 2 1 
2 18 35 2 4 6 3 1 
35 16 12 8 
1 20 49 1 
8 27 2 2 16 3 13 
1 20 10 34 6 
1 5 39 10 16 
1 43 19 4 4 
17 43 9 1 1 
1 30 3 36 1 
27 32 12 
47 15 7 2 
25 38 3 5 
4 50 9 6 1 1 
29 1 9 31 1 
1 15 12 33 9 1 
1 11 16 13 22 1 2 3 2 
1 5 15 17 7 14 4 6 2 
1 1 17 23 21 4 4 
1 67 3 
1 60 9 1 
1 61 1 7 1 
4 12 15 12 19 1 7 1 
3 12 10 44 2 
2 33 24 9 2 1 
26 39 2 4 
13 45 13 
1 65 1 3 1 
1 56 14 
1 28 41 1 
6 28 36 1 
6 63 2 
2 32 16 16 4 1 
1 49 12 4 1 3 1 
2 61 2 2 4 
1 25 44 1 
1 64 5 1 
24 1 33 2 8 1 2 
17 50 1 1 1 1 
1 62 5 1 1 1 
9 32 9 2 8 11 
2 63 2 1 3 
1 53 3 3 3 3 5 
1 56 7 6 1 
2 25 1 43 
17 49 5 
4 26 38 3 
2 15 37 14 1 1 1 
3 9 59 
1 24 15 26 5 
68 1 2 
8 44 14 5 
9 14 25 19 3 1 
13 9 29 1 1 14 4 
3 39 20 5 2 2 
1 62 8 
1 17 29 9 5 3 7 
43 18 9 1 
5 39 15 2 5 1 4 
3 44 15 8 1 
8 6 19 11 1 5 5 4 12 
1 46 7 12 1 1 3 
1 60 10 
2 56 3 4 1 5 
62 6 1 1 1 
1 32 29 9 
9 30 5 12 4 5 5 1 
55 16 
1 40 29 1 
1 34 16 17 1 1 1 
71 
1 1 60 2 1 4 2 
18 51 2 
7 31 26 5 2 
1 3 17 23 7 2 14 2 2 
1 37 7 3 10 7 2 2 2 
2 19 10 26 7 4 2 1 
1 24 22 6 7 11 
7 51 13 
2 60 1 3 4 1 
2 57 6 5 1 
1 9 34 22 2 1 1 1 
3 44 8 15 1 
1 29 12 26 2 1 
1 55 11 2 1 1 
47 19 4 1 
2 38 9 21 1 
2 49 20 
68 3 
2 63 2 3 1 
1 38 7 15 1 5 1 2 1 
17 19 10 10 15 
1 6 23 21 20 
3 50 13 1 4 
1 38 5 15 3 1 1 3 1 3 
4 44 19 3 1 
23 41 7 
8 26 18 7 4 6 2 
3 11 56 1 
2 21 20 25 3 
2 49 19 1 
5 62 4 
33 11 7 2 17 1 
2 16 45 8 
5 34 11 10 11 
20 49 2 
2 44 10 9 1 3 2 
1 22 39 8 1 
30 29 12 
2 28 27 14 
4 18 18 27 1 2 1 
1 8 34 27 1 
1 43 23 3 1 
1 19 20 18 9 2 2 
1 35 11 12 9 1 1 1 
71 
4 53 13 1 
56 10 5 
1 6 49 15 
1 27 20 23 
1 66 4 
38 13 12 4 4 
3 57 6 2 3 
27 43 1 
1 43 14 11 1 1 
5 29 23 4 7 2 1 
21 46 2 2 
4 50 1 10 2 3 1 
61 8 1 1 
14 30 22 5 
19 52 
24 31 12 4 
2 38 31 
1 65 4 1 
11 14 7 32 3 1 1 2 
1 16 5 5 19 10 2 7 4 1 1 
65 3 2 1 
7 58 1 1 1 3 
3 39 10 3 7 8 1 
2 59 5 5 
1 14 4 12 39 1 
1 25 13 8 9 9 6 
40 30 1 
2 37 3 26 3 
1 60 4 1 1 3 1 
1 21 35 7 7 
1 49 13 7 1 
2 63 6 
1 25 32 9 3 1 
37 29 5 
1 5 35 20 9 1 
12 20 3 27 9 
2 26 40 3 
2 29 10 6 1 5 10 6 1 1 
1 70 
1 55 6 4 1 4 
19 17 35 
4 53 9 1 3 1 
1 59 2 6 2 1 
17 54 
2 52 15 1 1 
2 23 37 5 3 1 
16 48 3 4 
71 
64 2 1 2 2 
1 1 54 15 
3 58 10 
38 20 13 
1 55 8 7 
4 59 8 
2 35 29 3 2 
5 64 2 
2 69 
1 22 20 21 7 
1 32 19 18 1 
10 55 6 
2 5 63 1 
1 5 31 27 4 2 1 
3 66 2 
2 26 12 30 1 
6 22 10 30 3 
4 52 14 1 
61 7 2 1 
4 4 50 7 2 2 1 1 
1 29 25 10 4 2 
1 57 8 3 2 
3 15 30 12 10 1 
7 17 47 
1 36 25 1 4 1 2 1 
4 2 16 23 8 11 7 
65 4 2 
11 53 2 3 1 1 
2 24 22 19 4 
1 59 2 2 7 
3 56 5 1 1 3 2 
71 
17 27 5 7 6 3 4 2 
2 32 33 4 
1 41 13 4 2 10 
16 5 12 27 6 5 
2 13 14 22 18 1 1 
6 13 14 17 20 1 
2 57 12 
6 39 23 1 2 
7 61 3 
63 8 
2 12 20 5 14 13 3 2 
8 63 
2 21 47 1 
7 17 10 4 7 19 6 1 
1 52 10 1 1 6 
67 2 2 
2 21 46 2 
1 37 6 22 5 
4 42 10 8 2 2 1 1 1 
1 51 17 2 
1 52 6 8 4 
1 20 14 12 6 14 4 
1 65 2 3 
2 20 42 3 1 1 2 
23 25 15 5 2 1 
1 62 5 1 2 
28 35 1 7 
1 47 9 8 4 2 
2 68 1 
36 12 22 1 
1 62 3 5 
1 55 10 4 1 
2 14 39 16 
1 16 3 34 1 3 1 8 2 1 1 
71 
5 52 8 3 2 1 
3 45 14 4 5 
2 39 26 4 
1 36 11 5 4 9 4 1 
2 54 11 4 
1 68 2 
1 48 22 
12 35 15 7 2 
54 2 4 8 2 1 
23 14 9 3 14 4 1 1 1 1 
2 21 25 15 7 1 
3 40 12 5 9 2 
1 10 32 28 
7 52 6 1 3 1 1 
17 52 1 1 
3 2 14 42 4 4 1 1 
9 26 28 4 1 3 
10 42 2 6 6 2 1 1 1 
1 65 1 2 1 1 
4 20 26 7 9 4 1 
9 25 15 5 9 4 3 1 
2 48 10 1 1 6 2 1 
5 17 8 3 22 13 3 
11 15 37 1 1 6 
1 62 4 3 1 
5 3 30 13 19 1 
1 63 2 2 2 1 
13 17 24 10 3 3 1 
1 47 13 8 1 1 
1 49 17 1 3 
2 68 1 
2 48 19 2 
2 25 43 1 
1 67 3 
1 62 1 6 1 
4 37 9 12 4 5 
1 32 26 11 1 
13 27 26 4 1 
1 15 1 20 11 14 4 2 3 
1 55 10 4 1 
58 10 1 2 
4 28 39 
57 13 1 
1 58 4 4 2 1 1 
54 14 3 
1 15 14 28 12 1 
1 61 3 6 
1 5 39 10 6 8 2 
2 3 32 14 15 2 2 1 
1 22 42 4 1 1 
50 6 7 5 3 
3 51 1 8 8 
4 46 4 5 3 7 2 
69 1 1 
1 29 30 10 1 
2 6 46 10 4 1 2 
11 44 2 12 1 1 
1 59 9 2 
1 69 1 
2 43 24 1 1 
12 41 10 3 2 2 1 
60 3 6 2 
62 8 1 
1 9 40 5 4 10 1 1 
1 42 8 11 9 
2 38 24 5 2 
4 57 10 
3 67 1 
1 23 31 13 2 1 
10 45 4 8 2 2 
2 12 30 19 6 2 
2 10 42 16 1 
4 43 23 1 
2 37 3 22 7 
1 64 6 
1 38 26 1 1 2 2 
2 69 
2 45 12 4 2 4 2 
1 57 8 5 
2 4 3 49 9 1 3 
1 58 6 3 1 2 
2 2 53 5 9 
65 4 2 
5 49 12 2 3 
20 50 1 
1 24 29 10 6 1 
66 4 1 
2 50 10 4 3 1 1 
1 37 8 7 2 5 11 
5 19 37 6 1 1 2 
10 7 48 2 2 2 
2 53 15 1 
6 40 2 16 2 3 2 
1 42 28 
27 41 2 1 
23 14 2 31 1 
6 61 3 1 
8 62 1 
10 36 25 
1 60 5 5 
10 45 14 1 1 
1 45 21 4 
70 1 
3 10 12 37 3 3 2 1 
1 41 17 7 2 1 2 
4 30 34 2 1 
29 33 8 1 
33 25 7 5 1 
13 54 3 1 
2 55 11 1 1 1 
56 14 1 
1 65 5 
1 59 5 3 1 1 1 
1 41 26 1 1 1 
63 3 2 2 1 
1 31 29 6 1 1 2 
64 3 3 1 
17 42 8 2 2 
1 46 24 
1 20 46 3 1 
61 3 3 2 1 1 
16 34 5 5 2 9 
1 51 6 2 8 1 1 1 
3 25 40 2 1 
33 32 1 5 
4 45 2 20 
1 64 6 
1 25 9 15 7 9 1 4 
1 16 3 38 6 6 1 
4 9 20 29 2 3 3 1 
1 12 55 3 
7 48 16 
5 35 8 18 3 2 
26 24 16 2 2 1 
1 14 35 3 14 2 1 1 
14 54 3 
10 59 2 
1 10 60 
1 34 36 
2 60 9 
45 24 1 1 
9 39 14 9 
5 57 8 1 
5 16 6 10 15 3 3 7 3 3 
32 19 10 1 6 3 
7 47 1 11 5 
2 17 37 9 6 
1 9 37 3 2 6 8 4 1 
1 9 61 
1 36 24 5 5 
2 8 5 37 6 7 1 2 2 1 
36 7 18 3 4 3 
1 2 47 19 2 
25 4 20 21 1 
58 2 6 1 3 1 
2 66 3 
39 9 19 1 3 
7 55 1 5 1 1 1 
9 53 8 1 
2 51 5 9 4 
6 25 32 2 1 4 1 
2 25 3 2 27 9 2 1 
1 13 33 8 12 4 
1 57 7 4 2 
1 49 16 4 1 
66 3 2 
8 61 1 1 
2 6 32 20 2 2 5 1 1 
9 2 10 8 9 12 7 10 2 1 1 
3 20 46 2 
1 39 9 11 5 2 1 2 1 
2 37 28 2 1 1 
2 41 28 
1 18 20 10 3 5 7 2 2 2 1 
3 68 
38 7 23 1 2 
10 40 21 
2 10 32 25 2 
1 16 6 14 15 18 1 
10 27 16 12 3 2 1 
4 24 29 9 1 4 
1 53 2 5 6 4 
1 63 7 
1 48 4 8 6 4 
1 45 7 2 1 5 8 1 1 
7 49 15 
2 42 12 14 1 
6 31 34 
8 37 7 15 1 3 
24 41 5 1 
12 59 
8 4 54 4 1 
11 16 22 10 3 7 2 
1 33 5 20 9 1 2 
4 19 32 10 4 2 
1 61 9 
4 26 10 3 18 5 1 1 1 2 
1 43 1 24 1 1 
1 28 23 14 1 3 1 
1 37 8 15 9 1 
12 47 3 7 2 
1 27 35 3 5 
10 15 3 30 10 2 1 
3 61 6 1 
3 35 13 14 3 3 
55 2 9 2 2 1 
71 
1 61 1 8 
1 53 15 1 1 
1 48 11 11 
1 41 21 8 
14 20 36 1 
1 28 40 2 
5 24 22 10 1 6 3 
10 30 27 1 3 
1 10 23 33 4 
48 9 6 4 2 1 1 
1 66 1 2 1 
38 6 20 4 3 
6 39 9 1 15 1 
1 61 9 
1 44 12 3 6 1 2 1 1 
31 5 10 12 6 6 1 
1 3 17 34 13 1 1 1 
2 29 16 24 
2 27 26 15 1 
1 62 4 3 1 
1 2 47 5 15 1 
8 18 10 17 15 1 2 
1 35 1 18 3 7 3 2 1 
1 11 57 1 1 
2 32 13 8 2 2 6 5 1 
1 4 60 1 4 1 
1 4 43 14 6 1 2 
8 43 18 2 
2 3 50 16 
44 15 12 
3 20 13 15 11 6 1 2 
12 33 15 1 7 3 
1 52 2 5 3 2 5 1 
8 17 44 1 1 
2 65 4 
1 68 2 
1 30 3 30 5 2 
1 5 15 14 32 2 1 1 
61 5 5 
1 54 13 2 1 
3 1 23 39 1 3 1 
42 23 5 1 
2 59 8 1 1 
2 19 49 1 
1 26 42 1 1 
12 40 7 2 3 2 5 
71 
1 48 3 9 8 1 1 
1 17 15 27 1 10 
3 28 28 10 2 
4 65 2 
1 1 15 9 42 3 
5 38 26 1 1 
1 65 1 1 3 
1 36 26 4 2 1 1 
1 5 29 7 12 7 2 5 3 
1 13 27 13 11 5 1 
30 10 22 9 
8 34 6 13 10 
2 24 40 2 1 1 1 
1 63 7 
69 2 
1 13 21 25 11 
4 47 10 2 7 1 
2 18 43 6 1 1 
1 65 5 
5 12 5 26 7 3 13 
3 46 12 2 6 2 
2 4 62 1 2 
2 25 17 7 18 1 1 
2 35 6 8 11 1 4 3 1 
5 65 1 
4 41 9 10 7 
14 24 16 4 1 1 6 2 3 
1 40 14 11 5 
5 48 7 7 4 
1 69 1 
2 9 11 41 1 5 2 
8 34 29 
3 55 5 7 1 
19 25 4 22 1 
1 29 41 
1 23 38 8 1 
1 15 17 33 5 
62 7 2 
1 7 4 39 10 5 1 1 3 
4 37 27 3 
34 3 3 24 6 1 
3 8 56 3 1 
23 29 19 
1 1 3 33 23 1 5 3 1 
1 32 38 
2 45 3 10 3 8 
1 23 5 39 1 1 1 
1 10 39 13 2 1 1 2 1 1 
13 53 2 3 
2 11 2 54 2 
2 41 9 12 3 3 1 
2 21 41 2 5 
11 60 
14 39 18 
1 17 9 18 16 8 2 
1 67 2 1 
24 16 5 2 7 12 3 1 1 
1 46 23 1 
1 36 29 1 2 2 
23 34 6 1 7 
1 2 34 33 1 
6 8 24 25 8 
1 63 3 3 1 
69 1 1 
1 32 20 10 4 1 1 1 1 
68 3 
1 56 14 
1 3 12 9 18 27 1 
2 46 20 1 2 
1 16 36 12 5 1 
1 33 23 1 5 6 1 1 
3 5 32 5 24 1 1 
71 
2 64 1 2 2 
1 50 4 8 2 1 2 1 2 
1 42 26 1 1 
1 32 14 18 4 1 1 
2 10 20 22 16 1 
1 32 4 5 27 2 
1 4 19 34 7 1 3 2 
2 47 22 
1 17 11 17 19 3 1 2 
15 17 3 27 8 1 
36 10 13 5 1 2 1 3 
7 49 5 7 2 1 
50 8 13 
4 29 21 14 2 1 
1 62 2 3 1 1 1 
1 13 10 46 1 
2 22 35 11 1 
15 52 1 3 
2 42 4 14 6 3 
5 1 35 5 17 8 
13 20 29 4 1 1 2 1 
1 17 46 4 2 1 
9 37 25 
1 38 5 1 10 8 2 6 
2 26 28 15 
1 67 1 2 
1 62 3 5 
16 54 1 
1 45 20 1 4 
4 46 21 
2 36 24 1 1 3 4 
2 33 16 19 1 
1 43 1 2 20 2 2 
6 44 13 3 3 2 
2 19 10 3 7 22 8 
4 50 3 12 2 
1 9 35 24 1 1 
6 11 44 1 5 4 
2 9 59 1 
1 56 10 2 1 1 
3 13 10 13 17 1 4 1 7 2 
7 12 38 5 5 1 1 2 
70 1 
3 21 1 36 3 4 3 
5 43 1 20 2 
4 37 30 
8 15 43 2 2 1 
2 61 1 2 5 
1 63 2 4 1 
1 15 5 5 5 36 4 
2 21 33 4 3 3 2 2 1 
12 30 29 
1 70 
70 1 
3 47 5 15 1 
1 10 45 5 10 
12 38 19 2 
2 44 9 5 11 
9 49 13 
8 28 34 1 
36 22 13 
1 18 12 7 28 5 
1 35 35 
21 6 21 2 15 5 1 
5 31 26 5 1 3 
25 35 4 3 2 2 
7 21 21 17 5 
1 28 7 30 2 1 1 1 
20 38 8 3 2 
1 65 1 1 1 1 1 
2 43 21 2 1 1 1 
7 3 61 
13 14 30 3 3 2 2 2 2 
69 2 
1 17 5 48 
13 54 3 1 
4 16 22 1 1 12 7 6 2 
2 55 13 1 
71 
53 16 2 
2 26 20 10 3 6 4 
12 4 55 
10 53 5 2 1 
2 42 19 7 1 
2 2 53 1 5 5 3 
3 10 44 10 3 1 
2 63 6 
5 48 2 11 3 1 1 
65 4 1 1 
15 40 10 1 3 1 1 
2 16 6 11 30 3 2 1 
1 29 24 15 2 
1 31 18 8 6 6 1 
11 34 12 13 1 
1 43 27 
1 64 4 2 
4 55 7 5 
1 8 36 22 2 2 
8 62 1 
1 13 49 7 1 
1 24 39 5 2 
2 16 52 1 
17 48 5 1 
35 12 13 7 4 
57 3 2 3 2 2 2 
1 58 12 
1 7 36 10 1 4 2 4 1 5 
51 1 14 3 2 
1 12 58 
1 8 62 
25 21 7 6 3 7 2 
3 30 5 33 
1 65 5 
4 41 19 7 
56 13 2 
1 6 64 
2 24 45 
2 5 42 4 10 3 1 1 2 1 
1 24 46 
14 36 21 
1 39 5 2 21 3 
10 21 1 24 8 2 1 2 1 1 
15 5 37 12 1 1 
9 42 20 
14 7 24 12 7 4 3 
5 28 38 
7 57 1 6 
1 59 4 3 1 3 
16 53 1 1 
3 37 8 18 2 1 2 
57 11 1 1 1 
1 2 68 
5 34 20 6 2 1 3 
3 1 2 7 20 32 5 1 
1 46 14 5 3 2 
2 23 23 11 1 3 6 1 1 
2 43 9 15 2 
1 43 17 10 
2 49 9 2 9 
71 
1 63 7 
46 14 6 5 
65 2 1 3 
5 26 29 5 1 1 2 2 
5 59 5 2 
5 20 8 36 1 1 
4 32 34 1 
1 62 8 
1 66 3 1 
2 43 16 7 3 
1 7 50 6 3 4 
2 42 7 17 3 
1 22 12 11 19 2 3 1 
64 6 1 
1 8 19 5 28 2 8 
3 4 3 12 17 4 6 8 3 5 1 3 1 1 
43 21 4 3 
3 14 49 1 3 1 
3 30 36 2 
2 7 21 3 13 9 6 7 1 1 1 
1 21 1 38 10 
3 1 23 41 2 1 
3 39 19 6 4 
1 34 36 
1 64 5 1 
62 7 2 
3 67 1 
8 43 5 12 2 1 
1 13 40 11 5 1 
1 20 34 2 13 1 
4 52 15 
1 17 35 9 2 7 
71 
2 15 54 
6 41 7 10 1 4 2 
35 31 1 4 
1 45 5 8 2 1 2 4 2 1 
1 1 32 18 11 6 2 
3 36 23 3 2 3 1 
3 33 7 12 9 2 3 1 1 
6 12 11 10 14 5 4 2 5 2 
14 7 47 3 
2 26 43 
1 43 25 2 
5 35 13 11 7 
9 51 9 1 1 
6 6 42 1 7 2 2 5 
11 12 38 1 3 2 4 
71 
3 26 33 5 1 1 1 1 
1 29 35 2 2 1 1 
1 32 19 5 1 4 1 2 2 4 
18 25 17 10 1 
1 7 41 18 2 1 1 
2 36 20 11 2 
9 60 2 
42 17 12 
25 40 5 1 
9 3 23 26 9 1 
1 13 7 6 3 16 7 14 1 1 1 1 
33 12 1 1 21 3 
26 33 12 
1 15 55 
1 67 3 
2 17 38 14 
71 
10 50 10 1 
58 3 8 2 
8 60 3 
58 8 3 2 
1 30 32 8 
1 30 31 3 6 
2 65 1 1 1 1 
1 18 16 7 21 8 
1 19 4 15 10 12 2 8 
6 3 8 6 25 15 3 5 
9 49 11 2 
57 14 
3 17 26 24 1 
1 56 5 3 4 2 
62 1 5 3 
71 
2 22 30 10 5 2 
2 7 54 5 3 
5 45 6 7 7 1 
2 62 2 3 2 
1 53 3 6 7 1 
6 29 36 
8 46 3 4 2 2 4 2 
1 3 54 7 5 1 
11 24 36 
10 19 21 16 5 
5 24 37 1 2 2 
7 64 
3 4 59 5 
3 45 3 7 8 1 2 1 1 
9 19 12 5 2 21 2 1 
1 62 8 
45 11 7 4 3 1 
7 15 47 1 1 
1 35 31 1 3 
15 23 18 2 10 1 2 
2 3 54 11 1 
28 16 3 15 8 1 
7 40 23 1 
4 58 6 2 1 
3 53 8 1 3 2 1 
3 37 8 4 8 6 2 2 1 
27 18 18 4 1 1 1 1 
1 3 4 27 20 14 1 1 
1 34 28 5 1 2 
1 39 19 5 1 4 1 1 
1 26 44 
1 27 17 25 1 
5 40 5 5 14 2 
1 61 7 2 
2 33 35 1 
2 44 17 3 3 1 1 
8 56 2 5 
1 61 5 4 
13 54 4 
1 63 6 1 
1 65 1 1 2 1 
4 42 24 1 
17 2 52 
3 16 52 
37 24 1 7 1 1 
1 25 10 24 11 
1 6 64 
1 56 4 6 3 1 
2 39 16 14 
2 14 48 2 2 1 1 1 
1 12 18 9 10 18 1 2 
1 23 22 11 9 4 1 
3 64 4 
1 31 35 2 1 1 
12 12 28 4 8 1 1 3 1 1 
4 13 42 8 3 1 
1 31 6 12 12 3 1 1 4 
1 62 4 2 1 1 
1 53 5 8 1 3 
37 13 8 11 2 
1 34 35 1 
4 28 26 1 5 6 1 
10 28 18 15 
2 31 24 8 3 1 2 
1 40 23 1 3 3 
1 10 28 24 8 
9 11 33 8 10 
1 31 16 10 12 1 
5 56 4 5 1 
46 16 4 1 2 1 1 
16 22 12 2 10 8 1 
1 50 4 16 
1 8 13 48 1 
1 40 15 8 3 3 1 
10 8 37 2 11 1 1 1 
1 49 8 12 1 
2 31 20 14 3 1 
45 9 7 2 4 2 2 
2 63 4 2 
13 48 1 7 1 1 
2 63 5 1 
4 57 4 6 
1 2 59 1 6 2 
2 36 17 14 1 1 
5 9 7 33 15 2 
1 4 56 10 
69 2 
2 32 37 
1 41 25 2 1 1 
36 28 6 1 
9 18 21 6 15 2 
33 23 15 
3 59 3 2 2 2 
1 31 29 2 5 2 1 
1 53 10 2 1 2 1 1 
1 69 1 
61 9 1 
6 51 11 2 1 
71 
1 39 31 
1 9 7 25 24 1 3 1 
61 1 5 3 1 
1 36 32 2 
35 12 3 18 3 
6 65 
1 27 10 5 21 6 1 
25 13 33 
1 38 32 
4 30 5 13 7 5 3 1 3 
5 32 2 28 4 
5 60 4 1 1 
1 13 39 5 3 2 8 
1 62 4 2 1 1 
1 62 3 3 1 1 
3 36 19 13 
2 5 17 22 4 5 11 3 1 1 
1 54 9 2 2 2 1 
53 6 2 4 5 1 
4 58 5 1 3 
6 22 31 8 1 2 1 
67 1 2 1 
1 25 6 17 3 1 8 4 3 3 
1 34 19 17 
1 21 49 
1 33 37 
56 1 13 1 
2 42 22 1 1 2 1 
7 63 1 
2 56 10 3 
1 17 53 
3 24 2 2 9 22 2 1 5 1 
1 54 1 11 2 2 
1 69 1 
1 42 21 6 1 
2 61 3 3 2 
1 35 30 4 1 
7 25 33 5 1 
1 24 9 36 1 
44 20 2 5 
3 62 5 1 
3 8 37 3 9 9 2 
13 37 13 1 2 1 1 1 2 
1 20 50 
3 48 16 4 
5 28 6 17 14 1 
1 12 41 7 1 9 
1 66 3 1 
9 49 13 
8 60 2 1 
33 37 1 
1 48 6 8 2 2 2 1 1 
71 
1 67 1 2 
2 33 2 21 11 2 
20 32 11 7 1 
5 8 24 6 20 1 7 
5 58 8 
1 11 58 1 
28 13 4 10 7 3 1 2 3 
1 35 35 
68 1 1 1 
27 6 36 2 
11 15 27 6 6 6 
37 31 1 2 
1 67 3 
1 66 2 2 
1 35 33 2 
2 29 24 8 4 3 1 
1 50 20 
1 18 52 
32 7 17 14 1 
1 55 4 1 7 3 
68 2 1 
2 15 49 2 1 2 
36 9 26 
12 47 4 8 
9 29 6 25 1 1 
5 13 31 16 2 4 
1 62 8 
2 27 18 3 2 8 2 5 1 3 
2 62 2 4 1 
35 14 12 10 
2 23 37 9 
39 1 4 9 9 8 1 
3 43 15 10 
1 43 26 1 
39 6 7 19 
2 52 5 3 4 5 
1 30 2 9 12 13 1 2 1 
13 7 51 
28 32 11 
12 10 21 5 2 6 14 1 
70 1 
1 70 
8 4 54 2 3 
1 19 4 42 5 
1 35 30 1 4 
2 66 3 
1 30 7 29 3 1 
44 3 4 5 7 5 1 2 
1 3 11 30 20 3 2 1 
2 15 50 3 1 
8 4 18 29 11 1 
2 7 5 27 2 9 5 3 5 1 2 1 1 1 
46 17 3 4 1 
2 54 1 14 
58 1 12 
39 8 24 
2 41 13 7 4 3 1 
1 64 3 1 2 
1 54 16 
3 65 3 
2 10 47 12 
11 17 38 2 3 
21 31 2 4 4 7 2 
6 64 1 
1 23 44 3 
1 67 1 2 
11 34 7 8 6 1 3 1 
30 24 12 3 2 
17 6 44 2 1 1 
1 70 
6 18 5 28 10 1 3 
1 46 8 6 3 7 
1 26 1 6 11 22 1 3 
1 17 30 9 9 4 1 
2 54 7 1 7 
1 60 10 
1 51 4 2 10 3 
1 62 3 2 3 
19 19 4 3 20 2 4 
1 10 36 18 1 5 
4 2 29 1 18 2 11 3 1 
1 53 13 2 1 1 
2 15 28 15 2 3 2 3 1 
1 60 8 1 1 
1 48 15 6 1 
1 22 9 5 21 1 9 1 1 1 
4 38 10 12 1 2 1 1 2 
24 32 8 1 2 2 2 
3 64 4 
2 46 11 1 11 
4 60 3 3 1 
1 14 29 11 15 1 
1 18 37 3 1 5 1 2 2 1 
1 8 53 3 1 2 3 
16 52 3 
2 54 15 
2 13 3 28 15 2 3 2 3 
3 16 52 
69 2 
7 5 35 4 7 2 5 5 1 
10 19 34 8 
2 43 18 2 6 
1 26 5 33 1 2 1 2 
2 5 25 15 10 9 2 3 
3 65 1 1 1 
12 30 28 1 
1 55 11 3 1 
1 15 18 16 12 7 2 
7 9 5 14 3 24 3 2 1 3 
3 33 6 8 18 3 
5 32 11 4 9 6 2 1 1 
1 56 14 
1 28 17 8 10 4 1 1 1 
2 69 
3 19 16 9 17 5 1 1 
20 48 3 
1 68 1 1 
2 19 20 29 1 
13 57 1 
17 11 22 15 2 3 1 
3 68 
2 37 20 3 2 2 2 2 1 
1 23 10 25 12 
1 68 1 1 
1 45 22 3 
1 17 35 16 1 1 
1 37 33 
1 61 9 
42 9 7 4 6 2 1 
12 6 16 20 17 
20 44 2 4 1 
20 27 4 15 5 
10 38 16 7 
3 62 6 
17 38 12 2 1 1 
1 2 33 24 2 6 1 2 
1 70 
29 31 4 7 
1 1 31 32 4 2 
25 27 19 
49 17 2 1 2 
3 48 11 3 5 1 
15 21 9 21 1 3 1 
5 54 1 5 5 1 
3 38 3 20 1 2 1 3 
4 32 28 5 2 
1 19 1 4 23 6 17 
2 50 16 2 1 
2 46 17 3 3 
1 30 16 2 21 1 
10 15 5 25 2 4 6 2 2 
2 51 1 8 3 1 2 1 1 1 
1 14 55 1 
3 49 8 11 
2 21 34 12 2 
3 32 32 1 1 1 1 
25 24 2 4 11 1 4 
2 12 26 21 9 1 
17 25 14 9 4 1 1 
3 60 2 3 3 
48 14 5 4 
51 17 2 1 
4 43 22 1 1 
2 4 34 3 10 2 5 10 1 
16 13 19 14 4 2 3 
2 54 2 6 2 1 2 1 1 
64 5 2 
16 16 23 15 1 
1 33 24 8 5 
6 56 6 3 
1 20 24 4 3 7 1 9 1 1 
1 10 14 33 1 7 1 4 
51 6 7 7 
64 1 2 3 1 
31 19 12 9 
2 10 11 13 1 7 11 14 1 1 
69 1 1 
1 5 40 10 11 2 1 1 
1 44 7 8 3 5 3 
3 8 60 
5 59 4 2 1 
1 57 9 2 1 1 
1 25 45 
1 43 11 9 2 2 3 
3 22 29 17 
1 25 14 23 6 2 
1 35 35 
1 37 33 
2 65 4 
1 39 24 3 3 1 
2 62 3 1 2 1 
1 42 11 5 6 6 
2 46 5 16 2 
3 2 38 25 2 1 
3 51 6 6 3 1 1 
17 41 13 
24 29 18 
1 65 5 
51 8 4 7 1 
33 16 7 12 2 1 
1 35 14 2 12 2 2 3 
1 27 42 1 
1 31 38 1 
5 13 41 7 1 3 1 
2 28 15 14 10 2 
2 26 43 
15 52 4 
3 52 6 2 1 1 1 1 3 1 
1 40 30 
1 60 5 5 
1 63 1 2 4 
19 35 17 
3 7 46 13 1 1 
1 66 4 
1 29 1 13 21 4 2 
3 9 9 5 45 
4 19 48 
1 63 2 1 2 1 1 
23 44 4 
9 26 10 9 6 2 5 4 
71 
3 62 6 
2 57 12 
1 18 27 16 4 1 3 1 
53 2 10 1 4 1 
6 60 3 1 1 
1 11 58 1 
57 3 10 1 
2 44 4 5 4 6 5 1 
3 56 12 
1 37 10 3 16 4 
2 32 35 1 1 
1 25 20 20 1 2 2 
1 47 9 1 1 8 3 1 
3 19 13 23 8 2 1 1 1 
1 63 5 1 1 
2 14 23 27 5 
33 28 2 2 6 
20 12 7 1 3 20 1 1 1 5 
1 52 16 2 
1 17 2 31 7 5 5 1 1 1 
2 17 1 19 24 1 1 2 4 
1 60 8 2 
66 4 1 
2 33 5 8 10 7 4 1 1 
29 33 9 
2 65 4 
3 14 14 21 19 
1 2 30 29 7 2 
2 66 3 
26 6 15 7 10 7 
2 58 9 1 1 
11 41 11 4 1 1 1 1 
62 1 6 1 1 
71 
1 44 4 1 11 8 2 
1 21 49 
2 21 13 14 4 2 4 4 2 3 2 
35 18 13 4 1 
31 12 25 2 1 
3 24 38 2 4 
1 70 
1 9 51 6 3 1 
14 11 4 19 9 3 5 4 1 1 
1 28 2 34 1 5 
6 2 10 19 28 2 3 1 
61 5 5 
1 28 8 12 18 1 3 
1 22 10 11 10 4 9 4 
1 25 42 2 1 
1 28 31 8 3 
21 19 20 5 1 2 1 1 1 
4 1 37 8 21 
3 66 1 1 
3 3 9 3 2 5 7 4 12 2 11 2 4 2 2 
1 52 1 16 1 
1 44 26 
8 19 20 19 1 2 1 1 
6 18 31 5 2 8 1 
2 58 10 1 
51 14 6 
1 56 7 6 1 
6 8 23 29 2 3 
1 66 4 
1 46 20 3 1 
8 44 19 
12 30 8 5 16 
2 37 6 23 1 2 
32 9 12 3 1 1 12 1 
11 58 2 
1 47 6 16 1 
9 61 1 
29 3 5 13 10 1 3 1 3 3 
21 2 39 4 2 3 
1 60 7 2 1 
2 22 32 4 9 1 1 
1 9 13 18 28 1 1 
3 53 6 3 4 1 1 
1 34 15 17 2 2 
2 59 9 1 
2 2 25 17 6 13 5 1 
2 31 38 
1 39 30 1 
2 12 34 17 6 
71 
1 23 21 1 13 4 5 1 2 
22 42 6 1 
2 41 26 1 1 
10 10 22 14 4 1 4 3 1 1 1 
2 28 40 1 
12 33 13 2 2 4 3 1 1 
15 29 20 1 6 
1 15 17 34 4 
4 15 36 10 5 1 
6 7 18 27 8 2 3 
21 5 24 2 2 9 2 4 1 1 
3 59 9 
2 48 6 15 
7 4 8 17 10 2 4 11 4 4 
2 65 1 2 1 
16 9 3 40 2 1 
7 23 37 4 
1 33 31 2 4 
1 23 46 1 
1 68 2 
1 47 5 11 1 1 2 3 
1 9 34 2 8 1 5 11 
18 22 8 23 
30 10 5 2 4 1 1 3 11 4 
3 44 20 2 1 1 
1 4 59 6 1 
37 7 1 14 5 2 2 3 
1 21 23 21 3 1 1 
2 47 1 17 4 
6 44 10 3 8 
1 34 19 12 1 4 
18 41 2 2 6 1 1 
7 47 5 7 4 1 
1 29 31 2 2 4 2 
16 29 10 4 11 1 
5 44 10 10 2 
1 70 
3 48 7 4 4 4 1 
1 33 37 
1 34 36 
5 54 6 6 
2 51 12 4 2 
45 22 4 
1 1 14 7 4 12 2 3 24 1 2 
1 40 11 12 6 1 
8 42 13 4 3 1 
1 40 21 6 1 2 
3 39 2 8 3 3 1 6 1 2 1 1 1 
2 41 28 
1 65 5 
1 67 1 2 
4 41 26 
1 34 17 8 5 5 1 
1 36 18 13 3 
4 32 29 5 1 
2 2 12 3 39 10 3 
2 20 30 2 14 2 1 
1 55 14 1 
71 
1 10 43 15 2 
1 15 49 5 1 
1 19 42 4 3 2 
4 61 2 4 
3 66 1 1 
5 51 6 5 4 
1 22 9 6 1 11 10 4 2 5 
1 60 5 4 1 
1 42 7 1 3 13 1 2 1 
2 55 5 2 5 2 
1 23 17 6 15 5 1 3 
4 2 26 7 23 1 6 1 1 
7 14 34 6 6 2 2 
27 40 1 2 1 
18 27 20 2 2 1 1 
64 5 2 
1 27 34 7 2 
71 
32 18 20 1 
4 26 27 4 4 4 1 1 
1 21 8 7 28 1 1 2 2 
9 50 11 1 
1 9 11 8 2 8 1 8 12 7 2 2 
1 18 42 6 1 2 1 
2 56 11 1 1 
4 30 1 24 8 1 2 1 
4 33 34 
23 37 7 2 2 
32 23 4 9 2 1 
2 12 24 32 1 
4 20 46 1 
1 48 12 6 2 2 
3 51 16 1 
1 25 11 33 1 
2 32 2 11 4 13 6 1 
1 22 16 23 4 1 1 1 2 
1 67 3 
14 11 9 26 8 3 
1 63 7 
19 44 8 
1 36 29 2 3 
1 1 36 24 2 2 5 
71 
4 57 2 4 1 3 
5 46 1 15 3 1 
3 64 4 
6 58 2 1 2 2 
2 47 20 1 1 
35 33 1 2 
1 59 1 2 8 
2 2 6 23 8 2 11 6 7 1 2 1 
6 6 45 13 1 
4 36 31 
2 52 2 14 1 
1 35 35 
58 9 4 
1 9 7 37 8 8 1 
1 66 2 2 
4 28 4 31 3 1 
63 8 
2 8 31 5 9 16 
3 24 44 
54 12 2 1 1 1 
9 6 28 9 14 3 2 
1 34 36 
4 56 10 1 
3 13 45 7 1 2 
65 6 
2 10 34 16 3 3 3 
1 63 6 1 
1 21 38 9 2 
1 11 18 10 12 18 1 
1 9 39 6 7 8 1 
2 10 27 14 18 
2 26 19 6 1 6 5 6 
1 9 9 7 9 27 9 
1 57 12 1 
1 18 51 1 
5 13 47 1 5 
1 16 33 3 18 
1 28 33 7 1 1 
1 61 2 3 3 1 
29 17 10 9 4 2 
2 44 16 5 4 
8 39 24 
3 6 13 33 3 9 1 2 1 
1 12 50 1 3 1 2 1 
1 27 41 1 1 
1 8 17 32 4 2 6 1 
8 63 
2 19 41 9 
1 31 1 6 21 2 8 1 
2 64 1 1 2 1 
2 14 53 2 
6 46 12 5 2 
2 51 7 10 1 
5 24 42 
4 32 29 4 1 1 
1 16 13 28 12 1 
3 48 17 3 
1 5 19 41 1 2 2 
56 15 
6 8 44 7 1 2 2 1 
1 8 4 28 23 2 4 1 
8 43 19 1 
2 11 17 40 1 
1 40 30 
2 35 1 16 10 2 5 
1 46 18 1 4 1 
19 17 25 2 1 1 6 
1 25 21 5 11 5 3 
55 13 1 1 1 
1 60 3 7 
28 20 12 2 2 1 1 4 1 
1 24 2 16 1 15 5 5 2 
18 42 2 5 1 3 
1 68 2 
1 19 26 4 8 9 3 1 
6 35 12 1 2 14 1 
1 4 31 24 5 3 2 1 
1 25 38 7 
5 50 4 11 1 
60 4 5 2 
1 47 5 11 1 2 1 1 2 
2 67 2 
1 29 38 2 1 
18 38 12 1 1 1 
3 4 53 6 5 
70 1 
56 13 2 
1 57 6 7 
7 52 12 
8 19 1 5 22 1 4 6 1 2 2 
19 44 2 3 3 
2 61 4 4 
1 30 37 3 
1 11 49 2 7 1 
2 8 30 23 6 2 
1 69 1 
2 32 7 29 1 
3 39 24 5 
2 47 12 3 2 5 
3 11 49 2 4 1 1 
5 66 
2 46 1 9 13 
2 49 19 1 
1 38 15 10 7 
2 44 25 
7 54 7 3 
1 70 
3 64 2 1 1 
4 30 37 
3 52 15 1 
12 36 15 8 
1 64 6 
1 32 23 9 3 1 1 1 
34 30 2 1 2 1 1 
1 58 7 5 
1 57 11 2 
7 9 14 13 21 7 
2 61 8 
1 24 43 3 
4 10 47 2 1 5 1 1 
1 46 24 
4 55 6 3 3 
1 63 7 
62 3 4 2 
4 64 1 1 1 
1 5 37 23 2 2 1 
56 9 1 5 
3 27 23 9 1 5 1 1 1 
3 48 12 2 1 3 2 
2 59 5 3 2 
1 17 30 2 16 5 
1 67 2 1 
1 61 9 
1 39 18 5 7 1 
2 50 6 8 5 
1 53 10 1 4 1 1 
1 16 28 6 13 4 1 1 1 
1 38 18 5 7 1 1 
9 53 9 
12 36 3 17 3 
1 55 5 9 1 
3 14 52 1 1 
3 62 1 4 1 
20 13 6 17 5 7 3 
1 27 22 17 3 1 
18 5 31 1 2 4 2 1 4 3 
2 10 6 18 25 3 6 1 
2 16 7 34 5 6 1 
10 44 17 
1 49 7 1 2 10 1 
1 14 43 10 1 2 
1 66 2 1 1 
1 60 2 7 1 
27 21 5 1 7 8 1 1 
31 1 5 11 12 4 5 1 1 
5 30 27 7 2 
1 34 8 8 13 1 4 1 1 
4 63 2 1 1 
2 67 2 
2 45 19 2 3 
20 36 4 6 5 
3 27 9 13 6 6 4 2 1 
71 
2 21 3 28 3 6 4 2 1 1 
1 66 1 2 1 
1 1 49 10 1 2 7 
2 66 3 
55 2 10 4 
1 13 57 
2 48 14 4 3 
1 43 7 6 8 1 5 
5 63 2 1 
9 11 25 10 15 1 
23 22 14 3 9 
1 64 6 
4 47 2 10 7 1 
1 53 3 6 8 
1 30 24 12 4 
51 18 1 1 
1 60 10 
3 51 13 2 2 
4 61 6 
1 16 1 11 22 5 14 1 
4 65 2 
1 41 29 
5 55 4 7 
1 9 40 1 6 12 2 
1 6 41 23 
1 59 2 8 1 
23 1 6 39 1 1 
1 36 10 11 13 
14 2 36 8 10 1 
9 51 5 3 2 1 
42 1 7 14 3 1 2 1 
1 3 17 45 5 
7 9 3 40 11 1 
1 1 64 3 1 1 
1 48 15 5 1 1 
34 6 10 12 3 1 1 3 1 
11 1 5 21 24 9 
6 32 32 1 
16 41 13 1 
7 23 2 27 4 2 3 1 2 
2 53 15 1 
20 39 5 1 2 3 1 
1 66 3 1 
1 40 30 
1 65 5 
5 36 26 4 
7 9 37 12 3 1 2 
63 5 2 1 
1 18 41 2 9 
14 50 5 2 
6 38 2 25 
1 24 37 7 2 
2 26 6 18 11 1 7 
1 22 43 4 1 
2 47 14 4 4 
1 8 10 14 36 1 1 
1 56 14 
2 11 56 2 
7 9 19 22 7 3 4 
70 1 
2 7 62 
41 21 3 4 1 1 
14 25 3 25 4 
2 6 20 23 8 2 5 3 2 
1 69 1 
69 2 
49 16 3 1 1 1 
1 37 2 18 8 4 1 
2 51 5 9 4 
1 57 13 
4 54 13 
29 36 6 
1 6 40 24 
1 65 3 1 1 
1 3 49 2 15 1 
16 18 1 14 5 17 
1 44 26 
1 44 22 4 
10 22 24 11 1 1 1 1 
1 50 3 16 1 
2 69 
2 28 20 15 1 5 
18 8 29 6 1 6 2 1 
6 16 33 10 5 1 
1 39 24 1 5 1 
2 2 49 9 7 1 1 
1 12 33 6 19 
1 45 11 5 9 
4 51 5 8 2 1 
64 2 3 2 
1 54 9 4 3 
1 58 12 
3 30 15 8 4 10 1 
1 59 9 1 1 
13 34 8 3 8 3 1 1 
1 41 1 23 5 
19 15 3 17 1 11 2 2 1 
1 42 14 4 10 
1 9 35 23 1 2 
1 11 13 45 1 
17 39 10 4 1 
1 31 37 1 1 
14 47 7 3 
1 37 10 4 14 1 4 
1 65 5 
12 48 10 1 
3 8 60 
56 11 1 3 
3 34 2 26 2 4 
1 12 2 29 8 16 3 
1 54 4 6 6 
8 26 29 4 2 1 1 
29 18 13 3 5 3 
1 43 3 9 15 
23 42 4 2 
1 56 8 3 3 
2 59 8 1 1 
1 25 41 1 2 1 
9 13 19 5 11 4 2 8 
2 33 10 7 8 4 7 
1 52 13 2 1 1 1 
5 35 23 3 5 
1 66 1 2 1 
1 67 1 1 1 
4 1 23 4 10 29 
3 45 6 6 6 5 
1 68 2 
3 1 27 15 3 5 2 8 2 4 1 
2 65 4 
1 2 50 13 1 2 2 
1 6 43 20 1 
4 2 58 7 
1 58 2 4 3 3 
2 65 3 1 
1 55 14 1 
18 46 3 4 
24 21 3 23 
1 52 17 1 
2 7 4 14 9 27 5 3 
1 10 17 3 40 
1 13 31 23 3 
19 30 21 1 
5 25 29 1 5 4 2 
2 69 
1 23 37 1 8 1 
10 9 30 17 1 2 2 
1 29 25 3 4 1 3 1 3 1 
1 69 1 
1 22 38 6 3 1 
1 62 3 3 2 
1 9 50 9 2 
9 42 20 
1 50 14 5 1 
4 56 4 5 1 1 
21 34 13 1 2 
1 22 9 27 11 1 
3 52 16 
3 13 45 4 1 1 1 2 1 
69 2 
61 10 
2 30 9 3 26 1 
2 65 2 2 
1 6 17 26 20 1 
1 37 15 12 6 
45 17 4 4 1 
3 65 2 1 
3 34 15 4 8 7 
1 24 28 13 5 
1 56 4 5 5 
3 43 2 13 2 2 2 1 1 1 1 
1 42 15 8 3 1 1 
2 28 22 10 7 1 1 
1 69 1 
1 35 14 4 11 4 1 1 
3 17 36 8 1 4 1 1 
22 22 27 
1 3 4 49 4 7 3 
3 10 25 6 8 13 2 2 2 
16 13 26 9 7 
13 40 18 
20 5 35 9 2 
1 64 5 1 
71 
2 7 33 26 3 
1 46 24 
2 6 30 21 3 9 
2 47 1 15 6 
4 1 25 1 26 11 3 
2 20 3 1 3 35 7 
1 36 19 2 1 1 2 8 1 
9 8 43 3 1 1 6 
1 49 1 19 1 
71 
3 41 27 
3 30 32 2 4 
1 50 16 3 1 
3 11 16 35 3 1 2 
6 47 17 1 
34 32 5 
1 39 31 
9 24 18 4 11 4 1 
2 1 9 8 39 12 
9 57 3 1 1 
51 13 1 5 1 
1 63 6 1 
2 11 58 
2 1 47 6 6 2 3 3 1 
2 61 8 
4 33 10 12 2 8 2 
1 40 5 2 18 1 4 
4 31 3 17 8 4 4 
16 28 8 3 10 5 1 
11 8 14 12 8 4 3 4 2 1 2 1 1 
1 53 13 2 2 
5 12 26 9 19 
31 32 1 2 3 2 
3 63 5 
2 69 
1 64 6 
5 35 24 6 1 
2 8 27 21 8 1 3 1 
1 25 32 1 12 
59 5 2 1 1 3 
1 31 7 3 2 7 6 14 
9 37 9 4 5 7 
1 69 1 
2 27 13 21 2 3 3 
1 69 1 
1 54 15 1 
1 64 3 2 1 
2 37 18 14 
4 7 48 3 1 8 
6 21 42 1 1 
2 53 16 
25 12 3 13 9 6 1 1 1 
5 46 16 2 1 1 
1 18 4 37 7 2 1 1 
5 64 2 
1 69 1 
1 55 3 8 4 
2 3 16 39 9 2 
4 66 1 
1 46 6 13 1 2 2 
3 54 10 4 
4 2 63 2 
1 36 26 6 1 1 
21 18 1 6 21 4 
4 42 23 1 1 
1 7 26 24 2 3 3 2 2 1 
1 53 8 2 4 2 1 
2 21 28 12 1 4 1 1 1 
