72 
3 6 2 14 5 27 9 3 2 1 
2 24 34 7 5 
72 
7 7 21 5 32 
2 34 14 6 15 1 
5 53 10 2 1 1 
59 8 3 1 1 
16 42 14 
1 40 20 4 2 5 
3 20 48 1 
2 14 24 16 15 1 
1 62 6 1 1 1 
20 26 15 5 3 3 
1 60 1 5 5 
5 55 12 
1 6 12 12 9 9 1 12 10 
4 1 28 23 1 9 1 4 1 
6 8 5 49 2 2 
1 63 3 5 
16 35 18 1 2 
10 48 13 1 
1 37 33 1 
1 65 4 2 
7 62 3 
1 63 8 
5 10 21 16 11 1 7 1 
2 35 35 
1 40 25 2 4 
1 32 26 4 6 1 1 1 
7 61 2 1 1 
1 71 
3 44 24 1 
4 5 18 9 33 1 1 1 
72 
1 62 4 4 1 
3 48 5 11 2 2 1 
2 6 25 37 2 
1 15 47 1 8 
1 28 1 4 1 30 1 4 1 1 
1 61 5 1 4 
1 41 10 2 3 5 6 2 2 
1 27 22 2 9 1 6 2 2 
18 18 25 4 6 1 
1 46 9 15 1 
1 46 24 1 
1 42 5 23 1 
5 18 19 17 7 1 4 1 
1 51 13 2 1 3 1 
1 62 9 
6 1 31 34 
1 64 3 4 
1 60 9 2 
4 31 10 13 13 1 
19 34 19 
12 10 37 3 2 4 4 
1 60 10 1 
2 1 45 22 2 
32 17 7 15 1 
1 71 
1 48 12 8 2 1 
1 51 3 12 2 3 
1 25 1 15 19 1 9 1 
2 34 3 12 21 
1 1 17 49 4 
1 10 32 12 2 2 4 6 1 2 
2 51 19 
1 42 2 13 3 10 1 
14 53 5 
1 58 6 4 2 1 
4 55 2 6 4 1 
10 31 14 9 2 3 1 1 1 
1 24 34 12 1 
41 22 4 4 1 
2 47 1 20 1 1 
1 49 11 10 1 
1 52 19 
1 70 1 
2 65 2 1 2 
1 19 29 11 12 
72 
1 70 1 
3 9 59 1 
2 46 3 11 5 1 4 
71 1 
1 71 
12 5 3 6 41 2 1 2 
2 62 8 
1 46 23 1 1 
5 30 8 29 
1 21 25 3 14 7 1 
1 53 3 14 1 
2 20 25 10 12 1 2 
1 55 13 2 1 
1 28 15 13 9 5 1 
15 15 31 4 5 1 1 
13 49 10 
1 13 21 33 2 2 
50 5 8 1 3 1 3 1 
1 25 22 15 3 2 1 1 1 1 
6 33 8 22 2 1 
1 1 70 
1 8 14 39 6 4 
40 7 17 5 2 1 
26 42 2 1 1 
2 69 1 
2 50 12 4 4 
23 11 38 
5 14 17 24 10 1 1 
1 15 2 26 5 2 8 4 6 3 
1 47 24 
1 23 15 22 1 2 3 3 1 1 
68 1 1 2 
19 29 9 6 3 2 2 1 1 
2 22 21 26 1 
4 38 12 17 1 
1 34 36 1 
1 68 3 
34 9 12 10 1 5 1 
21 47 1 2 1 
1 36 21 2 7 4 1 
3 22 37 2 6 1 1 
2 65 5 
1 69 1 1 
29 16 25 2 
5 48 2 6 8 1 1 1 
1 71 
12 49 8 3 
24 45 1 1 1 
1 9 4 22 10 8 7 11 
51 10 7 1 3 
49 18 5 
1 37 10 14 1 7 2 
3 48 11 4 5 1 
3 8 34 19 1 6 1 
61 10 1 
1 19 13 11 14 14 
7 12 44 9 
2 5 55 2 4 3 1 
68 2 2 
1 47 16 4 4 
1 71 
35 1 18 1 12 4 1 
8 42 12 2 2 5 1 
1 16 55 
45 18 6 1 1 1 
11 9 52 
1 45 7 13 2 3 1 
17 11 27 4 10 2 1 
2 52 17 1 
5 31 22 8 5 1 
1 37 31 3 
2 66 4 
1 18 5 17 10 1 6 10 3 1 
61 11 
1 33 37 1 
13 14 40 5 
61 11 
1 7 64 
3 59 7 2 1 
1 8 25 22 4 4 7 1 
3 68 1 
1 51 4 3 6 2 3 1 1 
2 47 9 14 
1 41 16 3 7 4 
71 1 
4 3 44 16 2 1 1 1 
1 14 40 4 6 5 2 
1 1 1 42 26 1 
4 25 30 11 2 
8 27 10 26 1 
1 38 21 1 11 
4 31 6 8 6 17 
3 31 38 
3 56 7 4 2 
4 47 12 8 1 
22 6 21 17 5 1 
1 2 2 45 12 8 2 
36 26 3 4 3 
5 11 1 32 10 6 7 
1 66 3 1 1 
1 52 8 10 1 
6 54 6 5 1 
1 34 26 3 3 5 
27 6 3 2 14 4 7 4 3 2 
8 60 4 
3 32 37 
1 30 22 3 10 1 3 1 1 
1 46 3 2 7 5 1 1 3 3 
26 4 8 20 2 12 
1 8 49 1 9 3 1 
1 2 24 9 36 
1 63 1 3 3 1 
3 68 1 
63 3 3 2 1 
1 29 2 8 25 2 5 
3 11 40 10 8 
1 27 44 
1 49 14 8 
17 45 3 1 2 1 1 1 1 
20 43 2 1 2 3 1 
1 66 3 2 
1 33 38 
3 54 6 8 1 
8 7 10 1 26 11 6 2 1 
19 15 9 23 4 1 1 
1 18 19 11 6 4 2 6 4 1 
1 32 10 18 8 2 1 
72 
8 18 28 1 1 13 3 
3 24 28 5 2 9 1 
1 12 35 19 5 
24 7 34 4 2 1 
39 28 5 
8 36 15 6 1 3 3 
5 37 28 2 
41 30 1 
16 15 18 22 1 
71 1 
8 46 12 1 3 1 1 
6 53 4 3 2 2 1 1 
10 52 9 1 
1 55 14 1 1 
1 11 5 20 28 2 4 1 
1 29 23 17 2 
49 7 16 
1 32 1 2 15 17 4 
2 63 1 3 2 1 
1 52 15 1 2 1 
1 57 9 1 2 2 
1 61 10 
1 11 13 12 2 7 25 1 
2 70 
1 58 6 3 4 
1 30 23 4 6 7 1 
1 34 12 13 8 2 1 1 
21 16 19 9 5 2 
1 11 60 
3 2 14 44 5 2 2 
1 10 23 11 15 10 2 
2 24 2 34 8 1 1 
4 49 5 14 
1 7 24 39 1 
1 13 35 5 2 9 4 3 
10 9 34 8 3 7 1 
14 18 7 5 9 1 6 8 3 1 
2 48 13 2 2 2 2 1 
7 59 5 1 
2 25 45 
6 47 3 9 7 
1 61 10 
5 29 38 
3 22 22 13 6 4 2 
1 34 1 15 21 
31 9 16 13 3 
1 9 6 22 30 1 2 1 
1 3 45 21 1 1 
13 55 2 1 1 
2 42 26 2 
5 14 28 4 9 12 
1 28 35 5 1 2 
1 37 29 3 2 
1 11 24 8 28 
11 45 7 2 1 2 2 1 1 
23 12 20 5 9 3 
8 50 4 9 1 
2 5 15 32 5 5 6 1 1 
1 9 43 4 7 5 3 
4 11 4 27 13 12 1 
1 53 5 4 3 6 
1 38 25 5 3 
1 43 1 12 8 4 2 1 
3 61 3 5 
11 25 36 
1 38 13 8 7 3 2 
1 38 3 23 3 1 1 1 1 
7 6 41 12 5 1 
37 13 21 1 
1 45 26 
4 34 34 
1 63 8 
70 1 1 
72 
6 44 15 1 4 1 1 
2 49 16 2 1 1 1 
43 8 3 12 2 4 
15 27 25 1 3 1 
1 7 25 8 12 6 7 3 2 1 
1 8 9 14 24 16 
33 14 22 3 
5 21 37 9 
5 54 8 2 2 1 
2 20 36 1 4 5 2 1 1 
57 10 5 
1 54 4 3 8 1 1 
2 31 39 
7 18 7 21 4 9 2 2 2 
69 1 1 1 
1 63 6 1 1 
1 35 33 1 2 
3 51 18 
1 18 19 1 33 
1 49 15 1 2 2 1 1 
32 8 21 1 10 
3 52 1 10 4 1 1 
11 37 23 1 
10 27 27 4 1 3 
1 26 31 5 5 4 
2 46 5 7 11 1 
1 48 4 3 9 5 2 
1 17 48 4 2 
1 64 5 2 
3 55 14 
69 1 1 1 
2 65 5 
14 18 13 25 1 1 
2 18 50 2 
6 40 5 14 2 3 1 1 
13 26 33 
1 68 3 
1 48 23 
1 42 22 5 1 1 
1 17 48 1 5 
1 19 42 2 1 5 2 
1 18 43 7 2 1 
15 8 35 10 1 1 2 
13 53 3 3 
2 16 53 1 
2 24 31 14 1 
1 64 3 1 2 1 
1 25 20 21 4 1 
1 33 35 3 
3 34 32 2 1 
1 70 1 
57 10 2 1 2 
2 64 6 
1 23 14 29 5 
1 19 15 3 26 6 2 
1 64 4 1 1 1 
2 40 29 1 
20 12 4 35 1 
1 1 49 21 
1 18 31 18 4 
11 38 23 
2 56 14 
1 5 59 6 1 
1 38 31 1 1 
13 5 36 10 2 4 1 1 
1 13 41 14 3 
8 8 22 17 2 5 10 
22 26 12 5 5 2 
1 71 
2 51 15 2 1 1 
46 11 7 1 4 2 1 
1 16 29 6 4 15 1 
1 64 4 1 1 1 
2 35 23 5 2 3 1 1 
1 25 30 1 15 
1 51 20 
1 38 19 6 3 4 1 
4 17 3 45 2 1 
2 47 18 2 1 1 1 
21 41 9 1 
1 52 11 3 5 
2 27 19 18 1 2 1 1 1 
12 13 25 10 12 
1 59 6 1 1 3 1 
1 64 4 3 
1 16 6 49 
1 47 4 11 2 6 1 
68 2 1 1 
1 9 62 
31 19 20 2 
1 31 39 1 
1 8 53 8 1 1 
1 61 6 2 1 1 
1 4 25 27 14 1 
21 22 8 7 9 3 2 
1 34 23 6 6 2 
52 18 2 
1 58 13 
2 57 3 4 2 2 2 
1 6 5 10 11 12 17 7 2 1 
1 55 12 4 
21 45 5 1 
5 67 
6 47 17 1 1 
1 2 28 24 13 2 2 
1 64 1 3 2 1 
8 40 18 6 
2 13 52 5 
4 34 31 3 
2 21 45 3 1 
60 10 1 1 
4 68 
1 23 48 
4 23 13 9 17 4 2 
58 5 8 1 
1 38 17 8 4 2 2 
1 66 1 1 2 1 
1 60 11 
2 66 4 
71 1 
1 13 35 19 4 
21 49 2 
1 12 42 10 7 
2 29 40 1 
1 54 9 2 2 1 1 2 
2 25 20 17 4 1 2 1 
1 24 6 2 34 3 2 
1 35 22 14 
1 24 44 3 
4 1 64 1 2 
19 29 18 1 2 2 1 
1 9 43 2 8 5 4 
1 5 5 44 4 6 3 3 1 
51 11 8 1 1 
68 4 
3 27 12 9 20 1 
54 15 3 
1 60 1 5 2 2 1 
5 54 8 5 
1 38 31 1 1 
5 9 7 43 5 3 
1 9 9 13 30 5 4 1 
19 2 29 5 9 6 1 1 
51 1 6 11 2 1 
1 42 29 
1 44 7 9 9 2 
6 45 18 1 2 
7 23 2 40 
3 48 14 6 1 
11 22 5 2 16 2 10 3 1 
20 50 2 
1 65 2 2 1 1 
29 2 30 4 4 2 1 
1 14 57 
1 55 4 5 5 2 
72 
2 63 1 4 1 1 
1 15 33 22 1 
1 7 31 11 18 3 1 
12 47 2 8 1 1 1 
1 69 1 1 
1 39 30 1 1 
1 29 36 5 1 
47 24 1 
50 5 7 1 8 1 
2 67 3 
17 43 12 
9 21 1 6 29 3 2 1 
24 25 5 11 2 2 1 2 
3 65 2 1 1 
31 2 24 11 2 1 1 
1 44 6 16 1 2 1 1 
1 41 15 13 2 
2 51 17 1 1 
39 11 7 14 1 
32 11 23 4 2 
3 13 31 14 9 2 
3 62 7 
35 9 25 1 1 1 
1 30 3 11 17 3 4 3 
1 51 9 6 1 3 1 
3 38 20 11 
1 48 11 5 6 1 
72 
2 62 2 3 2 1 
72 
2 60 6 3 1 
3 7 7 19 21 2 7 1 1 2 1 1 
1 67 3 1 
5 33 15 18 1 
5 10 38 14 1 1 2 1 
1 68 3 
3 35 22 12 
2 6 21 24 6 8 3 1 1 
1 66 4 1 
1 19 18 6 14 2 3 3 4 2 
6 31 30 2 1 1 1 
37 28 7 
1 13 6 25 23 2 2 
8 18 8 19 18 1 
1 31 32 7 1 
5 62 4 1 
3 65 4 
18 36 16 2 
2 41 10 5 4 4 2 2 2 
24 5 43 
30 31 7 4 
1 18 44 3 3 2 1 
1 23 19 2 8 6 9 3 1 
58 6 5 1 2 
72 
22 45 5 
5 32 20 1 6 7 1 
10 7 51 1 2 1 
1 51 15 5 
2 37 28 5 
3 50 2 6 4 1 3 3 
2 42 12 4 1 5 3 3 
67 4 1 
1 52 1 9 7 2 
5 13 54 
1 28 6 13 3 7 5 9 
1 28 2 5 18 4 3 1 1 2 4 2 1 
1 33 20 1 7 2 3 2 2 1 
63 2 7 
20 31 6 13 1 1 
1 35 34 2 
10 43 19 
4 39 16 8 2 3 
1 41 30 
1 23 11 23 13 1 
72 
33 19 20 
66 4 1 1 
2 1 65 2 2 
1 39 25 7 
1 19 51 1 
13 39 12 8 
11 46 6 7 2 
1 15 24 8 9 15 
1 41 28 2 
2 1 45 22 1 1 
5 27 17 9 11 2 1 
51 16 4 1 
2 25 40 4 1 
1 17 51 2 1 
44 13 11 3 1 
26 3 33 1 1 4 1 2 1 
1 43 12 15 1 
1 59 1 11 
33 1 10 20 4 1 3 
60 5 6 1 
1 38 11 22 
1 42 18 4 5 2 
1 6 38 10 10 5 1 1 
1 65 5 1 
7 51 14 
12 53 6 1 
9 36 27 
1 51 3 14 2 1 
1 66 5 
1 41 30 
1 65 1 5 
15 22 20 6 8 1 
3 18 45 5 1 
1 58 6 2 2 2 1 
42 23 4 3 
7 51 1 1 10 1 1 
1 4 49 11 5 1 1 
2 3 8 28 23 7 1 
16 56 
1 47 20 3 1 
1 3 32 9 24 3 
9 20 25 15 3 
2 55 9 2 3 1 
4 5 6 4 3 23 27 
1 41 13 10 6 1 
72 
2 29 7 1 20 10 2 1 
1 17 17 32 4 1 
1 44 12 8 5 2 
2 40 5 9 13 1 2 
2 34 25 4 6 1 
14 47 5 1 2 2 1 
1 23 4 4 12 14 14 
48 5 10 6 3 
36 23 9 4 
1 28 13 27 3 
1 27 29 7 2 5 1 
1 33 18 7 10 2 1 
11 25 36 
1 62 5 4 
3 65 2 1 1 
1 69 1 1 
47 3 14 1 3 2 1 1 
1 65 6 
14 33 18 3 4 
1 52 15 2 1 1 
67 1 1 3 
26 12 7 13 11 2 1 
1 33 38 
1 31 21 10 6 1 1 1 
8 64 
1 2 26 18 9 8 2 2 4 
1 34 37 
20 30 4 4 7 5 1 1 
2 60 2 4 4 
2 19 45 3 3 
2 39 11 14 4 2 
1 2 47 20 1 1 
2 61 2 7 
3 18 24 11 2 14 
4 32 18 14 4 
8 12 52 
69 2 1 
4 10 35 12 11 
1 67 4 
43 13 10 3 3 
8 32 29 2 1 
67 5 
1 67 3 1 
1 63 8 
8 46 5 2 7 4 
2 59 4 5 2 
21 46 2 3 
35 37 
6 47 4 8 3 4 
1 32 5 10 5 11 2 2 2 2 
4 61 7 
71 1 
1 53 18 
9 18 21 21 2 1 
3 24 18 2 22 2 1 
14 17 1 17 3 2 9 2 5 1 1 
5 53 7 6 1 
1 50 1 2 6 6 2 4 
3 48 2 15 4 
32 38 2 
2 37 28 3 2 
10 43 17 1 1 
32 17 23 
2 56 8 5 1 
11 14 41 6 
16 21 29 4 1 1 
17 13 18 21 2 1 
3 32 34 2 1 
4 60 3 2 3 
3 39 21 2 4 3 
35 21 5 7 3 1 
1 59 12 
41 19 2 4 6 
3 49 1 13 1 5 
39 15 4 12 1 1 
5 20 15 19 1 7 3 1 1 
7 4 46 3 4 2 5 1 
1 36 2 27 6 
16 55 1 
1 7 35 27 2 
9 31 25 2 5 
3 9 43 12 4 1 
29 18 10 2 1 9 1 2 
2 8 33 12 5 9 3 
5 32 15 19 1 
62 3 5 1 1 
55 13 1 3 
1 39 31 1 
2 25 9 23 3 4 4 1 1 
1 40 14 2 2 6 4 2 1 
5 52 8 1 6 
70 1 1 
23 19 16 10 4 
3 5 40 17 1 4 2 
16 52 1 3 
6 45 21 
1 57 11 1 1 1 
1 66 5 
4 44 13 2 9 
17 1 6 10 32 2 2 1 1 
3 68 1 
17 49 3 2 1 
35 37 
2 19 51 
4 19 17 7 24 1 
20 29 22 1 
1 26 40 4 1 
1 22 8 15 21 3 1 1 
2 2 2 53 6 3 1 2 1 
3 58 11 
15 7 14 31 5 
21 8 18 6 6 4 9 
2 8 1 21 26 5 8 1 
24 27 15 4 2 
1 45 11 10 2 1 2 
16 32 2 22 
1 45 26 
8 8 19 12 1 3 3 1 11 1 2 1 2 
9 40 17 4 2 
72 
1 14 44 7 6 
2 16 40 1 4 3 6 
6 5 23 38 
1 70 1 
2 38 32 
3 17 49 1 1 1 
1 59 12 
14 47 11 
1 55 7 3 3 2 1 
5 31 32 1 3 
10 50 3 5 3 1 
1 15 25 10 1 16 2 1 1 
1 29 9 17 1 3 3 4 4 1 
1 38 11 22 
10 59 2 1 
2 15 24 13 10 6 2 
2 42 17 10 1 
1 43 15 8 4 1 
30 35 4 3 
32 15 18 6 1 
11 21 26 1 1 8 3 1 
2 65 5 
1 4 50 1 10 1 1 2 2 
10 38 8 14 2 
21 48 3 
2 57 12 1 
17 14 10 5 9 13 1 1 2 
62 7 3 
1 2 38 7 11 9 4 
1 47 6 3 11 2 2 
3 67 2 
1 10 58 1 2 
7 8 47 1 2 7 
4 37 18 10 1 1 1 
13 8 20 24 7 
2 26 38 1 2 2 1 
4 29 5 7 21 5 1 
2 66 2 2 
2 49 16 1 2 2 
3 40 17 7 5 
1 37 34 
34 22 11 1 2 2 
1 15 36 7 7 4 2 
5 1 32 3 25 5 1 
2 52 10 7 1 
1 20 14 32 3 2 
5 60 5 2 
21 36 13 2 
1 71 
1 56 15 
1 1 61 9 
9 29 25 4 3 2 
8 41 21 1 1 
1 49 1 8 6 2 4 1 
1 63 8 
6 32 19 13 2 
1 45 24 2 
3 26 31 7 5 
1 50 20 1 
2 65 4 1 
1 2 66 2 1 
69 1 2 
2 5 37 18 6 2 2 
45 1 15 3 8 
2 3 56 9 1 1 
12 42 11 7 
46 26 
33 12 25 1 1 
12 21 3 12 10 8 4 1 1 
1 16 50 2 3 
1 42 17 2 6 1 1 2 
53 10 5 1 2 1 
13 36 1 9 11 2 
2 26 38 5 1 
38 28 4 1 1 
44 9 12 7 
32 22 11 4 1 1 1 
1 35 18 9 6 2 1 
8 18 2 3 17 11 13 
1 1 20 27 6 1 4 5 2 3 2 
4 31 15 4 7 6 3 2 
1 53 18 
1 59 4 3 2 3 
2 7 26 34 3 
19 44 4 2 2 1 
1 35 35 1 
3 56 13 
2 37 21 12 
6 18 3 33 10 1 1 
9 60 3 
2 54 5 7 2 1 1 
8 47 3 5 6 2 1 
69 2 1 
70 2 
1 46 8 10 7 
2 4 14 43 3 6 
1 51 5 8 5 2 
2 64 5 1 
3 10 3 5 4 38 4 3 2 
7 57 8 
2 67 1 2 
14 27 15 6 10 
5 57 6 2 2 
1 24 16 12 6 8 2 2 1 
1 67 4 
53 12 7 
45 12 12 1 2 
15 52 4 1 
40 23 2 7 
1 69 2 
9 62 1 
1 10 20 21 13 6 1 
1 15 15 24 12 1 2 1 1 
10 35 16 7 4 
67 4 1 
1 57 14 
1 61 9 1 
35 19 6 2 9 1 
3 36 13 16 4 
16 13 30 1 1 2 4 5 
19 23 12 17 1 
3 67 2 
1 27 28 14 2 
1 22 9 7 16 3 1 5 8 
2 11 58 1 
4 8 37 10 13 
1 50 20 1 
1 6 17 29 3 11 2 1 2 
1 58 8 4 1 
29 35 8 
1 31 40 
5 6 30 8 15 8 
3 49 13 1 3 3 
1 34 23 10 4 
4 32 24 4 3 5 
1 42 29 
18 44 7 2 1 
1 66 2 3 
1 36 26 3 3 2 1 
9 59 4 
12 53 7 
1 17 47 2 3 1 1 
1 25 30 8 5 3 
8 30 32 2 
2 25 36 2 5 2 
30 3 28 8 1 1 1 
11 3 8 21 21 6 2 
3 63 4 2 
1 36 2 30 3 
16 5 40 1 10 
2 62 3 3 2 
1 55 10 6 
38 19 15 
1 27 6 15 23 
4 53 6 9 
1 32 28 7 2 2 
2 40 17 4 1 1 5 1 1 
5 8 49 10 
1 63 3 3 2 
1 37 34 
11 51 4 1 5 
8 13 25 14 7 3 2 
1 9 13 20 27 1 1 
5 50 1 6 5 5 
7 11 34 16 1 3 
12 18 40 2 
2 44 26 
10 60 2 
1 33 23 9 6 
52 13 1 2 4 
1 38 8 9 2 4 7 1 2 
1 12 58 1 
1 44 4 15 8 
1 18 49 4 
18 20 11 17 6 
4 34 2 32 
1 61 8 2 
5 28 30 3 2 3 1 
5 41 18 4 4 
1 13 53 3 2 
8 53 1 3 7 
1 60 5 2 1 3 
15 1 29 1 16 5 2 1 1 1 
2 6 28 31 2 3 
7 30 35 
38 1 10 23 
3 67 2 
1 14 24 6 5 7 1 3 8 3 
24 13 12 7 14 2 
3 17 12 23 11 1 3 2 
6 7 23 11 15 9 1 
9 48 12 1 2 
34 38 
2 46 1 13 9 1 
1 17 14 34 5 1 
2 13 38 9 6 4 
2 44 5 2 6 12 1 
1 3 60 7 1 
20 15 1 24 12 
2 42 11 12 2 1 2 
10 14 6 9 4 19 4 3 2 1 
2 61 8 1 
5 63 4 
1 14 55 1 1 
64 6 1 1 
3 5 3 4 8 17 5 21 4 2 
1 35 10 11 14 1 
42 9 3 15 2 1 
1 59 8 4 
1 11 6 44 2 4 3 1 
8 57 6 1 
1 66 5 
5 59 1 5 2 
2 70 
45 10 17 
2 67 1 1 1 
1 7 50 13 1 
2 23 47 
37 25 9 1 
1 26 45 
1 37 26 5 3 
3 48 14 1 3 2 1 
5 2 15 1 15 17 12 1 2 1 1 
2 69 1 
28 31 8 5 
1 3 45 4 2 15 2 
66 2 4 
1 49 8 7 7 
1 54 5 11 1 
5 9 30 24 1 3 
2 30 1 36 3 
1 40 28 1 1 1 
5 44 19 4 
1 61 10 
19 23 23 4 2 1 
5 11 29 22 5 
1 7 26 26 1 1 7 3 
70 1 1 
3 66 3 
9 61 2 
35 35 2 
7 23 18 3 10 3 8 
1 17 13 7 13 7 2 8 3 1 
3 15 35 9 3 3 3 1 
3 63 6 
4 4 3 21 23 4 6 1 2 3 1 
1 6 26 6 9 5 4 2 8 1 4 
1 59 7 2 1 2 
3 59 3 4 1 2 
24 22 26 
3 12 49 1 3 1 1 2 
1 51 11 8 1 
2 42 24 3 1 
5 47 20 
1 40 26 3 1 1 
19 47 4 1 1 
3 11 58 
8 39 1 17 3 4 
36 16 12 3 2 1 2 
3 63 1 4 1 
2 2 8 8 40 4 2 1 4 1 
17 28 19 7 1 
1 17 10 27 6 6 5 
8 14 27 21 2 
53 10 4 4 1 
3 41 24 3 1 
12 33 18 6 3 
2 38 30 1 1 
1 59 12 
4 7 9 6 22 12 2 6 1 2 1 
3 62 6 1 
12 53 7 
3 39 11 16 1 1 1 
1 67 4 
1 46 17 8 
2 51 3 2 8 6 
1 19 51 1 
6 44 19 1 1 1 
35 32 4 1 
1 67 1 3 
36 2 7 20 3 2 1 1 
72 
8 2 1 28 7 18 8 
3 14 55 
72 
3 45 9 3 7 1 3 1 
52 19 1 
14 15 2 8 17 12 3 1 
1 57 9 3 2 
1 32 32 2 5 
5 51 13 3 
1 11 57 1 1 1 
66 1 5 
72 
4 41 19 4 3 1 
10 28 31 3 
2 65 5 
1 22 7 4 19 4 3 1 2 9 
4 32 13 5 9 7 1 1 
1 23 46 2 
1 15 2 12 20 10 1 5 1 1 1 1 1 1 
2 23 2 37 8 
2 66 2 2 
2 9 35 16 9 1 
1 26 27 12 6 
2 41 15 3 5 5 1 
23 48 1 
1 23 22 23 1 2 
1 63 1 4 2 1 
8 37 4 14 7 2 
1 14 35 9 1 8 4 
45 15 9 1 1 1 
1 2 23 18 25 3 
2 25 2 40 2 1 
13 23 6 7 16 4 2 1 
10 28 25 4 3 2 
1 50 20 1 
2 39 12 18 1 
2 63 7 
1 65 5 1 
1 27 9 27 5 3 
4 32 35 1 
3 69 
1 21 33 13 4 
1 20 20 1 1 14 13 2 
4 10 57 1 
67 3 1 1 
3 16 13 7 6 16 4 3 2 2 
1 13 20 25 5 3 3 1 1 
53 1 13 3 2 
72 
3 10 42 4 9 2 1 1 
3 19 43 3 1 3 
42 24 6 
9 2 29 15 1 3 1 3 2 5 1 1 
2 10 59 1 
13 6 46 1 3 1 2 
1 61 4 3 1 2 
3 3 45 11 6 3 1 
18 19 33 2 
38 32 2 
23 44 1 3 1 
46 23 1 2 
2 68 1 1 
31 8 23 8 2 
1 51 20 
6 9 36 14 6 1 
1 19 51 1 
1 21 18 4 8 6 7 2 2 1 1 1 
1 37 1 28 2 3 
1 37 15 1 7 6 1 4 
2 12 46 3 3 3 3 
1 21 9 40 1 
1 35 23 4 8 1 
11 33 4 19 5 
1 7 43 16 3 1 1 
57 13 2 
2 42 12 6 7 3 
1 17 24 26 4 
1 34 3 34 
4 4 5 44 12 1 2 
2 38 1 9 16 3 1 1 1 
4 62 4 1 1 
3 28 41 
22 33 7 2 3 1 4 
1 48 23 
47 12 13 
16 44 10 2 
21 5 33 10 2 1 
2 4 19 19 28 
2 7 35 20 8 
15 30 24 1 2 
9 19 24 16 4 
1 60 10 1 
1 7 35 22 5 1 1 
2 58 9 2 1 
1 12 49 8 1 1 
6 29 11 1 19 6 
2 12 55 1 2 
3 65 1 2 1 
8 51 9 3 1 
1 31 6 16 11 6 1 
6 65 1 
2 40 18 10 2 
51 7 2 5 1 2 1 1 1 1 
1 61 1 1 4 2 1 1 
21 41 8 2 
1 68 3 
4 13 9 34 7 1 2 2 
2 4 40 2 22 2 
2 35 18 13 3 1 
1 42 10 14 2 3 
2 15 20 14 20 1 
57 12 1 1 1 
1 28 21 14 8 
52 12 2 3 2 1 
1 57 3 1 9 1 
1 16 29 14 12 
54 4 10 1 3 
8 19 15 5 11 13 1 
1 9 4 42 7 6 1 1 1 
53 10 5 2 1 1 
1 66 1 3 1 
2 51 19 
1 29 14 6 5 2 13 2 
3 30 13 6 4 3 13 
3 19 10 38 1 1 
1 10 41 6 4 3 1 5 1 
2 23 30 5 1 9 1 1 
1 51 9 10 1 
4 10 34 21 2 1 
2 60 7 2 1 
3 17 42 9 1 
1 41 27 3 
1 29 26 14 1 1 
1 33 34 1 3 
3 40 4 12 4 4 5 
70 2 
2 26 32 4 6 1 1 
2 53 17 
1 27 8 28 7 1 
12 45 2 3 3 5 1 1 
14 21 1 25 7 3 1 
1 51 19 1 
7 44 11 1 9 
1 64 2 4 1 
24 38 10 
7 14 19 27 2 3 
2 29 13 16 7 3 2 
13 15 9 25 2 5 3 
71 1 
3 13 56 
7 4 48 13 
3 60 8 1 
1 28 26 10 2 3 2 
14 15 38 3 2 
22 13 12 17 8 
3 69 
5 63 4 
3 20 39 9 1 
1 61 1 7 2 
2 69 1 
3 26 18 18 3 1 2 1 
1 20 34 17 
1 1 52 13 5 
1 45 26 
25 15 24 1 6 1 
2 60 2 2 6 
14 23 33 2 
3 41 28 
1 28 18 18 1 6 
7 13 51 1 
2 46 6 11 6 1 
28 41 1 2 
9 33 27 3 
9 34 23 1 3 2 
2 50 14 2 2 2 
1 19 4 44 4 
4 11 43 11 3 
1 11 15 6 7 3 24 2 2 1 
1 56 9 2 2 1 1 
1 43 7 17 1 2 1 
1 22 20 17 2 1 3 4 1 1 
10 48 4 9 1 
54 8 4 4 2 
3 57 12 
20 14 3 19 15 1 
12 22 17 19 2 
3 7 30 12 6 2 6 4 1 1 
4 15 38 9 2 4 
7 7 17 39 2 
2 45 14 6 4 1 
1 41 11 6 5 3 5 
1 13 6 23 17 4 7 1 
5 3 40 23 1 
18 49 1 1 2 1 
1 52 15 1 3 
1 71 
53 14 1 4 
16 34 22 
15 44 8 3 2 
18 26 24 1 1 1 1 
7 21 29 9 6 
1 44 2 21 1 1 1 1 
7 16 8 14 10 15 2 
26 16 9 5 15 1 
1 30 37 3 1 
1 19 38 7 1 5 1 
1 30 24 6 3 7 1 
1 37 21 10 2 1 
1 46 22 2 1 
12 20 26 7 6 1 
8 23 34 5 1 1 
9 55 8 
70 2 
1 33 5 32 1 
6 33 29 1 1 2 
70 2 
3 58 11 
1 24 42 2 3 
2 57 3 9 1 
8 29 35 
14 13 38 6 1 
1 15 54 2 
6 54 2 9 1 
1 13 32 16 1 7 1 1 
2 58 7 4 1 
1 32 2 3 27 6 1 
15 56 1 
1 54 3 11 1 1 1 
1 69 2 
1 56 11 1 2 1 
3 24 16 9 15 2 2 1 
1 16 33 10 7 1 3 1 
2 58 1 8 2 1 
72 
58 12 2 
1 69 1 1 
1 28 15 14 4 8 2 
1 43 27 1 
4 66 2 
4 53 9 5 1 
3 59 3 7 
3 44 17 6 2 
7 59 6 
1 9 60 2 
2 24 46 
1 13 18 11 14 15 
5 25 4 8 17 5 3 2 3 
1 36 34 1 
1 58 6 4 1 1 1 
1 65 6 
7 43 6 8 1 5 2 
4 6 11 45 5 1 
1 53 15 3 
1 49 11 11 
3 10 10 49 
1 51 9 6 1 2 1 1 
1 6 64 1 
1 1 28 3 5 7 8 9 6 1 2 1 
1 1 59 3 8 
1 40 28 2 1 
1 56 15 
1 29 14 16 1 11 
1 30 26 6 6 3 
11 14 47 
1 28 39 3 1 
6 11 11 18 15 4 7 
1 20 33 14 4 
3 12 33 14 10 
12 7 37 12 4 
1 14 57 
2 15 47 7 1 
1 42 6 3 7 4 7 1 1 
1 53 18 
2 43 27 
8 21 7 6 10 16 2 2 
1 10 59 1 1 
1 54 3 2 5 4 3 
1 71 
3 62 1 4 1 1 
3 40 12 14 3 
2 30 22 12 3 3 
4 36 27 1 3 1 
34 30 1 7 
50 7 9 6 
1 3 15 4 2 5 18 3 1 11 4 4 1 
3 57 2 7 3 
1 42 17 8 3 1 
3 2 61 2 3 1 
2 14 43 6 2 5 
5 34 25 8 
1 2 42 3 4 6 11 1 1 1 
8 31 15 12 5 1 
4 62 2 4 
4 49 18 1 
3 69 
1 35 25 2 5 2 2 
4 27 38 2 1 
1 14 57 
4 63 4 1 
1 16 54 1 
1 35 7 14 15 
1 71 
6 14 52 
1 2 26 12 31 
16 11 22 1 14 8 
41 30 1 
1 18 48 4 1 
39 12 7 4 10 
1 17 5 32 1 9 1 2 1 2 1 
1 68 1 2 
1 67 2 2 
13 46 1 3 6 3 
1 16 24 21 1 3 3 1 1 1 
4 58 3 2 5 
5 7 28 25 2 5 
1 9 58 1 1 2 
11 12 18 21 2 7 1 
1 41 11 9 6 1 1 2 
3 37 21 7 2 1 1 
6 52 9 4 1 
13 14 37 8 
2 8 22 3 34 2 1 
34 2 23 9 3 1 
33 7 24 4 3 1 
1 31 37 1 2 
1 51 16 2 1 1 
2 41 10 10 9 
1 15 24 24 1 6 1 
14 58 
5 59 8 
34 8 29 1 
1 59 3 8 1 
1 50 9 7 5 
2 70 
35 20 17 
4 51 3 9 5 
1 20 1 28 11 3 1 3 1 1 2 
19 4 34 12 3 
2 46 6 2 16 
15 12 11 4 6 2 2 7 10 1 1 1 
21 32 19 
4 48 17 2 1 
1 67 2 2 
1 71 
13 42 4 12 1 
6 49 2 10 2 1 1 1 
19 23 13 4 3 7 3 
1 70 1 
4 57 8 3 
1 57 12 1 1 
5 21 21 25 
42 30 
4 4 30 7 24 1 1 1 
22 34 16 
9 42 1 18 2 
5 6 13 13 25 4 3 3 
19 4 39 6 4 
5 37 11 10 1 7 1 
1 68 3 
2 54 12 4 
67 2 3 
58 10 3 1 
1 49 19 3 
1 40 16 6 1 3 1 4 
60 3 2 2 1 4 
54 8 1 1 6 1 1 
7 51 13 1 
2 15 54 1 
3 52 12 4 1 
13 54 5 
1 61 5 1 4 
2 68 2 
1 44 21 4 1 1 
9 18 17 17 9 1 1 
3 45 22 1 1 
19 51 2 
1 25 25 5 3 8 3 2 
1 41 9 21 
7 32 9 21 3 
2 47 9 5 8 1 
2 40 16 4 10 
22 40 10 
4 6 31 21 8 2 
60 11 1 
1 32 29 2 6 1 1 
3 26 9 32 1 1 
1 54 17 
6 66 
2 51 6 12 1 
2 66 2 2 
18 30 24 
47 25 
1 30 27 12 2 
3 54 14 1 
2 59 7 4 
68 1 3 
4 58 8 2 
2 61 7 1 1 
1 64 4 2 1 
1 10 17 31 11 2 
4 62 2 4 
1 3 67 1 
2 14 39 12 1 1 3 
1 17 53 1 
10 37 5 12 7 1 
2 7 7 6 41 4 4 1 
2 21 6 29 2 9 2 1 
1 31 39 1 
1 49 22 
2 18 25 15 8 1 3 
1 8 41 7 10 4 1 
3 59 10 
5 25 26 7 2 4 1 1 1 
3 12 34 9 8 2 1 2 1 
50 12 9 1 
1 60 10 1 
6 46 8 12 
5 58 8 1 
1 34 8 8 21 
8 62 1 1 
19 30 4 9 8 1 1 
1 65 6 
1 44 22 3 2 
14 52 6 
1 69 1 1 
6 65 1 
1 14 38 9 10 
1 60 9 2 
8 61 1 2 
4 48 20 
69 2 1 
1 55 1 1 2 1 4 7 
2 23 3 40 4 
1 20 51 
1 14 29 25 2 1 
12 51 6 2 1 
4 6 58 2 1 1 
4 68 
1 39 27 1 4 
2 34 28 2 5 1 
6 44 21 1 
2 29 39 2 
2 66 2 1 1 
4 50 18 
17 25 10 3 10 7 
28 5 36 1 2 
1 67 3 1 
2 24 2 21 10 3 1 9 
1 47 2 18 1 1 2 
5 7 30 21 1 7 1 
16 51 1 2 2 
1 27 44 
4 48 20 
8 52 6 5 1 
6 58 2 3 1 1 1 
1 54 1 14 1 1 
1 32 3 17 12 1 6 
20 21 24 3 2 2 
5 63 4 
55 13 2 2 
1 66 1 1 1 1 1 
1 51 17 1 1 1 
55 7 10 
1 66 2 2 1 
1 61 1 6 1 2 
1 42 2 13 12 2 
1 62 8 1 
4 62 6 
2 28 29 7 3 2 1 
1 41 27 3 
5 51 13 3 
72 
1 63 3 1 3 1 
51 16 3 2 
1 12 53 1 4 1 
54 11 7 
4 5 49 12 2 
1 65 2 3 1 
2 23 33 5 4 3 2 
25 42 1 3 1 
3 29 1 14 6 2 2 3 10 2 
50 10 11 1 
65 2 4 1 
22 8 9 24 3 5 1 
1 30 21 12 8 
2 4 51 2 6 7 
1 65 6 
19 40 1 3 6 2 1 
1 33 21 8 1 8 
18 10 39 4 1 
1 9 61 1 
1 59 5 4 1 2 
1 45 16 3 5 1 1 
1 60 1 3 4 1 2 
2 48 22 
1 41 22 6 2 
2 28 7 34 1 
1 69 1 1 
43 13 13 1 1 1 
29 18 6 7 9 2 1 
1 48 20 3 
1 3 3 46 1 18 
1 30 34 4 1 1 1 
4 61 7 
2 31 35 2 2 
5 30 10 4 14 6 2 1 
6 56 4 4 2 
25 41 6 
8 59 3 2 
4 46 16 4 2 
2 38 1 5 19 3 3 1 
1 17 33 12 6 1 1 1 
5 32 23 5 6 1 
2 8 5 2 8 15 5 13 7 2 5 
9 38 25 
1 16 21 1 10 8 14 1 
1 19 30 5 10 6 1 
2 43 5 17 4 1 
2 45 25 
30 34 5 2 1 
2 70 
2 27 5 15 15 3 3 2 
1 21 49 1 
3 51 4 6 7 1 
6 40 17 8 1 
63 3 6 
1 59 12 
30 26 4 1 1 5 5 
8 10 25 3 18 4 1 2 1 
1 62 4 5 
3 55 9 1 3 1 
3 50 14 1 4 
1 35 36 
4 49 19 
1 61 4 1 5 
1 69 2 
56 7 9 
21 16 7 23 2 2 1 
6 45 1 14 2 4 
1 70 1 
5 9 48 2 1 6 1 
19 52 1 
72 
44 25 2 1 
6 20 31 14 1 
1 35 10 26 
27 26 15 3 1 
11 40 19 1 1 
2 39 31 
1 13 54 4 
2 18 35 2 2 4 4 4 1 
1 14 21 21 3 2 5 4 1 
1 64 4 3 
33 17 10 6 1 2 1 2 
15 18 24 8 2 2 3 
2 49 21 
16 39 17 
4 63 5 
6 45 7 7 7 
70 1 1 
26 18 26 2 
20 51 1 
9 34 26 3 
4 27 6 5 22 8 
1 20 21 23 7 
7 22 10 2 20 5 6 
44 27 1 
5 27 32 4 2 1 1 
1 12 16 43 
22 35 2 6 1 2 1 3 
2 55 1 11 1 2 
3 16 43 5 2 3 
1 44 27 
33 7 26 5 1 
1 59 4 2 2 3 1 
2 53 10 3 2 1 1 
1 45 17 2 1 3 1 1 1 
1 25 17 23 2 4 
1 29 23 2 1 2 1 9 1 3 
1 29 16 19 3 2 1 1 
12 3 12 23 18 4 
4 35 11 20 2 
33 35 3 1 
1 60 11 
5 62 3 1 1 
15 56 1 
52 20 
60 2 7 3 
2 61 9 
1 8 8 7 42 5 1 
1 9 4 7 38 13 
3 42 3 19 1 1 3 
1 62 7 1 1 
14 43 12 3 
1 63 6 2 
5 65 2 
2 30 3 15 10 10 2 
24 22 8 1 10 4 3 
3 22 47 
14 22 2 31 2 1 
33 31 8 
3 67 2 
2 19 6 26 8 5 1 1 2 1 1 
5 9 34 19 4 1 
9 42 11 3 3 2 2 
16 19 11 9 12 2 3 
1 15 42 3 1 9 1 
15 34 23 
1 8 27 3 16 3 1 6 5 1 1 
3 5 8 20 23 13 
1 59 11 1 
2 10 15 34 8 1 2 
4 63 2 3 
2 39 16 12 2 1 
1 67 1 1 2 
6 35 31 
8 8 50 4 2 
1 22 49 
1 54 6 10 1 
6 48 5 4 1 5 2 1 
3 27 2 37 3 
7 21 43 1 
1 61 10 
2 39 31 
7 61 4 
30 29 13 
1 47 13 6 5 
1 70 1 
2 53 17 
5 20 2 7 33 1 4 
2 48 9 3 1 9 
1 36 31 4 
14 9 32 17 
2 37 5 26 1 1 
3 12 6 9 16 11 13 1 1 
1 20 14 18 5 4 6 4 
7 20 28 9 5 1 2 
1 26 9 21 12 2 1 
25 20 16 7 3 1 
13 6 23 24 5 1 
1 57 10 1 2 1 
1 43 7 6 10 4 1 
1 19 19 30 3 
72 
7 25 18 12 10 
34 17 1 19 1 
2 5 10 6 42 4 1 1 1 
5 61 2 4 
1 60 4 6 1 
7 15 25 6 12 7 
5 9 28 25 1 4 
1 18 53 
42 6 9 5 5 5 
23 9 20 19 1 
72 
1 71 
1 34 13 11 6 7 
8 26 8 30 
61 11 
47 20 4 1 
10 2 58 1 1 
26 2 10 15 4 2 2 7 2 1 1 
5 4 53 2 7 1 
10 26 12 12 12 
72 
3 14 35 2 2 7 9 
1 47 11 5 1 7 
5 60 3 4 
5 11 50 6 
2 52 11 7 
2 14 22 6 23 2 1 1 1 
3 5 58 6 
58 9 2 2 1 
7 11 45 2 3 4 
27 6 26 4 3 2 4 
2 9 50 4 1 3 1 2 
66 4 1 1 
1 57 8 6 
5 7 31 1 1 13 11 1 2 
15 22 24 6 3 1 1 
12 44 15 1 
5 39 28 
1 18 12 25 15 1 
45 9 7 10 1 
7 58 5 2 
1 21 20 28 1 1 
4 1 24 18 7 10 2 5 1 
1 41 17 9 2 1 1 
35 34 1 2 
70 2 
34 14 7 15 2 
1 35 1 3 4 14 5 4 2 2 1 
1 4 53 3 2 3 2 2 2 
4 62 3 2 1 
5 24 30 10 1 1 1 
1 54 17 
1 53 7 6 1 2 2 
2 37 8 12 6 6 1 
3 44 17 8 
1 18 18 19 9 2 3 2 
55 13 3 1 
3 45 18 6 
1 20 19 25 4 2 1 
3 50 19 
1 53 10 6 2 
1 8 28 17 18 
3 14 22 19 12 1 1 
54 7 8 1 1 1 
1 56 10 5 
1 37 4 15 9 1 4 1 
23 27 22 
2 39 17 10 3 1 
3 59 5 3 1 1 
9 54 9 
1 6 18 7 35 5 
2 43 16 6 4 1 
1 45 16 1 8 1 
3 64 3 1 1 
1 46 7 13 3 1 1 
1 58 11 1 1 
1 37 2 5 3 1 19 3 1 
1 44 22 5 
1 9 6 14 9 13 12 1 5 1 1 
1 18 53 
2 65 5 
7 28 20 15 1 1 
1 19 50 2 
1 23 25 20 1 1 1 
1 70 1 
28 42 1 1 
3 57 5 1 4 1 1 
21 43 2 3 2 1 
1 54 16 1 
54 5 11 2 
2 60 7 2 1 
50 19 2 1 
1 27 44 
1 12 47 12 
1 58 13 
3 37 21 1 2 7 1 
2 58 8 3 1 
1 54 17 
1 65 4 2 
61 8 3 
1 15 1 19 20 1 1 6 5 2 1 
2 36 10 13 1 1 3 3 2 1 
3 34 6 10 1 4 2 8 1 2 1 
4 50 14 3 1 
1 64 3 2 1 1 
7 5 50 8 1 1 
51 19 2 
7 36 25 2 2 
3 22 43 2 1 1 
1 60 8 2 1 
20 36 11 4 1 
1 30 5 19 15 1 1 
44 18 4 5 1 
2 17 43 7 2 1 
2 15 42 11 2 
5 13 52 2 
3 28 19 7 6 1 6 2 
3 12 56 1 
39 8 9 4 5 6 1 
30 31 11 
5 56 9 1 1 
16 22 25 5 4 
12 31 17 9 3 
1 10 15 34 3 6 1 2 
61 7 1 1 2 
1 32 14 12 12 1 
2 13 30 17 10 
37 27 5 2 1 
4 36 20 8 4 
41 23 3 4 1 
9 54 7 2 
1 53 16 2 
1 23 47 1 
1 60 7 4 
4 7 21 19 7 2 8 4 
8 39 25 
1 20 2 9 8 23 7 2 
22 31 6 10 3 
2 32 19 13 5 1 
12 34 3 23 
52 14 5 1 
1 70 1 
2 60 2 1 7 
37 5 24 3 3 
1 69 2 
3 66 1 2 
3 22 26 8 11 2 
3 69 
9 29 11 22 1 
1 12 59 
9 37 17 1 6 2 
1 10 56 3 1 1 
2 16 54 
1 37 14 17 1 1 1 
12 21 14 5 15 3 1 1 
1 11 41 14 1 2 1 1 
1 13 58 
1 7 36 1 8 1 16 1 1 
27 24 10 7 4 
1 5 49 11 2 4 
3 29 27 5 5 1 2 
1 4 28 5 16 11 6 1 
2 57 8 4 1 
3 65 1 1 2 
1 15 4 10 2 19 14 7 
1 11 34 14 10 2 
1 32 20 1 16 2 
3 41 19 2 4 2 1 
6 33 16 14 1 2 
1 55 15 1 
2 33 23 12 1 1 
1 27 37 6 1 
1 63 5 1 1 1 
1 20 34 7 3 7 
1 9 45 17 
1 50 1 1 19 
1 27 8 23 12 1 
1 60 3 5 1 2 
2 13 16 28 10 1 1 1 
1 26 7 35 2 1 
3 27 21 17 2 1 1 
9 49 1 2 6 2 1 1 1 
1 51 5 14 1 
68 4 
15 47 10 
1 68 1 2 
11 18 43 
1 34 31 6 
2 44 17 4 2 3 
1 65 4 2 
1 61 3 5 1 1 
10 58 4 
1 2 32 35 2 
71 1 
2 9 36 20 5 
1 34 10 6 11 8 2 
35 4 18 12 3 
50 21 1 
72 
1 59 2 8 1 1 
1 60 8 2 1 
72 
3 54 15 
1 45 23 1 2 
2 48 2 17 2 1 
5 13 46 3 3 2 
13 5 9 7 2 3 20 5 5 2 1 
68 3 1 
2 7 41 14 7 1 
14 52 4 2 
1 4 64 2 1 
1 46 23 2 
1 71 
49 18 5 
13 34 18 7 
1 26 31 10 4 
10 23 38 1 
1 2 1 9 23 22 8 5 1 
36 4 30 1 1 
2 31 36 1 2 
7 20 7 10 6 8 12 2 
2 60 10 
1 10 44 15 2 
16 28 7 6 10 3 2 
5 63 1 3 
34 21 10 1 1 4 1 
2 69 1 
3 21 6 33 1 6 2 
1 13 38 20 
21 16 10 12 8 2 2 1 
19 15 23 7 8 
2 63 2 3 2 
3 66 2 1 
3 1 55 3 2 8 
11 36 12 13 
10 56 6 
2 40 9 10 2 5 3 1 
1 22 8 29 12 
2 7 40 17 1 1 3 1 
57 15 
18 27 26 1 
3 16 49 1 1 1 1 
3 64 5 
11 4 20 19 17 1 
1 66 3 1 1 
1 38 32 1 
1 3 32 9 8 6 1 2 8 1 1 
1 23 47 1 
3 52 3 5 2 2 5 
7 46 1 2 4 9 2 1 
17 27 23 1 2 2 
1 18 44 9 
1 19 5 16 11 17 2 1 
2 47 14 5 1 3 
2 8 24 11 11 7 8 1 
4 37 22 1 8 
55 2 15 
1 44 9 10 7 1 
3 8 53 8 
68 3 1 
2 67 1 2 
1 68 3 
44 24 4 
49 14 4 4 1 
7 58 5 2 
25 9 7 22 7 2 
33 23 16 
1 61 1 8 1 
2 44 23 3 
1 24 41 3 2 1 
1 37 34 
1 44 11 9 6 1 
1 3 28 11 15 12 1 1 
1 3 26 1 21 7 3 3 7 
44 10 12 1 1 2 1 1 
1 70 1 
71 1 
2 58 7 2 2 1 
1 71 
2 16 44 10 
1 6 11 7 31 3 2 4 7 
3 6 11 22 15 12 3 
66 4 2 
4 66 1 1 
1 17 20 11 17 4 1 1 
64 5 3 
2 18 42 4 5 1 
55 2 12 1 1 1 
19 1 3 17 6 26 
1 68 2 1 
18 3 14 37 
1 42 17 2 8 2 
5 7 60 
5 66 1 
1 27 34 5 1 3 1 
24 46 2 
1 20 31 13 5 1 1 
4 41 16 10 1 
3 19 3 27 11 5 1 3 
33 27 11 1 
1 5 59 5 2 
57 13 2 
6 29 23 13 1 
1 7 10 11 14 7 8 4 7 2 1 
1 57 3 9 1 1 
5 57 5 1 2 2 
1 11 57 1 2 
1 61 10 
1 44 22 2 3 
1 21 22 3 14 5 1 2 3 
7 28 32 1 2 2 
1 5 41 4 20 1 
1 63 1 2 3 2 
1 36 35 
28 8 11 4 14 7 
1 57 14 
1 3 49 1 13 1 4 
1 51 17 1 2 
2 32 18 15 5 
69 2 1 
8 14 31 17 2 
1 51 7 3 3 1 3 2 1 
1 56 15 
12 27 30 3 
1 5 1 4 4 4 27 10 7 2 5 1 1 
1 65 4 2 
1 44 27 
3 69 
1 26 42 2 1 
1 36 5 7 18 3 2 
6 59 5 2 
4 13 26 5 11 10 3 
1 34 4 29 3 1 
5 37 12 7 6 2 3 
4 64 3 1 
4 64 4 
1 55 1 15 
23 41 8 
2 67 2 1 
1 40 31 
10 19 16 12 11 3 1 
72 
1 68 3 
3 16 47 4 2 
1 28 30 2 7 1 3 
1 20 48 1 1 1 
1 10 17 5 23 9 2 4 1 
52 15 4 1 
1 16 51 2 1 1 
1 50 21 
5 44 1 3 2 2 5 8 2 
27 40 1 4 
7 55 4 5 1 
19 30 19 2 2 
1 69 2 
2 15 46 3 5 1 
1 51 18 1 1 
1 63 7 1 
11 8 33 3 17 
1 65 6 
6 46 17 1 2 
2 38 26 3 1 2 
1 19 10 30 6 5 1 
4 65 1 2 
6 11 29 17 5 3 1 
1 48 21 2 
68 2 2 
4 54 12 1 1 
1 33 31 6 1 
1 52 16 2 1 
2 56 7 5 1 1 
5 13 54 
2 68 1 1 
1 1 18 16 22 10 2 2 
1 54 14 2 1 
6 2 25 7 5 2 12 11 1 1 
1 54 11 2 4 
26 21 17 2 2 3 1 
1 46 17 1 7 
2 58 12 
1 29 34 4 4 
1 38 33 
1 50 19 1 1 
1 38 15 15 1 2 
2 22 26 21 1 
1 26 4 20 1 2 5 10 2 1 
4 52 12 1 2 1 
1 35 23 6 2 4 1 
1 29 15 21 1 4 1 
1 28 2 18 12 1 1 4 4 1 
10 37 15 1 9 
11 31 20 8 2 
1 35 22 2 11 1 
69 2 1 
2 26 42 1 1 
1 58 5 5 1 2 
1 7 64 
72 
1 4 52 14 1 
39 22 11 
1 34 11 6 2 6 5 3 2 2 
2 42 6 19 3 
24 22 4 5 15 2 
2 62 8 
8 57 4 3 
2 61 9 
3 12 55 1 1 
43 3 22 1 3 
69 1 2 
72 
9 12 32 7 3 6 1 1 1 
1 52 16 3 
10 7 20 8 17 2 6 1 1 
2 64 6 
2 26 10 21 9 2 1 1 
2 64 5 1 
1 2 55 9 4 1 
4 6 62 
1 52 12 6 1 
1 13 38 13 4 3 
10 33 22 6 1 
69 2 1 
2 35 4 3 15 12 1 
5 66 1 
1 24 29 16 1 1 
2 57 12 1 
9 1 2 49 2 1 7 1 
70 2 
3 42 26 1 
1 70 1 
3 1 35 8 23 1 1 
70 1 1 
1 18 23 26 1 1 1 1 
2 58 12 
2 67 1 1 1 
2 50 4 5 1 4 3 2 1 
4 59 9 
4 52 11 3 2 
13 33 17 3 2 3 1 
3 17 35 10 4 1 1 1 
2 67 2 1 
7 44 4 6 4 7 
1 11 7 9 43 1 
7 45 19 1 
1 22 49 
20 25 25 1 1 
1 30 21 19 1 
58 9 1 3 1 
12 11 11 38 
1 30 39 1 1 
10 27 33 1 1 
16 55 1 
3 48 15 1 2 3 
3 54 14 1 
4 9 24 35 
8 22 29 7 6 
1 22 18 17 1 6 2 1 4 
10 35 23 4 
7 17 42 5 1 
1 62 8 1 
3 1 57 11 
3 35 30 1 1 2 
1 33 9 27 2 
3 54 10 3 2 
8 50 12 2 
3 58 8 3 
33 18 17 3 1 
41 20 4 2 5 
6 5 11 47 2 1 
60 8 3 1 
66 3 3 
1 35 36 
2 29 20 15 1 4 1 
4 56 12 
63 2 7 
2 48 6 15 1 
5 2 5 38 13 5 1 2 1 
1 6 48 8 7 1 1 
3 51 10 8 
45 4 4 14 4 1 
2 36 20 8 2 1 3 
2 58 11 1 
1 43 4 23 1 
1 32 15 8 11 1 1 2 1 
1 6 43 1 9 7 4 1 
14 42 3 10 3 
72 
17 24 30 1 
3 41 28 
1 45 26 
1 20 12 4 1 19 10 4 1 
3 61 8 
1 51 13 3 3 1 
1 48 6 8 8 1 
27 1 35 3 5 1 
5 24 37 2 1 2 1 
2 59 4 2 3 1 1 
4 18 10 28 2 9 1 
1 34 23 11 1 1 1 
4 49 19 
1 43 21 5 1 1 
1 24 47 
71 1 
56 8 8 
1 45 1 24 1 
20 22 30 
1 61 5 2 3 
6 16 27 7 9 3 1 1 2 
40 29 3 
72 
7 25 17 15 8 
5 15 25 21 6 
5 14 47 4 1 1 
1 49 2 7 7 2 2 1 1 
1 44 20 6 1 
1 55 16 
3 27 10 8 8 4 9 1 2 
2 68 2 
54 12 6 
1 65 5 1 
47 19 5 1 
1 18 34 18 1 
20 46 6 
2 63 4 2 1 
8 40 11 1 5 6 1 
31 7 25 9 
4 28 24 5 7 1 3 
1 53 13 4 1 
3 44 14 5 4 1 1 
2 9 3 45 5 8 
18 3 48 2 1 
6 5 21 12 15 3 9 1 
1 61 9 1 
13 19 38 1 1 
5 21 10 22 6 7 1 
2 69 1 
1 65 3 3 
5 1 38 10 18 
64 4 3 1 
1 38 8 13 11 1 
14 19 3 9 9 6 8 3 1 
15 57 
24 34 3 4 3 2 2 
1 46 25 
34 12 10 12 4 
6 63 1 2 
3 59 10 
2 65 2 3 
31 30 3 3 1 3 1 
7 20 24 12 4 2 1 1 1 
4 4 47 9 1 4 2 1 
3 64 2 3 
2 43 9 2 6 1 1 6 2 
2 27 10 17 5 9 1 1 
1 39 6 18 4 3 1 
25 5 5 15 21 1 
1 59 8 1 2 1 
1 44 23 4 
1 2 58 2 1 4 4 
22 20 30 
8 12 46 3 2 1 
1 20 20 28 3 
4 42 18 2 2 3 1 
2 33 34 3 
8 18 2 6 1 6 19 9 3 
1 49 14 2 4 1 1 
1 60 5 3 1 2 
32 11 25 3 1 
43 3 20 3 3 
1 39 23 8 1 
1 54 16 1 
2 39 28 3 
1 18 23 20 5 1 4 
17 30 13 8 4 
2 53 2 7 8 
11 47 4 8 1 1 
2 5 9 24 14 7 10 1 
15 46 5 6 
72 
10 55 2 2 2 1 
1 30 11 16 8 3 1 1 1 
19 23 30 
1 7 44 20 
1 44 25 2 
3 33 27 6 1 1 1 
1 9 16 9 19 3 2 9 2 2 
1 14 24 27 4 1 1 
1 50 11 7 2 1 
1 50 9 2 1 4 4 1 
3 62 4 1 1 1 
1 36 13 5 15 2 
4 66 2 
1 30 4 25 11 1 
2 21 41 1 7 
1 60 3 1 1 4 2 
1 9 55 1 6 
28 3 13 9 2 5 8 1 1 1 1 
1 24 47 
1 63 3 2 3 
8 4 37 7 12 4 
1 44 27 
6 53 5 2 2 1 3 
68 1 3 
3 31 21 10 4 3 
1 38 31 2 
4 61 7 
2 11 27 10 6 1 7 3 1 1 1 1 1 
1 26 35 5 2 1 2 
3 62 7 
1 41 14 12 4 
7 56 6 3 
1 33 28 3 1 5 1 
1 45 14 12 
1 33 10 11 5 11 1 
1 7 27 5 26 5 1 
66 5 1 
1 61 7 1 2 
2 67 1 2 
69 2 1 
10 8 12 23 6 8 2 2 1 
3 6 2 16 18 5 21 1 
2 67 2 1 
3 19 44 6 
3 30 14 14 5 1 1 4 
1 16 34 4 17 
9 38 8 10 4 3 
3 18 16 7 8 17 2 1 
1 64 7 
4 19 11 19 2 7 1 9 
1 18 30 11 11 1 
1 47 24 
2 16 13 11 26 2 2 
3 53 10 1 2 1 2 
1 9 26 1 24 5 5 1 
1 3 27 23 3 13 1 1 
7 6 42 8 8 1 
63 5 4 
23 46 3 
33 3 31 2 1 1 1 
2 9 17 34 10 
1 65 6 
4 62 5 1 
7 16 22 25 2 
33 22 6 10 1 
1 40 28 3 
1 62 9 
2 67 2 1 
1 62 6 3 
13 30 4 5 10 7 3 
3 57 4 3 5 
4 14 26 1 2 4 4 1 8 1 3 1 2 1 
1 7 38 22 4 
1 41 12 8 10 
1 48 23 
2 26 39 1 2 2 
2 28 3 7 10 3 4 7 3 1 3 1 
9 31 7 5 18 1 1 
1 63 3 5 
1 48 13 5 2 1 2 
1 56 15 
4 14 43 7 3 1 
5 60 7 
5 60 6 1 
1 64 3 4 
7 11 16 6 11 4 14 1 2 
1 54 17 
2 34 3 11 9 4 8 1 
1 20 7 10 3 10 9 3 8 1 
2 38 19 4 9 
1 61 7 2 1 
1 51 5 2 2 9 2 
68 3 1 
1 5 6 19 27 2 2 6 3 1 
1 10 11 29 7 13 1 
2 51 3 5 2 6 3 
1 71 
2 58 6 6 
2 7 48 5 2 3 2 1 2 
4 9 18 5 18 2 13 1 2 
9 45 18 
5 29 29 9 
12 30 18 10 1 1 
2 1 31 4 32 1 1 
3 4 33 16 16 
72 
1 36 25 6 2 2 
1 25 27 16 1 2 
1 48 21 1 1 
1 31 20 7 2 5 3 1 2 
8 11 4 15 31 1 1 1 
32 11 16 12 1 
1 36 33 2 
1 35 2 8 7 5 2 2 6 4 
34 14 18 1 4 1 
3 40 27 1 1 
59 12 1 
9 55 4 3 1 
2 66 2 1 1 
6 29 29 4 4 
1 37 18 3 10 3 
2 51 14 4 1 
2 40 30 
23 33 14 2 
10 2 45 14 1 
37 29 6 
3 40 18 9 1 1 
3 29 39 1 
9 61 1 1 
61 1 1 1 1 5 1 1 
1 21 15 3 13 5 8 4 1 1 
2 6 5 2 4 1 5 11 11 6 17 2 
10 42 9 1 6 1 1 1 1 
2 58 11 1 
1 53 2 11 2 2 1 
1 15 37 7 10 2 
2 46 1 19 2 1 1 
1 63 5 3 
2 4 36 9 21 
71 1 
43 13 1 1 1 9 3 1 
2 48 18 2 2 
72 
1 26 45 
1 43 2 7 2 1 13 1 2 
1 3 34 18 4 5 4 3 
2 26 29 1 12 2 
1 30 19 6 11 5 
1 62 9 
15 19 13 25 
5 57 10 
1 61 1 2 6 1 
69 3 
1 14 57 
2 26 27 13 2 2 
5 64 1 1 1 
2 66 4 
60 12 
1 42 27 2 
16 41 2 11 1 1 
1 53 5 9 1 3 
1 6 52 3 9 1 
5 53 7 6 1 
8 17 20 20 7 
2 50 3 8 6 1 2 
54 9 6 3 
1 23 10 11 1 18 4 1 3 
44 12 16 
5 23 5 5 16 3 6 5 4 
2 34 8 1 12 15 
2 29 9 1 20 2 7 1 1 
31 21 13 3 4 
2 36 29 2 2 1 
45 9 13 1 2 1 1 
2 24 16 7 3 9 11 
4 53 2 6 1 6 
1 12 9 46 2 1 1 
2 4 18 16 30 1 1 
6 38 22 2 3 1 
10 52 8 2 
1 7 20 32 5 6 1 
1 9 30 1 15 3 6 4 1 2 
1 43 20 6 1 1 
15 18 36 2 1 
4 60 6 2 
23 22 20 7 
2 16 36 6 5 5 2 
2 25 4 11 22 1 2 1 3 1 
2 53 17 
7 12 17 6 9 19 2 
10 12 33 14 3 
1 10 6 9 41 2 3 
1 8 44 5 14 
1 29 34 5 2 1 
1 8 10 8 30 6 6 3 
2 44 20 5 1 
1 24 4 16 11 8 5 1 2 
1 11 51 1 4 1 2 1 
17 41 1 11 2 
1 51 20 
5 64 3 
39 33 
3 50 18 1 
4 12 12 25 11 7 1 
1 17 6 13 1 2 2 26 3 1 
45 22 5 
5 29 4 18 3 11 1 1 
22 31 3 15 1 
1 68 1 2 
1 41 3 10 6 8 1 2 
66 4 2 
4 49 12 1 2 1 1 1 1 
2 40 14 14 2 
1 18 15 17 14 7 
5 1 11 33 5 3 7 1 1 3 2 
1 25 27 6 1 8 2 1 1 
42 29 1 
36 24 12 
1 71 
3 43 10 9 6 1 
18 30 16 3 2 2 1 
1 12 1 23 34 1 
22 16 14 14 4 1 1 
4 52 9 4 3 
1 56 15 
1 52 11 3 3 1 1 
1 18 42 2 1 8 
1 16 19 7 2 26 1 
1 56 10 3 1 1 
3 33 27 7 1 1 
2 34 13 7 2 1 10 3 
1 69 2 
5 13 43 8 2 1 
1 9 16 22 17 2 1 4 
4 9 3 53 1 1 1 
1 19 25 22 4 1 
1 1 19 47 3 1 
1 33 8 2 25 2 1 
2 37 8 20 1 4 
1 24 28 11 4 3 1 
1 26 1 3 6 18 7 5 4 1 
1 61 1 5 1 1 1 1 
2 55 15 
4 49 9 8 2 
5 21 46 
31 12 21 1 4 1 1 1 
1 69 1 1 
5 47 20 
68 2 1 1 
6 24 24 8 9 1 
1 13 38 2 2 13 3 
6 40 26 
5 59 2 4 1 1 
1 16 30 20 5 
1 60 6 1 4 
11 58 3 
3 11 38 1 16 1 2 
1 9 31 10 15 3 1 1 1 
1 4 28 12 11 5 10 1 
1 70 1 
17 15 32 8 
1 25 11 6 10 13 1 5 
1 4 57 5 1 4 
5 39 16 8 2 1 1 
2 6 15 29 2 9 1 5 1 1 1 
64 6 2 
24 32 1 2 12 1 
24 31 8 2 2 3 2 
8 54 4 5 1 
1 26 35 6 4 
1 57 14 
1 9 40 22 
1 29 15 19 3 2 3 
3 7 12 9 20 12 4 5 
2 33 27 3 2 1 3 1 
15 41 5 6 5 
3 34 1 2 13 19 
1 46 25 
3 51 11 5 1 1 
2 61 9 
1 5 66 
3 43 23 1 2 
1 48 13 9 1 
9 29 22 7 4 1 
1 22 11 28 3 4 2 1 
11 22 37 1 1 
1 7 1 22 9 31 1 
1 19 45 3 1 2 1 
7 53 12 
3 9 30 17 3 4 6 
71 1 
1 33 9 20 2 1 2 2 1 1 
1 62 8 1 
4 20 35 6 3 2 1 1 
1 58 11 2 
1 4 66 1 
7 25 23 15 2 
1 42 4 3 10 12 
2 22 22 12 9 1 4 
1 37 34 
4 14 23 29 1 1 
2 4 24 20 22 
2 61 9 
4 5 50 11 2 
1 4 60 6 1 
6 1 54 1 5 3 2 
5 20 47 
2 58 2 2 8 
1 63 6 2 
2 32 2 19 3 2 2 7 1 2 
3 62 7 
1 52 19 
1 42 25 1 1 2 
44 17 11 
11 24 6 11 1 11 5 3 
9 8 47 5 3 
1 59 7 1 3 1 
2 16 27 18 9 
1 55 2 14 
1 64 4 3 
1 2 55 10 4 
1 37 32 2 
1 1 2 34 29 3 2 
5 43 10 2 8 3 1 
3 13 31 19 1 5 
5 51 15 1 
29 32 4 3 4 
6 4 42 10 5 4 1 
1 5 61 3 2 
1 3 12 5 43 4 1 1 2 
1 71 
1 34 21 7 2 2 1 4 
1 36 29 1 5 
10 12 19 4 16 9 2 
1 19 45 7 
1 25 45 1 
1 4 67 
27 15 4 11 15 
68 2 2 
1 54 9 6 1 1 
3 57 11 1 
9 7 48 6 1 1 
3 12 41 13 2 1 
5 2 39 21 4 1 
2 13 42 3 12 
13 43 12 3 1 
1 48 7 13 1 1 1 
13 58 1 
24 32 6 3 4 3 
28 13 1 27 2 1 
1 35 24 9 3 
1 1 57 10 2 1 
5 15 49 3 
1 16 28 11 2 13 1 
5 54 4 4 3 2 
2 5 3 31 16 2 4 6 2 1 
18 43 4 4 1 1 1 
3 60 8 1 
1 30 1 1 5 10 1 3 8 8 3 1 
1 53 8 1 3 4 2 
46 14 9 2 1 
1 39 14 5 5 8 
1 47 22 2 
1 10 42 12 1 2 4 
3 5 1 4 14 30 2 7 1 1 4 
21 15 35 1 
31 41 
2 28 39 1 2 
2 65 5 
2 68 1 1 
1 67 1 1 2 
1 44 3 9 8 4 1 2 
2 15 18 15 2 17 3 
21 30 4 4 9 1 3 
1 32 6 10 5 16 1 1 
2 63 3 1 1 1 1 
16 52 3 1 
1 25 35 4 6 1 
68 3 1 
2 19 34 9 7 1 
1 43 1 7 5 6 6 2 1 
7 30 18 3 4 10 
72 
11 4 31 21 3 2 
4 62 6 
26 10 15 20 1 
1 38 11 7 4 3 2 3 2 1 
44 6 19 1 1 1 
56 3 13 
6 21 39 5 1 
3 14 53 2 
27 17 10 17 1 
6 65 1 
3 39 19 4 7 
1 25 5 13 19 4 1 2 1 1 
4 56 1 10 1 
10 36 24 1 1 
1 50 14 4 2 1 
19 15 1 4 8 2 6 16 1 
39 7 23 2 1 
2 61 2 2 1 2 2 
2 64 4 2 
2 12 49 8 1 
3 6 34 24 5 
1 13 4 34 18 1 1 
4 61 2 2 2 1 
2 54 5 7 4 
56 7 8 1 
2 7 7 56 
1 59 10 2 
1 68 2 1 
15 44 3 6 1 2 1 
18 46 4 1 3 
3 42 9 18 
71 1 
1 61 8 2 
2 12 50 2 1 4 1 
1 3 41 19 2 2 3 1 
23 16 25 4 4 
3 35 34 
3 10 51 1 2 2 1 2 
1 71 
4 68 
2 33 22 6 2 1 6 
71 1 
1 32 20 15 2 2 
16 53 3 
64 2 2 2 2 
1 12 22 33 1 3 
2 61 9 
3 13 27 12 2 10 1 2 2 
2 47 3 10 5 4 1 
6 40 26 
3 33 18 16 2 
18 18 16 7 4 8 1 
3 22 28 2 12 5 
6 16 10 34 4 1 1 
1 4 33 22 10 1 1 
2 10 19 23 13 4 1 
2 46 7 13 3 1 
1 39 25 3 1 1 2 
29 1 4 34 2 2 
1 17 43 9 2 
9 55 8 
1 1 18 34 6 2 1 7 2 
16 2 21 3 4 2 4 8 10 1 1 
1 40 30 1 
1 49 22 
2 23 5 37 3 2 
1 19 42 4 1 5 
7 13 21 8 5 18 
1 27 28 9 5 2 
63 6 1 1 1 
2 44 9 10 5 1 1 
2 27 9 17 7 3 1 1 4 1 
3 65 2 1 1 
25 6 27 7 7 
2 29 23 18 
23 15 11 1 17 5 
3 18 33 2 2 1 5 7 1 
15 48 4 4 1 
27 40 5 
1 69 2 
25 36 1 4 1 1 4 
1 3 4 24 26 5 9 
5 21 4 18 7 5 6 5 1 
1 42 9 11 1 6 1 1 
68 2 2 
13 4 48 2 3 1 1 
6 3 62 1 
1 63 4 4 
1 42 9 3 2 8 2 3 1 1 
30 6 4 26 1 1 4 
65 7 
43 12 6 1 6 3 1 
67 4 1 
8 26 31 2 1 2 1 1 
30 31 10 1 
5 23 28 12 2 2 
2 2 23 36 9 
1 6 34 23 1 6 1 
4 58 4 4 1 1 
1 5 21 33 6 6 
2 32 4 12 3 5 1 2 2 7 2 
2 7 30 13 11 2 6 1 
6 45 10 9 1 1 
4 43 16 6 3 
1 52 3 10 4 2 
44 23 5 
2 35 15 15 3 1 1 
1 50 3 5 7 2 4 
24 4 25 16 3 
1 32 18 16 1 1 2 1 
1 70 1 
2 35 25 2 4 3 1 
1 63 6 2 
19 11 15 4 5 17 1 
3 56 5 8 
9 7 40 14 2 
1 2 45 17 1 4 1 1 
1 60 11 
13 46 1 2 3 1 1 2 2 1 
4 56 12 
1 36 20 11 2 2 
38 3 4 13 9 2 1 1 1 
3 18 12 9 4 24 2 
6 20 8 2 28 2 4 1 1 
12 52 6 2 
2 9 4 7 23 7 10 1 7 1 1 
2 22 40 2 1 1 4 
2 11 17 32 10 
15 57 
1 62 4 3 2 
5 27 35 2 2 1 
8 18 14 1 14 6 9 1 1 
1 61 2 8 
2 65 4 1 
1 43 28 
19 45 5 1 1 1 
1 14 54 2 1 
1 9 31 16 7 1 7 
1 25 42 2 1 1 
1 63 3 1 4 
1 41 4 8 6 9 1 2 
2 27 10 26 6 1 
2 41 26 2 1 
1 8 39 23 1 
5 66 1 
3 31 4 25 4 3 2 
62 8 2 
1 49 21 1 
3 46 12 6 4 1 
1 55 8 3 4 1 
2 45 18 1 6 
3 3 66 
7 38 23 1 3 
2 25 15 24 6 
2 1 49 4 8 1 3 1 1 1 1 
11 16 31 13 1 
5 25 38 1 2 1 
28 33 8 3 
1 60 5 6 
1 53 9 5 3 1 
34 33 2 2 1 
19 44 1 3 5 
4 4 12 3 11 1 23 4 5 3 1 1 
1 55 16 
5 21 33 4 2 3 1 3 
2 39 14 16 1 
3 5 34 22 5 1 2 
3 3 66 
1 3 16 3 31 12 2 1 2 1 
1 58 9 1 1 2 
36 1 14 15 2 4 
2 43 23 1 1 2 
2 43 21 1 5 
19 53 
35 33 3 1 
8 58 3 3 
11 16 25 12 1 5 1 1 
1 51 16 1 2 1 
1 33 27 8 3 
57 11 4 
10 10 11 6 7 9 2 2 8 5 2 
1 42 18 8 1 2 
4 63 1 3 1 
3 30 4 13 21 1 
1 40 7 5 11 5 2 1 
2 55 2 10 3 
1 11 36 22 2 
1 42 1 25 2 1 
14 12 6 23 2 11 1 2 1 
2 23 12 22 10 2 1 
1 61 10 
64 7 1 
1 65 1 3 2 
2 67 3 
6 60 6 
31 32 3 6 
3 61 6 2 
2 13 46 9 2 
3 10 18 37 1 2 1 
2 50 20 
1 41 29 1 
72 
1 44 19 1 1 1 4 1 
3 62 6 1 
1 5 49 10 4 3 
51 13 1 7 
1 21 31 9 10 
50 8 11 1 1 1 
2 66 1 1 2 
2 7 42 8 13 
3 45 24 
32 5 2 7 17 4 3 1 1 
11 17 2 31 3 2 5 1 
1 42 20 4 2 1 2 
4 63 2 2 1 
3 4 42 6 16 1 
8 18 22 18 4 2 
5 25 36 6 
3 12 32 5 1 9 8 2 
15 19 5 8 22 1 2 
1 24 3 18 10 12 1 3 
2 8 37 8 16 1 
15 48 7 1 1 
1 24 35 10 2 
1 10 36 23 2 
23 28 12 2 5 2 
2 24 14 4 10 14 3 1 
4 35 21 1 3 3 3 1 1 
1 59 7 3 1 1 
1 11 53 3 4 
8 22 39 2 1 
2 29 1 32 5 3 
8 53 1 1 9 
1 54 6 6 4 1 
1 24 15 23 6 1 2 
11 61 
3 3 66 
1 57 14 
28 23 1 19 1 
3 38 6 5 14 2 2 1 1 
64 4 4 
19 29 5 13 6 
71 1 
29 2 22 1 5 7 3 2 1 
1 55 16 
1 69 1 1 
8 34 16 3 7 4 
59 4 2 1 2 1 1 2 
1 66 5 
1 44 1 18 5 2 1 
12 13 32 11 2 1 1 
1 59 5 6 1 
1 6 4 12 24 10 8 6 1 
8 47 7 6 1 3 
4 59 5 4 
57 9 3 2 1 
4 30 16 3 19 
9 7 5 23 21 3 1 3 
22 27 4 11 2 5 1 
1 62 7 1 1 
2 9 50 3 6 2 
1 26 42 1 2 
1 3 34 14 18 2 
4 54 12 2 
7 22 26 10 7 
39 15 7 8 3 
2 24 11 24 8 2 1 
62 8 1 1 
1 59 11 1 
1 19 44 6 2 
5 25 15 4 9 5 2 6 1 
1 52 9 8 2 
1 14 11 6 13 17 2 1 2 4 1 
1 39 9 14 1 1 7 
1 8 11 14 27 7 4 
1 18 38 7 6 1 1 
6 33 6 26 1 
1 54 9 5 1 2 
26 26 8 12 
1 3 36 21 1 9 1 
25 40 1 2 1 1 2 
2 66 3 1 
5 7 19 27 8 5 1 
16 28 21 7 
11 17 23 4 16 1 
3 8 54 7 
1 52 3 8 4 3 1 
72 
1 9 37 19 5 1 
1 62 9 
24 13 24 9 2 
1 18 52 1 
1 53 17 1 
1 48 19 1 1 1 1 
3 25 14 5 3 6 10 3 3 
4 55 6 2 3 2 
41 31 
3 60 9 
2 69 1 
2 52 13 5 
1 20 38 10 1 2 
39 24 6 2 1 
3 48 21 
26 25 21 
1 4 18 47 2 
15 36 4 15 2 
1 33 9 29 
1 61 4 6 
40 10 21 1 
2 19 15 15 15 4 2 
1 14 54 1 1 1 
1 42 29 
1 53 1 12 2 2 1 
1 54 9 7 1 
9 38 11 2 8 2 2 
1 25 27 17 2 
2 55 7 8 
2 40 13 9 8 
1 55 7 1 7 1 
3 45 11 3 9 1 
2 65 1 1 3 
2 13 48 3 3 1 1 1 
1 64 7 
1 31 40 
1 26 38 6 1 
3 50 19 
5 30 37 
8 28 16 11 6 2 1 
4 34 8 22 3 1 
4 48 16 3 1 
1 35 33 2 1 
67 4 1 
5 61 2 3 1 
41 10 5 10 5 1 
4 39 8 16 5 
1 29 1 26 1 11 1 1 1 
2 3 62 4 1 
1 22 49 
1 58 13 
1 42 12 14 3 
1 28 28 12 1 1 1 
1 14 3 9 13 12 8 6 4 1 1 
2 48 5 14 2 1 
1 48 21 1 1 
13 59 
1 5 24 41 1 
1 69 2 
2 32 26 11 1 
20 3 41 6 1 1 
3 3 37 10 1 8 6 3 1 
6 31 25 10 
4 9 59 
7 2 29 26 1 2 5 
9 6 10 32 7 6 2 
29 27 16 
16 42 7 4 3 
1 23 8 18 19 3 
1 27 15 15 12 1 1 
2 26 41 3 
8 56 8 
2 15 25 17 7 6 
5 42 25 
2 31 17 12 2 8 
2 55 2 6 5 1 1 
4 64 4 
3 29 25 3 4 8 
1 57 14 
2 2 12 55 1 
1 5 22 3 5 3 5 8 16 3 1 
71 1 
1 20 8 36 3 2 2 
52 4 14 2 
1 40 30 1 
22 30 4 15 1 
5 7 38 4 6 7 2 3 
70 2 
1 52 15 1 3 
2 24 36 8 2 
1 48 15 2 5 1 
39 29 4 
10 25 35 2 
1 42 8 12 2 5 2 
1 56 1 11 2 1 
2 47 23 
2 59 11 
1 68 1 2 
1 11 49 11 
43 20 8 1 
72 
6 19 4 30 1 3 5 4 
1 59 2 4 2 4 
45 7 12 8 
3 23 16 13 10 7 
21 19 25 5 2 
2 65 3 2 
10 6 5 18 1 10 13 2 4 2 1 
2 29 9 13 12 3 1 1 1 1 
32 9 7 7 4 5 8 
1 52 7 12 
1 15 24 32 
1 42 10 10 5 4 
3 61 3 2 1 2 
3 67 2 
1 3 4 59 3 2 
3 6 13 48 1 1 
1 2 69 
1 48 3 18 1 1 
10 51 9 1 1 
1 39 20 12 
1 24 37 4 5 1 
1 17 20 8 18 8 
2 70 
2 37 19 10 2 2 
5 7 51 6 3 
1 28 43 
61 2 5 1 1 2 
1 50 6 2 8 4 1 
1 46 25 
1 50 9 1 9 2 
16 23 19 10 4 
9 30 8 1 3 9 9 2 1 
1 17 14 4 17 15 1 2 1 
28 16 18 5 4 1 
1 26 41 3 1 
6 43 10 6 6 1 
1 55 15 1 
19 45 4 4 
7 6 24 24 1 4 5 1 
3 35 25 4 4 1 
1 3 44 10 6 5 3 
20 18 31 1 1 1 
