4 34 6 20 4 2 1 2 
3 30 37 3 
67 4 2 
3 32 1 6 12 15 1 3 
2 28 43 
2 39 19 9 4 
30 36 2 3 2 
26 39 7 1 
59 12 1 1 
1 53 3 10 1 3 1 1 
4 1 65 2 1 
70 1 1 1 
1 12 22 30 8 
12 42 19 
2 24 31 13 3 
1 64 4 3 1 
1 27 35 3 3 3 1 
3 42 17 3 8 
1 32 7 8 21 2 2 
4 57 8 4 
73 
1 27 5 1 8 21 6 1 3 
65 2 5 1 
1 15 24 33 
73 
1 5 18 34 2 11 2 
8 63 1 1 
1 37 21 8 6 
8 60 5 
3 33 34 1 1 1 
5 55 8 1 4 
1 71 1 
1 16 13 42 1 
1 27 45 
1 66 1 5 
1 42 13 2 12 3 
1 35 27 4 4 1 1 
1 46 5 20 1 
1 21 46 3 1 1 
2 43 15 1 8 3 1 
14 31 24 3 1 
2 66 3 2 
1 50 21 1 
3 52 18 
1 56 14 2 
1 6 43 2 8 5 4 2 2 
35 10 21 1 3 3 
2 37 29 1 3 1 
14 57 2 
1 45 19 2 2 3 1 
1 42 6 6 17 1 
4 6 40 20 1 1 1 
2 46 9 8 8 
1 9 60 1 1 1 
12 54 1 5 1 
43 7 3 18 2 
1 26 13 16 5 5 7 
8 37 13 14 1 
1 39 30 2 1 
1 56 10 5 1 
26 6 21 16 4 
3 29 30 1 1 4 2 1 2 
2 23 46 2 
62 7 4 
2 70 1 
14 59 
1 16 47 1 8 
2 61 7 1 1 1 
2 9 46 5 9 2 
3 55 9 2 1 3 
5 37 31 
55 12 5 1 
1 48 20 3 1 
4 35 7 23 2 1 1 
52 1 15 3 2 
1 69 2 1 
4 37 1 15 5 7 2 2 
1 67 5 
3 49 12 3 5 1 
18 49 2 3 1 
2 47 24 
6 56 11 
22 20 23 7 1 
28 14 28 3 
1 39 9 11 12 1 
2 62 8 1 
2 37 17 5 12 
1 52 9 11 
1 19 12 10 7 9 1 2 5 2 4 1 
1 64 1 5 1 1 
1 13 29 23 6 1 
1 21 18 29 3 1 
1 69 2 1 
24 47 1 1 
28 41 3 1 
2 28 43 
38 11 19 3 1 1 
2 28 14 16 12 1 
73 
1 23 37 3 4 1 1 1 2 
67 4 2 
4 22 20 20 6 1 
1 52 3 5 12 
2 63 8 
1 35 24 13 
1 41 12 3 3 7 3 2 1 
8 11 7 33 4 7 3 
13 25 19 10 2 4 
1 35 36 1 
1 32 8 25 4 3 
1 66 6 
4 7 31 3 28 
18 44 9 1 1 
27 44 1 1 
1 60 1 1 10 
73 
1 67 3 1 1 
64 2 2 1 2 1 1 
1 16 34 7 4 6 3 1 1 
2 19 32 6 8 6 
4 28 41 
5 8 36 13 10 1 
24 4 44 1 
1 22 15 6 12 11 4 1 1 
1 15 56 1 
2 55 6 1 5 1 3 
8 28 22 6 6 3 
1 71 1 
4 13 46 7 1 1 1 
4 27 3 3 9 10 4 2 9 1 1 
1 66 6 
16 44 8 5 
2 15 12 39 4 1 
32 18 20 1 1 1 
36 17 15 3 2 
2 43 12 12 1 1 2 
1 19 2 17 12 5 5 12 
6 46 4 6 9 1 1 
1 50 8 14 
4 65 1 3 
32 29 1 10 1 
2 68 3 
56 13 1 3 
71 2 
1 1 71 
7 35 18 13 
2 36 24 11 
13 54 1 4 1 
1 7 23 35 3 4 
25 39 3 4 1 1 
1 71 1 
2 54 8 5 4 
7 37 19 4 1 4 1 
1 9 21 16 9 10 6 1 
1 39 33 
1 63 9 
1 71 1 
1 33 1 2 23 6 7 
6 35 9 10 5 3 4 1 
1 1 48 16 4 1 2 
55 9 6 2 1 
2 50 20 1 
69 4 
2 59 5 2 5 
1 9 47 1 8 7 
6 32 22 8 5 
1 14 33 18 1 5 1 
3 6 53 1 2 3 1 1 1 2 
5 4 16 3 3 7 20 10 2 3 
2 33 5 21 1 1 2 5 3 
1 2 63 3 2 2 
7 53 1 8 4 
1 1 2 66 3 
5 68 
3 59 11 
35 18 20 
1 19 4 26 22 1 
6 34 32 1 
2 33 30 2 6 
10 52 5 4 2 
1 34 36 1 1 
6 12 23 8 3 16 4 1 
10 37 26 
4 9 34 6 8 7 3 1 1 
8 30 4 25 1 1 1 2 1 
8 29 35 1 
52 9 3 6 2 1 
5 54 14 
1 36 2 12 3 1 3 9 3 1 1 1 
1 68 2 2 
1 68 3 1 
2 26 43 1 1 
8 31 11 1 5 9 8 
1 2 12 24 24 3 7 
1 61 6 3 1 1 
29 14 19 3 2 1 1 2 2 
1 25 32 14 1 
1 45 1 11 1 13 1 
15 34 12 7 2 1 2 
3 58 1 6 4 1 
1 50 22 
6 47 13 5 1 1 
3 69 1 
1 31 34 5 1 1 
5 37 29 2 
48 4 21 
1 6 48 4 2 11 1 
1 65 2 3 2 
32 20 21 
28 9 33 3 
26 30 17 
2 15 32 20 3 1 
1 19 32 20 1 
3 42 11 15 2 
1 72 
14 53 2 3 1 
20 10 29 5 1 3 4 1 
46 21 3 1 1 1 
1 25 36 4 3 1 1 1 1 
3 44 17 5 1 3 
1 38 31 3 
70 2 1 
1 31 41 
73 
1 9 15 47 1 
6 18 38 9 2 
29 14 16 2 2 1 8 1 
3 36 14 5 1 1 6 4 3 
1 54 15 3 
2 61 3 3 2 2 
1 46 3 14 1 2 1 5 
2 4 8 9 16 23 7 2 1 1 
3 39 27 3 1 
58 1 7 1 6 
1 54 8 4 4 1 1 
1 20 7 35 3 1 3 2 1 
28 29 2 11 2 1 
1 12 19 7 4 13 11 5 1 
2 67 3 1 
14 48 11 
1 65 7 
23 49 1 
10 51 12 
2 48 17 1 5 
23 13 15 6 1 13 1 1 
1 65 6 1 
1 37 18 11 6 
19 12 10 7 6 17 2 
4 16 28 13 12 
54 6 4 3 2 4 
1 67 4 1 
2 34 10 18 9 
1 39 9 2 6 4 8 2 1 1 
6 57 4 5 1 
6 11 48 5 3 
49 17 6 1 
3 46 1 22 1 
1 62 10 
2 66 3 1 1 
1 24 10 19 9 4 6 
14 7 3 5 36 3 1 2 1 1 
12 39 9 8 5 
1 70 1 1 
13 9 30 16 3 1 1 
3 66 1 2 1 
2 39 31 1 
23 20 30 
21 39 11 2 
1 66 4 1 1 
2 31 2 38 
1 11 9 44 6 2 
1 47 20 3 1 1 
1 41 27 3 1 
1 1 25 44 2 
2 38 30 3 
13 14 43 3 
3 36 33 1 
5 17 30 17 4 
5 46 5 2 1 10 3 1 
6 32 6 4 16 8 1 
15 41 1 14 1 1 
73 
22 26 11 8 2 3 1 
2 25 32 2 12 
1 36 11 24 1 
40 12 6 2 10 3 
1 53 19 
1 5 3 55 4 4 1 
2 38 31 2 
66 6 1 
7 18 26 5 10 3 2 2 
2 69 2 
1 44 24 3 1 
3 18 43 2 7 
1 48 24 
2 1 7 17 18 22 3 1 1 1 
3 7 28 32 1 2 
1 72 
12 57 3 1 
1 38 13 1 16 2 1 1 
2 57 13 1 
2 16 21 13 21 
1 20 32 19 1 
1 50 18 1 1 2 
1 45 23 2 1 1 
2 13 9 45 1 2 1 
1 28 21 21 2 
2 22 44 4 1 
1 66 6 
2 69 2 
23 50 
5 19 44 1 2 1 1 
1 16 1 55 
45 22 3 2 1 
1 18 19 17 15 3 
2 67 4 
21 22 3 26 1 
2 71 
1 43 27 2 
1 11 21 37 3 
1 71 1 
19 35 19 
1 44 28 
1 67 5 
1 35 6 4 9 13 3 1 1 
3 10 2 32 20 5 1 
1 37 15 6 12 2 
1 24 40 2 1 5 
1 14 26 7 6 10 3 4 1 1 
2 16 24 10 6 14 1 
2 70 1 
1 62 10 
3 45 5 9 11 
3 60 7 2 1 
1 46 25 1 
1 42 13 8 9 
1 71 1 
18 24 12 14 3 1 1 
65 2 5 1 
1 68 1 1 1 1 
9 35 2 2 19 1 1 3 1 
1 17 48 5 2 
3 26 37 2 3 1 1 
1 13 28 6 21 4 
2 22 8 4 14 20 3 
1 11 27 32 2 
1 49 9 7 4 3 
1 51 8 8 3 1 1 
4 15 4 48 1 1 
1 4 34 27 7 
1 26 41 5 
1 19 17 15 2 18 1 
1 44 3 6 6 6 2 2 2 1 
1 27 29 13 3 
13 14 35 3 7 1 
1 65 6 1 
1 3 1 24 11 8 18 3 3 1 
14 11 36 2 5 3 2 
1 62 2 7 1 
8 41 23 1 
26 37 4 2 3 1 
2 51 11 2 3 1 3 
11 40 7 9 6 
1 40 9 3 4 8 5 1 1 1 
3 10 18 27 11 3 1 
4 1 21 47 
14 36 13 8 2 
1 58 9 1 2 1 1 
1 37 6 13 16 
1 15 36 3 4 8 1 5 
1 48 11 8 2 3 
1 4 29 24 2 6 7 
71 2 
62 1 7 1 2 
17 30 26 
51 20 2 
1 61 6 1 1 3 
1 62 5 1 3 1 
3 15 35 13 7 
1 18 25 8 2 5 2 5 4 3 
2 66 5 
13 47 13 
11 56 3 1 2 
9 33 27 1 3 
15 52 6 
57 7 9 
2 13 47 7 3 1 
1 38 27 2 2 2 1 
1 42 8 4 18 
1 10 30 4 4 11 4 6 2 1 
2 7 2 6 5 20 12 7 3 3 5 1 
1 52 15 4 1 
1 45 26 1 
6 60 2 5 
6 22 19 8 14 1 1 1 1 
39 2 13 5 14 
1 66 1 4 1 
18 17 18 7 8 3 2 
2 4 14 51 2 
20 27 13 6 7 
2 44 27 
1 4 31 26 6 4 1 
3 43 24 3 
1 33 35 1 1 1 1 
9 39 4 21 
5 20 25 16 7 
1 72 
1 18 49 2 1 1 1 
2 40 31 
2 16 55 
1 42 30 
4 18 36 14 1 
3 15 6 15 9 5 16 1 1 1 1 
1 37 7 14 5 9 
1 18 17 22 10 2 3 
19 33 18 2 1 
3 27 22 16 5 
65 3 2 1 1 1 
1 34 8 27 3 
1 64 5 1 1 1 
2 28 22 1 11 9 
16 45 1 6 5 
1 68 2 1 1 
71 1 1 
1 3 6 34 6 16 5 2 
24 25 24 
1 15 57 
3 60 2 1 6 1 
1 62 10 
1 49 20 2 1 
8 14 2 12 6 16 3 5 7 
14 15 21 6 11 2 4 
2 38 7 4 5 5 9 1 2 
1 17 22 12 16 3 1 1 
2 35 21 12 3 
1 53 5 12 2 
5 16 15 6 19 4 4 3 1 
1 7 42 19 3 1 
3 20 36 2 10 2 
1 18 30 9 9 2 1 2 1 
39 9 19 6 
5 32 24 5 4 2 1 
1 52 19 1 
31 2 32 2 6 
2 53 18 
7 11 30 12 12 1 
1 10 7 31 15 7 2 
1 65 1 6 
2 20 32 9 8 1 1 
3 65 5 
1 59 5 1 6 1 
48 12 6 5 2 
31 36 3 1 1 1 
2 37 9 25 
4 45 21 3 
20 9 29 7 1 6 1 
3 39 31 
2 16 46 3 6 
1 52 2 3 5 5 1 2 2 
1 13 48 8 2 1 
2 4 8 19 25 14 1 
2 8 60 1 1 1 
1 6 5 47 12 1 1 
3 69 1 
10 15 41 4 1 1 1 
7 25 15 5 15 3 1 2 
70 3 
1 1 33 37 1 
8 38 27 
48 6 10 7 2 
12 28 15 12 4 1 1 
3 62 5 3 
1 57 15 
32 9 13 12 7 
4 28 13 2 14 10 1 1 
34 12 16 11 
3 30 21 16 1 2 
1 36 31 5 
1 49 19 4 
1 68 2 2 
6 20 28 16 1 1 1 
2 71 
1 35 37 
23 7 2 6 27 3 2 3 
5 20 20 7 16 2 1 2 
45 18 8 2 
6 9 29 22 5 2 
4 3 23 28 7 3 4 1 
2 56 12 1 2 
23 24 23 1 1 1 
23 25 25 
1 19 28 20 4 1 
8 49 12 1 2 1 
2 7 28 8 27 1 
1 26 43 3 
14 6 43 6 2 2 
1 65 3 4 
5 22 8 35 3 
72 1 
1 57 14 1 
1 59 1 9 3 
4 68 1 
8 7 56 2 
3 47 23 
2 58 12 1 
1 65 2 5 
12 8 44 6 3 
1 49 11 3 4 3 2 
1 36 23 12 1 
7 31 34 1 
1 50 12 6 2 2 
31 29 13 
3 24 21 16 2 6 1 
1 37 9 12 5 8 1 
3 19 50 1 
36 29 8 
54 10 9 
35 37 1 
23 10 6 10 5 16 2 1 
11 26 13 2 15 3 1 2 
1 18 31 18 4 1 
1 28 34 2 8 
8 35 17 4 9 
2 26 7 3 22 10 3 
2 68 2 1 
3 37 6 9 3 6 9 
4 62 4 3 
10 57 6 
1 64 3 5 
9 7 33 9 13 1 1 
22 1 20 26 4 
4 32 31 5 1 
1 24 28 3 1 14 1 1 
1 42 30 
2 3 4 60 1 1 2 
4 50 12 7 
2 23 48 
1 23 30 16 2 1 
1 72 
1 38 15 4 12 3 
2 3 61 4 2 1 
1 50 22 
1 59 10 3 
11 35 4 9 4 4 2 3 1 
1 68 3 1 
8 65 
1 68 1 2 1 
1 18 8 43 2 1 
14 54 5 
1 37 31 4 
4 35 23 3 8 
1 51 19 2 
64 2 5 1 1 
4 10 41 12 4 1 1 
15 38 17 1 2 
5 50 5 5 2 4 1 1 
3 26 41 3 
4 28 1 16 21 3 
2 25 19 22 1 2 1 1 
2 46 23 1 1 
3 68 2 
1 54 18 
18 30 2 12 11 
8 58 1 4 1 1 
1 30 37 5 
21 34 6 10 2 
1 36 14 8 3 11 
1 45 12 14 1 
6 52 15 
2 16 43 11 1 
1 46 13 13 
21 31 19 2 
4 46 23 
9 57 4 2 1 
3 3 15 5 3 19 12 1 5 6 1 
1 55 9 8 
2 68 3 
3 22 19 9 16 4 
4 57 9 2 1 
1 16 14 8 10 9 8 3 4 
1 68 4 
3 23 20 9 4 1 10 3 
5 30 10 26 2 
3 38 26 6 
1 48 24 
2 39 30 2 
71 2 
1 50 12 1 9 
3 9 57 1 2 1 
43 4 22 3 1 
1 54 15 3 
4 48 16 3 2 
23 37 5 3 1 1 1 1 1 
4 34 2 30 3 
2 66 5 
1 27 43 2 
8 36 25 3 1 
16 54 2 1 
9 12 50 1 1 
1 70 2 
2 21 14 26 8 1 1 
1 43 29 
1 61 6 3 1 1 
3 18 13 29 5 3 1 1 
1 64 8 
1 38 2 3 22 6 1 
61 12 
59 1 6 3 2 1 1 
4 15 43 9 2 
72 1 
2 48 23 
15 21 33 1 1 2 
18 14 23 11 2 5 
1 54 9 2 3 1 3 
3 44 22 1 3 
1 29 43 
6 66 1 
7 41 9 9 4 2 1 
1 56 12 2 1 1 
18 48 7 
4 33 4 12 6 2 6 6 
12 28 14 6 1 3 5 3 1 
1 45 27 
1 30 41 1 
51 4 13 5 
1 72 
34 28 6 5 
3 14 12 43 1 
18 1 7 34 3 5 1 1 2 1 
1 54 18 
9 24 29 4 2 2 1 1 1 
2 15 34 6 9 5 2 
1 57 2 1 9 1 1 1 
1 4 37 31 
2 48 8 9 1 5 
4 40 10 6 9 2 1 1 
4 15 54 
1 15 34 8 5 3 6 1 
2 46 24 1 
1 6 43 5 17 1 
5 67 1 
2 23 48 
15 36 22 
1 1 4 37 4 12 13 1 
4 58 11 
2 64 3 4 
4 3 14 42 10 
73 
1 41 15 8 1 5 2 
3 42 10 15 1 2 
1 69 3 
4 50 19 
3 17 15 20 6 4 1 6 1 
2 46 2 3 4 1 1 11 2 1 
19 19 19 3 13 
1 47 25 
4 38 4 9 12 4 2 
24 30 4 1 14 
59 11 3 
73 
1 52 20 
1 65 7 
1 55 6 2 5 2 1 1 
2 50 20 1 
10 55 4 4 
1 59 9 2 1 1 
1 71 1 
21 39 8 3 1 1 
58 4 11 
3 70 
6 52 15 
1 70 2 
1 11 41 19 1 
1 52 13 1 2 4 
2 46 25 
1 69 2 1 
1 23 49 
1 34 12 8 2 10 6 
1 17 21 10 9 4 3 3 5 
20 25 21 4 1 2 
22 18 12 10 3 1 6 1 
3 18 35 6 9 1 1 
1 11 51 8 1 1 
32 16 16 3 6 
4 1 60 7 1 
1 50 19 2 1 
2 71 
2 1 45 2 9 11 1 1 1 
1 3 38 30 1 
1 58 10 4 
4 42 18 2 1 1 4 1 
60 8 5 
1 52 20 
11 25 31 4 1 1 
1 11 10 25 13 8 2 2 1 
4 23 1 8 20 14 2 1 
24 28 20 1 
7 18 26 20 2 
73 
28 5 3 8 3 4 6 4 6 5 1 
10 34 10 1 16 1 1 
4 59 9 1 
8 53 12 
1 65 1 3 3 
26 21 3 21 2 
1 54 2 2 10 2 2 
1 24 45 1 2 
2 31 5 10 11 3 7 2 1 1 
56 3 9 5 
68 4 1 
1 1 49 20 1 1 
2 56 15 
2 17 21 1 17 8 5 2 
17 11 41 4 
1 71 1 
8 5 8 16 32 1 3 
2 28 23 19 1 
5 7 1 46 14 
1 13 5 39 3 9 2 1 
4 6 17 22 2 20 1 1 
73 
2 33 31 1 4 1 1 
9 31 19 14 
63 3 1 1 1 3 1 
9 64 
33 19 21 
64 9 
8 28 12 1 10 9 1 2 2 
1 59 6 3 4 
1 32 21 19 
4 38 29 2 
1 7 38 3 6 12 3 1 1 1 
1 39 28 5 
1 39 32 1 
35 30 8 
12 4 42 1 14 
2 63 3 2 3 
3 11 16 1 42 
5 9 47 3 5 3 1 
2 12 20 38 1 
4 66 2 1 
1 34 11 4 15 7 1 
53 9 7 1 2 1 
38 24 5 3 2 1 
3 10 14 35 2 3 2 4 
1 45 21 2 1 3 
2 24 24 18 1 2 1 1 
1 34 6 2 15 11 3 1 
18 47 5 1 2 
1 61 1 5 1 1 2 1 
1 15 14 14 28 1 
5 29 27 4 2 4 2 
4 59 7 1 2 
4 60 9 
3 68 2 
9 54 6 2 2 
2 44 26 1 
12 10 28 2 19 1 1 
3 48 17 4 1 
3 29 7 12 13 3 6 
4 19 37 1 8 4 
1 41 22 5 2 1 1 
2 27 6 7 12 10 3 4 1 1 
6 60 7 
2 35 8 24 1 1 2 
1 35 37 
1 1 41 3 26 1 
65 5 3 
18 54 1 
14 4 6 39 7 3 
7 53 13 
12 61 
73 
1 57 15 
25 40 8 
16 6 24 5 1 9 2 10 
1 44 23 3 1 1 
2 25 8 33 5 
4 63 6 
1 56 9 1 3 3 
1 53 1 14 4 
1 66 1 5 
1 17 20 22 7 5 1 
10 52 4 6 1 
17 36 19 1 
3 11 1 48 1 4 4 1 
1 15 17 22 1 9 1 2 2 2 1 
1 44 22 6 
7 58 7 1 
33 29 9 2 
1 15 7 39 2 6 1 1 1 
72 1 
1 70 2 
16 26 27 2 2 
1 23 7 17 25 
1 34 21 2 15 
1 41 18 10 3 
1 46 4 5 6 7 1 3 
56 14 3 
2 54 6 10 1 
10 31 32 
1 13 36 17 3 1 1 1 
1 54 15 2 1 
66 2 1 4 
12 34 7 15 3 1 1 
2 25 37 6 1 1 1 
1 57 12 3 
22 23 12 13 2 1 
3 3 53 1 9 4 
2 37 29 5 
12 17 7 18 19 
4 15 48 4 1 1 
5 9 49 8 2 
5 18 8 25 8 2 2 3 2 
2 20 3 1 25 19 3 
1 67 1 3 1 
1 56 12 3 1 
56 7 10 
5 33 24 5 3 3 
5 10 5 1 3 1 6 9 25 7 1 
3 62 8 
1 28 38 5 1 
2 28 10 4 9 8 5 4 1 1 1 
1 1 36 20 3 11 1 
2 20 22 19 4 4 2 
4 15 16 10 26 2 
18 31 24 
1 25 4 21 19 2 1 
1 63 7 2 
3 18 25 24 1 2 
24 12 22 1 1 1 8 2 2 
10 53 1 7 2 
1 25 35 9 2 1 
31 19 15 7 1 
1 28 43 1 
1 59 1 3 9 
6 13 30 10 14 
44 10 18 1 
5 66 1 1 
3 64 4 1 1 
1 41 27 1 1 1 1 
12 33 13 13 2 
1 12 14 5 32 9 
2 60 2 6 3 
1 38 30 2 1 1 
1 34 29 6 2 1 
15 3 41 9 4 1 
10 29 10 7 13 3 1 
21 52 
1 19 28 9 16 
15 54 4 
1 3 40 16 1 12 
6 48 14 4 1 
3 60 1 4 3 1 1 
31 12 18 9 2 1 
6 19 27 21 
2 22 12 8 29 
2 5 44 7 6 8 1 
3 36 12 6 14 2 
35 33 5 
1 62 8 2 
9 42 10 2 8 2 
3 5 13 1 30 4 15 1 1 
5 1 47 14 6 
2 5 59 6 1 
2 18 43 9 1 
2 20 17 23 2 2 6 1 
2 24 31 16 
1 45 10 17 
1 58 14 
1 20 32 14 5 1 
1 2 29 3 3 11 1 18 2 2 1 
1 22 30 15 5 
1 64 7 1 
1 71 1 
1 19 16 9 9 14 5 
1 65 2 1 1 2 1 
5 49 2 17 
1 26 14 15 2 1 9 5 
7 22 1 43 
1 5 40 2 8 12 3 2 
40 14 10 2 2 5 
10 48 12 3 
7 26 29 3 4 2 1 1 
1 59 13 
1 6 28 36 2 
3 1 4 64 1 
1 71 1 
1 50 18 3 1 
46 23 4 
1 14 45 4 9 
4 17 25 1 1 15 2 5 2 1 
3 50 11 4 5 
1 27 9 19 4 2 5 5 1 
7 27 10 25 4 
1 68 3 1 
53 13 7 
1 62 5 5 
33 18 11 8 3 
6 61 6 
1 24 6 1 20 20 1 
6 15 33 12 7 
2 52 3 12 1 3 
3 17 40 10 2 1 
3 66 4 
3 47 14 6 3 
9 18 7 17 8 7 1 5 1 
1 44 22 3 1 2 
6 16 38 9 4 
3 17 4 15 4 16 5 2 1 3 3 
14 42 6 6 5 
2 17 25 26 3 
5 65 2 1 
5 45 8 4 9 2 
4 24 43 1 1 
1 48 13 10 1 
4 5 58 3 1 2 
1 11 14 13 24 5 2 3 
1 38 34 
6 16 18 1 23 7 2 
2 64 5 1 1 
5 45 12 2 5 2 1 1 
3 54 12 2 2 
1 61 9 2 
1 23 37 6 4 2 
29 17 5 16 4 2 
9 44 5 4 10 1 
2 69 1 1 
1 33 28 8 3 
26 26 5 12 1 2 1 
8 55 10 
1 11 40 2 3 1 8 1 3 2 1 
5 3 2 59 2 2 
1 57 15 
1 39 20 1 2 1 3 5 1 
42 27 2 2 
46 26 1 
1 13 16 17 24 1 1 
1 66 2 4 
4 60 4 1 4 
48 7 6 9 3 
1 28 17 26 1 
1 16 13 38 2 1 2 
2 13 10 44 1 2 1 
1 59 10 2 1 
33 40 
7 26 14 18 8 
4 11 26 3 13 3 2 8 3 
56 1 4 2 8 2 
2 41 9 21 
4 31 6 19 11 2 
40 31 1 1 
29 9 25 6 2 1 1 
1 14 37 13 8 
1 49 8 3 3 9 
4 48 18 2 1 
1 1 46 23 2 
3 62 1 6 1 
1 23 49 
5 48 5 1 2 2 3 4 3 
20 38 11 1 3 
65 8 
61 7 5 
4 18 31 9 2 5 2 1 1 
5 65 3 
8 52 13 
1 26 10 6 7 8 14 1 
6 12 46 3 6 
2 33 5 23 2 4 1 1 1 1 
1 7 43 2 17 3 
70 3 
1 48 10 10 3 1 
2 2 24 25 6 13 1 
3 3 46 7 9 4 1 
3 3 42 6 10 6 1 2 
27 1 37 7 1 
1 37 11 9 5 8 2 
12 17 31 8 3 2 
1 56 2 4 3 4 3 
1 58 9 2 1 1 1 
5 9 7 23 14 13 2 
1 55 16 1 
2 22 31 5 11 2 
3 34 15 19 2 
1 43 28 1 
1 28 40 4 
2 20 25 16 5 5 
1 20 52 
1 38 16 14 2 1 1 
2 60 4 7 
1 70 1 1 
3 24 14 18 9 3 2 
7 2 28 30 5 1 
2 50 19 1 1 
21 33 3 12 3 1 
1 45 14 10 3 
1 49 13 2 1 6 1 
3 20 18 28 4 
1 39 14 8 2 4 3 1 1 
1 65 6 1 
1 61 10 1 
1 49 5 14 2 1 1 
4 23 24 3 11 7 1 
2 6 10 5 13 35 2 
1 27 36 9 
73 
1 70 1 1 
4 12 51 5 1 
19 10 19 6 5 6 4 4 
2 24 30 8 4 1 4 
24 26 10 7 1 3 1 1 
27 10 36 
1 12 12 19 26 3 
1 58 12 2 
1 43 25 1 3 
3 32 11 20 7 
71 1 1 
3 50 8 8 2 1 1 
26 27 16 1 2 1 
1 31 41 
9 19 12 18 6 8 1 
1 69 2 1 
2 25 30 4 12 
1 32 37 3 
1 65 3 1 1 1 1 
1 53 3 12 3 1 
6 52 9 4 1 1 
1 50 12 7 3 
7 24 12 6 7 5 8 1 1 2 
2 16 28 22 1 3 1 
1 43 28 1 
61 8 4 
6 65 1 1 
1 23 48 1 
3 24 6 14 12 6 7 1 
11 47 6 2 6 1 
5 5 13 30 20 
1 66 4 2 
1 12 17 3 8 16 7 3 2 4 
1 17 9 30 11 3 2 
1 12 7 24 4 7 7 8 1 2 
2 20 16 14 10 9 2 
1 50 13 1 4 3 1 
36 18 19 
5 13 35 15 4 1 
1 17 37 9 7 2 
1 24 45 3 
73 
12 59 2 
1 13 5 44 3 2 2 2 1 
1 7 38 12 3 1 4 4 3 
1 43 29 
5 9 43 4 2 7 2 1 
12 29 31 1 
41 31 1 
5 18 42 3 5 
46 8 2 2 7 2 1 1 2 1 1 
2 37 13 3 3 4 4 2 3 1 1 
25 25 10 13 
1 65 7 
1 3 38 6 25 
1 50 22 
46 5 11 11 
1 34 4 32 1 1 
45 16 12 
20 40 7 5 1 
56 6 3 4 1 2 1 
2 42 29 
32 19 16 5 1 
5 6 43 12 5 2 
1 52 15 5 
1 37 19 10 3 3 
2 44 26 1 
3 8 28 9 14 6 1 1 2 1 
2 9 59 2 1 
8 43 21 1 
51 15 1 3 2 1 
1 43 2 12 12 3 
13 34 26 
1 50 4 2 3 6 3 2 2 
73 
1 36 29 5 1 1 
3 33 17 8 12 
5 23 34 11 
26 12 19 4 6 5 1 
2 21 32 10 1 1 6 
1 21 3 13 5 24 1 3 2 
1 14 54 3 1 
1 11 54 2 3 1 1 
2 62 9 
1 18 22 21 11 
1 36 28 3 5 
1 2 16 36 1 14 3 
1 64 4 2 1 1 
26 21 19 5 2 
1 50 9 13 
1 45 20 7 
1 40 17 3 12 
69 3 1 
3 33 15 12 5 2 1 1 1 
1 33 33 5 1 
1 15 24 14 4 7 1 7 
2 13 17 33 7 1 
13 18 16 25 1 
1 51 19 2 
21 31 15 4 1 1 
6 7 42 3 4 7 4 
52 17 1 3 
73 
1 1 69 2 
3 66 2 1 1 
1 27 45 
1 26 18 1 12 14 1 
1 14 53 2 1 2 
1 11 41 7 2 9 2 
1 62 5 2 2 1 
1 32 29 11 
8 53 11 1 
2 31 2 3 29 6 
1 29 36 3 2 1 1 
1 42 15 13 1 1 
1 20 12 17 19 2 2 
1 47 9 15 1 
2 49 7 14 1 
17 28 10 11 4 2 1 
5 2 35 2 20 4 5 
1 7 39 21 4 1 
32 3 38 
4 41 15 12 1 
2 37 5 3 24 2 
1 54 6 4 5 2 1 
2 46 25 
2 55 15 1 
1 26 14 25 2 5 
20 21 17 5 1 8 1 
1 39 31 1 1 
4 5 51 12 1 
1 18 52 2 
1 1 43 20 7 1 
1 37 32 1 1 1 
9 46 12 1 5 
2 36 14 21 
9 44 16 1 2 1 
6 8 12 16 7 5 18 1 
8 54 2 9 
3 61 9 
3 44 11 13 1 1 
6 31 36 
1 55 6 9 1 1 
26 24 22 1 
19 22 10 6 2 7 3 2 1 1 
2 58 1 9 2 1 
1 26 11 8 2 22 2 1 
1 14 5 23 20 2 7 1 
1 45 21 3 3 
2 20 2 32 9 7 1 
71 2 
1 38 14 8 10 2 
73 
1 19 6 28 3 7 6 1 2 
16 5 50 2 
22 9 15 13 13 1 
1 27 37 5 2 1 
3 1 67 1 1 
5 2 30 3 5 11 3 7 7 
6 18 8 14 9 13 2 2 1 
5 38 1 6 14 1 4 1 3 
1 15 47 8 2 
1 27 29 9 7 
1 20 51 1 
31 32 2 2 6 
4 7 33 17 11 1 
1 16 18 12 1 11 14 
1 57 15 
1 59 5 2 6 
3 62 6 1 1 
1 39 23 10 
16 32 6 1 6 1 9 1 1 
12 52 6 2 1 
44 4 7 13 3 1 1 
6 6 32 25 3 1 
1 28 44 
46 18 1 4 1 2 1 
1 28 11 11 5 10 1 4 1 1 
3 59 9 1 1 
1 70 2 
18 11 3 27 9 3 1 1 
2 66 3 1 1 
73 
5 65 1 2 
5 60 4 2 1 1 
1 32 17 19 2 1 1 
2 16 5 8 28 8 1 3 1 1 
1 4 61 4 3 
1 5 46 20 1 
1 61 10 1 
3 23 42 4 1 
1 62 10 
2 18 19 1 23 2 1 5 1 1 
1 46 17 9 
1 8 32 31 1 
68 2 2 1 
2 41 25 4 1 
5 3 23 42 
5 45 23 
4 68 1 
2 71 
70 3 
11 48 14 
6 32 7 5 20 1 2 
15 1 49 5 3 
6 41 23 2 1 
6 18 46 3 
1 50 13 8 1 
60 9 4 
23 14 1 11 20 4 
1 15 22 16 11 8 
15 7 26 6 5 7 1 3 3 
4 28 34 7 
29 44 
2 50 1 12 4 4 
3 28 2 19 18 1 1 1 
1 11 39 13 3 1 1 3 1 
1 29 42 1 
59 6 1 7 
4 37 32 
1 41 15 8 1 7 
6 46 21 
43 20 9 1 
1 72 
1 26 42 1 3 
73 
1 42 30 
1 6 55 5 2 3 1 
8 47 13 1 1 2 1 
4 53 15 1 
1 23 13 28 7 1 
2 3 8 24 11 13 11 1 
1 58 14 
2 41 11 12 7 
1 13 59 
15 13 2 19 13 8 1 2 
29 22 2 19 1 
1 20 6 31 10 5 
13 20 27 1 11 1 
18 1 9 12 25 7 1 
1 34 3 34 1 
1 32 22 2 13 2 1 
1 62 4 3 1 1 1 
1 17 12 30 13 
1 8 2 29 12 8 1 4 2 3 1 2 
1 20 45 2 2 3 
2 1 39 7 19 4 1 
1 66 6 
2 63 5 2 1 
1 7 60 1 2 2 
10 35 24 1 2 1 
5 47 21 
3 45 25 
18 27 9 6 1 3 6 1 1 1 
9 35 29 
38 23 10 2 
3 2 59 3 6 
2 61 9 1 
8 31 10 6 13 1 1 2 1 
1 9 10 45 5 3 
1 44 28 
9 11 9 4 23 11 4 1 1 
13 51 6 3 
4 14 27 17 8 2 1 
5 31 11 9 16 1 
1 22 48 1 1 
73 
1 32 14 5 14 1 4 2 
4 68 1 
4 23 1 16 16 7 3 3 
1 10 2 37 20 1 1 1 
38 21 8 4 1 1 
73 
7 29 8 22 1 2 1 2 1 
59 10 1 1 2 
67 1 4 1 
5 19 39 3 1 6 
2 30 15 12 4 3 2 4 1 
1 45 22 2 3 
1 13 42 6 4 3 2 2 
5 16 29 15 4 2 2 
1 8 21 40 1 2 
23 18 25 5 2 
32 19 20 1 1 
2 25 6 12 8 4 7 9 
1 71 1 
3 41 29 
2 37 20 11 1 1 1 
1 64 3 5 
1 37 19 10 6 
8 26 25 10 4 
2 44 25 2 
17 52 1 3 
27 33 3 7 2 1 
38 35 
2 4 58 8 1 
27 3 43 
4 39 18 12 
32 32 6 3 
57 2 13 1 
5 2 48 10 2 3 2 1 
1 31 9 10 7 14 1 
20 4 14 28 3 2 2 
2 33 19 16 1 2 
1 13 6 25 5 13 2 3 1 2 2 
9 7 25 9 1 21 1 
10 51 11 1 
1 36 23 11 1 1 
6 58 9 
1 67 5 
1 39 33 
17 16 13 17 9 1 
1 25 18 6 13 8 2 
7 61 1 2 1 1 
1 38 34 
10 20 43 
19 54 
34 14 22 2 1 
4 2 59 7 1 
34 10 15 12 2 
12 39 22 
1 40 7 21 2 1 1 
1 71 1 
21 14 32 1 4 1 
3 37 16 11 5 1 
1 50 16 6 
1 37 26 5 2 1 1 
4 34 2 25 1 5 2 
72 1 
6 65 1 1 
6 5 40 4 8 8 1 1 
35 2 13 5 3 3 3 4 2 3 
1 55 9 4 1 3 
1 58 14 
1 42 15 3 7 1 2 2 
1 38 32 1 1 
2 41 2 9 10 2 6 1 
26 45 2 
6 4 5 41 3 4 8 1 1 
11 39 15 2 5 1 
3 3 32 5 5 21 3 1 
6 2 29 35 1 
1 12 56 3 1 
7 33 29 3 1 
2 4 21 34 2 9 1 
43 9 16 1 4 
7 54 12 
1 27 45 
32 38 1 1 1 
1 63 9 
16 56 1 
69 3 1 
2 2 1 27 8 7 9 5 2 5 2 2 1 
2 71 
6 23 31 9 4 
1 25 3 20 8 12 2 1 1 
3 32 4 2 22 9 1 
1 65 5 2 
18 25 16 11 2 1 
2 37 28 3 3 
1 43 2 6 21 
1 8 13 46 1 1 1 2 
1 34 9 19 9 1 
7 22 14 15 1 11 1 1 1 
39 15 11 6 2 
15 35 11 12 
21 10 8 11 6 15 2 
1 32 7 16 10 1 5 1 
1 12 49 11 
1 31 16 16 2 2 4 1 
1 71 1 
5 12 4 11 22 10 2 5 2 
1 20 36 7 2 5 2 
2 31 40 
1 67 5 
1 10 47 1 11 3 
3 31 39 
3 8 2 47 12 1 
4 57 3 5 2 1 1 
4 68 1 
1 13 3 13 1 15 4 13 7 2 1 
4 41 23 3 2 
1 23 14 16 19 
2 55 16 
1 29 43 
34 20 14 5 
1 68 4 
3 61 5 2 1 1 
2 15 22 17 2 1 6 6 2 
1 14 40 3 10 4 1 
1 4 51 15 2 
6 30 37 
11 44 7 6 5 
2 28 37 2 4 
1 4 8 8 51 1 
1 68 2 1 1 
1 46 18 4 4 
1 35 35 1 1 
1 5 18 24 25 
15 13 14 31 
2 51 18 2 
1 24 32 5 2 8 1 
7 66 
1 57 15 
2 48 4 5 2 11 1 
1 25 11 20 7 4 2 1 1 1 
5 38 21 6 1 1 1 
55 10 3 3 2 
1 47 13 10 2 
3 30 1 6 2 10 9 2 2 2 1 5 
2 35 26 9 1 
1 9 34 6 13 8 1 1 
4 5 25 38 1 
12 15 35 11 
1 63 9 
64 2 2 3 1 1 
11 9 37 6 1 5 2 1 1 
1 46 19 6 1 
1 29 32 8 2 1 
1 31 15 5 9 10 1 1 
1 67 4 1 
63 1 5 1 3 
1 8 60 2 1 1 
1 25 1 21 22 1 1 1 
1 46 8 2 16 
27 32 12 1 1 
1 43 16 3 5 4 1 
1 49 11 8 3 1 
73 
11 15 35 2 3 4 2 1 
62 10 1 
1 3 20 4 16 9 1 15 4 
1 50 16 5 1 
1 7 38 18 8 1 
3 54 7 7 1 1 
1 60 2 4 6 
1 27 16 7 1 15 5 1 
9 14 19 9 13 9 
3 56 5 1 1 2 3 1 1 
10 7 12 18 2 3 13 5 3 
39 27 7 
73 
8 45 9 9 2 
1 69 3 
14 5 24 5 3 7 9 1 4 1 
1 69 3 
3 27 28 1 13 1 
4 3 49 17 
1 25 40 6 1 
72 1 
6 30 4 15 18 
1 19 5 39 6 3 
5 23 10 30 3 2 
1 39 29 4 
9 16 16 8 15 6 1 1 1 
1 56 12 3 1 
1 67 4 1 
8 43 2 17 1 1 1 
17 24 8 10 11 3 
3 62 2 5 1 
1 11 26 5 19 3 2 2 2 2 
36 18 17 2 
4 18 17 12 5 14 3 
3 10 26 16 13 4 1 
47 15 11 
1 57 12 3 
23 28 20 2 
2 39 19 8 4 1 
8 52 6 3 2 2 
3 25 21 7 4 11 1 1 
1 37 21 14 
1 3 45 1 17 3 3 
1 19 8 5 26 14 
2 42 20 8 1 
2 1 49 11 10 
3 60 6 1 3 
1 53 18 1 
13 41 12 5 2 
2 12 10 7 42 
3 20 6 35 6 1 2 
4 5 15 12 16 6 9 5 1 
4 30 6 20 6 4 1 2 
1 44 5 5 14 4 
73 
18 2 14 22 4 5 1 4 1 2 
1 54 5 4 2 4 2 1 
3 12 34 19 3 2 
67 6 
1 51 16 1 4 
2 34 34 2 1 
7 57 2 5 2 
2 44 27 
1 60 2 10 
2 27 32 4 4 1 3 
51 13 4 3 1 1 
3 39 4 8 13 4 1 1 
9 8 7 23 18 4 2 2 
1 65 1 1 2 1 1 1 
1 68 2 1 1 
7 45 5 1 2 2 7 1 3 
1 57 9 3 2 1 
1 24 14 6 7 1 9 8 2 1 
7 30 27 4 4 1 
1 28 41 1 1 1 
16 50 1 1 5 
36 31 4 1 1 
1 23 45 3 1 
2 56 15 
2 35 36 
1 44 18 9 1 
4 17 24 11 9 5 3 
4 16 9 7 33 2 1 1 
2 24 7 3 8 14 11 2 2 
1 65 4 3 
1 56 16 
5 59 9 
1 60 12 
11 1 11 22 8 14 2 1 1 2 
73 
1 30 26 14 2 
6 15 24 15 11 1 1 
5 68 
2 42 25 2 2 
1 13 50 2 7 
1 18 54 
11 60 1 1 
1 70 2 
3 21 21 25 3 
1 6 3 26 20 8 7 2 
2 42 12 13 1 2 1 
7 54 5 1 3 1 1 1 
1 16 24 10 5 16 1 
1 28 41 3 
17 48 8 
52 19 1 1 
1 22 35 5 5 3 1 1 
1 72 
11 29 10 18 5 
1 21 51 
19 18 3 9 2 11 1 5 3 2 
9 1 55 4 1 3 
10 57 1 1 2 2 
53 11 8 1 
2 24 12 5 30 
1 55 17 
14 5 14 30 2 3 4 1 
2 50 21 
2 55 16 
1 71 1 
1 65 5 2 
2 11 30 22 2 5 1 
2 36 9 25 1 
1 31 10 9 17 3 1 1 
20 34 10 9 
5 1 54 10 3 
1 41 27 3 1 
1 63 6 3 
35 2 2 16 2 4 3 1 4 1 3 
7 9 2 54 1 
1 16 39 3 8 6 
4 16 41 12 
8 5 21 19 1 9 10 
23 7 26 11 1 2 3 
27 36 1 4 1 3 1 
5 53 15 
1 30 30 7 5 
5 67 1 
19 54 
48 3 21 1 
12 51 10 
3 53 2 7 2 6 
57 15 1 
5 47 1 11 6 3 
15 47 9 2 
1 50 14 3 2 2 1 
1 42 5 25 
6 54 12 1 
1 31 39 2 
1 38 20 8 4 1 1 
2 37 34 
1 36 26 6 3 1 
3 37 17 4 4 6 2 
1 19 3 37 8 4 1 
3 22 16 8 4 17 3 
4 69 
71 2 
1 68 2 1 1 
5 65 3 
1 57 7 7 1 
5 27 29 7 2 3 
2 47 6 2 10 1 5 
27 14 2 7 4 5 8 4 1 1 
4 39 30 
1 3 45 20 3 1 
1 51 3 7 8 1 1 1 
3 21 3 6 31 1 1 2 5 
5 26 30 6 4 2 
1 18 34 12 5 1 1 1 
1 2 14 55 1 
45 18 10 
3 57 11 2 
1 20 52 
1 7 65 
17 15 13 18 2 4 2 2 
2 63 1 3 1 2 1 
1 3 30 20 15 3 1 
23 16 25 8 1 
73 
26 11 21 8 3 2 2 
1 36 22 6 2 6 
1 56 15 1 
2 66 4 1 
2 6 29 4 24 1 5 1 1 
1 63 1 8 
1 11 27 11 1 5 8 4 5 
1 26 46 
9 38 16 10 
1 6 39 19 6 2 
3 12 39 16 3 
1 59 6 2 1 2 2 
27 41 5 
31 28 11 3 
2 51 7 1 10 1 1 
60 3 9 1 
4 4 36 9 6 1 5 2 6 
54 1 16 2 
1 71 1 
5 22 33 3 5 1 4 
38 30 4 1 
8 24 25 8 5 3 
1 33 33 6 
7 39 14 2 5 6 
8 25 18 10 9 3 
3 26 43 1 
7 21 44 1 
43 5 22 1 1 1 
25 33 3 4 3 3 2 
9 9 41 10 3 1 
23 45 5 
1 33 11 4 15 7 1 1 
21 34 14 2 2 
2 1 15 33 5 11 5 1 
3 9 22 9 30 
1 19 10 1 30 7 1 3 1 
33 4 36 
1 33 15 10 11 2 1 
64 8 1 
9 37 3 2 1 8 4 2 1 1 5 
4 24 6 30 9 
5 16 17 17 17 1 
33 16 20 4 
1 51 20 1 
1 53 8 1 9 1 
1 19 28 12 3 9 1 
1 18 5 23 12 10 4 
35 8 19 10 1 
2 35 26 6 4 
1 52 2 2 2 6 8 
1 7 43 14 5 1 2 
73 
8 64 1 
1 58 9 3 1 1 
2 30 41 
9 19 45 
70 1 2 
27 44 2 
1 38 4 12 18 
3 27 43 
2 14 26 11 19 1 
2 26 45 
8 2 20 41 2 
2 14 33 6 15 2 1 
11 62 
37 31 2 3 
43 15 12 3 
3 26 34 8 1 1 
2 38 23 4 2 1 3 
2 67 2 2 
4 14 51 3 1 
73 
1 28 20 22 2 
1 48 21 2 1 
1 43 19 8 2 
1 69 1 2 
31 29 2 9 2 
11 61 1 
2 63 7 1 
51 13 5 2 1 1 
6 36 6 12 8 3 2 
6 46 19 1 1 
2 33 2 34 2 
69 1 1 1 1 
3 43 27 
3 36 24 9 1 
4 53 5 11 
13 7 19 12 2 8 9 1 1 1 
1 11 33 8 15 5 
1 33 20 1 8 2 6 2 
4 36 30 1 2 
3 59 11 
1 19 21 11 21 
7 59 2 5 
2 7 7 2 50 1 4 
2 57 8 3 1 1 1 
22 41 6 3 1 
1 60 11 1 
1 60 10 1 1 
1 70 2 
2 60 6 5 
1 40 10 12 3 4 3 
1 46 26 
1 52 19 1 
1 61 10 1 
1 25 47 
1 2 5 23 41 1 
9 38 16 8 2 
1 22 22 10 10 5 2 1 
2 28 4 39 
69 4 
3 5 35 17 3 3 2 1 2 2 
1 59 11 2 
1 66 4 2 
9 58 4 1 1 
1 42 15 15 
58 12 3 
5 34 23 9 1 1 
29 40 4 
3 34 35 1 
1 44 1 20 2 3 2 
2 66 1 4 
1 31 34 7 
2 56 11 1 2 1 
7 40 10 11 4 1 
1 33 39 
17 20 10 13 13 
1 64 4 1 1 1 1 
2 53 8 4 6 
1 43 14 12 1 1 1 
25 30 11 7 
21 18 5 24 1 2 1 1 
1 54 8 8 1 1 
2 46 5 4 8 3 1 2 1 1 
38 5 8 4 5 3 4 6 
4 33 10 5 11 1 7 2 
1 62 5 1 3 1 
1 59 11 2 
24 22 14 12 1 
2 9 49 1 12 
2 1 51 5 14 
3 58 1 2 9 
15 17 39 2 
4 40 28 1 
1 55 15 1 1 
4 25 28 2 10 4 
70 2 1 
2 40 23 2 1 1 3 1 
1 50 3 13 6 
1 14 52 1 5 
1 52 8 5 7 
1 48 5 7 11 1 
1 12 21 12 26 1 
1 46 14 3 6 3 
4 27 23 10 2 4 1 2 
5 10 36 16 6 
4 55 11 1 1 1 
6 1 51 7 1 2 5 
1 66 2 1 2 1 
1 3 44 11 5 5 4 
14 46 13 
1 45 22 2 3 
2 70 1 
1 21 28 16 7 
10 38 24 1 
6 30 1 21 5 3 2 2 2 1 
2 36 18 1 3 3 1 2 2 1 2 2 
2 42 12 9 1 5 1 1 
11 42 18 1 1 
66 3 2 1 1 
1 29 25 9 7 1 1 
6 31 33 2 1 
72 1 
21 50 2 
34 25 5 5 4 
1 25 29 7 5 1 3 2 
2 30 25 6 1 1 2 1 1 3 1 
11 26 36 
34 31 6 1 1 
1 39 19 9 1 3 1 
1 23 30 14 2 2 1 
35 35 1 2 
1 48 24 
2 53 13 2 1 2 
1 17 45 8 1 1 
3 50 6 11 2 1 
15 37 21 
1 71 1 
6 28 28 4 4 1 1 1 
32 6 6 12 17 
58 4 8 2 1 
2 61 4 3 2 1 
1 25 16 28 1 1 1 
1 7 65 
72 1 
1 25 9 4 9 15 6 3 1 
8 52 1 6 6 
1 65 4 1 2 
7 21 14 22 7 2 
3 35 15 4 2 3 1 3 1 2 4 
58 3 11 1 
1 23 36 4 9 
1 71 1 
2 44 2 24 1 
1 5 9 44 12 2 
35 36 1 1 
4 13 35 19 1 1 
11 26 16 3 7 9 1 
57 13 1 1 1 
13 33 1 23 1 1 1 
2 8 34 20 2 3 3 1 
4 28 23 18 
2 60 2 6 1 2 
1 70 2 
1 16 52 2 1 1 
1 64 3 2 2 1 
1 8 62 2 
11 3 8 28 17 4 2 
3 20 15 31 1 1 2 
1 58 12 2 
17 15 41 
64 8 1 
4 21 17 15 16 
60 6 7 
2 38 28 5 
1 6 52 11 2 1 
2 15 13 31 2 9 1 
1 59 13 
1 46 7 3 3 2 4 3 2 1 1 
1 68 4 
17 43 8 2 2 1 
12 5 21 30 2 2 1 
1 5 13 44 3 6 1 
1 62 7 2 1 
2 47 11 4 4 4 1 
1 69 3 
18 54 1 
6 54 7 4 2 
9 63 1 
1 44 26 2 
1 44 26 1 1 
12 54 7 
2 57 11 1 2 
2 10 47 9 4 1 
17 54 2 
12 52 7 1 1 
8 16 46 1 1 1 
50 11 9 2 1 
4 65 1 3 
2 34 11 26 
3 66 4 
1 51 20 1 
1 7 16 36 7 2 2 1 1 
19 32 3 18 1 
1 3 4 17 5 23 11 7 2 
5 12 6 26 17 6 1 
1 51 11 10 
22 19 4 24 3 1 
24 23 13 13 
1 54 11 1 1 2 3 
3 45 15 5 4 1 
1 12 44 8 2 2 4 
1 61 8 2 1 
4 43 8 5 1 11 1 
61 12 
13 23 24 11 2 
17 27 19 2 3 3 1 1 
50 19 4 
1 17 22 24 4 3 1 1 
2 68 3 
69 1 3 
1 5 25 5 21 2 7 6 1 
1 26 36 2 2 1 3 2 
1 65 5 1 1 
2 51 1 8 1 6 3 1 
8 49 4 1 5 2 4 
1 23 7 1 1 21 6 8 4 1 
65 7 1 
13 16 34 2 2 4 2 
10 56 5 2 
1 64 7 1 
4 52 1 4 11 1 
1 69 2 1 
1 70 1 1 
4 37 32 
59 10 2 2 
3 54 7 8 1 
5 24 44 
13 17 30 3 2 8 
5 39 21 1 7 
4 40 20 6 2 1 
1 33 32 1 3 3 
2 46 7 7 10 1 
1 56 10 5 1 
15 32 26 
1 52 6 11 3 
1 9 8 37 2 7 5 4 
2 28 3 12 24 1 1 2 
1 14 32 15 5 2 4 
6 55 1 3 3 4 1 
69 4 
1 45 27 
2 26 28 8 9 
1 62 10 
6 46 3 8 1 3 2 1 3 
27 36 10 
1 7 52 7 2 1 2 1 
4 5 28 21 13 2 
1 43 24 4 1 
1 20 25 22 2 3 
37 34 2 
52 12 7 1 1 
1 47 25 
1 63 4 5 
1 52 14 3 3 
1 39 18 4 4 1 2 4 
3 69 1 
11 9 53 
4 60 1 2 6 
8 36 25 4 
1 12 50 4 1 5 
1 5 17 12 6 26 5 1 
13 1 55 4 
4 33 9 19 3 2 2 1 
1 70 2 
3 51 19 
3 67 2 1 
2 60 5 6 
3 32 21 7 8 1 1 
1 1 58 1 6 5 1 
72 1 
2 42 13 4 6 4 2 
2 9 16 39 5 1 1 
2 19 47 3 2 
6 42 24 1 
1 62 8 1 1 
73 
3 16 23 18 9 1 1 2 
5 23 30 8 7 
3 23 19 4 21 2 1 
1 46 20 2 1 3 
1 35 1 27 5 2 1 1 
1 25 46 1 
16 31 10 12 3 1 
1 44 17 4 1 5 1 
1 35 15 21 1 
1 71 1 
3 19 22 16 8 5 
67 1 1 2 2 
65 2 5 1 
1 27 24 7 11 1 2 
1 44 13 5 2 5 3 
3 40 6 17 1 4 1 1 
2 53 9 2 6 1 
55 7 10 1 
65 4 1 1 1 1 
8 8 44 8 5 
2 46 1 7 17 
1 50 11 1 4 4 1 1 
1 3 49 4 13 2 1 
36 16 3 8 10 
1 19 34 10 1 7 1 
1 9 30 29 4 
1 62 10 
1 42 23 4 3 
72 1 
3 9 37 13 10 1 
22 36 5 2 5 3 
73 
1 14 27 14 5 8 2 2 
40 24 8 1 
1 47 22 3 
2 58 2 3 4 2 2 
23 28 17 2 1 2 
4 22 17 4 10 8 7 1 
5 19 15 3 15 12 2 1 1 
2 40 28 3 
9 55 8 1 
1 2 68 2 
1 36 2 20 8 5 1 
61 1 2 3 4 1 1 
2 15 52 1 1 2 
2 61 10 
1 15 28 6 2 9 1 11 
7 14 14 12 20 3 3 
10 44 17 1 1 
22 27 19 1 3 1 
3 61 5 3 1 
1 23 8 22 4 15 
1 4 57 5 6 
1 44 28 
1 70 1 1 
12 8 19 34 
12 16 18 23 4 
38 30 5 
64 9 
1 56 16 
3 48 15 1 4 2 
1 53 18 1 
5 7 42 5 2 2 4 1 1 2 2 
2 26 38 6 1 
14 48 9 2 
8 5 35 4 6 15 
1 5 24 10 13 19 1 
7 10 42 11 1 1 1 
3 50 14 3 3 
1 65 7 
7 20 46 
7 1 55 3 7 
1 25 43 4 
64 1 2 5 1 
7 9 25 20 9 2 1 
1 13 6 46 6 1 
53 14 1 5 
73 
47 16 10 
1 34 23 9 4 2 
1 30 25 17 
2 24 33 8 2 3 1 
28 19 4 14 4 1 1 1 1 
1 24 2 30 6 7 3 
1 7 21 30 3 11 
9 53 8 3 
14 37 20 2 
1 54 17 1 
5 5 61 2 
1 67 5 
15 13 34 4 6 1 
7 54 12 
1 26 18 25 3 
5 63 5 
1 61 5 3 3 
1 3 42 15 3 3 3 2 1 
71 1 1 
1 10 4 52 6 
6 31 31 4 1 
1 1 10 48 10 3 
8 5 4 34 11 2 6 2 1 
1 5 47 14 3 1 1 1 
14 1 26 11 7 5 7 2 
5 2 11 29 6 7 6 1 6 
1 42 19 11 
46 4 3 10 2 1 2 3 1 1 
2 39 7 19 3 2 1 
6 59 5 1 2 
1 43 25 4 
1 60 12 
2 68 2 1 
1 57 1 6 3 5 
2 28 1 9 23 4 1 3 2 
10 3 34 1 5 19 1 
1 57 11 2 1 1 
67 6 
2 15 37 18 1 
40 1 23 7 2 
1 50 16 6 
9 29 10 12 10 2 1 
2 39 26 3 1 1 1 
1 48 11 7 3 1 2 
2 28 39 3 1 
2 45 26 
1 51 16 5 
10 43 20 
1 67 5 
1 70 2 
28 24 9 12 
3 6 40 5 18 1 
2 42 25 3 1 
1 45 21 4 1 1 
1 32 39 1 
2 15 5 4 30 6 6 4 1 
1 11 16 30 5 8 2 
1 16 13 24 5 10 3 1 
1 17 12 11 6 6 16 2 2 
2 71 
4 6 31 17 11 4 
1 29 21 1 9 11 1 
2 53 4 12 2 
19 3 39 4 2 4 1 1 
6 42 4 7 14 
3 44 20 5 1 
1 62 7 2 1 
1 64 6 2 
71 1 1 
3 67 1 2 
1 32 12 5 23 
3 70 
9 42 21 1 
1 27 37 5 1 2 
64 4 5 
10 60 3 
40 27 6 
3 38 17 3 12 
11 26 19 1 1 9 4 2 
1 50 10 10 1 1 
1 2 30 12 2 26 
73 
1 23 29 2 14 3 1 
2 58 5 3 4 1 
1 4 33 18 17 
1 42 26 3 1 
73 
65 5 1 1 1 
73 
26 40 3 3 1 
2 30 16 5 6 4 1 1 3 5 
1 27 39 3 2 1 
10 28 31 4 
1 5 60 3 1 3 
2 49 10 10 2 
7 25 14 3 11 6 1 6 
12 36 7 3 1 6 7 1 
73 
5 54 11 1 1 1 
1 4 15 23 20 1 7 2 
2 38 15 5 5 1 2 4 1 
7 51 9 6 
67 6 
1 27 11 34 
2 63 1 7 
1 20 40 12 
2 17 51 1 1 1 
1 54 5 1 5 1 4 1 1 
2 26 26 5 6 3 1 1 2 1 
5 16 16 13 23 
1 19 42 4 6 1 
1 47 14 7 2 2 
1 61 2 8 1 
2 22 36 9 1 2 1 
1 13 17 37 1 1 1 1 1 
1 35 31 2 4 
64 9 
1 41 2 13 13 3 
4 10 23 11 13 11 1 
9 41 23 
1 56 16 
20 20 2 14 4 3 5 4 1 
1 48 3 12 4 4 1 
10 28 10 10 2 6 1 5 1 
1 53 9 8 1 1 
1 46 26 
1 48 16 6 1 1 
1 46 22 1 2 1 
68 2 2 1 
1 62 3 1 1 1 3 1 
1 59 13 
1 22 30 16 2 1 1 
1 38 23 2 8 1 
6 27 21 7 12 
1 3 10 10 9 18 15 5 1 1 
1 65 7 
5 68 
2 56 13 2 
1 56 15 1 
3 25 1 10 10 5 13 2 2 2 
67 2 1 1 1 1 
3 40 15 8 6 1 
1 19 5 14 11 8 11 4 
1 20 6 13 14 3 7 3 1 4 1 
3 12 46 2 4 2 2 2 
3 8 20 10 2 24 3 1 2 
55 14 4 
2 32 25 6 6 2 
11 3 1 35 5 3 12 1 2 
30 12 18 3 4 4 1 1 
2 28 42 1 
1 56 1 10 3 2 
3 26 41 3 
1 7 28 17 1 17 2 
1 61 8 3 
1 21 30 2 16 1 2 
18 44 9 1 1 
67 5 1 
1 50 19 3 
1 62 10 
1 68 2 2 
1 64 1 4 2 1 
1 53 3 8 3 3 1 1 
3 43 16 7 2 1 1 
1 37 28 5 2 
1 3 4 57 1 4 2 1 
1 46 10 15 1 
2 45 7 17 1 1 
19 22 21 9 2 
1 24 2 35 3 1 2 1 2 2 
3 19 50 1 
2 8 52 7 2 2 
1 68 4 
1 36 32 1 2 1 
1 32 39 1 
4 53 8 6 2 
1 5 38 8 18 1 2 
49 11 2 6 3 2 
1 67 3 2 
1 11 29 5 6 9 12 
4 36 6 3 18 5 1 
1 67 4 1 
1 10 30 13 1 12 3 2 1 
7 23 43 
1 40 4 2 22 2 2 
1 9 38 13 2 9 1 
1 69 2 1 
3 10 13 44 2 1 
5 56 3 5 2 2 
42 7 21 1 2 
16 12 26 2 14 3 
1 28 37 2 1 3 1 
2 64 4 1 2 
4 66 3 
2 10 42 18 1 
72 1 
4 50 19 
2 32 26 7 1 3 1 1 
1 42 25 2 1 1 1 
7 40 20 3 2 1 
3 26 30 14 
1 34 30 8 
30 30 1 12 
38 30 1 4 
1 7 64 1 
11 42 13 2 3 1 1 
6 62 4 1 
3 50 20 
60 5 1 7 
4 4 33 30 2 
2 38 14 12 3 1 3 
1 60 10 2 
11 39 18 5 
1 48 18 1 4 1 
5 20 30 11 7 
2 7 43 14 1 5 1 
5 29 20 8 5 5 1 
1 22 21 20 8 1 
73 
1 26 12 34 
1 56 15 1 
7 34 13 5 2 5 6 1 
23 27 9 5 6 1 2 
1 28 36 1 3 1 1 2 
1 59 6 5 2 
2 57 6 3 5 
1 5 65 1 1 
24 44 2 2 1 
31 4 37 1 
1 22 5 28 15 2 
2 2 37 21 4 5 2 
2 67 4 
10 58 4 1 
1 71 1 
2 27 37 3 2 1 1 
4 3 16 32 1 16 1 
6 13 41 7 5 1 
1 31 22 12 4 1 2 
2 70 1 
2 66 5 
1 52 1 2 6 11 
4 40 1 10 8 10 
3 22 21 14 13 
1 1 64 1 6 
5 14 43 4 5 1 1 
2 68 3 
25 12 6 18 12 
10 50 2 3 8 
3 13 24 2 31 
1 50 22 
1 27 43 2 
1 59 13 
17 27 29 
2 61 3 4 2 1 
2 21 8 3 13 14 7 4 1 
1 46 26 
61 8 1 2 1 
1 51 14 7 
2 53 3 5 1 8 1 
1 18 28 4 11 4 2 3 1 1 
17 48 4 2 2 
1 12 37 3 2 6 4 3 1 1 3 
2 2 47 6 12 4 
73 
1 4 29 35 1 1 2 
4 10 4 54 1 
45 11 4 5 8 
12 43 8 9 1 
1 49 4 10 7 2 
6 22 4 19 8 2 10 2 
1 12 35 10 3 3 9 
1 14 3 23 20 8 3 1 
4 67 2 
27 46 
1 33 12 22 5 
3 40 10 19 1 
1 56 5 11 
1 14 34 12 10 1 1 
1 56 2 11 2 1 
1 27 45 
72 1 
3 45 9 6 9 1 
1 56 13 1 2 
3 63 5 2 
1 64 6 1 1 
1 66 5 1 
8 60 1 1 1 2 
61 1 4 5 1 1 
1 53 12 3 4 
1 49 1 14 5 1 2 
3 62 8 
1 70 1 1 
1 70 1 1 
1 18 17 24 8 5 
3 4 12 5 9 32 1 2 2 1 2 
1 51 15 3 3 
1 63 6 3 
1 68 4 
6 50 9 2 2 4 
22 8 13 13 2 5 2 2 6 
1 65 7 
8 33 19 1 3 1 6 1 1 
2 8 55 5 2 1 
10 7 49 4 2 1 
4 13 40 2 5 9 
1 18 47 4 2 1 
23 21 4 5 19 1 
1 46 19 5 1 1 
4 45 21 3 
53 15 4 1 
30 27 1 7 7 1 
1 33 31 4 3 1 
2 57 13 1 
8 11 19 13 1 14 3 2 1 1 
48 9 9 2 5 
4 68 1 
5 55 2 7 4 
6 56 10 1 
13 58 1 1 
22 27 8 9 6 1 
1 7 64 1 
1 3 42 22 5 
22 6 15 13 5 12 
9 32 25 3 4 
1 62 3 2 5 
1 66 6 
1 5 37 20 6 2 2 
1 20 15 6 21 1 1 4 2 1 1 
2 25 2 13 21 10 
20 43 10 
1 27 41 3 1 
73 
7 27 25 3 4 5 1 1 
18 23 7 2 17 6 
4 52 17 
7 3 26 6 29 2 
3 27 41 2 
1 71 1 
56 17 
2 28 38 5 
1 64 4 1 1 1 1 
1 11 9 12 34 4 2 
22 31 1 14 5 
1 22 8 17 21 1 2 1 
15 40 18 
2 13 10 11 12 21 1 2 1 
69 3 1 
1 35 8 23 6 
8 61 3 1 
2 71 
8 37 28 
1 21 51 
1 41 30 1 
4 29 2 31 5 1 1 
3 66 1 1 2 
3 70 
1 41 2 20 3 3 3 
2 45 26 
1 39 9 8 14 2 
34 26 7 3 3 
1 27 6 15 17 3 1 1 2 
1 67 4 1 
1 48 16 7 1 
6 67 
1 18 19 23 12 
1 44 12 8 3 3 1 1 
8 63 2 
1 24 48 
63 4 5 1 
3 32 9 11 5 1 2 4 5 1 
1 43 25 2 2 
7 31 14 20 1 
1 22 5 7 1 32 3 2 
1 47 10 4 11 
1 57 4 7 3 1 
8 2 63 
3 37 28 4 1 
24 46 3 
12 24 24 12 1 
2 71 
1 16 50 2 1 2 1 
1 3 52 13 1 3 
36 8 5 22 1 1 
2 17 44 4 2 4 
1 53 16 3 
1 49 19 2 1 1 
1 24 34 10 4 
1 50 6 14 2 
3 51 19 
4 20 5 19 18 6 1 
2 45 19 4 2 1 
5 3 23 35 2 5 
1 11 24 37 
1 72 
46 14 1 6 4 1 1 
3 44 12 9 1 1 3 
72 1 
1 1 4 13 9 16 12 13 1 2 1 
1 49 17 3 3 
3 34 36 
8 1 29 2 1 12 4 11 4 1 
3 28 23 2 12 2 1 1 1 
1 5 11 36 13 2 5 
69 3 1 
62 8 1 2 
1 36 1 27 1 7 
4 47 22 
1 26 25 2 1 14 3 1 
1 25 33 13 1 
14 8 29 22 
3 61 2 5 1 1 
1 49 10 9 4 
2 18 45 5 2 1 
4 32 2 20 2 10 1 2 
6 10 7 41 5 4 
2 9 23 27 9 2 1 
2 38 18 7 5 1 1 1 
11 2 16 17 10 17 
10 13 35 3 6 3 3 
71 2 
2 7 27 33 1 1 2 
5 51 8 9 
1 22 41 1 8 
2 63 1 1 1 2 2 1 
7 10 12 28 16 
1 59 13 
60 4 8 1 
1 60 12 
11 24 34 1 1 2 
66 7 
9 23 39 2 
1 55 13 4 
1 53 17 2 
1 68 1 2 1 
1 53 2 16 1 
15 27 6 2 12 3 8 
1 11 2 5 30 13 8 3 
73 
23 45 1 3 1 
2 50 2 12 6 1 
24 27 4 17 1 
1 31 23 3 10 3 2 
8 35 13 2 9 6 
1 38 32 2 
1 26 5 40 1 
1 29 43 
1 57 5 6 4 
73 
3 50 5 3 3 2 7 
4 47 20 2 
1 69 3 
1 70 1 1 
2 7 56 8 
3 70 
3 48 8 5 6 2 1 
4 19 17 20 9 4 
10 21 33 2 7 
3 57 7 5 1 
1 58 14 
1 38 24 3 3 1 3 
1 2 27 20 3 9 5 3 2 1 
2 30 33 6 2 
25 43 5 
9 24 24 5 7 1 2 1 
1 36 9 4 7 11 4 1 
40 10 11 8 3 1 
2 59 10 1 1 
2 4 54 11 2 
26 32 15 
61 4 7 1 
73 
73 
13 48 8 4 
14 12 36 3 2 4 2 
2 22 24 7 16 2 
70 1 2 
1 33 20 12 2 4 1 
1 2 69 1 
1 47 2 4 1 7 3 2 1 4 1 
1 59 9 3 1 
1 13 36 12 2 4 2 1 2 
3 59 7 4 
62 5 1 1 4 
1 2 46 18 6 
9 47 17 
1 39 32 1 
3 61 1 6 2 
1 35 35 1 1 
3 23 15 20 7 3 2 
1 13 44 10 3 2 
1 37 32 2 1 
1 11 10 2 22 24 2 1 
2 21 13 16 15 1 5 
1 61 7 3 1 
51 17 3 2 
1 1 4 26 34 1 4 1 1 
3 51 4 13 1 1 
4 57 8 3 1 
1 48 21 2 1 
1 41 8 3 19 1 
2 34 23 1 1 9 3 
56 11 4 2 
1 64 7 1 
2 28 15 7 9 11 1 
2 43 6 14 8 
4 62 7 
1 3 62 2 2 2 1 
1 15 27 10 14 2 4 
1 20 23 23 4 1 1 
20 31 3 6 6 5 1 1 
3 17 9 23 1 17 1 2 
35 25 10 2 1 
2 34 35 1 1 
1 70 1 1 
1 11 31 4 26 
1 52 14 5 1 
17 20 12 6 5 11 1 1 
5 33 4 29 1 1 
2 20 14 35 2 
1 18 4 3 5 1 10 9 2 5 11 1 2 1 
23 35 12 3 
2 41 30 
1 52 6 7 2 5 
2 8 33 29 1 
34 35 1 1 2 
2 15 41 6 5 1 2 1 
1 8 19 38 7 
10 9 8 3 21 2 6 12 2 
1 44 20 8 
6 29 23 12 3 
2 48 5 18 
2 44 26 1 
56 3 6 2 4 1 1 
1 41 5 20 4 2 
67 2 4 
52 10 1 8 1 1 
1 51 21 
15 20 38 
54 18 1 
1 44 15 5 8 
2 34 37 
3 6 47 4 2 5 4 2 
3 64 3 3 
25 29 10 1 3 5 
1 53 18 1 
18 3 30 20 1 1 
1 57 1 14 
1 49 23 
3 49 3 15 1 1 1 
49 2 1 9 6 3 3 
1 45 8 18 1 
33 20 20 
1 33 20 18 1 
1 67 5 
1 56 4 7 5 
3 63 1 6 
2 26 23 7 5 10 
1 19 32 5 5 2 2 5 2 
8 20 16 7 5 1 16 
42 3 1 19 3 5 
2 29 19 7 13 1 1 1 
14 50 9 
1 37 33 2 
10 62 1 
2 42 18 1 5 2 3 
11 26 36 
2 22 24 1 11 5 8 
54 11 8 
3 44 17 8 1 
4 28 14 9 2 9 6 1 
1 6 13 19 24 2 7 1 
38 12 23 
2 34 37 
73 
1 13 43 1 12 1 1 1 
5 59 2 2 1 4 
13 17 12 14 5 9 3 
73 
1 35 37 
2 14 34 2 15 1 5 
2 41 21 4 4 1 
47 1 9 12 4 
7 32 6 10 8 5 3 1 1 
3 33 33 1 3 
5 9 57 2 
1 16 41 4 1 7 3 
1 13 3 26 4 25 1 
2 56 12 1 2 
1 38 8 14 2 5 2 3 
1 50 7 13 1 1 
1 64 4 2 2 
1 39 32 1 
2 33 33 5 
6 25 19 9 6 4 4 
3 1 60 4 3 1 1 
1 68 4 
2 25 1 25 4 1 12 2 1 
1 42 29 1 
1 64 6 1 1 
1 38 33 1 
4 23 2 22 1 18 3 
8 47 17 1 
6 5 9 21 16 1 6 7 2 
5 29 6 18 15 
2 2 51 5 11 1 1 
1 2 14 50 2 3 1 
7 34 26 2 2 1 1 
66 4 1 2 
1 44 5 7 5 10 1 
5 42 26 
1 20 52 
7 37 29 
1 25 5 23 7 6 1 2 1 1 1 
11 54 5 2 1 
70 3 
1 71 1 
3 45 25 
51 17 5 
67 2 4 
1 59 7 4 1 1 
1 44 19 4 5 
1 17 44 9 2 
1 39 2 2 7 10 6 3 3 
1 56 16 
1 4 17 2 12 8 1 1 8 7 8 2 2 
22 13 31 7 
6 58 1 7 1 
9 38 19 4 1 1 1 
1 20 15 20 8 2 2 1 2 1 1 
1 34 27 1 2 6 2 
28 23 11 6 4 1 
1 70 1 1 
30 18 18 2 5 
2 71 
1 36 35 1 
70 1 2 
5 53 7 8 
4 53 3 11 1 1 
5 65 3 
2 42 29 
56 10 7 
1 18 2 14 33 3 1 1 
21 35 17 
3 63 7 
2 64 4 1 2 
4 5 23 11 30 
3 19 12 23 12 2 1 1 
10 58 5 
9 41 11 8 2 1 1 
2 23 33 10 1 4 
3 5 52 9 4 
1 70 2 
1 61 8 2 1 
35 32 5 1 
1 25 34 11 1 1 
73 
1 26 26 9 11 
3 48 14 6 1 1 
6 66 1 
2 17 30 21 3 
4 10 24 13 7 1 5 7 2 
1 10 51 2 1 8 
1 54 16 1 1 
1 37 17 17 1 
1 70 1 1 
23 13 27 10 
2 27 13 27 1 1 2 
49 22 2 
8 55 3 4 1 1 1 
38 29 4 1 1 
5 61 1 3 1 2 
2 52 7 12 
2 54 15 2 
1 41 31 
18 16 33 1 3 1 1 
1 66 6 
1 25 28 2 1 2 5 7 2 
3 15 40 14 1 
17 14 8 28 1 5 
3 69 1 
1 45 25 2 
1 53 18 1 
1 68 4 
6 37 18 1 6 5 
25 46 2 
73 
2 47 4 6 6 2 4 2 
23 35 3 11 1 
20 29 10 7 2 1 1 1 2 
1 42 13 10 2 3 1 1 
35 4 25 8 1 
70 1 2 
1 61 4 7 
2 46 25 
1 42 14 7 2 7 
2 71 
6 55 8 4 
1 35 28 4 3 1 1 
1 36 35 1 
46 18 6 3 
48 16 7 1 1 
2 50 21 
3 70 
1 2 14 19 33 3 1 
10 62 1 
2 33 11 19 5 2 1 
17 5 5 28 2 11 5 
18 51 2 1 1 
1 59 3 1 8 1 
1 38 24 3 2 5 
1 16 30 16 10 
1 24 38 10 
1 4 34 15 4 5 2 5 3 
1 56 4 1 1 5 4 1 
72 1 
16 31 25 1 
3 53 3 2 9 1 1 1 
1 27 10 5 26 3 1 
1 40 24 4 1 1 1 1 
1 66 4 1 1 
1 1 31 5 10 2 2 21 
1 20 3 5 27 4 6 7 
1 25 2 43 2 
1 28 3 40 1 
2 48 22 1 
16 9 2 10 32 2 2 
4 21 31 10 7 
3 21 26 13 10 
2 54 9 1 1 1 3 1 1 
23 28 2 20 
5 51 6 5 4 1 1 
1 51 11 10 
1 6 59 3 3 1 
1 27 19 24 1 1 
26 15 9 16 5 2 
30 16 8 10 1 2 1 4 1 
2 69 1 1 
1 35 13 23 1 
15 49 9 
1 39 30 2 1 
1 25 36 3 3 1 3 1 
1 39 14 11 2 5 1 
3 42 15 8 4 1 
3 70 
1 63 5 1 2 1 
1 6 17 45 1 1 1 1 
2 18 48 2 3 
1 8 17 26 1 6 7 1 6 
3 36 21 12 1 
4 69 
2 62 8 1 
7 6 55 3 1 1 
3 46 9 9 4 1 1 
3 43 8 1 2 11 1 2 2 
4 49 5 6 2 7 
61 10 2 
3 12 29 8 4 8 1 6 2 
4 9 21 26 5 3 4 1 
30 8 2 8 5 10 9 1 
1 51 11 6 4 
1 14 48 3 3 3 1 
1 36 19 1 11 5 
4 28 30 8 3 
24 19 12 12 2 1 2 1 
7 37 22 6 1 
3 9 18 21 21 1 
3 70 
1 38 1 10 5 1 5 1 7 4 
1 28 38 5 1 
54 15 2 2 
2 5 44 11 4 5 2 
14 15 27 12 5 
57 8 5 3 
2 54 17 
2 61 5 2 1 2 
22 49 1 1 
8 22 42 1 
1 56 3 8 5 
2 32 29 10 
4 4 50 10 4 1 
2 5 3 2 3 6 8 25 1 5 4 4 1 3 1 
2 1 49 8 12 1 
1 62 6 3 1 
2 9 39 20 1 1 1 
3 14 8 29 9 10 
9 24 40 
1 45 3 19 3 1 1 
2 1 56 14 
3 39 17 14 
6 28 32 5 2 
2 33 37 1 
7 55 7 4 
2 17 23 15 16 
4 9 6 38 2 4 7 2 1 
3 15 51 4 
1 69 1 2 
32 21 20 
61 8 1 3 
42 2 15 14 
28 41 2 2 
71 1 1 
2 8 8 15 37 2 1 
12 46 1 9 1 1 1 2 
8 54 4 1 3 3 
4 41 24 2 2 
62 5 1 3 2 
53 8 6 3 1 2 
56 16 1 
1 5 20 18 22 5 1 1 
1 13 21 24 14 
1 8 7 10 10 11 11 5 3 4 3 
2 71 
1 64 2 3 3 
2 56 5 8 2 
46 23 4 
1 67 5 
66 4 3 
29 16 1 26 1 
23 21 3 15 7 4 
1 23 28 19 1 1 
11 11 13 31 5 2 
2 45 26 
14 55 3 1 
46 10 11 6 
2 59 11 1 
2 61 2 3 2 2 1 
1 71 1 
1 10 51 1 4 2 4 
28 30 6 4 5 
2 21 9 27 13 1 
73 
1 57 15 
61 11 1 
8 25 24 2 9 1 1 1 2 
1 32 1 3 2 31 1 1 1 
1 14 21 29 5 3 
4 27 31 8 1 2 
4 38 2 27 1 1 
1 40 31 1 
1 34 38 
6 34 29 3 1 
15 29 7 4 1 8 8 1 
58 8 4 2 1 
2 67 1 2 1 
2 46 14 2 5 2 1 1 
1 21 48 1 2 
3 61 1 3 4 1 
1 14 23 29 4 1 1 
1 45 3 14 6 2 1 1 
23 29 13 6 2 
47 16 10 
73 
2 24 21 20 6 
24 8 41 
40 27 1 4 1 
1 52 11 3 1 2 3 
19 13 23 9 5 2 1 1 
47 3 15 4 3 1 
2 47 24 
2 20 39 9 2 1 
1 3 45 12 5 7 
9 46 9 2 4 1 2 
1 50 15 3 1 3 
28 15 25 2 3 
12 31 30 
3 20 50 
4 35 29 2 1 1 1 
1 68 4 
10 55 4 2 1 1 
67 2 2 1 1 
18 29 26 
2 60 3 1 4 2 1 
1 52 3 15 2 
1 34 12 11 5 3 2 5 
3 25 15 10 1 14 2 3 
1 67 4 1 
6 44 12 11 
1 29 14 2 5 15 3 2 2 
8 16 34 4 10 1 
1 10 34 5 4 16 2 1 
10 63 
1 32 3 22 12 1 1 1 
3 49 2 14 4 1 
12 9 9 23 17 3 
1 45 24 1 1 1 
1 39 25 3 2 1 2 
1 27 31 13 1 
10 36 21 4 1 1 
3 38 7 14 10 1 
1 53 7 12 
3 60 6 3 1 
18 35 17 3 
3 60 8 1 1 
1 61 6 2 3 
7 41 5 1 17 1 1 
1 51 12 9 
13 57 2 1 
1 47 4 11 2 5 3 
66 7 
13 24 20 9 7 
1 28 3 14 12 6 8 1 
2 66 5 
3 37 15 8 7 1 2 
3 39 12 1 1 5 9 3 
1 48 17 1 4 2 
2 61 10 
1 60 6 6 
2 5 46 14 1 2 3 
71 1 1 
2 48 23 
15 50 6 1 1 
17 48 1 3 2 2 
1 40 18 4 10 
2 3 21 3 40 2 1 1 
1 67 4 1 
1 67 3 2 
1 14 50 1 7 
2 11 16 28 4 6 3 1 2 
73 
19 37 12 1 4 
5 9 31 4 4 11 6 1 1 1 
1 35 18 7 11 1 
3 40 30 
1 20 31 8 3 3 3 2 2 
5 44 20 1 1 2 
4 39 24 2 2 2 
1 31 41 
2 43 24 2 2 
1 59 13 
3 41 6 1 15 7 
1 9 11 15 13 3 4 4 4 7 1 1 
1 32 16 24 
5 16 50 2 
1 64 3 1 1 1 2 
4 29 6 13 5 1 1 11 3 
1 72 
1 15 18 38 1 
1 50 3 18 1 
3 46 24 
2 24 4 30 3 4 6 
1 18 1 34 13 6 
66 4 3 
2 5 45 2 1 18 
30 30 6 2 5 
1 25 20 10 11 6 
5 57 8 1 1 1 
1 46 20 5 1 
8 26 25 10 1 1 2 
3 65 3 1 1 
7 62 1 2 1 
4 23 8 22 6 3 6 1 
3 2 18 13 4 6 19 2 1 3 2 
12 8 20 15 11 7 
2 40 10 19 1 1 
6 31 11 3 18 4 
1 26 13 33 
1 54 3 6 4 3 2 
2 55 4 4 5 1 2 
69 4 
2 39 11 20 1 
2 51 8 2 4 1 4 1 
2 71 
9 34 23 5 1 1 
2 14 21 36 
1 21 33 6 12 
10 56 3 1 2 1 
1 7 47 5 4 2 7 
2 62 5 2 1 1 
1 65 5 1 1 
1 14 12 43 1 1 1 
1 36 34 2 
