1 23 17 18 10 2 3 
2 48 8 10 1 1 4 
1 41 30 2 
1 39 25 8 1 
1 46 17 8 2 
3 6 37 19 2 5 1 1 
1 43 30 
2 16 34 22 
1 57 7 5 3 1 
1 16 2 23 16 2 7 7 
3 47 21 1 1 1 
74 
70 4 
5 59 6 4 
2 4 64 1 1 1 1 
1 71 2 
4 17 5 27 18 1 1 1 
2 16 53 3 
21 12 3 14 3 5 16 
1 33 38 2 
74 
4 22 15 1 30 1 1 
3 14 6 3 34 3 2 4 1 3 1 
2 27 41 4 
2 11 33 5 4 17 2 
2 19 45 1 1 3 1 1 1 
9 62 3 
1 14 20 23 11 4 1 
10 26 30 2 6 
2 49 6 11 6 
3 30 24 4 13 
19 53 1 1 
1 71 1 1 
14 34 26 
1 37 20 12 4 
1 34 32 3 2 2 
1 34 27 3 9 
19 7 40 2 5 1 
1 47 26 
70 4 
1 73 
9 11 48 5 1 
1 62 3 8 
1 12 52 4 2 1 2 
4 15 20 34 1 
2 71 1 
2 60 12 
3 70 1 
9 54 11 
1 48 7 14 4 
1 23 35 9 4 1 1 
18 48 5 2 1 
27 24 22 1 
1 8 14 9 14 1 14 4 1 4 1 1 2 
9 9 3 44 8 1 
1 31 6 12 18 1 3 1 1 
3 8 2 4 18 2 3 23 10 1 
6 24 20 23 1 
1 55 18 
51 3 11 8 1 
1 39 16 1 7 3 1 4 2 
1 42 23 4 4 
1 7 55 10 1 
58 8 5 1 1 1 
1 11 40 7 2 5 4 4 
18 40 5 8 1 1 1 
49 23 2 
1 26 36 4 7 
4 57 4 5 2 1 1 
3 9 10 1 44 2 4 1 
6 68 
1 33 38 1 1 
6 36 31 1 
1 73 
1 41 16 10 4 2 
4 27 20 18 4 1 
11 36 15 1 2 5 3 1 
1 65 1 2 5 
17 53 3 1 
3 54 11 2 3 1 
4 33 7 17 4 6 2 1 
4 53 7 1 5 3 1 
2 59 5 6 1 1 
2 19 51 2 
9 64 1 
3 3 68 
9 62 2 1 
7 8 22 6 4 9 16 1 1 
54 8 4 4 1 3 
10 6 50 8 
4 34 28 6 1 1 
1 67 3 1 1 1 
1 7 28 26 12 
30 15 3 25 1 
13 16 4 8 22 5 3 1 2 
1 35 30 3 3 2 
74 
1 19 29 25 
7 47 2 10 2 5 1 
7 24 2 25 16 
39 18 7 7 3 
11 2 31 8 22 
5 42 23 2 2 
3 49 17 5 
17 48 7 2 
6 42 3 15 7 1 
23 1 31 2 17 
1 32 4 24 2 6 3 2 
8 41 6 5 10 3 1 
1 6 18 35 3 11 
2 26 46 
1 35 25 7 1 5 
1 65 5 1 2 
10 13 45 1 4 1 
32 7 4 9 4 14 2 2 
2 67 5 
2 49 11 8 2 2 
8 61 4 1 
2 49 23 
9 35 14 1 8 2 5 
1 18 6 35 11 2 1 
3 55 15 1 
2 70 2 
5 2 6 33 12 9 1 1 3 1 1 
8 39 18 4 4 1 
73 1 
1 59 1 7 2 2 2 
13 40 2 12 4 1 1 1 
1 19 27 11 9 4 3 
3 10 22 14 25 
3 16 31 21 3 
1 63 10 
5 25 15 24 2 1 1 1 
1 16 22 30 2 3 
8 58 3 3 1 1 
64 9 1 
1 56 17 
1 22 43 7 1 
1 51 12 4 6 
2 57 14 1 
1 32 15 14 3 6 2 1 
1 20 20 30 3 
5 14 29 12 3 1 4 1 1 4 
1 19 14 25 3 1 11 
3 36 17 9 3 5 1 
3 24 30 12 1 2 2 
14 7 20 25 8 
41 29 4 
1 57 15 1 
2 1 63 8 
39 2 24 2 2 1 2 2 
1 9 63 1 
2 13 16 3 12 10 3 4 2 1 4 3 1 
1 31 34 5 1 1 1 
2 13 30 18 6 5 
1 20 30 4 9 3 4 3 
1 16 16 37 4 
1 58 15 
4 47 15 1 2 1 4 
1 5 29 18 1 19 1 
6 26 22 1 10 1 5 2 1 
2 3 22 45 2 
45 11 10 4 4 
1 31 13 26 3 
61 2 11 
1 52 12 4 3 1 1 
3 57 5 5 3 1 
1 15 5 46 3 4 
3 50 12 4 3 2 
1 46 4 11 11 1 
1 29 15 6 10 8 5 
4 63 7 
4 9 9 3 26 3 16 3 1 
5 31 18 17 3 
1 31 6 19 3 9 2 3 
47 15 6 5 1 
1 7 38 26 2 
5 49 12 6 2 
1 52 18 3 
1 54 17 1 1 
4 63 6 1 
15 2 41 15 1 
3 27 44 
2 45 5 20 2 
1 65 7 1 
5 33 26 2 6 1 1 
1 12 35 14 11 1 
12 52 9 1 
1 3 59 7 3 1 
1 21 35 15 2 
1 7 48 1 7 2 1 1 1 4 1 
31 32 2 8 1 
1 67 5 1 
6 49 9 4 5 1 
4 46 24 
1 48 16 4 5 
1 26 8 19 6 6 1 3 1 3 
1 21 18 19 9 4 1 1 
4 63 4 1 1 1 
18 48 6 1 1 
2 17 14 20 6 6 9 
2 42 11 14 5 
2 32 34 6 
1 67 6 
1 20 39 4 3 3 2 2 
1 67 3 2 1 
51 19 3 1 
5 7 56 5 1 
4 27 22 4 4 10 1 1 1 
1 53 20 
4 48 2 11 7 1 1 
4 43 27 
2 40 14 6 5 5 2 
3 59 1 8 3 
1 6 32 21 5 6 3 
5 48 1 13 7 
2 31 9 3 16 1 3 7 2 
1 59 14 
4 61 6 2 1 
3 1 34 32 2 2 
1 60 13 
56 6 1 11 
11 56 7 
2 57 3 2 7 1 2 
5 63 6 
18 41 15 
3 12 37 10 1 4 1 5 1 
74 
2 19 13 8 31 1 
1 6 44 17 5 1 
1 41 23 7 1 1 
4 69 1 
10 39 8 8 1 3 5 
28 37 8 1 
11 57 6 
1 73 
1 9 35 28 1 
19 49 2 4 
1 41 3 13 4 10 1 1 
5 31 34 3 1 
2 66 1 5 
68 3 3 
11 34 29 
2 32 1 9 21 3 6 
1 59 13 1 
1 41 22 1 3 1 3 1 1 
1 16 28 16 1 11 1 
74 
5 37 22 1 2 3 1 1 1 1 
1 23 10 20 9 9 2 
5 27 39 1 2 
41 2 11 13 2 3 2 
1 32 7 13 14 7 
1 16 55 2 
1 20 7 28 3 12 1 2 
5 48 19 1 1 
1 21 20 6 2 5 18 1 
1 13 12 3 28 7 6 2 2 
7 53 14 
2 45 4 19 3 1 
4 25 37 6 2 
1 35 19 10 9 
3 54 7 8 2 
7 49 16 2 
26 48 
1 50 9 4 4 6 
1 23 40 6 2 2 
2 25 45 1 1 
6 53 7 4 2 2 
7 62 5 
10 36 6 18 4 
1 60 4 2 6 1 
11 16 18 27 1 1 
13 25 36 
1 43 16 3 7 2 2 
7 29 37 1 
71 1 2 
3 22 9 37 1 1 1 
6 62 4 2 
1 40 13 15 5 
2 33 3 33 3 
8 56 6 3 1 
4 70 
1 17 3 33 18 2 
1 2 54 4 13 
4 47 23 
1 55 13 1 1 3 
2 42 18 11 1 
2 54 11 4 1 2 
1 70 1 2 
1 34 19 3 10 7 
1 59 9 2 3 
2 21 21 12 2 11 2 2 1 
23 48 2 1 
2 70 1 1 
3 27 44 
8 35 8 21 1 1 
11 56 1 3 3 
4 34 7 6 6 7 2 6 1 1 
1 7 54 4 5 1 1 1 
2 64 7 1 
4 32 6 11 8 9 4 
1 9 62 2 
32 27 3 1 4 7 
1 57 9 2 1 3 1 
7 48 13 5 1 
74 
1 18 16 23 3 10 1 2 
3 18 5 30 9 3 2 1 3 
1 44 10 15 4 
1 3 59 6 2 2 1 
9 45 11 3 2 2 1 1 
4 66 1 3 
1 58 11 1 1 1 1 
1 6 29 27 3 6 1 1 
17 11 18 2 21 1 3 1 
13 26 20 14 1 
1 20 21 3 8 2 1 13 2 3 
1 19 30 20 3 1 
2 44 13 15 
4 59 6 3 1 1 
4 25 9 8 22 6 
3 50 2 18 1 
1 73 
2 29 41 1 1 
1 10 31 14 4 4 5 3 2 
2 28 10 6 20 5 1 2 
74 
3 26 45 
15 58 1 
7 21 36 2 6 2 
15 42 6 5 2 2 1 1 
2 54 15 2 1 
52 22 
1 58 6 2 6 1 
1 23 36 10 3 1 
1 61 5 3 2 1 1 
2 13 59 
4 60 4 4 2 
1 37 26 5 3 1 1 
3 37 14 8 11 1 
49 11 10 4 
1 63 6 2 1 1 
1 62 11 
1 44 17 8 3 1 
3 51 6 13 1 
2 36 9 13 6 3 2 1 1 1 
1 66 5 1 1 
8 2 45 12 6 1 
5 49 15 5 
4 33 10 27 
18 30 17 1 1 6 1 
12 58 1 3 
9 62 1 1 1 
1 30 24 15 4 
1 67 6 
2 61 9 2 
12 49 13 
1 23 8 29 13 
13 20 34 7 
1 48 8 12 5 
2 69 3 
1 43 6 21 3 
1 61 2 1 2 4 3 
26 41 7 
1 10 8 21 32 2 
4 36 26 2 2 3 1 
2 40 28 3 1 
1 64 1 3 2 3 
1 22 51 
2 67 4 1 
73 1 
2 69 3 
7 29 6 12 17 3 
2 29 7 28 4 4 
1 20 37 1 5 5 1 4 
1 70 3 
14 2 34 1 3 9 1 9 1 
8 61 5 
1 39 28 1 5 
3 52 7 2 4 2 1 2 1 
3 27 12 28 2 2 
6 62 4 1 1 
1 55 10 1 3 2 2 
21 10 34 4 3 2 
1 38 12 17 1 2 2 1 
1 19 51 3 
1 22 38 2 6 3 2 
67 7 
1 72 1 
33 2 24 10 1 4 
72 1 1 
4 20 18 21 2 6 3 
5 9 30 4 14 7 4 1 
1 41 4 9 13 4 1 1 
1 12 34 11 7 5 3 1 
16 38 12 2 4 1 1 
2 66 5 1 
1 57 6 5 4 1 
2 72 
1 18 55 
9 15 6 40 4 
2 59 5 3 5 
3 65 1 1 3 1 
37 21 10 6 
5 20 30 10 1 6 1 1 
73 1 
2 44 19 7 1 1 
74 
1 53 20 
4 4 8 38 8 1 1 5 3 1 1 
1 67 1 4 1 
32 37 2 2 1 
12 39 19 3 1 
1 45 27 1 
3 42 24 3 1 1 
71 1 1 1 
2 19 42 8 3 
1 66 2 1 3 1 
24 11 15 6 12 4 2 
54 16 2 1 1 
3 45 16 9 1 
2 16 44 1 6 3 1 1 
74 
1 57 8 7 1 
8 1 6 58 1 
17 49 1 6 1 
1 44 25 2 2 
68 2 2 2 
72 1 1 
1 18 18 12 25 
1 39 34 
5 16 40 13 
2 62 1 5 1 2 1 
4 66 1 1 2 
1 47 21 3 1 1 
2 37 30 1 2 2 
1 33 40 
1 60 13 
13 57 4 
2 20 31 20 1 
8 29 29 6 2 
66 5 2 1 
22 13 22 16 1 
57 13 4 
64 6 4 
1 12 4 54 3 
2 58 6 1 5 1 1 
7 20 47 
8 30 3 13 17 2 1 
16 8 7 20 20 3 
1 36 28 4 1 3 1 
1 20 38 7 8 
1 30 9 16 11 7 
1 25 45 1 2 
3 24 47 
1 35 24 14 
1 61 7 4 1 
1 9 10 40 6 2 2 1 2 1 
1 36 36 1 
1 28 23 16 1 5 
2 3 34 33 1 1 
2 69 1 1 1 
63 2 5 3 1 
5 36 6 1 12 2 5 2 1 1 2 1 
1 10 9 11 1 19 9 6 8 
13 40 14 3 4 
3 55 1 15 
1 46 2 11 14 
1 31 34 7 1 
1 51 7 4 2 1 5 2 1 
15 44 15 
8 8 34 23 1 
5 3 58 4 3 1 
52 2 9 10 1 
1 60 5 6 2 
2 19 53 
29 10 35 
1 55 16 1 1 
1 4 18 41 5 3 2 
53 15 3 1 1 1 
3 58 1 2 5 3 1 1 
5 68 1 
1 11 28 32 2 
1 32 41 
71 3 
3 30 41 
11 48 2 3 6 3 1 
4 70 
2 34 12 1 11 13 1 
2 34 2 1 3 13 7 9 3 
1 66 3 1 1 2 
2 56 6 5 2 1 1 1 
1 59 14 
67 2 3 2 
6 28 38 1 1 
7 23 14 25 1 1 2 1 
1 43 1 20 6 3 
1 47 5 5 8 4 4 
1 36 33 3 1 
1 72 1 
1 17 30 22 2 2 
1 55 13 1 4 
48 19 6 1 
21 33 11 9 
12 17 26 7 7 5 
1 44 24 4 1 
7 62 5 
1 19 23 16 5 5 4 1 
5 64 2 1 1 1 
1 40 20 9 3 1 
1 32 12 25 4 
1 32 4 25 1 7 3 1 
1 54 2 5 5 7 
1 31 31 9 2 
8 32 18 4 8 4 
5 63 6 
8 35 1 26 1 3 
1 36 31 1 5 
10 58 1 5 
4 14 54 2 
2 20 3 11 5 16 12 5 
10 45 10 5 1 2 1 
3 7 59 3 2 
69 2 2 1 
42 4 12 10 2 1 1 2 
35 1 15 8 14 1 
4 10 56 2 2 
2 9 40 10 3 6 4 
4 19 43 1 2 5 
1 50 1 22 
1 30 43 
74 
2 43 22 1 5 1 
5 66 3 
3 39 18 5 9 
12 24 24 4 3 5 2 
1 11 28 9 1 24 
20 13 12 28 1 
1 54 10 1 5 2 1 
4 65 1 4 
2 62 1 2 5 2 
1 6 12 12 10 14 6 7 3 3 
1 26 7 29 4 3 2 1 1 
5 38 19 4 3 4 1 
3 32 6 2 26 1 4 
15 20 10 3 25 1 
2 12 7 17 18 13 1 1 1 2 
1 51 12 2 3 3 2 
1 69 1 2 1 
2 27 15 24 1 5 
6 1 57 10 
1 69 4 
1 5 8 40 18 1 1 
4 36 17 15 1 1 
15 8 40 3 6 1 1 
1 73 
5 66 3 
64 9 1 
4 22 31 15 2 
20 22 30 2 
2 50 15 6 1 
2 49 5 16 1 1 
3 32 17 18 1 3 
13 58 2 1 
6 20 48 
62 3 2 6 1 
6 51 10 5 2 
2 68 1 1 1 1 
3 52 12 4 1 2 
1 8 26 39 
12 12 14 10 6 10 6 1 2 1 
5 5 2 34 2 9 2 4 6 4 1 
1 26 24 14 1 2 1 1 2 2 
14 16 8 3 2 1 28 2 
40 7 2 19 2 4 
1 21 39 4 5 1 1 1 1 
1 38 34 1 
3 43 20 2 2 2 1 1 
2 61 3 2 4 1 1 
7 47 12 3 5 
9 55 10 
70 2 2 
1 8 44 18 3 
1 37 18 6 6 5 1 
1 45 21 2 2 2 1 
50 16 4 4 
13 59 1 1 
39 5 20 5 5 
74 
3 26 19 14 2 2 1 4 1 1 1 
1 41 18 14 
6 23 38 3 1 2 1 
1 11 39 9 2 2 10 
1 57 16 
1 72 1 
1 54 14 1 3 1 
10 48 14 1 1 
35 28 8 3 
2 56 8 3 2 2 1 
3 56 6 8 1 
1 41 31 1 
1 20 45 8 
1 19 18 14 11 2 8 1 
1 71 1 1 
1 39 4 8 5 8 5 1 3 
1 48 24 1 
3 37 6 6 5 10 3 3 1 
3 43 2 15 4 4 1 1 1 
1 4 28 16 7 11 7 
16 53 2 3 
4 8 26 17 5 11 1 2 
3 64 5 1 1 
10 49 15 
4 38 32 
1 45 3 20 2 1 1 1 
1 3 70 
6 4 59 4 1 
26 10 38 
1 49 7 8 1 6 1 1 
1 64 3 2 3 1 
28 17 2 13 8 2 4 
1 11 11 16 22 3 9 1 
1 62 11 
7 54 2 8 3 
4 57 3 7 3 
2 64 2 6 
1 45 16 11 1 
1 33 2 30 2 4 1 1 
10 55 1 6 2 
2 36 26 5 5 
1 12 37 8 2 3 5 2 1 1 2 
2 13 21 29 1 3 1 1 1 1 1 
1 42 20 2 9 
46 25 3 
1 46 15 12 
2 38 30 1 3 
1 53 16 1 3 
1 32 41 
9 39 5 21 
5 32 4 32 1 
19 15 23 2 2 6 6 1 
3 58 2 10 1 
4 2 42 26 
2 29 43 
2 16 39 7 9 1 
1 65 2 5 1 
6 26 5 3 17 4 13 
2 19 53 
68 5 1 
1 43 8 21 1 
1 14 22 10 11 7 3 4 2 
71 3 
32 11 30 1 
2 60 12 
44 4 6 1 12 6 1 
4 62 8 
1 14 19 40 
42 31 1 
1 23 31 4 15 
1 34 2 6 25 2 2 2 
1 53 16 3 1 
1 17 10 23 23 
10 35 21 6 1 1 
1 24 13 13 9 2 4 5 2 1 
2 33 1 12 7 15 4 
1 59 9 3 2 
1 43 7 2 4 8 9 
1 49 13 9 2 
4 45 25 
21 22 2 21 6 2 
14 21 23 10 6 
2 48 12 4 1 4 2 1 
3 17 6 10 25 7 1 3 1 1 
1 47 16 8 2 
2 47 18 4 3 
1 63 10 
2 33 15 4 3 4 9 1 2 1 
19 6 48 1 
68 4 1 1 
2 14 16 25 16 1 
1 20 53 
69 1 4 
1 3 47 9 3 6 2 1 2 
2 30 28 1 4 6 3 
2 6 28 13 1 2 11 9 1 1 
1 51 18 3 1 
1 17 27 29 
1 14 14 21 13 1 6 4 
1 6 23 33 11 
3 59 5 3 2 1 1 
6 57 8 1 2 
1 67 2 4 
8 65 1 
1 70 2 1 
66 8 
1 13 7 20 12 11 3 7 
29 35 10 
12 23 28 5 4 1 1 
1 1 66 6 
9 31 28 4 2 
6 32 28 6 2 
2 67 1 4 
5 48 8 6 5 1 1 
1 46 1 7 2 11 6 
1 29 37 1 4 2 
7 60 3 3 1 
9 15 37 7 1 3 2 
1 7 27 2 13 2 13 4 1 4 
22 24 14 14 
8 14 42 7 1 1 1 
2 6 37 3 18 6 2 
49 18 6 1 
5 63 3 3 
2 41 5 1 13 8 2 2 
3 7 33 19 8 1 3 
1 40 19 4 9 1 
9 54 11 
2 47 13 11 1 
1 48 15 5 4 1 
5 67 2 
15 11 2 33 8 4 1 
2 55 2 2 12 1 
1 35 37 1 
2 19 6 11 9 5 21 1 
2 55 17 
2 32 20 12 2 6 
1 24 31 10 4 1 1 1 1 
1 47 20 6 
53 3 15 1 2 
1 40 32 1 
15 54 5 
5 62 3 4 
1 9 23 3 20 2 10 4 1 1 
1 53 16 3 1 
1 73 
2 34 38 
1 53 16 1 2 1 
11 53 10 
71 3 
9 4 19 9 16 8 4 1 3 1 
1 48 24 1 
9 19 29 8 8 1 
7 46 15 2 1 1 2 
74 
2 47 23 2 
2 37 14 3 3 12 2 1 
1 57 16 
2 17 11 8 2 14 3 7 4 2 4 
14 57 2 1 
6 36 1 23 3 2 2 1 
40 32 2 
1 2 11 28 31 1 
20 50 4 
2 1 41 16 7 4 3 
3 8 26 4 16 17 
1 43 7 7 9 3 1 3 
1 11 4 3 31 22 2 
1 1 61 11 
74 
1 59 7 5 2 
1 67 6 
1 63 6 1 3 
3 40 28 2 1 
5 13 54 2 
6 54 14 
1 20 39 14 
1 72 1 
41 7 11 8 2 5 
1 16 8 16 27 4 2 
18 28 25 3 
1 18 3 19 18 3 3 9 
3 71 
6 8 35 1 16 8 
1 55 5 12 1 
11 41 7 9 4 2 
7 20 20 16 5 1 5 
2 58 3 6 1 3 1 
1 45 28 
40 10 24 
1 56 13 1 2 1 
1 36 19 17 1 
72 2 
67 1 2 1 2 1 
31 4 4 28 3 1 2 1 
1 72 1 
2 70 2 
1 41 31 1 
6 22 8 2 36 
1 18 10 6 30 5 4 
1 43 10 11 3 1 2 2 1 
1 13 41 8 6 3 2 
5 69 
1 25 47 1 
58 6 1 1 5 2 1 
3 60 10 1 
74 
2 49 15 3 3 2 
1 69 2 1 1 
36 22 2 12 2 
1 63 5 5 
10 28 23 9 4 
2 42 21 9 
9 39 12 3 1 8 2 
1 62 4 4 3 
1 9 57 7 
29 34 1 10 
12 41 21 
3 27 28 9 5 1 1 
3 69 2 
1 15 31 10 7 7 3 
11 62 1 
6 2 23 43 
1 52 21 
51 2 10 8 2 1 
1 3 1 6 37 5 9 6 3 2 1 
2 48 11 4 8 1 
1 21 47 1 4 
2 26 18 7 5 7 3 3 1 1 1 
1 21 47 3 2 
1 40 10 1 15 6 1 
1 30 21 22 
18 37 13 1 2 3 
23 39 4 5 2 1 
2 42 6 17 2 4 1 
2 62 10 
2 68 1 1 1 1 
3 69 2 
5 21 8 28 4 7 1 
14 53 6 1 
7 46 15 5 1 
48 15 9 2 
8 4 27 13 13 2 1 3 1 1 1 
1 71 1 1 
16 18 7 5 20 8 
70 3 1 
1 36 15 11 9 1 1 
1 42 4 9 17 1 
18 1 9 28 10 3 2 2 1 
2 15 5 2 22 5 13 4 4 2 
1 55 11 2 2 1 1 1 
12 56 6 
5 1 23 6 16 8 3 7 1 4 
4 22 30 5 2 1 2 7 1 
1 35 17 20 1 
1 71 1 1 
43 11 12 1 7 
2 19 51 1 1 
9 37 26 1 1 
1 10 38 23 1 1 
21 13 38 1 1 
36 20 4 4 7 2 1 
3 11 53 5 2 
2 39 15 17 1 
5 28 31 10 
1 47 26 
10 15 24 21 4 
13 46 1 11 2 1 
2 46 17 5 4 
1 2 10 51 8 1 1 
1 3 24 7 16 4 8 3 1 3 1 2 1 
1 68 4 1 
1 36 19 16 1 1 
1 6 49 2 4 6 6 
68 1 2 2 1 
1 72 1 
1 55 15 3 
2 13 2 22 34 1 
12 55 6 1 
14 53 5 2 
13 24 34 3 
36 27 1 7 1 2 
8 63 1 2 
1 65 8 
1 32 20 15 4 2 
1 34 23 14 1 1 
1 71 1 1 
1 69 1 3 
1 57 6 5 2 2 1 
2 51 20 1 
2 18 34 13 7 
19 51 2 2 
1 18 41 1 10 3 
17 19 19 18 1 
20 51 3 
5 66 3 
1 13 34 11 2 3 9 1 
1 19 41 6 4 3 
7 33 6 17 8 2 1 
1 26 30 8 8 1 
1 36 18 19 
1 7 10 22 18 15 1 
1 2 52 9 6 4 
1 53 19 1 
2 72 
2 8 22 28 7 1 1 2 2 1 
1 38 13 16 6 
1 64 4 4 1 
2 13 8 30 20 1 
1 13 5 28 10 5 10 1 1 
41 19 2 9 3 
57 16 1 
4 56 9 3 1 1 
2 24 42 1 3 1 1 
3 22 46 2 1 
1 59 14 
1 29 3 6 17 15 3 
73 1 
1 25 39 2 4 1 1 1 
1 21 47 2 3 
1 23 28 19 3 
1 5 10 48 1 8 1 
2 2 30 12 16 4 1 6 1 
2 3 48 1 12 7 1 
10 58 2 4 
59 13 2 
2 3 3 28 1 32 2 2 1 
3 24 14 10 12 1 9 1 
2 17 7 39 9 
1 56 7 7 3 
16 58 
1 7 60 1 1 3 1 
1 22 2 2 24 4 18 1 
7 17 2 6 11 1 11 3 4 11 1 
4 22 41 2 3 1 1 
1 37 18 11 7 
1 24 47 2 
1 58 3 9 1 2 
1 17 56 
46 8 1 18 1 
1 34 6 22 8 3 
7 18 44 5 
1 22 4 8 38 1 
1 40 3 22 5 1 2 
4 39 23 2 1 1 1 3 
3 29 35 1 2 3 1 
4 69 1 
2 63 2 5 2 
31 18 7 17 1 
44 16 1 13 
56 14 2 1 1 
2 33 15 23 1 
12 47 14 1 
6 37 16 4 1 1 5 2 1 1 
2 59 7 2 2 1 1 
3 20 27 15 6 2 1 
2 59 3 9 1 
2 13 59 
19 6 35 5 9 
1 72 1 
1 62 11 
7 27 5 19 10 3 3 
1 69 3 1 
2 72 
6 50 12 1 1 2 2 
57 2 13 2 
6 27 16 19 6 
1 17 13 41 2 
1 37 36 
1 20 22 15 10 3 1 1 1 
3 32 33 5 1 
1 55 8 9 1 
1 34 19 9 11 
2 26 12 15 3 3 1 3 9 
1 12 9 43 1 2 4 2 
2 17 55 
2 20 32 6 1 9 2 2 
2 14 32 4 6 14 2 
16 39 19 
5 52 7 2 7 1 
20 8 7 39 
2 3 17 22 28 1 1 
1 63 5 3 2 
2 1 34 10 23 3 1 
2 20 7 25 12 8 
3 65 4 1 1 
3 19 52 
2 49 2 5 16 
1 71 1 1 
3 18 23 26 4 
3 28 43 
1 11 42 17 3 
16 51 7 
1 21 1 3 37 4 1 4 2 
1 30 32 9 2 
26 36 11 1 
3 28 22 7 8 4 2 
1 53 7 3 1 3 3 1 1 1 
1 42 14 1 10 6 
2 66 4 1 1 
1 49 6 16 2 
1 10 49 9 2 3 
3 10 44 4 5 5 1 1 1 
8 40 26 
3 18 40 9 2 1 1 
2 11 53 6 1 1 
1 67 2 1 3 
43 29 1 1 
9 20 9 27 8 1 
23 35 14 2 
1 56 6 9 1 1 
5 18 29 18 1 1 1 1 
1 58 12 2 1 
1 50 13 1 5 3 1 
1 14 8 8 29 12 1 1 
20 15 35 4 
74 
1 68 5 
4 31 1 3 24 3 6 2 
1 42 6 12 4 4 4 1 
5 41 19 6 3 
4 68 2 
7 41 25 1 
1 11 32 21 9 
1 4 17 26 19 6 1 
2 17 28 24 2 1 
3 65 2 4 
1 7 14 25 27 
5 30 27 9 2 1 
10 8 38 1 9 3 2 1 2 
10 7 7 33 10 5 2 
1 2 69 1 1 
12 45 15 1 1 
1 32 37 2 1 1 
2 48 17 6 1 
4 22 48 
1 13 60 
6 53 15 
2 54 9 4 1 4 
1 52 4 1 14 1 1 
1 70 3 
3 42 19 8 2 
3 7 48 1 11 2 1 1 
1 20 53 
19 7 25 20 3 
11 27 35 1 
3 53 8 8 1 1 
1 52 17 2 2 
1 1 25 47 
9 41 24 
1 12 42 5 14 
3 56 5 2 2 1 3 2 
1 38 31 2 1 1 
42 3 21 1 6 1 
1 10 4 42 14 3 
1 7 54 2 7 2 1 
1 25 17 2 21 5 3 
5 60 9 
1 32 12 16 10 2 1 
7 50 6 8 3 
1 11 33 23 6 
60 7 6 1 
4 48 1 19 1 1 
2 57 15 
38 32 3 1 
2 22 44 3 1 1 1 
61 9 4 
1 46 10 8 9 
4 20 28 4 12 2 1 3 
5 44 11 11 3 
1 1 26 41 2 3 
2 58 13 1 
1 55 6 2 3 1 1 4 1 
1 10 38 13 3 6 3 
1 8 48 8 8 1 
2 19 18 12 18 5 
3 17 33 20 1 
2 1 38 1 29 2 1 
6 6 12 3 13 32 2 
7 42 6 3 14 2 
2 20 2 27 22 1 
1 12 61 
2 55 5 4 7 1 
3 48 4 17 1 1 
2 38 17 17 
4 31 37 2 
7 31 13 23 
1 44 28 1 
1 31 28 5 2 7 
1 9 19 41 2 2 
39 9 7 6 5 1 7 
1 22 49 1 1 
5 48 13 8 
8 47 2 16 1 
37 33 3 1 
6 42 15 1 2 6 2 
1 33 12 21 7 
14 19 8 15 14 2 1 1 
1 56 7 7 2 1 
4 17 21 4 2 15 11 
2 23 14 14 2 5 9 3 1 1 
1 59 12 1 1 
1 22 13 27 11 
1 10 12 43 7 1 
1 60 3 7 3 
1 72 1 
1 44 29 
45 10 5 1 7 2 1 2 1 
1 2 17 42 12 
16 26 25 3 4 
2 10 19 25 15 3 
2 36 36 
32 25 1 13 1 2 
2 60 12 
16 51 7 
1 48 12 4 9 
3 3 52 6 8 1 1 
1 70 2 1 
25 6 31 9 2 1 
3 54 10 6 1 
1 70 3 
1 14 2 9 16 2 8 9 1 5 7 
1 19 21 13 20 
1 8 18 39 1 5 2 
20 12 21 14 6 1 
1 49 1 5 10 7 1 
5 48 18 1 2 
1 5 20 41 5 1 1 
2 3 64 2 1 2 
5 3 30 7 14 12 2 1 
73 1 
2 28 18 4 14 3 3 1 1 
24 20 3 13 10 1 3 
4 6 22 40 2 
1 11 11 49 1 1 
1 53 8 12 
13 3 7 13 8 1 5 7 17 
2 46 8 3 11 3 1 
1 27 38 5 3 
7 20 13 34 
59 12 3 
1 5 5 21 7 35 
1 17 17 18 3 6 2 5 1 1 2 1 
2 1 51 20 
1 45 23 2 2 1 
69 2 2 1 
7 53 7 2 1 3 1 
6 62 3 2 1 
24 12 31 3 4 
1 10 2 53 6 2 
1 37 2 7 6 20 1 
20 51 3 
2 58 2 2 7 1 2 
74 
6 36 32 
2 61 8 2 1 
51 6 8 9 
3 30 37 3 1 
73 1 
1 6 61 6 
1 49 22 2 
2 57 3 1 1 5 1 4 
5 52 14 2 1 
1 41 31 1 
2 2 33 25 1 9 2 
1 31 14 5 6 14 2 1 
1 47 24 2 
1 37 29 6 1 
1 66 7 
2 56 16 
4 34 32 4 
1 62 6 1 3 1 
2 69 3 
2 8 15 24 19 4 1 1 
1 62 6 5 
12 14 41 2 5 
8 21 43 1 1 
2 46 17 3 6 
4 15 9 14 11 2 19 
1 55 16 1 1 
1 32 32 6 1 2 
7 29 25 9 3 1 
1 30 28 4 11 
1 8 53 7 4 1 
55 10 8 1 
5 53 2 5 9 
4 17 1 52 
6 50 5 6 7 
1 39 8 23 1 1 1 
5 66 3 
3 14 13 31 8 4 1 
1 6 49 7 11 
2 54 4 3 3 4 1 1 1 1 
10 40 23 1 
1 20 21 16 11 4 1 
66 1 4 1 2 
5 41 10 7 3 3 5 
18 15 18 4 11 4 3 1 
1 65 3 3 1 1 
2 16 56 
22 24 28 
1 43 23 6 1 
1 32 9 4 21 6 1 
1 57 14 1 1 
68 2 1 1 1 1 
1 48 6 11 5 3 
4 50 4 9 1 5 1 
5 57 1 2 8 1 
5 38 31 
2 15 12 11 18 7 1 1 7 
2 19 29 23 1 
6 1 47 5 4 8 1 2 
29 15 26 2 1 1 
3 7 56 1 3 4 
15 9 8 22 16 2 2 
1 63 1 3 5 1 
1 70 3 
2 34 31 3 3 1 
9 39 25 1 
4 27 7 11 9 16 
1 26 28 5 10 4 
1 28 27 13 5 
34 35 3 2 
17 40 11 2 2 1 1 
11 51 8 4 
1 58 12 2 1 
1 52 16 2 3 
1 50 6 3 6 2 1 3 1 1 
2 4 39 12 9 5 3 
1 14 32 13 8 2 3 1 
1 39 7 2 23 2 
1 35 17 12 1 3 3 2 
2 65 7 
14 56 1 3 
2 1 27 21 12 9 1 1 
1 4 14 13 8 31 1 2 
1 13 25 18 17 
20 13 33 2 2 1 3 
1 65 8 
1 32 9 27 5 
1 33 23 3 11 2 1 
1 10 60 3 
5 26 41 1 1 
1 55 17 1 
1 32 41 
11 17 35 7 2 1 1 
2 65 1 3 1 2 
2 9 38 16 3 2 4 
1 6 31 28 3 1 3 1 
1 44 13 1 1 8 1 4 1 
1 40 23 9 1 
15 34 25 
1 48 4 4 9 5 1 2 
5 12 21 32 4 
1 19 28 2 17 1 4 2 
2 10 17 25 6 1 10 3 
1 55 3 8 5 1 1 
2 42 19 2 2 5 2 
24 28 11 1 8 1 1 
4 45 20 4 1 
8 15 51 
2 8 43 3 6 3 3 6 
1 44 29 
1 34 25 5 1 8 
1 6 65 1 1 
1 68 2 1 2 
1 72 1 
1 15 11 24 5 12 5 1 
2 42 11 16 3 
1 45 28 
1 28 24 10 4 2 1 2 1 1 
1 59 3 2 1 1 5 2 
1 60 5 6 1 1 
37 9 13 3 6 1 4 1 
39 32 3 
2 38 28 6 
1 49 21 2 1 
1 10 16 3 37 4 2 1 
2 32 17 13 3 5 2 
57 7 10 
14 47 6 7 
1 26 9 34 1 1 1 1 
1 37 3 3 4 9 3 3 4 2 2 3 
15 38 4 3 11 2 1 
28 35 6 2 1 2 
1 7 44 7 12 3 
8 23 29 1 10 3 
1 42 31 
64 8 2 
17 51 6 
4 7 36 21 4 1 1 
1 21 44 1 1 1 4 1 
3 42 7 14 4 2 2 
1 61 12 
5 10 43 8 2 2 4 
3 61 6 2 2 
3 11 6 16 2 14 13 8 1 
1 11 51 5 6 
1 59 7 3 4 
13 44 9 8 
56 14 1 2 1 
2 24 29 14 5 
1 35 4 14 5 13 1 1 
1 58 6 4 1 4 
1 49 2 8 14 
3 62 3 3 2 1 
4 32 38 
2 2 5 58 7 
10 22 13 27 1 1 
3 18 32 5 14 2 
8 34 29 2 1 
1 53 7 7 1 5 
1 68 4 1 
1 35 28 3 7 
68 2 4 
1 21 4 10 6 22 2 7 1 
10 43 17 4 
74 
1 48 21 1 1 1 1 
1 42 28 1 1 1 
17 38 19 
1 31 12 19 5 6 
1 58 14 1 
2 60 1 2 5 4 
1 49 14 9 1 
3 71 
1 52 21 
1 53 18 1 1 
4 27 7 33 3 
2 1 18 17 6 19 11 
4 54 15 1 
5 3 26 4 2 24 6 1 1 2 
1 12 55 5 1 
2 65 7 
2 22 5 37 8 
25 13 22 4 5 4 1 
2 6 43 20 2 1 
3 43 19 3 1 1 4 
2 55 15 2 
6 36 19 11 2 
3 69 2 
2 64 4 4 
7 27 40 
1 40 33 
1 20 49 4 
4 38 3 26 1 2 
5 49 17 3 
1 55 1 13 2 1 1 
1 21 12 11 16 12 1 
1 36 26 4 7 
1 25 14 27 4 2 1 
68 6 
4 52 14 4 
5 33 30 3 3 
1 36 6 4 14 2 11 
15 5 7 31 13 1 2 
12 41 6 14 1 
1 26 23 12 11 1 
1 64 9 
7 20 18 29 
1 22 1 27 13 7 2 1 
3 49 3 12 5 2 
1 45 15 7 4 1 1 
35 18 6 3 5 6 1 
1 44 18 1 8 2 
1 17 44 8 4 
21 6 19 5 8 10 4 1 
36 17 4 1 5 11 
40 12 5 9 4 1 2 1 
1 59 14 
11 10 46 6 1 
1 57 3 11 1 1 
4 45 18 4 3 
1 30 35 8 
1 44 29 
5 65 2 1 1 
67 4 3 
9 36 15 2 7 4 1 
3 23 48 
74 
2 61 6 3 2 
37 31 3 1 2 
1 54 6 5 5 2 1 
2 3 26 23 15 1 4 
3 15 15 17 15 2 6 1 
1 53 20 
1 13 54 5 1 
3 13 29 21 6 1 1 
3 9 42 6 4 6 2 2 
37 18 11 2 2 1 1 1 1 
4 50 3 14 2 1 
15 24 10 14 8 3 
1 65 8 
1 15 23 17 11 6 1 
1 10 15 9 29 1 4 1 3 1 
2 50 14 7 1 
1 53 12 8 
6 24 32 2 6 3 1 
1 14 10 14 15 16 2 1 1 
1 50 8 11 3 1 
5 50 4 12 1 2 
2 36 14 11 4 3 3 1 
1 4 35 29 2 3 
3 62 4 1 4 
10 35 27 1 1 
46 27 1 
36 10 1 13 14 
7 58 9 
1 27 27 19 
1 3 39 30 1 
2 59 9 4 
1 58 9 6 
1 23 49 1 
1 41 16 10 3 1 1 1 
3 19 29 2 14 3 4 
71 1 1 1 
2 19 24 15 11 1 1 1 
3 40 18 11 2 
44 22 5 1 2 
3 43 10 6 4 3 3 2 
1 1 42 20 3 5 2 
8 38 20 4 1 3 
1 53 20 
10 24 13 22 5 
22 21 30 1 
74 
1 52 19 1 1 
2 22 50 
2 15 14 23 11 5 4 
3 33 24 10 2 1 1 
5 37 14 7 8 1 1 1 
1 11 27 24 8 1 2 
5 31 23 5 4 2 1 2 1 
6 34 13 7 13 1 
3 42 7 17 4 1 
1 29 42 2 
1 41 11 1 10 5 1 4 
2 44 28 
58 8 6 2 
1 37 33 3 
22 29 15 5 3 
3 27 20 22 2 
2 71 1 
1 3 25 9 15 3 14 1 1 1 1 
26 29 4 6 1 3 4 1 
14 12 30 9 8 1 
2 7 62 3 
1 31 30 1 9 2 
10 24 2 21 9 8 
2 8 40 15 1 3 1 3 1 
3 37 17 2 15 
2 66 3 3 
42 7 10 9 2 3 1 
2 19 12 20 10 8 1 1 1 
2 31 7 9 4 16 5 
1 12 9 42 10 
2 57 5 4 5 1 
1 33 32 8 
6 40 20 6 1 1 
7 4 19 23 14 3 2 1 1 
1 46 15 7 4 1 
5 6 26 33 1 1 2 
72 1 1 
3 39 31 1 
73 1 
4 3 43 6 14 2 1 1 
16 32 24 2 
1 53 19 1 
3 37 27 6 1 
8 11 6 4 30 13 2 
2 60 11 1 
1 40 18 10 3 2 
2 63 4 1 4 
3 14 6 40 2 4 2 1 1 1 
14 20 30 7 1 1 1 
1 57 6 8 1 1 
1 11 2 43 6 1 7 1 2 
1 61 4 5 3 
3 3 54 12 2 
35 33 1 2 1 2 
73 1 
22 6 27 16 2 1 
1 51 2 20 
2 8 47 14 3 
1 33 39 1 
15 23 36 
2 9 54 1 4 1 3 
4 48 14 8 
9 34 4 19 8 
2 31 5 17 3 10 2 1 1 1 1 
50 12 12 
62 2 4 6 
3 7 43 3 10 4 4 
3 71 
1 42 31 
2 55 17 
10 40 17 6 1 
5 57 5 7 
3 37 6 24 4 
49 11 14 
2 28 34 2 2 5 1 
4 38 6 22 1 2 1 
11 26 13 20 4 
30 24 20 
18 55 1 
5 10 48 6 5 
1 60 10 3 
2 26 46 
3 27 42 2 
36 1 3 2 30 2 
1 60 12 1 
1 32 38 2 1 
17 32 2 9 10 1 2 1 
1 66 2 2 2 1 
74 
74 
4 63 5 2 
1 11 53 9 
72 1 1 
29 16 4 13 3 3 4 1 1 
22 20 29 3 
72 2 
12 54 2 6 
4 53 15 1 1 
1 34 19 10 6 2 2 
1 30 17 10 12 3 1 
4 57 5 7 1 
8 45 14 4 2 1 
24 40 10 
2 12 26 24 4 4 1 1 
45 19 7 2 1 
7 56 11 
64 8 1 1 
1 52 4 1 15 1 
2 31 17 2 21 1 
1 25 25 3 20 
1 60 6 3 1 1 1 1 
3 63 5 1 2 
11 4 59 
4 29 21 7 12 1 
1 73 
1 28 12 18 15 
2 3 37 13 11 6 2 
6 48 13 5 1 1 
4 70 
32 11 6 16 3 4 2 
1 41 27 2 1 2 
4 7 10 53 
33 21 7 12 1 
2 67 3 1 1 
5 58 11 
5 9 25 35 
1 30 27 13 2 1 
1 43 13 13 2 1 1 
2 15 37 6 4 8 1 1 
1 35 24 3 10 1 
2 70 2 
6 13 54 1 
1 72 1 
1 4 27 34 1 4 3 
3 46 23 1 1 
67 7 
2 35 22 14 1 
1 20 7 15 29 2 
1 39 29 5 
4 10 16 4 9 26 1 3 1 
1 28 33 6 6 
6 15 27 5 16 1 2 2 
65 9 
64 4 4 1 1 
3 11 26 29 2 3 
1 7 5 24 12 4 3 4 3 4 3 4 
5 24 39 6 
4 68 2 
2 7 58 1 4 2 
1 8 56 4 5 
1 49 16 2 1 2 1 1 1 
7 13 18 34 1 1 
1 15 58 
2 7 52 7 6 
4 52 6 7 5 
16 58 
6 53 12 1 1 1 
1 24 4 29 11 4 1 
40 10 18 1 2 3 
2 58 6 4 1 2 1 
1 60 8 2 3 
11 7 23 19 14 
38 33 1 2 
2 2 15 4 5 8 32 3 2 1 
1 59 3 6 3 2 
2 55 11 1 5 
9 55 8 1 1 
3 29 4 20 13 5 
47 9 13 4 1 
5 22 1 4 34 5 1 2 
1 25 18 10 3 16 1 
2 69 1 1 1 
33 5 30 1 3 2 
20 54 
1 64 1 2 3 2 1 
1 54 2 17 
1 66 6 1 
2 19 24 24 5 
2 42 1 6 1 5 4 13 
1 48 20 2 3 
1 43 18 12 
1 53 8 12 
1 70 3 
1 42 4 3 5 5 8 3 1 1 1 
73 1 
1 2 50 3 1 1 7 1 1 7 
1 71 1 1 
2 8 39 7 11 1 6 
3 38 29 3 1 
2 4 4 42 20 2 
1 46 21 2 1 1 1 1 
17 2 22 24 9 
5 23 13 25 3 2 2 1 
17 43 9 3 2 
42 2 14 13 1 1 1 
22 23 29 
28 23 1 10 3 7 2 
1 65 1 3 4 
1 22 16 29 1 3 1 1 
1 54 19 
1 34 12 24 1 1 1 
2 18 24 25 1 1 1 2 
7 56 3 5 3 
3 20 18 26 5 2 
2 39 31 1 1 
53 4 6 6 4 1 
1 28 45 
2 4 15 46 3 3 1 
1 6 40 24 2 1 
13 29 10 2 19 1 
2 7 56 3 6 
73 1 
52 22 
13 37 11 13 
1 73 
16 33 10 12 2 1 
8 55 11 
1 27 26 17 1 2 
1 5 5 20 22 9 3 3 6 
29 17 26 1 1 
3 61 1 4 3 2 
9 7 18 26 1 1 6 5 1 
2 1 18 35 17 1 
2 17 14 22 11 3 3 2 
1 43 13 16 1 
1 56 12 2 3 
1 51 8 1 1 5 3 2 1 1 
10 36 28 
21 20 32 1 
4 13 48 2 4 1 1 1 
1 60 10 3 
3 64 5 1 1 
1 19 39 2 3 8 1 1 
2 33 39 
3 24 47 
4 13 50 6 1 
6 60 8 
3 40 8 8 5 2 6 1 1 
12 3 32 1 1 9 14 1 1 
1 15 1 26 16 13 1 1 
1 65 7 1 
1 57 15 1 
27 6 22 14 3 2 
40 4 10 18 2 
1 70 1 2 
1 54 19 
1 65 3 1 2 1 1 
14 4 31 15 4 2 4 
3 23 48 
1 1 11 61 
2 43 1 23 5 
1 32 9 14 11 3 4 
2 28 43 1 
4 66 1 1 1 1 
3 62 7 2 
4 58 1 8 1 1 1 
1 38 33 2 
1 10 33 9 11 8 2 
14 26 32 2 
2 68 1 1 1 1 
3 23 3 12 12 8 2 7 2 1 1 
9 6 51 4 4 
3 42 14 3 11 1 
1 41 1 6 23 2 
5 46 8 11 4 
49 6 6 13 
2 49 23 
1 43 8 17 1 4 
1 32 15 21 5 
65 8 1 
1 63 10 
4 62 1 4 3 
34 28 12 
8 62 1 1 1 1 
1 7 62 2 2 
70 1 3 
6 25 43 
28 20 11 13 2 
1 56 9 1 2 5 
1 46 15 11 1 
8 56 6 3 1 
2 13 13 22 20 4 
3 10 11 3 37 6 3 1 
1 30 43 
1 55 8 10 
1 20 33 11 9 
35 33 6 
14 34 19 3 3 1 
2 55 14 3 
1 20 13 34 5 1 
6 29 21 17 1 
1 4 38 5 2 8 9 5 2 
6 41 15 4 2 6 
3 52 17 1 1 
4 31 39 
1 71 2 
1 36 1 10 14 12 
2 66 3 3 
3 22 11 7 30 1 
1 9 32 3 12 8 1 8 
5 14 41 11 3 
1 53 11 6 2 1 
1 44 28 1 
1 29 14 7 23 
1 62 2 1 2 3 2 1 
23 30 21 
1 14 40 17 1 1 
1 31 42 
2 18 50 4 
1 28 29 10 6 
5 48 7 8 2 3 1 
1 64 9 
65 5 1 2 1 
1 37 14 11 11 
1 64 9 
74 
1 68 5 
1 44 8 17 1 3 
2 68 2 1 1 
4 2 2 34 25 2 5 
16 27 28 3 
59 14 1 
1 15 46 11 1 
1 58 1 2 2 8 1 1 
2 34 30 2 4 1 1 
1 6 49 11 3 1 1 2 
2 58 8 3 2 1 
3 34 37 
2 41 18 6 2 5 
5 48 21 
23 50 1 
1 39 13 2 3 6 2 7 1 
2 35 17 9 1 2 6 1 1 
2 33 17 16 6 
1 17 48 8 
1 27 4 31 9 2 
1 40 6 17 2 4 4 
2 40 9 12 4 1 4 1 1 
12 5 3 37 2 1 1 6 1 6 
3 21 27 17 3 1 2 
41 15 6 8 1 1 2 
18 47 6 2 1 
1 43 11 3 15 1 
4 14 12 3 20 17 2 1 1 
7 12 50 2 2 1 
1 13 48 12 
2 57 8 6 1 
3 23 41 6 1 
1 22 20 19 7 3 2 
28 34 4 7 1 
12 42 18 1 1 
41 4 8 13 6 2 
5 39 4 22 2 1 1 
1 48 3 15 3 3 1 
1 20 32 20 1 
30 9 7 1 14 6 1 2 3 1 
9 50 6 9 
4 34 30 3 1 2 
36 21 12 3 2 
3 71 
2 71 1 
2 67 2 3 
4 52 13 3 1 1 
3 13 33 1 2 4 10 8 
5 56 2 2 9 
2 61 11 
64 9 1 
1 19 15 9 3 8 1 12 5 1 
1 63 8 2 
2 44 12 13 2 1 
1 4 68 1 
49 1 19 5 
20 4 46 2 2 
6 21 13 9 9 2 1 10 1 2 
1 31 36 2 2 2 
2 8 13 10 33 3 4 1 
73 1 
1 68 1 3 1 
4 51 19 
1 47 6 13 6 1 
1 24 9 14 25 1 
1 71 2 
3 68 3 
2 38 6 7 14 5 2 
4 11 56 2 1 
1 55 5 9 3 1 
2 31 41 
3 65 5 1 
2 61 1 4 5 1 
2 25 42 5 
1 71 2 
38 14 22 
73 1 
2 22 50 
3 43 22 2 3 1 
3 17 8 1 6 14 3 2 5 5 8 1 1 
6 35 24 9 
1 33 2 8 7 6 13 4 
26 46 2 
1 13 58 2 
1 7 29 27 9 1 
1 51 15 6 1 
7 60 2 5 
1 29 13 5 14 2 8 1 1 
1 70 3 
2 67 3 2 
1 72 1 
2 62 6 1 2 1 
1 13 40 4 14 2 
1 21 52 
2 19 30 7 6 3 7 
71 2 1 
1 71 1 1 
19 12 20 23 
1 58 13 1 1 
6 59 6 2 1 
1 57 14 1 1 
1 1 27 33 8 2 1 1 
1 48 17 1 6 1 
2 22 16 13 21 
1 14 24 27 8 
15 39 1 5 9 3 2 
1 49 18 1 5 
1 48 15 1 5 1 1 2 
4 51 16 1 1 1 
2 11 42 4 3 5 4 2 1 
2 65 4 2 1 
10 48 15 1 
12 25 9 20 5 1 2 
2 25 18 14 12 3 
13 14 14 11 6 8 5 1 2 
3 61 10 
1 50 8 11 3 1 
1 48 5 10 7 2 1 
2 29 4 25 9 4 1 
14 5 55 
2 29 43 
1 6 44 3 11 5 4 
1 54 15 2 1 1 
9 13 15 5 15 1 1 6 7 2 
11 58 3 2 
74 
1 53 10 4 4 2 
66 3 3 1 1 
1 15 3 35 8 7 3 2 
15 43 14 2 
3 24 36 2 5 4 
1 12 18 35 8 
30 28 8 6 1 1 
2 71 1 
1 32 28 12 1 
2 54 6 7 2 1 2 
1 45 3 16 1 4 2 2 
9 22 24 16 3 
1 48 16 4 3 1 1 
2 24 10 34 1 2 1 
1 40 32 1 
32 21 2 19 
2 48 14 6 2 1 1 
22 24 4 9 9 1 2 1 2 
3 27 12 21 6 1 1 2 1 
1 38 29 2 1 3 
10 26 9 21 5 1 2 
13 26 1 21 3 6 4 
2 57 8 4 3 
1 3 41 9 10 3 7 
17 12 45 
2 35 16 3 6 1 11 
1 8 60 5 
1 62 1 5 5 
1 29 1 21 5 9 8 
74 
1 47 14 10 2 
2 44 25 2 1 
1 23 34 14 2 
1 63 4 3 1 2 
1 58 8 4 2 1 
1 38 25 3 2 4 1 
1 19 29 16 3 1 1 3 1 
4 44 5 11 6 2 1 1 
2 13 31 13 15 
1 34 22 14 1 1 1 
1 52 2 17 2 
4 63 3 3 1 
4 18 52 
1 20 19 27 6 1 
2 30 30 1 7 1 1 1 1 
1 33 3 22 8 3 3 1 
3 18 2 15 31 2 3 
1 22 13 14 2 17 5 
1 32 7 7 20 2 5 
1 71 2 
3 35 33 1 2 
5 28 26 1 11 3 
3 56 8 3 1 1 1 1 
4 44 19 2 2 1 2 
1 34 18 10 10 1 
1 63 6 2 1 1 
12 43 12 1 6 
5 22 27 15 5 
2 51 12 1 5 1 2 
1 12 57 1 2 1 
1 32 23 2 13 3 
5 26 41 1 1 
4 2 14 13 16 6 12 2 2 3 
2 63 4 1 2 2 
74 
1 2 56 7 7 1 
1 20 30 4 14 4 1 
1 2 42 24 2 3 
1 73 
2 35 4 16 6 10 1 
2 46 5 5 11 1 2 2 
1 48 23 1 1 
5 11 50 4 3 1 
28 19 7 17 1 2 
1 46 10 4 12 1 
70 1 1 2 
2 63 9 
2 22 23 18 4 4 1 
72 2 
11 18 33 10 2 
62 11 1 
2 6 7 41 4 12 2 
1 31 30 9 3 
1 39 13 20 1 
66 1 5 1 1 
1 72 1 
1 62 7 3 1 
1 28 11 3 18 1 10 2 
15 32 7 8 6 5 1 
33 22 9 8 1 1 
10 13 36 3 4 4 4 
12 7 11 33 5 2 4 
1 9 5 9 10 24 4 2 5 3 2 
4 14 11 6 4 4 24 1 3 3 
2 14 2 22 23 9 2 
8 23 2 15 1 9 11 4 1 
1 60 12 1 
1 18 30 14 7 1 1 1 1 
8 33 33 
3 40 31 
3 57 10 1 3 
1 61 12 
1 17 29 12 15 
6 50 17 1 
23 44 3 3 1 
2 48 7 13 4 
1 59 9 1 2 1 1 
2 13 3 30 7 2 7 10 
2 10 25 28 4 5 
2 57 10 3 2 
7 15 44 2 6 
15 11 35 4 5 1 2 1 
48 23 1 2 
1 13 25 14 4 16 1 
3 2 33 12 9 6 5 3 1 
1 36 29 3 5 
2 10 34 9 3 16 
3 5 13 11 19 19 2 2 
1 29 18 2 10 14 
2 51 20 1 
1 55 11 1 2 3 1 
13 10 49 2 
1 58 2 2 10 1 
2 67 5 
2 66 2 4 
3 5 40 11 2 8 2 2 1 
2 64 2 2 3 1 
72 1 1 
2 41 29 2 
1 2 20 39 6 5 1 
36 12 24 2 
3 63 8 
1 36 23 12 2 
2 64 7 1 
14 6 43 3 7 1 
2 67 4 1 
1 64 9 
1 22 22 3 14 2 5 1 3 1 
7 20 47 
4 29 29 1 3 5 2 1 
33 1 4 1 3 3 7 15 2 2 3 
74 
74 
43 9 19 2 1 
69 3 1 1 
1 5 19 1 16 10 19 2 1 
27 36 6 4 1 
1 14 12 14 16 14 2 1 
6 32 34 1 1 
1 64 3 5 1 
22 3 13 7 6 11 5 6 1 
14 56 4 
2 19 52 1 
74 
11 19 24 18 2 
61 3 10 
1 68 2 3 
1 70 3 
5 2 13 41 12 1 
3 9 49 10 3 
73 1 
1 18 7 22 14 10 1 1 
19 13 9 27 6 
1 23 6 28 11 2 2 1 
1 66 4 3 
1 8 33 13 2 4 13 
1 17 56 
74 
59 15 
1 55 18 
3 16 48 4 2 1 
73 1 
3 52 10 6 3 
4 2 4 59 2 1 1 1 
2 62 7 3 
3 25 27 13 1 4 1 
10 39 9 6 10 
1 69 1 2 1 
1 23 10 33 4 1 1 1 
1 14 54 1 4 
5 4 62 2 1 
1 45 2 14 2 3 2 4 1 
11 28 20 4 10 1 
4 4 31 12 16 2 4 1 
1 37 7 21 5 2 1 
2 16 40 4 8 3 1 
1 39 34 
19 4 24 8 4 7 1 7 
35 35 1 2 1 
5 34 27 3 2 3 
10 49 5 8 2 
9 62 3 
1 51 22 
1 26 11 23 11 2 
1 17 33 1 1 2 4 9 6 
1 12 10 7 23 10 7 3 1 
10 54 7 1 2 
1 39 28 1 2 2 1 
74 
14 2 16 19 1 9 7 2 1 1 2 
1 6 52 8 6 1 
3 10 34 4 2 17 3 1 
1 1 63 8 1 
2 31 36 2 1 2 
6 68 
7 38 1 4 7 8 2 3 1 3 
2 9 29 16 2 10 1 2 3 
1 9 28 21 15 
1 32 15 16 2 7 1 
5 69 
1 50 12 4 6 1 
1 47 13 10 3 
6 61 4 3 
1 66 7 
1 30 43 
4 27 43 
1 12 52 9 
5 44 25 
2 50 6 1 11 4 
1 25 12 13 4 9 8 1 1 
1 68 5 
2 52 15 1 2 2 
1 28 44 1 
3 3 38 9 1 8 3 3 3 3 
3 58 9 3 1 
2 71 1 
13 20 15 12 2 9 3 
2 27 33 8 1 3 
1 32 8 19 9 4 1 
21 21 7 22 2 1 
49 7 1 13 4 
1 42 16 2 6 7 
1 46 3 20 3 1 
2 25 2 17 7 16 1 1 1 1 1 
5 59 6 2 2 
3 30 38 1 2 
1 8 39 13 3 5 5 
1 15 12 12 15 5 13 1 
1 35 6 3 14 13 1 1 
3 58 11 2 
1 59 10 3 1 
1 37 36 
1 73 
46 10 6 1 5 5 1 
10 43 6 11 1 1 1 1 
1 14 19 40 
1 14 39 8 11 1 
1 15 40 11 7 
1 70 1 2 
21 23 28 2 
1 62 8 2 1 
16 33 21 3 1 
17 38 8 2 6 1 2 
5 40 8 5 12 4 
4 47 19 1 1 2 
11 33 20 1 4 4 1 
1 12 35 4 3 7 6 6 
3 68 3 
2 36 36 
4 10 59 1 
1 45 23 1 3 1 
2 6 23 29 8 6 
8 9 7 9 28 1 2 1 6 2 1 
8 5 22 5 30 2 1 1 
3 13 17 33 4 1 1 2 
1 41 22 2 8 
1 4 2 46 11 8 1 1 
5 13 26 17 13 
2 66 4 1 1 
1 40 1 9 8 1 8 5 1 
5 37 8 21 3 
48 5 16 3 1 1 
7 20 12 35 
1 32 25 12 3 1 
1 29 19 22 3 
1 63 6 3 1 
30 36 7 1 
2 51 8 5 4 2 1 1 
1 14 33 8 3 3 8 2 1 1 
1 18 26 6 3 19 1 
5 59 10 
1 16 18 20 16 3 
2 1 16 13 37 3 2 
2 29 4 2 1 8 12 2 5 2 1 5 1 
1 55 8 6 2 2 
3 43 8 8 2 1 3 2 1 2 1 
2 48 2 10 4 7 1 
65 9 
2 22 12 16 9 9 4 
2 69 3 
3 63 6 2 
3 24 47 
1 64 9 
1 28 23 21 1 
2 9 19 37 2 5 
1 52 20 1 
2 66 3 2 1 
68 4 2 
1 7 21 20 18 5 2 
1 66 4 1 2 
6 55 13 
1 54 11 1 7 
2 44 4 6 12 4 1 1 
1 32 41 
1 27 4 11 23 1 5 2 
74 
3 71 
1 48 18 1 5 1 
34 7 33 
4 21 14 11 9 8 3 1 3 
5 43 20 2 4 
2 68 4 
2 33 38 1 
5 36 15 17 1 
2 54 8 4 3 2 1 
2 21 5 12 16 9 7 1 1 
2 33 27 12 
3 27 30 4 4 5 1 
2 40 3 6 21 1 1 
12 27 6 3 8 11 4 1 1 1 
7 19 34 6 8 
1 24 44 3 1 1 
5 8 60 1 
17 54 2 1 
1 26 15 30 1 1 
3 51 4 15 1 
1 47 23 3 
6 3 7 58 
17 20 5 8 24 
3 16 49 4 1 1 
1 14 48 4 6 1 
1 22 51 
1 17 12 32 7 2 1 1 1 
1 61 1 4 1 2 1 1 1 1 
1 39 30 1 1 2 
2 63 7 2 
1 46 10 7 2 7 1 
1 32 26 1 2 3 2 3 3 1 
7 9 58 
74 
4 69 1 
2 17 34 19 1 1 
60 1 11 2 
2 42 29 1 
1 24 4 32 4 8 1 
43 22 4 3 1 1 
2 23 6 8 35 
1 13 35 12 13 
2 57 15 
2 6 39 24 3 
21 23 19 7 1 3 
4 7 49 1 13 
1 43 16 14 
20 6 24 11 5 1 5 1 1 
1 53 15 3 1 1 
1 34 31 6 2 
1 59 6 1 3 3 1 
1 36 17 13 6 1 
1 47 2 24 
1 20 22 4 16 2 5 4 
1 63 10 
2 2 70 
2 21 48 2 1 
2 50 17 5 
18 1 17 32 5 1 
1 70 1 1 1 
7 62 5 
61 9 1 3 
1 33 24 16 
6 33 15 8 10 1 1 
11 63 
2 48 2 1 6 2 7 1 4 1 
1 63 10 
1 62 7 2 1 1 
42 4 24 2 2 
4 40 28 1 1 
74 
72 2 
50 1 14 8 1 
1 65 4 1 3 
1 13 28 26 6 
2 32 2 10 1 6 7 8 5 1 
20 24 3 13 14 
1 38 35 
2 14 17 15 26 
2 55 10 4 2 1 
6 34 17 15 2 
6 60 5 3 
70 2 2 
9 52 11 1 1 
1 22 1 35 15 
2 70 2 
2 37 28 5 1 1 
5 23 25 14 3 1 3 
3 70 1 
9 34 19 4 6 2 
24 47 1 2 
6 9 24 10 1 20 3 1 
1 22 19 11 20 1 
2 58 6 7 1 
5 23 5 34 4 3 
8 62 3 1 
5 30 35 2 1 1 
2 30 26 15 1 
1 28 45 
1 68 3 2 
30 1 16 7 3 3 7 4 1 1 1 
25 40 6 1 1 1 
5 1 6 32 30 
48 12 2 10 1 1 
5 44 7 10 8 
2 49 23 
36 33 5 
4 35 19 3 4 4 2 2 1 
11 2 47 1 6 4 1 1 1 
1 49 2 6 8 5 2 1 
2 31 7 31 1 2 
1 70 3 
24 46 1 2 1 
1 72 1 
1 42 3 23 2 2 1 
1 22 1 7 2 20 8 2 3 6 2 
2 11 32 20 8 1 
1 16 14 40 1 1 1 
8 5 41 10 3 2 5 
6 4 4 31 20 9 
3 30 2 30 1 3 2 2 1 
47 18 6 1 2 
1 4 39 5 21 1 3 
1 4 18 23 20 6 1 1 
1 1 61 7 3 1 
36 31 4 1 2 
2 60 8 1 3 
1 3 4 38 27 1 
4 32 11 1 9 8 5 1 2 1 
1 35 37 1 
74 
8 30 35 1 
1 6 15 10 13 7 11 1 5 1 1 3 
3 21 38 1 7 4 
31 43 
70 4 
1 44 18 5 1 4 1 
16 21 9 23 4 1 
2 32 30 3 5 1 1 
3 1 8 22 9 11 7 7 2 1 3 
1 21 1 9 1 41 
14 42 11 5 1 1 
4 57 6 5 2 
1 46 17 5 5 
1 53 1 14 5 
2 64 8 
1 28 9 3 5 15 3 7 2 1 
2 4 49 14 5 
31 20 6 12 2 3 
2 36 29 2 4 1 
1 46 16 11 
2 56 12 2 2 
34 27 4 9 
5 42 1 22 4 
2 39 17 14 2 
31 1 26 1 8 3 4 
1 28 39 5 1 
2 20 31 9 2 10 
2 52 10 9 1 
2 40 2 8 15 3 2 2 
1 18 34 5 11 1 2 1 1 
3 6 5 39 13 2 2 3 1 
1 26 44 3 
1 48 1 7 16 1 
1 21 48 2 2 
1 13 18 12 30 
3 66 3 2 
2 44 1 27 
1 52 8 7 3 2 1 
2 18 13 40 1 
72 2 
1 61 1 5 1 2 1 1 1 
1 70 1 2 
1 23 48 1 1 
1 34 10 10 18 1 
2 56 10 1 1 3 1 
2 1 65 4 2 
1 11 28 30 2 1 1 
1 36 31 6 
1 49 10 5 1 3 4 1 
14 35 1 10 9 3 1 1 
2 8 56 7 1 
3 68 3 
2 18 19 21 2 11 1 
8 1 16 1 8 17 2 9 4 1 2 4 1 
52 20 1 1 
17 36 10 2 3 4 1 1 
10 33 11 14 1 5 
45 20 9 
3 39 26 4 2 
6 18 46 1 3 
2 22 32 13 3 2 
8 60 4 1 1 
2 23 48 1 
1 59 9 4 1 
69 5 
4 58 6 4 1 1 
39 12 21 1 1 
9 42 6 4 1 2 5 5 
4 53 6 1 4 1 4 1 
21 1 25 24 3 
73 1 
4 2 17 3 2 45 1 
2 64 8 
6 27 24 12 2 2 1 
71 3 
2 45 21 5 1 
10 21 38 3 2 
1 38 15 15 5 
1 64 9 
13 36 17 1 3 3 1 
10 24 5 6 28 1 
1 26 12 20 3 3 2 3 2 1 1 
9 16 15 15 19 
12 34 3 6 2 9 2 2 4 
11 45 17 1 
1 42 9 9 13 
1 66 5 2 
1 43 10 8 5 3 2 2 
35 34 2 3 
2 71 1 
11 4 49 1 4 2 2 1 
3 1 13 12 35 8 2 
7 42 5 19 1 
14 48 1 3 7 1 
3 64 1 3 1 2 
2 61 3 7 1 
7 25 18 2 7 8 1 4 2 
2 36 14 13 6 3 
7 19 14 28 4 2 
1 44 9 11 4 1 3 1 
1 21 27 18 1 6 
1 3 16 32 19 3 
25 38 8 1 2 
2 36 34 1 1 
3 42 1 10 1 6 7 1 2 1 
73 1 
17 27 25 1 2 1 1 
8 6 29 18 4 2 4 2 1 
1 14 44 15 
38 8 19 9 
3 41 30 
10 30 24 6 1 2 1 
1 36 27 8 2 
6 17 1 40 9 1 
1 51 1 21 
3 21 3 15 3 11 4 1 11 2 
1 5 34 27 1 5 1 
1 24 23 24 2 
6 52 15 1 
1 45 12 9 3 2 1 1 
2 40 22 6 3 1 
21 23 16 12 2 
2 35 3 25 4 3 1 1 
10 55 3 2 1 3 
2 12 43 5 9 1 2 
3 47 8 12 1 2 1 
1 44 27 2 
9 62 1 2 
1 26 11 15 18 1 2 
1 32 8 30 3 
1 17 53 1 2 
1 35 29 8 1 
20 16 27 1 3 4 3 
50 9 3 8 3 1 
32 8 30 2 1 1 
1 3 15 9 2 19 20 2 1 2 
3 54 17 
12 12 48 1 1 
9 17 39 9 
2 63 8 1 
1 10 43 4 10 6 
10 5 34 17 8 
19 12 28 1 7 5 2 
4 59 11 
1 41 5 19 2 6 
1 5 63 2 3 
6 33 18 16 1 
9 47 18 
1 15 38 16 4 
60 4 4 1 1 2 2 
2 5 25 42 
1 7 29 24 9 2 2 
1 22 43 1 7 
2 48 6 1 7 10 
7 30 28 7 1 1 
1 60 1 3 3 2 3 1 
72 1 1 
1 35 18 5 5 1 1 1 2 4 1 
2 54 8 10 
2 62 7 2 1 
3 54 16 1 
2 40 16 3 13 
3 61 10 
62 5 3 2 1 1 
1 18 8 22 9 1 8 7 
28 37 9 
1 33 36 2 1 1 
8 5 2 48 10 1 
1 6 36 26 3 1 1 
1 62 4 4 1 2 
15 33 23 1 1 1 
11 40 21 2 
3 28 8 15 20 
3 11 53 6 1 
1 7 32 4 24 3 1 2 
1 29 6 10 8 6 13 1 
1 25 25 21 2 
2 39 4 13 13 3 
2 5 1 28 28 2 3 4 1 
3 57 14 
1 21 30 10 2 2 6 2 
1 47 19 1 6 
8 12 12 27 4 10 1 
1 33 18 17 5 
3 60 8 1 2 
1 51 3 9 10 
1 69 4 
1 53 20 
27 46 1 
2 50 18 1 3 
1 15 21 19 18 
6 8 56 3 1 
1 11 17 8 21 15 1 
7 35 7 2 11 9 1 2 
23 1 4 13 22 7 2 1 1 
2 59 2 9 1 1 
5 43 22 3 1 
1 1 11 12 35 2 12 
2 33 11 1 16 11 
1 6 36 21 7 1 1 1 
1 72 1 
51 21 1 1 
5 31 25 9 4 
2 1 42 9 3 3 3 5 5 1 
10 14 14 9 13 14 
62 4 7 1 
10 19 44 1 
1 33 6 10 14 2 4 4 
2 22 15 33 2 
1 30 9 18 3 4 7 2 
19 19 33 2 1 
1 45 10 13 5 
1 46 10 7 6 4 
42 6 17 8 1 
4 15 44 10 1 
1 34 1 3 11 3 10 1 1 6 2 1 
3 31 9 11 8 6 2 1 1 2 
1 5 24 1 5 16 10 1 9 2 
1 32 7 5 17 4 1 6 1 
1 23 33 17 
2 31 5 15 9 4 3 1 1 1 1 1 
1 46 24 1 1 1 
1 19 43 5 1 5 
2 63 6 1 1 1 
4 17 53 
1 61 1 7 1 2 1 
4 35 16 9 5 3 1 1 
1 57 15 1 
50 22 2 
8 53 9 2 1 1 
74 
7 11 35 5 16 
14 53 1 3 3 
1 20 36 17 
14 17 11 29 2 1 
2 25 19 28 
1 35 12 11 13 2 
2 29 28 3 2 8 2 
3 31 18 9 1 2 4 1 5 
1 39 3 26 1 1 1 2 
8 12 45 2 2 4 1 
2 40 31 1 
1 25 32 15 1 
1 16 2 53 2 
3 64 1 3 3 
43 12 19 
1 10 18 40 4 1 
6 33 35 
69 4 1 
46 17 7 3 1 
1 30 7 4 10 16 4 1 1 
4 52 2 9 6 1 
1 18 11 30 3 8 1 1 1 
1 57 10 1 2 1 2 
2 32 16 2 3 12 1 3 2 1 
1 2 30 18 13 4 3 3 
1 49 22 1 1 
1 11 62 
1 49 21 2 1 
73 1 
18 39 13 1 3 
7 13 31 14 4 4 1 
12 53 2 3 2 2 
14 34 16 6 3 1 
1 29 8 32 3 1 
5 11 9 49 
3 13 2 26 4 20 3 2 1 
2 26 8 6 12 10 1 1 3 1 2 1 1 
7 35 18 7 1 1 1 2 2 
5 51 5 4 4 2 2 1 
1 44 27 1 1 
1 58 8 5 1 1 
56 6 10 2 
3 24 47 
1 59 5 9 
1 52 7 13 1 
1 37 20 13 1 1 1 
3 33 23 13 1 1 
5 43 26 
1 25 13 30 3 2 
59 4 11 
1 65 4 3 1 
1 51 16 3 1 2 
2 5 24 29 3 11 
1 10 16 38 7 2 
1 53 18 1 1 
73 1 
1 13 21 10 2 3 17 6 1 
20 28 3 4 6 5 3 2 2 1 
25 20 29 
1 44 29 
2 39 13 3 17 
38 3 3 13 11 2 1 2 1 
1 52 14 3 1 2 1 
5 30 23 14 2 
19 5 1 41 3 5 
1 23 17 1 4 9 10 9 
8 54 7 4 1 
2 14 53 4 1 
2 18 47 1 5 1 
4 10 55 5 
3 52 14 4 1 
1 17 35 18 3 
2 8 10 2 15 26 1 10 
12 22 15 24 1 
1 70 2 1 
1 53 1 15 1 1 1 1 
69 4 1 
48 24 2 
3 58 4 8 1 
8 55 1 3 3 3 1 
37 26 1 2 2 6 
2 19 27 24 2 
5 23 13 2 31 
1 62 11 
5 31 38 
2 65 6 1 
2 28 39 3 2 
1 71 2 
4 47 20 3 
20 4 33 3 1 1 8 2 1 1 
1 34 39 
3 49 21 1 
21 39 14 
11 29 12 7 1 2 12 
1 29 35 2 7 
4 17 7 18 3 18 1 4 2 
7 8 42 2 13 2 
1 22 50 1 
2 42 21 3 5 1 
1 46 15 1 6 4 1 
24 37 8 5 
33 39 2 
1 23 49 1 
1 67 4 1 1 
1 43 30 
6 39 12 9 2 4 2 
1 23 2 1 9 34 1 1 1 1 
47 9 16 1 1 
44 18 4 6 2 
1 30 42 1 
14 34 9 1 4 7 3 1 1 
68 3 1 2 
20 4 1 27 6 1 1 12 1 1 
20 31 1 17 4 1 
4 49 13 1 7 
1 65 6 1 1 
62 9 1 2 
2 4 23 22 8 2 4 2 7 
6 37 30 1 
2 3 46 8 3 1 7 2 2 
3 45 26 
3 13 3 21 2 7 6 6 3 5 4 1 
1 54 19 
1 73 
3 29 39 1 2 
1 20 51 1 1 
2 34 9 26 3 
4 49 8 12 1 
1 41 14 18 
67 1 4 1 1 
26 4 16 26 1 1 
1 11 26 10 26 
17 13 24 9 6 3 2 
23 17 11 20 1 1 1 
2 52 9 10 1 
3 22 34 11 3 1 
1 68 5 
14 13 32 12 3 
1 18 29 25 1 
59 13 2 
1 18 55 
1 48 21 1 3 
2 43 24 4 1 
1 64 1 5 2 1 
1 16 41 11 2 2 1 
30 42 1 1 
9 34 3 3 2 13 4 3 3 
2 5 7 54 5 1 
4 5 61 4 
2 6 51 10 3 1 1 
1 23 50 
23 38 1 11 1 
1 47 22 3 1 
1 55 11 1 6 
1 66 7 
11 26 34 3 
1 53 10 3 7 
14 49 5 3 2 1 
1 42 29 2 
10 64 
13 42 5 6 6 1 1 
2 40 13 1 11 3 2 1 1 
4 39 29 2 
2 71 1 
1 49 14 6 3 1 
4 39 20 2 6 2 1 
1 15 26 19 10 2 1 
3 30 5 20 2 14 
6 8 32 9 8 10 1 
2 63 4 1 3 1 
2 43 29 
1 32 26 2 13 
2 25 16 6 10 9 4 2 
2 26 3 19 8 2 5 3 2 2 2 
67 7 
69 4 1 
71 3 
1 23 35 1 11 3 
1 28 25 5 10 5 
1 6 65 1 1 
10 23 34 6 1 
1 41 6 22 3 1 
74 
2 39 26 2 2 3 
9 27 35 2 1 
12 49 13 
4 7 57 6 
3 25 6 6 32 2 
4 38 16 11 5 
1 32 37 1 2 1 
16 54 1 1 1 1 
7 20 34 3 2 6 1 1 
1 70 3 
1 8 26 34 3 1 1 
5 5 11 28 17 8 
1 2 13 33 4 17 2 2 
1 65 5 2 1 
6 44 3 6 13 2 
6 60 7 1 
14 5 41 14 
1 23 50 
3 67 4 
1 66 2 1 3 1 
23 24 27 
4 70 
1 26 47 
1 66 4 2 1 
1 17 49 1 2 3 1 
2 7 12 27 7 2 10 7 
1 31 22 2 7 6 4 1 
2 65 1 5 1 
1 62 8 2 1 
1 19 48 1 2 2 1 
66 3 2 1 1 1 
54 15 2 3 
1 23 33 14 1 2 
38 33 3 
6 37 30 1 
1 8 65 
4 27 34 4 4 1 
17 9 44 1 1 1 1 
1 66 7 
4 27 36 4 3 
1 13 7 11 31 3 2 3 1 1 1 
2 10 42 20 
1 58 11 3 1 
61 7 6 
6 66 2 
1 21 35 3 1 2 9 2 
26 34 11 2 1 
12 48 14 
5 32 27 4 4 1 1 
14 52 7 1 
2 52 1 19 
4 60 1 9 
17 54 1 1 1 
1 62 10 1 
1 6 20 44 2 1 
9 23 41 1 
4 37 4 21 6 1 1 
3 41 30 
1 17 47 2 3 2 2 
4 38 32 
9 51 1 11 1 1 
3 36 3 24 4 1 3 
2 65 7 
1 41 32 
16 43 3 2 7 1 1 1 
67 5 2 
1 38 20 10 2 3 
1 21 32 12 1 7 
1 37 28 8 
1 11 43 19 
2 67 5 
28 45 1 
66 7 1 
3 12 31 18 3 5 1 1 
2 9 53 4 6 
2 45 5 3 10 5 3 1 
1 3 11 28 18 9 1 2 1 
1 17 40 6 2 7 1 
5 37 27 3 1 1 
4 51 2 15 2 
1 56 6 6 1 1 3 
1 1 9 18 18 19 6 1 1 
1 63 6 2 2 
16 11 26 3 10 1 2 5 
3 22 23 21 3 1 1 
1 46 3 2 13 2 3 3 1 
28 40 6 
1 71 1 1 
6 5 16 29 3 7 3 4 1 
16 34 7 6 9 1 1 
4 47 3 12 5 3 
1 53 17 1 2 
1 9 22 12 23 7 
4 35 15 13 4 2 1 
1 3 52 17 1 
4 10 4 14 16 24 2 
48 19 2 4 1 
1 68 2 1 2 
1 37 34 2 
7 37 9 18 3 
1 68 4 1 
1 56 17 
1 42 31 
73 1 
1 49 6 11 2 2 2 1 
1 20 12 39 2 
1 64 6 2 1 
1 61 7 3 2 
1 44 25 3 1 
2 37 16 15 2 2 
1 17 51 2 3 
10 25 3 6 4 14 9 1 1 1 
1 28 45 
1 31 6 13 1 3 9 1 9 
1 25 2 3 24 10 1 2 6 
1 20 22 4 22 3 1 1 
1 5 12 19 29 7 1 
20 33 7 11 2 1 
43 25 6 
2 15 30 4 4 15 1 1 1 1 
2 68 2 2 
9 62 1 2 
6 6 13 14 12 16 4 1 2 
1 57 1 11 1 2 1 
1 63 7 3 
5 13 12 3 2 27 7 5 
1 54 8 10 1 
11 29 8 25 1 
10 54 10 
1 29 5 12 4 3 10 2 4 4 
2 18 46 2 6 
1 64 5 1 1 1 1 
1 37 3 24 5 3 1 
1 18 19 17 9 3 1 6 
2 12 52 6 2 
15 47 11 1 
4 21 49 
6 39 17 11 1 
3 51 19 1 
1 15 37 17 1 3 
11 8 36 7 3 3 2 4 
1 46 7 7 12 1 
5 51 3 15 
2 23 21 2 19 4 3 
1 17 50 4 2 
9 56 9 
4 62 8 
3 58 13 
2 16 30 1 8 10 4 3 
2 69 2 1 
1 33 2 21 13 2 1 1 
4 7 9 15 8 3 19 8 1 
26 26 16 1 1 4 
1 28 1 43 1 
25 22 23 4 
1 69 3 1 
14 58 1 1 
6 63 3 2 
1 36 17 11 3 5 1 
3 23 29 12 5 2 
1 65 7 1 
3 56 2 4 2 3 2 1 1 
26 24 7 3 1 3 4 4 1 1 
1 22 18 25 3 1 2 2 
1 41 29 2 1 
1 18 6 35 12 1 1 
1 53 20 
3 41 13 7 8 1 1 
71 1 2 
31 16 1 22 4 
1 13 48 5 4 2 1 
3 55 14 2 
15 14 38 6 1 
1 9 40 24 
3 39 3 24 3 2 
1 59 5 1 8 
30 9 2 9 17 3 2 1 1 
1 49 3 20 1 
3 45 10 8 4 1 2 1 
1 17 16 17 12 9 2 
3 21 50 
22 25 5 21 1 
2 15 57 
23 16 35 
19 36 12 5 2 
5 54 3 6 1 3 2 
4 23 47 
2 69 2 1 
6 6 25 7 28 2 
2 3 27 35 1 3 2 1 
5 47 17 1 3 1 
44 18 12 
2 7 35 22 7 1 
2 9 44 8 11 
65 6 3 
13 53 8 
44 28 2 
2 67 4 1 
4 32 38 
1 61 7 4 1 
1 57 6 4 1 3 2 
1 60 1 2 5 1 2 2 
1 55 16 2 
1 38 14 8 12 1 
3 11 35 10 4 7 2 2 
4 66 1 1 2 
9 10 48 2 2 2 1 
1 34 39 
1 14 30 6 2 7 4 7 1 1 1 
1 36 15 15 3 3 1 
1 23 26 8 16 
36 21 3 2 4 5 2 1 
74 
16 1 12 11 3 30 1 
16 39 3 10 5 1 
1 48 25 
2 49 23 
34 20 16 3 1 
18 42 2 2 1 1 4 3 1 
12 21 24 1 2 6 8 
1 43 2 28 
1 19 4 2 23 16 9 
2 62 3 6 1 
74 
2 34 22 11 1 2 1 1 
1 26 21 18 3 2 2 1 
72 1 1 
4 6 11 13 9 27 1 3 
4 23 22 12 4 5 1 3 
1 9 32 18 10 1 1 1 1 
3 26 21 6 11 2 3 2 
2 56 6 1 1 5 1 1 1 
1 9 28 9 12 15 
13 44 9 7 1 
33 41 
4 31 22 1 15 1 
1 55 8 10 
1 27 43 3 
1 18 55 
1 18 42 7 3 2 1 
12 37 3 20 2 
2 6 65 1 
1 63 5 5 
5 22 29 12 1 4 1 
7 38 6 21 1 1 
54 5 5 5 5 
60 8 2 4 
2 6 38 19 9 
2 65 7 
1 51 21 1 
3 12 43 3 8 2 2 1 
48 19 7 
1 45 12 13 3 
1 4 36 16 12 2 3 
27 3 9 24 11 
1 54 1 3 13 2 
1 11 6 16 35 4 1 
2 56 7 2 5 2 
38 25 2 7 1 1 
5 2 25 30 11 1 
2 40 2 10 1 11 1 1 3 1 1 1 
1 70 3 
1 28 20 8 10 1 4 1 1 
1 44 26 2 1 
21 36 17 
1 41 28 2 2 
37 33 2 1 1 
8 42 23 1 
3 40 15 6 7 2 1 
3 34 8 5 13 7 4 
1 42 31 
7 15 26 7 19 
1 71 2 
44 27 2 1 
71 2 1 
1 63 10 
1 1 42 22 4 1 3 
1 3 22 15 23 4 4 2 
4 22 22 14 11 1 
1 13 48 11 1 
9 38 27 
1 12 39 18 2 2 
5 11 1 32 2 3 19 1 
3 52 17 1 1 
1 27 40 3 3 
5 11 23 18 9 1 5 2 
1 62 9 1 1 
4 48 2 5 5 10 
1 16 7 12 16 3 2 9 3 3 2 
1 17 8 46 1 1 
74 
