13 5 34 10 13 
1 47 9 11 4 1 1 1 
1 1 46 17 8 1 1 
2 8 24 11 24 5 1 
3 37 33 1 1 
2 49 13 9 2 
6 11 11 8 1 3 20 3 2 2 6 1 1 
1 53 17 2 2 
8 30 21 4 4 2 6 
23 11 23 9 9 
3 24 48 
4 55 7 4 5 
1 18 47 3 1 3 2 
3 27 6 25 4 10 
67 3 2 3 
1 33 2 25 10 4 
1 14 49 6 4 1 
1 48 3 7 12 4 
1 11 6 40 17 
1 6 12 44 8 1 3 
2 58 1 6 3 1 3 1 
2 58 2 12 1 
1 57 12 4 1 
2 68 1 1 3 
12 57 4 2 
1 8 49 6 9 1 1 
16 14 27 11 5 2 
3 3 33 16 1 4 10 2 1 1 1 
2 62 3 6 2 
1 42 14 14 4 
75 
2 5 12 27 21 4 3 1 
1 3 12 28 25 4 2 
2 46 10 8 4 3 2 
1 18 18 34 4 
33 6 15 16 5 
4 66 5 
1 57 2 11 2 2 
1 21 47 6 
3 13 5 30 8 4 1 8 3 
6 17 17 1 9 6 10 4 2 1 1 1 
7 24 15 6 16 5 1 1 
4 7 10 3 11 22 12 4 2 
1 56 18 
65 5 5 
1 70 4 
1 10 25 37 2 
2 68 5 
5 43 21 4 2 
1 43 8 12 5 5 1 
9 24 34 7 1 
42 4 3 9 6 5 6 
26 16 21 6 3 3 
45 24 5 1 
44 7 23 1 
19 38 10 4 2 2 
3 48 23 1 
1 6 7 53 2 2 2 2 
75 
3 18 22 29 3 
23 38 4 1 8 1 
1 11 45 3 10 1 3 1 
2 47 21 4 1 
56 5 2 10 2 
1 32 5 22 5 9 1 
51 8 1 12 2 1 
3 61 6 5 
51 24 
34 27 1 8 2 2 1 
3 17 45 8 2 
19 52 3 1 
1 58 1 1 2 9 1 2 
28 7 39 1 
1 18 45 4 1 4 2 
1 70 4 
2 49 5 17 1 1 
1 24 25 13 4 5 1 1 1 
1 45 2 11 2 3 6 3 2 
7 52 16 
2 20 35 12 4 1 1 
1 2 47 3 2 18 1 1 
1 39 1 32 1 1 
11 25 31 3 1 3 1 
1 2 27 13 26 5 1 
4 6 46 9 9 1 
1 8 15 31 8 5 7 
8 36 31 
1 18 18 3 27 3 2 2 1 
4 2 2 44 1 20 1 1 
8 17 45 5 
1 41 14 2 17 
1 34 40 
9 6 22 11 22 3 1 1 
2 57 14 2 
3 18 22 10 1 3 10 7 1 
1 29 39 3 3 
74 1 
1 62 3 3 2 3 1 
2 43 17 11 1 1 
13 34 23 4 1 
2 50 16 6 1 
3 30 18 2 9 5 2 6 
1 58 2 7 1 1 5 
3 3 17 37 1 8 6 
2 20 52 1 
2 73 
1 45 15 13 1 
1 29 20 21 2 1 1 
12 36 26 1 
1 24 42 6 2 
1 66 8 
2 11 49 5 4 1 1 2 
38 4 32 1 
1 6 56 2 3 4 1 2 
2 43 24 1 3 1 1 
2 36 22 2 13 
4 34 27 3 5 1 1 
1 48 13 11 2 
1 4 44 10 16 
1 29 7 12 25 1 
2 72 1 
1 41 4 1 13 3 1 4 6 1 
1 14 9 3 20 25 3 
7 12 47 7 2 
3 62 3 5 2 
14 38 23 
6 37 31 1 
1 62 1 7 3 1 
1 59 12 1 1 1 
24 37 5 3 3 1 2 
3 12 56 1 1 2 
2 40 9 11 2 3 8 
8 51 14 1 1 
39 14 2 5 3 5 5 2 
1 28 29 11 3 3 
74 1 
13 14 3 5 20 8 5 4 3 
3 53 14 4 1 
8 44 22 1 
14 37 23 1 
2 42 29 1 1 
1 18 13 16 8 2 7 4 5 1 
3 53 3 1 4 1 9 1 
4 68 2 1 
2 47 17 3 3 1 1 1 
12 48 1 4 6 3 1 
5 21 25 15 1 8 
1 51 19 1 2 1 
27 23 1 21 2 1 
1 25 29 18 1 1 
1 12 41 4 6 8 1 1 1 
6 57 1 2 2 5 1 1 
7 19 27 7 9 6 
1 59 15 
2 12 30 6 23 1 1 
1 51 13 9 1 
1 68 6 
21 50 3 1 
70 1 3 1 
2 7 15 19 25 3 2 1 1 
1 31 36 3 4 
9 34 3 4 10 2 1 6 4 1 1 
1 3 41 5 11 10 4 
19 49 7 
1 1 8 47 13 2 3 
17 38 10 7 1 1 1 
3 59 13 
2 53 14 6 
1 1 48 25 
4 30 40 1 
29 41 3 1 1 
1 34 18 13 8 1 
1 59 5 2 6 1 1 
1 68 6 
3 34 34 3 1 
1 40 31 3 
1 22 40 6 5 1 
5 2 34 15 12 7 
5 24 9 9 2 3 3 2 17 1 
68 1 4 1 1 
2 36 2 16 10 4 4 1 
1 68 4 1 1 
2 67 6 
14 60 1 
57 10 8 
1 49 5 13 4 3 
75 
25 5 2 42 1 
1 24 15 10 23 1 1 
1 11 28 2 6 10 15 1 1 
65 6 1 3 
20 33 2 2 6 6 4 1 1 
1 59 10 4 1 
70 4 1 
15 4 37 19 
2 7 63 3 
75 
3 25 4 11 8 11 2 2 6 3 
54 17 4 
1 72 2 
1 41 32 1 
13 26 16 9 4 1 5 1 
1 11 27 36 
10 14 24 6 13 4 3 1 
1 34 30 8 1 1 
30 29 13 3 
1 16 50 4 4 
3 51 11 3 3 4 
10 33 7 13 3 6 3 
1 1 48 23 1 1 
2 4 69 
11 41 8 9 4 2 
7 66 2 
1 11 12 18 8 8 15 1 1 
1 55 18 1 
1 56 5 4 3 6 
2 62 6 4 1 
2 23 47 2 1 
1 22 38 9 1 1 2 1 
1 3 5 47 6 11 1 1 
1 28 32 4 3 5 2 
1 55 4 1 5 3 5 1 
1 56 8 8 1 1 
1 53 19 2 
7 28 37 2 1 
2 12 47 13 1 
75 
8 1 22 32 4 3 5 
1 65 8 1 
8 15 52 
3 68 2 2 
4 16 40 3 3 4 2 2 1 
1 29 40 4 1 
5 20 4 27 19 
1 3 63 6 2 
2 60 13 
1 67 7 
12 36 27 
1 30 16 25 3 
1 53 8 7 6 
2 32 10 24 3 4 
2 30 10 26 6 1 
61 10 4 
1 16 54 1 1 2 
3 1 14 27 1 24 2 1 2 
1 42 9 2 4 9 6 1 1 
75 
1 42 9 17 6 
2 70 3 
2 1 53 1 3 6 3 4 1 1 
1 63 6 5 
1 48 26 
22 13 9 25 6 
15 50 10 
1 43 26 3 2 
1 19 19 27 1 3 2 1 2 
2 31 33 5 4 
1 20 43 7 4 
30 27 18 
1 64 5 2 3 
1 39 13 12 10 
2 15 54 3 1 
74 1 
1 71 1 2 
1 35 4 35 
2 43 21 1 6 1 1 
65 9 1 
11 13 38 11 2 
18 23 34 
14 50 4 5 1 1 
1 27 36 4 1 6 
2 72 1 
3 15 26 30 1 
1 13 16 33 2 6 3 1 
4 48 21 1 1 
11 35 4 24 1 
1 15 35 1 15 4 4 
3 68 3 1 
4 12 9 30 20 
4 33 19 18 1 
2 36 4 28 3 2 
1 28 36 7 3 
1 20 41 9 3 1 
5 2 1 55 8 3 1 
23 33 3 7 5 2 1 1 
1 30 40 3 1 
1 29 29 16 
3 13 7 3 33 9 2 5 
2 21 40 11 1 
4 49 18 4 
75 
66 3 5 1 
1 62 8 2 1 1 
4 6 16 32 8 1 2 1 2 3 
1 11 5 38 20 
3 50 20 1 1 
28 31 5 7 3 1 
3 10 20 30 3 7 2 
17 58 
1 24 35 3 6 1 3 2 
4 65 5 1 
1 66 5 3 
1 54 7 8 1 1 3 
4 49 20 1 1 
3 64 8 
1 37 2 1 19 7 3 5 
2 47 7 5 14 
1 70 3 1 
75 
11 36 5 6 3 3 6 1 4 
38 23 13 1 
47 23 5 
3 66 6 
1 60 9 2 3 
1 17 27 4 11 8 6 1 
1 59 15 
1 5 8 45 16 
8 60 7 
2 5 37 25 1 2 1 2 
3 36 19 6 9 1 1 
1 6 29 23 13 3 
1 48 24 2 
1 44 27 2 1 
34 10 12 3 12 3 1 
75 
31 30 8 3 2 1 
6 43 13 6 7 
24 51 
1 60 2 12 
1 36 31 1 3 3 
1 39 6 12 12 4 1 
58 15 1 1 
14 58 1 2 
31 5 20 15 3 1 
2 45 11 16 1 
4 13 58 
38 16 21 
1 61 10 3 
71 4 
1 19 39 6 10 
36 10 29 
5 10 44 12 1 2 1 
3 43 20 9 
42 12 7 2 5 3 2 2 
72 3 
3 51 4 6 6 5 
1 25 8 29 8 1 2 1 
5 53 11 2 1 1 2 
39 13 18 5 
74 1 
1 4 3 56 10 1 
8 30 27 6 4 
39 33 2 1 
2 27 15 21 6 4 
1 29 21 20 1 1 1 1 
2 45 22 5 1 
1 27 12 8 14 2 10 1 
3 17 25 10 16 4 
69 1 4 1 
24 34 17 
13 53 9 
1 4 51 2 4 2 2 2 7 
2 29 43 1 
2 19 19 24 1 4 1 5 
7 36 21 11 
1 45 29 
75 
2 49 24 
7 29 4 15 5 2 12 1 
1 58 14 1 1 
1 42 31 1 
1 63 4 5 1 1 
15 40 10 7 2 1 
6 61 1 3 4 
35 34 6 
11 18 20 17 9 
26 10 9 1 24 4 1 
67 4 2 2 
37 15 7 7 3 3 2 1 
66 3 4 1 1 
1 19 13 33 8 1 
7 27 26 15 
25 4 11 6 12 3 11 1 2 
1 50 19 5 
62 10 1 2 
2 63 1 1 7 1 
1 34 23 1 10 2 3 1 
1 21 51 1 1 
72 3 
1 1 17 35 6 8 2 4 1 
2 36 36 1 
2 49 18 6 
1 11 19 10 9 5 6 9 2 2 1 
12 8 41 12 2 
1 71 3 
4 25 46 
9 24 7 16 1 17 1 
9 54 4 8 
2 37 16 11 2 3 4 
70 3 2 
15 17 29 14 
1 58 16 
24 8 10 15 12 1 2 1 1 1 
2 45 4 22 2 
72 1 1 1 
2 32 2 16 18 5 
35 2 17 20 1 
1 11 60 2 1 
16 30 24 5 
75 
2 69 4 
7 42 13 7 1 5 
1 19 53 2 
1 73 1 
4 25 7 25 4 7 3 
3 46 20 2 3 1 
3 54 5 9 2 2 
5 66 3 1 
1 65 5 4 
1 72 1 1 
2 54 8 8 2 1 
2 30 30 1 12 
5 65 4 1 
21 53 1 
11 47 3 7 2 2 1 1 1 
32 1 32 3 7 
33 39 2 1 
1 49 20 4 1 
3 28 25 18 1 
1 71 1 1 1 
1 60 7 5 1 1 
40 1 19 15 
1 49 9 11 1 4 
1 73 1 
1 27 18 5 7 1 15 1 
1 50 19 5 
3 18 6 47 1 
36 28 7 2 2 
64 5 4 2 
3 64 8 
2 50 13 7 1 2 
20 28 7 14 2 4 
2 38 32 2 1 
75 
26 5 7 18 18 1 
22 33 12 3 3 1 1 
12 4 20 9 23 5 2 
1 65 6 1 2 
13 39 23 
3 8 37 6 10 11 
1 56 3 8 1 6 
2 56 8 1 2 1 2 2 1 
1 29 30 4 1 10 
1 16 11 8 14 14 1 6 1 3 
4 38 1 7 17 3 2 3 
1 56 6 8 1 1 1 1 
6 42 15 4 3 1 1 1 1 1 
1 60 12 2 
1 14 25 7 14 4 3 2 1 1 1 1 1 
21 5 28 4 4 9 3 1 
1 28 32 9 2 2 1 
56 14 2 2 1 
2 27 16 28 2 
3 26 28 15 2 1 
2 23 40 1 9 
2 36 29 7 1 
2 38 22 2 10 1 
69 4 2 
62 13 
4 16 9 4 7 13 10 1 2 3 1 5 
9 31 35 
10 58 3 2 2 
1 64 1 9 
5 37 29 3 1 
18 42 5 10 
1 24 28 22 
2 50 4 7 1 7 2 1 1 
72 1 1 1 
2 67 6 
7 57 9 2 
1 38 30 2 1 2 1 
3 35 10 8 19 
2 7 33 4 6 19 4 
4 48 1 16 4 2 
1 53 18 2 1 
1 44 9 12 6 1 2 
12 15 28 19 1 
3 58 1 5 7 1 
2 49 9 14 1 
2 5 33 11 1 8 1 1 12 1 
1 68 4 1 1 
1 40 20 9 2 3 
6 63 6 
2 20 10 13 12 1 2 8 3 4 
12 20 43 
5 45 10 14 1 
8 2 15 1 39 7 3 
1 3 27 33 9 2 
47 23 2 2 1 
1 32 3 3 15 1 6 6 2 3 1 1 1 
3 43 25 3 1 
3 14 42 2 2 9 2 1 
2 20 50 3 
1 46 28 
1 21 44 2 1 5 1 
1 1 32 5 13 11 1 5 2 2 1 1 
2 11 52 6 4 
14 45 7 5 4 
11 57 7 
6 11 27 9 10 6 1 4 1 
7 34 23 11 
1 67 7 
5 2 66 1 1 
1 19 16 10 21 2 4 2 
4 33 1 6 16 14 1 
3 36 26 1 2 2 1 1 1 1 1 
1 14 19 11 5 6 2 5 5 2 3 1 1 
1 41 6 1 23 2 1 
2 73 
3 70 1 1 
3 68 4 
1 66 8 
4 52 8 9 2 
4 2 60 9 
8 12 45 10 
1 74 
1 62 10 2 
45 15 1 9 3 2 
5 2 45 18 4 1 
6 18 26 11 2 10 2 
1 35 27 2 8 1 1 
1 23 35 14 2 
26 16 6 18 5 2 2 
74 1 
6 69 
1 65 8 1 
3 65 6 1 
1 14 39 16 3 1 1 
1 61 10 2 1 
11 7 41 16 
2 72 1 
1 33 23 1 3 8 5 1 
40 8 7 19 1 
12 62 1 
3 65 7 
2 60 1 1 4 1 6 
1 45 10 3 14 1 1 
1 44 15 4 8 1 1 1 
19 31 10 13 1 1 
6 25 30 8 3 1 2 
1 42 1 16 5 3 1 6 
9 52 14 
11 48 8 2 5 1 
1 19 24 17 6 5 2 1 
1 29 14 30 1 
14 13 11 19 1 4 5 1 4 3 
1 31 2 24 11 4 1 1 
4 59 4 5 3 
2 59 7 2 1 3 1 
3 20 27 9 1 1 7 1 6 
1 45 29 
2 11 35 18 5 1 1 1 1 
1 18 21 21 8 5 1 
1 15 51 4 4 
4 3 23 17 17 2 9 
1 51 9 3 9 1 1 
1 44 16 8 2 3 1 
2 54 10 1 3 3 2 
1 2 10 10 21 27 1 1 1 1 
2 35 31 2 5 
17 22 36 
71 4 
1 66 2 6 
2 41 7 25 
3 52 7 3 9 1 
73 1 1 
1 54 9 2 4 5 
5 54 8 4 2 2 
1 64 9 1 
1 20 33 20 1 
13 49 13 
1 6 23 40 1 1 1 2 
6 55 7 6 1 
7 38 25 2 3 
3 39 28 3 2 
1 41 23 1 1 3 5 
4 7 32 7 2 8 5 3 4 1 1 1 
1 26 33 10 5 
1 20 19 14 8 11 1 1 
10 39 21 3 2 
4 8 4 16 9 19 10 4 1 
1 63 11 
3 34 37 1 
2 30 43 
74 1 
1 2 17 7 13 20 8 3 3 1 
1 63 3 2 5 1 
4 68 3 
1 25 45 1 2 1 
7 25 40 3 
14 11 10 9 16 7 3 1 1 1 1 1 
1 41 33 
1 64 3 3 2 2 
1 13 15 6 4 12 6 4 5 4 2 1 1 1 
1 61 13 
16 30 4 7 18 
55 14 3 3 
4 44 27 
1 18 44 12 
1 58 12 2 1 1 
1 13 18 1 12 1 7 20 1 1 
74 1 
1 62 6 2 1 3 
3 8 57 4 1 2 
2 48 1 23 1 
3 18 12 23 17 2 
1 59 11 3 1 
65 6 3 1 
1 51 20 3 
1 13 29 8 13 1 5 4 1 
6 23 5 6 10 3 14 2 2 1 1 1 1 
40 17 11 5 1 1 
4 32 17 9 11 1 1 
1 65 9 
1 2 34 2 30 1 3 1 1 
45 11 12 6 1 
38 26 1 7 2 1 
1 17 52 5 
8 17 11 10 15 3 3 1 5 2 
1 16 54 4 
1 42 6 19 2 1 1 1 2 
70 5 
1 44 22 1 7 
65 6 4 
2 12 61 
4 58 13 
15 36 20 4 
1 41 16 7 4 4 1 1 
1 66 3 3 1 1 
64 5 2 2 2 
2 51 9 6 1 3 3 
1 34 14 12 3 1 5 4 1 
15 60 
2 67 6 
4 28 32 9 2 
1 45 13 3 7 4 1 1 
5 17 37 4 12 
2 4 41 15 13 
3 13 19 3 31 4 1 1 
7 19 15 33 1 
33 26 11 4 1 
1 54 3 8 9 
1 8 55 6 5 
13 1 61 
5 14 48 4 3 1 
1 68 3 3 
1 41 15 1 1 10 4 1 1 
1 62 10 2 
1 64 10 
9 56 3 1 6 
71 1 3 
2 48 6 10 3 2 1 2 1 
30 26 19 
30 37 1 7 
1 41 15 8 1 9 
1 3 63 2 2 4 
3 68 4 
2 44 13 16 
2 54 8 9 2 
5 15 48 6 1 
31 10 15 16 2 1 
1 2 56 16 
14 42 2 3 13 1 
9 53 3 1 8 1 
11 10 10 11 33 
6 33 30 1 5 
1 50 23 1 
1 29 4 14 3 15 2 1 5 1 
3 25 33 5 3 3 3 
2 66 2 5 
25 21 17 7 5 
1 63 9 2 
37 17 3 2 5 5 2 4 
1 51 14 9 
1 73 1 
17 42 16 
3 3 26 27 4 11 1 
1 43 23 7 1 
27 6 17 19 3 2 1 
2 17 35 1 1 14 2 1 2 
1 61 5 2 2 3 1 
1 9 24 38 1 2 
2 16 6 43 7 1 
1 35 24 2 13 
5 50 11 1 1 5 2 
9 43 3 5 5 10 
2 26 4 29 6 2 4 1 1 
25 19 5 23 3 
75 
1 18 36 2 15 2 1 
46 22 3 3 1 
8 63 1 2 1 
3 71 1 
4 47 11 11 1 1 
6 40 29 
1 10 64 
8 39 12 14 2 
13 19 29 3 4 3 4 
51 15 4 5 
4 61 10 
1 31 31 9 2 1 
1 1 48 4 13 7 1 
2 13 54 2 1 1 1 1 
45 4 22 2 1 1 
4 1 22 4 12 1 11 2 7 11 
1 43 21 10 
1 4 6 39 6 16 3 
2 2 34 18 13 1 4 1 
2 43 18 1 10 1 
2 12 49 7 1 3 1 
57 6 7 5 
48 24 1 2 
4 19 24 17 7 1 3 
1 54 5 8 3 2 2 
1 67 4 2 1 
67 4 2 2 
5 13 27 4 3 5 3 7 3 1 1 1 1 1 
14 27 4 22 8 
27 5 41 2 
7 18 9 13 9 9 1 4 1 3 1 
1 38 36 
1 69 1 4 
42 7 1 20 5 
2 57 3 6 5 2 
3 69 3 
2 58 11 3 1 
1 62 6 1 1 2 2 
2 29 6 28 6 1 2 1 
1 9 56 4 4 1 
1 68 4 1 1 
1 1 63 5 1 4 
4 60 11 
1 69 5 
18 54 3 
1 14 8 18 2 22 6 1 1 1 1 
1 31 23 8 10 2 
1 4 11 31 22 5 1 
1 63 11 
2 49 23 1 
29 35 11 
41 2 19 11 1 1 
5 22 38 2 8 
16 10 30 9 7 1 2 
3 54 18 
1 3 59 10 2 
3 66 6 
1 6 50 2 7 8 1 
7 18 42 2 6 
19 9 4 1 9 11 2 4 3 1 3 6 2 1 
2 63 10 
2 70 2 1 
74 1 
3 58 3 3 4 3 1 
1 63 1 6 4 
3 17 21 17 3 12 2 
5 65 5 
1 18 2 44 1 4 4 1 
7 26 18 20 1 2 1 
23 2 19 8 8 1 5 6 1 2 
5 10 46 6 8 
6 66 3 
8 24 9 12 2 12 5 3 
1 69 1 3 1 
7 41 17 6 1 3 
5 39 15 13 1 2 
54 13 6 1 1 
1 23 51 
1 28 29 1 11 3 1 1 
72 3 
2 73 
3 60 12 
1 19 28 22 1 4 
8 20 46 1 
2 33 2 18 1 6 7 2 3 1 
1 12 50 11 1 
2 72 1 
3 23 39 9 1 
1 26 7 27 14 
1 32 28 10 4 
75 
25 47 2 1 
2 56 5 5 7 
1 10 38 4 2 10 10 
4 18 45 6 1 1 
1 42 14 18 
4 7 12 51 1 
3 3 53 8 3 2 2 1 
2 40 14 11 6 1 1 
6 66 3 
1 72 2 
5 65 1 4 
1 8 30 29 4 1 1 1 
6 27 34 4 1 1 2 
1 68 5 1 
6 25 25 6 13 
4 1 15 24 4 26 1 
75 
1 53 21 
52 17 6 
1 16 15 34 9 
3 2 55 11 3 1 
6 68 1 
2 45 19 6 2 1 
2 6 54 1 8 3 1 
2 28 19 10 14 1 1 
1 55 10 4 1 1 1 1 1 
2 11 7 5 48 2 
2 67 6 
2 18 51 2 1 1 
3 23 38 7 1 2 1 
17 35 2 15 5 1 
2 8 63 2 
1 57 2 15 
1 71 3 
7 45 9 11 2 1 
5 35 26 1 1 6 1 
26 38 10 1 
22 20 1 26 2 1 2 1 
12 35 7 6 12 3 
5 25 12 7 3 14 2 2 4 1 
5 19 49 2 
1 25 28 19 2 
1 35 3 1 31 4 
1 30 44 
1 35 32 6 1 
2 57 8 2 6 
1 25 9 18 10 1 3 7 1 
35 32 7 1 
3 35 13 13 10 1 
1 66 2 4 2 
2 4 41 25 1 2 
2 18 43 2 9 1 
4 56 6 2 7 
2 66 3 3 1 
18 52 2 1 2 
7 2 23 9 34 
1 2 24 12 23 1 12 
1 51 12 8 3 
15 22 12 25 1 
2 30 31 7 3 1 1 
1 8 36 2 19 1 1 1 6 
8 43 16 8 
3 24 8 15 21 4 
7 52 15 1 
1 25 44 3 1 1 
32 33 8 1 1 
3 7 31 4 1 20 9 
6 23 17 10 16 1 2 
4 33 29 5 4 
2 46 25 2 
1 10 63 1 
3 36 1 9 18 1 4 1 2 
9 27 33 4 1 1 
2 34 23 7 1 3 3 1 1 
5 34 16 19 1 
6 45 23 1 
10 65 
2 53 20 
2 21 7 40 4 1 
40 3 20 6 3 1 2 
75 
1 18 13 1 16 19 7 
14 30 31 
73 1 1 
71 3 1 
3 53 10 1 4 1 2 1 
6 57 12 
3 71 1 
2 18 24 5 26 
45 30 
3 45 11 5 7 3 1 
2 38 6 10 8 3 8 
42 5 21 1 4 2 
22 8 27 8 6 1 3 
75 
53 17 5 
18 35 13 6 3 
11 42 22 
1 41 9 24 
1 38 36 
37 24 6 7 1 
3 72 
43 17 11 4 
14 51 3 1 4 2 
72 1 2 
3 65 2 5 
1 5 50 12 4 2 1 
1 67 6 1 
3 16 24 7 8 17 
3 5 57 6 4 
75 
1 50 18 3 1 1 1 
3 9 26 33 3 1 
1 64 6 2 1 1 
1 11 25 1 36 1 
1 28 38 1 3 2 1 1 
3 72 
1 28 32 4 2 4 3 1 
2 43 15 15 
3 3 65 4 
1 48 24 2 
4 39 21 6 5 
1 55 9 1 4 2 3 
3 19 49 2 2 
4 52 2 13 4 
1 27 4 23 5 11 1 1 1 1 
1 30 35 7 1 1 
19 33 13 6 3 1 
2 44 7 5 10 3 2 2 
75 
1 70 3 1 
14 15 4 38 2 2 
3 51 10 10 1 
1 49 14 4 4 1 1 1 
1 49 18 2 1 1 2 1 
1 46 25 3 
26 36 1 2 4 2 2 2 
1 51 13 10 
3 67 1 4 
5 33 8 8 5 3 11 1 1 
2 39 34 
2 3 14 48 1 4 3 
29 11 26 2 1 5 1 
20 10 9 3 3 9 9 4 2 4 1 1 
1 62 6 2 1 1 2 
3 9 52 10 1 
1 52 13 9 
5 28 14 11 15 2 
2 37 16 4 15 1 
4 36 35 
1 58 2 6 4 1 2 1 
1 11 7 4 33 15 4 
1 44 7 17 5 1 
2 64 9 
2 73 
56 8 2 1 1 1 2 2 1 1 
21 38 15 1 
69 3 3 
1 43 6 15 5 1 1 3 
1 32 42 
23 24 22 1 4 1 
6 68 1 
2 72 1 
1 55 17 1 1 
4 44 9 5 3 3 3 3 1 
54 16 3 1 1 
7 39 12 1 1 5 10 
1 71 2 1 
18 27 25 3 2 
1 4 45 3 5 4 5 8 
1 20 43 6 4 1 
7 59 3 1 3 2 
1 56 10 4 1 1 1 1 
5 32 4 34 
1 73 1 
3 31 41 
8 27 4 24 5 6 1 
40 30 1 2 1 1 
5 17 46 2 5 
3 50 4 14 4 
1 50 24 
2 57 12 4 
8 62 3 2 
1 70 4 
1 21 38 10 4 1 
10 3 61 1 
13 10 18 1 25 8 
3 13 15 9 23 6 5 1 
1 38 36 
2 61 12 
1 4 48 20 2 
2 45 28 
3 38 15 1 7 9 1 1 
1 43 8 17 3 2 1 
1 4 54 16 
3 8 2 51 8 3 
6 10 9 9 39 2 
5 48 15 1 3 1 2 
62 1 7 1 2 2 
1 23 24 18 4 2 3 
1 36 8 11 10 9 
1 72 1 1 
2 61 10 1 1 
7 29 12 27 
1 50 23 1 
2 19 54 
5 3 59 2 1 1 2 2 
3 16 43 3 1 1 4 1 2 1 
12 12 46 5 
5 49 21 
1 66 4 3 1 
1 73 1 
7 55 3 7 2 1 
2 38 35 
1 60 11 3 
41 26 6 2 
1 33 41 
2 66 1 6 
1 49 8 11 2 2 2 
5 49 14 6 1 
71 2 2 
1 41 18 5 7 2 1 
15 42 2 11 3 1 1 
9 8 30 26 1 1 
24 21 6 5 2 16 1 
20 9 33 4 4 1 1 1 2 
2 70 3 
5 60 9 1 
1 60 1 7 4 2 
2 33 1 14 22 3 
23 38 4 3 6 1 
3 38 22 10 2 
1 14 59 1 
1 30 26 5 3 10 
72 3 
1 17 49 8 
1 69 4 1 
10 24 2 13 17 9 
11 50 5 3 1 5 
65 3 3 2 2 
8 40 3 19 5 
1 55 15 3 1 
29 13 4 17 12 
10 38 25 2 
1 4 44 9 8 2 5 1 1 
29 19 2 5 13 2 5 
35 23 8 2 2 5 
2 63 7 3 
2 38 3 27 3 1 1 
23 13 9 19 3 3 2 3 
1 38 18 11 4 1 2 
3 22 33 15 2 
1 13 55 6 
1 69 5 
3 13 53 3 3 
6 3 26 26 9 3 2 
1 57 9 2 3 3 
1 41 22 2 8 1 
4 59 6 1 2 1 1 1 
1 68 6 
2 36 35 2 
20 52 3 
19 19 10 5 17 1 4 
1 13 3 14 11 19 2 1 1 1 3 4 1 1 
1 70 3 1 
2 52 10 2 5 4 
18 19 31 6 1 
1 49 25 
15 40 17 3 
6 5 51 1 1 10 1 
30 4 21 12 3 4 1 
1 16 9 14 35 
1 9 1 20 24 8 8 4 
36 35 4 
5 14 25 10 19 2 
1 46 21 4 3 
11 28 30 1 5 
1 57 1 1 7 7 1 
4 9 42 7 5 6 1 1 
1 74 
2 43 11 7 12 
1 31 42 1 
1 70 4 
3 38 31 2 1 
2 55 3 7 1 3 1 2 1 
6 2 16 19 9 12 4 3 2 1 1 
1 62 3 4 5 
4 45 6 12 8 
2 46 21 3 3 
1 69 4 1 
2 51 20 2 
5 12 37 12 6 1 2 
1 26 20 26 2 
2 27 32 5 6 2 1 
38 29 8 
1 49 5 9 4 4 1 1 1 
1 10 64 
17 1 26 26 4 1 
2 23 30 19 1 
1 70 2 1 1 
2 32 25 5 3 1 5 2 
1 2 33 16 1 22 
15 8 33 3 14 2 
17 30 20 5 2 1 
3 57 15 
1 12 25 21 15 1 
1 71 2 1 
21 49 2 2 1 
6 14 8 18 13 6 9 1 
2 11 7 22 6 10 4 2 4 3 2 1 1 
1 20 54 
8 15 48 2 1 1 
3 52 20 
1 35 32 7 
15 23 32 1 4 
6 38 11 3 9 7 1 
2 28 14 30 1 
22 40 6 5 1 1 
17 2 3 12 16 22 1 1 1 
57 17 1 
7 34 16 12 6 
1 31 24 7 9 3 
51 20 4 
7 17 16 5 27 1 1 1 
9 2 55 7 2 
1 18 53 1 1 1 
2 11 10 52 
5 16 2 38 6 4 3 1 
3 51 21 
65 9 1 
2 3 28 30 7 2 3 
2 63 2 8 
3 20 52 
21 50 3 1 
1 58 14 2 
3 41 1 28 2 
8 18 21 28 
74 1 
1 49 25 
30 3 7 25 4 2 4 
1 40 31 2 1 
37 1 12 13 7 5 
1 13 42 6 11 1 1 
3 36 27 6 3 
21 45 9 
1 36 24 3 2 2 3 2 1 1 
2 24 43 3 2 1 
5 53 10 1 4 1 1 
7 66 2 
1 37 25 12 
1 73 1 
3 13 24 1 4 7 21 2 
1 52 13 3 4 2 
29 44 2 
27 31 2 7 3 1 2 1 1 
1 64 10 
1 46 17 11 
4 35 36 
2 35 10 10 17 1 
8 42 18 5 1 1 
18 29 24 1 1 1 1 
4 60 11 
1 32 38 3 1 
11 38 20 1 2 1 1 1 
1 28 39 6 1 
13 32 30 
2 19 20 8 7 3 10 2 1 2 1 
1 48 1 17 1 4 3 
1 47 26 1 
61 14 
3 67 3 1 1 
1 46 2 7 2 3 8 1 5 
23 11 5 10 13 7 2 3 1 
1 1 7 51 11 1 1 1 1 
5 58 2 1 1 1 6 1 
8 24 22 14 2 1 2 2 
1 1 68 5 
1 2 10 4 28 5 16 7 1 1 
1 3 71 
1 23 47 4 
2 55 3 2 12 1 
1 53 20 1 
3 8 35 27 2 
1 61 8 1 2 1 1 
9 4 4 3 18 31 1 2 3 
2 41 26 4 2 
46 1 16 9 2 1 
18 16 33 5 3 
1 29 7 31 6 1 
1 30 9 23 10 2 
16 34 20 3 2 
3 63 8 1 
6 34 7 1 22 2 2 1 
12 9 45 8 1 
2 12 61 
7 58 10 
1 24 13 20 11 2 1 3 
6 34 35 
4 57 13 1 
1 73 1 
7 55 8 2 3 
3 13 34 24 1 
8 67 
2 33 39 1 
4 71 
1 55 9 4 5 1 
1 3 2 16 1 2 13 8 11 1 9 2 3 1 2 
6 54 6 5 1 3 
70 5 
2 36 18 6 11 2 
58 4 13 
3 40 8 15 1 4 3 1 
10 49 4 8 1 1 1 1 
26 11 18 10 9 1 
2 35 29 7 1 1 
3 70 2 
4 1 65 3 1 1 
1 5 55 4 3 1 1 4 1 
1 1 49 17 5 1 1 
21 49 4 1 
2 24 40 7 2 
18 1 26 22 7 1 
2 65 7 1 
55 4 14 1 1 
7 15 12 1 18 5 8 8 1 
1 37 35 2 
2 1 71 1 
2 8 21 31 2 10 1 
1 54 15 2 1 1 1 
1 64 3 5 2 
2 33 18 20 2 
55 12 4 2 1 1 
75 
31 31 9 2 2 
9 24 4 21 5 4 4 3 1 
1 42 27 5 
3 48 14 7 3 
1 17 16 13 28 
9 43 4 14 5 
3 47 5 1 16 2 1 
2 58 12 2 1 
1 27 1 41 3 2 
38 23 11 1 2 
9 11 25 25 1 3 1 
8 11 26 29 1 
1 5 47 10 11 1 
1 16 27 12 18 1 
2 37 8 15 5 8 
2 27 45 1 
1 33 41 
3 67 3 2 
1 59 9 5 1 
1 6 33 31 3 1 
61 13 1 
2 33 14 3 12 9 2 
7 39 5 24 
13 33 22 4 2 1 
2 55 10 3 1 1 3 
3 14 57 1 
1 22 31 13 5 3 
2 10 8 5 2 22 5 16 5 
2 23 44 3 2 1 
1 37 1 35 1 
2 49 23 1 
2 33 40 
36 23 15 1 
4 3 32 17 18 1 
1 59 10 5 
1 7 38 28 1 
2 61 4 7 1 
1 33 31 10 
22 40 12 1 
2 36 13 12 3 3 5 1 
7 55 6 1 2 2 2 
2 69 3 1 
1 22 36 12 4 
1 62 12 
6 54 13 2 
1 68 4 1 1 
1 12 22 4 10 23 1 2 
33 18 16 5 2 1 
1 27 36 7 4 
8 65 1 1 
28 25 13 5 4 
2 20 52 1 
16 4 40 13 1 1 
1 65 9 
2 26 35 5 4 3 
3 59 2 3 8 
2 1 53 4 6 4 3 2 
63 10 1 1 
12 42 17 4 
9 27 39 
25 17 33 
20 23 20 1 7 3 1 
2 23 3 35 5 6 1 
31 5 24 9 6 
1 2 58 4 3 7 
1 68 6 
2 4 9 2 22 13 10 9 4 
75 
1 34 14 19 5 1 1 
1 27 19 21 1 5 1 
2 62 10 1 
3 61 11 
7 33 4 3 1 5 6 15 1 
17 29 3 18 4 4 
2 42 22 9 
10 46 7 2 1 7 2 
75 
1 14 50 3 7 
2 29 43 1 
1 28 21 6 9 9 1 
6 8 12 38 5 5 1 
1 72 2 
61 8 5 1 
2 64 2 3 4 
1 7 22 2 29 12 2 
2 21 40 1 10 1 
75 
71 1 1 2 
10 3 15 1 28 2 16 
9 22 2 21 5 13 3 
40 3 32 
23 41 5 4 2 
2 49 24 
49 20 5 1 
23 12 11 3 15 6 4 1 
9 64 1 1 
34 37 3 1 
5 52 8 8 2 
1 39 35 
24 49 2 
25 40 3 3 3 1 
1 74 
38 24 9 1 1 1 1 
14 59 2 
1 38 27 5 1 2 1 
1 19 55 
1 46 27 1 
27 26 11 3 1 4 1 2 
40 34 1 
1 40 28 4 2 
7 34 8 19 5 1 1 
6 25 31 6 7 
25 30 10 9 1 
1 13 25 21 6 7 1 1 
2 25 47 1 
1 65 1 4 3 1 
23 19 1 32 
1 55 12 6 1 
7 58 7 1 2 
8 5 4 11 44 3 
3 36 36 
1 51 14 1 8 
15 9 46 5 
4 36 32 3 
1 62 2 2 8 
1 2 52 10 3 7 
6 66 3 
1 7 67 
4 41 5 1 10 6 1 6 1 
1 27 9 17 2 4 11 3 1 
29 41 2 3 
1 34 36 2 2 
1 18 25 18 12 1 
2 12 35 4 10 3 4 4 1 
4 4 22 39 3 1 2 
9 53 3 1 7 2 
1 67 1 1 1 3 1 
2 51 8 10 2 2 
10 31 2 5 22 2 1 1 1 
1 36 25 8 2 1 2 
52 16 7 
5 70 
1 14 60 
1 74 
1 71 3 
29 34 2 4 2 2 1 1 
1 56 16 2 
20 4 20 12 13 2 4 
1 71 1 1 1 
4 17 38 1 9 4 1 1 
2 48 1 18 3 3 
4 58 9 1 3 
1 37 1 12 4 3 15 1 1 
3 47 8 3 5 5 1 2 1 
8 56 9 1 1 
3 45 2 10 8 5 2 
4 47 20 4 
3 2 49 3 14 4 
24 7 44 
1 8 33 19 12 1 1 
2 27 24 1 6 5 4 6 
4 22 17 3 15 3 7 1 2 1 
1 64 10 
1 47 18 4 1 4 
15 59 1 
67 3 5 
3 60 9 1 1 1 
1 58 16 
18 26 3 11 10 1 4 2 
1 6 38 2 1 26 1 
2 51 6 6 10 
4 2 4 62 3 
1 19 48 4 2 1 
2 64 1 1 4 3 
1 67 7 
1 62 3 9 
1 42 16 6 4 6 
1 35 9 27 1 2 
1 67 3 4 
6 60 5 1 1 2 
5 3 32 11 15 3 3 3 
4 19 39 4 2 5 1 1 
23 6 10 19 2 11 1 3 
3 64 7 1 
1 19 20 27 8 
3 28 28 15 1 
5 42 6 8 14 
3 25 40 2 5 
1 19 20 34 1 
72 2 1 
2 45 21 3 4 
1 68 2 3 1 
25 34 11 1 2 1 1 
1 4 58 2 6 3 1 
1 49 19 4 1 1 
1 67 4 1 1 1 
12 44 17 2 
1 48 16 5 1 4 
4 46 15 1 7 2 
1 45 1 22 1 4 1 
41 30 2 2 
9 31 13 21 1 
75 
5 64 4 2 
1 60 8 3 3 
69 2 4 
4 30 21 20 
1 50 21 2 1 
68 7 
6 4 38 2 5 19 1 
1 5 52 6 5 2 3 1 
2 56 9 5 3 
43 4 24 2 2 
1 22 40 6 4 1 1 
1 65 9 
41 28 4 2 
1 21 51 2 
1 44 11 19 
1 22 21 25 2 2 2 
66 3 1 1 1 3 
18 57 
16 48 11 
7 50 3 14 1 
1 70 3 1 
1 43 10 20 1 
2 69 4 
24 17 34 
1 6 25 16 7 16 2 2 
8 9 21 23 8 3 2 1 
1 20 1 45 7 1 
3 13 50 2 2 4 1 
1 7 37 3 12 2 5 5 3 
1 38 34 1 1 
3 45 27 
5 56 3 4 3 2 2 
14 38 17 1 3 2 
59 16 
1 5 35 34 
4 36 26 3 5 1 
6 41 2 10 10 3 2 1 
2 17 2 34 6 7 7 
3 68 3 1 
1 8 40 7 4 14 1 
2 41 30 2 
1 18 47 5 4 
1 59 6 9 
4 61 2 3 1 4 
3 61 2 2 7 
3 26 34 3 5 2 1 1 
3 10 37 3 21 1 
1 58 16 
2 16 24 29 1 3 
1 34 32 1 6 1 
1 69 5 
4 59 5 2 3 1 1 
48 23 1 2 1 
1 23 5 5 40 1 
1 56 17 1 
1 66 3 1 1 2 1 
48 23 4 
1 15 6 35 6 6 2 2 1 1 
1 63 6 3 2 
5 56 4 5 3 1 1 
2 20 5 31 7 2 3 3 1 1 
1 72 1 1 
21 41 1 1 3 1 3 3 1 
1 23 48 1 1 1 
1 19 47 6 2 
1 56 17 1 
1 46 24 2 2 
1 54 9 11 
71 4 
1 10 2 6 42 5 1 7 1 
2 69 1 3 
2 19 10 17 23 1 3 
1 57 7 1 9 
1 58 5 10 1 
3 59 2 1 1 1 2 1 2 2 1 
1 62 8 4 
1 7 26 31 10 
5 31 3 35 1 
3 12 38 17 5 
1 12 6 28 7 19 1 1 
1 72 1 1 
7 7 43 11 1 2 2 2 
60 12 1 2 
1 10 6 54 4 
1 1 43 3 1 9 12 1 3 1 
1 54 15 5 
9 17 43 3 2 1 
1 71 3 
7 12 38 16 2 
1 73 1 
3 3 16 43 9 1 
1 57 7 6 4 
42 21 12 
3 25 35 1 2 1 8 
6 35 14 11 3 6 
1 38 36 
27 44 1 1 2 
57 4 1 3 6 1 1 2 
75 
2 37 36 
1 38 29 1 6 
14 31 19 5 3 1 2 
1 12 16 1 6 31 7 1 
12 24 4 8 23 4 
49 25 1 
6 42 18 2 6 1 
4 51 16 3 1 
2 61 1 5 6 
1 33 41 
1 40 26 5 2 1 
1 23 2 3 5 39 2 
1 38 11 23 2 
8 40 26 1 
1 43 10 20 1 
20 28 25 1 1 
2 41 11 20 1 
1 14 40 3 5 9 2 1 
24 21 30 
1 2 30 35 5 1 1 
74 1 
12 25 32 3 2 1 
11 25 12 6 19 1 1 
74 1 
2 4 60 9 
3 53 19 
20 11 13 27 2 1 1 
1 3 1 20 3 28 16 1 1 1 
1 46 14 3 1 2 7 1 
2 7 1 55 1 6 2 1 
2 67 6 
1 6 40 15 8 3 1 1 
1 48 21 1 2 2 
2 16 38 16 2 1 
12 31 5 12 8 1 2 1 3 
1 39 19 7 7 1 1 
1 47 4 4 16 3 
8 21 46 
1 35 7 19 12 1 
1 39 26 9 
73 2 
32 30 8 5 
1 24 30 12 2 4 1 1 
1 47 26 1 
28 23 8 2 1 7 3 2 1 
1 19 4 45 1 1 4 
1 36 7 19 4 2 1 4 1 
4 64 7 
2 44 3 19 4 2 1 
2 54 10 6 1 2 
2 23 42 3 5 
1 67 5 2 
1 56 8 4 4 2 
1 37 33 2 2 
52 15 1 1 3 1 2 
7 6 6 15 23 13 5 
2 2 8 59 1 2 1 
1 37 14 23 
60 15 
1 2 1 8 55 4 1 3 
2 22 47 3 1 
1 37 35 1 1 
2 13 1 23 8 17 11 
73 1 1 
51 7 16 1 
33 32 7 1 1 1 
1 6 63 2 1 1 1 
1 50 12 10 2 
6 20 17 6 5 14 5 2 
3 46 26 
48 18 9 
5 47 10 8 4 1 
1 66 7 1 
1 40 23 6 5 
1 45 8 8 5 8 
3 32 40 
36 37 2 
2 68 2 3 
21 13 35 2 3 1 
3 19 3 16 14 9 5 5 1 
1 66 6 1 1 
71 4 
5 56 2 9 1 1 1 
14 17 9 31 2 1 1 
2 6 63 1 3 
4 68 1 2 
1 73 1 
1 63 7 1 2 1 
42 14 10 4 2 1 1 1 
1 37 25 9 2 1 
1 39 9 13 1 2 5 5 
2 32 41 
5 31 5 25 9 
2 44 18 10 1 
1 68 2 4 
21 3 30 3 18 
1 71 3 
2 15 53 5 
1 19 42 10 3 
31 22 22 
1 65 4 1 4 
67 4 3 1 
1 4 5 56 4 2 1 2 
7 42 25 1 
68 3 4 
1 10 29 18 5 2 7 2 1 
26 14 28 7 
2 37 20 3 4 2 1 1 1 3 1 
1 73 1 
23 1 8 42 1 
5 59 3 4 3 1 
1 42 10 19 2 1 
1 36 21 8 8 1 
1 41 20 10 1 1 1 
1 72 1 1 
23 35 6 1 1 4 2 3 
8 21 46 
2 57 7 4 2 2 1 
1 60 3 1 6 4 
1 54 2 8 4 2 3 1 
1 53 16 5 
2 56 5 8 3 1 
2 9 9 17 36 2 
11 28 4 5 7 14 2 4 
9 58 7 1 
36 15 18 4 2 
4 3 46 4 16 2 
51 21 1 1 1 
1 25 33 8 5 2 1 
1 42 29 3 
2 31 3 2 10 22 5 
11 36 6 9 12 1 
4 30 31 1 2 1 2 3 1 
1 31 20 15 2 2 2 1 1 
1 67 5 1 1 
46 6 20 2 1 
4 18 31 6 5 8 3 
74 1 
1 66 3 3 1 1 
2 32 8 7 14 8 3 1 
1 22 22 17 2 6 4 1 
2 12 35 25 1 
38 24 13 
1 16 17 15 21 1 4 
44 20 8 1 2 
42 29 4 
1 37 32 2 3 
75 
1 43 8 1 6 2 2 2 8 1 1 
10 63 1 1 
48 22 5 
5 15 1 13 22 14 1 1 1 1 1 
3 21 23 13 4 3 8 
22 32 12 8 1 
17 28 9 1 2 9 1 6 2 
39 21 8 5 1 1 
75 
1 67 3 4 
1 53 21 
3 71 1 
6 15 46 5 1 1 1 
1 34 20 6 14 
4 59 8 4 
3 16 26 25 2 3 
2 45 25 3 
1 46 16 12 
5 30 38 2 
1 71 2 1 
4 22 3 18 14 2 9 2 1 
2 6 8 4 14 6 4 1 17 11 1 1 
3 18 52 2 
7 37 30 1 
3 42 15 13 2 
3 39 17 4 4 3 5 
1 53 20 1 
1 39 35 
1 6 59 3 2 3 1 
38 2 10 9 5 10 1 
1 28 17 8 5 12 3 1 
1 35 38 1 
44 1 14 15 1 
2 30 12 14 13 4 
1 11 9 38 13 3 
5 43 21 6 
1 2 6 12 31 2 6 15 
1 23 14 34 3 
5 28 15 20 7 
73 2 
1 67 2 4 1 
1 40 33 1 
2 6 5 21 1 15 11 8 2 4 
2 67 3 2 1 
8 21 40 1 1 1 2 1 
1 3 2 37 16 15 1 
2 16 56 1 
1 28 16 13 17 
2 14 37 2 2 12 4 2 
9 51 1 10 1 1 1 1 
6 25 44 
8 58 2 2 3 1 1 
56 2 12 4 1 
2 5 53 9 3 1 1 1 
6 14 33 5 17 
1 28 2 27 8 5 3 1 
1 67 7 
1 64 4 4 2 
2 61 2 4 1 3 1 1 
1 7 45 4 8 6 2 2 
49 15 5 3 3 
16 40 13 1 3 1 1 
68 4 1 2 
2 46 18 6 1 1 1 
1 36 13 23 2 
1 74 
2 40 33 
2 42 19 6 5 1 
2 26 5 4 32 1 1 2 2 
2 42 27 3 1 
1 15 59 
56 10 9 
1 47 27 
1 20 4 2 38 2 5 2 1 
1 45 27 1 1 
1 30 38 1 1 1 2 1 
1 34 40 
1 36 2 32 3 1 
24 24 25 1 1 
7 7 45 2 10 2 1 1 
2 51 17 5 
1 43 31 
3 66 5 1 
1 13 37 10 1 12 1 
5 55 10 5 
4 48 23 
1 20 22 18 7 6 1 
1 44 6 19 5 
39 7 11 16 1 1 
7 57 11 
1 18 40 13 3 
20 55 
22 45 1 5 1 1 
1 73 1 
1 37 26 1 6 3 1 
2 34 6 21 7 2 1 2 
3 38 4 10 13 4 3 
1 23 22 14 15 
43 30 1 1 
1 67 5 1 1 
2 1 9 29 22 10 1 1 
1 47 7 2 6 5 7 
47 12 13 3 
1 6 38 3 9 12 4 2 
1 36 38 
65 10 
2 11 59 1 2 
1 11 5 14 9 1 23 5 6 
1 73 1 
1 60 10 3 1 
10 41 24 
1 27 27 20 
4 64 7 
1 13 8 37 16 
3 17 5 46 3 1 
2 21 47 5 
67 6 1 1 
67 3 3 1 1 
1 15 14 43 2 
5 24 20 11 13 2 
23 20 20 10 1 1 
42 11 8 2 8 4 
2 55 3 4 2 4 3 2 
66 2 7 
3 33 39 
1 59 6 6 3 
6 47 15 4 3 
1 66 3 5 
8 59 7 1 
4 18 53 
4 22 20 26 3 
6 19 50 
1 62 1 11 
3 32 35 2 3 
1 9 16 24 8 1 7 9 
1 46 6 14 1 7 
14 23 3 31 1 2 1 
62 13 
3 53 1 11 4 2 1 
4 64 1 3 3 
3 13 55 3 1 
12 55 8 
1 68 2 1 1 1 1 
6 25 2 26 9 1 1 4 1 
1 10 4 38 12 6 1 3 
3 57 1 2 10 2 
1 40 2 15 2 15 
2 9 62 1 1 
1 3 30 9 13 8 3 5 2 1 
9 60 1 4 1 
1 53 2 11 1 7 
5 52 3 13 2 
2 18 26 22 6 1 
35 2 18 11 9 
75 
67 4 3 1 
1 7 17 43 7 
1 25 14 26 5 1 2 1 
1 26 10 5 32 1 
28 26 20 1 
57 16 1 1 
37 1 31 3 2 1 
70 4 1 
47 28 
1 53 12 4 2 1 1 1 
1 56 18 
9 18 45 2 1 
1 15 5 12 26 11 3 2 
1 59 13 1 1 
2 35 10 15 9 4 
7 16 6 19 16 5 3 1 2 
1 45 28 1 
19 16 9 16 3 6 4 2 
1 40 34 
1 28 11 15 12 6 2 
1 74 
74 1 
3 27 34 5 2 2 1 1 
1 4 51 17 1 1 
4 52 19 
2 30 26 10 2 5 
3 36 28 4 3 1 
3 60 6 6 
8 67 
1 72 1 1 
1 30 31 8 5 
1 64 4 5 1 
3 53 19 
7 54 7 7 
3 38 3 17 5 4 1 1 1 2 
2 54 16 1 1 1 
51 14 3 2 3 2 
2 73 
1 17 13 22 21 1 
3 32 10 13 11 6 
4 67 4 
2 11 15 22 9 4 7 5 
1 62 3 7 2 
1 47 22 5 
72 3 
1 63 11 
10 50 15 
4 4 66 1 
3 32 11 9 18 1 1 
1 74 
1 41 14 5 4 6 1 1 1 1 
11 30 33 1 
7 29 14 24 1 
1 65 9 
8 6 41 11 3 2 4 
1 47 12 2 13 
3 57 6 4 3 2 
1 2 36 32 4 
3 10 20 32 3 2 5 
21 53 1 
4 67 4 
6 3 6 41 14 3 1 1 
12 48 9 5 1 
33 27 4 2 2 4 3 
2 10 28 17 18 
18 41 16 
1 54 2 9 4 5 
26 14 17 5 5 8 
1 56 1 6 7 4 
69 2 3 1 
1 51 7 12 1 2 1 
5 1 45 21 2 1 
40 29 5 1 
3 3 33 5 31 
1 37 20 2 12 2 1 
3 9 41 14 6 2 
6 58 1 9 1 
63 2 9 1 
29 41 5 
69 6 
24 33 1 1 13 3 
2 40 2 2 23 5 1 
67 3 5 
1 25 26 5 13 4 1 
73 2 
2 72 1 
60 12 2 1 
1 29 4 39 2 
4 59 6 6 
17 7 49 1 1 
5 57 9 3 1 
1 45 24 3 2 
34 3 2 3 18 9 2 4 
31 10 25 3 3 3 
1 69 3 2 
1 59 2 3 10 
15 4 43 8 5 
1 30 30 12 1 1 
1 27 10 1 2 11 16 3 1 1 1 1 
2 58 2 13 
35 16 16 4 2 1 1 
16 55 4 
2 18 8 31 10 5 1 
2 34 39 
1 71 1 1 1 
10 49 16 
1 6 38 8 8 1 8 4 1 
2 26 46 1 
7 55 6 3 4 
1 72 2 
3 63 6 3 
25 35 10 1 3 1 
61 9 5 
60 4 6 2 2 1 
1 11 46 12 4 1 
38 19 12 3 1 1 1 
28 30 13 4 
3 48 12 9 3 
1 36 9 29 
7 2 20 25 9 8 2 2 
1 14 33 22 5 
13 25 22 12 3 
20 45 6 1 2 1 
1 33 34 1 4 1 1 
4 62 9 
5 18 3 3 3 7 8 1 10 4 13 
1 28 21 10 14 1 
37 27 1 1 9 
2 72 1 
2 60 12 1 
6 57 2 4 6 
4 3 47 18 1 2 
1 51 17 5 1 
1 22 29 9 14 
3 9 23 9 1 4 8 3 6 8 1 
1 60 3 4 7 
1 22 50 2 
1 50 16 7 1 
1 59 10 5 
2 28 45 
1 15 13 15 15 14 2 
1 72 1 1 
3 60 12 
8 49 14 2 2 
31 10 22 5 6 1 
1 67 6 1 
1 65 8 1 
3 37 4 15 2 13 1 
1 58 10 1 1 2 1 1 
74 1 
3 71 1 
64 8 3 
1 26 12 6 10 3 8 8 1 
9 45 3 12 3 2 1 
1 3 20 34 3 10 3 1 
2 4 51 8 2 2 2 2 2 
1 40 6 2 11 3 10 1 1 
6 26 9 10 22 2 
1 66 4 1 2 1 
1 49 8 10 7 
5 37 8 1 24 
1 24 11 9 14 4 4 4 2 1 1 
1 73 1 
71 1 1 1 1 
3 49 22 1 
3 41 2 27 2 
1 4 21 17 8 17 5 2 
9 48 10 8 
11 13 16 14 13 6 1 1 
2 38 2 31 1 1 
1 21 47 6 
51 6 9 1 7 1 
4 31 31 3 2 3 1 
70 1 2 1 1 
4 28 4 31 8 
2 31 14 12 11 1 4 
2 24 49 
2 69 4 
11 10 28 14 11 1 
4 25 11 8 9 10 3 4 1 
66 9 
6 21 21 13 13 1 
1 65 1 6 2 
1 51 20 3 
30 40 5 
1 70 4 
5 61 9 
1 33 24 8 9 
1 5 48 21 
2 59 6 5 2 1 
72 1 1 1 
1 32 36 3 3 
4 54 17 
15 50 10 
45 29 1 
8 54 13 
1 9 55 10 
67 8 
1 44 28 2 
1 52 3 6 1 6 3 1 2 
6 4 13 19 25 7 1 
2 63 2 7 1 
1 16 48 6 4 
2 23 9 3 27 7 4 
2 72 1 
3 28 10 15 13 3 1 2 
1 44 29 1 
1 49 7 16 1 1 
1 27 39 7 1 
8 2 9 46 9 1 
3 20 52 
1 50 24 
1 37 30 2 5 
1 26 2 46 
73 1 1 
25 27 13 1 8 1 
3 63 3 5 1 
42 30 1 2 
3 39 22 7 3 1 
1 46 19 8 1 
35 39 1 
1 6 42 11 5 5 1 4 
75 
3 47 19 4 2 
25 29 11 1 4 1 1 3 
1 1 50 8 11 3 1 
26 23 17 3 5 1 
1 34 13 13 14 
2 2 12 56 1 2 
4 28 33 7 3 
40 30 1 3 1 
5 67 1 2 
34 41 
1 22 42 7 3 
2 48 15 2 2 1 1 3 1 
3 55 12 1 4 
9 23 14 15 5 6 2 1 
1 64 1 1 6 2 
1 50 18 4 2 
40 3 20 3 4 1 3 1 
4 12 56 2 1 
40 34 1 
2 36 22 13 1 1 
8 11 37 6 5 6 1 1 
7 44 7 6 11 
46 3 23 2 1 
1 47 19 8 
1 39 21 1 9 2 1 1 
8 63 1 2 1 
4 45 25 1 
1 36 20 1 14 3 
3 70 2 
1 50 23 1 
4 1 66 4 
1 15 15 23 5 16 
2 70 1 2 
1 35 25 4 5 1 4 
5 63 7 
11 51 10 2 1 
8 64 2 1 
2 69 4 
63 2 2 1 1 5 1 
2 72 1 
7 60 3 3 2 
28 26 15 6 
8 6 40 18 3 
1 49 4 16 3 1 1 
1 38 31 2 3 
9 17 49 
1 31 35 1 1 6 
1 22 4 39 7 1 1 
9 57 5 1 3 
53 3 5 1 2 11 
2 52 10 1 10 
11 46 16 2 
2 7 44 1 11 9 1 
19 41 15 
1 37 23 6 8 
1 49 14 11 
1 50 9 6 9 
5 6 47 10 2 3 2 
40 31 4 
3 12 59 1 
1 51 2 9 12 
2 15 8 37 11 1 1 
3 70 2 
1 60 2 6 4 1 1 
58 12 2 2 1 
1 57 1 15 1 
2 64 8 1 
10 60 3 2 
65 2 8 
1 43 31 
4 56 2 6 1 2 3 1 
1 41 21 4 7 1 
3 5 5 40 3 17 2 
46 15 8 1 1 4 
1 61 2 1 2 7 1 
1 62 11 1 
2 47 26 
11 44 14 5 1 
46 27 1 1 
11 24 36 3 1 
7 36 19 2 8 1 2 
15 59 1 
4 41 18 5 2 2 1 1 1 
2 38 22 4 8 1 
1 47 1 26 
3 34 37 1 
1 32 21 13 4 2 2 
2 58 11 2 2 
1 52 21 1 
1 6 17 22 25 4 
1 42 6 7 19 
1 37 18 10 9 
2 49 11 4 7 2 
2 31 35 2 4 1 
1 48 13 5 4 4 
12 22 40 1 
11 35 29 
12 11 50 2 
2 26 22 23 1 1 
11 62 2 
1 61 5 2 6 
3 65 5 2 
13 24 7 10 21 
1 42 10 12 4 5 1 
1 74 
5 45 22 3 
40 10 23 1 1 
17 30 26 2 
1 71 3 
3 14 21 36 1 
7 33 35 
2 68 5 
2 31 1 13 2 16 3 5 1 1 
4 69 1 1 
1 40 2 23 6 1 1 1 
14 23 10 11 15 2 
1 74 
3 6 20 18 2 17 6 1 1 1 
2 11 10 43 9 
21 4 19 8 23 
3 11 13 23 16 8 1 
18 44 13 
1 20 49 5 
60 5 6 1 1 2 
2 63 4 5 1 
1 44 28 2 
1 19 43 12 
2 71 2 
5 59 9 2 
15 25 27 1 4 3 
75 
16 39 8 8 3 1 
66 8 1 
1 73 1 
7 58 5 4 1 
1 22 34 18 
2 70 2 1 
5 69 1 
6 34 35 
5 14 10 20 24 1 1 
3 28 42 1 1 
24 9 19 19 4 
2 30 11 16 10 2 4 
48 2 17 1 6 1 
1 60 14 
1 20 50 4 
1 16 19 3 23 4 7 2 
23 6 30 6 2 5 1 1 1 
1 67 7 
13 23 39 
1 40 3 5 24 1 1 
7 19 19 12 17 1 
1 36 23 2 8 4 1 
33 29 3 9 1 
1 19 46 3 2 4 
24 27 24 
11 35 1 9 3 6 8 2 
47 19 8 1 
1 42 8 11 13 
18 20 23 8 4 1 1 
2 20 50 2 1 
1 10 37 9 8 8 1 1 
5 48 8 7 5 1 1 
27 23 25 
4 25 7 3 9 13 14 
3 43 25 1 2 1 
2 70 2 1 
4 3 17 15 12 12 1 5 1 5 
1 12 62 
75 
1 39 29 2 4 
17 52 6 
15 35 18 6 1 
21 37 7 5 4 1 
1 47 21 1 5 
71 2 1 1 
69 3 2 1 
1 25 49 
6 44 25 
1 65 5 4 
1 41 33 
3 7 10 19 15 3 8 3 6 1 
2 45 11 1 5 11 
2 67 2 2 2 
1 57 5 6 3 1 1 1 
1 21 53 
2 5 68 
1 37 23 8 5 1 
3 35 1 31 1 1 3 
1 7 44 3 6 8 6 
7 26 26 4 9 2 1 
1 29 29 12 3 1 
1 44 5 3 15 3 4 
3 67 3 1 1 
1 38 19 6 8 3 
1 57 11 2 4 
3 58 9 5 
2 42 25 5 1 
1 72 2 
1 17 21 27 2 1 6 
1 74 
2 13 27 21 6 4 2 
1 62 8 3 1 
1 55 5 4 1 4 3 2 
10 8 53 4 
37 27 1 10 
1 50 7 10 6 1 
2 53 1 6 6 7 
3 38 17 2 11 1 3 
1 34 40 
2 66 4 1 2 
11 8 34 7 14 1 
75 
1 5 4 28 9 23 5 
1 73 1 
18 50 7 
16 55 4 
1 4 67 3 
1 42 5 7 17 3 
4 47 8 6 7 2 1 
1 40 29 2 3 
26 42 6 1 
1 64 10 
9 9 9 24 15 4 2 3 
72 2 1 
3 27 1 28 6 9 1 
9 43 1 20 2 
11 47 17 
1 13 32 20 2 1 4 1 1 
17 10 42 6 
9 54 6 4 2 
35 9 7 23 1 
50 17 8 
1 44 11 16 2 1 
2 33 24 1 10 5 
2 47 18 8 
35 21 17 1 1 
13 58 2 1 1 
4 24 46 1 
1 67 6 1 
69 3 1 1 1 
62 7 6 
1 35 20 16 1 2 
1 45 28 1 
3 57 3 5 1 1 4 1 
1 50 19 2 3 
9 26 3 4 4 10 14 3 2 
7 1 36 23 3 3 2 
16 38 17 4 
2 5 63 5 
2 22 37 12 2 
1 8 30 3 26 3 1 2 1 
1 65 7 2 
73 1 1 
2 36 13 3 4 5 4 2 2 3 1 
1 46 3 8 10 3 1 1 2 
1 27 4 22 18 2 1 
5 8 40 4 5 4 1 6 1 1 
70 4 1 
23 17 34 1 
1 29 1 24 4 15 1 
1 14 56 1 2 1 
1 13 23 32 6 
3 50 21 1 
32 3 28 4 2 3 1 1 1 
46 4 13 5 6 1 
3 65 7 
1 46 28 
75 
1 31 3 1 17 1 8 4 2 5 1 1 
1 72 1 1 
1 73 1 
14 43 18 
11 1 3 17 13 2 11 4 4 3 4 2 
3 58 12 1 1 
1 62 12 
11 58 2 1 1 1 1 
1 3 43 28 
57 2 7 5 4 
51 10 13 1 
9 41 25 
2 18 10 45 
9 3 20 34 2 3 3 1 
2 62 5 6 
5 56 12 2 
41 30 4 
46 19 5 1 4 
1 46 1 6 15 4 1 1 
51 15 5 2 2 
73 2 
1 29 33 8 3 1 
17 48 6 4 
1 55 16 1 1 1 
27 31 4 8 1 4 
3 47 21 1 3 
1 19 29 9 4 9 1 3 
3 47 24 1 
9 66 
7 13 24 22 8 1 
1 30 15 18 4 3 4 
1 32 40 2 
2 9 9 55 
3 26 10 22 4 7 2 1 
3 10 56 2 4 
1 50 23 1 
1 72 2 
2 19 51 3 
61 7 2 4 1 
1 42 26 1 1 4 
19 18 14 3 3 15 3 
3 20 49 1 1 1 
14 55 3 1 1 1 
5 40 28 2 
2 8 43 12 1 1 4 4 
9 25 26 2 13 
1 1 66 2 1 2 1 1 
19 51 4 1 
7 40 28 
13 48 3 6 1 3 1 
1 2 42 25 5 
1 7 66 1 
1 4 12 34 17 6 1 
8 24 42 1 
11 13 28 4 9 6 1 3 
13 61 1 
59 5 7 3 1 
3 17 48 2 2 3 
3 47 7 2 7 9 
1 47 9 16 1 1 
8 43 24 
3 6 33 9 2 1 9 5 5 1 1 
1 45 29 
67 3 3 1 1 
1 57 10 6 1 
5 17 19 19 2 12 1 
1 28 13 7 4 11 11 
1 12 62 
12 58 1 4 
3 12 51 2 7 
2 27 46 
8 18 2 18 18 5 6 
66 4 4 1 
2 40 31 1 1 
5 5 24 17 11 8 5 
13 15 16 20 11 
1 44 30 
57 14 4 
2 30 5 7 31 
10 59 4 1 1 
7 54 14 
1 71 3 
2 42 29 1 1 
1 4 49 8 1 11 1 
1 36 7 16 6 8 1 
2 40 23 5 5 
1 37 37 
1 74 
1 15 48 2 3 1 2 1 2 
24 19 32 
1 59 14 1 
3 25 18 1 7 12 3 2 3 1 
1 62 1 11 
73 1 1 
40 15 19 1 
12 11 44 8 
32 22 4 6 6 4 1 
46 12 6 11 
1 42 17 1 9 2 1 1 1 
40 8 17 9 1 
1 9 65 
12 31 24 6 2 
1 60 13 1 
5 69 1 
1 25 47 1 1 
2 62 10 1 
12 35 2 1 13 11 1 
3 5 15 27 7 15 3 
71 2 1 1 
1 41 24 2 6 1 
5 65 4 1 
1 47 8 18 1 
23 23 26 3 
4 11 4 22 29 2 3 
1 2 48 7 17 
1 51 20 1 2 
1 4 38 26 1 5 
1 9 26 13 7 3 13 3 
1 45 7 15 1 4 1 1 
23 28 24 
1 62 2 6 1 3 
69 6 
6 45 11 6 1 2 1 1 2 
28 12 27 2 2 3 1 
18 6 5 20 26 
1 21 15 2 8 4 14 1 4 5 
24 15 23 11 2 
1 71 3 
4 19 15 30 5 1 1 
1 18 40 2 11 3 
12 27 19 5 9 3 
4 6 33 16 8 8 
8 45 18 4 
45 28 1 1 
1 26 1 5 28 6 8 
31 9 33 2 
1 23 51 
9 4 37 25 
9 15 4 35 11 1 
15 14 6 8 9 4 16 3 
3 3 15 6 30 4 4 8 2 
19 14 33 1 5 1 2 
71 1 3 
1 60 5 8 1 
1 32 18 20 3 1 
3 59 9 1 2 1 
1 58 10 3 1 2 
3 6 17 20 20 4 1 4 
1 46 4 5 18 1 
4 57 6 1 5 2 
2 16 38 14 5 
2 22 12 37 2 
1 25 3 41 5 
1 16 33 15 5 2 3 
5 17 2 48 2 1 
1 7 2 27 11 1 17 3 1 2 3 
8 8 41 13 1 1 2 1 
49 6 5 12 1 2 
4 57 4 3 1 1 4 1 
67 6 2 
30 13 4 8 5 14 1 
2 50 12 9 1 1 
1 19 55 
9 5 52 8 1 
1 69 2 1 2 
1 13 41 4 3 9 4 
1 74 
4 47 4 1 17 1 1 
1 72 1 1 
17 30 3 19 1 1 4 
2 25 2 13 18 1 13 1 
1 45 4 12 2 4 3 1 2 1 
12 11 33 8 10 1 
12 18 42 2 1 
58 7 8 1 1 
1 49 10 9 6 
1 48 26 
3 47 25 
2 39 7 24 3 
13 22 39 1 
5 32 38 
4 29 17 22 2 1 
1 5 4 25 6 29 1 1 3 
42 13 19 1 
1 27 5 27 10 2 2 1 
1 8 6 7 20 4 11 1 10 4 1 2 
1 20 42 12 
1 63 10 1 
1 16 6 25 27 
71 2 2 
1 18 8 11 5 26 6 
1 66 7 1 
1 71 2 1 
1 33 19 19 3 
4 54 4 2 2 7 2 
2 14 43 1 11 4 
1 59 7 3 2 2 1 
1 65 7 2 
3 65 4 1 2 
3 8 55 6 1 1 1 
2 14 57 1 1 
50 7 8 2 1 2 4 1 
41 25 9 
26 15 32 2 
1 51 1 5 6 2 7 1 1 
20 39 12 1 3 
65 9 1 
1 18 47 9 
75 
8 35 26 3 1 2 
2 52 21 
20 10 16 4 1 4 5 15 
2 30 13 14 3 4 6 2 1 
62 13 
1 65 3 1 1 3 1 
2 68 2 3 
73 2 
9 12 45 3 4 1 1 
1 56 1 7 8 2 
1 27 10 14 12 3 1 3 3 1 
2 30 4 23 1 3 11 1 
7 26 37 4 1 
6 41 2 24 2 
43 29 1 2 
63 6 2 3 1 
63 9 2 1 
1 2 31 8 14 8 8 3 
1 66 2 3 2 1 
2 46 6 19 2 
1 19 55 
3 60 3 8 1 
6 59 10 
11 27 24 3 5 4 1 
2 17 51 2 1 2 
52 22 1 
1 45 27 2 
3 71 1 
2 62 9 2 
2 39 21 8 1 1 1 2 
1 40 25 6 2 1 
22 51 2 
1 67 7 
2 50 1 10 11 1 
1 37 4 15 2 8 1 1 1 2 1 1 1 
1 4 13 8 8 6 13 14 7 1 
4 8 1 44 3 15 
5 35 2 30 3 
11 5 37 16 6 
3 42 23 6 1 
1 29 19 8 16 1 1 
5 25 6 16 8 9 4 2 
1 56 11 6 1 
1 67 3 3 1 
1 60 5 8 1 
3 70 1 1 
40 31 4 
57 14 1 3 
2 37 8 5 7 9 4 2 1 
14 57 3 1 
1 11 32 1 8 14 1 4 2 1 
1 23 25 2 15 5 1 3 
1 6 45 9 11 3 
1 23 50 1 
1 54 1 14 1 4 
1 54 2 1 9 4 4 
1 17 39 15 1 2 
1 14 31 7 1 9 3 8 1 
1 23 20 12 6 1 1 3 6 2 
58 8 5 1 2 1 
7 52 16 
2 38 28 3 3 1 
2 42 13 17 1 
13 40 17 2 3 
1 8 35 30 1 
1 48 20 2 2 2 
1 52 13 6 2 1 
1 48 11 13 2 
1 52 3 14 5 
18 15 14 19 4 4 1 
2 9 29 23 1 7 2 2 
75 
16 28 11 10 1 1 5 1 2 
1 62 12 
24 10 15 19 2 1 4 
1 34 2 25 1 11 1 
13 4 39 8 10 1 
1 63 3 1 4 3 
3 6 54 7 1 2 1 1 
6 31 22 9 2 2 1 1 1 
3 12 14 6 16 24 
6 43 19 4 1 2 
74 1 
1 54 10 1 6 3 
1 8 33 32 1 
42 1 3 23 1 4 1 
44 10 2 1 4 3 2 7 1 1 
4 58 2 4 7 
1 33 36 3 2 
13 60 2 
4 63 2 1 1 3 1 
48 3 22 2 
2 12 56 3 2 
1 13 45 16 
1 28 37 4 5 
1 52 5 4 10 1 2 
1 47 27 
24 39 2 9 1 
73 1 1 
3 10 14 27 13 3 5 
1 51 16 6 1 
1 2 4 11 19 1 11 23 1 2 
1 54 20 
1 36 35 1 1 1 
1 49 11 2 1 11 
5 61 1 8 
1 43 12 5 8 2 1 3 
53 8 8 6 
2 40 9 20 4 
2 14 53 4 2 
1 48 15 2 5 1 3 
2 50 6 11 1 2 2 1 
1 29 14 19 3 8 1 
3 63 6 2 1 
1 11 2 31 2 16 11 1 
1 74 
1 44 4 4 6 5 5 6 
1 58 15 1 
6 21 5 19 5 6 4 1 3 3 2 
1 41 8 24 1 
14 60 1 
1 31 18 11 3 8 2 1 
2 49 24 
3 35 7 11 11 4 1 3 
2 41 20 1 3 4 2 1 1 
14 42 17 1 1 
1 19 35 14 6 
2 41 18 11 1 1 1 
2 67 5 1 
39 18 13 1 2 1 1 
14 43 18 
4 44 16 4 2 3 2 
1 10 28 2 15 2 11 2 3 1 
6 47 10 9 1 2 
2 5 31 37 
1 70 3 1 
3 72 
7 1 34 22 8 3 
52 12 9 2 
1 29 10 9 17 8 1 
1 32 23 4 1 4 4 4 2 
3 68 4 
2 56 4 12 1 
1 12 6 55 1 
1 69 1 3 1 
34 8 3 22 6 2 
12 44 2 5 3 8 1 
5 64 6 
11 57 4 2 1 
55 10 7 3 
2 69 4 
6 68 1 
1 65 9 
1 68 1 5 
13 24 28 5 5 
7 17 2 26 1 18 1 3 
9 9 25 25 2 4 1 
1 37 3 24 3 2 3 1 1 
4 60 11 
52 19 3 1 
3 66 5 1 
1 29 42 2 1 
4 52 5 8 2 3 1 
14 20 6 7 4 11 3 1 6 1 1 1 
3 22 12 11 13 6 8 
1 22 37 8 1 5 1 
74 1 
54 1 7 1 10 2 
4 39 10 15 1 2 4 
41 8 10 15 1 
1 1 24 8 33 8 
3 5 7 22 18 7 9 2 2 
6 12 36 9 10 2 
1 72 2 
1 31 18 19 4 2 
20 47 1 5 2 
1 57 12 1 3 1 
2 1 59 8 1 1 2 1 
1 53 10 8 3 
2 43 28 2 
1 71 1 2 
8 22 19 25 1 
72 3 
9 24 1 11 18 8 4 
4 12 28 20 2 9 
6 41 8 14 4 1 1 
5 31 19 13 7 
2 63 9 1 
2 50 13 10 
2 56 16 1 
8 20 37 2 4 1 1 1 1 
7 5 40 11 1 2 8 1 
1 3 70 1 
8 2 41 8 13 1 1 1 
1 66 4 3 1 
30 19 21 2 1 2 
1 64 10 
40 12 13 2 5 3 
2 34 27 3 5 1 3 
45 6 22 2 
31 15 16 10 1 1 1 
36 32 3 2 2 
1 32 13 19 7 1 1 1 
6 7 6 1 41 6 3 2 1 1 1 
1 71 3 
1 55 14 2 3 
1 41 33 
47 21 1 2 3 1 
2 50 19 1 1 2 
5 44 2 4 9 8 3 
8 55 8 3 1 
4 10 4 56 1 
1 30 6 29 3 2 4 
1 25 42 7 
4 59 1 2 8 1 
3 65 7 
2 11 26 6 18 4 2 1 5 
1 51 20 2 1 
1 52 22 
2 3 33 23 13 1 
8 62 1 1 1 2 
1 47 16 8 2 1 
1 16 30 2 18 4 3 1 
52 18 4 1 
2 68 4 1 
1 21 2 23 12 7 9 
3 22 23 2 16 8 1 
1 56 6 9 3 
1 4 22 16 26 1 2 1 1 1 
6 25 21 4 19 
1 10 61 1 1 1 
7 28 13 20 4 1 1 1 
8 46 9 1 5 3 3 
9 8 54 4 
61 5 6 3 
3 52 2 15 1 1 1 
1 60 14 
59 3 3 1 6 2 1 
1 52 6 5 4 4 3 
1 35 25 4 3 7 
3 52 11 6 2 1 
8 34 12 4 4 10 2 1 
1 71 2 1 
1 19 17 5 24 9 
11 39 2 6 5 4 6 2 
2 26 24 16 6 1 
1 8 11 47 7 1 
10 24 1 23 11 5 1 
73 2 
1 12 49 2 6 2 3 
1 10 42 7 6 1 3 2 3 
65 7 3 
1 33 18 22 1 
1 71 3 
3 41 9 3 14 2 1 2 
13 2 38 10 7 3 1 1 
2 54 19 
2 9 16 7 24 6 5 5 1 
30 5 3 2 13 6 14 2 
10 15 43 6 1 
7 39 13 8 5 3 
10 26 18 15 4 2 
3 53 6 1 9 3 
1 32 20 15 5 1 1 
1 19 33 11 3 8 
1 67 6 1 
1 17 28 25 1 3 
10 12 30 8 4 9 1 1 
1 16 24 19 5 8 2 
12 47 10 5 1 
2 8 61 3 1 
8 64 3 
6 25 44 
2 29 37 2 3 2 
40 18 2 4 5 6 
2 24 44 4 1 
75 
10 26 19 6 9 2 2 1 
34 14 4 9 4 4 2 1 1 1 1 
1 5 15 30 14 8 1 1 
1 46 28 
3 49 23 
32 7 25 11 
2 73 
2 21 21 16 7 8 
1 5 55 8 6 
19 34 5 6 7 1 1 1 1 
1 39 26 2 5 1 1 
23 15 37 
2 26 33 1 2 9 1 1 
69 2 4 
48 5 2 16 1 3 
69 5 1 
7 59 6 2 1 
2 9 4 30 15 13 1 1 
3 8 51 8 4 1 
1 1 45 19 7 1 1 
1 19 50 4 1 
33 37 5 
11 62 2 
1 27 25 9 3 9 1 
4 69 1 1 
1 22 52 
3 48 16 2 5 1 
1 24 3 30 9 2 2 4 
1 66 6 1 1 
1 7 54 13 
2 64 5 3 1 
24 41 3 2 1 1 1 1 1 
1 12 32 1 6 7 3 6 3 1 3 
2 49 8 3 5 4 1 2 1 
1 52 7 2 2 6 3 1 1 
19 37 14 1 1 3 
1 51 23 
4 7 30 15 19 
4 33 18 5 5 10 
1 18 42 9 2 1 2 
36 5 24 4 1 2 2 1 
19 45 10 1 
22 10 42 1 
3 1 70 1 
52 18 5 
2 33 40 
7 3 19 8 29 2 1 3 3 
4 49 14 8 
1 73 1 
75 
1 21 28 13 3 6 3 
2 13 22 20 2 7 6 3 
8 14 53 
1 64 1 1 5 3 
24 3 35 3 8 1 1 
1 10 38 20 6 
35 8 17 9 2 2 2 
1 5 63 1 1 3 1 
46 26 3 
13 43 1 3 12 1 2 
1 13 17 41 3 
16 2 26 31 
3 57 1 11 1 2 
1 54 1 7 12 
1 24 50 
5 9 57 3 1 
2 17 6 12 7 15 9 4 3 
1 16 44 8 2 3 1 
17 26 3 21 5 3 
2 26 42 1 1 2 1 
2 54 6 8 1 2 2 
10 17 12 26 2 6 1 1 
1 50 20 2 1 1 
11 2 46 16 
34 26 14 1 
23 18 1 14 6 9 1 3 
15 60 
3 8 2 51 1 3 4 2 1 
2 36 10 9 16 2 
74 1 
1 70 2 1 1 
2 43 3 23 1 3 
1 56 18 
2 46 23 2 2 
1 4 31 10 16 1 6 1 5 
4 4 9 25 19 10 2 1 1 
1 55 8 9 2 
2 56 17 
10 6 35 22 2 
5 58 12 
1 55 15 3 1 
2 38 15 13 7 
75 
1 55 19 
1 68 5 1 
7 57 2 1 4 2 2 
39 26 5 1 2 2 
1 47 10 12 2 2 1 
1 17 22 9 15 3 1 7 
1 52 22 
3 67 1 2 1 1 
5 21 25 11 4 5 4 
2 68 1 4 
2 42 7 13 5 2 2 1 1 
1 20 35 18 1 
2 54 8 5 3 1 2 
1 56 4 3 11 
6 8 45 8 8 
75 
7 32 24 5 6 1 
1 58 16 
1 71 3 
2 57 15 1 
1 10 37 16 11 
5 19 40 7 3 1 
1 62 2 7 1 1 1 
69 4 1 1 
4 25 41 4 1 
72 2 1 
4 44 24 1 2 
1 72 2 
8 5 60 2 
44 21 2 8 
60 13 2 
1 70 1 2 1 
36 7 9 20 3 
1 47 14 2 1 3 4 3 
1 63 11 
2 67 1 2 2 1 
75 
1 72 2 
3 62 6 1 3 
1 50 3 1 6 10 4 
1 1 42 13 11 6 1 
1 19 51 1 1 2 
16 28 21 10 
1 17 52 1 3 1 
4 67 1 3 
1 12 39 17 5 1 
20 3 42 5 1 1 3 
2 69 4 
1 41 29 4 
1 19 15 23 13 3 1 
8 24 19 5 3 3 11 2 
2 63 9 1 
2 65 1 2 4 1 
1 71 1 2 
1 46 26 1 1 
1 65 1 5 2 1 
1 52 22 
21 52 2 
4 45 5 21 
1 73 1 
7 13 28 6 10 5 3 3 
3 42 30 
1 69 1 1 3 
1 17 28 11 12 6 
1 55 18 1 
1 1 63 3 4 1 1 1 
3 46 2 16 1 4 2 1 
4 12 29 12 4 1 1 10 2 
1 21 20 12 3 2 2 10 4 
11 42 18 1 2 1 
2 66 7 
1 12 34 11 11 5 1 
1 31 38 3 2 
2 73 
6 53 16 
75 
48 25 2 
1 44 30 
2 65 4 4 
3 55 14 3 
1 2 28 44 
1 54 12 8 
1 30 22 4 18 
13 48 13 1 
53 11 11 
3 56 16 
6 33 25 4 5 1 1 
1 27 41 4 2 
4 12 32 21 2 2 2 
7 32 26 2 7 1 
71 4 
1 43 9 18 2 2 
1 6 61 5 2 
5 18 33 8 9 2 
1 29 15 24 3 1 1 1 
14 51 7 1 2 
11 44 13 4 3 
6 29 33 6 1 
1 28 38 4 3 1 
5 53 6 8 3 
7 59 8 1 
