60 5 2 6 3 
1 3 68 1 3 
1 19 28 14 14 
1 17 44 7 5 1 1 
3 48 8 14 2 1 
21 5 7 9 16 7 2 8 1 
1 24 50 1 
1 9 51 3 9 1 2 
54 16 4 2 
1 20 17 17 3 18 
1 25 15 3 22 5 1 4 
1 57 18 
71 3 2 
9 59 7 1 
2 18 25 30 1 
17 42 2 9 1 3 2 
2 57 8 2 7 
2 52 8 11 3 
1 54 5 14 1 1 
3 27 15 15 8 6 2 
6 12 6 6 20 15 4 1 5 1 
38 18 5 7 7 1 
3 23 10 39 1 
71 3 2 
2 63 10 1 
60 14 2 
4 68 4 
2 49 20 3 2 
1 71 4 
2 53 12 7 2 
1 2 13 28 11 1 2 12 1 3 1 1 
1 64 9 2 
1 33 1 8 18 7 2 6 
3 68 2 3 
61 10 2 3 
2 31 23 9 4 4 2 1 
2 27 26 15 6 
1 5 30 27 9 3 1 
1 28 34 2 2 7 1 1 
39 5 2 2 25 3 
3 53 15 3 1 1 
1 41 32 1 1 
1 45 2 8 1 16 1 2 
4 19 46 2 2 2 1 
2 32 38 4 
3 31 3 29 9 1 
2 16 46 8 4 
4 2 20 35 11 2 1 1 
2 47 26 1 
3 32 34 2 2 3 
1 61 14 
1 63 12 
1 56 8 8 3 
2 38 10 24 2 
23 24 8 16 3 2 
1 69 6 
21 8 43 2 2 
1 65 4 6 
7 17 16 5 10 13 4 3 1 
1 21 47 7 
4 29 24 8 3 2 3 3 
1 21 46 3 5 
1 47 26 1 1 
13 11 13 18 8 9 1 1 1 1 
63 3 8 2 
6 49 5 7 4 3 1 1 
1 69 2 1 2 1 
3 49 3 19 1 1 
39 26 6 5 
60 1 4 7 2 1 1 
4 34 38 
1 48 11 9 3 2 2 
1 52 17 4 2 
1 64 8 3 
2 54 20 
1 43 12 4 15 1 
3 69 4 
2 26 31 2 15 
3 30 12 5 15 11 
14 42 4 13 3 
1 47 22 1 2 3 
4 28 7 8 29 
2 43 15 1 15 
29 23 11 13 
6 7 50 12 1 
2 61 4 5 1 3 
1 65 9 1 
3 2 24 36 10 1 
2 49 25 
1 16 13 10 13 22 1 
1 70 5 
3 57 13 3 
2 12 53 2 5 2 
1 60 5 10 
2 43 31 
5 47 21 3 
1 3 72 
7 2 50 3 1 9 2 1 1 
11 11 26 28 
1 65 4 6 
1 32 43 
22 12 28 9 5 
1 59 15 1 
1 7 28 19 12 6 2 1 
42 25 4 4 1 
3 43 25 3 2 
4 9 43 15 5 
15 49 12 
1 19 53 3 
25 46 4 1 
35 12 12 4 10 2 1 
1 27 5 10 28 2 1 2 
1 49 2 19 3 2 
9 56 8 1 1 1 
5 1 6 35 12 6 8 1 2 
40 27 7 2 
51 23 1 1 
76 
11 38 27 
1 23 23 6 5 15 1 2 
60 1 15 
7 10 24 15 10 10 
1 75 
2 15 56 3 
3 41 18 13 1 
1 70 5 
2 56 16 2 
5 2 31 28 5 3 1 1 
1 38 14 7 16 
2 61 13 
62 3 11 
1 7 11 51 6 
39 18 1 4 2 5 1 1 1 1 1 2 
1 44 8 20 3 
68 4 4 
1 68 6 1 
15 15 11 2 6 27 
65 2 6 2 1 
1 1 34 4 12 9 4 11 
76 
1 11 59 5 
3 65 8 
22 34 20 
4 49 3 15 1 2 2 
5 14 36 2 5 14 
39 32 3 1 1 
1 64 4 2 4 1 
4 48 7 8 4 5 
18 55 3 
1 22 37 9 7 
3 28 5 12 7 3 6 7 3 1 1 
19 47 4 3 1 1 1 
1 44 29 1 1 
3 58 8 5 2 
1 41 32 1 1 
1 42 28 2 3 
2 39 9 23 1 2 
73 1 2 
2 41 22 4 1 5 1 
2 13 19 3 25 3 10 1 
3 57 7 6 3 
5 53 6 3 7 1 1 
1 28 23 20 3 1 
1 30 41 1 1 1 1 
58 17 1 
20 17 28 6 4 1 
36 12 25 2 1 
1 65 1 1 6 2 
1 57 7 4 7 
6 7 57 1 4 1 
1 5 15 33 19 3 
9 18 31 7 4 3 1 2 1 
12 10 53 1 
1 60 7 2 6 
3 67 6 
1 47 26 1 1 
68 2 2 1 1 1 1 
1 4 64 6 1 
9 21 12 26 7 1 
1 39 4 15 11 5 1 
1 12 27 24 6 1 4 1 
2 5 43 15 7 4 
1 73 2 
3 42 30 1 
2 69 3 2 
2 18 3 33 1 17 1 1 
3 44 28 1 
26 14 22 3 5 4 1 1 
10 60 5 1 
1 15 47 13 
1 38 9 7 15 5 1 
15 38 16 7 
2 9 47 15 3 
1 50 9 9 1 6 
65 3 7 1 
37 38 1 
76 
18 9 3 16 2 18 2 2 2 3 1 
3 3 2 4 4 13 40 4 2 1 
8 10 28 14 11 3 1 1 
8 18 43 5 1 1 
1 46 29 
1 11 64 
1 26 9 14 9 7 10 
4 44 19 6 2 1 
6 8 59 2 1 
1 38 3 12 8 13 1 
2 45 21 4 3 1 
9 63 2 2 
9 36 7 3 13 4 1 1 2 
1 26 26 14 3 2 4 
3 49 5 10 3 3 3 
4 2 38 16 10 2 4 
17 44 10 4 1 
46 6 4 8 2 1 4 5 
8 23 7 25 12 1 
23 23 3 22 2 1 1 1 
1 57 8 9 1 
1 8 17 1 14 32 1 2 
4 18 33 6 6 2 7 
1 18 3 26 6 6 3 4 9 
1 46 17 5 7 
29 3 31 11 1 1 
6 12 42 15 1 
7 55 8 4 1 1 
2 29 26 11 8 
2 69 4 1 
56 10 8 1 1 
1 13 32 9 21 
8 59 9 
46 6 24 
2 49 1 2 2 14 1 4 1 
1 25 50 
1 14 49 10 1 1 
3 41 5 20 3 1 3 
1 36 21 8 3 6 1 
1 10 24 30 9 2 
1 18 40 1 13 1 2 
36 33 5 1 1 
2 16 56 2 
23 37 8 2 4 2 
7 55 4 8 2 
52 9 9 5 1 
1 48 7 1 2 15 2 
57 17 2 
1 42 29 3 1 
1 32 41 1 1 
3 34 32 3 4 
23 14 36 2 1 
1 75 
45 10 17 4 
1 34 32 8 1 
27 14 26 9 
2 11 6 54 3 
3 43 21 3 2 3 1 
1 5 27 7 23 4 2 5 2 
2 1 46 26 1 
1 2 64 2 1 5 1 
10 59 7 
66 7 2 1 
1 29 30 4 3 8 1 
2 49 24 1 
5 29 31 5 1 2 1 1 1 
55 13 5 3 
5 71 
1 36 33 2 3 1 
10 55 1 3 4 3 
1 20 47 2 2 1 2 1 
2 65 2 1 3 3 
1 54 8 7 5 1 
5 41 28 1 1 
1 21 1 10 21 5 1 7 5 2 2 
1 37 33 4 1 
1 28 22 15 4 1 1 1 2 1 
4 71 1 
2 54 6 9 3 1 1 
29 46 1 
2 5 8 59 2 
76 
2 33 4 17 1 3 6 1 7 1 1 
5 61 3 5 2 
1 48 13 5 5 3 1 
1 61 2 12 
1 48 5 6 3 2 5 4 2 
2 49 25 
2 70 3 1 
1 22 14 14 22 1 1 1 
2 17 19 6 7 8 11 2 3 1 
1 24 9 35 2 2 3 
1 47 20 1 6 1 
1 32 27 6 4 3 1 2 
1 44 2 3 12 8 3 2 1 
1 64 9 2 
2 58 11 3 2 
17 30 3 9 2 11 1 3 
1 48 2 12 10 2 1 
54 18 4 
24 34 17 1 
3 26 8 34 5 
1 18 8 14 16 13 4 1 1 
2 63 1 5 4 1 
20 48 3 3 1 1 
15 13 41 7 
3 17 24 7 11 1 1 7 3 2 
1 34 28 12 1 
6 41 9 7 13 
7 44 5 16 4 
2 15 4 34 19 1 1 
1 3 8 26 34 2 2 
28 44 2 1 1 
2 14 46 4 3 6 1 
37 7 32 
2 71 2 1 
1 50 13 8 2 2 
13 35 9 18 1 
3 72 1 
2 21 37 4 12 
13 31 6 25 1 
74 1 1 
4 64 4 3 1 
5 34 29 8 
1 12 5 9 14 22 7 1 4 1 
46 19 11 
3 6 19 42 6 
1 68 7 
1 64 10 1 
2 8 31 24 9 2 
5 26 5 33 5 2 
2 62 7 1 4 
76 
55 3 18 
1 17 58 
1 51 8 8 6 1 1 
1 41 4 29 1 
1 30 45 
4 15 9 14 22 1 11 
4 50 18 3 1 
45 20 3 8 
4 19 25 13 4 6 1 3 1 
4 67 2 3 
8 21 26 17 4 
2 32 42 
8 38 24 5 1 
1 74 1 
1 72 2 1 
1 20 18 17 13 5 2 
4 56 16 
1 74 1 
4 52 19 1 
44 32 
2 70 1 1 2 
12 27 9 14 11 3 
3 8 13 20 12 3 7 4 5 1 
1 24 50 1 
4 35 2 32 1 2 
16 9 11 32 7 1 
4 10 3 57 2 
7 48 1 8 11 1 
1 15 1 12 7 5 15 13 7 
11 23 34 8 
1 57 5 2 8 2 1 
3 28 18 23 4 
6 69 1 
5 69 1 1 
2 73 1 
1 70 2 2 1 
2 64 10 
4 8 64 
2 21 53 
1 55 20 
2 19 29 16 7 1 2 
1 13 47 3 8 2 1 1 
1 20 27 19 1 1 4 2 1 
3 36 37 
3 7 65 1 
7 51 13 1 2 1 1 
49 2 9 3 5 1 7 
1 60 8 3 1 3 
13 22 29 8 1 3 
8 5 46 2 10 2 1 2 
8 29 25 12 1 1 
2 55 8 8 3 
1 24 51 
5 10 12 33 4 8 1 1 1 1 
1 6 61 1 7 
1 66 7 1 1 
2 24 35 12 3 
2 27 47 
63 12 1 
1 30 5 29 9 1 1 
9 35 30 1 1 
12 1 21 13 15 13 1 
1 17 46 12 
65 6 5 
2 42 21 7 1 1 2 
2 19 39 2 9 4 1 
5 63 5 3 
1 69 3 2 1 
1 10 3 52 8 1 1 
6 23 27 19 1 
2 70 1 2 1 
4 62 10 
3 31 21 19 1 1 
1 26 9 8 4 11 5 7 1 2 1 1 
73 2 1 
1 52 14 6 1 1 1 
1 15 46 14 
1 24 48 2 1 
4 72 
2 7 10 54 1 2 
35 34 3 3 1 
1 50 20 5 
48 5 7 3 1 11 1 
1 44 31 
1 20 37 9 1 3 5 
1 71 1 3 
1 12 32 12 1 17 1 
6 23 7 17 5 7 8 1 1 1 
58 4 8 4 2 
1 61 13 1 
1 67 8 
3 44 25 2 2 
2 74 
7 51 2 3 8 5 
20 24 23 1 8 
4 38 8 10 15 1 
2 47 27 
3 20 32 5 15 1 
1 62 13 
8 40 26 1 1 
37 11 18 3 5 1 1 
1 23 18 8 10 15 1 
21 9 42 2 2 
11 22 34 8 1 
3 8 3 46 14 1 1 
3 12 2 34 19 5 1 
1 54 2 1 8 10 
1 61 14 
18 15 23 12 3 3 1 1 
1 75 
5 36 22 4 9 
13 5 21 9 6 2 17 3 
19 26 11 12 3 3 1 1 
1 42 29 3 1 
9 11 36 1 2 5 5 7 
1 17 36 1 16 5 
75 1 
9 53 6 7 1 
1 21 6 42 2 2 2 
1 73 2 
3 39 5 19 10 
6 55 9 1 3 2 
6 13 37 14 6 
1 56 14 5 
1 66 8 1 
1 65 3 1 3 2 1 
21 53 2 
7 28 11 12 18 
15 44 4 12 1 
1 32 32 11 
2 55 1 5 12 1 
48 26 2 
1 50 10 8 2 1 2 2 
2 65 7 2 
1 10 26 4 23 3 2 2 4 1 
9 59 8 
1 68 5 2 
2 23 7 34 9 1 
3 66 6 1 
14 17 26 8 8 1 2 
2 50 5 1 1 13 4 
7 23 9 16 5 4 5 3 4 
1 47 23 4 1 
22 26 2 2 2 19 2 1 
1 58 10 1 2 4 
3 33 1 35 4 
2 57 15 1 1 
54 15 1 1 5 
1 73 2 
1 50 21 1 1 1 1 
5 66 5 
5 29 3 18 2 5 13 1 
1 58 10 3 3 1 
1 43 32 
3 57 7 4 5 
7 25 2 14 7 13 3 1 1 1 1 1 
3 36 16 3 1 3 6 3 2 3 
3 65 8 
6 32 18 4 5 11 
1 37 10 22 6 
1 62 2 9 1 1 
54 1 11 1 7 1 1 
3 48 20 4 1 
16 35 18 6 1 
3 61 1 2 5 2 2 
1 23 50 2 
5 69 1 1 
10 54 12 
1 8 11 15 30 8 1 1 1 
1 29 46 
64 9 1 1 1 
3 73 
4 17 32 9 6 8 
1 57 1 7 9 1 
27 31 7 3 6 1 1 
6 40 9 10 2 2 3 4 
1 21 32 7 10 4 1 
17 58 1 
4 39 33 
1 40 7 20 1 2 1 1 3 
2 67 7 
2 64 4 5 1 
1 61 6 4 4 
1 71 3 1 
1 35 29 4 3 4 
27 1 28 14 5 1 
4 11 6 48 7 
1 27 25 22 1 
13 11 33 3 5 1 2 6 1 1 
6 12 39 12 6 1 
1 19 21 27 4 3 1 
11 20 13 4 19 4 3 2 
3 64 8 1 
59 10 6 1 
2 64 5 1 3 1 
1 50 6 6 9 4 
2 31 37 5 1 
1 30 40 5 
13 21 41 1 
3 45 20 7 1 
1 4 35 19 7 4 6 
6 15 17 7 5 17 2 4 2 1 
2 32 10 27 5 
2 59 4 6 3 2 
2 22 2 6 38 3 1 2 
2 18 11 34 2 2 1 1 5 
1 10 30 3 11 4 7 1 8 1 
1 28 38 9 
1 49 13 3 10 
1 11 9 43 1 8 2 1 
17 46 12 1 
48 23 1 4 
1 21 7 11 9 17 6 1 3 
2 13 41 9 5 2 3 1 
51 22 3 
1 46 26 3 
1 46 22 1 4 1 1 
1 62 1 9 1 1 1 
18 1 47 2 5 3 
4 50 20 2 
1 14 35 19 4 3 
17 23 30 2 4 
1 56 6 7 3 1 1 1 
75 1 
1 71 1 3 
1 20 34 7 6 2 3 1 2 
3 24 7 35 7 
1 57 15 1 2 
19 12 37 3 5 
11 7 14 19 15 5 5 
1 60 15 
5 11 29 20 7 1 3 
1 67 3 2 3 
1 23 38 5 1 6 1 1 
72 4 
1 35 34 3 1 2 
24 20 25 7 
27 13 29 3 3 1 
5 48 2 1 11 6 2 1 
3 38 35 
2 74 
5 34 18 13 1 4 1 
3 66 1 5 1 
1 51 13 8 3 
38 18 20 
2 33 41 
1 7 68 
11 38 26 1 
4 63 2 4 3 
1 38 15 17 5 
1 11 34 7 22 1 
42 33 1 
7 45 19 3 2 
4 16 18 4 20 5 8 1 
4 27 22 18 5 
1 56 1 15 3 
7 64 5 
75 1 
1 54 19 2 
12 13 30 11 9 1 
1 20 15 10 28 2 
22 31 5 15 3 
1 30 15 20 6 4 
59 5 12 
3 73 
14 40 6 13 2 1 
4 70 2 
13 60 2 1 
4 63 7 2 
16 44 9 5 2 
76 
9 6 24 33 4 
1 73 1 1 
3 49 5 1 14 1 2 1 
45 25 3 3 
2 26 47 1 
1 69 6 
1 5 52 3 11 1 1 2 
1 49 25 1 
4 23 46 1 2 
57 17 1 1 
2 74 
2 18 36 20 
12 52 2 8 1 1 
1 43 16 9 4 3 
45 30 1 
4 18 53 1 
16 44 3 9 2 2 
5 48 3 9 1 10 
50 18 4 1 3 
1 1 63 7 4 
47 26 3 
2 54 20 
1 68 4 1 2 
2 4 11 18 3 25 8 5 
1 74 1 
8 64 4 
1 28 29 11 7 
28 18 7 21 2 
8 33 23 4 5 1 1 1 
2 72 1 1 
2 29 36 4 3 2 
2 67 7 
1 23 22 26 2 2 
23 18 13 8 4 3 4 1 2 
42 9 25 
1 40 35 
9 7 12 46 1 1 
1 65 7 2 1 
36 6 4 23 5 2 
52 10 8 2 4 
6 42 18 8 2 
20 17 32 4 3 
5 14 31 23 3 
2 21 37 8 8 
13 55 7 1 
8 19 16 29 4 
2 71 1 1 1 
1 28 47 
74 2 
1 40 20 10 2 1 2 
3 36 15 10 8 4 
5 5 43 20 2 1 
1 69 5 1 
1 66 8 1 
4 72 
1 47 2 25 1 
1 52 5 10 7 1 
1 6 35 20 9 5 
1 6 14 44 3 4 4 
3 34 12 21 6 
1 73 2 
10 8 40 10 8 
7 31 20 14 3 1 
5 34 25 8 4 
14 22 36 4 
1 51 22 2 
1 40 17 4 2 8 2 2 
1 32 21 1 13 6 1 1 
1 47 24 4 
1 39 19 6 5 5 1 
3 67 6 
66 4 2 4 
11 55 9 1 
7 47 12 1 6 2 1 
1 4 70 1 
1 31 1 1 12 3 4 4 12 3 3 1 
1 4 25 2 28 11 5 
2 43 22 3 3 1 1 1 
1 66 8 1 
3 25 31 7 1 4 5 
3 58 13 1 1 
26 46 1 3 
3 73 
1 70 2 3 
2 61 11 1 1 
3 16 48 8 1 
1 66 3 3 3 
2 70 1 1 1 1 
6 62 1 6 1 
1 2 30 42 1 
41 23 12 
1 74 1 
20 34 20 1 1 
70 1 5 
4 52 1 16 2 1 
1 48 25 1 1 
76 
1 46 29 
2 71 3 
3 53 9 3 1 4 2 1 
17 17 5 28 2 2 5 
40 6 23 5 1 1 
2 59 11 3 1 
1 30 34 9 2 
1 16 14 43 2 
1 72 3 
1 52 19 3 1 
1 20 50 2 3 
16 12 11 11 19 7 
64 1 11 
1 6 64 5 
5 1 22 24 3 19 2 
2 33 41 
1 20 21 28 6 
1 67 6 1 1 
6 59 4 2 3 1 1 
1 17 20 13 8 12 3 1 1 
1 67 8 
1 65 8 2 
1 50 21 3 1 
1 3 3 29 36 3 1 
3 15 58 
65 5 3 3 
35 8 7 12 7 6 1 
3 30 25 1 9 4 2 2 
4 47 21 2 2 
35 26 11 1 2 1 
34 27 8 5 1 1 
39 7 15 5 3 5 2 
4 2 34 32 3 1 
3 49 24 
15 20 28 12 1 
2 57 5 5 3 3 1 
2 28 28 2 8 3 2 1 2 
3 66 2 2 1 2 
2 11 35 25 3 
1 59 3 6 4 3 
6 35 25 4 6 
1 15 50 3 3 4 
2 22 8 33 11 
69 4 2 1 
1 61 9 2 2 1 
1 74 1 
5 67 4 
8 43 3 4 18 
1 41 19 4 1 4 5 1 
1 4 32 22 1 13 3 
5 18 46 7 
3 53 4 1 10 1 1 3 
1 12 43 17 2 1 
7 21 40 4 4 
1 7 68 
2 44 22 2 6 
1 41 25 3 4 2 
2 22 14 25 12 1 
4 14 15 20 10 1 5 3 2 1 1 
21 44 9 1 1 
33 4 4 31 4 
14 42 3 13 1 3 
6 12 28 23 2 5 
6 47 11 2 2 6 2 
7 63 6 
2 61 2 11 
1 5 53 14 1 1 1 
1 10 23 2 20 6 5 8 1 
68 4 1 1 1 1 
1 7 10 36 18 4 
1 29 14 26 6 
61 6 3 3 1 1 1 
1 4 60 9 2 
68 5 1 1 1 
1 59 1 14 1 
1 55 12 6 1 1 
1 2 60 9 4 
2 37 25 2 1 8 1 
1 13 14 26 13 6 2 1 
1 64 7 4 
46 15 14 1 
2 44 8 6 9 3 2 1 1 
5 67 2 1 1 
1 23 12 21 4 6 2 2 1 4 
8 51 12 2 3 
5 6 7 24 28 2 1 2 1 
6 5 39 22 2 2 
1 8 30 19 12 5 1 
4 39 29 3 1 
1 10 31 32 2 
1 34 26 15 
1 63 12 
1 61 3 4 5 1 1 
8 52 7 2 5 2 
14 40 8 3 6 3 1 1 
5 54 6 6 5 
4 25 1 14 30 2 
2 11 36 2 8 2 3 8 3 1 
1 24 7 40 3 1 
12 60 4 
10 10 53 1 1 1 
1 56 16 3 
2 42 22 8 1 1 
1 52 6 11 1 1 3 1 
38 35 3 
2 48 26 
30 26 18 1 1 
1 50 15 5 5 
1 71 4 
1 3 47 14 7 4 
15 44 4 9 1 2 1 
20 51 5 
1 36 25 13 1 
2 39 28 3 1 3 
2 66 7 1 
1 65 10 
8 45 10 2 1 1 9 
1 34 23 3 7 5 1 1 1 
23 37 7 9 
6 34 31 1 2 1 1 
6 43 26 1 
1 44 30 1 
4 10 18 39 5 
6 60 2 7 1 
1 4 6 28 29 8 
1 29 23 6 17 
1 75 
1 2 52 10 2 1 8 
2 54 19 1 
5 52 4 3 1 5 1 5 
5 10 37 2 13 6 1 2 
2 38 1 26 5 1 2 1 
3 21 4 21 21 5 1 
22 24 17 8 2 3 
2 16 14 17 5 7 11 1 1 2 
4 27 43 2 
61 14 1 
1 26 20 2 26 1 
1 59 6 9 1 
4 45 20 6 1 
71 4 1 
8 38 16 4 7 2 1 
2 25 21 19 4 4 1 
7 22 6 2 23 12 3 1 
1 26 49 
1 3 11 50 5 6 
5 44 5 12 10 
7 5 12 25 17 1 6 2 1 
22 30 9 1 3 5 2 2 2 
4 3 16 48 1 3 1 
3 20 1 5 7 33 4 3 
7 16 20 30 3 
2 53 18 1 1 1 
1 17 52 2 3 1 
1 13 38 8 4 11 1 
5 59 11 1 
2 34 31 4 1 2 1 1 
1 61 14 
1 8 39 13 10 1 4 
1 64 8 2 1 
11 48 17 
7 20 21 9 4 14 1 
24 11 39 2 
7 50 1 11 6 1 
2 28 23 13 3 1 3 1 2 
1 12 33 26 1 3 
6 65 1 1 3 
6 53 6 11 
1 38 5 25 7 
76 
1 38 33 1 3 
2 21 6 34 9 1 1 2 
3 47 26 
57 7 4 4 2 1 1 
3 54 14 5 
1 49 20 3 3 
1 53 7 12 1 2 
7 27 18 9 4 1 4 4 2 
1 44 14 7 5 2 3 
14 29 7 2 10 1 8 2 2 1 
1 34 12 11 12 4 1 1 
1 41 32 1 1 
7 46 6 6 1 7 2 1 
44 32 
4 60 4 8 
35 40 1 
1 23 25 6 2 4 14 1 
6 9 18 33 10 
4 20 31 14 5 1 1 
1 25 16 30 1 2 1 
3 71 2 
1 24 30 9 3 3 4 2 
1 52 18 4 1 
1 12 3 25 12 2 10 10 1 
7 11 46 7 5 
1 52 18 4 1 
1 13 47 15 
49 16 11 
2 35 2 10 7 12 4 1 1 2 
1 29 24 1 15 6 
4 27 14 2 29 
1 3 54 16 2 
1 36 37 1 1 
1 10 30 10 13 8 3 1 
3 52 18 1 2 
1 38 29 2 1 5 
1 53 6 1 9 3 3 
7 25 25 7 2 2 1 1 1 5 
11 55 6 2 2 
1 50 1 20 2 2 
1 36 12 22 5 
26 9 23 14 2 1 1 
25 9 18 7 8 8 1 
4 24 33 7 3 5 
3 41 28 4 
1 57 7 9 2 
10 27 13 20 6 
1 32 27 7 5 2 2 
22 48 3 3 
1 16 22 17 18 1 1 
7 40 21 7 1 
1 3 41 7 7 7 8 1 1 
1 56 12 6 1 
7 6 23 27 13 
1 68 2 1 4 
21 12 11 19 13 
5 24 25 8 14 
34 36 2 2 2 
1 53 4 12 2 1 3 
30 7 13 23 3 
17 36 15 6 1 1 
50 11 2 6 1 1 2 2 1 
1 74 1 
1 12 59 4 
8 4 8 34 3 2 12 4 1 
16 55 4 1 
1 75 
1 21 12 35 4 2 1 
18 46 12 
64 12 
1 51 7 10 6 1 
1 58 14 3 
5 41 11 1 8 7 3 
73 3 
2 70 4 
9 26 25 12 4 
7 50 11 8 
1 64 9 2 
4 44 14 5 8 1 
1 50 22 2 1 
4 58 6 6 2 
2 44 26 1 1 2 
4 52 17 2 1 
1 40 18 10 5 1 1 
6 69 1 
13 51 8 2 1 1 
1 20 23 15 9 6 1 1 
40 26 10 
1 21 50 3 1 
64 10 2 
28 39 9 
1 19 46 4 6 
1 49 26 
1 23 19 18 5 4 2 4 
70 1 4 1 
1 73 2 
6 40 29 1 
7 61 8 
1 19 19 6 4 6 20 1 
4 60 10 1 1 
1 59 14 1 1 
3 11 62 
4 3 48 15 4 1 1 
1 56 7 1 1 10 
1 19 14 20 6 2 6 8 
2 31 22 11 9 1 
1 59 3 2 6 4 1 
5 5 3 53 3 7 
73 1 1 1 
1 62 1 3 9 
1 13 56 1 3 1 1 
1 35 1 30 8 1 
2 68 6 
1 19 24 32 
11 42 23 
3 12 8 27 18 6 2 
8 62 3 1 1 1 
3 7 14 40 3 6 1 1 1 
1 8 42 5 9 3 4 4 
1 46 17 7 2 1 2 
1 75 
2 55 14 2 3 
2 41 8 10 3 6 1 5 
1 55 15 1 2 2 
2 39 2 6 25 1 1 
18 3 6 38 7 1 3 
1 12 57 6 
1 35 6 31 1 1 1 
1 69 4 1 1 
24 3 8 18 19 3 1 
2 9 47 17 1 
34 24 10 2 5 1 
1 42 29 2 1 1 
5 55 8 4 1 2 1 
4 69 2 1 
7 18 20 26 5 
17 59 
6 14 11 25 12 1 1 4 1 1 
5 57 14 
1 15 57 2 1 
33 12 7 8 2 1 10 1 1 1 
3 31 5 28 8 1 
1 11 56 8 
39 34 1 1 1 
5 17 3 16 12 5 15 1 2 
1 5 63 1 4 2 
6 1 12 18 32 3 3 1 
4 67 5 
1 66 9 
5 43 6 21 1 
2 16 33 23 2 
1 65 2 5 2 1 
15 18 39 1 3 
1 31 34 2 6 1 1 
12 63 1 
76 
3 22 32 9 4 6 
1 13 3 22 18 6 9 2 2 
5 4 43 4 11 8 1 
25 16 31 1 3 
9 40 6 14 7 
4 67 1 4 
1 48 7 4 11 5 
2 74 
1 50 25 
76 
1 8 22 16 29 
1 72 3 
43 28 3 1 1 
1 4 18 48 5 
4 31 1 14 5 15 2 1 3 
6 47 12 4 7 
58 6 9 1 2 
2 68 4 1 1 
69 2 1 3 1 
69 6 1 
1 33 16 19 1 1 3 1 1 
1 13 32 4 17 1 3 5 
1 14 25 31 3 1 1 
12 33 27 3 1 
71 5 
3 50 17 1 3 2 
1 37 38 
22 43 2 2 1 6 
2 16 45 8 5 
3 44 17 3 2 5 2 
8 61 5 2 
4 65 3 2 1 1 
49 22 2 3 
2 66 1 4 2 1 
2 54 1 11 3 3 2 
25 51 
76 
10 53 4 5 3 1 
4 55 11 6 
2 58 1 2 6 7 
1 75 
1 7 5 25 30 1 3 3 1 
1 71 4 
33 35 1 5 1 1 
1 12 33 8 15 7 
2 41 9 18 1 4 1 
6 7 43 17 1 1 1 
1 33 17 19 5 1 
1 2 9 9 6 10 3 7 9 6 14 
38 18 14 3 3 
4 31 20 5 15 1 
1 56 19 
26 46 4 
6 39 29 1 1 
2 51 23 
5 38 33 
1 51 2 7 7 7 1 
76 
6 24 38 6 1 1 
6 63 5 1 1 
9 33 3 3 22 3 2 1 
31 18 3 7 3 6 6 2 
2 27 32 8 7 
7 51 1 14 3 
1 15 54 6 
47 26 3 
5 29 42 
1 49 17 2 2 4 1 
3 29 32 1 5 5 1 
3 50 23 
67 1 3 2 3 
14 42 14 6 
76 
70 6 
3 67 6 
2 59 14 1 
38 22 15 1 
3 63 10 
16 18 37 1 1 1 2 
74 2 
1 70 5 
1 71 4 
1 25 22 15 3 5 4 1 
7 35 30 3 1 
37 23 13 2 1 
1 57 8 3 5 1 1 
2 22 39 13 
1 27 35 1 1 7 4 
1 29 10 6 3 27 
65 11 
5 44 5 11 8 1 1 1 
3 40 21 7 3 2 
2 31 2 14 5 3 3 3 9 2 2 
1 24 1 43 6 1 
1 15 41 1 16 1 1 
1 13 11 22 2 14 2 3 4 2 1 1 
4 38 31 1 1 1 
1 69 4 2 
1 4 35 28 6 1 1 
8 8 33 6 13 7 1 
2 52 13 4 4 1 
5 49 10 2 1 1 1 4 3 
46 28 1 1 
12 42 22 
3 54 17 1 1 
27 2 8 10 14 7 2 4 2 
45 4 3 17 5 1 1 
4 37 17 13 5 
15 52 8 1 
4 30 5 37 
1 54 3 8 9 1 
1 46 2 9 2 6 8 2 
1 37 38 
22 34 17 3 
3 54 8 11 
24 31 21 
18 37 1 16 4 
1 44 29 1 1 
6 54 12 2 1 1 
10 37 25 2 2 
1 2 32 40 1 
12 32 12 1 18 1 
1 15 57 1 2 
76 
74 1 1 
40 12 2 9 6 5 1 1 
33 39 3 1 
7 42 3 21 3 
1 40 27 5 2 1 
1 40 22 9 4 
2 58 13 3 
2 41 33 
13 61 1 1 
2 34 13 10 1 7 5 2 2 
1 58 11 3 3 
1 28 8 11 15 11 2 
2 26 46 2 
15 33 27 1 
52 9 3 3 6 2 1 
1 35 2 34 2 1 1 
4 46 25 1 
62 13 1 
52 14 10 
12 40 10 2 2 1 2 5 1 1 
1 70 1 4 
1 19 56 
75 1 
1 39 9 13 4 6 4 
66 3 5 1 1 
1 40 19 12 3 1 
5 57 14 
72 3 1 
1 55 9 5 5 1 
18 17 9 2 2 1 8 6 7 2 3 1 
12 44 15 4 1 
3 59 14 
2 20 49 3 1 1 
1 20 13 27 6 4 2 2 1 
32 12 21 5 4 2 
10 57 3 6 
2 41 28 1 2 1 1 
6 25 44 1 
5 31 40 
1 26 8 21 9 8 2 1 
20 30 25 1 
1 32 42 1 
1 20 21 31 1 2 
42 16 18 
1 54 5 14 2 
5 29 38 4 
1 10 44 10 7 2 1 1 
1 9 45 10 11 
57 13 5 1 
2 74 
23 50 1 2 
20 7 16 11 13 8 1 
1 23 7 5 39 1 
1 31 36 6 1 1 
1 9 57 7 1 1 
1 57 5 7 4 1 1 
27 27 17 4 1 
2 40 24 10 
1 19 25 28 3 
1 14 14 2 36 4 1 3 1 
50 10 16 
7 16 29 7 3 1 6 7 
1 56 14 4 1 
2 72 2 
1 43 16 6 8 1 1 
1 39 12 23 1 
62 7 7 
1 27 11 9 4 13 10 1 
1 39 31 2 3 
4 36 11 22 1 1 1 
63 6 6 1 
25 18 33 
4 26 27 15 1 1 1 1 
9 53 9 1 3 1 
1 18 4 39 5 6 1 2 
1 61 14 
1 38 37 
2 48 1 1 9 10 5 
6 21 9 24 16 
50 1 8 10 7 
49 4 12 10 1 
3 51 21 1 
3 70 1 1 1 
2 60 12 1 1 
2 71 1 1 1 
47 11 13 4 1 
1 17 25 25 5 2 1 
1 51 11 1 11 1 
1 74 1 
1 49 10 14 2 
76 
2 28 30 7 2 2 1 3 1 
1 16 32 11 11 4 1 
43 32 1 
8 22 25 18 1 1 1 
1 73 2 
27 26 23 
18 20 10 22 3 2 1 
1 44 31 
2 39 21 9 5 
4 17 23 3 4 2 1 16 6 
1 73 2 
17 17 4 7 2 19 8 1 1 
1 59 16 
6 21 9 17 21 1 1 
2 13 30 17 4 10 
13 13 12 37 1 
75 1 
1 32 27 13 3 
2 64 3 3 3 1 
1 25 36 14 
7 69 
70 3 1 2 
3 19 14 23 15 2 
16 31 27 2 
17 4 47 5 1 1 1 
1 26 2 8 8 31 
1 11 58 2 4 
1 15 13 15 26 4 1 1 
1 68 6 1 
4 10 26 32 4 
2 38 33 1 2 
15 36 3 9 12 1 
1 52 2 9 8 1 1 1 1 
74 2 
4 50 14 1 1 1 2 3 
38 19 17 2 
17 6 45 6 2 
1 73 1 1 
1 9 35 29 2 
1 4 15 29 24 1 2 
30 44 1 1 
1 18 52 1 4 
1 59 9 4 2 1 
1 18 47 10 
1 47 26 1 1 
4 33 18 21 
1 72 3 
1 59 3 13 
2 66 6 2 
1 47 15 6 3 1 1 2 
1 4 59 1 11 
8 49 10 5 2 2 
2 22 27 16 9 
1 13 27 30 4 1 
1 43 32 
1 62 12 1 
11 63 2 
2 12 61 1 
1 29 1 19 7 18 1 
5 4 63 2 1 1 
2 41 16 9 2 1 4 1 
2 27 7 31 1 8 
6 40 11 19 
1 48 14 3 4 4 2 
2 10 38 8 16 2 
1 14 45 4 2 6 4 
1 69 5 1 
1 47 10 2 7 9 
2 41 32 1 
1 62 9 2 2 
5 28 43 
44 23 1 4 4 
69 7 
2 63 7 3 1 
23 43 10 
1 48 27 
6 13 33 1 10 6 6 1 
2 44 4 18 3 4 1 
43 7 17 7 2 
46 5 7 7 2 5 1 2 1 
11 1 16 29 19 
76 
2 13 7 52 1 1 
1 16 11 45 3 
40 5 20 5 3 1 2 
2 44 30 
1 13 2 13 36 6 1 3 1 
1 18 32 17 1 2 2 1 1 1 
3 56 17 
1 44 28 3 
1 36 21 8 6 3 1 
4 5 51 11 3 1 1 
5 51 17 2 1 
1 60 13 2 
2 13 60 1 
1 60 5 9 1 
66 6 2 1 1 
7 42 18 5 1 3 
6 54 15 1 
2 26 41 4 3 
16 48 10 1 1 
1 13 54 6 2 
2 57 5 5 7 
2 22 19 33 
1 21 4 45 2 1 2 
3 38 35 
1 29 29 10 6 1 
22 15 2 5 23 2 3 2 1 1 
1 48 19 5 1 2 
34 17 3 12 6 3 1 
4 38 7 19 1 1 3 2 1 
1 22 53 
1 10 55 5 2 3 
10 45 19 1 1 
30 30 16 
34 6 22 1 4 1 3 3 2 
2 4 65 4 1 
53 13 1 2 6 1 
1 71 4 
3 44 3 24 2 
1 61 11 2 1 
1 71 2 2 
1 57 7 9 1 1 
2 57 3 10 2 2 
1 47 12 16 
1 47 28 
40 5 11 19 1 
2 17 1 21 5 6 1 17 2 3 1 
14 10 14 28 9 1 
6 52 10 2 1 4 1 
2 31 23 15 1 4 
2 12 11 9 22 4 1 11 3 1 
3 62 9 1 1 
1 50 25 
1 25 17 14 11 6 2 
1 64 11 
1 4 49 11 10 1 
1 74 1 
3 38 15 19 1 
1 24 44 7 
1 52 23 
1 59 15 1 
2 34 34 4 2 
1 13 49 10 3 
1 43 27 1 3 1 
29 10 30 6 1 
2 52 5 17 
15 60 1 
4 24 20 1 18 8 1 
1 74 1 
2 1 5 32 9 7 20 
69 1 1 4 1 
11 63 2 
1 72 2 1 
18 32 9 7 9 1 
1 3 14 5 34 1 5 6 7 
1 60 14 1 
1 4 18 6 18 5 22 1 1 
42 25 4 2 3 
2 18 40 1 8 1 4 2 
5 10 39 21 1 
41 19 9 4 1 1 1 
3 18 13 15 6 21 
1 36 39 
1 59 9 3 1 1 1 1 
1 14 22 27 3 3 5 1 
1 30 18 25 1 1 
1 32 38 5 
1 18 42 14 1 
1 64 3 4 2 2 
28 1 39 6 2 
23 3 25 7 13 2 2 1 
1 54 17 4 
12 9 6 5 23 13 1 5 1 1 
3 51 16 5 1 
2 70 3 1 
1 37 20 13 5 
3 55 14 1 1 2 
1 7 29 36 3 
1 16 24 19 12 2 1 1 
23 14 20 19 
2 67 7 
1 37 21 1 12 4 
1 71 4 
3 5 5 36 24 2 1 
16 25 19 3 7 5 1 
1 23 40 11 1 
1 30 44 1 
1 29 41 3 1 1 
2 23 5 38 8 
8 14 13 32 5 4 
6 23 33 1 11 1 1 
5 16 43 7 3 2 
14 46 3 5 2 2 4 
2 30 44 
2 10 63 1 
2 62 12 
3 3 34 7 13 1 1 7 5 2 
13 22 41 
10 16 27 9 8 5 1 
1 73 2 
3 5 57 3 7 1 
1 8 64 1 1 1 
3 38 23 9 1 2 
1 43 32 
19 32 19 1 2 1 1 1 
4 41 2 15 5 5 4 
19 57 
1 65 2 8 
1 34 41 
1 66 9 
3 19 13 21 19 1 
2 14 28 14 17 1 
44 18 12 2 
3 72 1 
2 66 6 2 
1 50 22 3 
2 64 2 7 1 
2 22 5 38 3 2 3 1 
1 32 28 1 10 1 3 
73 2 1 
3 54 7 1 7 1 3 
9 25 42 
1 5 41 20 2 1 5 1 
11 44 4 15 2 
2 37 19 6 7 5 
29 4 20 22 1 
5 30 23 18 
1 45 30 
71 1 4 
1 35 30 9 1 
1 59 10 2 4 
6 51 15 1 1 2 
1 23 3 21 12 2 3 1 9 1 
9 37 5 16 3 3 2 1 
2 8 5 36 4 10 2 3 6 
14 9 29 3 15 5 1 
1 60 6 4 1 4 
2 10 36 5 22 1 
32 13 31 
1 4 50 16 4 1 
15 16 7 10 18 2 5 1 1 1 
2 19 26 24 1 4 
16 31 18 7 1 2 1 
1 58 3 6 2 1 3 2 
1 4 54 7 5 5 
55 21 
8 38 4 22 3 1 
1 52 14 8 1 
15 60 1 
1 65 10 
12 7 52 4 1 
2 12 59 2 1 
29 26 5 12 2 2 
4 6 8 54 4 
3 29 23 19 2 
2 27 31 12 2 1 1 
1 11 34 27 1 2 
46 15 12 2 1 
2 64 6 3 1 
13 34 20 9 
2 13 61 
2 37 23 12 2 
1 70 2 1 1 1 
1 38 3 6 23 1 4 
1 58 17 
1 25 10 19 4 7 1 7 1 1 
1 66 9 
1 73 2 
21 21 7 25 1 1 
3 64 7 1 1 
3 44 1 8 6 6 8 
1 56 19 
1 49 23 3 
2 10 30 21 10 1 2 
3 42 7 5 8 7 1 1 1 1 
1 33 32 10 
1 74 1 
1 64 5 4 1 1 
13 37 14 5 1 6 
14 62 
4 3 41 11 8 1 3 4 1 
1 67 5 1 2 
3 57 16 
1 40 33 2 
8 29 23 2 2 5 3 1 3 
12 16 17 26 5 
1 74 1 
1 12 7 2 38 6 4 4 1 1 
3 18 9 42 1 3 
7 11 29 25 4 
16 39 8 7 6 
1 59 13 3 
6 13 51 3 1 1 1 
9 31 6 29 1 
52 23 1 
1 49 7 18 1 
1 67 5 2 1 
7 50 6 6 6 1 
3 53 20 
4 4 12 20 26 9 1 
1 17 14 19 17 3 2 3 
1 9 9 13 19 8 17 
13 38 11 2 3 3 1 4 1 
11 40 15 8 2 
3 2 47 11 6 2 4 1 
25 16 34 1 
1 48 19 5 3 
3 39 1 1 17 2 6 3 3 1 
20 23 12 18 2 1 
3 45 25 1 1 1 
1 39 20 3 12 1 
19 22 28 4 3 
6 59 11 
43 14 7 1 9 2 
18 8 24 22 3 1 
10 43 5 1 12 3 1 1 
1 35 15 5 5 11 4 
1 14 53 7 1 
4 16 24 14 5 8 5 
3 44 3 8 12 2 3 1 
9 48 19 
3 60 10 1 2 
1 2 61 1 1 4 4 2 
1 40 3 3 18 7 3 1 
4 70 2 
4 39 13 11 3 6 
41 14 1 16 1 1 2 
10 33 30 3 
3 55 18 
1 62 7 6 
4 16 30 4 16 3 2 1 
1 59 6 1 4 1 3 1 
2 49 23 2 
29 41 4 1 1 
1 11 60 2 2 
1 37 33 4 1 
21 46 2 1 6 
4 13 59 
4 8 55 1 7 1 
1 38 37 
3 34 27 3 7 2 
7 42 26 1 
3 32 25 2 4 10 
2 4 24 44 2 
60 10 2 1 1 1 1 
51 1 12 6 4 2 
16 41 9 2 7 1 
1 7 12 46 7 2 1 
2 51 15 6 1 1 
68 5 2 1 
36 30 8 2 
4 63 5 4 
60 6 9 1 
2 53 21 
4 70 1 1 
2 30 32 9 1 2 
69 2 3 2 
1 61 6 7 1 
1 58 14 2 1 
2 12 25 31 6 
1 46 18 1 3 2 5 
9 67 
76 
57 14 5 
1 10 25 15 16 3 1 2 3 
1 57 1 13 4 
11 44 12 8 1 
10 36 1 10 15 4 
2 54 11 7 1 1 
2 67 6 1 
2 68 5 1 
2 13 61 
2 55 2 1 1 14 1 
8 60 5 2 1 
1 3 35 11 9 13 4 
1 23 8 24 5 11 2 2 
7 61 2 5 1 
1 70 5 
7 54 15 
1 43 17 3 1 1 10 
1 7 30 36 2 
1 67 1 5 2 
1 51 11 4 5 2 1 1 
15 4 5 11 11 3 20 5 1 1 
2 70 4 
71 4 1 
25 42 6 3 
4 58 14 
1 37 15 2 19 1 1 
3 51 9 6 3 2 2 
2 12 22 24 16 
33 22 14 1 2 4 
5 39 12 6 14 
1 47 20 3 3 1 1 
4 26 1 7 33 3 1 1 
6 51 19 
1 32 43 
5 56 15 
5 14 41 8 8 
1 47 27 1 
1 25 42 5 2 1 
4 45 20 6 1 
1 14 41 5 3 11 1 
1 5 60 6 4 
23 16 17 2 10 3 5 
1 10 37 16 6 3 3 
49 12 6 1 4 2 2 
4 14 54 2 2 
4 18 6 7 29 4 3 1 3 1 
12 10 52 2 
2 16 38 2 18 
1 65 2 2 6 
1 36 38 1 
3 32 9 26 6 
50 1 4 10 2 7 1 1 
2 60 7 6 1 
1 8 67 
1 28 29 12 5 1 
2 39 2 7 8 11 2 2 1 1 1 
2 43 15 2 4 8 2 
1 27 15 1 5 10 4 3 3 2 3 1 1 
1 65 2 6 2 
1 50 22 1 1 1 
17 24 5 6 4 2 12 5 1 
12 12 26 12 3 2 1 5 1 1 1 
5 15 23 33 
1 61 1 2 2 5 1 2 1 
7 45 1 18 2 1 1 1 
1 60 11 4 
5 57 14 
64 3 3 4 2 
1 3 69 1 1 1 
2 6 50 5 3 4 1 3 2 
4 59 4 5 3 1 
1 59 3 2 8 2 1 
4 30 34 8 
1 32 30 11 1 1 
6 13 56 1 
2 59 12 3 
5 18 1 38 2 2 8 2 
1 3 42 9 6 3 2 9 1 
3 40 25 6 2 
3 6 36 10 21 
1 50 19 3 3 
1 21 43 6 2 2 1 
18 16 21 17 1 3 
4 7 2 61 2 
26 38 8 4 
1 21 27 27 
4 4 48 4 4 2 9 1 
2 36 35 2 1 
1 73 2 
3 64 9 
1 50 14 8 1 2 
12 1 12 28 7 8 4 4 
8 56 3 7 2 
1 37 8 10 17 3 
1 14 44 17 
2 13 49 8 2 1 1 
1 44 22 8 1 
4 58 14 
1 47 9 4 7 2 3 1 1 1 
4 68 1 3 
1 23 26 5 13 6 2 
21 37 18 
12 58 1 2 2 1 
1 12 24 22 3 2 5 6 1 
3 69 4 
8 19 32 7 2 5 3 
1 30 45 
45 13 4 11 2 1 
1 49 24 2 
36 12 26 1 1 
1 29 8 13 22 1 2 
1 37 33 1 1 1 2 
1 64 4 1 4 2 
2 67 3 1 3 
3 12 38 7 9 6 1 
1 62 7 2 4 
2 4 70 
2 70 1 3 
1 6 33 23 13 
4 41 23 2 1 5 
76 
9 49 10 5 2 1 
4 39 6 7 4 8 8 
2 10 33 12 14 4 1 
1 44 8 6 4 1 2 3 7 
5 21 17 7 23 2 1 
3 8 37 9 19 
1 53 19 1 1 1 
2 44 8 19 2 1 
2 23 27 11 2 1 2 7 1 
1 10 50 10 5 
1 35 3 2 5 25 3 2 
25 45 1 5 
1 47 15 6 3 3 1 
38 22 15 1 
2 21 3 14 25 1 8 2 
3 23 39 3 6 2 
1 38 32 2 1 1 1 
2 28 32 2 9 3 
1 65 9 1 
13 57 6 
6 7 54 8 1 
1 20 48 5 1 1 
28 47 1 
5 28 39 1 1 2 
37 28 5 6 
2 43 31 
2 64 3 4 1 1 1 
2 25 42 5 2 
1 4 30 3 22 5 10 1 
16 27 14 16 3 
1 7 46 21 1 
1 42 31 2 
2 50 24 
60 4 11 1 
6 22 9 38 1 
15 33 16 2 7 1 2 
1 10 26 22 4 2 10 1 
1 74 1 
56 17 3 
1 2 46 12 2 3 2 6 1 1 
4 69 1 1 1 
22 37 5 4 6 1 1 
2 25 49 
1 13 12 43 5 2 
3 33 33 3 3 1 
15 56 1 1 1 2 
1 20 17 23 2 12 1 
1 35 33 5 2 
11 39 24 1 1 
5 71 
5 51 3 15 2 
1 36 20 18 1 
2 23 5 13 31 2 
32 10 6 17 4 6 1 
2 11 24 9 3 2 4 8 8 1 4 
1 14 35 9 5 4 3 2 1 1 1 
3 32 32 1 7 1 
9 34 17 10 2 3 1 
3 53 19 1 
1 14 57 4 
1 37 7 1 19 2 3 6 
1 24 38 4 8 1 
2 55 16 2 1 
5 32 29 4 4 1 1 
76 
73 1 1 1 
1 24 26 7 18 
29 16 20 2 4 4 1 
1 42 33 
2 56 5 7 2 1 2 1 
9 52 9 1 2 2 1 
1 65 2 4 3 1 
1 12 16 5 37 5 
1 69 6 
5 34 1 35 1 
5 46 21 4 
5 51 16 2 2 
1 36 2 32 1 2 1 1 
1 19 18 4 11 4 14 2 3 
1 34 9 23 9 
8 48 10 8 1 1 
1 8 34 4 21 1 1 6 
1 67 6 1 1 
1 2 66 2 5 
10 56 5 4 1 
4 29 43 
2 41 17 12 1 2 1 
10 53 3 3 7 
1 31 18 22 3 1 
1 9 44 9 4 3 4 1 1 
1 23 26 7 7 4 6 2 
62 12 1 1 
3 56 17 
2 73 1 
1 54 1 20 
1 62 6 3 2 2 
49 15 12 
7 49 20 
1 38 14 8 13 2 
4 20 21 30 1 
1 56 17 2 
2 43 24 4 3 
19 10 1 16 1 5 16 3 4 1 
2 24 8 36 2 1 3 
1 67 8 
2 22 22 21 4 2 2 1 
8 49 13 5 1 
23 20 23 4 1 3 2 
3 66 5 1 1 
2 29 32 8 3 2 
56 7 7 1 5 
1 5 70 
1 46 29 
3 44 26 3 
2 16 18 10 18 6 6 
1 38 1 34 1 1 
34 26 12 3 1 
3 38 21 9 1 2 1 1 
41 13 16 4 2 
10 26 33 4 3 
5 67 1 1 1 1 
38 7 18 3 10 
2 52 17 5 
2 10 13 48 2 1 
8 24 9 4 23 3 3 2 
4 49 10 12 1 
12 57 7 
1 73 2 
11 17 11 29 2 2 3 1 
2 53 14 5 2 
1 72 1 2 
1 61 4 4 6 
73 2 1 
3 54 19 
1 73 1 1 
63 8 4 1 
1 32 26 16 1 
3 16 57 
1 24 47 4 
40 35 1 
1 73 2 
4 29 33 5 2 1 1 1 
1 52 6 14 1 1 1 
1 36 24 6 9 
4 33 6 20 4 4 4 1 
1 73 2 
1 60 3 10 2 
1 71 4 
1 34 3 7 7 6 8 4 3 2 1 
3 10 49 4 5 3 1 1 
20 15 3 38 
1 29 42 2 2 
2 12 10 41 6 3 1 1 
49 14 2 10 1 
2 67 7 
1 21 39 15 
3 12 13 37 11 
2 27 41 6 
6 10 16 26 18 
2 9 45 12 8 
2 58 14 2 
5 46 2 21 2 
1 39 28 5 3 
1 68 1 5 1 
1 10 39 13 13 
53 6 14 3 
1 29 34 2 8 1 1 
2 49 25 
1 26 19 22 5 3 
25 14 1 29 2 1 1 2 1 
1 62 13 
2 71 3 
70 1 1 2 1 1 
6 66 4 
1 64 10 1 
9 34 3 23 7 
3 55 8 6 1 3 
7 10 59 
4 7 24 14 1 23 1 1 1 
2 11 30 30 1 2 
1 59 5 2 5 3 1 
10 20 11 23 2 4 5 1 
6 4 64 2 
1 45 30 
1 4 3 46 13 9 
7 36 6 3 8 16 
3 64 9 
17 25 26 3 2 3 
1 14 50 4 4 2 1 
1 15 45 12 1 1 1 
1 75 
2 71 3 
3 68 1 1 1 2 
1 33 26 10 5 1 
1 18 4 23 25 1 2 2 
2 29 21 21 3 
1 17 37 17 3 1 
5 11 59 1 
2 65 9 
9 12 54 1 
1 75 
5 29 4 15 15 2 2 2 1 1 
2 24 19 30 1 
3 9 8 15 9 1 9 1 2 4 9 3 1 2 
1 1 63 2 6 3 
3 25 32 16 
10 32 34 
1 60 15 
4 10 23 16 14 4 2 2 1 
3 56 17 
2 47 27 
2 58 13 3 
9 12 37 12 4 1 1 
1 62 13 
1 24 38 11 1 1 
1 33 12 11 16 1 2 
5 9 53 4 1 1 3 
9 47 9 10 1 
2 56 16 2 
1 67 1 2 3 2 
1 40 3 26 2 3 1 
10 37 14 3 3 2 6 1 
2 62 4 7 1 
1 70 5 
11 24 24 14 3 
1 65 1 2 7 
13 31 4 21 7 
1 7 8 42 5 11 1 1 
6 2 10 47 1 2 4 3 1 
1 73 2 
1 61 14 
9 19 45 1 2 
1 53 22 
28 7 12 25 4 
3 29 36 2 5 1 
1 9 3 15 30 13 2 1 2 
2 55 14 1 2 1 1 
2 66 7 1 
10 22 27 2 6 6 2 1 
26 23 27 
4 42 9 3 13 1 4 
4 40 12 10 4 5 1 
48 15 13 
1 49 16 4 5 1 
1 70 1 1 3 
3 52 9 3 1 7 1 
7 41 27 1 
2 27 21 23 2 1 
20 19 4 9 17 5 1 1 
24 52 
3 21 11 19 11 5 6 
11 57 7 1 
3 39 14 19 1 
10 9 5 3 37 3 3 4 1 1 
1 71 4 
1 37 38 
40 16 14 2 3 1 
2 12 6 12 2 21 5 10 6 
1 65 10 
17 23 11 11 5 3 1 2 3 
1 5 9 6 28 1 5 5 7 1 3 2 2 1 
1 74 1 
2 73 1 
1 53 22 
1 42 16 10 6 1 
1 6 63 3 3 
6 34 17 13 5 1 
1 38 3 27 7 
19 8 35 5 5 4 
8 46 19 2 1 
1 42 13 18 1 1 
1 29 13 30 3 
1 21 12 22 20 
1 51 14 8 2 
56 20 
2 34 17 20 3 
2 42 16 2 14 
20 38 12 1 3 2 
12 44 20 
7 23 40 4 2 
13 59 1 1 1 1 
14 8 25 8 18 3 
6 45 25 
8 34 14 5 5 3 2 5 
4 31 3 38 
2 23 6 20 3 20 1 1 
10 63 3 
2 71 1 2 
1 62 8 5 
2 62 12 
3 26 29 16 2 
1 74 1 
1 33 11 13 3 4 3 6 2 
19 29 28 
1 53 18 4 
3 7 14 11 8 3 22 6 1 1 
2 10 14 13 17 17 3 
74 1 1 
60 8 5 2 1 
1 35 11 27 2 
42 7 10 17 
4 22 33 2 2 2 11 
2 21 53 
1 70 5 
2 7 51 12 4 
1 50 13 12 
1 65 6 4 
19 40 17 
1 67 7 1 
5 45 26 
1 39 25 2 1 4 4 
75 1 
10 44 20 1 1 
1 41 12 2 5 3 3 8 1 
1 36 14 8 14 1 1 1 
4 70 2 
14 3 1 36 1 4 1 8 4 2 1 1 
1 1 11 59 1 3 
51 14 2 7 1 1 
3 56 6 6 1 3 1 
1 44 6 4 4 17 
29 45 2 
1 32 2 21 2 6 10 1 1 
2 16 20 27 11 
76 
48 16 4 7 1 
1 18 50 4 1 2 
2 27 17 26 4 
2 71 3 
1 43 1 31 
1 2 54 10 3 4 2 
5 52 19 
1 52 7 5 11 
2 30 19 16 6 2 1 
39 24 1 9 1 2 
2 57 17 
1 55 20 
15 61 
5 51 12 5 2 1 
5 42 29 
76 
9 51 1 11 2 1 1 
2 31 16 14 5 5 1 1 1 
1 65 2 4 2 1 1 
2 38 27 4 1 2 2 
1 59 8 8 
1 16 5 35 14 2 1 2 
1 31 36 6 2 
36 27 3 4 1 3 2 
1 16 25 9 25 
1 2 38 8 22 2 1 2 
3 27 4 35 1 2 4 
5 25 46 
1 4 30 31 10 
1 58 12 2 2 1 
1 15 12 22 2 16 6 1 1 
2 63 10 1 
38 22 1 2 2 4 7 
28 44 3 1 
4 16 40 1 5 4 4 1 1 
1 18 14 36 6 1 
1 50 25 
1 36 27 5 3 1 2 1 
5 1 11 4 46 3 3 2 1 
1 65 7 3 
2 71 3 
2 34 40 
7 46 3 16 1 3 
6 7 48 2 13 
2 61 1 1 3 3 3 1 1 
44 32 
1 15 53 5 1 1 
76 
12 20 37 3 2 1 1 
1 9 31 7 20 5 1 2 
1 55 10 6 1 3 
1 13 13 20 17 8 4 
1 38 29 8 
1 10 27 3 29 3 3 
25 29 22 
10 10 56 
1 74 1 
4 47 14 2 7 2 
3 18 55 
1 32 17 7 9 8 2 
63 10 3 
27 38 1 4 1 1 2 2 
6 16 10 29 14 1 
1 11 62 1 1 
1 22 49 2 1 1 
4 51 18 3 
1 20 24 19 3 3 5 1 
1 73 2 
1 43 30 2 
1 18 3 42 5 6 1 
6 25 34 11 
10 1 16 41 6 1 1 
5 66 5 
7 49 17 1 2 
1 45 15 1 1 2 8 3 
2 71 2 1 
1 26 5 4 26 1 10 1 1 1 
1 11 64 
1 42 29 2 2 
1 64 2 5 4 
34 29 5 5 1 2 
1 73 1 1 
3 72 1 
2 73 1 
24 5 4 33 2 4 1 2 1 
5 7 1 48 14 1 
7 65 1 3 
4 28 8 36 
1 43 22 7 1 2 
1 41 34 
3 12 47 4 10 
8 16 2 18 30 2 
12 5 41 15 3 
1 71 2 2 
1 21 2 24 8 17 3 
1 70 1 4 
1 6 40 19 1 8 1 
11 51 13 1 
5 12 11 10 36 2 
23 24 28 1 
26 49 1 
2 2 67 1 1 1 1 1 
1 20 28 24 1 1 1 
3 7 11 14 34 5 1 1 
2 27 11 20 10 4 2 
1 9 15 23 26 2 
3 23 13 21 5 4 5 1 1 
1 10 51 10 3 1 
1 49 10 4 1 1 3 2 3 2 
11 57 5 1 2 
1 22 1 3 5 40 1 2 1 
44 5 4 19 4 
1 62 2 2 3 2 4 
36 17 7 6 10 
1 23 9 9 34 
4 13 17 9 16 17 
72 2 2 
7 23 37 6 2 1 
1 19 5 30 20 1 
75 1 
58 4 11 2 1 
1 24 15 17 15 1 1 2 
1 53 19 2 1 
1 67 2 6 
2 65 2 3 1 2 1 
17 4 38 17 
1 35 2 34 1 1 1 1 
3 22 1 50 
14 51 3 6 1 1 
1 72 3 
73 1 2 
31 37 3 3 1 1 
1 2 18 19 20 11 2 1 2 
1 48 27 
4 16 56 
71 3 2 
1 24 38 1 10 2 
1 28 30 16 1 
1 61 14 
1 20 49 5 1 
1 50 19 6 
1 66 2 2 3 1 1 
15 18 24 4 2 10 1 2 
12 27 19 16 1 1 
75 1 
1 58 4 13 
1 38 3 33 1 
5 10 16 43 1 1 
3 53 20 
1 68 7 
11 40 25 
1 36 6 4 10 2 1 12 3 1 
1 47 9 12 7 
1 75 
23 51 1 1 
4 38 9 8 15 2 
3 28 17 8 17 2 1 
1 9 17 33 5 6 4 1 
1 56 10 7 1 1 
23 32 21 
49 7 3 10 6 1 
1 8 18 30 14 1 4 
38 2 9 13 3 5 5 1 
44 31 1 
35 24 6 4 7 
1 47 28 
1 26 20 25 3 1 
10 59 7 
12 37 8 13 3 3 
52 7 10 1 3 3 
63 12 1 
3 38 10 15 10 
2 15 30 24 4 1 
7 25 44 
55 11 7 1 1 1 
13 47 1 14 1 
34 16 5 9 8 4 
13 61 1 1 
8 51 7 2 1 1 2 2 1 1 
4 27 35 9 1 
1 52 23 
1 14 28 23 10 
4 25 29 6 12 
1 56 12 6 1 
2 24 48 1 1 
2 14 18 2 2 12 13 2 10 1 
1 51 2 16 5 1 
4 28 33 6 4 1 
3 38 28 2 2 1 2 
3 6 17 16 2 3 19 7 1 2 
3 58 3 3 6 1 2 
27 30 19 
1 63 2 3 1 1 2 3 
1 38 9 13 1 10 1 3 
2 41 10 5 13 1 1 2 1 
1 33 6 20 3 4 2 4 3 
2 59 10 3 2 
1 8 22 5 33 5 1 1 
8 31 12 24 1 
2 2 18 37 16 1 
1 57 15 2 1 
19 18 6 15 18 
1 59 14 2 
1 17 56 2 
5 9 10 34 2 3 6 1 6 
1 71 4 
1 50 9 12 4 
12 10 53 1 
71 4 1 
4 45 21 5 1 
1 52 11 1 10 1 
6 21 36 8 4 1 
2 31 22 18 3 
5 37 22 9 2 1 
15 33 28 
1 50 12 10 3 
1 63 12 
12 56 2 2 2 1 1 
41 28 7 
2 57 13 3 1 
5 68 1 2 
3 54 12 5 2 
18 9 1 45 2 1 
5 43 19 4 2 1 1 1 
2 17 50 5 1 1 
29 2 30 2 3 10 
9 51 12 1 1 2 
1 55 20 
1 38 10 16 11 
1 55 20 
16 26 30 3 1 
2 23 48 2 1 
4 17 31 1 5 1 2 7 4 4 
1 37 4 34 
1 64 2 2 4 2 1 
5 32 6 16 17 
2 11 48 8 7 
6 30 29 9 2 
2 12 62 
1 47 5 8 8 6 1 
3 7 56 5 3 1 1 
2 33 25 8 4 3 1 
3 34 18 4 8 8 1 
1 48 27 
41 32 1 2 
26 38 2 8 1 1 
1 10 40 22 1 2 
4 41 8 20 2 1 
4 42 19 2 7 2 
1 7 6 10 33 8 4 6 1 
5 48 13 4 5 1 
2 20 50 3 1 
62 5 7 1 1 
1 26 24 25 
48 26 2 
7 68 1 
9 8 8 30 20 1 
11 9 28 4 16 8 
2 6 24 38 6 
6 41 13 5 6 1 2 1 1 
1 11 58 2 4 
13 9 32 12 1 6 2 1 
4 53 1 4 11 1 2 
35 30 11 
2 10 43 16 1 2 2 
41 4 21 6 2 1 1 
2 63 1 1 6 1 2 
3 55 18 
1 46 4 14 4 1 6 
43 9 4 15 2 1 2 
1 54 18 1 2 
31 40 5 
1 56 10 3 3 2 1 
1 55 17 2 1 
2 59 15 
11 9 11 13 22 9 1 
1 46 23 4 1 1 
1 68 7 
1 25 38 3 2 5 1 1 
2 34 1 21 8 4 2 4 
1 9 44 2 2 3 12 1 2 
3 73 
1 10 45 13 1 5 1 
4 44 14 14 
2 3 48 10 6 5 1 1 
3 50 11 11 1 
2 40 8 7 18 1 
4 24 4 32 2 2 8 
5 24 22 5 8 10 2 
1 6 23 5 31 5 1 2 2 
3 34 3 27 1 8 
43 10 23 
4 4 9 48 11 
61 11 4 
1 49 24 2 
9 47 7 2 8 3 
1 28 34 11 2 
2 28 41 2 1 1 1 
5 33 28 3 3 3 1 
76 
1 44 24 6 1 
6 10 13 10 12 14 6 2 1 1 1 
3 1 6 8 1 17 19 19 1 1 
1 42 5 5 16 4 3 
2 36 36 2 
1 5 44 7 18 1 
10 32 2 11 12 4 1 3 1 
1 64 7 2 2 
23 12 25 7 5 1 2 1 
43 18 10 4 1 
3 9 48 8 8 
5 14 7 36 13 1 
12 49 15 
12 12 17 9 5 17 2 1 1 
1 35 39 1 
3 11 19 26 14 3 
1 18 29 25 3 
11 35 18 6 6 
1 58 10 4 1 2 
3 41 25 7 
1 15 34 22 2 1 1 
32 9 13 18 2 1 1 
1 75 
5 64 6 1 
2 7 34 1 1 31 
1 40 8 25 1 1 
1 46 19 7 3 
1 66 1 7 1 
1 30 44 1 
54 19 3 
12 35 13 2 4 6 1 1 1 1 
12 54 10 
56 11 6 2 1 
7 5 64 
1 12 48 14 1 
48 28 
1 36 37 2 
1 21 4 13 23 5 8 1 
1 59 14 1 1 
74 2 
8 32 36 
3 61 12 
2 44 19 8 1 1 1 
4 50 18 1 3 
1 35 27 4 9 
3 64 2 1 4 2 
7 36 18 14 1 
3 47 21 5 
5 18 11 37 1 4 
6 6 25 32 7 
5 56 15 
1 16 24 8 13 6 3 3 1 1 
1 40 33 2 
1 9 47 14 4 1 
1 50 18 1 3 3 
2 36 8 12 18 
58 15 1 1 1 
12 55 8 1 
1 26 24 21 4 
1 65 3 1 5 1 
36 30 10 
4 61 6 3 1 1 
4 16 45 10 1 
1 45 28 2 
9 28 35 3 1 
4 5 51 4 7 3 2 
13 18 21 11 13 
74 2 
3 59 14 
1 70 5 
73 1 2 
1 2 73 
1 67 2 6 
1 32 43 
1 47 28 
1 49 26 
7 9 42 2 1 6 8 1 
6 6 43 8 11 2 
1 57 12 4 2 
2 55 7 12 
2 30 18 18 3 4 1 
1 17 26 5 2 20 1 2 1 1 
60 14 2 
13 41 2 4 13 3 
1 51 8 11 4 1 
5 22 3 29 5 10 2 
21 26 25 2 1 1 
1 65 8 1 1 
3 1 50 15 6 1 
6 18 29 11 10 1 1 
1 8 61 5 1 
33 6 32 5 
6 40 1 19 1 4 1 2 1 1 
11 34 9 10 4 5 2 1 
1 61 1 13 
39 22 8 5 1 1 
13 13 28 12 10 
1 4 16 44 5 2 3 1 
5 14 9 45 2 1 
45 21 9 1 
5 4 7 50 8 1 1 
2 43 5 12 13 1 
40 1 14 2 10 5 3 1 
3 48 24 1 
1 61 11 3 
13 15 16 26 5 1 
73 2 1 
10 9 49 3 4 1 
2 72 2 
31 35 2 6 1 1 
2 72 1 1 
2 36 7 27 4 
2 48 17 7 1 1 
3 34 6 33 
8 27 29 9 3 
2 28 44 2 
8 63 3 1 1 
2 1 29 11 12 12 8 1 
12 13 20 8 2 16 2 2 1 
9 23 43 1 
6 62 1 6 1 
1 13 5 23 22 4 2 6 
75 1 
1 53 21 1 
2 3 39 26 6 
2 53 17 3 1 
2 50 1 23 
1 23 22 28 2 
2 69 5 
17 55 4 
1 27 34 3 10 1 
2 73 1 
6 53 10 3 4 
1 56 19 
1 74 1 
1 74 1 
6 5 43 3 8 6 2 3 
1 38 2 1 7 12 12 1 1 1 
2 55 4 8 7 
1 23 27 15 9 1 
4 51 13 8 
6 8 40 4 6 4 7 1 
1 36 20 17 2 
2 35 4 9 6 10 5 3 1 1 
2 67 6 1 
1 4 27 23 3 13 1 3 1 
1 47 28 
6 49 19 2 
45 1 6 4 3 17 
1 33 3 32 6 1 
11 61 4 
1 14 41 11 4 1 1 2 1 
1 9 16 12 15 3 4 3 10 1 2 
7 66 1 2 
8 65 1 1 1 
1 49 14 10 2 
2 54 4 9 7 
5 7 15 8 36 1 3 1 
47 5 1 6 14 1 2 
1 64 11 
76 
2 42 11 9 5 6 1 
3 46 11 16 
1 9 45 10 1 9 1 
1 18 57 
1 5 61 9 
8 12 38 16 2 
3 35 14 9 5 2 5 3 
1 56 19 
38 26 10 2 
1 67 5 3 
2 38 13 3 7 9 2 2 
1 24 20 16 11 4 
2 47 22 5 
4 21 17 19 10 2 3 
13 45 8 4 6 
8 1 50 13 1 1 2 
2 60 9 1 1 1 2 
5 1 63 6 1 
2 6 53 2 5 5 3 
2 7 35 4 22 5 1 
1 47 23 5 
4 16 8 4 13 5 7 17 2 
63 11 2 
11 6 34 22 3 
2 57 12 5 
1 58 17 
10 2 26 21 14 1 2 
8 11 27 17 5 3 1 3 1 
1 2 67 6 
51 20 1 1 1 2 
1 46 7 11 5 1 3 1 1 
6 47 14 4 5 
1 59 2 8 4 1 1 
61 14 1 
76 
3 22 29 20 1 1 
1 72 3 
5 2 8 49 2 6 1 2 1 
1 15 22 7 20 2 4 3 2 
1 21 21 20 10 2 1 
2 9 35 10 15 3 2 
1 55 19 1 
7 11 30 26 2 
2 32 3 6 9 22 2 
1 34 16 18 6 1 
16 39 3 13 5 
2 72 2 
1 71 4 
1 44 13 9 5 2 2 
4 33 18 14 7 
23 33 1 13 5 1 
3 62 11 
16 53 6 1 
59 5 4 6 2 
3 45 7 3 13 4 1 
1 69 3 1 2 
1 56 4 1 8 1 5 
2 34 38 1 1 
1 16 39 13 5 1 1 
1 67 4 4 
15 55 6 
1 43 5 4 8 5 8 2 
24 24 26 2 
1 32 26 15 2 
2 74 
25 22 19 3 3 2 2 
2 63 11 
20 20 7 23 5 1 
7 27 5 31 3 1 1 1 
1 65 3 5 2 
30 6 23 4 3 6 3 1 
1 73 2 
76 
1 35 29 7 4 
1 63 4 8 
1 16 13 20 4 18 4 
1 49 11 4 3 7 1 
5 67 3 1 
3 40 21 6 1 1 2 2 
1 36 26 10 3 
1 72 3 
1 66 2 5 2 
1 13 2 26 25 7 2 
1 48 14 8 5 
1 10 6 17 42 
3 10 5 40 2 3 1 5 6 1 
2 9 33 16 8 5 1 2 
2 9 46 18 1 
1 45 4 2 2 4 4 10 4 
1 12 34 4 1 16 4 1 2 1 
21 43 3 5 3 1 
13 36 20 3 4 
10 55 8 3 
1 20 32 14 4 3 1 1 
1 58 16 1 
4 19 24 11 13 2 2 1 
1 13 16 35 11 
4 70 2 
9 23 22 7 6 8 1 
1 21 21 11 22 
4 49 5 17 1 
9 20 23 12 12 
1 61 1 5 8 
28 39 5 3 1 
21 41 8 2 2 1 1 
4 16 48 7 1 
2 49 12 7 3 1 2 
22 25 11 16 2 
1 17 45 6 1 1 2 3 
3 71 2 
4 19 13 15 11 2 10 1 1 
2 32 9 6 3 21 3 
3 7 28 16 15 4 3 
1 72 3 
5 56 15 
38 1 7 6 16 6 2 
1 10 22 14 20 1 6 1 1 
2 58 2 2 12 
4 7 65 
23 11 19 1 22 
22 12 23 17 1 1 
62 9 3 1 1 
75 1 
1 38 9 16 12 
2 42 8 20 2 1 1 
1 19 1 23 31 1 
3 67 4 2 
3 53 17 2 1 
1 55 15 5 
1 51 15 6 2 1 
23 11 41 1 
8 42 16 2 3 3 1 1 
1 32 24 3 12 3 1 
4 63 3 6 
32 34 1 8 1 
2 29 12 15 18 
1 54 14 5 1 1 
1 14 33 7 15 6 
2 49 13 9 3 
26 43 2 2 3 
2 71 3 
2 42 32 
1 4 43 4 8 3 3 6 4 
36 33 7 
1 63 1 7 2 1 1 
61 1 13 1 
17 13 42 1 3 
2 28 2 29 6 2 3 3 1 
45 30 1 
23 30 11 3 2 2 5 
1 42 5 20 7 1 
4 2 2 54 12 1 1 
1 17 6 46 6 
73 1 1 1 
2 5 50 15 4 
25 19 3 16 9 4 
8 56 1 1 8 2 
59 17 
2 13 30 7 16 3 2 2 1 
2 65 6 2 1 
13 53 7 2 1 
2 43 22 6 2 1 
6 37 1 5 15 6 1 1 1 1 1 1 
1 36 39 
1 54 21 
1 30 39 3 3 
21 19 3 33 
10 43 17 3 2 1 
75 1 
1 27 33 7 8 
1 30 38 7 
3 58 14 1 
6 14 46 9 1 
6 22 46 1 1 
40 28 7 1 
1 1 71 2 1 
14 31 9 16 2 1 1 2 
1 23 14 4 17 15 2 
1 63 6 1 2 1 1 1 
2 50 19 4 1 
1 43 3 5 13 10 1 
1 14 61 
14 56 1 1 4 
28 26 13 4 5 
7 25 10 31 1 2 
34 11 31 
8 68 
8 57 10 1 
1 71 2 2 
3 2 54 5 9 3 
4 5 27 12 8 2 12 3 1 2 
1 23 18 23 4 4 3 
76 
1 70 1 2 2 
1 68 3 2 2 
4 23 44 2 3 
5 7 2 51 4 3 2 1 1 
2 22 24 10 6 10 2 
1 16 27 17 12 2 1 
1 75 
6 42 2 20 1 2 3 
4 12 36 13 6 4 1 
1 16 54 1 4 
1 6 24 15 17 7 1 2 1 1 1 
4 41 3 25 3 
3 11 45 12 1 4 
1 4 21 29 6 11 2 1 1 
1 39 21 1 2 3 7 2 
1 45 27 3 
1 69 3 3 
28 16 29 1 1 1 
1 23 1 50 1 
2 19 18 1 35 1 
6 47 23 
1 32 43 
75 1 
8 67 1 
4 13 32 16 10 1 
1 72 3 
10 10 5 41 10 
33 43 
1 53 14 1 5 1 1 
3 69 3 1 
6 26 7 19 1 16 1 
2 5 14 55 
1 53 10 7 2 3 
1 4 21 8 10 13 2 9 8 
37 9 9 16 3 1 1 
1 40 31 2 2 
50 26 
2 39 31 1 2 1 
1 9 34 20 3 2 4 2 1 
1 66 1 5 3 
4 18 17 2 4 11 12 3 5 
3 23 7 17 8 16 2 
1 15 5 42 7 6 
2 65 8 1 
1 8 18 4 33 3 5 3 1 
1 65 10 
47 6 4 14 1 4 
11 64 1 
1 71 4 
8 31 24 9 4 
29 22 3 21 1 
1 11 6 13 17 15 5 4 3 1 
11 51 2 4 4 3 1 
3 67 3 1 1 1 
1 41 34 
2 27 14 30 2 1 
1 7 24 12 29 1 1 1 
3 28 44 1 
1 24 43 7 1 
1 24 8 2 10 4 1 1 7 11 5 2 
1 30 36 9 
1 58 3 2 4 5 2 1 
18 58 
1 2 58 1 4 3 1 4 2 
1 36 29 4 1 3 2 
36 25 15 
1 14 24 9 3 5 14 2 3 1 
4 44 5 19 3 1 
3 59 5 3 3 3 
11 64 1 
1 72 3 
26 13 1 24 5 2 5 
1 61 10 2 2 
6 64 3 2 1 
3 19 24 9 15 6 
14 38 20 3 1 
1 52 12 6 5 
1 33 42 
1 72 2 1 
1 62 6 1 5 1 
1 20 17 25 4 4 3 2 
21 45 10 
65 4 4 3 
1 55 2 5 7 6 
1 1 1 57 10 6 
25 19 24 4 4 
1 37 15 1 8 14 
71 2 1 1 1 
1 73 2 
5 50 14 4 3 
1 64 5 6 
7 39 7 6 8 4 5 
29 39 1 3 3 1 
1 7 27 7 20 7 4 1 2 
19 53 1 1 1 1 
5 36 17 12 6 
1 46 29 
5 10 34 25 2 
1 43 21 7 4 
1 13 32 2 3 21 2 2 
8 67 1 
2 64 10 
1 36 9 25 4 1 
1 50 24 1 
76 
1 46 23 5 1 
5 52 19 
2 60 8 3 1 2 
73 1 1 1 
1 34 21 12 6 2 
1 25 50 
2 37 16 17 1 2 1 
1 66 9 
1 26 42 4 3 
1 40 15 18 2 
76 
6 10 49 1 3 7 
1 65 9 1 
1 65 8 2 
1 57 18 
1 26 32 14 1 2 
1 15 13 3 27 8 3 1 5 
4 16 36 19 1 
5 53 6 11 1 
20 11 9 7 15 12 2 
56 15 2 1 2 
12 22 22 6 8 3 2 1 
4 53 14 2 2 1 
10 42 12 9 2 1 
8 48 11 6 2 1 
5 8 27 7 26 1 1 1 
1 59 9 2 2 3 
1 37 13 17 8 
2 48 2 16 6 1 1 
1 14 44 1 1 10 3 1 1 
1 19 22 6 17 9 1 1 
2 8 31 22 6 4 3 
38 29 5 1 2 1 
2 74 
3 55 1 16 1 
1 5 19 29 12 8 1 1 
1 21 53 1 
1 23 52 
62 6 5 2 1 
3 1 44 20 5 2 1 
7 61 7 1 
10 9 53 4 
1 70 2 3 
3 18 19 25 1 2 8 
23 43 8 1 1 
1 10 43 21 1 
8 12 41 8 4 1 2 
1 21 21 13 16 3 1 
27 14 7 28 
1 20 51 3 1 
3 38 11 2 18 1 3 
2 54 15 4 1 
2 36 17 13 8 
1 62 1 2 6 2 2 
1 43 3 24 2 2 1 
1 60 14 1 
5 28 4 33 5 1 
2 30 43 1 
1 5 70 
76 
2 74 
6 63 7 
7 15 48 6 
1 28 24 2 11 4 5 1 
11 62 3 
1 54 1 11 3 2 1 1 1 1 
1 30 31 10 2 1 1 
41 13 13 8 1 
1 42 14 18 1 
1 26 32 14 2 1 
3 38 6 23 3 1 2 
1 6 11 18 33 5 2 
74 1 1 
1 25 20 11 9 6 4 
7 45 10 9 5 
2 34 9 23 2 3 3 
65 1 4 3 3 
36 1 21 4 9 4 1 
3 12 25 23 2 2 5 3 1 
1 11 33 13 3 1 9 2 3 
19 19 29 1 7 1 
2 4 12 16 16 13 6 2 2 1 1 1 
2 67 1 6 
1 6 24 1 9 21 11 3 
71 3 2 
1 73 1 1 
1 42 14 16 3 
1 19 56 
3 58 1 14 
13 59 4 
2 14 43 8 4 5 
1 57 18 
3 62 11 
2 7 58 5 2 1 1 
28 18 3 11 3 11 2 
13 20 23 8 7 2 3 
2 67 1 6 
8 47 1 18 2 
1 62 11 2 
2 27 45 2 
1 12 57 3 1 2 
2 24 46 1 3 
2 58 8 4 4 
4 6 65 1 
12 17 31 10 6 
2 12 44 18 
17 25 17 1 9 3 4 
45 5 26 
3 63 9 1 
1 10 39 16 1 6 3 
6 10 25 29 2 1 2 1 
1 68 6 1 
75 1 
6 13 57 
10 20 46 
1 74 1 
5 7 64 
1 21 2 4 4 32 12 
9 16 34 15 1 1 
1 39 10 4 5 8 2 3 1 3 
4 46 16 9 1 
24 28 20 1 3 
24 25 17 10 
59 16 1 
3 61 5 2 5 
49 18 1 7 1 
76 
8 45 23 
12 51 6 6 1 
2 12 13 33 6 1 4 5 
3 17 8 5 32 1 2 6 1 1 
3 38 32 3 
20 45 9 2 
34 42 
1 22 3 11 4 19 15 1 
4 31 7 33 1 
14 38 12 9 2 1 
1 45 30 
3 57 16 
76 
11 5 20 33 5 2 
8 18 3 44 1 1 1 
2 6 43 5 6 10 2 2 
3 71 2 
1 58 6 9 2 
2 6 6 20 42 
1 44 19 11 1 
3 44 21 2 2 1 1 1 1 
6 19 14 24 4 1 2 1 5 
4 8 34 8 6 3 8 5 
2 43 27 3 1 
6 25 9 2 16 11 7 
1 27 28 2 11 7 
2 55 4 15 
1 33 37 2 3 
1 20 4 24 10 12 3 1 1 
3 43 5 14 3 2 1 2 1 1 1 
1 39 31 3 2 
8 41 23 2 1 1 
18 49 2 7 
1 62 13 
4 48 18 6 
2 17 49 3 1 1 1 1 1 
41 26 6 3 
51 25 
16 43 9 3 1 2 1 1 
1 73 1 1 
7 62 4 2 1 
3 27 2 17 18 7 1 1 
3 66 7 
1 68 5 1 1 
76 
1 74 1 
45 15 11 3 2 
11 20 45 
1 27 1 1 39 4 1 2 
60 6 1 3 1 3 2 
10 8 28 28 2 
71 2 2 1 
1 56 13 6 
1 39 6 21 3 5 1 
3 57 8 5 3 
2 51 23 
1 20 22 18 8 4 3 
19 51 5 1 
1 16 8 22 1 16 12 
1 75 
5 33 37 1 
1 65 10 
1 35 40 
71 1 1 1 2 
57 3 5 4 7 
