3 41 33 
1 71 5 
1 20 5 50 1 
61 12 2 1 1 
3 68 6 
72 5 
1 55 2 11 8 
44 16 17 
9 20 18 3 21 6 
1 75 1 
5 40 30 2 
2 28 18 19 2 4 2 2 
1 56 17 2 1 
6 31 36 3 1 
2 15 57 2 1 
2 24 46 4 1 
22 25 7 10 13 
4 34 34 1 1 1 2 
2 73 1 1 
4 73 
59 3 8 7 
6 41 14 11 3 2 
1 32 1 4 11 25 2 1 
2 45 8 19 3 
77 
1 8 20 37 9 1 1 
66 10 1 
1 76 
3 21 35 13 4 1 
61 7 9 
11 3 50 5 3 3 1 1 
1 74 2 
46 24 1 1 3 2 
1 49 8 2 16 1 
1 34 40 1 1 
4 15 18 1 39 
1 76 
5 39 15 15 3 
3 72 2 
1 69 6 1 
21 19 14 10 3 4 4 2 
18 55 1 3 
21 7 41 8 
1 73 3 
18 45 14 
1 22 3 15 6 20 4 5 1 
5 20 51 1 
7 70 
31 17 27 2 
2 12 33 1 22 5 2 
2 54 3 15 1 1 1 
1 29 9 11 27 
1 69 3 4 
1 76 
2 17 6 29 13 4 6 
4 9 61 3 
1 21 54 1 
53 5 14 2 3 
2 69 6 
6 58 7 3 2 1 
69 4 1 1 1 1 
3 58 5 8 1 2 
1 51 2 10 7 6 
8 54 15 
1 62 10 3 1 
3 58 9 4 3 
20 41 2 14 
1 64 11 1 
1 7 21 48 
25 47 1 3 1 
70 5 2 
77 
35 18 19 5 
4 12 61 
2 26 14 8 19 3 2 1 2 
4 67 6 
12 30 15 18 2 
16 20 2 15 11 7 6 
1 7 13 5 12 22 6 5 5 1 
1 36 1 28 8 3 
1 61 15 
2 40 31 1 1 1 1 
6 57 11 2 1 
33 23 1 8 8 3 1 
17 57 1 1 1 
7 27 13 14 16 
1 5 59 1 2 8 1 
3 37 4 30 3 
1 11 47 18 
3 51 4 10 7 1 1 
11 34 10 1 2 10 1 4 2 1 1 
1 13 5 57 1 
46 28 1 2 
3 4 44 3 21 1 1 
1 6 61 9 
15 30 20 12 
1 76 
8 16 43 8 1 1 
1 38 38 
4 59 6 1 3 4 
2 63 10 1 1 
4 57 10 3 3 
1 35 24 14 3 
17 38 7 5 10 
3 31 3 6 3 30 1 
2 13 17 10 30 2 3 
3 45 5 19 4 1 
33 9 30 5 
2 61 13 1 
10 66 1 
77 
29 23 21 2 1 1 
3 33 4 14 13 10 
7 25 5 30 4 6 
4 71 2 
3 16 9 18 11 14 4 2 
35 34 1 4 3 
5 15 20 16 4 7 6 1 1 1 1 
1 21 14 33 8 
77 
1 59 17 
3 35 20 19 
1 63 13 
5 6 25 2 5 13 6 8 7 
1 24 39 3 6 4 
45 8 3 2 5 1 12 1 
1 54 9 1 8 1 1 2 
27 6 4 14 21 3 2 
1 71 5 
70 1 3 3 
11 20 2 27 16 1 
1 49 27 
10 42 18 3 4 
2 70 5 
12 13 30 18 2 1 1 
7 23 18 22 7 
1 57 6 8 2 1 1 1 
1 38 28 6 1 3 
1 10 31 32 3 
5 64 6 1 1 
22 53 1 1 
12 20 33 7 5 
1 41 7 6 4 5 13 
1 58 17 1 
2 43 18 6 4 2 1 1 
44 30 3 
1 48 18 3 2 2 3 
1 60 16 
1 61 3 6 3 3 
2 47 10 10 1 3 1 2 1 
77 
1 10 39 17 4 1 3 1 1 
11 65 1 
1 51 17 3 3 2 
26 48 1 2 
66 6 5 
1 59 11 4 1 1 
2 6 53 2 13 1 
2 50 24 1 
1 19 46 4 4 1 1 1 
6 63 8 
1 32 42 1 1 
50 12 8 7 
2 74 1 
3 69 3 2 
7 40 2 15 12 1 
7 47 17 1 1 4 
14 44 1 15 1 2 
55 8 6 7 1 
1 53 10 4 6 3 
2 60 15 
6 12 39 2 13 3 2 
1 19 26 15 11 4 1 
1 30 13 6 27 
2 66 1 3 3 2 
3 10 19 17 7 8 1 4 1 3 1 1 1 1 
1 31 23 21 1 
1 51 20 5 
8 37 13 9 7 2 1 
1 65 11 
1 62 3 2 5 3 1 
1 42 27 6 1 
3 6 62 4 2 
4 1 72 
6 21 10 31 1 8 
6 38 30 2 1 
3 30 42 2 
3 59 10 5 
6 35 26 5 4 1 
1 64 6 1 5 
2 27 8 40 
1 31 15 18 10 2 
30 5 2 1 4 13 6 1 6 6 3 
2 32 20 13 10 
7 46 24 
1 32 3 21 4 16 
1 57 18 1 
1 42 10 5 15 2 1 1 
3 40 6 27 1 
2 19 56 
32 15 11 18 1 
3 57 17 
3 3 29 33 5 3 1 
4 31 12 30 
2 30 17 8 6 3 5 1 1 2 2 
18 35 22 2 
3 16 38 6 1 8 3 1 1 
36 21 20 
7 44 3 13 7 2 1 
1 16 35 25 
2 20 20 7 6 6 11 2 2 1 
5 62 2 6 2 
43 7 23 2 2 
2 68 7 
1 38 31 5 2 
1 19 14 32 4 1 4 1 1 
1 76 
1 67 8 1 
1 5 35 34 2 
4 22 39 12 
5 4 9 37 18 4 
76 1 
3 34 28 1 10 1 
75 2 
2 52 20 2 1 
1 50 10 13 3 
2 62 10 1 2 
3 63 8 3 
14 22 36 4 1 
15 62 
4 61 6 4 2 
1 14 46 11 5 
2 71 4 
1 67 3 3 2 1 
1 3 9 34 7 17 2 3 1 
1 18 22 19 7 1 4 3 1 1 
26 12 14 1 16 6 1 1 
3 39 30 2 1 2 
8 35 4 23 6 1 
2 9 16 22 8 5 12 3 
12 25 10 24 1 1 1 1 2 
2 64 6 3 1 1 
9 61 1 4 1 1 
15 25 34 3 
1 53 12 9 2 
1 13 55 6 2 
2 2 49 23 1 
1 67 2 5 2 
3 55 5 4 2 2 3 1 2 
4 63 3 5 1 1 
6 32 25 7 6 1 
3 70 1 2 1 
1 45 24 6 1 
8 62 7 
1 65 2 8 1 
3 13 9 22 20 9 1 
4 24 27 7 11 3 1 
4 46 23 2 2 
1 67 8 1 
1 59 4 13 
15 59 2 1 
3 48 16 8 1 1 
1 13 46 3 3 8 1 2 
27 44 6 
4 39 6 8 20 
5 46 15 1 8 1 1 
1 64 12 
10 37 30 
1 46 11 8 3 6 2 
8 32 2 11 3 3 12 1 1 3 1 
3 47 21 5 1 
9 52 7 9 
1 47 8 2 1 1 2 11 3 1 
2 59 10 5 1 
2 54 3 7 1 7 1 1 1 
4 38 12 21 2 
35 12 22 2 5 1 
3 28 38 6 2 
2 2 41 27 3 2 
15 59 1 1 1 
7 50 7 11 2 
1 3 53 1 8 5 4 2 
1 19 53 1 1 1 1 
2 27 28 11 5 1 2 1 
2 71 4 
1 31 44 1 
23 20 5 6 6 9 2 3 2 1 
66 1 1 3 5 1 
1 36 2 27 11 
3 39 7 28 
2 47 20 4 3 1 
5 38 22 9 2 1 
10 54 12 1 
8 36 21 3 7 1 1 
2 51 18 2 1 3 
5 17 7 24 20 2 2 
1 70 3 1 2 
77 
2 12 15 24 7 9 3 5 
77 
6 58 13 
35 32 5 5 
9 46 21 1 
2 69 3 3 
1 72 2 2 
4 10 59 2 1 1 
1 61 12 3 
2 26 46 2 1 
77 
3 13 5 9 44 3 
2 23 42 6 2 1 1 
36 25 8 4 4 
1 61 9 1 1 2 2 
3 41 23 7 3 
66 9 1 1 
1 40 15 11 5 2 1 2 
1 33 16 3 24 
8 40 16 3 2 6 2 
11 16 43 6 1 
13 60 1 3 
76 1 
9 48 12 1 7 
1 33 10 12 13 8 
9 55 2 7 4 
1 15 35 1 9 4 6 1 1 3 1 
8 59 9 1 
1 5 53 12 1 5 
2 29 35 2 7 1 1 
3 70 4 
44 15 17 1 
5 23 10 26 5 7 1 
4 58 3 5 4 3 
1 67 4 1 4 
27 46 3 1 
52 7 18 
3 51 23 
12 36 26 2 1 
29 19 12 6 6 4 1 
4 68 5 
7 25 16 14 11 3 1 
24 5 41 7 
10 43 9 5 10 
13 43 16 2 2 1 
1 73 3 
2 55 13 6 1 
1 13 9 5 18 30 1 
1 15 22 16 20 1 1 1 
1 31 44 1 
2 31 36 1 7 
4 44 3 15 11 
2 30 18 23 1 3 
1 75 1 
5 57 13 2 
1 74 2 
1 55 5 11 2 2 1 
12 41 18 4 2 
2 53 5 9 1 3 2 2 
1 55 21 
1 43 26 4 2 1 
65 1 1 4 5 1 
11 3 31 20 2 8 2 
4 41 32 
16 49 12 
48 19 2 3 2 1 1 1 
8 30 9 10 7 12 1 
9 60 8 
1 13 52 1 6 1 3 
4 39 6 11 2 1 11 2 1 
76 1 
5 46 21 4 1 
1 60 1 14 1 
1 25 49 2 
1 20 7 30 19 
1 1 52 5 6 3 3 6 
9 47 3 4 2 3 6 3 
47 13 9 8 
9 16 52 
61 9 7 
1 61 8 6 1 
8 49 11 2 7 
18 3 52 3 1 
15 7 32 15 1 4 2 1 
17 12 29 9 10 
9 2 30 9 13 9 4 1 
1 48 6 13 2 5 1 1 
2 74 1 
1 31 10 27 8 
74 2 1 
9 51 15 2 
4 69 4 
1 48 25 1 1 1 
1 20 21 16 3 8 6 1 1 
1 68 8 
29 47 1 
1 8 12 51 1 3 1 
15 25 9 4 18 4 2 
3 43 31 
1 50 11 11 2 2 
74 1 1 1 
7 11 45 9 5 
1 15 36 24 1 
1 43 3 3 2 22 2 1 
8 47 4 16 2 
3 41 20 10 2 1 
60 14 1 2 
2 58 2 3 4 2 5 1 
2 54 21 
14 45 8 6 4 
1 13 30 5 11 2 15 
8 32 23 9 3 2 
6 22 49 
1 28 36 12 
2 1 46 16 8 1 1 2 
7 10 1 9 11 30 3 3 3 
3 38 10 6 4 2 3 9 1 1 
1 34 7 33 1 1 
5 61 9 1 1 
19 36 21 1 
1 75 1 
1 62 6 6 2 
1 76 
2 56 19 
1 2 73 1 
6 53 8 3 4 2 1 
1 14 28 24 1 1 3 3 2 
4 15 46 3 4 3 1 1 
1 1 14 25 19 2 11 3 1 
1 73 3 
2 62 13 
2 15 15 17 5 22 1 
3 70 4 
11 54 1 8 1 2 
2 35 16 11 1 1 4 6 1 
1 22 16 20 18 
3 22 52 
17 13 18 7 22 
14 33 30 
7 64 1 3 1 1 
1 46 19 8 3 
2 29 20 12 9 1 4 
3 72 2 
1 42 7 25 2 
1 33 17 1 11 10 1 3 
3 66 2 6 
10 32 13 7 9 1 5 
5 44 14 10 1 2 1 
2 14 40 7 13 1 
1 36 10 8 13 8 1 
3 52 11 5 3 1 1 1 
1 31 31 9 5 
16 18 23 5 15 
1 23 42 5 4 2 
1 75 1 
3 48 16 9 1 
56 9 7 2 3 
1 4 41 31 
2 10 31 24 4 4 2 
46 15 15 1 
2 2 26 33 3 6 5 
5 48 6 1 7 6 1 1 2 
22 22 23 9 1 
1 54 6 11 4 1 
2 37 29 8 1 
3 52 8 3 1 3 4 2 1 
5 19 12 14 6 10 6 1 4 
3 33 6 6 12 1 13 1 2 
1 28 1 30 7 5 5 
3 6 9 18 25 5 3 1 3 2 2 
2 58 16 1 
11 41 10 11 4 
20 4 25 25 3 
2 66 1 1 1 6 
1 67 4 4 1 
29 23 13 8 1 2 1 
6 18 16 17 15 4 1 
1 42 7 1 22 2 2 
77 
1 31 19 3 11 2 4 4 1 1 
1 72 4 
1 17 17 7 9 7 2 9 3 5 
4 24 49 
1 33 20 20 1 2 
1 43 33 
6 48 11 3 5 1 1 1 1 
1 39 37 
7 65 4 1 
14 60 2 1 
3 50 14 7 2 1 
3 35 28 1 4 6 
1 43 6 12 5 2 3 5 
25 5 14 7 9 8 1 7 1 
1 22 32 17 2 1 1 1 
1 37 10 7 14 8 
1 21 30 7 1 13 1 1 2 
1 22 17 37 
77 
1 25 33 17 1 
1 5 49 21 1 
2 52 23 
1 43 2 2 26 1 1 1 
2 68 7 
1 24 2 41 5 3 1 
2 2 13 37 18 2 1 1 1 
2 41 8 5 21 
10 28 8 5 20 2 4 
1 28 47 1 
77 
1 11 19 4 5 9 18 4 3 1 2 
4 39 5 18 10 1 
16 28 18 14 1 
1 36 10 14 11 1 4 
1 31 7 8 18 12 
11 6 15 35 9 1 
63 9 5 
2 21 16 37 1 
2 62 13 
56 2 11 2 1 3 2 
2 62 11 1 1 
1 10 61 5 
1 65 10 1 
1 3 59 11 2 1 
2 3 43 12 3 1 6 6 1 
1 25 21 17 7 5 1 
1 17 59 
1 56 20 
5 52 10 8 2 
59 6 3 6 2 1 
2 17 13 23 19 2 1 
30 5 23 10 6 3 
1 24 39 10 1 2 
5 52 10 8 1 1 
1 41 9 11 8 2 1 3 1 
1 76 
3 70 3 1 
1 63 10 1 1 1 
1 44 5 27 
6 56 7 2 2 3 1 
4 57 1 1 1 10 2 1 
1 21 24 25 2 2 2 
1 39 10 15 5 1 5 1 
8 69 
4 53 16 4 
4 18 45 6 4 
2 40 7 5 18 1 2 1 1 
50 2 2 15 1 6 1 
1 70 5 1 
1 75 1 
4 41 13 3 15 1 
6 21 37 9 4 
1 20 47 7 2 
2 28 9 14 3 4 11 2 4 
7 34 34 1 1 
3 24 49 1 
1 76 
4 63 5 5 
1 57 19 
1 55 4 1 11 3 2 
1 2 15 57 1 1 
1 36 36 3 1 
1 21 35 17 1 2 
1 68 3 4 1 
7 12 36 21 1 
1 12 7 57 
3 51 6 3 11 1 1 1 
1 19 16 18 2 7 1 4 4 3 2 
1 16 28 30 2 
2 44 15 8 8 
2 1 57 1 2 11 1 2 
1 57 12 2 2 2 1 
3 23 20 2 24 3 2 
15 20 2 38 2 
32 28 10 4 2 1 
4 57 16 
2 1 20 49 1 4 
14 58 1 4 
2 71 1 1 1 1 
12 58 5 2 
1 43 33 
6 28 19 9 15 
24 11 2 38 2 
9 64 2 1 1 
1 72 2 2 
39 20 2 12 3 1 
3 53 16 5 
1 6 44 17 5 1 2 1 
23 42 7 5 
1 70 3 2 1 
5 19 50 1 1 1 
1 40 32 3 1 
1 46 27 2 1 
11 57 4 1 4 
6 36 35 
1 16 12 3 3 9 21 3 3 1 3 1 1 
18 19 40 
3 6 65 1 1 1 
1 10 42 20 1 2 1 
2 37 25 11 2 
7 29 11 25 3 2 
2 58 15 1 1 
2 7 3 24 6 5 16 6 5 1 2 
27 16 4 28 2 
1 38 38 
3 38 25 11 
1 17 18 13 14 11 3 
12 10 4 45 6 
40 25 12 
14 63 
4 65 2 2 1 2 1 
2 1 58 5 11 
33 43 1 
1 75 1 
3 54 8 9 3 
1 15 55 6 
2 23 2 8 37 4 1 
1 42 8 21 1 3 1 
7 1 6 2 4 41 16 
1 70 5 1 
1 26 47 1 1 1 
57 8 4 5 2 1 
1 57 15 2 2 
4 52 3 17 1 
2 72 2 1 
1 37 32 6 1 
3 57 13 1 1 2 
2 42 6 9 2 5 8 2 1 
1 60 16 
2 68 7 
1 17 9 6 35 2 6 1 
2 34 23 16 2 
2 62 5 1 3 4 
2 69 6 
5 66 5 1 
25 47 5 
1 1 2 14 7 8 9 17 10 5 3 
53 16 8 
4 45 26 1 1 
36 10 13 12 6 
3 34 40 
8 54 8 4 2 1 
1 6 51 2 2 13 2 
1 16 5 16 39 
2 31 36 4 3 1 
4 20 50 3 
2 38 1 6 25 3 2 
1 27 48 1 
1 17 24 16 11 2 2 4 
1 72 3 1 
3 63 8 1 2 
1 2 68 6 
13 58 1 2 3 
1 36 11 2 17 3 1 6 
51 10 16 
32 27 18 
2 70 2 3 
1 20 56 
2 15 41 8 7 4 
21 12 7 15 21 1 
14 14 23 11 14 1 
1 38 32 4 2 
77 
53 2 4 6 4 6 1 1 
35 4 7 16 15 
2 68 7 
19 24 7 8 4 13 1 1 
1 43 33 
1 52 9 13 1 1 
21 34 9 9 3 1 
1 63 3 7 3 
1 47 11 8 7 1 1 1 
13 28 26 10 
11 3 45 1 13 1 3 
2 19 30 11 15 
72 4 1 
1 4 31 24 7 2 2 6 
1 59 15 2 
1 8 6 36 18 7 1 
17 50 8 1 1 
72 1 4 
1 71 1 4 
21 19 19 13 4 1 
15 14 45 3 
5 62 10 
40 35 1 1 
2 72 3 
75 2 
2 6 15 16 34 2 1 1 
2 37 12 3 17 1 4 1 
40 24 8 4 1 
1 16 24 23 5 1 3 4 
3 4 29 10 26 4 1 
1 40 13 19 2 2 
1 59 9 5 2 1 
77 
28 23 26 
1 59 11 5 1 
63 8 1 4 1 
33 34 1 6 2 1 
1 36 7 27 6 
2 74 1 
1 67 3 2 1 2 1 
22 22 21 11 1 
44 25 6 1 1 
1 46 15 6 9 
6 41 28 1 1 
1 60 16 
9 32 9 12 2 2 6 4 1 
6 13 10 9 3 3 11 21 1 
1 38 18 1 15 2 1 1 
17 26 14 18 2 
3 15 35 1 3 2 6 2 4 3 1 1 1 
1 27 37 10 1 1 
2 48 24 2 1 
1 48 9 19 
42 33 2 
1 38 26 11 1 
2 27 10 5 17 11 1 3 1 
1 9 23 30 8 3 3 
2 25 7 15 20 7 1 
1 49 16 6 5 
3 58 16 
2 66 5 1 2 1 
1 16 17 2 30 3 5 3 
6 62 5 1 3 
3 60 4 9 1 
1 57 8 8 2 1 
3 73 1 
9 18 5 34 2 6 3 
19 10 48 
4 22 7 26 6 8 3 1 
5 40 15 11 5 1 
11 11 11 8 3 27 2 2 1 1 
5 52 20 
1 45 14 10 3 3 1 
1 62 1 2 8 1 1 1 
1 6 36 25 4 1 4 
48 13 3 6 7 
2 71 4 
2 56 7 12 
1 26 44 1 4 1 
6 40 2 21 2 4 1 1 
9 46 4 2 9 4 1 2 
5 36 6 30 
7 51 19 
10 61 5 1 
4 32 1 6 24 7 1 2 
7 70 
1 37 10 2 24 3 
2 11 40 1 16 7 
1 60 13 3 
20 27 5 11 5 5 3 1 
3 32 7 16 6 10 1 2 
1 47 4 23 1 1 
7 32 20 3 13 1 1 
14 50 10 1 1 1 
1 66 10 
2 72 2 1 
1 64 7 1 4 
1 60 3 9 3 1 
7 4 39 16 11 
5 45 9 18 
2 36 1 12 13 4 1 5 2 1 
5 65 7 
8 20 19 9 6 15 
1 40 27 2 6 1 
1 40 30 5 1 
1 43 33 
4 68 5 
19 22 18 2 14 1 1 
7 54 12 2 2 
1 13 26 29 3 4 1 
2 40 35 
1 35 8 26 2 2 2 1 
1 68 4 4 
1 30 19 2 12 2 4 3 1 2 1 
1 35 2 1 2 29 5 1 1 
51 19 7 
30 6 14 5 6 4 4 4 1 1 2 
1 54 19 2 1 
1 32 41 3 
5 34 7 3 27 1 
1 58 9 4 5 
1 3 58 11 4 
1 39 26 1 4 3 3 
1 57 15 4 
9 65 3 
33 31 6 1 1 5 
3 53 1 18 2 
14 24 6 16 5 6 5 1 
10 38 14 15 
4 57 16 
75 2 
1 19 32 22 2 1 
1 72 1 2 1 
1 33 31 9 2 1 
1 74 2 
1 67 7 1 1 
1 39 11 14 5 6 1 
9 24 15 12 4 1 4 8 
6 54 17 
4 67 2 1 2 1 
35 14 2 12 10 2 1 1 
7 46 5 12 6 1 
4 64 1 2 3 1 2 
18 17 29 13 
7 17 11 12 27 3 
1 44 5 8 6 12 1 
7 26 28 7 5 3 1 
4 41 12 18 2 
4 69 4 
33 12 27 2 3 
18 17 28 3 5 2 3 1 
2 39 14 8 12 1 1 
5 35 31 4 1 1 
3 13 42 11 8 
5 26 46 
70 7 
2 57 9 9 
1 25 45 4 2 
22 24 30 1 
8 55 13 1 
1 23 26 21 2 2 2 
30 19 1 8 13 3 3 
5 23 14 8 8 16 2 1 
1 7 41 16 9 3 
1 66 10 
1 48 1 5 22 
1 18 20 6 15 8 8 1 
1 75 1 
2 38 15 1 9 6 3 3 
1 7 11 11 16 6 10 13 2 
1 21 3 38 7 7 
3 26 2 23 3 20 
8 59 4 5 1 
1 26 5 4 39 1 1 
1 55 4 1 3 3 9 1 
4 68 2 1 2 
43 4 2 1 7 2 6 5 6 1 
2 58 10 5 1 1 
1 46 7 4 1 2 13 3 
12 29 33 3 
25 2 26 16 4 1 1 2 
1 12 52 7 3 2 
1 40 12 5 15 1 1 1 1 
1 76 
58 10 3 5 1 
2 27 15 21 2 4 4 1 1 
29 30 6 5 7 
6 70 1 
6 34 27 9 1 
1 70 2 4 
2 66 5 2 2 
13 32 13 12 2 4 1 
1 5 15 10 30 16 
1 30 20 19 1 1 2 3 
1 5 23 26 22 
1 22 54 
4 45 9 2 16 1 
1 52 24 
3 43 18 13 
1 3 18 3 29 14 5 2 1 1 
1 64 2 1 3 1 1 1 2 1 
12 2 58 3 2 
1 9 24 18 12 4 7 2 
1 31 24 20 1 
1 66 1 7 1 1 
59 18 
15 61 1 
1 62 10 2 2 
2 64 5 1 4 1 
1 62 14 
13 22 9 6 24 3 
1 65 8 2 1 
7 29 41 
2 33 1 24 7 7 3 
10 59 8 
9 11 37 10 9 1 
3 5 21 14 4 2 13 3 8 4 
1 59 10 5 2 
1 16 9 47 2 1 1 
5 31 30 10 1 
57 7 13 
35 37 1 1 3 
2 75 
4 61 3 2 7 
3 68 6 
1 32 26 16 2 
9 59 8 1 
13 49 13 2 
63 7 3 1 3 
74 1 1 1 
2 67 4 1 2 1 
67 4 4 2 
1 33 1 28 1 3 2 8 
11 6 38 22 
1 55 2 3 16 
5 8 59 1 4 
16 12 5 21 11 1 10 1 
1 30 46 
6 23 42 1 1 3 1 
2 37 5 11 8 13 1 
5 44 24 3 1 
36 35 2 4 
1 59 16 1 
1 63 7 4 1 1 
42 21 10 3 1 
77 
6 40 31 
2 46 2 7 6 3 9 1 1 
2 61 14 
5 68 3 1 
4 62 3 2 2 2 2 
3 16 25 26 4 1 1 1 
24 7 41 4 1 
21 28 14 5 4 1 2 1 1 
9 41 27 
10 46 20 1 
1 63 11 1 1 
2 22 2 41 10 
4 15 58 
3 40 6 25 2 1 
2 41 26 7 1 
15 9 7 41 1 2 1 1 
1 52 18 4 1 1 
11 17 1 38 9 1 
6 44 27 
1 21 13 7 14 12 5 4 
1 16 11 13 25 9 2 
75 1 1 
3 59 15 
16 14 47 
7 28 28 9 3 1 1 
4 52 21 
8 12 50 7 
14 51 8 2 2 
1 2 42 13 19 
1 20 21 11 24 
1 71 4 1 
1 1 45 11 6 7 5 1 
3 12 11 43 3 4 1 
1 35 8 23 3 4 2 1 
62 4 7 3 1 
1 5 69 2 
46 17 1 12 1 
2 69 6 
2 24 42 2 7 
3 27 25 6 16 
2 58 3 13 1 
17 11 15 11 9 10 4 
10 54 13 
1 26 11 16 4 8 3 8 
1 19 27 20 6 2 2 
2 8 8 3 26 4 24 1 1 
62 4 6 2 2 1 
1 23 5 17 7 20 2 2 
1 37 12 9 11 7 
1 68 8 
2 42 26 5 2 
7 9 23 5 4 19 3 7 
5 67 5 
4 18 22 13 1 3 5 6 2 2 1 
10 10 32 15 4 5 1 
6 13 46 3 7 2 
17 35 2 19 3 1 
2 67 6 1 1 
2 3 70 1 1 
7 64 6 
3 71 1 1 1 
1 30 8 34 2 1 1 
1 39 24 9 3 1 
3 70 4 
19 16 3 10 17 1 8 2 1 
2 18 33 15 8 1 
4 59 13 1 
2 10 10 45 10 
18 57 2 
5 50 19 2 1 
20 55 2 
34 17 11 15 
73 2 2 
1 36 17 7 14 2 
1 54 14 5 1 2 
1 6 31 20 18 1 
1 28 48 
2 5 60 3 2 3 2 
16 30 30 1 
1 48 23 3 1 1 
1 5 40 27 4 
65 3 3 3 2 1 
1 28 32 14 1 1 
1 48 1 5 2 3 4 7 6 
21 24 5 9 5 10 1 1 1 
15 24 20 10 7 1 
1 5 2 62 7 
2 10 60 4 1 
47 3 10 4 3 4 6 
1 3 45 12 2 1 7 2 2 1 1 
4 18 52 2 1 
1 72 3 1 
4 5 41 24 1 2 
37 29 8 3 
7 16 8 19 17 3 7 
3 55 19 
15 37 22 3 
7 46 16 7 1 
3 28 20 6 8 9 2 1 
7 29 34 3 4 
1 35 34 3 3 1 
5 70 1 1 
1 47 14 1 7 2 2 1 2 
1 66 2 3 2 2 1 
2 24 22 16 12 1 
1 30 45 1 
10 21 18 15 9 3 1 
1 25 31 1 10 1 1 1 5 1 
2 47 17 1 2 1 1 3 2 1 
1 72 4 
3 62 2 2 6 2 
27 7 43 
5 4 33 19 11 5 
60 8 3 1 2 3 
2 44 16 11 3 1 
1 1 56 15 4 
1 1 36 7 2 27 3 
1 54 9 8 3 2 
70 1 1 3 2 
2 18 50 5 2 
1 16 40 8 1 5 2 3 1 
1 53 9 1 7 2 4 
28 3 18 2 22 1 2 1 
2 17 17 22 2 14 2 1 
1 17 44 14 1 
7 51 3 2 1 10 3 
4 68 1 4 
1 73 2 1 
22 8 9 29 7 2 
2 59 14 1 1 
1 70 6 
16 34 5 3 12 6 1 
5 5 18 22 8 16 2 1 
1 46 15 15 
14 37 10 12 3 1 
4 55 7 4 2 2 3 
1 46 11 13 5 1 
6 20 1 16 8 7 1 6 2 5 2 3 
1 75 1 
1 33 40 3 
1 15 45 3 5 2 4 2 
3 34 34 2 3 1 
1 29 7 15 1 15 4 2 1 1 1 
1 44 32 
1 12 39 1 1 15 3 5 
4 37 35 1 
1 32 21 1 5 5 3 1 2 6 
8 34 24 1 6 2 1 1 
7 11 37 17 4 1 
2 15 39 5 3 5 7 1 
4 59 4 1 5 1 2 1 
4 51 7 8 4 2 1 
1 32 13 31 
7 42 26 2 
1 6 22 46 2 
75 1 1 
28 7 1 12 14 14 1 
2 37 24 9 1 1 2 1 
76 1 
1 37 5 33 1 
1 17 9 18 24 4 4 
1 61 15 
5 47 6 6 13 
1 37 9 18 10 2 
10 48 16 1 2 
12 48 16 1 
5 68 4 
54 2 13 5 3 
1 43 5 12 10 3 3 
3 28 6 10 13 14 1 2 
1 63 5 1 6 1 
6 71 
5 19 48 2 3 
3 25 4 36 8 1 
12 14 2 18 28 1 1 1 
1 21 19 36 
1 15 26 21 2 3 3 1 5 
1 13 8 37 12 6 
1 73 3 
2 61 13 1 
2 11 43 18 2 1 
1 33 8 4 9 10 4 3 3 2 
1 55 7 5 4 4 1 
9 63 1 3 1 
1 50 26 
53 8 12 1 2 1 
1 31 41 2 2 
61 2 7 3 1 1 2 
1 6 11 4 47 4 4 
1 53 22 1 
1 38 38 
77 
11 49 11 2 3 1 
7 8 17 6 13 1 5 7 6 5 1 1 
1 27 13 35 1 
1 45 26 5 
5 17 1 28 4 15 1 6 
36 27 14 
8 27 31 4 7 
1 10 25 9 7 14 2 3 6 
5 36 1 21 6 7 1 
1 9 27 9 1 8 2 5 11 1 3 
1 1 11 33 4 5 3 10 9 
1 49 8 7 1 6 1 3 1 
1 55 21 
2 6 4 18 35 11 1 
3 74 
74 3 
10 22 28 8 1 5 3 
10 61 6 
29 40 2 4 2 
1 38 24 2 10 1 1 
4 73 
1 31 39 3 2 1 
1 12 34 19 7 3 1 
1 39 24 12 1 
1 66 8 2 
2 38 20 5 8 4 
6 38 16 6 11 
5 59 10 1 2 
10 61 6 
2 41 28 4 1 1 
14 54 3 4 2 
7 57 3 5 2 2 1 
17 29 31 
1 15 12 19 26 4 
3 7 67 
1 63 1 7 5 
4 72 1 
1 1 24 32 14 5 
1 26 5 45 
2 66 4 1 3 1 
1 46 20 3 5 2 
77 
1 19 31 16 10 
9 32 11 18 6 1 
4 24 34 1 14 
10 14 14 33 3 2 1 
6 6 14 4 29 1 12 5 
1 2 60 13 1 
1 41 29 1 1 4 
2 1 44 27 1 2 
16 43 14 3 1 
6 28 17 15 5 5 1 
71 5 1 
1 69 7 
1 8 5 34 9 14 2 1 3 
22 12 6 9 13 4 9 1 1 
2 38 6 12 12 4 2 1 
2 6 64 5 
6 71 
1 41 35 
1 21 52 2 1 
1 32 13 23 1 7 
1 6 38 18 4 7 1 1 1 
1 74 2 
21 30 12 8 5 1 
1 8 1 2 21 14 17 9 3 1 
11 48 3 4 1 10 
1 48 27 1 
4 46 27 
1 39 34 2 1 
1 14 31 24 5 1 1 
7 27 43 
4 31 30 10 1 1 
1 65 1 9 1 
2 16 17 18 2 5 5 11 1 
6 48 17 4 1 1 
2 71 4 
1 30 31 2 10 1 2 
3 65 8 1 
1 68 4 2 2 
1 45 31 
3 43 24 2 1 4 
2 20 23 16 10 6 
36 6 20 1 2 3 4 3 2 
24 34 2 1 3 2 3 3 3 2 
1 5 66 3 1 1 
1 66 3 2 2 3 
2 36 6 20 1 9 1 1 1 
36 38 3 
3 68 2 1 3 
1 61 9 5 1 
1 12 33 2 27 1 1 
1 27 19 18 7 4 1 
1 46 26 2 1 1 
1 23 17 12 8 2 9 2 3 
1 47 19 2 5 1 2 
1 74 1 1 
1 8 6 46 13 3 
15 26 29 4 2 1 
3 67 2 5 
58 7 5 5 2 
3 20 18 20 7 4 4 1 
1 2 18 1 25 20 7 1 1 1 
5 12 24 13 17 3 1 2 
3 36 5 32 1 
1 33 11 18 6 1 3 1 1 1 1 
1 67 6 2 1 
4 36 29 7 1 
1 20 41 9 5 1 
1 75 1 
36 22 17 1 1 
1 71 2 1 2 
11 25 26 11 3 1 
16 18 9 33 1 
2 2 49 21 3 
1 72 4 
2 27 44 2 2 
13 26 8 6 14 7 3 
1 25 42 6 1 2 
68 6 3 
14 46 9 7 1 
4 8 20 27 6 1 5 5 1 
54 12 5 2 4 
2 45 12 5 13 
17 28 32 
10 66 1 
28 21 14 8 4 1 1 
1 35 39 2 
1 36 21 1 2 13 3 
1 58 2 15 1 
1 27 49 
2 36 26 12 1 
61 12 4 
1 13 61 2 
1 48 9 4 5 2 3 5 
8 22 18 1 22 1 4 1 
9 50 16 1 1 
1 14 23 27 12 
3 21 11 23 10 2 7 
1 60 8 3 2 3 
12 61 2 2 
22 24 31 
3 43 12 10 8 1 
51 2 1 21 2 
2 28 21 6 19 1 
5 3 46 5 11 2 4 1 
2 45 9 2 15 2 2 
4 6 62 5 
1 12 7 34 13 7 3 
1 41 14 18 2 1 
2 9 21 24 20 1 
4 73 
77 
1 16 51 9 
5 45 15 9 2 1 
3 60 14 
76 1 
1 69 7 
1 75 1 
69 8 
1 55 14 3 4 
1 13 9 22 10 18 3 1 
1 53 18 5 
1 51 11 9 5 
1 43 20 3 4 2 3 1 
1 23 29 16 4 1 2 1 
1 55 18 1 1 1 
11 53 10 3 
1 11 41 8 16 
1 9 49 11 2 2 3 
1 10 4 58 1 2 1 
1 15 41 11 6 1 2 
24 36 7 8 1 1 
25 47 1 3 1 
47 26 1 3 
57 13 6 1 
1 5 57 11 3 
1 71 1 4 
6 46 10 9 6 
4 16 11 17 8 20 1 
3 64 7 2 1 
14 6 28 19 5 1 3 1 
1 35 41 
56 2 18 1 
72 5 
1 8 4 9 55 
25 50 2 
1 72 4 
52 14 4 3 2 1 1 
8 39 11 1 13 4 1 
2 56 19 
74 3 
1 3 13 58 2 
5 41 14 5 10 1 1 
51 13 4 6 1 2 
1 1 12 6 39 16 2 
3 33 12 12 3 3 3 3 1 1 1 1 1 
28 47 1 1 
3 31 18 23 2 
10 21 16 24 4 2 
4 46 27 
3 60 14 
1 15 60 1 
1 33 35 7 1 
1 73 3 
4 68 5 
3 55 6 13 
3 18 6 12 9 6 6 16 1 
3 15 4 38 4 5 7 1 
75 2 
1 34 2 20 1 10 7 2 
11 41 1 5 2 4 9 2 1 1 
1 64 9 1 1 1 
1 39 37 
1 43 33 
1 54 22 
1 36 16 2 3 17 2 
1 68 6 2 
1 8 11 47 4 3 3 
1 66 6 3 1 
2 68 6 1 
1 15 23 22 13 2 1 
23 23 1 8 10 3 8 1 
5 50 7 14 1 
3 73 1 
1 51 22 3 
1 70 1 3 2 
6 20 42 7 1 1 
22 29 4 13 2 5 1 1 
4 68 4 1 
1 35 5 16 3 2 9 2 1 2 1 
57 16 3 1 
7 27 35 4 2 1 1 
3 63 1 7 1 1 1 
28 22 4 22 1 
55 10 4 3 1 2 1 1 
26 28 2 15 1 4 1 
2 13 30 11 18 3 
4 71 2 
6 18 21 15 1 15 1 
10 59 6 2 
71 4 1 1 
6 24 1 35 10 1 
2 24 8 19 24 
2 24 6 29 11 2 2 1 
2 18 32 2 5 15 3 
53 24 
3 74 
1 32 22 13 9 
1 22 42 3 2 7 
8 68 1 
10 41 26 
1 27 32 17 
2 4 29 3 36 3 
2 17 32 6 9 4 3 3 1 
1 51 4 19 1 1 
72 4 1 
2 26 17 4 19 5 4 
1 52 24 
2 60 13 1 1 
1 60 16 
1 5 5 3 4 12 40 5 1 1 
26 30 1 13 1 4 2 
22 2 41 1 5 3 2 1 
1 76 
1 54 1 19 1 1 
1 29 15 12 9 6 2 1 1 1 
53 13 6 4 1 
1 33 25 9 5 1 3 
2 44 5 5 14 1 1 2 1 2 
2 49 21 3 1 1 
1 6 21 27 7 3 10 2 
1 49 2 7 2 8 2 1 1 3 1 
10 65 2 
2 35 31 1 4 4 
1 66 10 
3 45 13 1 3 9 2 1 
1 65 8 3 
2 39 25 11 
1 51 13 10 2 
1 57 15 1 2 1 
58 18 1 
3 24 50 
29 18 3 24 2 1 
2 66 6 1 2 
3 17 16 30 4 6 1 
50 22 5 
77 
2 14 61 
6 43 10 10 8 
3 49 21 2 2 
4 72 1 
3 49 25 
3 34 4 28 8 
3 22 10 6 25 2 7 2 
3 54 13 5 1 1 
1 24 24 5 6 16 1 
2 32 9 17 2 7 8 
7 47 15 1 6 1 
1 10 47 2 2 9 5 1 
3 61 12 1 
1 45 8 12 10 1 
8 30 22 15 2 
2 75 
67 5 5 
2 67 5 3 
27 11 16 10 4 7 2 
1 51 19 6 
2 66 1 8 
2 56 14 1 1 2 1 
1 24 41 3 5 3 
1 22 47 7 
9 16 50 1 1 
2 50 12 13 
2 67 7 1 
1 55 15 3 3 
50 5 3 12 4 3 
22 1 34 16 2 1 1 
2 13 49 8 5 
22 15 25 7 6 1 1 
3 10 11 22 22 1 6 2 
50 23 2 1 1 
37 4 15 20 1 
3 62 4 3 4 1 
1 59 4 4 4 2 3 
2 17 15 20 20 1 2 
1 75 1 
73 2 2 
1 34 5 16 18 3 
1 67 9 
1 2 51 7 16 
4 3 38 18 14 
1 13 39 9 7 5 1 1 1 
4 21 27 17 1 7 
1 67 9 
1 56 18 2 
3 26 46 1 1 
1 16 60 
1 8 43 10 15 
2 13 53 9 
5 14 46 7 5 
2 74 1 
3 16 20 34 4 
6 35 36 
7 25 13 17 9 5 1 
6 60 1 6 3 1 
1 6 56 13 1 
67 5 1 3 1 
6 7 59 2 3 
1 75 1 
28 36 11 2 
1 73 2 1 
50 16 7 2 2 
11 61 3 1 1 
3 42 18 3 2 6 2 1 
1 24 36 12 4 
9 23 45 
1 67 1 5 1 1 1 
2 38 23 2 7 3 1 1 
30 31 11 1 4 
18 38 2 7 5 7 
23 23 11 7 2 7 2 2 
2 33 37 5 
4 72 1 
2 44 25 3 2 1 
5 29 19 3 15 4 2 
6 61 8 2 
3 61 8 2 2 1 
1 70 1 4 1 
69 1 7 
2 15 26 28 3 1 2 
1 5 34 12 6 7 6 1 2 2 1 
4 10 46 16 1 
9 21 34 8 5 
5 49 20 1 2 
46 12 7 5 6 1 
19 25 11 19 3 
26 44 7 
19 13 6 5 4 22 8 
75 1 1 
8 6 40 18 5 
1 55 13 2 5 1 
1 10 9 48 2 4 1 2 
1 15 56 4 1 
1 33 19 3 2 2 8 1 6 2 
1 48 8 19 1 
1 19 8 30 7 5 1 6 
7 44 25 1 
5 63 1 6 2 
31 35 11 
72 3 1 1 
1 60 13 2 1 
14 44 9 1 5 3 1 
6 71 
6 20 39 6 6 
8 17 38 11 1 1 1 
7 24 27 16 3 
6 14 39 7 4 4 2 1 
3 65 2 5 1 1 
1 63 10 2 1 
1 48 1 21 2 2 1 1 
1 71 1 2 2 
18 52 6 1 
1 46 1 7 12 5 3 2 
2 16 21 22 7 4 3 1 1 
16 29 32 
1 48 22 4 2 
2 36 23 16 
2 39 10 13 11 1 1 
56 3 13 1 2 1 1 
2 60 1 13 1 
3 15 22 20 6 8 3 
60 3 1 3 2 2 5 1 
1 75 1 
1 29 2 34 3 2 1 2 3 
25 5 18 3 10 14 2 
11 29 9 2 23 3 
2 46 29 
1 23 7 40 4 1 1 
4 67 6 
77 
1 36 38 2 
1 16 4 37 6 5 3 1 4 
8 49 17 3 
1 44 5 1 12 1 11 2 
48 28 1 
7 54 12 4 
4 41 31 1 
1 50 8 12 5 1 
1 36 33 3 3 1 
2 44 10 14 5 2 
12 37 1 6 19 1 1 
1 54 9 4 9 
2 38 9 21 4 1 1 1 
2 38 20 6 1 5 2 1 1 1 
6 57 8 5 1 
9 3 18 30 17 
4 60 1 6 5 1 
1 33 40 3 
9 45 5 6 1 11 
1 46 18 6 5 1 
2 8 60 2 1 3 1 
1 32 20 8 12 3 1 
2 28 46 1 
4 73 
14 10 49 4 
1 14 34 27 1 
8 16 52 1 
64 12 1 
2 73 1 1 
1 30 45 1 
1 69 6 1 
1 8 51 3 13 1 
1 7 60 5 2 2 
2 29 32 2 8 4 
1 73 3 
16 2 22 31 1 5 
1 8 56 11 1 
1 13 61 2 
5 67 3 2 
1 32 21 1 10 12 
7 68 2 
2 46 16 2 3 6 1 1 
25 14 18 10 7 2 1 
1 59 12 4 1 
1 74 2 
1 22 21 19 13 1 
4 72 1 
4 38 24 10 1 
1 48 27 1 
3 34 16 9 3 12 
4 31 34 3 5 
7 17 34 9 6 3 1 
2 8 57 5 1 3 1 
21 31 16 3 3 1 1 1 
1 22 46 7 1 
1 32 44 
1 56 17 3 
1 27 11 35 1 2 
1 47 16 9 4 
1 50 25 1 
77 
1 9 15 35 8 8 1 
46 12 17 2 
2 51 10 7 1 5 1 
1 18 20 12 16 3 1 1 4 1 
9 29 27 5 7 
19 56 2 
4 9 23 22 5 9 5 
25 48 1 3 
4 30 3 28 8 3 1 
21 12 24 7 4 6 1 2 
2 62 8 5 
1 3 40 33 
1 40 30 1 5 
2 18 52 2 2 1 
4 25 43 3 1 1 
3 1 26 25 22 
1 23 51 1 1 
1 25 39 10 2 
1 2 18 40 5 4 3 2 2 
11 35 25 6 
4 44 14 11 2 2 
4 73 
12 54 7 4 
19 9 28 8 5 4 1 1 2 
9 42 8 11 7 
5 17 11 32 2 3 1 2 4 
1 47 19 2 3 5 
1 12 21 4 22 14 2 1 
1 76 
23 25 11 18 
58 19 
1 37 34 2 2 1 
4 42 26 1 1 2 1 
25 40 5 5 2 
2 65 9 1 
28 32 1 3 2 2 3 5 1 
8 6 5 35 18 3 2 
2 1 26 21 3 8 12 1 3 
1 39 23 13 1 
2 12 48 8 3 3 1 
2 18 29 26 2 
1 53 23 
6 46 14 2 9 
1 74 2 
4 34 34 5 
23 19 32 2 1 
27 4 20 5 1 9 10 1 
3 39 15 3 12 3 1 1 
5 20 43 3 5 1 
8 22 16 18 10 1 2 
19 2 34 9 11 1 1 
2 51 8 9 5 2 
2 73 2 
1 31 45 
2 8 44 3 9 3 4 3 1 
27 39 5 5 1 
1 2 72 1 1 
2 22 3 21 16 3 9 1 
1 34 1 34 4 2 1 
16 9 13 28 5 4 1 1 
5 29 33 8 1 1 
56 9 7 5 
2 45 30 
4 46 24 1 2 
8 32 24 4 9 
2 25 23 11 10 5 1 
12 31 18 11 2 2 1 
8 52 17 
1 9 26 37 4 
6 22 48 1 
17 25 1 16 5 10 3 
9 43 11 10 2 1 1 
2 25 3 17 2 7 3 12 6 
1 29 14 6 1 19 1 4 2 
1 27 21 4 8 1 4 5 5 1 
1 50 19 2 2 2 1 
1 65 5 6 
1 43 33 
1 43 14 9 10 
1 17 27 15 5 2 6 1 3 
6 55 12 3 1 
1 32 13 24 7 
1 26 12 8 9 8 10 1 1 1 
2 4 43 18 9 1 
3 58 16 
2 56 4 4 1 4 5 1 
1 2 45 23 2 4 
1 69 4 3 
77 
1 16 23 21 14 1 1 
22 7 7 23 8 10 
3 11 19 3 26 14 1 
24 47 2 2 2 
7 6 31 21 8 1 1 2 
8 53 1 15 
1 32 42 1 1 
2 54 2 17 2 
2 38 17 20 
6 25 8 3 13 5 9 2 4 1 1 
1 17 59 
7 8 51 8 1 1 1 
1 45 31 
2 22 7 19 11 3 4 2 3 2 1 1 
1 28 6 42 
15 28 16 4 7 6 1 
1 25 41 8 2 
1 10 31 14 5 9 6 1 
1 30 28 13 5 
3 5 19 31 16 3 
1 55 16 4 1 
1 61 11 4 
1 10 27 28 9 2 
1 51 24 1 
2 62 1 8 4 
17 59 1 
2 75 
1 29 22 13 5 1 6 
1 28 43 4 1 
77 
1 75 1 
1 47 2 27 
20 15 38 4 
3 57 17 
13 41 18 3 2 
6 55 2 14 
1 29 15 28 1 3 
1 34 6 4 25 6 1 
9 60 4 3 1 
1 40 32 2 1 1 
1 42 6 7 6 12 2 1 
77 
1 11 36 20 1 5 1 2 
3 71 3 
12 40 1 23 1 
9 23 43 1 1 
38 15 5 5 9 3 2 
34 16 21 2 4 
1 49 13 7 7 
2 43 31 1 
1 9 40 20 7 
3 66 5 3 
1 22 12 12 6 21 2 1 
49 4 9 1 7 4 3 
1 72 4 
1 55 14 2 5 
7 35 11 13 11 
2 23 35 5 5 1 3 3 
1 10 32 9 4 14 6 1 
1 25 16 35 
2 70 1 4 
30 43 4 
1 73 1 1 1 
6 59 11 1 
1 60 1 1 8 2 2 1 1 
2 37 21 14 2 1 
11 13 16 31 1 2 2 1 
4 9 36 16 4 4 3 1 
3 68 2 3 1 
2 21 31 5 11 7 
2 74 1 
59 13 4 1 
6 49 22 
2 57 16 1 1 
19 50 1 6 1 
13 47 4 8 4 1 
1 70 1 3 1 1 
1 26 1 49 
9 53 4 11 
1 33 9 14 10 5 2 2 1 
1 65 9 2 
3 43 1 3 24 3 
1 7 42 6 6 7 6 2 
2 52 14 5 3 1 
10 54 12 1 
42 33 2 
42 21 1 13 
14 1 42 19 1 
1 21 52 1 2 
1 18 18 7 18 13 1 1 
4 19 51 2 1 
1 47 29 
1 71 2 2 1 
5 53 16 2 1 
51 25 1 
18 13 27 15 1 2 1 
67 1 2 4 3 
2 72 3 
13 56 6 2 
2 58 14 2 1 
55 22 
20 54 2 1 
1 64 3 2 2 1 2 2 
2 57 10 7 1 
1 11 6 10 41 1 1 6 
2 9 1 42 5 9 2 1 2 2 2 
3 25 36 4 3 6 
29 35 3 9 1 
1 70 6 
2 15 33 17 3 6 1 
3 4 7 7 37 16 3 
1 53 19 1 3 
1 43 29 4 
2 68 2 1 1 3 
1 65 11 
1 11 23 33 4 4 1 
2 50 17 8 
1 27 10 36 3 
1 59 17 
9 46 13 2 4 3 
6 56 5 6 3 1 
3 29 29 14 1 1 
36 11 30 
1 18 14 11 15 4 14 
1 2 38 21 9 5 1 
4 17 43 2 11 
4 4 35 14 10 1 4 3 2 
2 48 17 4 4 1 1 
19 52 1 1 1 2 1 
14 55 2 6 
77 
2 29 8 34 4 
1 50 4 5 11 3 2 1 
2 60 15 
2 57 18 
2 33 21 9 11 1 
3 4 44 8 4 10 2 1 1 
1 49 18 9 
1 17 43 8 8 
1 57 4 7 2 3 3 
1 70 6 
5 30 33 6 2 1 
5 41 26 5 
2 35 6 29 2 1 2 
19 57 1 
55 1 19 2 
77 
23 51 1 1 1 
2 65 8 2 
1 48 2 23 1 2 
1 28 30 8 1 9 
1 10 47 18 1 
4 47 26 
1 46 30 
15 18 35 2 6 1 
2 31 29 15 
1 22 25 1 4 4 2 14 1 2 1 
11 61 5 
1 75 1 
26 5 41 5 
3 48 9 8 8 1 
1 58 16 2 
1 20 5 33 18 
19 57 1 
5 36 1 11 3 5 4 9 2 1 
2 5 56 3 11 
7 53 16 1 
13 54 10 
7 59 8 2 1 
1 8 4 12 10 37 5 
4 21 23 22 4 2 1 
1 7 50 4 8 1 3 1 1 1 
14 9 24 8 21 1 
1 28 36 6 4 1 1 
76 1 
1 56 20 
15 59 1 2 
31 7 4 17 2 9 3 4 
4 43 24 3 2 1 
11 5 7 19 13 11 10 1 
17 51 9 
5 72 
2 45 30 
4 51 10 1 8 1 1 1 
27 24 4 3 15 3 1 
3 63 6 5 
2 71 4 
1 48 15 7 4 1 1 
2 47 20 1 4 3 
1 5 15 43 8 1 3 1 
2 35 40 
8 54 14 1 
53 12 6 1 2 1 2 
18 48 7 2 2 
18 12 30 1 16 
4 68 5 
2 73 1 1 
3 50 21 2 1 
8 45 24 
2 55 20 
35 15 7 5 5 1 1 2 1 2 3 
3 30 36 1 3 1 2 1 
1 47 19 2 5 2 1 
5 63 8 1 
19 28 30 
2 20 24 18 10 3 
1 2 40 18 3 10 1 1 1 
1 9 37 17 13 
76 1 
30 21 4 12 7 3 
1 44 21 10 1 
1 26 26 1 9 13 1 
1 71 5 
1 73 1 2 
3 10 1 9 42 3 4 2 1 2 
7 68 2 
1 35 6 15 15 5 
1 58 1 10 7 
1 5 55 9 1 2 1 2 1 
47 24 6 
71 3 1 1 1 
1 57 11 2 5 1 
1 45 28 1 1 1 
1 47 2 27 
1 71 5 
1 3 28 11 14 11 3 1 2 3 
1 39 31 1 3 2 
1 8 45 21 2 
19 43 10 2 2 1 
2 2 66 4 1 1 1 
1 64 12 
21 6 24 20 3 2 1 
2 39 36 
3 64 6 1 1 2 
2 27 43 3 1 1 
2 49 22 4 
1 48 11 8 3 3 2 1 
18 47 2 7 2 1 
1 2 26 15 21 10 2 
1 68 5 3 
1 72 4 
2 74 1 
1 27 11 31 2 3 2 
1 13 19 39 3 1 1 
7 69 1 
5 39 33 
1 31 39 4 2 
48 3 17 1 6 2 
31 42 4 
1 3 23 11 16 20 3 
8 52 8 9 
1 15 35 5 20 1 
1 71 5 
3 31 33 4 1 2 1 1 1 
6 33 13 22 1 2 
3 63 4 3 4 
22 43 9 3 
6 39 8 6 1 9 6 2 
1 42 34 
21 48 2 1 1 3 1 
43 18 13 3 
1 2 22 51 1 
9 22 34 3 1 2 1 3 2 
2 33 42 
3 10 4 5 1 54 
1 72 3 1 
19 37 21 
77 
1 48 3 25 
13 11 39 12 1 1 
1 51 22 3 
2 50 1 23 1 
15 3 19 10 11 7 5 6 1 
2 68 2 5 
23 11 34 5 2 1 1 
4 59 7 6 1 
9 24 11 20 13 
8 13 34 13 1 5 1 1 1 
1 18 51 3 2 2 
77 
13 42 7 8 6 1 
1 37 4 1 13 4 3 2 4 7 1 
1 11 32 7 18 2 3 1 1 1 
1 76 
1 51 11 13 1 
2 44 27 2 2 
60 8 3 5 1 
65 8 4 
1 38 20 4 2 6 1 4 1 
1 45 22 7 1 1 
44 26 1 1 4 1 
74 3 
1 57 19 
1 73 1 1 1 
2 73 1 1 
1 52 21 1 2 
3 51 15 2 4 2 
1 60 7 4 5 
1 35 1 2 10 18 4 1 5 
1 51 9 4 9 2 1 
2 52 22 1 
1 68 8 
21 42 11 3 
2 15 49 4 2 5 
7 65 2 2 1 
1 39 35 1 1 
5 6 14 49 3 
1 13 32 30 1 
2 61 14 
2 50 11 10 4 
1 39 35 1 1 
26 50 1 
3 72 1 1 
13 42 3 12 5 1 1 
3 42 18 10 4 
1 36 25 2 7 2 1 2 1 
1 11 7 38 7 2 5 4 1 1 
2 14 18 17 18 6 2 
2 74 1 
77 
77 
3 42 1 26 1 4 
2 54 19 2 
1 14 28 24 6 4 
1 7 47 11 5 3 1 1 1 
8 57 3 1 6 2 
3 7 13 38 9 5 1 1 
36 33 8 
1 53 19 3 1 
2 60 14 1 
1 10 17 14 21 8 5 1 
29 20 2 10 11 1 2 2 
4 28 37 1 2 1 2 2 
2 43 19 10 2 1 
45 23 5 2 1 1 
12 61 1 1 2 
1 4 31 22 17 2 
16 14 24 10 3 8 2 
69 4 4 
1 62 11 1 1 1 
3 13 7 54 
3 10 8 41 2 6 6 1 
1 10 12 18 18 1 3 6 8 
1 11 19 7 9 10 16 3 1 
1 22 32 20 2 
10 40 26 1 
2 53 5 11 2 2 2 
3 64 10 
1 41 32 1 1 1 
1 40 26 10 
2 28 24 5 5 1 3 3 2 1 1 1 1 
53 14 10 
75 1 1 
3 36 14 16 4 2 1 1 
53 21 3 
47 13 12 2 3 
1 33 26 7 10 
3 70 1 3 
2 65 10 
1 39 30 5 2 
1 22 14 10 5 15 10 
1 72 4 
22 53 2 
3 73 1 
17 20 33 5 1 1 
1 52 5 18 1 
1 25 41 2 2 3 1 2 
1 17 23 36 
1 74 1 1 
7 47 2 7 1 8 2 1 1 1 
7 12 22 8 2 8 1 5 7 2 1 1 1 
15 56 3 3 
5 19 43 4 4 2 
1 15 37 6 4 1 3 7 3 
10 61 1 5 
28 2 8 32 4 2 1 
4 28 27 16 2 
2 22 35 18 
1 60 3 9 1 3 
10 52 2 8 3 2 
2 14 2 45 14 
5 66 6 
1 64 1 8 3 
33 5 6 20 1 2 3 1 3 1 1 1 
5 52 17 2 1 
9 10 12 14 17 15 
1 30 12 9 3 11 6 5 
9 68 
39 7 11 16 1 2 1 
2 17 57 1 
72 4 1 
1 64 3 6 2 1 
25 42 9 1 
3 60 11 2 1 
1 69 5 1 1 
4 60 3 10 
3 14 41 11 8 
1 34 19 11 3 7 2 
1 74 2 
7 25 2 22 15 4 2 
1 61 15 
14 7 45 4 1 6 
1 6 36 9 15 5 3 2 
34 4 39 
2 62 12 1 
1 52 24 
38 31 2 6 
77 
3 35 8 19 7 1 4 
2 44 31 
77 
10 37 27 3 
31 39 7 
1 73 1 2 
77 
1 66 5 4 1 
2 13 60 1 1 
9 56 12 
2 4 48 10 6 5 1 1 
9 18 28 19 3 
1 4 19 46 1 1 4 1 
4 38 30 5 
3 41 15 12 3 2 1 
5 22 45 5 
71 1 3 1 1 
1 3 29 27 11 5 1 
72 3 1 1 
5 24 35 4 4 5 
1 56 3 8 3 4 2 
62 15 
1 45 14 7 9 1 
1 41 15 5 15 
4 64 2 1 2 3 1 
3 6 44 13 10 1 
4 34 5 29 1 2 1 1 
12 7 15 13 12 5 8 4 1 
2 75 
1 63 2 8 1 1 1 
1 38 4 1 14 5 4 4 1 1 1 1 2 
8 42 12 11 4 
1 4 12 22 10 7 10 5 5 1 
2 57 11 4 1 2 
1 60 3 7 5 1 
1 34 6 18 2 13 1 1 1 
2 14 5 17 7 5 14 13 
1 24 40 11 1 
3 42 31 1 
1 20 53 1 2 
1 9 21 35 4 7 
8 12 54 2 1 
5 36 6 18 12 
1 22 45 6 3 
16 42 14 2 3 
2 51 20 1 2 1 
48 18 1 9 1 
7 23 44 1 2 
1 2 6 33 5 26 4 
3 32 6 22 3 8 1 1 1 
1 31 45 
1 35 38 1 1 1 
43 18 7 4 5 
15 61 1 
1 63 9 3 1 
1 19 4 46 3 3 1 
4 6 29 26 1 8 3 
2 40 5 21 9 
5 11 30 27 1 3 
2 75 
1 3 14 5 14 23 11 5 1 
28 45 1 3 
8 22 27 16 2 1 1 
12 16 9 29 3 5 3 
1 8 30 9 10 8 3 5 2 1 
2 26 34 12 3 
7 2 13 18 25 10 1 1 
2 51 7 16 1 
32 44 1 
1 75 1 
2 24 16 1 34 
1 68 8 
5 2 30 29 2 9 
2 40 8 26 1 
2 66 9 
2 51 1 21 2 
4 55 10 3 5 
1 8 1 62 3 2 
3 62 2 5 3 2 
16 5 10 27 6 7 5 1 
3 70 2 2 
15 14 25 2 19 1 1 
76 1 
7 14 9 43 1 2 1 
30 19 14 12 1 1 
2 15 60 
1 30 30 9 7 
77 
1 66 8 1 1 
6 12 30 22 4 2 1 
52 2 17 4 1 1 
11 63 3 
3 24 23 10 7 10 
1 54 2 18 2 
1 15 47 3 10 1 
1 29 47 
8 30 7 2 24 4 2 
1 13 35 6 1 11 6 4 
2 44 7 9 15 
1 70 1 2 1 2 
1 25 41 3 5 2 
2 35 3 31 6 
1 20 24 8 13 2 8 1 
33 22 3 17 2 
2 7 25 30 3 10 
2 74 1 
1 47 29 
11 9 23 24 5 5 
8 19 49 1 
4 65 2 6 
8 4 9 8 45 2 1 
1 70 6 
50 16 5 3 2 1 
1 76 
3 50 7 17 
1 10 44 7 6 8 1 
4 60 13 
4 60 10 3 
19 36 3 13 1 4 1 
3 6 42 9 10 5 1 1 
77 
23 54 
53 23 1 
1 53 3 1 17 2 
1 29 16 4 24 1 1 1 
37 19 2 13 2 4 
1 75 1 
68 4 4 1 
1 4 40 6 16 1 1 2 6 
1 34 11 3 21 2 5 
1 16 15 3 22 10 1 9 
1 17 37 4 7 6 4 1 
1 75 1 
2 12 62 1 
44 9 18 1 1 1 2 1 
1 63 12 1 
3 21 24 16 8 3 2 
1 2 53 9 12 
8 7 62 
24 22 14 6 1 5 2 1 2 
5 23 43 4 1 1 
1 7 14 15 8 18 2 4 1 6 1 
4 44 15 11 1 2 
4 53 11 1 6 1 1 
1 29 5 29 13 
13 53 11 
1 64 7 5 
4 45 10 1 5 9 2 1 
3 58 8 5 2 1 
73 4 
26 1 34 12 3 1 
30 18 28 1 
9 20 9 7 29 1 1 1 
9 62 6 
2 67 4 4 
1 49 23 4 
1 20 6 25 11 13 1 
2 22 50 1 1 1 
8 25 43 1 
7 46 8 4 1 5 5 1 
1 58 18 
4 8 62 2 1 
11 65 1 
3 70 4 
1 18 37 11 10 
4 63 1 1 2 2 2 1 1 
6 42 3 18 1 4 3 
26 23 1 4 21 1 1 
2 60 8 3 1 2 1 
2 55 10 2 8 
4 68 4 1 
4 71 1 1 
2 23 39 7 6 
1 37 6 19 9 4 1 
2 23 29 20 3 
1 46 8 19 2 1 
1 60 16 
1 75 1 
7 21 13 35 1 
1 44 24 6 2 
2 55 7 4 5 3 1 
4 55 6 4 1 2 2 1 2 
7 39 16 13 1 1 
1 55 18 3 
22 12 13 18 9 2 1 
5 16 27 16 3 7 1 1 1 
1 62 13 1 
1 23 2 9 35 7 
15 27 33 2 
5 24 11 16 17 3 1 
2 4 66 1 2 1 1 
3 27 6 10 29 2 
7 60 9 1 
4 34 19 12 4 3 1 
28 31 15 3 
8 1 23 17 16 9 2 1 
2 26 49 
27 29 1 6 12 1 1 
1 76 
4 32 31 2 8 
1 30 1 15 2 21 1 3 3 
1 63 5 2 4 2 
3 14 1 37 20 2 
2 67 5 2 1 
1 49 27 
70 7 
2 74 1 
1 22 25 9 9 7 1 3 
1 76 
2 13 5 9 38 6 1 1 2 
1 9 14 9 39 3 1 1 
77 
5 2 50 1 9 9 1 
1 58 1 3 14 
2 75 
22 54 1 
3 67 1 1 5 
1 16 49 9 2 
1 62 14 
1 31 3 17 18 4 3 
17 27 1 18 4 9 1 
1 49 26 1 
1 27 45 4 
4 20 3 32 1 8 2 1 6 
4 33 26 8 6 
1 55 2 1 9 5 3 1 
2 9 40 25 1 
1 63 2 2 3 2 1 1 1 1 
22 34 21 
8 55 13 1 
1 47 10 11 1 6 1 
1 68 8 
76 1 
3 45 9 10 4 3 3 
25 26 4 18 2 2 
1 40 35 1 
2 17 9 15 32 2 
13 45 9 1 9 
1 50 7 14 4 1 
7 25 3 34 5 2 1 
12 54 4 3 4 
4 37 18 15 3 
11 53 13 
1 30 46 
1 1 47 17 1 5 3 1 1 
14 23 20 2 7 7 3 1 
1 51 17 5 3 
5 4 68 
23 13 36 1 4 
2 60 13 2 
1 68 8 
3 45 25 2 2 
63 2 9 2 1 
62 4 1 8 2 
10 64 2 1 
3 33 41 
13 44 6 5 7 1 1 
1 59 2 3 4 3 2 2 1 
11 23 19 23 1 
4 42 27 4 
1 18 40 2 14 2 
2 23 36 1 6 7 2 
3 36 38 
7 53 5 1 10 1 
4 51 4 3 3 6 2 1 2 1 
2 24 5 16 1 15 14 
11 61 5 
5 20 35 13 4 
2 2 67 4 2 
20 21 11 18 7 
2 21 5 4 34 5 4 1 1 
3 5 37 18 1 2 2 2 5 2 
1 15 28 6 27 
20 1 41 3 8 3 1 
3 29 28 2 15 
11 35 21 5 1 3 1 
1 34 42 
5 67 5 
1 3 48 24 1 
2 58 16 1 
3 45 3 16 5 1 3 1 
1 10 52 11 3 
12 55 4 1 1 2 1 1 
3 30 25 18 1 
1 15 50 9 1 1 
13 53 5 5 1 
23 9 6 21 6 3 5 4 
1 40 29 4 3 
2 42 4 14 1 14 
1 19 24 31 2 
73 3 1 
35 32 9 1 
1 68 5 1 1 1 
23 43 1 7 2 1 
6 41 28 1 1 
4 18 5 18 13 11 3 3 2 
1 25 7 3 1 13 17 10 
2 70 4 1 
28 14 28 4 1 1 1 
1 28 10 29 8 1 
1 68 8 
13 42 9 10 3 
2 56 19 
2 36 25 1 6 4 2 1 
1 76 
27 32 1 4 12 1 
3 39 24 8 2 1 
2 51 4 18 1 1 
1 72 1 1 2 
35 2 4 13 6 12 3 1 1 
2 1 6 41 13 1 4 7 1 1 
6 39 30 1 1 
2 63 7 4 1 
8 54 13 1 1 
1 65 11 
1 10 22 8 23 3 3 5 2 
56 4 4 7 5 1 
1 10 46 7 3 3 5 2 
7 38 3 21 8 
2 51 23 1 
7 56 14 
1 76 
59 17 1 
5 59 8 3 2 
1 55 16 1 3 1 
5 13 48 3 2 4 1 1 
46 1 28 2 
1 41 9 12 10 3 1 
3 71 3 
1 48 27 1 
1 43 30 2 1 
17 37 20 3 
13 62 1 1 
2 74 1 
3 33 11 14 7 5 3 1 
1 35 34 6 1 
4 2 46 13 8 3 1 
2 46 27 2 
1 28 37 7 2 1 1 
1 32 43 1 
2 17 39 14 3 1 1 
1 15 27 19 14 1 
2 44 11 19 1 
4 6 65 1 1 
2 35 22 8 8 1 1 
1 10 2 14 5 8 5 4 15 3 2 3 5 
34 12 18 7 5 1 
4 40 11 10 3 7 1 1 
13 13 33 13 1 2 2 
1 62 1 2 3 4 3 1 
10 10 29 19 5 2 1 1 
1 10 47 17 2 
5 57 4 1 2 4 3 1 
65 4 4 3 1 
1 20 1 16 35 4 
4 1 25 36 8 3 
27 9 18 19 4 
2 34 20 14 7 
1 5 44 24 1 1 1 
7 23 23 3 3 8 8 2 
12 21 9 19 1 10 5 
1 57 15 1 3 
3 71 1 2 
1 4 50 4 16 1 1 
16 37 6 1 6 9 1 1 
1 44 9 8 2 11 2 
1 24 44 5 2 1 
2 3 56 1 3 1 9 2 
1 55 5 3 4 2 6 1 
1 63 9 1 2 1 
3 10 10 19 15 14 4 2 
2 18 51 4 2 
1 59 17 
1 34 36 6 
2 62 13 
2 54 3 13 2 1 1 1 
5 49 5 12 5 1 
14 24 38 1 
1 65 5 4 2 
44 31 2 
10 11 42 14 
3 16 20 18 4 1 12 1 2 
2 52 2 8 1 4 3 1 4 
1 2 15 26 15 9 6 1 1 1 
1 13 27 22 14 
6 36 20 8 3 4 
1 72 3 1 
32 8 37 
2 22 21 9 21 1 1 
4 18 10 24 10 1 5 4 1 
31 32 12 2 
2 73 2 
1 50 16 5 2 2 1 
5 20 1 7 24 5 13 1 1 
2 41 11 10 6 6 1 
3 57 5 2 2 4 2 2 
1 14 55 2 5 
4 29 25 16 3 
10 23 44 
31 26 7 3 8 2 
1 3 71 1 1 
3 2 29 40 1 2 
67 9 1 
1 42 22 7 2 2 1 
3 21 22 11 17 2 1 
1 67 9 
7 6 13 25 5 6 9 5 1 
1 27 49 
8 6 31 16 2 11 1 1 1 
12 24 41 
3 70 2 2 
1 17 13 15 11 12 7 1 
1 4 48 14 10 
1 9 3 4 18 1 39 1 1 
13 64 
1 19 18 22 6 7 1 1 1 1 
33 23 20 1 
6 32 39 
1 51 25 
1 24 9 19 9 9 5 1 
1 45 6 22 1 1 1 
4 34 7 27 1 1 1 1 1 
2 7 44 19 5 
3 33 3 33 1 3 1 
6 23 40 2 5 1 
2 38 29 6 2 
1 48 16 2 7 2 1 
1 59 3 1 5 1 4 3 
1 12 13 29 10 4 2 5 1 
39 5 31 2 
1 56 20 
6 52 10 9 
7 5 55 3 5 2 
4 28 37 4 4 
1 16 25 5 24 4 1 1 
18 49 8 2 
2 40 1 17 10 7 
1 37 1 27 8 2 1 
1 2 42 12 20 
1 12 17 19 10 4 4 6 2 2 
52 4 13 8 
25 3 49 
1 1 65 2 4 1 2 1 
1 35 26 9 4 1 1 
1 24 30 19 2 1 
7 24 14 15 12 4 1 
1 58 18 
1 8 57 7 1 3 
23 51 3 
1 63 13 
2 24 49 2 
6 55 14 1 1 
6 43 9 5 11 3 
4 22 16 17 13 3 2 
1 27 33 2 13 1 
10 15 40 5 6 1 
29 15 24 6 3 
2 6 62 5 2 
4 25 33 8 6 1 
71 4 2 
3 25 47 1 1 
20 7 42 6 2 
1 30 42 3 1 
50 19 6 2 
2 20 41 12 2 
52 18 6 1 
2 38 11 19 7 
8 62 3 4 
1 72 1 2 1 
2 35 38 2 
2 41 19 5 1 8 1 
19 12 35 3 1 4 2 1 
1 64 11 1 
1 23 48 1 3 1 
3 44 11 12 1 5 1 
1 8 15 6 29 3 3 3 2 2 5 
1 71 5 
4 14 19 13 14 2 11 
26 23 15 13 
5 27 40 5 
1 20 21 4 16 13 2 
10 26 6 21 2 12 
15 48 4 8 2 
37 35 1 4 
6 49 10 3 1 4 1 1 2 
8 5 57 2 4 1 
1 66 2 2 6 
1 46 3 24 1 1 1 
1 72 3 1 
2 67 1 6 1 
20 48 3 5 1 
1 9 55 8 1 3 
4 26 42 1 2 2 
15 32 5 17 4 3 1 
13 16 38 7 1 2 
75 2 
41 26 6 3 1 
1 5 52 5 14 
1 25 32 14 5 
1 33 42 1 
1 61 9 6 
14 26 3 30 4 
1 43 5 19 9 
1 43 13 12 6 2 
1 52 16 2 6 
69 4 4 
1 51 22 1 2 
1 29 21 11 14 1 
3 1 41 10 13 8 1 
48 22 7 
23 39 4 11 
4 66 7 
2 68 1 2 2 1 1 
12 10 39 11 3 2 
4 28 3 38 3 1 
1 62 1 1 4 3 4 1 
66 9 2 
3 72 1 1 
1 1 2 51 11 5 6 
2 39 22 6 7 1 
3 51 1 13 2 4 1 1 1 
4 35 3 33 2 
1 39 7 4 17 6 1 1 1 
6 5 27 35 1 1 1 1 
44 19 4 5 5 
1 61 15 
41 11 4 16 1 4 
2 74 1 
1 71 3 1 1 
3 40 5 26 3 
1 14 38 7 7 5 2 3 
1 53 15 3 2 2 1 
10 41 6 6 12 1 1 
1 27 2 25 4 1 8 5 4 
3 25 38 4 2 2 3 
2 4 1 47 7 15 1 
37 26 4 4 6 
45 7 5 2 7 3 4 3 1 
1 58 18 
4 57 8 2 5 1 
1 56 18 1 1 
38 27 11 1 
15 50 12 
23 4 50 
1 4 11 21 7 17 8 1 6 1 
25 29 16 3 4 
32 3 16 4 10 12 
1 17 57 2 
1 17 7 28 8 16 
1 67 9 
4 3 14 13 43 
1 38 31 3 1 2 1 
7 27 17 19 6 1 
71 5 1 
41 30 4 1 1 
1 63 5 1 6 1 
7 42 14 9 3 2 
1 38 8 23 3 1 3 
1 61 3 3 1 4 4 
7 70 
76 1 
8 48 11 7 2 1 
6 64 2 3 1 1 
1 71 1 2 1 1 
1 40 7 29 
3 60 14 
1 7 64 4 1 
5 50 17 5 
5 17 52 2 1 
1 56 10 5 1 2 2 
1 57 12 1 6 
9 50 18 
5 6 35 1 21 8 1 
13 22 2 4 19 1 7 4 5 
1 75 1 
1 76 
6 69 1 1 
1 31 44 1 
1 61 6 2 2 1 4 
1 54 14 2 4 1 1 
1 22 28 8 2 13 1 1 1 
2 43 9 19 2 1 1 
1 13 41 19 2 1 
1 56 15 5 
1 17 21 16 9 1 5 4 1 1 1 
4 69 1 2 1 
49 24 3 1 
1 55 6 12 3 
1 20 9 35 3 2 7 
2 71 4 
4 11 59 3 
1 57 7 12 
35 22 12 1 4 3 
2 44 23 7 1 
1 2 35 8 30 1 
1 50 7 2 9 5 3 
73 3 1 
4 60 5 7 1 
1 42 4 2 13 8 3 4 
1 24 27 18 6 1 
2 13 27 12 5 10 7 1 
1 20 35 16 5 
3 42 22 3 4 1 2 
25 5 20 10 1 1 9 1 5 
2 45 14 2 3 3 1 6 1 
1 75 1 
57 4 13 3 
77 
2 38 35 2 
2 58 3 9 3 2 
1 55 16 4 1 
1 18 27 11 18 2 
2 47 2 2 15 2 6 1 
53 14 6 1 3 
5 20 7 38 1 2 4 
3 20 51 3 
1 67 8 1 
6 35 23 13 
5 33 39 
6 16 36 13 3 3 
10 30 4 1 24 6 1 1 
1 24 43 9 
4 11 17 25 4 11 3 1 1 
1 22 28 3 2 15 6 
2 24 28 6 11 1 4 1 
11 20 19 15 9 3 
1 62 14 
5 65 3 1 1 1 1 
1 67 9 
1 7 36 8 12 8 4 1 
75 1 1 
1 75 1 
2 60 7 8 
26 26 8 7 1 4 4 1 
5 13 56 3 
2 10 56 4 5 
3 60 14 
5 68 3 1 
58 15 1 2 1 
7 33 7 25 5 
73 1 3 
1 16 13 25 16 2 4 
1 72 3 1 
2 3 5 27 23 14 3 
2 46 14 15 
1 4 40 32 
3 9 28 17 11 3 4 1 1 
16 39 22 
1 3 26 16 5 7 18 1 
5 52 20 
3 43 12 4 5 1 3 4 2 
3 64 8 1 1 
1 7 18 42 4 1 2 1 1 
46 8 19 2 2 
21 56 
1 34 1 22 5 7 2 1 1 1 1 1 
1 74 1 1 
1 59 17 
3 19 20 5 24 1 5 
2 17 9 8 31 4 4 2 
12 11 50 4 
1 46 5 22 3 
3 69 3 1 1 
11 58 1 4 1 2 
1 9 19 37 9 2 
19 32 22 1 1 1 1 
1 71 1 1 2 1 
66 8 1 1 1 
3 74 
9 13 22 16 12 5 
2 42 5 10 7 10 1 
2 62 3 2 2 6 
47 25 5 
2 46 13 1 2 1 5 2 2 2 1 
1 6 29 10 1 9 11 3 5 1 1 
1 45 29 2 
1 36 7 20 4 4 3 2 
2 29 13 12 18 1 1 1 
1 3 48 16 5 4 
2 70 1 1 1 2 
1 14 42 11 8 1 
76 1 
2 3 40 14 8 8 2 
16 9 24 22 5 1 
17 29 9 4 12 2 3 1 
3 7 43 8 15 1 
9 19 49 
3 31 38 3 1 1 
7 14 7 17 22 9 1 
1 19 42 8 2 3 2 
2 15 23 26 1 6 2 2 
2 2 52 17 2 1 1 
2 21 36 16 2 
8 6 40 12 2 3 6 
6 13 26 29 1 2 
2 61 3 3 4 1 2 1 
2 25 12 22 11 5 
9 10 47 2 5 2 1 1 
1 25 20 29 1 1 
1 5 70 1 
7 10 13 32 11 4 
2 19 28 6 12 1 5 1 1 1 1 
1 72 2 1 1 
22 6 7 42 
2 68 4 1 1 1 
1 8 50 2 7 7 2 
5 36 34 2 
1 39 23 6 6 2 
2 32 6 25 12 
3 62 4 3 4 1 
9 36 29 2 1 
11 66 
1 11 11 16 2 24 1 6 4 1 
7 46 6 14 1 2 1 
1 17 47 1 11 
2 15 25 14 1 10 3 4 2 1 
1 72 1 2 1 
1 40 34 2 
2 31 28 13 2 1 
1 31 22 1 16 2 1 3 
9 65 1 2 
3 62 11 1 
6 61 10 
44 28 5 
1 72 1 3 
1 42 9 6 3 2 6 2 2 1 3 
1 25 29 21 1 
1 45 8 21 1 1 
1 75 1 
10 44 2 5 15 1 
18 44 15 
2 24 15 11 13 5 5 1 1 
5 4 41 15 9 1 2 
2 39 8 28 
1 52 12 6 4 1 1 
5 31 39 1 1 
26 36 11 2 2 
51 19 6 1 
63 11 1 2 
1 23 38 13 1 1 
1 26 47 3 
2 63 10 2 
1 73 1 2 
64 4 2 5 2 
2 56 3 9 4 3 
48 20 9 
2 25 39 3 4 2 2 
2 29 35 6 1 4 
4 66 5 2 
2 49 11 5 10 
4 25 48 
1 14 14 36 4 1 5 2 
77 
26 31 1 14 3 1 1 
4 19 46 8 
1 35 35 3 1 2 
49 5 5 1 16 1 
1 16 8 13 23 16 
1 73 3 
1 31 31 4 6 2 2 
1 39 20 1 2 12 1 1 
11 24 6 31 1 2 2 
1 74 2 
1 9 1 10 53 2 1 
9 38 25 3 2 
1 35 13 19 4 4 1 
1 19 19 36 1 1 
43 30 2 2 
2 32 43 
13 62 2 
1 67 5 2 1 1 
19 18 32 7 1 
1 3 28 10 29 6 
1 17 58 1 
1 66 8 2 
6 8 9 47 7 
4 15 21 15 19 1 1 1 
13 21 42 1 
2 71 1 3 
1 8 6 24 8 7 15 8 
69 4 4 
9 38 30 
18 43 5 3 7 1 
10 31 5 29 2 
5 6 24 1 9 23 8 1 
32 24 6 2 2 4 1 1 1 3 1 
4 26 27 13 2 4 1 
1 51 24 1 
1 31 23 11 10 1 
8 50 17 1 1 
44 2 21 1 6 2 1 
2 14 1 16 28 15 1 
47 26 4 
12 54 11 
2 5 2 14 10 24 6 6 2 1 5 
3 11 23 3 33 1 3 
57 5 9 1 3 2 
1 67 8 1 
63 11 1 1 1 
1 2 39 13 9 8 4 1 
1 47 26 1 2 
1 53 17 3 2 1 
1 43 32 1 
26 34 13 3 1 
1 61 10 2 3 
2 61 6 3 2 2 1 
7 60 2 7 1 
2 12 32 22 3 2 3 1 
4 51 21 1 
1 51 20 4 1 
3 4 51 7 5 4 3 
1 7 20 14 28 7 
1 4 6 5 5 3 40 6 3 2 2 
34 7 4 3 23 4 1 1 
4 65 8 
2 67 8 
1 64 11 1 
8 43 24 1 1 
1 43 16 12 5 
72 5 
3 74 
1 66 2 7 1 
1 39 19 7 10 1 
1 36 9 2 28 1 
46 26 5 
2 8 60 7 
1 74 1 1 
1 16 29 28 3 
1 33 39 1 2 1 
32 1 41 3 
1 22 4 24 2 17 2 1 1 1 2 
3 32 3 2 1 18 14 1 2 1 
1 72 2 1 1 
13 24 39 1 
1 48 6 10 8 2 2 
25 8 26 12 4 2 
4 37 16 19 1 
1 6 53 1 11 1 2 2 
3 33 19 22 
11 6 35 9 9 3 1 3 
68 3 6 
1 76 
2 75 
12 30 24 9 2 
1 19 1 22 18 15 1 
2 61 6 6 1 1 
2 11 64 
1 59 10 7 
1 4 53 14 2 3 
1 40 21 5 7 3 
2 47 15 10 3 
2 53 22 
3 37 37 
2 36 21 6 12 
1 63 2 10 1 
17 57 3 
4 19 29 21 2 1 1 
2 60 2 10 3 
28 7 30 6 4 1 1 
2 11 44 19 1 
16 3 33 9 8 2 1 1 4 
1 37 9 15 7 1 2 2 3 
3 63 8 3 
9 25 5 17 12 5 3 1 
2 21 47 7 
4 33 40 
3 69 1 1 3 
1 34 39 1 1 1 
9 55 13 
2 75 
76 1 
1 64 4 6 1 1 
33 19 8 3 3 2 6 3 
3 28 28 1 17 
1 67 9 
14 56 7 
1 53 7 4 10 2 
2 18 10 31 10 2 3 1 
1 68 8 
4 71 1 1 
2 13 23 5 1 6 24 2 1 
75 2 
1 30 32 14 
57 9 2 1 5 2 1 
40 36 1 
1 16 13 11 23 4 9 
1 46 2 23 2 3 
6 12 30 12 7 2 4 1 1 2 
1 69 3 4 
1 1 53 1 11 7 2 1 
1 23 19 3 9 4 8 9 1 
12 3 2 41 7 12 
58 9 4 5 1 
1 72 3 1 
1 55 21 
1 32 15 22 7 
1 40 8 6 8 6 6 2 
10 39 9 9 10 
19 50 5 3 
1 32 31 13 
1 33 33 6 4 
9 39 8 21 
1 47 4 11 1 7 3 3 
4 73 
3 50 10 7 7 
18 31 23 3 1 1 
1 29 16 14 16 1 
4 21 18 7 17 2 5 2 1 
2 1 23 23 13 3 3 7 1 1 
1 58 3 10 2 1 2 
1 42 26 2 5 1 
1 75 1 
8 38 31 
1 47 6 7 10 4 1 1 
8 44 11 14 
1 55 6 13 2 
1 19 50 6 1 
8 62 6 1 
2 59 15 1 
1 69 7 
70 5 1 1 
20 30 17 4 6 
49 27 1 
