2 37 23 2 14 
1 36 11 24 6 
14 11 26 6 10 4 1 3 3 
16 52 10 
11 52 8 6 1 
1 34 30 4 2 1 3 1 2 
45 9 20 3 1 
7 26 15 26 2 2 
1 18 24 3 8 14 9 1 
4 36 4 13 21 
78 
5 5 14 24 7 4 3 13 2 1 
1 25 28 9 3 3 7 2 
6 13 3 17 18 10 10 1 
22 48 7 1 
39 34 1 4 
1 74 3 
28 4 26 20 
6 40 3 23 3 3 
5 68 1 1 2 1 
1 21 41 15 
3 17 34 13 11 
6 43 28 1 
1 47 29 1 
2 64 12 
3 3 6 36 10 9 1 6 1 3 
6 28 23 6 15 
10 63 2 1 2 
1 11 5 17 16 26 1 1 
1 53 24 
6 44 1 1 20 2 3 1 
2 29 23 14 9 1 
2 75 1 
52 4 17 3 2 
33 31 12 2 
26 21 11 5 5 6 2 1 1 
2 75 1 
1 48 6 11 10 1 1 
1 49 13 5 7 2 1 
15 11 9 10 17 2 3 6 1 3 1 
6 42 27 3 
2 56 5 14 1 
5 64 7 2 
12 1 6 42 8 5 3 1 
6 54 10 8 
1 53 23 1 
3 38 12 23 2 
2 58 8 5 1 1 1 2 
1 3 2 10 48 7 3 4 
1 46 24 3 2 1 1 
3 59 9 6 1 
1 8 56 2 2 4 2 1 1 1 
2 14 33 19 1 2 1 5 1 
12 66 
1 23 2 52 
1 4 44 11 1 17 
1 23 54 
5 53 15 4 1 
48 24 6 
2 1 75 
1 44 7 3 21 1 1 
74 4 
1 43 8 5 3 16 2 
7 11 35 12 10 2 1 
6 49 7 9 6 1 
1 43 7 24 3 
2 16 25 21 10 2 2 
5 54 19 
2 34 25 14 1 2 
1 53 24 
1 72 4 1 
1 61 9 6 1 
3 63 12 
29 3 24 17 1 1 1 2 
53 4 17 4 
4 25 8 39 1 1 
1 39 13 16 2 1 1 4 1 
1 32 1 11 1 14 8 8 1 1 
30 37 8 3 
2 16 18 9 21 1 2 7 1 1 
78 
1 53 1 9 9 2 2 1 
1 76 1 
4 69 1 2 2 
6 50 13 9 
4 15 30 1 18 4 5 1 
12 1 50 14 1 
1 77 
48 14 5 1 4 1 4 1 
2 73 2 1 
1 52 11 1 11 2 
1 65 9 1 2 
3 33 12 7 9 11 2 1 
53 7 8 2 1 2 2 1 2 
1 14 10 12 1 19 3 6 6 2 2 1 1 
1 41 36 
52 2 16 3 2 2 1 
1 24 14 34 5 
1 58 17 2 
78 
1 72 2 3 
40 4 26 8 
3 68 7 
1 59 10 6 1 1 
8 1 10 50 9 
19 1 29 16 3 6 1 1 1 1 
1 77 
3 30 21 15 7 2 
2 65 4 7 
14 45 19 
7 38 33 
32 41 1 4 
44 12 13 2 4 1 1 1 
7 53 1 2 5 5 1 2 2 
3 66 2 4 1 2 
2 1 45 26 3 1 
2 13 38 19 3 2 1 
1 25 19 20 8 1 2 1 1 
27 25 21 3 2 
3 42 28 3 1 1 
1 17 13 20 20 7 
1 17 23 19 4 6 7 1 
77 1 
50 11 13 3 1 
1 9 36 17 9 5 1 
6 36 8 5 4 3 14 1 1 
78 
35 24 1 17 1 
2 59 9 4 3 1 
9 59 10 
4 54 17 2 1 
1 74 3 
6 68 1 2 1 
3 38 29 1 4 2 1 
3 69 3 1 1 1 
2 8 41 25 1 1 
2 25 1 32 17 1 
8 25 3 32 8 2 
1 53 17 3 4 
1 77 
2 8 30 33 1 2 2 
1 13 60 4 
2 60 6 10 
20 26 31 1 
2 44 12 9 11 
1 60 15 2 
73 1 2 2 
4 47 22 5 
2 35 37 3 1 
7 5 7 30 3 26 
1 34 38 2 2 1 
1 24 44 4 5 
5 48 1 13 2 4 5 
1 30 47 
6 30 30 11 1 
3 45 3 26 1 
63 15 
2 45 28 1 2 
18 47 13 
1 60 17 
1 35 40 1 1 
9 1 45 17 5 1 
1 67 8 1 1 
71 5 1 1 
1 31 2 17 1 23 3 
7 6 33 13 11 7 1 
1 11 48 3 1 5 1 1 4 3 
1 50 13 14 
1 27 13 5 3 1 20 5 1 2 
4 50 14 5 3 1 1 
2 40 18 1 17 
2 10 25 19 15 4 2 1 
4 6 59 6 1 1 1 
1 48 21 7 1 
6 30 3 27 10 2 
1 36 23 6 7 1 2 2 
8 44 19 5 2 
1 1 73 2 1 
58 16 2 2 
1 35 29 3 1 4 5 
2 67 8 1 
1 11 20 21 6 10 7 1 1 
1 47 3 2 23 2 
4 16 12 24 16 1 3 2 
1 72 2 1 2 
1 74 1 2 
13 61 4 
1 20 50 1 6 
2 75 1 
7 33 8 11 16 2 1 
2 4 31 40 1 
1 44 24 3 5 1 
1 40 16 6 10 2 1 1 1 
6 67 5 
2 36 8 2 12 4 12 2 
4 2 54 1 8 6 2 1 
1 57 20 
69 5 4 
2 3 47 26 
1 33 11 32 1 
2 51 16 2 3 1 1 1 1 
1 58 3 5 2 5 4 
7 45 10 1 12 3 
1 25 52 
6 29 24 2 3 13 1 
2 6 14 44 2 6 3 1 
3 40 5 7 12 6 5 
1 9 13 43 8 3 1 
22 52 4 
3 50 21 3 1 
2 33 20 11 6 1 1 1 2 1 
2 9 15 15 1 23 4 5 4 
1 63 13 1 
1 51 6 10 3 1 2 3 1 
2 65 10 1 
13 39 2 11 3 1 7 1 1 
1 69 4 3 1 
41 32 4 1 
4 9 18 33 5 8 1 
1 57 4 11 3 1 1 
1 58 19 
1 49 24 4 
9 23 5 11 10 13 1 3 1 1 1 
1 30 17 19 4 7 
2 64 11 1 
34 1 39 3 1 
24 30 5 12 1 3 3 
17 43 13 1 4 
6 19 32 5 6 7 3 
1 70 7 
1 37 31 7 2 
68 10 
1 6 65 2 4 
2 42 9 20 1 4 
1 21 49 2 1 3 1 
1 35 6 32 4 
2 59 15 2 
70 8 
73 1 3 1 
76 1 1 
11 44 2 18 3 
7 51 6 5 1 1 1 3 2 1 
19 19 17 4 14 2 2 1 
2 4 47 3 11 2 3 4 2 
1 63 12 1 1 
1 42 16 17 1 1 
3 50 20 4 1 
1 77 
1 15 34 11 2 12 3 
3 11 55 7 2 
49 20 8 1 
1 70 1 6 
17 15 6 12 6 2 6 7 4 3 
3 43 24 6 2 
2 37 29 5 3 1 1 
8 2 67 1 
14 16 48 
2 53 18 2 3 
4 7 14 51 2 
3 19 1 4 28 3 4 1 14 1 
2 68 3 4 1 
1 53 20 1 3 
4 68 6 
1 46 18 13 
2 20 36 3 11 5 1 
1 1 45 14 5 1 11 
1 70 7 
1 29 13 6 11 7 7 3 1 
8 66 3 1 
2 59 11 4 2 
1 7 21 12 13 2 5 14 1 1 1 
3 1 59 8 6 1 
2 4 25 20 14 9 4 
1 29 8 2 24 1 8 2 3 
4 55 9 2 3 1 3 1 
9 50 13 2 4 
10 42 14 5 7 
38 3 7 25 5 
8 47 5 6 1 11 
1 51 20 5 1 
1 67 2 5 3 
7 9 18 35 5 2 2 
2 2 11 9 12 25 5 12 
1 29 29 1 17 1 
1 62 1 4 3 6 1 
1 73 4 
9 18 31 4 12 1 1 1 1 
8 35 16 13 1 4 1 
11 6 11 33 16 1 
3 22 38 11 4 
2 26 50 
2 75 1 
23 52 1 1 1 
17 60 1 
2 38 2 16 18 2 
8 54 7 7 1 1 
57 10 8 1 1 1 
11 62 3 1 1 
62 11 2 2 1 
1 66 1 2 2 3 1 1 1 
4 6 38 27 1 2 
52 15 8 1 1 1 
1 62 2 11 1 1 
5 65 7 1 
53 24 1 
1 16 18 31 12 
17 9 35 15 1 1 
1 55 15 2 2 2 1 
1 5 43 19 1 4 5 
1 22 12 21 5 10 2 1 2 1 1 
22 1 25 18 12 
7 35 10 1 24 1 
4 71 2 1 
2 43 25 2 6 
15 10 51 2 
3 5 59 2 2 7 
75 2 1 
1 19 14 28 8 1 3 4 
1 45 14 4 6 5 3 
7 10 9 46 6 
1 39 16 22 
78 
13 63 2 
2 66 7 3 
1 24 13 18 8 4 8 2 
3 57 18 
17 29 26 3 3 
1 9 68 
3 70 5 
2 59 15 2 
1 46 9 20 2 
62 8 3 5 
5 46 22 2 2 1 
1 29 18 2 23 2 2 1 
34 6 33 3 1 1 
18 46 2 3 8 1 
1 42 5 27 1 1 1 
1 27 45 5 
5 60 6 4 2 1 
3 66 3 1 5 
2 8 20 31 17 
73 2 2 1 
6 25 30 11 6 
4 29 16 11 3 14 1 
5 59 2 12 
1 44 10 6 4 12 1 
1 46 9 20 2 
69 8 1 
18 58 1 1 
1 5 69 2 1 
1 76 1 
1 33 35 6 1 1 1 
76 2 
2 24 39 1 6 1 1 3 1 
1 46 31 
1 72 5 
3 48 20 2 1 3 1 
13 15 42 1 1 2 1 2 1 
1 59 9 1 5 2 1 
1 32 45 
77 1 
56 8 11 3 
62 6 3 4 1 2 
2 42 7 12 2 9 2 1 1 
1 1 41 11 8 11 4 1 
1 69 7 1 
14 37 12 14 1 
2 19 26 21 5 5 
18 57 3 
33 17 12 8 2 3 1 1 1 
1 71 6 
13 33 6 17 9 
1 21 47 2 7 
3 27 30 9 5 4 
7 49 8 1 7 3 1 1 1 
2 41 29 5 1 
4 71 3 
3 44 7 10 6 5 2 1 
1 49 28 
1 44 23 1 3 5 1 
4 1 11 44 7 10 1 
3 59 9 5 2 
10 14 2 14 8 30 
15 50 5 6 2 
10 14 15 30 9 
7 4 55 8 4 
1 55 22 
2 4 9 49 12 2 
52 25 1 
4 62 12 
1 23 2 14 33 4 1 
1 37 17 23 
3 73 1 1 
71 5 2 
1 64 4 5 4 
61 8 3 6 
1 28 30 12 4 1 2 
63 9 4 1 1 
11 65 2 
3 70 1 3 1 
8 39 27 3 1 
5 9 57 5 2 
1 53 4 13 6 1 
1 26 11 9 31 
1 18 23 31 4 1 
18 40 5 9 6 
1 77 
1 55 22 
10 60 4 3 1 
55 13 10 
2 9 22 17 5 9 3 2 2 3 3 1 
2 46 29 1 
5 72 1 
1 43 33 1 
2 30 30 15 1 
21 28 29 
3 27 4 22 13 3 4 2 
1 60 3 8 6 
1 28 35 1 5 4 4 
1 42 16 19 
1 61 5 1 7 1 2 
1 73 2 2 
2 40 25 9 1 1 
4 46 3 22 3 
1 51 11 14 1 
1 37 30 7 3 
1 46 31 
1 28 28 18 3 
27 2 29 5 11 3 1 
1 57 4 2 3 8 3 
2 24 43 7 2 
68 8 2 
3 70 5 
3 39 36 
1 8 24 4 38 3 
60 3 13 1 1 
4 46 28 
1 63 11 1 1 1 
1 41 35 1 
1 19 40 16 2 
2 30 12 24 2 3 3 1 1 
4 68 4 1 1 
14 37 7 5 3 3 8 1 
2 59 9 6 2 
2 73 3 
1 71 6 
1 47 9 19 2 
1 18 18 28 3 1 1 4 4 
17 3 38 13 4 1 2 
30 42 2 4 
46 1 7 18 2 3 1 
1 44 33 
49 22 6 1 
1 45 17 1 9 4 1 
1 52 12 3 3 3 3 1 
7 5 7 45 13 1 
10 39 29 
3 42 4 7 4 7 5 1 1 1 3 
1 29 20 8 12 3 2 3 
1 48 13 8 2 2 4 
1 4 62 1 7 2 1 
1 11 39 11 12 1 3 
1 1 76 
2 49 21 6 
10 26 35 2 2 2 1 
2 72 3 1 
12 49 17 
1 68 9 
26 34 7 7 2 1 1 
48 17 6 7 
1 34 41 1 1 
1 3 73 1 
1 24 24 22 2 3 2 
2 61 5 3 1 1 1 3 1 
2 14 26 14 13 4 3 2 
3 75 
1 12 17 30 6 6 4 1 1 
6 64 5 3 
78 
1 33 16 28 
2 3 65 6 2 
1 25 47 1 1 2 1 
56 11 11 
1 7 20 5 5 25 6 5 3 1 
2 1 15 45 8 1 3 2 1 
1 8 6 43 16 4 
3 6 8 50 3 3 2 2 1 
38 32 7 1 
3 61 13 1 
50 5 5 9 3 2 1 1 2 
1 5 71 1 
1 72 1 1 2 1 
2 3 52 4 3 9 1 4 
3 71 3 1 
1 30 19 4 4 3 11 6 
74 3 1 
1 24 15 13 8 16 1 
6 72 
2 47 28 1 
1 17 16 22 11 2 1 4 4 
6 43 29 
15 35 23 5 
1 33 44 
1 74 3 
1 69 8 
15 29 21 2 5 6 
2 51 25 
1 17 22 29 5 4 
1 42 9 26 
1 54 15 8 
3 72 2 1 
3 22 27 7 8 9 1 1 
1 32 21 23 1 
1 54 22 1 
15 61 1 1 
7 67 4 
8 40 5 2 13 1 8 1 
4 23 15 11 21 3 1 
2 15 20 28 5 8 
1 19 53 3 1 1 
9 21 21 18 5 2 2 
1 22 40 14 1 
40 25 2 9 2 
2 47 27 2 
1 18 28 3 2 10 10 1 1 2 1 1 
1 54 10 9 1 2 1 
2 71 5 
4 19 32 17 3 1 1 1 
8 16 1 19 12 4 16 2 
2 47 29 
1 63 1 6 5 1 1 
7 53 2 11 1 2 2 
75 1 1 1 
9 43 20 1 3 1 1 
2 66 4 3 1 2 
2 21 38 14 3 
3 4 12 50 5 4 
1 30 47 
15 41 7 3 10 2 
5 71 1 1 
1 6 52 4 15 
4 22 16 29 2 5 
1 16 16 17 7 19 1 1 
5 68 4 1 
2 9 44 10 6 3 4 
3 15 3 38 11 4 1 2 1 
28 20 7 8 9 1 3 1 1 
1 17 36 20 4 
10 34 5 16 5 1 1 4 1 1 
1 26 24 22 5 
1 39 6 30 1 1 
1 22 31 10 8 6 
3 42 3 5 2 13 8 1 1 
4 5 54 12 3 
16 59 1 2 
1 6 38 20 4 1 3 2 3 
37 40 1 
5 3 2 62 4 2 
10 26 3 5 14 14 6 
6 59 2 1 1 4 1 4 
8 32 6 21 3 2 4 1 1 
2 68 2 4 2 
2 58 18 
1 8 42 4 18 2 2 1 
1 73 3 1 
61 17 
3 72 3 
2 39 2 24 10 1 
2 18 48 1 5 4 
3 40 30 5 
21 53 1 3 
1 73 2 1 1 
1 53 7 8 6 3 
2 63 13 
2 61 9 5 1 
3 75 
2 37 29 2 8 
1 72 5 
71 6 1 
59 10 2 6 1 
19 39 20 
3 43 16 10 4 1 1 
1 76 1 
1 36 41 
41 33 4 
18 26 21 11 2 
1 66 8 2 1 
60 8 10 
1 49 27 1 
1 60 8 1 6 2 
2 12 2 30 14 10 1 2 1 3 1 
1 10 52 5 6 3 1 
7 38 12 14 6 1 
1 42 26 6 2 1 
1 77 
1 29 45 3 
1 61 13 1 1 1 
1 22 28 10 4 10 3 
8 26 18 21 5 
1 21 47 1 5 3 
23 1 53 1 
1 52 22 3 
9 53 4 11 1 
1 60 17 
76 1 1 
1 30 26 16 5 
2 26 50 
3 62 12 1 
7 42 29 
5 4 36 5 13 15 
2 47 29 
10 40 4 11 7 5 1 
10 23 5 21 1 9 9 
1 16 45 16 
1 64 13 
1 1 36 33 2 2 3 
16 5 10 7 15 6 4 10 3 2 
37 9 6 3 13 2 1 6 1 
1 48 6 5 12 6 
1 9 68 
1 39 4 29 3 1 1 
1 18 56 2 1 
6 21 37 8 3 1 1 1 
6 15 21 6 20 6 4 
9 33 24 3 6 2 1 
4 35 20 18 1 
10 35 9 15 2 5 1 1 
3 49 1 22 2 1 
3 30 13 27 4 1 
3 51 24 
2 73 3 
1 40 20 2 6 6 2 1 
50 11 4 11 1 1 
1 72 5 
9 65 4 
5 51 1 14 6 1 
4 38 10 8 4 3 6 2 1 1 1 
1 74 2 1 
1 56 1 12 3 2 3 
75 3 
1 38 35 4 
53 9 2 11 2 1 
54 5 10 7 1 1 
1 32 30 1 3 3 8 
8 25 7 14 4 20 
1 62 1 5 4 1 4 
3 43 30 2 
78 
69 6 1 2 
3 47 17 11 
65 7 1 4 1 
1 36 10 24 7 
1 40 34 2 1 
5 43 27 2 1 
1 76 1 
10 15 47 4 2 
15 46 2 7 3 4 1 
3 17 58 
1 57 13 3 3 1 
1 2 12 31 26 4 2 
5 26 45 1 1 
1 42 4 14 17 
1 24 31 22 
4 67 3 4 
1 16 24 7 26 2 2 
53 24 1 
73 2 1 2 
1 36 41 
43 17 18 
1 7 4 39 7 9 6 2 1 1 1 
1 50 14 7 1 4 1 
1 60 2 3 10 1 1 
78 
2 54 8 11 2 1 
56 16 3 2 1 
33 43 2 
26 13 9 27 2 1 
3 18 9 23 2 12 1 6 1 3 
1 58 19 
1 33 9 9 22 4 
78 
11 65 2 
78 
4 6 12 10 13 7 18 4 4 
1 43 18 14 2 
16 18 11 19 1 10 1 2 
3 67 4 4 
1 10 17 48 2 
20 32 23 2 1 
17 16 27 11 4 2 1 
2 71 5 
3 61 13 1 
10 16 38 3 2 2 7 
1 53 24 
2 58 2 14 2 
4 24 38 9 3 
78 
2 62 11 1 1 1 
15 61 2 
20 30 6 10 8 1 1 2 
6 6 40 12 8 1 3 1 1 
2 59 8 2 6 1 
4 57 8 9 
1 66 4 6 1 
2 18 55 1 1 1 
68 10 
45 7 21 1 3 1 
1 22 19 32 4 
3 75 
3 13 9 14 27 5 5 2 
47 17 14 
31 37 7 1 2 
1 31 43 3 
1 15 26 1 15 20 
12 65 1 
77 1 
1 65 6 6 
3 36 22 2 11 3 1 
1 67 10 
2 14 60 2 
2 48 12 4 4 1 3 1 2 1 
1 6 70 1 
2 27 45 2 2 
6 60 3 5 1 1 1 1 
1 26 36 14 1 
6 71 1 
3 69 5 1 
14 15 11 6 8 15 5 1 2 1 
44 23 11 
1 62 1 3 11 
1 52 21 3 1 
1 53 9 15 
1 54 21 2 
74 2 1 1 
2 33 9 7 7 4 2 9 2 3 
3 73 1 1 
3 62 3 10 
1 23 33 21 
1 17 41 12 5 2 
2 71 2 1 2 
9 3 30 8 9 15 3 1 
47 29 2 
9 31 8 15 4 3 8 
1 68 8 1 
3 58 17 
25 22 17 3 10 1 
1 22 23 3 8 3 6 8 4 
5 48 4 13 8 
1 39 34 1 1 1 1 
1 33 2 1 30 6 5 
2 20 19 26 3 1 6 1 
63 6 5 1 1 1 1 
15 26 29 4 4 
1 30 32 11 2 1 1 
2 17 17 3 26 1 10 2 
35 6 23 6 4 1 3 
4 55 18 1 
4 51 16 5 2 
16 23 15 10 12 2 
1 39 37 1 
2 67 2 6 1 
1 18 24 3 5 14 5 4 2 2 
1 19 52 3 2 1 
1 8 40 13 1 12 3 
8 9 8 4 23 19 1 4 2 
6 55 1 13 2 1 
1 25 28 21 1 1 1 
34 21 3 2 16 1 1 
3 32 1 17 16 7 2 
1 71 6 
78 
2 41 3 23 8 1 
1 7 27 11 7 9 5 8 1 2 
75 3 
1 6 19 26 11 1 14 
11 63 1 1 2 
1 72 1 3 1 
3 62 5 8 
1 31 46 
1 58 18 1 
5 55 15 1 2 
1 31 30 5 2 5 2 2 
3 33 41 1 
2 53 19 4 
14 15 35 1 5 2 6 
4 6 35 24 9 
40 25 1 6 5 1 
1 42 23 5 6 1 
1 2 4 41 15 15 
1 57 18 2 
3 57 18 
33 1 7 28 6 3 
1 5 37 4 1 25 3 1 1 
5 59 12 1 1 
11 26 24 17 
1 60 9 3 5 
10 3 10 9 12 8 10 11 1 1 1 1 1 
1 53 18 1 2 1 2 
1 71 6 
13 47 10 5 3 
1 51 19 2 5 
1 24 4 25 19 5 
1 29 11 2 27 7 1 
1 31 42 1 1 2 
39 37 2 
9 55 3 11 
10 26 21 3 15 3 
2 54 6 3 2 2 9 
1 7 1 66 3 
4 23 9 13 8 9 7 4 1 
69 6 1 2 
4 49 25 
4 63 1 7 1 1 1 
23 40 15 
1 2 23 14 6 4 3 17 6 1 1 
11 25 28 13 1 
1 28 1 26 16 3 1 2 
1 28 48 1 
5 43 7 8 6 2 5 1 1 
2 57 10 3 6 
77 1 
2 72 4 
1 76 1 
1 30 46 1 
14 35 29 
3 29 13 18 5 2 1 3 3 1 
2 3 20 45 6 1 1 
2 63 5 1 6 1 
1 20 9 48 
1 15 18 24 4 15 1 
1 43 12 2 15 3 2 
3 4 2 25 1 28 6 1 1 3 1 1 2 
1 48 29 
3 8 16 46 5 
20 53 3 1 1 
4 3 23 47 1 
6 12 19 6 21 11 1 2 
1 33 16 1 3 2 18 4 
18 35 25 
2 56 17 1 1 1 
1 18 4 37 3 1 2 4 3 3 1 1 
1 30 9 16 8 11 2 1 
17 55 3 3 
76 1 1 
28 19 31 
1 24 40 1 1 1 10 
4 69 4 1 
1 75 2 
1 51 13 13 
1 36 4 12 4 10 8 3 
1 49 10 2 5 8 3 
7 59 9 2 1 
1 3 38 4 5 2 21 4 
4 49 12 8 3 1 1 
20 44 14 
7 46 23 2 
3 44 28 2 1 
1 32 12 25 4 1 3 
1 46 13 13 1 2 2 
3 3 63 8 1 
1 57 2 11 5 1 1 
1 29 43 1 2 1 1 
12 60 4 1 1 
1 21 48 2 3 2 1 
33 40 5 
1 20 54 3 
2 34 4 9 5 6 2 2 9 5 
8 41 6 21 1 1 
9 39 10 13 7 
6 44 28 
6 61 10 1 
1 36 24 8 9 
2 19 17 5 17 12 6 
8 36 31 3 
2 32 11 7 14 11 1 
1 72 4 1 
6 30 42 
1 10 18 35 14 
55 20 1 1 1 
59 18 1 
2 66 3 7 
2 9 2 1 1 22 41 
3 22 9 20 13 10 1 
8 48 10 4 3 4 1 
77 1 
8 45 21 1 2 1 
5 20 41 10 2 
6 65 6 1 
4 43 23 4 1 3 
4 9 35 11 4 13 2 
37 40 1 
6 24 23 12 9 2 2 
4 11 1 35 13 6 7 1 
2 12 56 6 2 
2 57 12 6 1 
3 54 10 8 2 1 
7 62 3 1 1 4 
58 7 11 2 
55 23 
6 1 35 17 10 2 5 2 
5 16 50 7 
1 45 28 3 1 
4 54 20 
78 
43 13 10 6 6 
6 60 3 7 1 1 
11 51 11 4 1 
11 49 10 4 4 
1 39 8 9 9 5 7 
7 65 3 3 
1 51 3 3 20 
19 50 2 4 3 
62 14 1 1 
5 23 6 44 
4 39 24 5 3 2 1 
1 26 23 26 2 
2 59 9 8 
4 26 26 1 19 1 1 
1 65 1 11 
1 12 28 5 20 5 1 6 
4 72 2 
1 50 7 18 2 
1 62 1 14 
1 77 
1 3 33 3 15 10 10 2 1 
78 
23 41 12 2 
74 4 
16 50 3 7 2 
6 26 8 25 11 1 1 
1 76 1 
12 65 1 
3 46 25 2 2 
3 31 25 10 5 4 
3 16 36 13 7 1 1 1 
47 31 
2 64 1 4 3 4 
2 68 3 4 1 
4 2 40 16 6 10 
9 59 9 1 
3 56 17 1 1 
78 
8 46 16 8 
1 61 16 
8 55 9 3 1 2 
36 41 1 
1 64 7 3 1 2 
12 34 17 4 10 1 
2 11 61 4 
2 76 
2 22 7 30 12 3 1 1 
2 46 16 13 1 
2 49 25 1 1 
2 55 1 17 2 1 
3 29 46 
1 24 37 6 10 
2 44 23 7 2 
2 66 6 1 3 
1 17 1 20 25 11 3 
2 26 27 10 11 2 
2 27 25 23 1 
6 51 2 17 2 
5 58 14 1 
4 53 19 1 1 
22 34 21 1 
3 47 27 1 
1 74 1 2 
4 73 1 
2 7 4 11 40 14 
14 30 13 18 3 
1 27 48 2 
18 52 1 2 3 2 
1 51 23 3 
3 34 40 1 
2 72 2 2 
1 40 12 25 
15 63 
2 39 35 2 
1 23 50 1 2 1 
3 46 4 13 4 1 1 2 1 3 
1 61 3 6 7 
1 13 54 3 6 1 
74 3 1 
1 71 2 1 3 
2 44 32 
5 53 12 3 3 2 
2 72 4 
1 55 13 7 1 1 
2 16 48 12 
5 72 1 
1 51 26 
1 16 27 4 10 6 4 8 1 1 
2 35 22 3 3 8 3 1 1 
43 33 1 1 
10 53 9 4 2 
2 62 6 1 3 2 1 1 
1 36 41 
15 51 11 1 
35 3 39 1 
2 34 28 8 4 2 
11 32 29 2 1 2 1 
25 31 5 16 1 
39 10 22 6 1 
22 41 2 7 5 1 
11 29 13 6 19 
5 30 8 23 9 1 1 1 
4 49 25 
14 51 13 
5 51 22 
10 56 10 1 1 
28 20 29 1 
72 2 1 3 
1 35 13 6 16 5 1 1 
3 46 21 1 1 2 4 
1 77 
1 31 16 14 1 1 12 1 1 
19 15 17 10 1 16 
48 16 9 2 2 1 
55 12 6 4 1 
3 5 28 42 
8 4 21 41 4 
1 10 26 11 18 2 5 1 1 2 1 
8 1 46 6 5 11 1 
1 39 16 18 2 1 1 
1 1 64 9 1 2 
8 41 16 1 12 
31 27 2 3 3 6 2 2 2 
35 33 10 
61 13 1 1 2 
1 50 20 2 4 1 
3 48 26 1 
1 21 56 
2 27 15 32 1 1 
2 32 27 4 4 9 
1 14 20 7 33 3 
3 29 46 
2 11 45 19 1 
2 45 8 21 2 
1 26 26 16 8 1 
2 50 2 19 3 1 1 
7 5 47 4 7 2 3 1 2 
4 31 16 23 4 
72 3 3 
1 53 21 1 2 
3 45 24 2 4 
1 19 20 3 4 6 6 1 9 5 1 3 
65 8 3 1 1 
4 57 10 4 2 1 
1 35 13 17 12 
8 39 14 6 2 6 3 
4 66 1 1 1 4 1 
2 75 1 
2 7 17 21 7 9 3 3 6 3 
7 55 8 5 2 1 
1 67 9 1 
73 1 2 1 1 
5 37 36 
1 72 5 
1 14 16 23 5 7 8 2 2 
77 1 
1 39 16 17 5 
1 2 48 6 6 11 3 1 
3 65 7 2 1 
53 14 4 2 4 1 
4 64 3 7 
4 65 9 
3 52 12 6 1 3 1 
2 22 31 20 2 1 
6 26 22 14 3 3 2 1 1 
1 36 41 
1 11 21 36 9 
6 4 20 3 39 1 2 3 
7 17 43 6 2 3 
1 25 46 1 5 
3 17 21 14 18 3 1 1 
3 73 2 
78 
33 30 15 
3 33 39 1 1 1 
1 44 9 19 4 1 
4 46 2 25 1 
1 48 22 4 1 2 
1 7 67 1 2 
5 63 3 5 2 
20 4 18 14 8 7 3 4 
17 53 7 1 
1 16 49 11 1 
6 33 39 
7 14 13 44 
4 39 1 19 7 4 1 1 1 1 
1 8 20 19 14 3 11 2 
2 11 51 12 2 
18 3 57 
25 36 12 1 4 
34 6 20 13 5 
2 50 13 9 2 1 1 
1 37 8 7 13 7 1 2 2 
3 62 4 5 1 1 2 
2 14 3 37 14 3 2 2 1 
2 42 33 1 
20 54 3 1 
1 15 32 7 9 6 5 3 
2 33 16 13 2 3 8 1 
2 17 53 6 
4 68 6 
1 1 22 39 14 1 
1 20 3 4 6 28 4 5 3 3 1 
1 6 32 12 14 11 1 1 
18 56 4 
3 30 42 1 2 
64 14 
7 17 20 10 3 15 6 
10 29 31 6 2 
1 16 37 7 3 7 3 3 1 
1 15 19 2 6 18 17 
61 10 3 1 1 2 
5 16 30 18 5 3 1 
5 8 55 9 1 
5 17 56 
2 39 28 3 1 2 1 2 
2 73 3 
15 24 16 5 15 3 
78 
2 28 2 29 14 1 1 1 
5 16 6 6 45 
3 54 7 7 2 4 1 
2 30 38 2 2 2 2 
1 71 1 2 3 
4 62 1 1 9 1 
1 43 31 2 1 
22 45 9 1 1 
1 6 7 21 28 14 1 
12 11 55 
1 23 54 
4 64 10 
71 2 5 
2 69 7 
4 61 11 1 1 
1 40 20 8 5 1 3 
1 17 10 22 16 11 1 
4 4 14 1 25 17 2 3 4 2 2 
78 
37 22 18 1 
1 6 39 14 5 13 
1 17 54 6 
1 60 9 8 
3 12 33 4 14 11 1 
1 39 38 
9 4 59 6 
1 63 13 1 
1 45 3 13 10 5 1 
1 72 2 3 
13 50 13 2 
6 50 9 5 8 
2 61 1 11 1 1 1 
1 5 51 4 1 15 1 
4 30 42 1 1 
24 20 25 7 2 
9 36 32 1 
1 12 12 26 15 10 2 
1 45 9 10 1 9 3 
1 65 9 3 
1 44 2 3 14 3 2 8 1 
46 11 19 2 
40 36 2 
1 42 11 21 1 1 1 
77 1 
1 55 19 2 1 
8 4 30 4 12 7 1 9 3 
1 4 49 8 7 7 2 
1 54 19 4 
12 56 6 1 2 1 
1 15 45 8 1 5 1 1 1 
1 56 13 6 2 
4 2 12 44 11 3 2 
52 13 11 1 1 
3 11 19 25 20 
20 48 10 
1 17 60 
1 67 9 1 
15 23 35 1 3 1 
1 61 1 14 1 
27 9 21 11 2 7 1 
17 42 6 8 1 1 1 2 
1 7 21 23 18 3 1 3 1 
24 4 27 13 8 1 1 
23 15 39 1 
1 23 30 11 3 4 6 
1 25 23 2 16 9 1 1 
32 26 10 7 3 
2 3 48 14 4 1 3 3 
49 4 20 5 
29 9 24 2 3 4 4 1 1 1 
18 41 15 4 
2 60 14 1 1 
3 22 45 3 1 4 
1 24 45 8 
2 62 14 
4 36 37 1 
1 56 2 10 8 1 
1 53 17 2 2 3 
1 56 4 13 1 3 
5 53 11 5 4 
1 29 32 2 1 7 2 2 2 
1 4 6 21 16 30 
1 64 12 1 
3 7 58 9 1 
1 70 7 
1 48 17 9 2 1 
4 69 2 3 
40 24 5 5 4 
1 77 
3 43 18 10 4 
22 50 6 
16 16 2 24 11 8 1 
41 8 14 13 2 
2 2 60 14 
2 44 32 
1 62 9 4 1 1 
17 60 1 
1 50 2 5 18 2 
13 40 13 2 10 
1 18 51 5 2 1 
1 68 8 1 
12 15 2 34 15 
1 12 23 9 9 11 13 
1 61 1 13 2 
4 51 20 2 1 
1 58 14 3 2 
1 58 10 4 1 4 
1 40 16 13 4 1 1 2 
3 40 27 2 2 2 2 
3 38 9 8 13 7 
4 5 38 12 1 1 11 1 3 2 
5 58 10 4 1 
2 11 29 6 11 9 2 1 5 1 1 
1 11 64 2 
1 42 21 10 2 1 1 
78 
3 73 2 
2 22 44 6 1 1 2 
32 30 13 2 1 
75 1 2 
3 56 14 3 1 1 
3 40 4 18 13 
2 8 53 4 8 1 2 
25 25 12 7 8 1 
3 34 30 5 2 3 1 
6 65 1 1 4 1 
9 55 10 4 
13 46 7 9 1 2 
1 48 29 
2 18 50 7 1 
1 1 27 16 7 16 9 1 
2 52 11 1 5 5 2 
1 36 21 2 3 1 14 
1 7 5 11 38 10 5 1 
2 32 41 3 
6 11 46 6 9 
1 32 3 3 17 15 5 2 
76 2 
1 6 35 14 22 
2 47 14 7 8 
28 45 4 1 
1 50 23 3 1 
2 42 29 1 2 2 
1 65 4 2 1 2 1 2 
45 25 7 1 
5 22 4 3 10 26 4 1 2 1 
8 16 30 24 
1 26 48 2 1 
27 41 10 
5 26 47 
5 40 7 8 1 2 6 9 
2 75 1 
2 24 48 1 3 
1 72 1 4 
1 5 56 10 2 1 3 
1 3 10 5 32 5 4 6 2 9 1 
1 34 37 6 
64 8 5 1 
1 45 32 
18 15 30 10 5 
16 20 24 10 8 
3 55 17 2 1 
21 8 28 20 1 
1 7 28 4 5 25 3 3 1 1 
2 38 20 17 1 
1 28 1 44 3 1 
2 53 6 6 3 2 1 1 4 
2 50 10 10 1 5 
1 37 3 29 1 6 1 
8 53 10 4 3 
1 22 9 37 5 2 1 1 
7 52 11 6 2 
2 20 41 14 1 
1 76 1 
3 39 28 4 3 1 
53 2 10 5 4 4 
1 35 22 4 14 1 1 
19 59 
15 12 39 2 2 3 4 1 
2 5 6 8 22 12 23 
2 63 11 2 
19 21 2 10 1 11 14 
1 63 6 3 1 4 
59 3 12 1 1 1 1 
14 56 7 1 
1 75 2 
3 39 11 17 3 1 3 1 
5 34 4 8 1 5 4 16 1 
41 20 11 2 4 
9 29 30 8 2 
1 15 23 17 7 8 4 1 1 1 
2 34 19 18 2 1 2 
74 3 1 
23 21 7 12 1 2 2 6 1 1 2 
4 40 28 1 4 1 
78 
65 6 7 
1 75 2 
1 70 3 2 2 
2 75 1 
1 75 2 
4 8 39 12 10 3 1 1 
3 31 16 7 4 16 1 
1 22 30 10 15 
55 23 
4 52 17 2 3 
1 18 27 14 16 1 1 
1 21 2 27 16 1 8 1 1 
1 76 1 
7 64 4 1 1 1 
1 40 18 11 7 1 
5 13 44 13 1 1 1 
5 12 61 
65 13 
2 28 3 16 16 2 2 5 3 1 
3 24 17 17 12 2 1 1 1 
1 57 5 4 5 5 1 
2 6 40 22 7 1 
6 36 36 
1 16 15 45 1 
3 68 1 4 2 
2 25 35 2 13 1 
1 38 14 6 12 1 2 2 2 
1 39 22 3 3 3 2 1 2 2 
2 44 15 7 2 6 1 1 
1 72 5 
1 45 22 3 1 3 3 
52 15 10 1 
1 43 17 2 8 2 5 
70 5 1 1 1 
2 21 41 4 7 1 2 
10 56 8 3 1 
1 28 47 1 1 
2 20 28 9 2 1 5 2 5 1 1 1 1 
1 25 29 23 
5 67 5 1 
2 8 58 5 1 4 
15 60 1 1 1 
1 68 8 1 
26 12 38 2 
5 38 35 
2 25 38 12 1 
1 8 10 5 10 6 29 4 5 
1 65 3 3 6 
71 2 4 1 
1 77 
1 55 5 10 3 2 2 
2 71 2 1 2 
1 64 2 8 3 
1 31 30 14 2 
1 27 49 1 
2 25 47 1 1 2 
18 39 18 2 1 
1 29 17 15 6 7 3 
8 54 5 5 6 
1 67 1 9 
1 2 7 41 3 6 18 
1 27 5 5 15 13 9 3 
4 19 25 14 16 
1 48 27 1 1 
1 65 1 2 5 4 
7 45 17 3 4 2 
71 1 4 2 
1 75 1 1 
1 43 15 18 1 
1 33 11 5 9 10 9 
1 56 20 1 
4 57 15 1 1 
40 38 
1 76 1 
1 64 11 2 
1 55 19 3 
66 8 3 1 
6 20 49 2 1 
1 2 63 3 7 1 1 
6 63 6 3 
6 40 32 
2 42 7 10 5 9 3 
3 70 4 1 
1 15 18 33 2 5 3 1 
1 61 13 2 1 
54 9 11 2 1 1 
31 40 3 2 2 
4 6 38 24 6 
2 62 6 3 1 2 1 1 
2 37 22 9 8 
1 24 45 1 3 2 1 1 
14 40 7 3 12 1 1 
4 8 31 29 2 1 3 
4 38 1 15 8 5 2 3 2 
2 19 16 9 6 7 19 
22 39 8 2 4 2 1 
27 39 12 
1 61 16 
10 23 40 1 4 
1 25 14 14 3 9 1 8 3 
38 36 4 
4 30 33 11 
1 40 37 
4 44 30 
3 41 10 15 6 2 1 
1 59 18 
20 31 9 11 1 3 1 1 1 
24 23 24 2 1 1 1 1 1 
3 28 12 26 5 3 1 
66 7 5 
3 27 13 31 1 3 
2 20 37 6 13 
1 39 28 9 1 
20 19 32 4 2 1 
1 8 66 2 1 
18 1 25 33 1 
26 27 23 2 
4 43 25 2 1 2 1 
6 40 3 19 2 3 4 1 
1 32 12 10 3 16 2 1 1 
1 77 
24 44 7 1 2 
3 57 5 7 2 4 
1 71 3 2 1 
2 66 5 1 4 
1 16 50 7 4 
2 16 49 9 1 1 
2 63 1 11 1 
1 9 47 6 14 1 
23 54 1 
1 53 2 19 3 
3 41 19 12 1 2 
7 15 18 11 25 1 1 
2 6 36 32 2 
2 38 3 14 2 15 1 3 
13 41 6 2 14 2 
3 40 22 3 3 7 
3 49 26 
1 63 13 1 
2 60 8 3 3 2 
3 25 9 25 9 2 2 2 1 
15 15 22 3 19 4 
3 14 9 2 18 8 3 3 2 4 10 2 
8 36 28 4 2 
1 55 11 9 2 
1 45 11 13 6 1 1 
1 9 66 2 
7 65 3 3 
10 20 3 14 14 1 11 3 1 1 
62 10 1 2 1 1 1 
17 32 28 1 
1 40 37 
1 68 8 1 
1 62 6 4 4 1 
74 4 
1 27 21 27 1 1 
2 23 18 6 1 20 8 
1 38 39 
2 53 16 1 1 1 3 1 
13 48 13 2 1 1 
4 31 7 13 6 6 8 3 
1 24 2 8 26 1 8 8 
8 65 3 1 1 
3 33 38 1 1 2 
1 14 63 
28 3 40 6 1 
47 23 5 1 1 1 
3 32 29 14 
57 14 7 
1 33 38 4 2 
9 66 3 
1 56 14 6 1 
2 34 19 3 5 7 1 6 1 
2 47 4 11 1 12 1 
1 14 40 15 8 
8 53 8 5 1 2 1 
7 43 13 9 2 4 
14 38 20 1 5 
1 44 12 6 5 1 6 3 
1 25 26 9 15 1 1 
1 66 11 
4 13 17 4 2 38 
20 37 7 12 2 
10 19 1 27 8 2 3 4 1 1 1 1 
8 33 36 1 
1 75 1 1 
69 6 2 1 
1 28 34 3 7 2 2 1 
1 60 17 
5 47 25 1 
2 75 1 
5 73 
1 4 26 28 13 5 1 
3 64 10 1 
2 51 8 17 
1 43 25 1 8 
1 9 27 7 13 7 8 6 
39 27 11 1 
1 56 1 11 5 2 1 1 
30 5 29 9 1 4 
1 72 5 
1 61 4 10 1 1 
1 75 2 
1 53 9 2 11 2 
5 33 4 27 1 4 2 1 1 
1 58 2 3 8 3 1 1 1 
4 62 1 8 1 1 1 
1 14 61 1 1 
1 63 13 1 
1 33 17 23 1 2 1 
28 2 48 
2 16 5 4 19 4 12 7 3 3 1 1 1 
1 1 40 23 10 3 
1 53 13 5 6 
1 41 36 
8 12 57 1 
1 30 19 15 9 2 1 1 
2 22 51 1 2 
2 38 35 2 1 
2 8 45 11 8 1 2 1 
2 29 7 15 7 7 3 5 2 1 
5 44 24 4 1 
1 77 
1 25 16 35 1 
2 11 65 
4 18 21 35 
1 75 2 
2 51 19 5 1 
18 8 16 7 5 2 7 2 2 7 2 2 
5 54 12 3 4 
2 30 20 3 8 6 7 1 1 
4 53 13 4 1 3 
4 38 36 
3 70 5 
25 34 9 4 5 1 
9 49 4 7 3 2 2 2 
2 56 19 1 
52 7 13 2 4 
1 18 8 22 19 6 2 1 1 
1 54 4 18 1 
8 43 22 2 1 1 1 
2 51 16 4 4 1 
1 18 28 22 3 6 
14 8 33 7 14 1 1 
4 7 66 1 
3 28 5 23 19 
78 
2 13 43 11 6 1 1 1 
3 69 6 
3 49 17 2 3 3 1 
2 61 6 1 2 3 2 1 
2 31 15 15 1 2 6 1 2 2 1 
33 27 12 5 1 
78 
1 30 38 9 
1 75 2 
2 76 
4 55 19 
1 57 20 
2 60 12 3 1 
2 65 10 1 
1 8 34 1 9 23 1 1 
6 69 1 1 1 
2 48 28 
1 3 10 28 31 2 1 1 1 
1 49 23 1 2 1 1 
1 16 9 33 5 10 4 
7 43 20 4 2 1 1 
3 5 13 44 2 1 9 1 
66 7 3 1 1 
65 5 7 1 
46 17 3 2 9 1 
2 28 25 8 15 
41 18 5 3 4 6 1 
24 9 10 14 7 6 2 5 1 
3 43 10 9 12 1 
2 69 7 
2 10 55 7 3 1 
1 45 32 
3 28 47 
1 49 5 19 2 2 
2 64 8 4 
18 6 19 23 2 5 3 1 1 
6 60 12 
1 29 32 6 9 1 
61 16 1 
1 71 6 
3 46 6 19 3 1 
3 19 27 28 1 
3 42 33 
1 12 9 45 1 6 4 
2 11 25 29 6 4 1 
3 63 7 5 
1 67 10 
2 28 13 14 16 5 
78 
35 38 3 2 
1 75 1 1 
1 6 38 3 8 6 2 7 1 3 3 
1 20 50 2 2 3 
1 22 43 10 2 
12 43 22 1 
2 68 3 2 3 
7 11 45 2 7 2 1 1 1 1 
20 43 13 2 
1 66 2 8 1 
2 46 6 10 9 2 3 
5 70 1 2 
5 61 3 9 
1 32 43 2 
2 13 14 49 
1 77 
9 10 15 37 7 
7 62 1 2 3 3 
4 18 30 25 1 
1 18 14 27 1 4 13 
2 23 22 27 2 1 1 
3 53 21 1 
1 29 45 3 
13 7 40 17 1 
1 9 45 13 9 1 
64 9 1 2 1 1 
7 61 9 1 
3 36 18 13 8 
3 20 52 1 2 
2 23 53 
29 8 28 13 
37 4 12 3 22 
1 18 59 
78 
1 67 5 2 1 2 
45 14 4 2 8 4 1 
8 11 56 3 
60 12 5 1 
57 15 4 1 1 
5 43 30 
23 36 9 8 2 
10 46 2 13 4 1 1 1 
1 35 7 17 4 10 2 1 1 
73 1 1 2 1 
1 28 36 5 1 6 1 
5 72 1 
35 36 2 2 1 1 1 
1 26 20 26 2 3 
77 1 
2 46 14 5 11 
11 32 35 
1 1 43 6 5 13 2 7 
9 12 18 8 23 2 5 1 
31 2 42 1 2 
1 69 3 3 1 1 
7 49 10 12 
1 43 7 11 10 4 1 1 
3 22 12 17 9 13 2 
7 47 13 8 3 
1 28 30 3 6 4 1 4 1 
1 69 2 1 1 4 
4 55 18 1 
4 30 33 8 2 1 
1 15 44 16 2 
4 73 1 
1 6 62 9 
3 27 48 
1 55 6 1 7 4 3 1 
21 9 18 22 8 
1 65 12 
3 65 10 
1 10 24 26 8 3 2 1 1 1 1 
1 20 47 7 2 1 
6 32 34 6 
19 51 7 1 
1 40 11 23 1 1 1 
2 18 51 3 4 
3 2 72 1 
1 14 13 35 4 6 3 1 1 
3 46 10 6 5 2 4 1 1 
1 30 47 
1 75 2 
2 16 57 2 1 
4 52 9 10 1 1 1 
77 1 
1 58 13 6 
1 7 12 18 25 6 7 2 
1 64 12 1 
1 10 15 46 6 
17 14 27 17 3 
3 52 19 2 2 
3 70 1 1 1 1 1 
11 54 4 5 1 2 1 
6 36 36 
61 5 2 5 2 1 1 1 
4 29 6 16 22 1 
3 36 33 6 
1 26 35 14 1 1 
2 8 29 3 35 1 
1 49 7 8 5 4 3 1 
6 36 36 
1 20 3 49 1 1 2 1 
1 39 6 28 1 3 
2 72 2 1 1 
6 24 12 18 7 8 2 1 
4 33 41 
1 55 13 3 5 1 
1 65 7 3 2 
1 36 3 38 
1 77 
5 57 6 5 5 
2 72 4 
1 5 69 3 
1 5 18 37 12 5 
3 54 1 12 6 1 1 
1 75 2 
1 46 3 24 1 3 
2 69 3 4 
2 11 37 8 20 
4 20 10 28 4 4 8 
1 23 3 6 16 28 1 
2 10 66 
1 5 26 30 5 9 2 
3 50 1 14 3 7 
2 66 10 
34 24 12 4 2 2 
78 
1 42 34 1 
1 44 21 8 3 1 
2 36 33 2 5 
38 19 16 4 1 
1 26 48 1 2 
2 58 11 7 
15 14 2 30 16 1 
3 15 54 6 
13 25 30 5 4 1 
2 60 1 15 
10 55 12 1 
1 47 16 3 11 
52 19 5 2 
2 46 21 8 1 
1 57 4 2 3 1 4 3 3 
9 46 15 6 2 
23 50 5 
36 26 4 10 2 
28 8 10 12 6 6 8 
78 
3 15 60 
4 18 5 4 40 5 2 
10 17 50 1 
6 12 39 10 4 4 3 
2 41 33 1 1 
11 9 17 2 14 7 1 11 1 1 4 
30 43 4 1 
2 12 19 29 16 
57 5 14 1 1 
1 39 5 6 8 2 10 2 3 2 
1 3 8 32 25 7 2 
12 59 2 2 1 2 
1 51 16 10 
16 32 30 
1 62 11 4 
1 59 13 3 1 1 
78 
4 34 12 24 2 1 1 
1 10 50 13 4 
3 13 35 7 20 
1 19 38 6 2 11 1 
2 75 1 
32 11 20 10 2 3 
1 21 43 2 3 6 2 
72 6 
2 48 12 10 4 2 
55 16 3 4 
1 13 21 24 4 1 8 4 1 1 
4 18 42 10 1 2 1 
1 16 61 
10 38 29 1 
2 17 40 4 12 3 
3 33 3 18 1 5 5 7 1 2 
4 32 23 11 8 
1 18 10 47 1 1 
13 3 20 11 17 12 2 
6 19 9 38 1 3 2 
6 67 3 2 
2 39 17 2 7 9 2 
2 46 9 17 3 1 
1 57 3 6 7 2 1 1 
1 59 2 16 
1 50 24 1 2 
6 21 17 12 3 17 2 
18 40 2 4 6 3 3 1 1 
1 3 68 4 1 1 
27 32 16 1 1 1 
5 52 7 8 2 1 2 1 
22 44 9 3 
12 7 2 53 4 
1 7 48 20 1 1 
1 48 1 5 12 11 
1 16 38 12 5 2 3 1 
13 61 4 
1 20 12 33 3 7 2 
50 10 5 4 4 5 
2 8 22 10 36 
2 71 3 2 
1 23 13 11 14 10 2 2 2 
1 21 34 4 13 5 
75 2 1 
3 23 42 4 3 3 
4 22 48 1 3 
1 26 38 5 2 5 1 
13 61 2 1 1 
15 61 2 
1 30 14 8 5 2 4 2 5 3 2 1 1 
4 20 12 26 10 1 2 1 2 
2 36 23 10 5 1 1 
77 1 
2 71 4 1 
13 26 16 10 12 1 
1 25 35 4 9 1 1 1 1 
1 19 57 1 
7 38 21 8 1 3 
32 37 2 7 
3 34 29 11 1 
9 64 2 1 1 1 
70 2 6 
5 44 1 9 13 4 1 1 
27 50 1 
4 18 16 12 7 2 1 5 12 1 
1 31 35 1 4 2 1 2 1 
1 3 32 12 21 8 1 
10 49 10 1 7 1 
19 19 35 3 2 
24 22 19 9 4 
65 11 2 
1 35 27 4 8 3 
61 7 10 
2 41 12 11 2 5 4 1 
2 66 3 6 1 
16 21 22 7 8 2 1 1 
2 70 6 
4 58 13 2 1 
13 16 5 19 11 4 10 
1 62 15 
76 2 
1 77 
9 29 24 13 3 
1 77 
1 22 18 22 15 
27 35 2 4 4 1 5 
1 30 38 9 
5 37 16 9 10 1 
72 1 1 2 1 1 
6 51 8 1 2 8 2 
2 36 11 18 11 
2 15 28 16 3 10 2 1 1 
2 46 16 10 1 3 
1 12 64 1 
2 39 21 4 11 1 
9 51 18 
2 23 11 12 14 4 4 7 1 
1 32 38 3 2 2 
8 12 5 10 39 1 2 1 
75 3 
1 35 1 17 22 1 1 
1 33 19 24 1 
1 5 34 3 24 4 1 2 1 3 
68 5 1 3 1 
46 20 12 
64 1 6 7 
1 19 47 6 3 1 1 
5 35 24 11 3 
1 18 30 10 7 3 9 
1 71 1 3 2 
2 66 1 1 7 1 
1 72 3 1 1 
2 73 3 
1 13 37 9 7 11 
2 20 34 5 3 4 5 1 2 1 1 
1 45 29 2 1 
14 31 24 4 2 1 1 1 
1 58 19 
31 44 3 
76 1 1 
1 39 18 15 5 
4 41 19 2 5 5 1 1 
5 2 28 28 8 3 2 1 1 
1 32 12 27 2 1 1 2 
1 76 1 
1 19 3 24 19 8 4 
4 41 33 
8 54 8 4 4 
4 71 3 
1 46 30 1 
2 53 8 4 8 3 
3 75 
53 19 3 3 
2 9 7 7 13 11 1 8 1 1 5 11 1 1 
26 27 17 7 1 
1 6 47 21 2 1 
1 8 42 16 1 6 2 1 1 
23 53 2 
2 26 2 44 1 3 
5 23 13 27 4 1 3 2 
55 19 2 2 
12 39 13 10 4 
65 2 3 3 5 
1 35 40 2 
2 28 11 1 28 4 2 2 
10 14 37 12 5 
11 41 2 2 10 2 4 3 1 2 
11 35 27 4 1 
1 23 22 11 15 6 
29 32 6 10 1 
3 40 30 4 1 
1 15 26 20 13 1 1 1 
5 55 18 
2 9 45 2 7 3 9 1 
7 20 47 3 1 
4 23 39 7 4 1 
42 11 23 1 1 
1 77 
1 28 17 5 12 3 4 2 6 
15 29 34 
3 22 16 10 7 12 5 3 
24 8 11 3 27 5 
1 23 33 9 1 7 3 1 
13 10 55 
1 16 60 1 
4 53 15 6 
1 71 5 1 
2 32 26 10 8 
4 18 43 13 
1 9 31 8 6 23 
77 1 
1 29 16 17 13 2 
1 6 45 8 10 8 
1 19 6 7 10 16 1 17 1 
1 20 15 18 24 
1 54 14 5 4 
1 77 
75 3 
1 7 70 
16 19 28 1 14 
2 56 20 
18 36 11 12 1 
1 50 8 11 5 2 1 
2 25 36 1 11 3 
10 40 16 3 5 3 1 
64 11 3 
4 7 35 24 3 1 1 2 1 
1 12 63 1 1 
1 28 2 19 28 
4 25 49 
5 55 4 8 4 2 
7 9 18 35 9 
7 68 1 1 1 
1 16 33 18 10 
7 33 9 1 27 1 
15 52 8 1 1 1 
2 48 22 3 3 
1 37 35 5 
11 22 30 1 3 5 6 
78 
4 68 1 2 2 1 
1 2 19 34 1 11 1 2 7 
1 67 3 7 
3 23 30 12 3 5 2 
4 74 
1 35 33 7 1 1 
1 33 25 16 1 2 
1 64 2 11 
3 33 42 
1 54 23 
40 30 8 
1 12 54 1 5 5 
2 12 40 13 6 3 2 
2 39 37 
4 14 38 3 2 11 4 1 1 
2 25 27 9 1 2 11 1 
67 1 1 9 
2 39 14 22 1 
2 15 6 45 5 5 
1 69 8 
1 13 61 2 1 
4 29 5 30 3 7 
3 69 6 
3 37 26 12 
1 34 39 4 
12 59 2 3 2 
2 31 22 2 1 10 5 4 1 
78 
1 38 14 25 
3 74 1 
63 8 7 
9 38 31 
35 30 4 6 3 
1 38 19 19 1 
1 34 3 21 3 14 2 
8 48 12 7 3 
9 19 13 27 9 1 
1 63 5 1 3 4 1 
1 50 14 11 2 
5 28 15 14 12 3 1 
2 46 22 2 4 1 1 
1 46 7 12 5 3 1 2 1 
2 15 6 39 10 6 
37 12 26 1 1 1 
42 12 23 1 
3 16 5 41 12 1 
1 62 15 
2 37 39 
6 62 7 2 1 
76 2 
1 7 6 51 11 1 1 
1 7 55 12 3 
5 73 
2 44 8 22 1 1 
1 39 23 7 7 1 
1 6 6 18 34 7 1 3 1 1 
3 63 2 7 2 1 
15 35 15 2 1 4 5 1 
1 45 24 3 2 1 2 
16 47 13 2 
15 58 2 1 1 1 
1 51 13 3 6 1 3 
10 52 6 4 4 1 1 
1 36 24 5 7 3 2 
1 52 25 
13 14 28 19 1 1 2 
10 33 24 2 5 3 1 
2 22 27 15 10 2 
1 27 18 3 12 9 2 2 1 1 1 1 
28 21 12 12 1 4 
1 1 76 
3 75 
1 8 38 26 5 
76 2 
1 8 30 3 13 10 3 7 2 1 
6 21 44 5 2 
1 76 1 
1 15 47 1 11 1 2 
21 27 28 1 1 
10 53 15 
1 21 14 21 10 11 
25 40 1 3 2 5 1 1 
22 49 3 1 3 
19 37 3 14 1 4 
1 22 55 
2 6 44 3 5 6 3 2 3 2 2 
1 4 21 24 16 4 8 
3 59 9 3 4 
8 20 19 28 3 
1 57 20 
1 65 12 
2 54 5 8 8 1 
2 2 60 13 1 
11 37 12 13 4 1 
5 73 
1 74 1 2 
1 34 1 18 13 3 5 2 1 
1 39 5 11 11 5 3 3 
3 4 71 
1 39 20 16 1 1 
1 50 25 2 
1 39 35 2 1 
3 60 5 3 2 5 
3 22 33 12 3 3 1 1 
4 60 1 4 5 4 
1 10 20 23 6 1 13 2 1 1 
1 24 5 1 11 12 7 5 5 1 6 
3 45 10 4 6 8 1 1 
2 69 3 4 
4 70 2 1 1 
3 48 21 6 
31 19 15 10 3 
17 37 24 
1 10 47 19 1 
1 1 29 22 24 1 
8 66 4 
6 12 45 7 6 1 1 
2 57 8 2 6 2 1 
24 21 5 20 5 3 
4 13 46 1 13 1 
1 59 3 15 
24 34 13 6 1 
78 
1 44 15 16 2 
2 3 43 1 15 11 3 
14 11 29 4 19 1 
1 63 14 
1 54 21 1 1 
10 40 27 1 
1 12 44 6 11 1 3 
10 4 44 18 1 1 
1 11 65 1 
1 20 49 1 5 2 
1 8 48 11 2 4 2 2 
1 24 26 21 3 1 1 1 
1 37 35 5 
1 55 17 5 
1 1 43 25 8 
51 11 3 3 6 1 3 
5 5 4 11 50 3 
28 38 3 9 
1 14 45 8 9 1 
52 8 1 8 3 4 1 1 
38 30 5 1 2 1 1 
2 59 17 
19 15 6 21 7 1 2 4 3 
4 60 6 2 6 
12 12 19 9 8 16 1 1 
3 50 23 1 1 
1 39 1 4 30 2 1 
23 32 23 
1 26 44 5 1 1 
3 40 26 1 8 
7 67 4 
1 48 16 11 2 
1 11 56 5 3 1 1 
37 9 5 24 1 1 1 
3 29 29 8 1 8 
3 1 65 2 5 1 1 
1 58 19 
5 33 39 1 
1 68 8 1 
19 3 41 10 2 2 1 
4 48 7 5 7 2 1 1 3 
2 70 6 
1 34 43 
1 1 65 5 5 1 
3 22 51 2 
1 58 18 1 
1 16 10 19 13 7 2 7 2 1 
16 24 7 16 12 3 
1 11 11 26 26 3 
1 32 37 1 2 5 
1 60 17 
4 44 30 
77 1 
2 38 19 14 1 1 3 
32 9 29 5 1 2 
1 71 5 1 
3 15 60 
2 31 8 2 23 4 3 2 3 
1 73 2 1 1 
1 32 11 13 19 2 
24 25 24 2 3 
1 69 2 2 4 
50 25 2 1 
2 69 6 1 
11 56 4 3 3 1 
1 27 9 30 4 1 2 2 2 
3 72 1 2 
10 9 41 10 7 1 
22 28 10 5 2 7 1 3 
1 62 7 7 1 
44 9 22 2 1 
6 72 
14 63 1 
1 69 6 1 1 
1 1 55 1 2 16 2 
38 5 5 21 5 2 1 1 
1 2 20 10 45 
1 59 9 5 4 
13 43 3 9 1 2 2 4 1 
21 19 4 18 7 6 3 
3 18 10 8 12 10 4 10 3 
4 33 24 3 7 3 4 
9 37 24 1 5 1 1 
1 16 34 19 8 
3 32 6 10 3 15 3 4 1 1 
39 33 4 2 
1 76 1 
11 45 22 
1 9 59 9 
1 49 25 3 
13 4 12 40 3 2 1 1 2 
1 35 42 
1 73 4 
14 64 
3 12 49 1 10 1 2 
7 71 
1 47 19 5 5 1 
1 59 18 
1 63 13 1 
1 13 54 7 1 1 1 
66 2 4 1 4 1 
1 60 13 3 1 
1 34 21 5 14 2 1 
39 6 29 1 2 1 
73 3 1 1 
8 26 40 2 2 
1 57 10 3 1 1 3 1 1 
1 48 28 1 
2 1 32 16 17 6 4 
78 
16 25 18 15 3 1 
4 63 11 
5 21 51 1 
14 28 2 23 10 1 
1 34 18 15 10 
1 37 14 1 13 10 2 
4 40 7 1 10 10 3 1 1 1 
15 50 12 1 
1 9 63 5 
5 52 7 10 3 1 
27 29 2 8 4 5 1 2 
1 24 48 2 3 
18 48 12 
3 26 34 13 1 1 
1 68 6 2 1 
1 49 5 8 4 3 4 1 2 1 
3 46 29 
4 61 13 
2 23 51 1 1 
2 13 20 8 9 4 6 3 5 6 2 
1 26 4 19 1 12 15 
7 33 8 16 10 4 
78 
15 16 4 38 2 3 
3 72 1 1 1 
60 1 10 6 1 
6 37 13 11 2 8 1 
3 42 33 
11 26 25 5 6 1 4 
45 7 13 13 
2 50 2 14 8 2 
1 57 18 1 1 
14 29 17 4 3 11 
76 1 1 
1 19 41 9 3 3 1 1 
1 35 12 2 8 15 5 
46 30 2 
1 2 11 39 5 20 
1 28 1 42 6 
29 30 15 1 3 
2 36 12 14 8 4 2 
8 22 45 3 
62 6 6 4 
46 20 5 6 1 
3 72 3 
11 47 8 12 
1 38 9 22 1 4 3 
1 18 19 40 
1 24 53 
1 71 4 1 1 
1 42 13 20 1 1 
53 8 5 2 7 2 1 
8 41 10 12 5 1 1 
14 47 3 6 6 1 1 
63 14 1 
1 76 1 
1 65 10 1 1 
2 47 5 5 11 1 7 
2 54 11 11 
6 26 31 2 8 1 2 2 
1 25 4 10 11 13 7 2 4 1 
2 44 4 25 1 2 
42 36 
1 7 47 2 15 5 1 
21 23 13 18 3 
1 77 
2 43 21 11 1 
7 27 3 16 21 1 2 1 
3 63 3 8 1 
2 35 9 20 4 3 4 1 
1 21 3 12 17 10 3 7 1 1 1 1 
1 64 4 7 2 
76 1 1 
63 8 4 1 2 
2 42 34 
4 16 8 23 15 7 3 2 
1 45 25 5 1 1 
18 38 5 11 4 2 
3 57 6 5 4 2 1 
7 31 40 
4 5 57 9 3 
1 29 48 
7 14 52 5 
1 56 21 
1 32 15 26 2 1 1 
10 21 13 19 15 
28 41 1 3 5 
1 8 58 6 2 2 1 
1 17 55 2 3 
7 63 3 4 1 
1 43 28 6 
3 68 6 1 
2 10 2 7 57 
1 47 22 7 1 
2 21 41 1 4 9 
2 6 10 20 8 22 1 7 1 1 
4 62 1 10 1 
21 33 9 5 7 1 2 
1 57 15 4 1 
1 63 13 1 
1 51 17 4 5 
10 43 21 2 2 
5 53 5 5 8 1 1 
71 4 2 1 
1 44 5 21 1 2 2 2 
7 34 35 1 1 
3 18 7 44 1 1 2 1 1 
2 15 31 8 5 10 4 1 1 1 
1 43 19 8 5 2 
1 46 21 6 3 1 
3 43 5 15 1 8 3 
4 26 48 
3 25 11 28 8 2 1 
1 39 38 
4 46 6 17 4 1 
1 52 24 1 
1 29 4 42 2 
3 21 35 7 12 
13 51 14 
1 73 4 
1 62 11 1 3 
1 18 35 14 3 5 1 1 
1 7 6 36 1 9 9 8 1 
12 1 43 10 1 7 2 2 
2 5 32 33 6 
2 57 3 4 7 2 2 1 
5 48 7 5 13 
4 51 23 
15 33 14 1 3 12 
17 26 25 4 2 2 1 1 
1 43 27 6 1 
2 51 5 14 2 1 1 2 
40 9 3 7 14 1 2 1 1 
4 18 29 6 21 
1 59 1 14 3 
50 12 2 9 3 1 1 
1 57 9 8 3 
1 16 61 
3 42 29 3 1 
1 42 33 1 1 
5 1 33 22 2 3 2 8 1 1 
6 11 45 14 1 1 
6 2 11 11 26 3 16 1 1 1 
1 69 3 2 2 1 
7 26 35 6 4 
2 66 8 2 
74 3 1 
1 56 9 11 1 
2 14 39 4 1 6 11 1 
66 2 5 5 
1 61 4 2 7 2 1 
1 46 3 15 6 4 2 1 
1 11 43 23 
54 9 9 1 1 4 
11 39 24 4 
3 63 3 7 1 1 
1 8 15 45 5 3 1 
1 63 13 1 
2 28 38 7 1 2 
5 2 68 2 1 
1 69 8 
1 45 6 2 2 8 7 6 1 
1 25 11 5 11 11 3 4 6 1 
39 32 2 2 1 1 1 
1 2 25 47 2 1 
2 70 2 2 2 
69 3 6 
4 37 29 5 3 
1 66 11 
1 28 12 20 4 5 1 1 4 2 
1 33 1 8 18 14 1 2 
3 47 7 14 6 1 
7 13 46 12 
3 43 26 2 4 
3 38 36 1 
2 75 1 
1 50 1 8 17 1 
1 70 7 
1 11 2 7 8 17 14 5 5 5 1 1 1 
1 4 32 41 
2 20 51 5 
1 31 18 11 17 
1 47 2 17 1 3 7 
1 42 16 8 5 1 1 3 1 
1 16 61 
17 30 21 1 3 2 3 1 
4 43 26 3 1 1 
1 58 17 2 
1 15 11 20 3 6 10 12 
1 24 5 36 9 1 2 
6 57 13 2 
1 42 13 3 12 5 2 
1 3 19 14 2 36 3 
1 15 29 25 4 1 1 1 1 
78 
1 43 31 2 1 
24 17 28 8 1 
28 19 16 1 7 1 2 2 1 1 
1 21 7 25 20 4 
1 26 14 32 4 1 
5 42 29 2 
1 17 60 
1 29 48 
7 42 26 1 2 
4 32 21 20 1 
8 47 14 9 
1 69 5 2 1 
7 37 32 2 
50 1 5 1 13 4 1 3 
1 6 36 23 12 
25 20 15 5 12 1 
1 11 31 12 4 18 1 
2 34 42 
3 26 3 31 15 
2 13 2 2 2 19 3 3 1 14 4 8 1 4 
1 53 10 14 
1 26 11 13 18 6 1 1 1 
1 51 18 1 4 1 1 1 
75 3 
1 26 14 1 34 2 
22 23 30 1 2 
1 48 18 6 3 2 
4 32 24 14 2 1 1 
5 67 5 1 
10 43 25 
4 72 2 
9 14 47 1 7 
2 6 61 7 1 1 
3 26 41 5 2 1 
1 68 8 1 
1 75 2 
9 68 1 
1 38 22 2 9 3 3 
9 33 1 34 1 
17 6 8 32 10 5 
11 59 2 2 3 1 
2 32 37 6 1 
1 46 31 
1 36 23 11 6 1 
1 70 1 6 
2 25 27 6 3 6 1 8 
4 12 42 11 1 7 1 
1 12 23 32 2 3 5 
2 61 12 3 
1 48 19 6 2 2 
12 37 22 3 2 2 
35 26 10 5 2 
1 47 21 8 1 
16 58 2 1 1 
2 42 19 10 5 
1 40 36 1 
7 42 17 11 1 
69 3 4 2 
5 37 9 24 2 1 
3 39 8 8 20 
4 58 14 2 
15 1 34 4 8 3 9 3 1 
5 16 4 33 12 4 1 2 1 
1 42 18 12 2 1 1 1 
1 7 1 31 18 15 3 2 
5 60 13 
1 73 3 1 
3 27 27 16 3 1 1 
3 66 4 3 1 1 
2 21 53 1 1 
1 60 6 3 7 1 
2 5 48 13 8 2 
7 45 8 4 14 
15 47 9 1 4 2 
7 63 4 2 1 1 
1 25 52 
4 4 48 13 5 2 1 1 
2 44 1 12 15 1 1 1 1 
1 23 25 3 10 1 1 3 10 1 
5 11 45 7 8 2 
62 5 7 4 
1 4 9 34 21 5 4 
10 18 6 14 6 4 17 2 1 
1 25 40 11 1 
1 64 10 3 
1 30 1 15 15 16 
2 54 11 10 1 
1 76 1 
5 40 20 8 4 1 
1 27 48 2 
7 64 3 1 3 
1 30 40 6 1 
2 67 2 7 
2 7 41 11 1 15 1 
3 39 32 1 3 
1 63 11 1 2 
4 5 62 3 2 1 1 
1 39 31 2 3 1 1 
1 26 25 16 4 3 1 1 1 
9 27 25 5 7 5 
58 3 11 3 1 1 1 
1 7 59 10 1 
1 10 9 7 44 2 2 2 1 
1 7 27 1 6 9 27 
1 47 22 8 
1 61 16 
3 26 37 10 2 
1 10 67 
3 67 2 4 1 1 
2 12 18 44 1 1 
1 49 27 1 
2 75 1 
4 39 32 2 1 
24 8 44 2 
70 6 1 1 
5 36 28 3 6 
5 9 28 4 13 2 6 5 6 
1 48 26 3 
1 26 42 7 2 
74 3 1 
3 35 19 12 1 1 2 2 1 2 
1 37 12 10 10 5 2 1 
5 32 41 
2 51 4 1 7 3 3 7 
1 34 30 1 12 
12 52 5 7 1 1 
1 70 2 4 1 
10 32 5 13 15 1 1 1 
2 16 16 19 14 8 3 
2 59 3 6 5 1 1 1 
1 20 41 12 2 2 
1 73 2 1 1 
6 68 3 1 
5 69 4 
68 2 7 1 
1 23 46 3 5 
7 22 26 8 7 7 1 
30 34 3 6 5 
2 7 12 20 28 2 7 
2 73 3 
1 59 2 10 3 1 2 
2 60 6 10 
54 16 1 1 2 1 2 1 
6 68 3 1 
1 46 22 4 5 
1 15 10 43 2 3 2 2 
1 64 4 1 5 1 1 1 
2 10 49 12 3 2 
48 6 11 13 
2 67 8 1 
3 20 8 12 29 6 
2 60 16 
5 18 6 42 7 
2 28 22 18 3 3 2 
1 39 38 
4 7 44 10 2 3 5 1 2 
6 39 21 5 5 1 1 
4 39 1 18 16 
1 46 18 13 
30 28 20 
1 36 22 1 10 1 6 1 
1 65 10 1 1 
57 1 9 9 2 
1 42 12 11 7 5 
13 23 10 20 2 6 2 1 1 
15 60 1 2 
1 60 17 
15 46 13 1 3 
3 9 9 1 33 23 
51 22 5 
5 70 3 
36 11 21 6 4 
3 74 1 
7 43 28 
2 24 21 7 23 1 
1 74 2 1 
1 13 31 26 5 1 1 
4 53 10 1 8 2 
1 59 6 1 11 
6 6 12 36 18 
3 74 1 
9 51 17 1 
5 20 29 10 7 5 1 1 
1 34 21 8 1 11 2 
1 62 2 10 3 
8 63 1 5 1 
2 75 1 
17 48 3 6 3 1 
3 54 21 
4 56 2 10 4 1 1 
1 11 56 10 
1 60 17 
1 35 6 26 2 1 4 2 1 
67 4 7 
12 60 5 1 
1 49 11 16 1 
1 30 42 3 2 
1 32 10 3 8 19 5 
5 65 3 1 1 2 1 
9 56 8 5 
34 17 11 13 1 1 1 
4 9 6 48 10 1 
2 33 43 
1 34 11 27 1 4 
44 10 24 
3 27 34 14 
1 42 5 12 12 1 1 1 2 1 
1 22 10 14 1 9 3 13 5 
8 45 1 10 9 5 
5 19 15 16 22 1 
1 2 46 1 19 1 2 5 1 
62 1 3 11 1 
1 64 2 11 
1 31 39 7 
1 60 8 2 6 1 
12 21 38 2 5 
2 18 40 11 7 
4 56 14 3 1 
78 
1 50 19 3 2 2 1 
46 12 20 
4 37 33 4 
3 22 52 1 
3 11 64 
5 40 15 2 10 1 4 1 
69 5 4 
1 16 55 6 
1 60 14 1 1 1 
6 12 8 38 5 3 4 2 
1 19 57 1 
7 34 6 23 1 7 
4 30 30 3 1 7 1 1 1 
18 36 16 6 2 
41 11 21 5 
30 23 22 1 1 1 
1 16 23 9 28 1 
2 55 3 4 6 6 2 
28 8 42 
2 14 48 13 1 
12 14 14 11 6 1 16 3 1 
26 10 10 29 3 
40 28 6 4 
1 45 21 5 4 1 1 
37 40 1 
1 34 11 5 6 3 6 2 6 2 1 1 
1 6 23 41 4 1 1 1 
1 50 16 8 3 
1 3 48 22 3 1 
15 36 18 8 1 
1 39 24 3 11 
1 26 51 
2 35 40 1 
1 40 33 2 1 1 
12 64 2 
3 31 43 1 
50 20 3 1 4 
2 69 3 4 
1 65 6 2 1 1 2 
2 70 6 
1 44 29 4 
2 6 29 22 19 
2 46 1 18 8 1 1 1 
74 1 3 
1 55 17 1 3 1 
72 6 
35 10 33 
15 62 1 
3 51 23 1 
11 39 22 6 
19 24 26 5 2 2 
18 17 43 
21 45 8 2 2 
9 25 29 11 1 1 2 
1 11 35 26 2 3 
32 4 11 28 3 
6 50 21 1 
23 51 4 
1 63 6 4 1 1 1 1 
1 20 7 16 9 12 6 7 
14 23 16 14 11 
1 8 2 17 39 2 6 1 2 
1 74 1 2 
2 1 6 27 29 10 2 1 
29 35 14 
2 23 40 2 8 3 
2 40 7 16 7 2 4 
14 4 48 11 1 
45 17 14 1 1 
74 4 
1 19 36 5 17 
57 1 15 4 1 
3 49 12 11 3 
2 3 12 26 30 3 1 1 
1 43 4 25 5 
1 19 20 10 19 7 1 1 
1 57 1 12 7 
8 56 1 13 
57 19 2 
1 17 43 16 1 
2 51 7 17 1 
5 19 30 1 23 
46 28 1 1 1 1 
52 5 5 10 5 1 
1 19 41 11 6 
4 72 1 1 
1 28 43 4 1 1 
1 62 15 
1 23 35 3 6 8 1 1 
2 14 6 55 1 
14 35 29 
3 30 21 7 4 8 5 
2 73 3 
2 46 29 1 
1 51 22 4 
78 
1 57 10 3 1 5 1 
21 20 15 19 2 1 
5 25 40 7 1 
1 60 11 6 
43 11 5 9 3 2 5 
3 31 14 14 10 6 
16 1 29 9 12 1 5 5 
20 42 6 2 1 3 1 3 
17 28 2 2 20 4 1 4 
1 33 21 13 5 2 1 2 
68 6 4 
4 33 25 5 4 2 5 
10 65 3 
1 21 50 6 
7 44 24 1 2 
35 4 28 8 3 
11 24 34 4 5 
78 
48 28 2 
1 30 18 11 4 6 2 4 1 1 
1 39 9 19 6 3 1 
1 5 50 2 10 9 1 
2 20 3 22 14 1 11 5 
3 50 16 5 4 
2 63 13 
3 46 21 4 4 
58 7 8 5 
2 32 44 
2 18 5 50 1 1 1 
45 27 3 3 
1 21 56 
5 13 41 19 
3 47 11 2 14 1 
3 40 25 3 3 3 1 
2 42 29 5 
61 13 4 
1 18 52 2 1 3 1 
1 65 11 1 
2 56 16 4 
5 65 2 6 
2 75 1 
1 16 28 7 12 4 1 3 4 2 
6 68 4 
1 39 29 3 1 3 1 1 
25 25 28 
1 48 7 19 3 
1 66 6 1 1 1 2 
2 66 2 3 1 2 1 1 
3 72 3 
2 56 19 1 
8 22 35 13 
1 36 33 7 1 
1 47 21 5 3 1 
29 43 3 1 1 1 
6 41 6 10 10 2 3 
2 6 31 21 17 1 
5 69 1 1 1 1 
2 48 24 1 2 1 
3 61 7 7 
1 16 30 31 
2 26 18 32 
35 39 4 
16 28 8 2 7 11 5 1 
1 22 15 4 13 10 7 3 2 1 
1 37 24 6 4 4 2 
68 2 5 1 1 1 
21 33 22 1 1 
2 21 13 5 7 2 6 11 2 1 1 5 2 
1 18 6 49 2 1 1 
2 44 5 26 1 
23 37 6 4 8 
3 6 33 6 13 8 9 
2 73 3 
7 66 1 1 3 
3 19 28 1 1 11 2 6 1 5 1 
1 58 13 4 2 
1 3 5 41 13 7 5 1 1 1 
2 53 2 11 10 
1 1 42 28 6 
16 6 3 19 20 9 5 
2 22 11 23 10 7 2 1 
19 20 13 15 8 2 1 
3 37 17 9 1 9 2 
5 47 26 
1 11 25 13 28 
3 42 23 8 2 
2 14 6 27 19 5 1 3 1 
2 15 28 13 9 1 4 4 2 
5 46 13 5 3 5 1 
2 64 12 
15 15 23 1 4 16 4 
5 6 12 15 28 3 6 1 1 1 
1 64 12 1 
78 
1 70 4 3 
1 47 24 2 1 2 1 
1 23 54 
1 75 1 1 
18 9 44 6 1 
1 62 14 1 
2 69 7 
2 42 10 13 6 4 1 
1 65 10 2 
1 29 45 3 
1 4 62 2 7 1 1 
2 60 5 6 4 1 
1 6 10 26 16 3 13 1 1 1 
5 1 70 2 
3 42 16 14 2 1 
1 60 17 
46 16 7 8 1 
31 19 28 
1 39 11 19 5 3 
1 25 23 20 3 6 
1 76 1 
1 25 32 9 2 5 2 2 
7 61 4 4 2 
1 22 4 10 9 2 28 2 
7 69 2 
23 29 2 12 10 1 1 
69 8 1 
47 17 6 2 3 3 
1 56 7 2 1 5 6 
44 26 6 2 
1 36 5 11 25 
24 39 3 6 2 2 1 1 
1 10 46 11 2 3 4 1 
7 39 29 3 
4 40 33 1 
4 30 44 
1 7 47 11 1 8 3 
1 51 26 
1 38 28 10 1 
3 63 4 1 2 2 3 
4 48 22 3 1 
8 60 10 
1 42 12 22 1 
1 65 3 2 3 4 
1 42 35 
7 66 1 3 1 
5 69 1 1 2 
36 27 10 3 2 
51 13 14 
1 25 42 3 5 1 1 
3 6 30 28 3 1 1 1 3 1 1 
4 55 10 4 2 1 2 
1 7 43 12 7 5 3 
1 63 14 
1 41 33 2 1 
66 8 3 1 
2 65 4 1 5 1 
2 60 8 6 1 1 
14 30 9 11 9 5 
10 58 10 
1 11 63 1 2 
1 35 2 39 1 
1 37 37 1 2 
1 47 2 5 16 6 1 
1 64 3 3 7 
2 73 3 
1 71 6 
4 45 6 11 8 1 1 1 1 
1 50 3 22 1 1 
3 35 27 13 
71 6 1 
13 5 21 14 25 
1 35 5 7 30 
14 30 9 16 1 8 
24 20 9 4 1 19 1 
39 9 24 2 4 
5 67 1 5 
1 74 2 1 
2 17 39 15 5 
2 49 3 11 6 2 5 
6 62 9 1 
1 19 55 2 1 
1 30 41 3 1 2 
3 21 6 15 21 5 3 4 
1 51 5 12 2 7 
1 55 7 11 2 1 1 
9 32 21 7 3 3 3 
54 17 3 2 2 
78 
3 12 57 4 1 1 
4 1 34 12 6 16 5 
6 32 25 7 7 1 
1 19 22 1 31 3 1 
1 69 1 7 
78 
1 4 44 3 21 3 2 
6 62 5 2 3 
1 7 51 4 5 5 2 2 1 
1 54 20 2 1 
1 69 6 2 
12 61 4 1 
50 26 1 1 
2 32 38 2 1 3 
2 56 10 1 7 2 
2 63 12 1 
1 9 40 16 12 
1 13 64 
12 66 
1 56 7 14 
1 47 9 12 9 
1 44 33 
3 42 21 7 3 1 1 
78 
1 37 14 24 1 1 
3 19 47 3 2 2 2 
1 35 1 4 16 17 3 1 
2 31 27 8 5 4 1 
6 15 47 4 4 1 1 
6 5 65 1 1 
3 31 41 2 1 
65 6 4 2 1 
26 12 29 11 
1 73 1 1 1 1 
1 44 23 7 2 1 
1 12 24 25 6 5 2 1 1 1 
4 40 34 
72 6 
54 4 5 1 14 
6 12 43 4 3 9 1 
2 9 25 27 2 8 3 1 1 
1 31 34 2 4 2 2 2 
1 27 4 2 10 13 9 6 6 
1 45 32 
6 53 8 8 2 1 
1 35 2 18 8 10 3 1 
1 55 20 1 1 
42 7 1 2 4 8 8 3 1 2 
1 28 36 5 6 1 1 
1 25 12 6 9 8 7 8 1 1 
34 12 32 
4 39 14 16 4 1 
5 24 47 2 
14 31 10 14 4 4 1 
1 65 1 5 2 1 3 
3 64 9 2 
2 35 41 
35 11 26 3 2 1 
2 31 1 7 6 14 11 4 1 1 
3 39 4 32 
26 35 12 3 1 1 
19 52 1 1 4 1 
35 17 18 6 1 1 
11 47 18 1 1 
1 53 22 1 1 
1 67 6 3 1 
1 43 13 17 4 
1 43 12 22 
8 11 1 31 20 1 3 3 
1 68 9 
1 18 59 
27 27 22 2 
1 51 8 12 1 1 3 1 
3 52 22 1 
1 70 7 
17 51 7 2 1 
3 54 12 6 3 
17 38 17 5 1 
1 20 57 
3 30 4 40 1 
2 5 31 9 8 13 4 5 1 
2 48 11 6 3 2 3 3 
2 22 52 2 
68 2 1 7 
2 5 61 1 2 5 2 
1 14 48 3 12 
2 46 30 
11 28 24 4 9 2 
5 27 5 9 20 6 2 2 1 1 
2 40 2 16 15 1 1 1 
1 3 48 16 10 
2 56 20 
10 12 50 3 1 2 
2 55 8 2 1 5 1 1 3 
36 40 2 
