1 23 34 12 7 1 1 
16 33 28 1 1 
78 1 
2 73 2 1 1 
1 53 4 20 1 
30 18 7 16 4 4 
23 45 3 8 
1 64 11 1 1 1 
1 58 9 11 
1 67 10 1 
1 65 11 2 
75 2 1 1 
1 72 1 4 1 
2 27 46 2 2 
8 58 2 1 6 3 1 
3 27 28 16 5 
26 38 6 2 7 
1 76 2 
1 2 35 16 8 6 11 
77 1 1 
3 40 24 3 9 
2 46 5 22 4 
1 34 21 4 1 10 5 2 1 
1 75 3 
1 20 44 12 1 1 
1 31 20 25 2 
1 3 8 59 4 1 3 
2 30 6 2 38 1 
2 32 35 4 2 4 
3 20 18 35 2 1 
1 77 1 
6 1 35 19 9 1 4 1 2 1 
1 47 24 6 1 
5 74 
10 54 6 6 2 1 
26 12 41 
3 70 6 
9 23 27 15 1 2 2 
9 67 3 
1 58 2 14 4 
9 31 24 1 1 6 2 4 1 
2 55 2 8 4 3 5 
13 59 2 2 3 
1 60 7 4 1 2 4 
3 63 13 
2 77 
3 16 9 35 12 4 
1 77 1 
4 57 1 15 2 
1 63 13 1 1 
1 24 38 15 1 
7 24 45 3 
1 69 5 3 1 
5 56 4 10 1 2 1 
1 21 10 23 1 15 7 1 
3 8 7 23 27 5 2 4 
6 47 19 3 4 
2 17 8 17 19 10 6 
2 38 14 9 14 1 1 
1 24 41 13 
50 21 4 2 2 
2 33 43 1 
2 14 28 31 2 2 
15 52 2 10 
8 46 16 8 1 
1 19 7 12 32 7 1 
1 23 13 3 23 13 1 1 1 
1 35 2 35 4 1 1 
1 37 35 1 1 2 2 
1 43 20 14 1 
2 57 18 1 1 
2 4 22 31 3 6 11 
1 72 5 1 
1 40 29 9 
9 32 11 24 2 1 
26 49 3 1 
1 53 1 5 19 
1 16 44 2 4 3 3 4 1 1 
1 72 1 5 
61 6 5 7 
35 18 11 6 9 
9 3 16 5 35 3 8 
1 33 7 27 3 1 5 2 
19 41 16 1 1 1 
1 78 
2 60 13 4 
78 1 
2 41 35 1 
1 48 15 13 2 
4 74 1 
1 31 1 13 5 26 1 1 
32 2 18 9 10 4 4 
18 55 3 3 
2 39 37 1 
2 43 13 15 1 1 4 
1 19 55 4 
1 33 21 5 16 2 1 
2 59 7 8 2 1 
2 77 
4 63 12 
8 24 17 9 10 8 3 
12 26 36 2 2 1 
1 11 34 3 16 6 4 3 1 
78 1 
1 54 14 3 6 1 
1 41 16 21 
1 55 15 8 
2 22 20 12 19 4 
5 38 26 6 1 3 
2 26 22 13 3 6 2 3 1 1 
1 44 5 7 21 1 
6 21 32 5 10 4 1 
16 40 1 12 10 
9 34 29 1 2 1 3 
1 48 28 2 
4 13 6 35 13 4 4 
1 51 1 18 1 6 1 
2 54 18 4 1 
1 35 1 38 4 
2 69 8 
8 66 5 
59 14 4 2 
2 22 33 6 14 1 1 
1 51 26 1 
2 62 6 1 6 2 
78 1 
3 33 9 30 4 
17 4 54 2 2 
1 26 39 11 1 1 
5 69 4 1 
1 32 36 10 
1 77 1 
1 56 14 5 2 1 
14 31 13 3 9 3 2 1 1 1 1 
1 43 27 3 4 1 
1 72 1 1 3 1 
3 45 23 6 2 
1 60 2 9 3 1 1 2 
2 66 11 
4 16 2 45 3 2 6 1 
1 46 32 
1 34 22 7 4 5 4 1 1 
1 4 30 28 13 3 
1 19 7 24 28 
1 63 14 1 
1 32 18 24 2 1 1 
1 37 36 3 2 
1 18 60 
1 15 50 3 10 
4 31 13 13 18 
22 26 10 12 9 
4 29 9 23 3 3 3 3 2 
3 2 46 18 10 
1 24 3 50 1 
34 8 34 1 2 
2 50 10 2 7 1 4 1 1 1 
3 73 3 
1 27 25 18 7 1 
1 28 35 8 2 5 
4 38 31 1 1 2 1 1 
2 37 8 18 13 1 
2 34 13 14 6 1 9 
19 28 11 3 3 8 6 1 
10 41 5 20 3 
72 3 3 1 
11 46 1 7 1 11 1 1 
6 7 43 6 6 2 3 2 4 
1 18 60 
5 49 18 4 1 1 1 
23 4 19 20 9 4 
9 14 28 4 16 6 2 
59 13 4 3 
2 20 54 1 2 
1 42 3 20 2 2 1 5 3 
1 24 34 1 16 3 
3 25 32 9 1 3 1 4 1 
15 19 31 1 6 5 2 
21 36 11 11 
4 12 7 42 5 5 4 
1 46 10 4 18 
1 36 24 10 8 
55 7 3 7 7 
2 3 53 3 8 7 2 1 
1 55 13 6 1 2 1 
54 4 2 3 9 1 2 3 1 
50 6 21 1 1 
3 44 4 2 5 18 2 1 
45 33 1 
1 1 24 18 13 19 3 
1 56 7 8 4 2 1 
2 38 33 5 1 
4 39 12 22 1 1 
6 60 13 
4 72 3 
1 76 1 1 
1 31 22 22 3 
11 65 1 2 
1 76 1 1 
2 70 5 1 1 
1 49 10 7 2 2 3 1 2 2 
24 55 
5 30 40 4 
17 34 15 13 
1 58 3 7 7 1 1 1 
2 49 3 13 6 1 5 
3 36 18 13 4 1 2 2 
1 24 30 14 5 4 1 
1 78 
51 23 2 1 2 
2 45 8 5 13 5 1 
8 40 31 
1 13 40 15 1 2 2 2 2 1 
7 45 26 1 
1 52 9 1 10 3 2 1 
29 30 1 5 14 
4 41 11 18 5 
1 15 2 1 59 1 
1 5 1 4 14 32 14 8 
4 72 3 
1 77 1 
11 50 4 12 2 
11 45 9 5 9 
1 44 8 17 6 3 
16 40 19 4 
1 17 11 2 44 4 
59 15 1 1 2 1 
10 63 5 1 
25 24 30 
4 27 28 8 11 1 
1 21 44 5 4 1 3 
1 52 16 6 4 
1 25 42 4 5 2 
1 63 4 6 4 1 
20 51 8 
27 25 22 1 4 
2 53 22 1 1 
1 49 5 22 1 1 
2 63 2 9 2 1 
1 67 11 
1 9 12 41 7 2 3 3 1 
2 58 18 1 
1 41 37 
6 29 30 6 6 2 
25 14 17 12 10 1 
13 53 9 3 1 
1 74 1 1 1 1 
1 27 49 1 1 
58 12 8 1 
9 37 13 11 2 2 5 
1 45 33 
56 20 1 2 
12 48 5 2 3 7 2 
1 5 3 40 3 27 
1 64 1 3 1 3 5 1 
1 36 6 10 11 8 1 6 
1 11 23 34 10 
3 9 45 16 3 1 2 
1 15 23 36 1 3 
1 11 66 1 
2 29 7 29 3 8 1 
1 64 6 2 6 
1 68 6 1 1 1 1 
14 4 35 6 8 9 3 
2 21 34 12 4 5 1 
1 57 21 
11 41 18 3 2 3 1 
2 45 10 13 8 1 
1 53 1 5 8 9 1 1 
2 21 43 7 1 3 2 
1 22 37 5 13 1 
65 9 1 1 1 2 
3 46 1 23 2 1 3 
1 56 9 3 2 7 1 
79 
34 27 18 
1 74 4 
1 49 5 4 14 2 2 2 
11 50 14 1 1 2 
1 7 36 11 8 14 1 1 
76 1 1 1 
32 40 7 
5 64 2 1 3 2 2 
2 20 29 9 2 10 5 2 
1 49 21 2 6 
15 41 6 7 5 1 3 1 
3 42 24 3 1 6 
1 22 34 19 3 
5 8 27 4 20 14 1 
41 33 3 1 1 
15 33 26 3 1 1 
1 35 12 26 5 
3 52 14 4 4 1 1 
9 24 8 21 5 10 2 
5 31 40 3 
2 54 7 2 2 1 6 5 
2 24 12 12 6 11 10 1 1 
57 22 
1 9 44 15 7 3 
3 55 7 14 
2 30 46 1 
1 54 24 
1 66 5 6 1 
46 7 24 2 
1 65 4 4 5 
6 33 39 1 
1 75 2 1 
54 16 8 1 
14 41 10 3 2 4 4 1 
3 27 30 6 2 1 4 1 2 3 
1 2 62 8 3 1 2 
2 44 26 4 1 2 
6 48 20 2 2 1 
2 40 27 7 1 2 
1 56 16 2 2 2 
5 22 41 8 3 
1 64 12 1 1 
6 47 26 
1 33 40 5 
5 71 3 
1 44 7 16 11 
1 66 10 1 1 
7 28 44 
11 1 10 25 15 13 3 1 
2 9 36 5 15 9 3 
1 64 2 8 4 
2 62 15 
1 37 17 20 2 2 
12 62 5 
11 68 
5 46 20 4 4 
34 7 30 3 1 2 2 
4 36 20 14 2 1 1 1 
2 46 23 4 2 1 1 
6 6 13 49 1 1 2 1 
17 37 10 6 8 1 
1 77 1 
1 32 2 18 21 3 2 
1 37 40 1 
2 41 13 17 2 3 1 
2 43 17 12 3 1 1 
3 26 47 2 1 
1 31 12 21 12 1 1 
5 73 1 
1 48 6 22 1 1 
5 6 48 6 8 6 
1 20 58 
46 10 4 11 8 
22 22 20 5 5 4 1 
57 21 1 
2 53 21 2 1 
1 76 2 
1 40 22 8 8 
1 52 1 12 4 9 
2 63 13 1 
18 60 1 
17 8 34 16 2 2 
2 31 21 19 5 1 
1 8 44 10 16 
3 40 36 
1 72 6 
1 1 33 9 16 10 9 
1 67 6 3 1 1 
12 58 7 1 1 
1 33 27 2 3 2 3 1 3 1 2 1 
20 26 22 10 1 
4 74 1 
1 55 14 7 1 1 
79 
1 60 14 4 
14 3 52 3 1 4 1 1 
35 1 40 3 
9 41 15 6 2 4 1 1 
4 21 46 6 2 
1 41 37 
1 9 20 9 9 29 2 
1 17 13 32 3 10 1 1 1 
28 30 21 
54 25 
13 41 9 10 6 
1 67 11 
1 18 51 7 2 
2 4 8 64 1 
1 35 2 37 1 2 1 
2 50 6 2 17 2 
32 9 27 11 
5 39 24 9 2 
2 66 10 1 
21 4 32 8 10 4 
32 14 25 7 1 
3 60 8 5 1 1 1 
47 8 4 12 8 
1 11 46 19 2 
4 50 12 5 6 1 1 
3 69 7 
1 60 1 7 4 5 1 
1 74 2 1 1 
6 54 18 1 
1 57 20 1 
5 12 62 
1 40 29 8 1 
1 40 6 20 7 4 1 
1 17 33 14 9 1 3 1 
1 26 5 21 5 1 20 
70 9 
1 37 33 5 3 
35 44 
4 62 8 2 1 1 1 
7 16 12 8 17 9 5 5 
1 13 12 45 2 6 
19 25 21 12 1 1 
73 4 1 1 
4 53 22 
2 51 4 4 1 14 3 
1 42 7 11 10 5 2 1 
16 60 2 1 
1 3 2 8 26 33 1 2 2 1 
1 59 19 
1 18 34 20 4 2 
1 11 46 12 6 1 2 
9 13 47 10 
71 8 
1 27 16 28 4 3 
5 63 6 1 2 1 1 
1 40 38 
1 37 35 6 
2 44 12 10 1 5 1 2 1 1 
9 31 1 27 9 2 
58 14 3 1 1 1 1 
31 28 20 
17 48 1 7 6 
1 18 33 18 2 4 1 2 
1 68 10 
1 41 19 6 7 2 2 1 
79 
10 52 15 2 
2 33 19 23 1 1 
78 1 
1 13 6 32 26 1 
3 57 10 7 2 
15 28 23 1 8 2 1 1 
3 55 9 7 3 1 1 
3 16 33 13 14 
30 24 25 
1 39 1 16 1 16 5 
1 10 7 5 52 2 1 1 
1 49 22 3 3 1 
59 4 1 10 2 3 
1 41 37 
2 4 12 37 16 1 4 1 2 
7 40 12 10 10 
1 18 1 41 11 2 4 1 
2 6 38 30 3 
1 64 13 1 
1 37 27 6 4 1 2 1 
12 34 19 9 1 3 1 
4 24 42 1 8 
2 4 17 15 15 20 1 5 
1 51 6 11 3 1 5 1 
2 69 7 1 
8 15 40 15 1 
55 8 5 8 3 
1 2 55 6 4 1 8 2 
2 12 15 12 16 6 2 8 1 4 1 
1 24 49 4 1 
2 64 3 9 1 
12 33 24 3 1 3 2 1 
10 27 34 5 1 2 
1 52 20 5 1 
4 70 5 
10 33 20 4 3 2 4 2 1 
2 9 58 9 1 
68 11 
1 59 19 
79 
13 64 2 
2 17 27 3 25 3 1 1 
1 5 2 19 3 34 2 7 1 1 1 1 2 
1 9 56 3 6 3 1 
1 32 27 13 4 2 
2 1 41 28 2 4 1 
9 5 47 17 1 
16 32 22 3 2 2 2 
46 30 3 
1 64 14 
9 12 31 1 4 13 5 2 2 
1 39 12 18 8 1 
15 14 35 13 2 
1 58 20 
1 68 10 
1 70 3 4 1 
1 14 14 23 23 4 
42 11 2 3 5 11 4 1 
5 53 13 8 
1 42 35 1 
1 32 28 6 2 9 1 
18 61 
51 4 19 4 1 
9 37 18 14 1 
3 71 3 2 
31 17 31 
1 27 39 11 1 
2 11 58 4 4 
1 25 28 20 1 3 1 
1 71 7 
2 58 2 9 7 1 
3 67 5 3 1 
5 42 31 1 
2 30 29 14 4 
3 55 9 1 9 2 
5 13 11 40 5 3 2 
2 20 56 1 
1 54 10 6 4 2 2 
1 17 12 20 20 3 3 2 1 
23 40 14 2 
1 30 47 1 
1 38 29 4 2 4 1 
6 13 44 8 6 2 
1 33 39 3 1 1 1 
25 13 3 17 5 2 3 3 5 3 
3 15 50 4 1 5 1 
1 30 40 6 1 1 
4 30 45 
13 6 18 4 4 10 9 4 7 1 1 1 1 
3 16 10 9 17 22 2 
4 30 3 39 1 2 
1 34 40 1 3 
3 71 5 
2 72 1 1 3 
2 47 8 7 11 3 1 
7 12 52 3 5 
8 3 15 51 1 1 
1 26 27 7 1 8 1 4 1 3 
5 11 55 7 1 
1 4 28 21 22 2 1 
10 28 39 1 1 
1 74 4 
11 4 63 1 
1 2 74 1 1 
53 10 10 6 
48 27 3 1 
1 69 4 5 
1 34 9 21 9 3 2 
13 28 4 6 3 20 4 1 
1 67 1 10 
79 
3 1 62 2 3 3 1 1 2 1 
1 1 60 8 9 
8 67 1 1 1 1 
2 58 6 5 8 
75 1 3 
1 40 38 
23 10 8 4 7 7 5 13 1 1 
1 64 2 9 2 1 
3 55 13 5 2 1 
22 10 10 4 16 13 2 1 1 
3 59 4 10 1 2 
1 9 46 12 1 7 3 
12 38 27 2 
1 54 8 7 3 6 
25 53 1 
35 38 6 
2 36 29 3 9 
10 64 2 3 
5 27 9 12 17 4 5 
15 18 40 5 1 
1 4 71 1 1 1 
8 15 2 36 18 
5 19 25 30 
2 77 
1 21 57 
1 33 27 15 3 
14 51 14 
13 33 23 5 1 1 3 
41 6 10 17 5 
40 17 4 14 2 2 
74 1 3 1 
1 63 13 2 
1 56 19 2 1 
77 1 1 
1 49 24 1 2 2 
1 29 40 7 1 1 
1 63 8 1 3 2 1 
1 59 15 4 
6 13 21 13 5 15 1 3 1 1 
5 25 41 3 1 3 1 
1 74 2 2 
4 49 24 1 1 
2 64 6 4 3 
1 10 13 25 1 3 20 4 1 1 
34 13 24 3 5 
4 53 2 10 9 1 
6 27 46 
5 43 25 4 2 
5 65 2 5 1 1 
1 75 3 
3 5 59 11 1 
8 11 10 36 4 10 
10 55 2 9 1 1 1 
79 
4 9 11 9 11 5 14 7 5 2 2 
4 72 1 1 1 
37 42 
22 18 2 17 9 3 7 1 
1 37 40 1 
10 9 12 4 43 1 
1 7 59 2 10 
1 68 6 2 1 1 
1 11 59 1 4 1 1 1 
3 74 1 1 
8 52 3 10 5 1 
1 72 2 3 1 
9 5 53 6 5 1 
1 19 44 7 3 1 3 1 
8 37 14 2 1 3 10 2 2 
1 11 23 7 17 11 6 1 2 
1 54 18 3 1 1 1 
51 21 4 2 1 
2 60 4 7 3 3 
1 25 53 
13 38 5 10 1 3 1 6 1 1 
1 35 18 6 11 3 3 1 1 
1 22 44 12 
1 63 12 1 1 1 
2 54 8 14 1 
1 1 30 30 5 12 
1 68 1 3 2 2 2 
7 31 19 7 3 5 1 3 2 1 
14 38 15 3 4 4 1 
4 53 18 2 1 1 
2 8 32 31 6 
1 69 1 8 
78 1 
6 21 14 25 9 4 
8 8 17 26 17 1 2 
3 61 12 1 2 
1 73 3 1 1 
6 57 15 1 
2 66 2 1 8 
64 12 3 
3 64 11 1 
17 11 51 
15 23 38 1 1 1 
1 76 1 1 
1 16 14 13 34 1 
42 17 20 
46 13 12 8 
2 12 19 35 1 5 4 1 
6 53 14 6 
6 3 25 11 5 13 7 4 2 1 2 
1 20 14 3 28 7 4 2 
6 24 39 8 2 
3 21 18 2 16 11 4 1 1 2 
4 75 
7 30 13 8 21 
6 68 4 1 
9 46 21 3 
65 3 6 3 2 
3 60 13 2 1 
78 1 
22 35 22 
1 46 24 6 1 1 
1 76 1 1 
70 8 1 
17 13 34 14 1 
7 55 4 9 2 2 
2 43 11 10 10 1 1 1 
5 58 14 1 1 
2 55 1 12 2 5 1 1 
2 62 4 10 1 
1 61 13 1 2 1 
5 14 42 13 5 
4 28 13 9 19 2 4 
15 14 7 39 4 
2 69 8 
1 19 41 6 11 1 
3 76 
35 38 6 
18 1 48 11 1 
1 59 13 6 
22 12 37 5 1 2 
1 22 46 6 4 
2 51 23 1 2 
1 33 16 25 1 2 1 
1 74 2 1 1 
3 31 9 5 24 1 4 2 
4 16 5 16 4 25 5 3 1 
1 65 12 1 
25 13 27 13 1 
75 1 1 2 
1 18 22 26 10 2 
1 26 12 2 37 1 
1 44 25 6 3 
9 21 36 6 7 
1 55 4 15 2 2 
7 54 14 2 1 1 
1 40 12 7 3 16 
1 47 2 23 2 2 2 
32 37 4 3 2 1 
44 17 12 1 2 1 2 
1 71 7 
17 57 5 
2 14 3 13 21 16 1 1 5 1 1 1 
1 62 16 
15 64 
1 35 14 2 4 10 4 8 1 
5 42 20 3 9 
3 16 55 3 2 
54 15 3 2 4 1 
11 46 5 10 2 1 3 1 
1 33 33 7 5 
60 10 6 2 1 
1 60 17 1 
9 64 6 
6 61 11 1 
2 9 26 29 9 2 2 
31 2 3 27 15 1 
8 68 3 
1 71 6 1 
3 73 2 1 
2 66 6 2 1 2 
25 12 33 7 1 1 
1 60 18 
11 7 51 9 1 
3 67 3 3 1 2 
1 21 50 1 1 3 2 
3 56 13 3 4 
1 76 2 
4 33 37 3 2 
6 63 10 
1 34 11 7 14 12 
1 63 15 
30 8 41 
1 76 2 
2 45 13 7 12 
21 2 44 10 2 
33 18 11 12 3 1 1 
4 61 14 
2 63 12 1 1 
55 7 11 5 1 
1 47 26 4 1 
1 52 8 18 
76 1 1 1 
13 9 9 3 19 6 20 
2 18 31 28 
26 25 6 3 1 6 6 1 2 2 1 
2 11 46 18 2 
1 61 6 6 3 2 
70 7 1 1 
1 59 19 
6 19 8 9 16 19 1 1 
3 2 27 27 10 1 2 3 2 1 1 
8 41 27 2 1 
1 3 33 36 5 1 
2 15 6 15 4 28 4 3 1 1 
5 58 11 3 2 
1 72 2 1 1 2 
5 1 22 27 24 
2 59 1 7 5 3 2 
1 59 1 8 6 1 2 1 
2 63 14 
6 58 8 7 
1 30 42 5 1 
17 12 21 21 6 2 
15 18 5 12 2 13 9 1 2 1 1 
2 43 34 
3 62 1 11 1 1 
1 62 7 5 1 1 1 1 
1 7 61 9 1 
25 24 25 1 1 2 1 
3 26 50 
1 41 13 6 5 6 2 4 1 
78 1 
1 65 13 
1 54 3 6 5 5 5 
10 11 31 1 26 
3 15 8 9 26 1 1 2 2 3 3 1 5 
16 43 16 3 1 
1 45 2 1 27 1 1 1 
1 57 3 17 1 
2 7 66 2 2 
2 12 19 41 1 4 
1 74 3 1 
78 1 
4 37 10 28 
2 9 18 4 35 1 3 5 1 1 
3 20 53 1 2 
46 33 
1 70 5 2 1 
1 59 7 2 2 3 4 1 
1 39 21 6 5 5 1 1 
3 6 6 13 43 3 4 1 
32 8 39 
4 9 4 34 8 19 1 
13 56 8 1 1 
1 35 14 11 16 1 1 
2 7 27 40 3 
4 24 47 3 1 
23 33 7 9 3 2 1 1 
11 14 22 1 31 
2 71 6 
4 56 10 7 2 
7 36 10 4 22 
1 53 1 21 3 
2 58 1 1 4 12 1 
1 40 23 10 2 2 1 
2 29 36 3 9 
17 46 3 9 1 3 
6 23 11 21 7 11 
2 70 5 2 
1 20 11 3 6 25 7 2 1 2 1 
1 29 5 13 10 6 7 1 6 1 
7 14 1 7 26 11 11 2 
2 52 13 7 5 
20 9 7 18 8 10 2 2 3 
1 13 49 15 1 
17 39 22 1 
2 48 8 1 20 
1 76 2 
19 50 8 2 
1 69 7 2 
2 14 25 10 28 
3 62 11 2 1 
3 38 38 
1 24 27 5 11 1 6 1 1 2 
6 61 12 
8 30 28 3 6 2 2 
51 16 11 1 
70 2 6 1 
1 44 33 1 
13 16 14 20 7 2 3 4 
55 15 1 1 7 
3 26 34 5 11 
1 52 5 3 7 5 6 
1 58 19 1 
1 24 18 10 10 11 2 1 2 
1 48 30 
77 1 1 
9 45 3 10 5 3 3 1 
2 46 31 
44 24 2 4 2 3 
2 51 8 13 5 
2 3 16 21 31 2 1 1 1 1 
77 1 1 
57 22 
66 13 
29 8 42 
1 60 16 2 
3 50 15 3 3 5 
48 5 14 2 3 7 
3 33 43 
1 70 8 
1 24 48 6 
1 47 11 12 1 2 4 1 
76 3 
1 67 11 
1 42 16 8 4 5 2 1 
1 33 2 25 3 13 2 
4 45 25 3 2 
1 28 10 20 11 8 1 
1 33 6 20 2 11 6 
1 78 
5 26 31 13 1 3 
2 34 8 28 7 
1 28 14 11 18 4 3 
70 7 1 1 
2 43 15 11 5 3 
2 68 9 
3 38 24 14 
23 9 6 16 6 14 1 1 3 
2 62 14 1 
1 34 41 3 
1 10 20 13 13 2 8 11 1 
1 53 22 1 2 
3 14 3 2 27 12 10 3 2 1 2 
12 47 6 7 4 3 
2 71 3 3 
43 28 6 1 1 
1 54 18 1 3 2 
5 4 34 5 7 9 2 2 5 1 2 1 2 
2 37 19 12 9 
10 35 32 2 
8 6 48 3 1 13 
1 63 9 1 2 1 1 1 
1 54 11 11 2 
1 14 37 11 1 13 1 1 
3 40 27 9 
3 5 11 4 25 3 7 17 3 1 
4 45 20 3 4 1 1 1 
1 63 10 2 2 1 
4 69 4 1 1 
35 38 1 5 
1 43 28 3 2 2 
6 36 3 25 7 2 
6 46 27 
1 24 8 35 10 1 
79 
4 36 11 3 21 3 1 
2 77 
1 77 1 
2 54 21 1 1 
1 11 13 31 4 17 2 
1 73 4 1 
7 68 4 
1 57 12 1 6 1 1 
2 11 64 1 1 
1 26 23 21 1 3 4 
14 6 6 22 11 18 2 
1 73 3 2 
1 40 17 14 6 1 
4 53 15 1 6 
1 23 4 26 5 4 16 
2 39 11 4 10 7 5 1 
1 1 14 63 
1 64 7 2 3 2 
21 43 15 
2 46 27 4 
1 36 38 4 
1 4 46 8 15 2 2 1 
2 61 16 
5 15 21 17 12 3 2 1 1 2 
3 59 17 
1 77 1 
1 48 18 9 3 
4 39 36 
1 23 4 19 24 4 1 3 
1 11 15 37 4 3 1 1 1 2 1 1 1 
1 55 15 4 3 1 
1 51 5 19 3 
5 65 1 1 1 5 1 
51 8 18 1 1 
23 10 9 7 26 1 2 1 
8 71 
2 74 1 2 
7 28 35 4 4 1 
27 19 7 3 3 5 11 3 1 
2 20 7 36 5 2 1 5 1 
39 27 12 1 
25 16 19 10 7 1 1 
1 31 33 8 3 1 1 1 
3 40 31 2 1 1 1 
23 51 2 1 1 1 
1 33 38 6 1 
64 4 8 3 
6 31 7 19 12 1 2 1 
40 3 32 1 2 1 
4 64 10 1 
1 26 43 8 1 
1 68 1 1 4 3 1 
5 48 13 10 3 
1 78 
1 17 15 7 20 6 1 6 1 3 2 
1 76 2 
4 33 37 5 
73 3 1 2 
3 26 35 3 5 5 1 1 
2 61 15 1 
17 7 4 29 11 3 8 
1 20 17 19 14 3 1 4 
1 41 16 8 7 2 2 1 1 
1 33 36 5 3 1 
2 43 4 18 10 2 
20 8 41 1 5 3 1 
3 16 3 9 12 30 3 2 1 
2 20 26 14 6 10 1 
1 7 15 4 3 38 3 4 2 1 1 
4 23 19 7 3 17 5 1 
3 24 47 3 2 
79 
1 46 14 2 4 12 
1 22 56 
1 48 29 1 
9 25 22 8 9 3 2 1 
30 22 25 2 
5 26 4 26 1 16 1 
9 3 27 11 10 18 1 
6 26 9 12 14 5 1 2 2 2 
1 10 11 40 6 11 
1 3 57 14 4 
20 27 26 6 
1 65 6 5 2 
1 35 40 3 
2 44 25 1 3 3 1 
1 73 5 
20 13 20 24 1 1 
4 57 6 11 1 
1 71 2 1 4 
1 57 9 11 1 
2 4 62 7 1 3 
12 3 16 8 30 7 1 1 1 
1 47 26 5 
54 10 11 3 1 
1 74 2 1 1 
1 36 5 10 2 1 7 2 4 2 4 2 2 1 
2 65 12 
3 26 20 13 9 1 5 1 1 
3 7 3 51 1 2 6 5 1 
9 47 1 1 18 3 
1 52 18 4 2 2 
1 48 30 
1 50 1 18 9 
20 14 14 2 12 11 6 
3 36 3 19 4 1 1 4 8 
4 53 17 1 4 
15 16 40 7 1 
8 32 37 1 1 
2 52 24 1 
1 55 18 3 2 
1 55 21 1 1 
2 13 26 11 2 5 2 9 5 2 2 
73 1 4 1 
78 1 
13 17 8 36 5 
30 10 22 16 1 
4 74 1 
7 36 27 1 6 1 1 
2 69 1 1 2 1 1 1 1 
2 56 17 1 1 1 1 
27 1 7 15 9 1 15 2 1 1 
1 34 25 3 4 11 1 
79 
1 76 1 1 
13 38 16 8 4 
2 61 16 
10 32 8 25 3 1 
2 51 13 5 3 2 1 1 1 
2 67 7 2 1 
8 11 37 16 3 3 1 
3 23 23 16 13 1 
1 22 30 6 18 1 1 
75 2 2 
1 61 9 7 1 
2 5 15 34 8 6 3 3 2 1 
55 5 15 3 1 
1 17 39 6 3 10 2 1 
2 69 1 2 3 1 1 
49 17 1 5 2 2 2 1 
7 16 26 2 18 4 1 2 2 1 
13 54 10 2 
1 69 2 3 4 
4 10 21 13 2 5 10 6 5 1 1 1 
79 
1 35 16 23 1 1 1 1 
2 71 4 1 1 
1 10 34 3 5 21 4 1 
3 8 17 25 16 9 1 
61 2 16 
2 21 21 15 8 12 
1 74 1 3 
4 72 3 
58 13 8 
4 46 29 
2 72 5 
10 18 47 2 2 
11 36 4 17 11 
79 
3 23 49 4 
1 23 3 43 7 2 
3 70 1 1 3 1 
9 59 1 2 3 1 3 1 
3 76 
77 1 1 
5 42 10 3 3 4 1 3 4 2 1 1 
1 3 5 7 50 3 7 1 1 1 
3 51 6 9 10 
3 1 35 2 38 
1 32 7 27 4 4 1 3 
1 54 11 2 5 2 4 
18 41 17 1 2 
4 28 34 4 9 
51 24 4 
4 6 45 1 17 3 1 2 
1 9 53 15 1 
3 14 54 3 4 1 
12 28 31 4 2 2 
1 64 14 
10 2 27 35 5 
1 68 3 2 2 1 1 1 
1 4 71 3 
1 44 3 7 22 1 1 
5 26 48 
2 72 5 
5 51 6 14 3 
59 16 1 1 2 
1 33 23 6 8 5 2 1 
2 21 20 20 3 4 1 6 1 1 
2 64 12 1 
1 9 1 5 42 12 1 2 1 3 1 1 
1 29 26 19 3 1 
7 12 5 27 4 3 8 1 4 8 
11 43 13 4 1 1 4 1 1 
9 31 31 5 3 
6 45 12 16 
2 62 14 1 
3 40 30 2 1 1 2 
1 34 31 1 5 5 2 
6 67 2 1 2 1 
6 39 13 4 8 9 
2 38 9 1 25 1 3 
12 46 19 1 1 
4 70 1 3 1 
3 76 
2 72 5 
1 15 22 33 2 3 2 1 
1 74 4 
3 34 1 6 32 1 1 1 
1 42 27 8 1 
4 58 14 1 1 1 
1 26 29 6 5 2 1 5 1 2 1 
3 13 9 29 24 1 
3 52 16 8 
7 23 1 1 8 35 2 2 
3 27 36 13 
1 29 49 
6 34 7 30 1 1 
9 31 18 9 4 4 2 1 1 
2 30 3 15 27 2 
1 10 3 64 1 
1 51 9 15 2 1 
42 34 3 
10 16 50 3 
2 3 61 9 3 1 
1 24 35 10 9 
1 9 12 6 4 3 21 8 8 2 3 1 1 
1 3 39 1 22 7 5 1 
1 31 8 33 4 1 1 
1 48 29 1 
1 75 1 1 1 
4 73 2 
4 41 22 10 1 1 
22 33 21 2 1 
5 73 1 
2 16 39 2 7 1 11 1 
4 13 56 1 1 1 2 1 
1 14 4 40 16 2 1 1 
4 26 3 42 1 1 2 
5 31 42 1 
3 17 29 21 4 2 3 
1 65 1 2 6 2 2 
1 41 28 5 2 2 
25 34 5 10 5 
9 54 5 4 4 1 2 
32 44 2 1 
1 22 46 3 7 
69 7 3 
2 60 9 1 7 
11 58 10 
1 34 39 3 1 1 
2 60 17 
73 6 
1 25 26 3 9 9 6 
33 8 20 3 15 
1 77 1 
1 16 5 15 34 6 1 1 
6 1 12 6 37 5 4 4 2 1 1 
52 1 26 
6 18 5 7 25 15 3 
8 55 1 4 4 3 1 1 2 
1 73 4 1 
1 56 7 14 1 
4 57 15 3 
3 47 5 11 7 4 1 1 
2 74 3 
4 56 5 1 11 2 
1 63 8 7 
2 29 35 5 2 3 3 
79 
2 35 42 
1 40 3 11 22 2 
16 37 15 11 
2 57 18 2 
2 73 3 1 
14 56 2 4 3 
1 56 17 3 2 
2 69 8 
31 32 16 
2 65 9 3 
4 25 33 16 1 
2 18 40 4 2 9 1 2 1 
1 6 4 14 21 32 1 
2 24 17 30 6 
2 66 10 1 
69 8 2 
6 66 2 1 3 1 
2 60 13 1 2 1 
1 23 53 2 
6 14 21 18 14 2 1 3 
34 2 42 1 
64 2 11 1 1 
1 71 7 
77 2 
2 62 1 7 1 4 2 
6 60 11 1 1 
1 15 13 13 11 20 5 1 
5 42 7 2 19 3 1 
3 60 10 5 1 
19 24 30 1 4 1 
6 24 23 22 2 2 
1 59 5 1 4 2 2 1 3 1 
27 4 24 6 18 
2 49 5 18 5 
45 26 2 3 3 
22 50 4 3 
6 70 3 
13 23 43 
48 28 3 
1 74 4 
1 27 9 26 15 1 
19 17 29 12 2 
4 28 47 
1 17 60 1 
1 20 49 8 1 
23 4 22 22 7 1 
3 40 27 6 1 2 
3 10 66 
18 23 11 15 5 3 2 2 
1 11 49 5 12 1 
1 26 41 11 
1 74 4 
1 56 13 2 5 1 1 
10 53 16 
2 47 13 2 4 11 
6 62 11 
5 67 7 
11 68 
1 52 26 
1 67 2 4 5 
3 48 7 20 1 
1 47 27 2 2 
5 48 6 15 1 4 
4 38 19 12 5 1 
1 71 7 
16 28 24 2 5 2 2 
11 31 18 8 9 1 1 
1 13 2 28 3 6 6 1 6 2 3 2 4 2 
2 43 15 11 4 3 1 
1 33 1 5 13 3 11 1 1 5 4 1 
1 42 11 4 16 3 2 
1 20 56 1 1 
1 53 9 7 4 5 
3 64 11 1 
6 34 6 2 31 
1 75 3 
1 35 21 8 8 4 1 1 
58 19 1 1 
1 6 12 32 18 2 3 1 2 2 
78 1 
3 72 2 1 1 
65 8 6 
3 58 9 3 3 3 
12 32 21 5 4 1 2 1 1 
2 71 1 3 2 
3 48 2 15 11 
79 
9 51 4 3 3 2 2 2 2 1 
4 27 48 
1 34 35 8 1 
1 5 65 5 3 
79 
24 8 14 17 9 7 
3 67 2 4 2 1 
1 29 25 19 3 2 
19 22 33 5 
5 25 29 20 
1 48 6 24 
19 20 9 7 8 15 1 
2 74 1 1 1 
26 22 17 13 1 
6 35 22 16 
27 42 10 
11 66 2 
1 71 4 1 1 1 
1 60 4 9 5 
2 63 1 10 3 
1 62 3 10 3 
1 15 14 10 24 15 
1 26 24 24 1 2 1 
3 3 68 4 1 
1 67 10 1 
7 70 2 
2 2 51 6 1 13 4 
6 61 9 2 1 
2 76 1 
2 77 
2 71 4 1 1 
19 56 1 2 1 
1 78 
11 58 10 
3 21 4 18 9 8 5 8 2 1 
3 65 11 
2 45 4 28 
2 9 10 58 
17 27 19 5 10 1 
13 39 25 1 1 
3 1 20 46 2 4 2 1 
25 28 15 1 10 
1 57 16 2 3 
2 71 1 1 3 1 
3 50 25 1 
1 68 2 2 1 1 2 2 
1 52 11 12 2 1 
1 52 8 3 9 5 1 
1 67 8 3 
7 22 37 10 1 1 1 
1 43 5 26 4 
1 50 2 4 18 3 1 
3 28 20 13 1 6 1 3 3 1 
1 47 12 5 6 5 3 
1 30 28 6 2 11 1 
1 54 9 4 11 
5 36 17 15 5 1 
5 56 7 3 8 
9 69 1 
1 5 48 4 2 19 
5 47 1 21 1 2 1 1 
1 60 7 5 1 2 1 2 
2 67 10 
13 64 2 
1 27 12 7 2 11 14 2 3 
3 51 11 11 3 
1 26 33 2 8 4 2 2 1 
6 7 25 14 26 1 
1 8 29 31 9 1 
14 31 17 2 10 1 3 1 
11 43 14 1 7 1 1 1 
72 1 6 
1 52 1 17 8 
2 1 57 11 6 1 1 
1 38 24 1 5 10 
7 20 22 29 1 
40 11 13 11 1 3 
6 58 15 
1 14 64 
73 3 3 
1 70 4 2 2 
1 7 25 39 6 1 
79 
3 45 20 5 2 2 1 1 
2 53 4 6 10 2 2 
1 61 17 
43 7 19 1 9 
4 55 13 3 4 
1 43 15 9 5 5 1 
59 14 4 2 
2 47 12 11 5 1 1 
9 53 17 
27 13 31 1 2 3 1 1 
3 32 12 30 2 
4 60 5 9 1 
1 74 2 2 
5 40 9 6 2 7 6 1 1 1 1 
1 76 2 
1 9 60 7 1 1 
1 25 11 15 23 3 1 
7 53 19 
1 50 8 14 4 1 1 
1 73 2 3 
1 58 11 1 5 3 
1 10 13 35 18 2 
1 26 38 11 2 1 
49 26 4 
4 43 17 1 11 1 2 
1 4 55 10 9 
1 20 34 24 
3 26 14 17 8 10 1 
1 62 16 
1 39 36 3 
5 30 34 4 6 
1 62 9 3 1 3 
1 16 32 16 14 
1 48 30 
10 20 17 5 16 10 1 
1 65 3 10 
7 31 15 17 2 3 2 2 
19 39 11 4 5 1 
1 63 14 1 
1 41 1 14 9 7 5 1 
1 44 30 2 1 1 
10 40 16 1 6 1 1 1 3 
1 16 22 24 16 
1 49 25 1 2 1 
2 46 20 11 
62 2 7 7 1 
1 2 42 23 7 4 
21 55 3 
2 30 21 21 5 
2 53 24 
10 49 16 2 2 
6 53 20 
75 4 
2 20 26 6 12 6 6 1 
1 29 29 14 3 2 1 
1 22 3 23 24 3 3 
1 31 30 15 2 
1 54 21 1 2 
6 49 11 12 1 
1 33 30 1 2 5 4 1 2 
24 10 30 6 9 
14 57 2 3 3 
3 34 31 6 5 
2 53 1 6 6 9 2 
4 66 2 1 3 3 
1 57 6 2 2 7 1 3 
1 31 22 6 7 2 2 3 5 
3 61 11 4 
79 
3 28 36 4 5 1 2 
7 21 36 5 1 4 4 1 
1 71 2 5 
1 37 23 7 6 1 4 
1 66 11 1 
1 72 6 
3 27 44 3 2 
7 19 36 16 1 
4 33 22 8 4 8 
1 31 18 19 10 
2 19 12 35 2 6 3 
45 17 11 3 2 1 
1 47 14 17 
1 75 2 1 
3 57 18 1 
1 68 1 5 1 2 1 
1 19 5 11 7 18 8 4 5 1 
1 69 1 1 2 5 
1 5 29 25 7 3 8 1 
4 15 26 8 11 7 5 3 
60 12 2 3 2 
53 6 17 2 1 
1 4 45 13 7 1 1 1 4 2 
1 75 3 
2 39 16 5 6 1 5 5 
5 12 12 43 4 1 2 
8 53 7 4 3 4 
1 20 5 50 1 1 1 
5 60 1 4 2 3 1 2 1 
2 59 6 2 7 3 
2 25 12 15 23 2 
75 2 2 
9 3 54 2 11 
7 37 25 10 
2 51 20 5 1 
1 32 40 1 2 2 1 
2 33 44 
3 53 2 2 12 3 4 
27 17 33 2 
1 63 6 8 1 
5 57 11 6 
1 21 5 44 8 
3 52 21 2 1 
4 24 45 5 1 
4 13 50 12 
10 2 29 8 18 9 1 2 
2 16 60 1 
2 59 9 7 2 
1 76 2 
72 6 1 
4 14 29 6 17 8 1 
8 9 13 36 1 10 2 
26 44 5 4 
1 77 1 
77 2 
1 7 27 43 1 
3 46 28 2 
1 66 8 1 2 1 
22 1 24 28 2 1 1 
54 25 
2 65 9 1 1 1 
7 31 8 3 7 6 5 2 3 2 5 
13 30 25 6 1 3 1 
2 5 42 16 4 6 4 
3 20 1 54 1 
30 26 11 12 
1 23 2 48 5 
3 26 15 13 5 4 2 7 3 1 
2 76 1 
56 2 6 6 3 1 4 1 
3 66 10 
14 4 49 6 2 1 1 2 
36 14 21 8 
8 45 14 3 3 5 1 
47 24 6 1 1 
15 48 12 2 2 
4 40 12 8 6 4 1 2 1 1 
5 38 1 1 3 24 3 2 2 
5 15 19 4 1 30 2 3 
79 
40 37 2 
1 39 26 4 4 5 
4 10 39 13 1 2 4 4 2 
1 4 69 2 3 
24 20 6 7 13 9 
1 76 2 
3 45 2 13 5 10 1 
2 9 68 
7 35 23 10 4 
2 66 6 2 1 1 1 
5 33 3 34 3 1 
1 67 11 
2 54 17 6 
1 32 46 
3 22 33 13 8 
1 47 7 20 3 1 
1 76 2 
2 8 20 33 11 1 2 1 1 
10 65 1 2 1 
1 36 42 
48 9 17 5 
1 49 6 20 3 
6 2 47 5 12 3 2 2 
1 12 3 41 22 
18 46 9 3 3 
4 29 31 11 1 2 1 
7 36 7 11 2 6 2 2 6 
14 62 1 2 
32 47 
61 1 4 1 6 2 1 2 1 
3 57 14 2 2 1 
1 43 32 3 
67 10 1 1 
1 43 15 2 4 1 6 1 5 1 
4 40 18 3 9 3 2 
30 41 2 4 2 
34 19 19 5 2 
14 12 8 6 24 1 2 4 1 6 1 
7 57 12 3 
7 46 5 11 2 6 2 
5 32 15 22 5 
62 16 1 
24 24 3 28 
1 56 3 15 4 
15 15 8 8 2 2 12 6 9 1 1 
1 13 15 30 13 6 1 
5 58 16 
1 70 7 1 
1 40 13 11 13 1 
8 14 8 4 42 1 2 
3 45 29 2 
5 34 40 
9 61 9 
1 28 18 2 29 1 
7 8 24 36 1 1 2 
12 52 12 2 1 
1 31 37 9 1 
3 7 64 1 4 
11 59 8 1 
4 55 9 4 4 3 
20 48 5 5 1 
1 66 3 8 1 
4 54 9 8 1 1 2 
3 13 27 19 2 3 7 5 
1 48 5 10 4 4 7 
43 30 1 3 1 1 
3 42 34 
1 66 6 2 4 
2 12 37 3 6 12 2 5 
1 5 71 1 1 
4 25 28 22 
1 34 4 10 8 2 13 5 2 
1 12 20 22 8 3 1 3 3 1 1 4 
1 26 37 10 5 
4 67 7 1 
1 15 25 24 2 8 3 1 
1 41 37 
12 59 8 
79 
1 10 12 26 18 9 1 2 
2 3 40 33 1 
7 52 9 1 4 4 1 1 
1 3 60 8 4 1 2 
1 50 6 11 7 2 2 
69 6 4 
3 12 44 14 4 1 1 
2 27 50 
2 52 25 
1 57 16 3 1 1 
1 46 20 9 3 
5 70 1 2 1 
1 55 4 13 5 1 
1 55 5 17 1 
1 74 4 
6 62 11 
72 3 4 
1 68 8 1 1 
10 12 4 25 25 3 
10 5 30 17 11 1 4 1 
4 65 6 3 1 
1 15 13 36 9 2 1 1 1 
7 34 6 13 15 2 1 1 
1 57 2 9 4 4 2 
1 61 14 1 2 
1 73 5 
4 23 25 4 18 5 
1 22 6 21 23 2 4 
2 67 9 1 
1 41 37 
4 63 10 1 1 
1 76 2 
8 14 41 1 6 6 2 1 
4 20 46 2 2 4 1 
4 66 8 1 
1 62 16 
1 33 15 10 20 
5 30 12 1 21 10 
1 23 33 21 1 
1 46 5 5 6 13 2 1 
41 20 13 3 2 
3 41 14 13 4 3 1 
43 22 13 1 
1 74 4 
29 7 7 21 8 6 1 
1 35 38 4 1 
4 29 38 7 1 
57 9 4 3 6 
2 2 38 11 23 1 2 
8 22 45 1 1 1 1 
62 7 4 3 3 
79 
3 1 18 33 18 3 3 
66 6 1 3 3 
2 2 55 19 1 
1 25 44 5 3 1 
4 69 4 1 1 
11 5 38 5 8 6 6 
1 77 1 
1 16 39 8 12 3 
1 61 17 
5 6 66 1 1 
1 17 3 11 44 1 2 
1 23 35 4 15 1 
21 11 34 12 1 
50 8 7 9 4 1 
2 16 56 1 4 
6 36 36 1 
2 42 1 7 21 2 4 
2 71 6 
1 68 3 2 2 3 
2 57 20 
11 42 26 
79 
1 48 11 7 6 1 4 1 
10 65 3 1 
2 11 46 10 4 1 4 1 
1 70 7 1 
4 26 30 12 3 3 1 
75 2 1 1 
32 35 4 1 7 
11 42 23 3 
1 12 18 4 21 1 5 5 3 2 1 4 1 1 
7 7 24 7 27 4 1 2 
27 46 2 4 
1 48 27 1 2 
4 20 38 14 3 
22 32 23 1 1 
1 42 35 1 
1 40 35 1 1 1 
3 17 44 6 1 8 
1 31 26 12 3 5 1 
77 1 1 
37 31 9 2 
1 45 25 2 6 
65 7 7 
19 54 6 
39 9 29 2 
5 2 8 13 19 21 4 1 5 1 
1 66 11 1 
3 55 3 9 6 3 
1 60 18 
1 69 4 4 1 
1 16 52 3 2 1 4 
76 1 2 
5 41 19 11 2 1 
2 35 27 2 1 1 5 6 
2 53 9 11 1 2 1 
1 65 7 3 3 
37 8 34 
1 17 46 8 1 3 2 1 
1 49 7 16 3 3 
2 60 11 6 
1 55 16 5 2 
76 2 1 
1 14 16 21 20 6 1 
1 72 1 2 2 1 
23 12 3 25 4 6 3 1 2 
1 70 1 5 1 1 
9 3 66 1 
1 51 22 4 1 
1 39 25 13 1 
1 70 1 6 1 
2 34 1 34 5 1 2 
1 60 18 
4 42 27 5 1 
39 11 19 6 1 1 2 
1 12 10 19 16 12 2 2 2 1 2 
1 61 11 2 4 
1 46 8 13 8 3 
55 15 8 1 
19 52 8 
70 5 2 2 
3 15 23 38 
1 45 33 
2 65 10 1 1 
1 25 43 10 
76 1 2 
1 4 61 8 1 1 2 1 
3 38 38 
2 7 27 43 
2 59 2 7 7 2 
4 75 
1 6 46 4 7 9 4 1 1 
5 35 13 25 1 
1 13 20 14 3 19 2 6 1 
4 23 11 23 6 2 10 
1 33 22 16 7 
79 
77 2 
68 10 1 
14 27 38 
8 52 12 2 2 1 2 
1 9 2 18 26 15 8 
32 35 4 3 5 
1 11 57 6 1 2 1 
1 67 8 2 1 
6 45 22 3 2 1 
1 72 6 
1 48 17 4 6 2 1 
1 77 1 
1 67 10 1 
6 22 51 
25 44 10 
1 9 20 49 
4 67 1 7 
27 25 2 2 2 10 10 1 
5 67 2 4 1 
1 10 50 2 8 4 2 1 1 
9 18 10 28 12 1 1 
1 20 19 25 1 5 4 3 1 
1 16 62 
5 17 34 8 15 
44 5 19 4 6 1 
1 24 34 20 
1 72 6 
1 77 1 
2 31 23 5 13 3 2 
3 13 17 27 10 7 1 1 
1 43 31 2 1 1 
79 
3 59 2 5 7 1 1 1 
79 
1 48 30 
1 32 30 2 13 1 
1 64 6 3 2 1 1 1 
1 11 39 27 1 
2 36 22 16 2 1 
1 10 35 9 7 2 3 4 3 3 2 
1 36 12 15 5 5 5 
3 7 30 17 4 3 8 7 
1 66 4 7 1 
2 70 7 
1 75 2 1 
26 2 41 3 5 1 1 
4 59 5 1 3 6 1 
20 14 44 1 
33 43 2 1 
1 43 34 1 
2 62 2 3 9 1 
1 46 26 3 3 
1 67 11 
2 34 13 4 11 11 1 3 
1 75 2 1 
6 32 9 1 3 25 1 1 1 
1 36 37 3 2 
2 20 34 15 6 2 
1 47 31 
1 65 5 1 6 1 
68 6 4 1 
11 44 2 11 3 8 
1 71 2 1 3 1 
1 71 6 1 
3 57 2 2 1 5 1 6 1 1 
1 69 3 3 1 1 1 
1 65 10 3 
16 45 14 4 
1 50 9 13 2 3 1 
73 1 4 1 
1 68 3 2 3 1 1 
4 74 1 
3 43 23 3 7 
72 1 3 2 1 
2 35 8 18 11 5 
3 25 9 5 13 1 4 14 5 
3 73 1 2 
46 12 3 17 1 
1 31 7 13 14 3 7 2 1 
1 23 27 22 6 
1 63 1 12 1 1 
79 
4 56 15 2 1 1 
2 56 4 9 4 4 
1 11 39 24 4 
2 67 4 6 
1 23 46 4 2 1 2 
1 41 12 3 17 5 
1 47 31 
4 43 12 15 4 1 
29 49 1 
1 30 35 3 10 
2 76 1 
2 3 29 10 28 3 4 
9 54 5 4 5 1 1 
3 73 3 
8 35 10 19 2 3 1 1 
24 27 15 2 11 
3 30 44 2 
1 50 5 21 2 
1 64 6 2 5 1 
1 40 15 8 6 5 2 1 1 
6 16 3 35 10 5 1 3 
4 18 57 
2 7 35 9 6 18 2 
8 55 4 12 
3 42 34 
3 31 7 2 13 9 7 2 5 
59 7 1 12 
2 70 6 1 
4 6 67 2 
1 33 35 5 5 
58 3 7 8 3 
1 66 12 
1 13 48 12 3 1 1 
1 34 42 2 
33 39 5 1 1 
2 74 3 
3 44 26 1 1 3 1 
2 72 5 
6 65 6 2 
1 25 36 6 1 8 2 
3 6 44 22 4 
79 
19 57 3 
1 68 10 
63 6 5 5 
4 42 28 1 4 
1 56 6 9 7 
8 22 37 8 3 1 
3 26 44 5 1 
1 7 34 15 10 9 1 2 
1 76 2 
21 42 11 5 
1 26 8 33 3 4 4 
6 62 4 5 1 1 
3 6 29 23 9 3 1 2 3 
1 62 15 1 
1 68 9 1 
56 4 14 5 
1 19 3 33 4 19 
1 6 6 62 4 
3 59 15 2 
4 75 
2 32 43 2 
38 10 16 12 1 2 
1 68 4 2 1 3 
1 60 18 
17 38 9 14 1 
1 52 17 6 2 1 
1 51 19 5 1 2 
1 25 53 
5 5 60 2 7 
1 5 44 6 16 4 1 1 1 
3 40 23 6 7 
1 59 14 1 4 
1 71 5 2 
2 77 
1 5 20 12 9 11 5 10 1 4 1 
1 44 31 3 
12 26 20 19 2 
1 30 22 13 4 4 5 
3 6 6 44 16 3 1 
1 76 1 1 
9 70 
4 34 14 27 
1 38 7 5 7 17 2 2 
10 66 1 2 
1 51 27 
1 61 12 4 1 
1 34 32 4 2 6 
1 75 2 1 
1 77 1 
1 12 42 18 6 
3 33 11 13 3 10 5 1 
7 63 9 
1 3 29 35 3 4 4 
1 31 25 22 
1 20 28 15 9 4 2 
1 14 5 35 17 2 2 1 1 1 
5 55 11 1 4 1 2 
1 58 9 7 1 2 1 
2 38 13 2 19 3 2 
45 24 2 6 1 1 
1 3 60 11 4 
1 71 7 
72 1 2 2 2 
1 9 47 18 2 1 1 
1 19 13 6 23 17 
1 78 
1 51 7 13 4 3 
1 78 
73 6 
2 50 23 1 2 1 
1 31 47 
1 26 12 21 14 4 1 
5 40 9 14 9 1 1 
1 55 14 6 2 1 
1 29 10 22 10 5 2 
6 46 1 7 4 5 5 5 
4 58 1 8 2 6 
1 62 9 3 4 
1 15 14 29 3 10 3 3 1 
2 38 23 16 
1 2 3 8 45 8 5 2 2 2 1 
1 35 37 3 3 
2 53 8 10 2 1 3 
11 20 36 4 3 2 1 1 1 
7 39 29 3 1 
3 72 3 1 
1 1 56 15 6 
22 10 3 12 32 
3 55 17 1 2 1 
1 50 8 15 4 1 
28 17 31 1 1 1 
12 62 3 2 
13 54 2 2 4 3 1 
3 53 4 17 2 
12 6 46 11 2 2 
1 40 24 7 7 
1 12 6 60 
1 58 19 1 
10 44 24 1 
1 38 40 
8 66 4 1 
9 70 
1 64 1 1 2 10 
10 31 29 2 3 3 1 
7 55 16 1 
3 12 52 1 1 1 4 4 1 
14 10 33 13 2 1 5 1 
1 50 28 
3 38 2 27 1 8 
7 59 7 4 1 1 
22 31 7 7 1 1 4 3 3 
65 13 1 
43 19 13 1 3 
1 12 40 20 6 
3 63 5 8 
2 65 6 3 2 1 
1 44 10 3 6 2 5 2 6 
1 75 3 
16 52 10 1 
8 68 3 
1 47 18 2 6 4 1 
40 23 1 6 5 2 1 1 
2 40 2 13 14 7 1 
77 1 1 
4 26 49 
1 71 7 
46 18 8 4 1 1 1 
1 63 8 4 3 
34 15 10 5 2 9 4 
7 38 20 14 
2 25 6 11 26 4 4 1 
10 4 12 30 20 1 2 
5 73 1 
2 19 43 5 3 2 4 1 
2 19 58 
1 9 51 3 6 2 4 3 
1 26 48 1 3 
3 36 18 12 2 3 3 2 
7 40 32 
2 51 9 6 3 6 2 
4 23 39 10 2 1 
1 19 37 15 5 1 1 
2 34 42 1 
3 46 4 20 1 3 2 
6 46 1 11 4 9 2 
1 26 2 42 3 3 2 
2 23 15 10 29 
5 47 8 11 5 3 
1 55 4 6 6 3 3 1 
5 43 2 12 4 5 7 1 
1 76 2 
29 17 8 10 13 1 1 
79 
71 6 2 
6 67 3 2 1 
1 15 51 1 7 2 2 
1 24 5 14 24 8 2 1 
18 53 7 1 
8 38 27 5 1 
3 14 50 10 2 
2 10 54 4 8 1 
1 12 35 21 2 6 1 1 
20 36 19 2 1 1 
1 48 21 3 3 3 
1 49 28 1 
1 6 24 19 11 14 4 
35 13 26 2 3 
1 50 2 7 10 3 6 
6 32 19 7 8 2 4 1 
3 56 1 8 6 1 3 1 
17 38 2 9 3 1 8 1 
5 28 25 21 
20 34 3 18 2 2 
1 74 4 
3 51 2 21 2 
1 32 46 
1 75 2 1 
2 24 1 40 9 3 
2 76 1 
1 5 26 25 12 2 4 1 3 
1 50 14 1 9 3 1 
11 51 4 11 1 1 
1 63 8 5 2 
1 65 9 4 
1 51 25 2 
13 59 5 2 
4 27 25 3 2 15 2 1 
2 4 38 19 6 8 2 
9 30 23 5 1 1 6 1 3 
6 32 11 15 14 1 
2 20 28 7 15 4 1 1 1 
3 25 10 27 1 11 1 1 
20 57 2 
8 65 2 1 1 1 1 
79 
1 49 19 1 6 1 1 1 
5 74 
3 20 3 2 25 15 10 1 
20 39 16 3 1 
1 75 3 
3 39 21 15 1 
1 9 11 42 16 
3 53 18 4 1 
36 8 32 2 1 
62 13 4 
72 4 1 2 
1 26 50 2 
1 15 1 36 6 10 6 3 1 
1 62 12 4 
2 6 18 16 3 17 10 1 2 4 
2 58 17 1 1 
1 19 17 32 9 1 
2 2 22 42 9 2 
2 48 2 2 14 8 2 1 
6 23 50 
5 41 3 24 3 1 2 
1 7 27 40 2 2 
10 46 23 
2 37 5 26 9 
3 52 21 1 1 1 
44 26 2 1 5 1 
9 40 26 1 1 2 
10 39 12 3 8 2 1 4 
6 8 64 1 
7 45 20 2 1 2 2 
42 8 12 6 5 1 3 2 
1 62 14 2 
1 77 1 
1 52 4 5 4 1 7 4 1 
1 46 32 
2 30 9 1 3 20 10 3 1 
1 1 3 12 39 2 8 9 2 2 
2 31 18 18 1 8 1 
4 28 2 42 1 2 
3 50 17 3 6 
5 22 52 
2 41 31 1 2 1 1 
35 15 29 
72 3 1 1 1 1 
64 7 6 1 1 
4 44 4 1 20 6 
1 47 30 1 
1 71 3 2 2 
1 76 1 1 
1 40 25 13 
7 65 7 
4 56 18 1 
1 16 24 27 7 4 
1 34 20 2 7 3 1 9 2 
77 2 
17 57 5 
2 1 48 2 19 6 1 
6 32 28 11 2 
29 3 12 16 10 3 2 3 1 
1 8 67 3 
5 11 63 
1 50 28 
24 15 16 15 4 1 4 
16 41 13 2 4 2 1 
1 76 1 1 
2 51 18 8 
1 59 19 
2 4 42 9 13 9 
1 5 13 57 1 1 1 
1 19 58 1 
1 68 5 5 
28 37 5 6 2 1 
2 32 5 12 15 4 3 5 1 
11 11 17 34 1 1 2 2 
8 7 12 44 8 
3 66 5 4 1 
1 13 21 39 5 
7 43 29 
1 64 11 2 1 
3 44 7 1 19 1 2 1 1 
2 46 1 9 9 1 10 1 
54 9 9 7 
1 10 49 5 14 
38 16 4 2 14 5 
30 21 21 7 
1 75 3 
3 3 2 27 22 20 2 
1 48 14 11 5 
3 3 64 6 3 
74 5 
79 
3 50 26 
8 21 34 13 3 
3 19 21 9 18 1 7 1 
41 19 11 6 2 
23 27 29 
1 67 1 10 
4 29 36 5 2 3 
11 57 5 5 1 
2 74 3 
50 5 16 6 2 
19 4 23 7 5 17 3 1 
1 70 4 4 
9 54 16 
1 48 24 2 4 
52 6 21 
7 26 8 6 20 8 4 
2 58 8 2 1 4 2 2 
7 12 55 4 1 
2 1 46 22 8 
1 34 11 29 4 
14 19 27 12 2 4 1 
1 62 14 2 
1 38 39 1 
2 49 1 9 2 1 6 8 1 
22 11 25 11 2 5 1 2 
5 8 29 37 
1 9 21 26 3 4 9 4 2 
1 47 31 
15 63 1 
2 38 38 1 
1 65 6 4 3 
1 2 53 2 5 14 2 
1 11 48 6 6 5 2 
2 75 2 
5 69 5 
2 22 9 40 5 1 
2 23 7 2 7 21 11 5 1 
1 6 70 2 
2 41 13 18 4 1 
14 28 4 6 19 4 2 2 
46 33 
17 36 21 4 1 
19 59 1 
2 2 35 19 16 2 3 
25 38 16 
71 7 1 
4 65 9 1 
1 74 2 2 
1 38 6 13 15 6 
1 51 26 1 
1 64 4 1 6 3 
1 59 14 4 1 
2 55 22 
5 25 11 30 5 2 1 
1 76 1 1 
51 1 26 1 
6 45 15 12 1 
1 2 42 23 3 4 2 2 
19 49 8 2 1 
2 52 25 
2 53 23 1 
18 28 33 
1 47 15 8 7 1 
3 68 1 7 
3 8 2 49 15 2 
63 13 3 
1 63 11 4 
4 74 1 
1 35 23 17 2 1 
6 49 6 15 2 1 
78 1 
33 36 9 1 
1 63 9 2 4 
1 45 33 
8 57 2 10 2 
38 24 5 7 5 
20 37 21 1 
2 64 9 1 1 1 1 
1 10 16 31 11 7 2 1 
2 29 44 4 
3 74 2 
4 23 39 7 1 1 2 2 
3 60 1 13 2 
8 17 52 1 1 
3 15 6 34 9 10 2 
2 12 15 18 20 2 6 1 3 
1 5 18 44 11 
73 5 1 
6 20 46 2 5 
10 6 28 18 11 2 4 
8 54 15 1 1 
1 38 23 2 5 1 2 5 1 1 
1 18 59 1 
1 2 58 16 2 
30 45 4 
1 28 50 
11 20 48 
36 30 4 7 1 1 
9 44 3 16 7 
1 35 27 2 14 
3 7 29 25 1 1 12 1 
53 1 6 3 13 1 2 
1 68 5 1 4 
3 15 33 11 3 1 3 3 2 2 2 1 
1 66 4 4 4 
78 1 
2 14 23 11 3 11 15 
3 51 24 1 
57 18 1 3 
31 12 11 24 1 
4 67 8 
42 32 5 
56 13 5 4 1 
1 49 4 25 
1 10 38 12 4 5 6 1 1 1 
38 17 18 1 1 3 1 
2 44 33 
2 63 12 1 1 
1 75 1 1 1 
2 17 11 18 23 2 3 2 1 
3 45 19 5 4 3 
1 67 11 
5 9 40 19 3 3 
3 74 2 
1 49 7 1 3 7 6 1 2 1 1 
1 64 14 
79 
1 48 12 4 12 2 
1 43 32 3 
2 37 3 31 1 4 1 
3 72 3 1 
6 72 1 
13 11 31 6 1 13 2 2 
1 14 28 23 9 1 3 
1 39 16 19 1 2 1 
1 40 14 8 13 2 1 
67 5 3 2 2 
5 24 20 5 13 3 5 4 
32 39 7 1 
1 49 28 1 
2 10 38 26 2 1 
11 6 58 1 3 
11 63 5 
1 69 4 4 1 
20 24 34 1 
41 27 5 6 
1 76 2 
2 29 22 15 5 5 1 
9 70 
1 31 13 20 14 
1 57 21 
10 67 1 1 
18 17 18 24 1 1 
2 56 21 
3 10 13 14 26 1 3 1 5 1 2 
69 7 1 1 1 
2 26 46 3 2 
2 61 9 1 2 3 1 
5 73 1 
44 22 4 6 3 
1 70 7 1 
15 63 1 
32 14 18 14 1 
15 29 31 3 1 
1 51 18 2 6 1 
3 70 4 2 
1 39 37 1 1 
1 37 17 5 12 5 2 
1 54 23 1 
53 26 
1 21 44 8 4 1 
1 13 13 27 17 5 2 1 
1 48 16 2 11 1 
1 10 57 7 4 
1 60 17 1 
39 14 17 7 2 
7 3 37 28 4 
1 64 12 2 
1 50 7 16 1 2 1 1 
1 74 2 2 
2 36 32 4 5 
1 7 18 36 10 4 1 2 
3 55 15 6 
18 31 18 7 1 2 2 
2 19 27 7 1 3 6 1 5 3 1 2 2 
3 40 10 25 1 
7 4 29 14 1 16 8 
1 73 5 
2 8 15 6 13 15 1 5 7 5 2 
12 11 8 12 8 20 1 3 2 1 1 
1 54 22 2 
2 71 3 2 1 
10 30 33 2 3 1 
60 5 6 4 1 2 1 
1 77 1 
1 43 19 14 1 1 
2 44 20 8 5 
1 32 26 8 12 
9 38 31 1 
8 26 24 12 8 1 
1 4 57 10 4 3 
4 47 9 9 6 3 1 
2 4 45 10 9 9 
4 4 66 5 
1 61 5 3 5 3 1 
3 56 13 1 6 
2 11 36 12 11 7 
3 26 31 7 1 2 7 2 
5 49 20 2 3 
1 25 18 1 21 6 3 4 
10 62 7 
2 62 15 
3 65 8 3 
1 48 25 1 2 2 
4 1 14 20 15 4 5 11 2 1 1 1 
1 19 9 16 14 1 4 15 
1 34 33 8 1 1 1 
3 4 16 44 9 1 2 
43 23 10 3 
1 50 14 9 5 
1 9 48 2 4 14 1 
7 69 3 
19 30 28 2 
2 51 16 8 1 1 
28 22 12 7 6 4 
2 35 37 3 2 
17 33 22 4 2 1 
1 74 4 
3 42 34 
1 39 5 26 8 
1 3 36 26 6 6 1 
20 54 2 2 1 
4 41 34 
1 6 26 12 6 6 3 19 
38 38 1 2 
2 18 43 5 3 1 3 4 
7 20 1 44 3 2 1 1 
2 16 24 20 4 8 3 2 
44 6 20 3 3 1 2 
24 55 
2 50 6 4 8 1 4 1 3 
1 53 25 
52 4 22 1 
1 6 13 6 37 12 3 1 
3 42 27 2 4 1 
2 24 53 
2 21 53 2 1 
41 20 18 
2 19 22 31 1 4 
5 71 3 
7 25 35 8 4 
2 16 36 25 
76 1 1 1 
9 19 13 1 7 19 3 4 1 1 1 1 
1 73 3 1 1 
68 8 2 1 
1 72 3 1 2 
14 43 16 3 1 1 1 
1 48 14 3 1 4 4 2 1 1 
4 14 61 
1 58 12 1 2 3 1 1 
8 68 1 1 1 
2 59 6 10 2 
3 7 14 43 8 1 1 2 
1 48 23 4 1 1 1 
30 15 31 1 2 
3 4 16 9 25 5 9 7 1 
26 33 20 
7 71 1 
22 40 17 
1 9 12 23 8 15 8 1 2 
46 33 
16 7 20 20 8 5 1 2 
1 56 12 9 1 
1 20 3 27 15 5 6 1 1 
2 14 58 4 1 
7 28 34 4 6 
5 67 7 
68 10 1 
1 46 19 8 5 
5 2 64 8 
1 10 11 5 22 24 6 
2 77 
1 38 14 11 15 
5 53 1 11 4 1 3 1 
7 36 4 3 11 13 2 2 1 
2 1 22 28 19 7 
1 9 32 8 5 7 11 5 1 
1 67 1 10 
1 54 2 5 13 2 2 
1 54 9 14 1 
2 59 18 
2 12 33 8 9 14 1 
2 36 36 5 
3 36 25 14 1 
1 50 15 3 10 
3 64 3 9 
5 65 4 2 3 
38 13 6 13 9 
1 46 1 19 7 4 1 
1 69 9 
34 22 1 16 1 5 
11 20 26 18 4 
1 69 8 1 
2 40 4 33 
75 4 
1 29 13 22 12 1 1 
1 70 7 1 
4 27 3 8 3 25 3 6 
50 13 11 2 3 
1 42 6 10 20 
1 24 16 5 3 10 20 
30 29 15 4 1 
4 44 2 23 5 1 
2 19 11 6 41 
1 25 4 9 39 1 
50 13 5 3 4 1 2 1 
1 22 24 1 7 1 23 
8 57 6 6 2 
1 47 18 3 6 3 1 
1 74 4 
3 17 39 19 1 
2 46 17 12 2 
1 3 48 16 3 5 1 1 1 
2 43 5 11 12 3 1 2 
60 18 1 
2 52 3 13 2 2 1 2 1 1 
1 58 20 
36 39 3 1 
2 69 4 2 2 
1 60 18 
9 24 35 6 5 
1 61 9 1 5 2 
1 25 15 33 5 
1 62 6 7 2 1 
2 20 29 18 1 2 6 1 
17 47 11 1 1 1 1 
66 7 6 
1 25 27 21 2 3 
1 78 
45 26 4 3 1 
1 14 64 
1 14 11 30 19 3 1 
38 17 5 16 1 2 
79 
5 58 16 
2 77 
1 8 15 3 23 27 2 
1 38 2 7 5 2 2 5 8 2 5 2 
6 67 6 
40 28 3 5 3 
36 15 3 11 3 10 1 
2 67 7 1 1 1 
1 51 2 2 12 4 6 1 
6 25 25 16 3 4 
1 74 4 
15 34 8 18 2 1 1 
1 24 49 4 1 
1 45 31 1 1 
2 63 14 
14 45 9 4 2 4 1 
6 52 17 3 1 
1 18 58 1 1 
1 77 1 
2 67 9 1 
1 71 7 
24 4 23 1 21 3 1 1 1 
32 39 4 4 
2 46 5 12 11 2 1 
2 46 31 
15 7 36 14 1 2 1 3 
38 15 9 9 1 2 2 1 1 1 
2 33 1 4 6 15 8 2 8 
25 18 27 5 3 1 
5 14 35 16 9 
1 26 8 6 19 17 1 1 
22 19 8 20 9 1 
1 63 15 
2 60 14 2 1 
16 16 10 9 27 1 
2 71 6 
1 48 5 23 2 
1 19 2 2 23 25 4 1 1 1 
4 60 15 
4 41 33 1 
11 23 36 8 1 
5 63 11 
25 43 11 
2 6 38 32 1 
45 3 25 6 
1 13 13 11 14 1 6 5 2 3 3 6 1 
11 52 1 15 
2 73 4 
2 24 7 45 1 
1 25 10 6 14 23 
79 
1 57 5 9 1 4 1 1 
1 39 39 
5 4 49 19 1 1 
1 3 25 16 8 8 16 2 
31 37 3 1 6 1 
11 67 1 
45 7 11 9 5 1 1 
1 14 6 40 17 1 
2 58 17 1 1 
1 20 21 22 1 4 10 
28 48 3 
5 33 20 8 12 1 
2 61 16 
70 5 4 
1 57 13 4 4 
1 61 8 9 
4 12 15 30 10 5 1 2 
38 41 
1 29 39 10 
1 18 23 32 5 
79 
3 61 7 4 4 
1 10 26 39 2 1 
3 54 13 8 1 
33 13 18 5 4 2 2 2 
1 68 7 3 
6 14 16 33 4 3 1 2 
7 42 6 17 7 
2 18 20 15 22 2 
1 42 36 
1 69 2 5 1 1 
1 17 16 17 3 13 1 4 4 3 
1 48 21 9 
1 67 1 9 1 
1 61 17 
1 29 6 1 15 13 6 2 4 1 1 
1 51 3 10 4 5 1 3 1 
1 29 4 1 10 20 1 13 
3 65 9 1 1 
18 60 1 
3 74 2 
6 14 7 44 2 1 1 4 
21 39 18 1 
1 71 6 1 
72 3 3 1 
30 31 7 1 6 1 2 1 
5 68 3 2 1 
2 67 8 2 
2 31 1 3 21 11 3 7 
19 16 29 10 3 2 
3 71 5 
5 22 22 24 1 3 2 
1 28 2 35 9 3 1 
3 3 38 17 8 3 7 
1 60 18 
42 12 24 1 
5 2 38 8 12 5 2 5 1 1 
41 21 6 3 5 3 
1 26 41 10 1 
1 8 52 5 7 3 1 1 1 
39 16 3 7 4 6 1 3 
8 14 36 15 6 
1 8 67 1 2 
1 53 4 14 1 3 2 1 
1 38 16 5 5 12 2 
4 55 20 
73 2 2 1 1 
1 72 6 
1 6 65 5 1 1 
63 11 3 1 1 
1 26 24 16 9 3 
11 49 4 13 2 
19 30 4 3 13 2 4 2 1 1 
5 70 3 1 
1 71 4 1 2 
7 24 48 
1 31 47 
1 32 16 6 23 1 
1 21 46 10 1 
36 16 25 1 1 
2 46 20 8 2 1 
4 57 7 11 
1 37 17 16 2 5 1 
1 43 22 12 1 
10 43 23 2 1 
4 34 33 4 4 
4 13 27 34 1 
1 8 62 6 1 1 
7 37 4 21 9 1 
7 15 57 
1 29 8 34 1 5 1 
6 45 27 1 
23 19 21 15 1 
1 2 33 4 36 2 1 
59 11 2 7 
79 
1 68 7 2 1 
2 5 14 43 4 6 5 
1 3 54 2 19 
2 33 15 23 1 1 4 
2 46 25 5 1 
1 11 1 59 6 1 
1 64 6 4 1 1 2 
7 22 39 11 
1 20 58 
2 41 7 10 8 11 
4 73 2 
2 10 56 8 1 1 1 
1 9 43 18 8 
2 56 18 1 2 
1 10 49 4 7 5 2 1 
1 52 22 3 1 
5 32 24 15 2 1 
79 
3 25 4 39 6 1 1 
13 32 26 4 4 
3 57 19 
1 55 18 1 2 1 1 
1 9 69 
1 19 30 6 12 4 2 5 
1 47 18 7 3 1 2 
3 53 14 9 
1 22 56 
12 49 15 1 1 1 
2 9 42 20 6 
10 32 3 18 16 
20 28 18 7 4 2 
1 16 58 3 1 
1 8 41 6 7 11 3 2 
10 69 
1 2 2 47 13 8 5 1 
1 7 30 21 7 3 3 5 2 
2 34 8 14 17 3 1 
1 52 26 
1 77 1 
2 26 49 2 
1 3 42 33 
39 33 7 
79 
4 56 19 
7 59 10 3 
16 18 5 13 5 2 16 4 
10 36 15 18 
54 17 8 
39 14 22 3 1 
45 9 10 1 1 8 4 1 
2 76 1 
5 12 61 1 
27 35 7 3 6 1 
71 1 6 1 
1 66 3 2 7 
43 30 1 3 2 
3 40 18 13 5 
43 21 15 
8 23 48 
4 23 1 16 6 7 8 1 10 2 1 
1 1 65 8 4 
11 27 1 39 1 
1 71 1 5 1 
3 59 17 
4 40 27 7 1 
2 32 6 14 22 3 
1 77 1 
77 1 1 
7 40 8 21 3 
4 66 4 2 2 1 
17 14 16 5 26 1 
1 66 2 3 6 1 
71 7 1 
2 38 22 3 10 1 2 1 
63 7 3 1 1 4 
1 75 1 2 
1 71 7 
1 68 10 
2 44 27 5 1 
2 15 48 11 3 
3 14 36 12 6 1 2 4 1 
2 61 3 9 3 1 
1 28 8 41 1 
1 46 19 4 5 2 2 
13 53 13 
11 1 25 32 4 6 
1 28 29 8 5 5 3 
4 28 14 28 3 1 1 
7 17 11 16 6 12 5 1 3 1 
10 44 2 5 5 4 5 4 
1 73 2 2 1 
1 75 3 
1 32 46 
1 35 14 8 11 2 3 1 4 
2 77 
2 48 1 13 10 1 4 
3 63 6 5 1 1 
1 18 2 27 2 15 9 3 2 
1 27 6 42 3 
5 72 2 
37 24 11 6 1 
2 50 8 9 7 1 2 
2 57 11 1 3 3 1 1 
1 15 29 13 2 18 1 
1 23 35 4 11 5 
1 33 37 1 7 
64 5 1 5 1 1 2 
1 70 7 1 
5 50 1 10 9 4 
10 6 7 51 5 
4 38 16 16 1 2 1 1 
1 52 18 8 
11 10 26 29 2 1 
2 47 8 10 1 2 4 4 1 
42 31 2 2 2 
5 33 41 
1 39 20 5 11 3 
1 41 34 1 1 1 
1 15 20 22 12 7 2 
12 7 35 20 4 1 
1 74 4 
1 66 12 
14 10 1 17 18 11 8 
3 41 1 31 3 
2 77 
1 41 5 3 29 
56 23 
4 35 31 4 1 4 
1 6 50 20 2 
2 26 48 3 
2 34 7 14 15 3 4 
1 63 1 2 3 3 5 1 
31 10 24 2 8 2 1 1 
23 55 1 
1 25 15 26 11 1 
2 18 37 5 8 3 6 
2 45 6 3 21 2 
3 10 48 6 3 3 2 1 1 2 
15 24 18 3 10 1 7 1 
1 47 16 3 5 4 2 1 
1 53 23 2 
9 22 28 12 1 6 1 
2 63 1 10 3 
1 21 57 
2 74 3 
11 43 23 1 1 
1 11 26 24 5 1 8 2 1 
1 43 35 
1 24 2 6 17 8 1 1 10 1 2 2 3 1 
1 76 1 1 
1 12 34 7 4 20 1 
2 34 39 2 2 
4 42 23 5 3 1 1 
57 17 5 
2 59 12 6 
1 7 54 16 1 
2 10 10 48 6 3 
1 63 13 1 1 
11 42 1 1 16 8 
5 30 40 3 1 
2 3 36 6 7 4 14 4 2 1 
1 33 17 23 5 
74 1 3 1 
2 50 27 
12 20 13 18 16 
2 56 4 7 1 8 1 
1 77 1 
1 6 44 19 2 3 1 2 1 
1 69 3 3 1 1 1 
3 76 
1 32 46 
1 64 11 1 1 1 
2 71 1 1 1 2 1 
4 47 3 11 2 1 9 1 1 
4 73 1 1 
3 4 56 6 3 3 2 2 
27 25 26 1 
4 50 15 3 2 3 2 
29 36 1 12 1 
5 54 8 6 5 1 
1 47 11 12 7 1 
15 29 31 1 3 
7 35 5 12 19 1 
1 54 1 5 12 5 1 
1 35 13 7 21 2 
13 35 8 8 1 9 1 1 1 2 
2 28 42 2 2 2 1 
16 41 21 1 
77 1 1 
1 22 52 4 
1 27 18 23 4 5 1 
4 74 1 
2 40 3 18 13 1 2 
1 19 40 14 4 1 
1 4 18 40 5 1 3 7 
1 33 12 2 25 1 3 2 
1 54 4 8 3 6 1 2 
3 52 12 5 2 5 
2 54 12 5 2 3 1 
9 40 15 11 2 1 1 
5 21 51 2 
25 51 3 
1 26 51 1 
1 27 16 7 12 8 4 1 3 
1 31 39 1 4 3 
7 11 37 18 3 1 2 
3 65 2 2 5 2 
43 11 22 2 1 
3 50 20 3 3 
1 50 21 2 1 1 2 1 
1 29 49 
1 53 25 
1 33 22 2 13 3 5 
50 19 1 4 1 3 1 
7 51 13 4 1 2 1 
1 76 1 1 
1 49 6 23 
1 78 
1 6 53 14 5 
4 74 1 
1 57 17 2 2 
3 37 24 6 9 
2 7 16 35 19 
1 2 8 1 47 7 6 6 1 
7 52 18 1 1 
1 11 55 9 1 2 
1 41 21 9 2 2 2 1 
4 10 56 7 2 
39 27 2 7 2 1 1 
1 4 43 8 8 14 1 
2 67 10 
12 23 38 6 
27 13 38 1 
3 26 10 24 8 4 2 2 
78 1 
2 69 2 2 3 1 
79 
79 
1 73 5 
1 34 25 3 10 3 3 
12 10 11 6 20 6 1 5 1 5 2 
1 61 14 1 1 1 
3 27 9 26 13 1 
1 23 47 3 1 2 2 
1 58 17 2 1 
1 39 17 6 16 
2 1 29 21 23 1 2 
2 23 33 17 1 1 2 
1 70 3 5 
1 4 2 15 13 37 2 4 1 
15 22 33 2 3 1 1 2 
42 20 15 1 1 
49 26 3 1 
79 
40 15 1 6 8 3 4 1 1 
1 42 35 1 
77 2 
2 12 64 1 
65 1 4 9 
5 50 19 1 2 2 
1 66 3 6 3 
1 5 49 11 12 1 
42 27 1 6 3 
2 44 33 
1 20 58 
1 40 35 1 2 
1 34 34 10 
2 47 20 2 4 3 1 
1 3 6 67 2 
7 71 1 
2 33 7 25 12 
14 47 14 1 3 
39 22 3 2 10 3 
1 65 7 5 1 
77 2 
22 38 11 5 2 1 
1 27 7 26 17 1 
45 17 13 2 1 1 
2 42 31 2 2 
2 71 4 2 
1 38 10 14 8 5 1 2 
3 34 42 
3 72 1 2 1 
1 25 53 
44 30 5 
1 15 23 27 2 8 1 2 
1 47 14 14 1 2 
4 11 28 2 2 17 6 4 2 1 1 1 
4 9 16 32 17 1 
7 6 46 15 4 1 
5 39 17 1 11 5 1 
1 13 52 12 1 
2 71 6 
1 26 29 5 11 4 1 2 
1 36 30 5 1 1 5 
1 25 46 1 4 1 1 
1 29 6 12 22 1 1 1 4 1 1 
2 69 5 1 1 1 
1 47 2 4 11 5 8 1 
11 49 12 3 4 
1 61 3 2 2 1 3 2 2 1 1 
1 22 31 6 9 4 1 1 3 1 
39 26 14 
1 45 7 21 2 1 2 
75 2 1 1 
1 4 10 8 53 3 
15 6 25 30 3 
1 72 5 1 
3 33 22 1 9 3 4 2 1 1 
6 21 13 36 2 1 
1 21 52 4 1 
1 35 20 20 3 
43 24 5 7 
4 48 5 3 7 4 4 1 1 2 
4 12 16 15 6 5 10 2 2 4 3 
59 12 6 2 
1 56 20 1 1 
1 44 16 2 1 11 2 1 1 
3 66 3 3 2 2 
1 26 25 25 2 
2 53 12 8 1 2 1 
1 62 3 7 5 1 
5 73 1 
2 14 63 
1 12 10 22 11 12 9 2 
4 22 10 32 8 3 
66 1 9 3 
1 78 
1 68 10 
71 2 1 4 1 
24 13 42 
70 2 5 2 
1 65 13 
1 76 2 
1 22 6 6 20 10 2 2 3 5 1 1 
1 33 4 10 30 1 
1 51 23 4 
3 31 26 19 
1 76 1 1 
3 14 14 18 12 13 5 
2 32 27 5 1 10 2 
3 61 6 1 8 
4 45 15 6 3 1 2 1 1 1 
1 9 10 15 18 3 16 5 2 
7 10 46 1 5 7 1 1 1 
32 14 11 5 3 10 4 
40 30 5 3 1 
1 27 8 28 15 
1 26 45 3 2 2 
1 66 5 7 
1 39 15 4 17 2 1 
1 32 34 2 8 2 
20 11 28 8 7 4 1 
70 7 2 
3 21 21 25 5 4 
3 33 30 4 9 
1 58 4 12 1 1 1 1 
1 71 3 3 1 
2 3 69 3 2 
72 2 1 1 3 
78 1 
4 39 36 
75 1 2 1 
1 56 19 1 2 
73 3 2 1 
7 16 29 6 1 1 10 8 1 
1 73 5 
1 47 31 
7 1 40 25 2 4 
13 53 10 2 1 
3 13 12 31 9 2 2 2 2 3 
3 19 40 13 3 1 
4 20 32 15 5 1 1 1 
9 66 4 
3 22 3 20 25 1 4 1 
60 11 5 2 1 
11 38 6 20 3 1 
7 65 5 2 
1 56 12 5 2 1 1 1 
3 13 39 23 1 
2 16 25 36 
64 7 1 4 3 
1 78 
1 72 6 
2 63 5 3 4 1 1 
