2 17 13 31 17 
2 38 40 
1 53 19 1 1 5 
1 42 11 19 7 
1 26 11 31 3 4 4 
12 62 6 
8 53 16 2 1 
9 1 65 1 2 2 
17 46 17 
11 67 2 
24 22 6 10 11 5 1 1 
2 5 30 16 23 4 
1 15 51 3 5 2 2 1 
4 63 7 2 3 1 
25 42 13 
2 56 18 1 2 1 
1 76 2 1 
1 70 5 4 
1 38 9 25 3 4 
3 25 31 8 9 1 1 1 1 
1 50 2 17 10 
6 55 19 
1 30 46 2 1 
2 76 1 1 
1 39 8 24 1 2 1 1 2 1 
13 52 13 2 
14 62 4 
23 43 6 7 1 
6 44 27 1 2 
1 71 8 
2 40 16 21 1 
4 53 23 
31 4 6 22 12 3 1 1 
10 11 34 9 11 4 1 
1 73 5 1 
4 66 9 1 
24 46 8 2 
2 22 48 4 2 2 
1 10 19 42 2 5 1 
14 14 51 1 
2 21 13 29 3 1 1 5 4 1 
2 54 4 11 1 3 5 
1 62 11 6 
1 9 8 12 6 10 14 7 5 3 4 1 
1 2 18 22 35 2 
2 16 22 19 15 3 3 
1 36 42 1 
3 44 28 3 2 
53 3 4 14 2 4 
2 23 40 14 1 
4 3 18 35 5 2 5 4 1 1 2 
1 46 23 9 1 
1 55 10 6 5 2 1 
80 
41 34 3 2 
1 1 12 13 16 37 
9 49 8 11 1 1 1 
1 67 6 6 
1 61 9 5 4 
3 32 36 8 1 
5 48 17 4 1 4 1 
3 59 9 1 6 2 
2 58 18 1 1 
1 61 18 
17 3 10 20 5 14 4 6 1 
10 42 13 4 9 1 1 
1 28 20 11 12 4 3 1 
1 37 19 20 2 1 
19 57 1 2 1 
4 10 12 3 3 46 2 
3 75 2 
1 59 7 2 5 6 
1 6 38 8 15 4 7 1 
1 57 8 14 
1 49 28 2 
26 39 13 1 1 
14 49 17 
1 34 45 
2 44 31 1 1 1 
3 64 7 5 1 
4 51 21 2 1 1 
10 64 6 
38 37 5 
9 13 18 22 16 2 
2 36 6 8 1 3 8 12 1 1 1 1 
2 48 5 6 4 2 9 3 1 
1 65 5 3 4 2 
6 65 5 4 
1 27 37 4 5 3 2 1 
6 47 6 10 7 1 2 1 
8 38 14 12 4 3 1 
1 51 14 8 3 2 1 
3 21 6 28 22 
1 42 11 25 1 
1 43 36 
1 75 4 
1 70 9 
1 20 51 6 1 1 
79 1 
1 15 64 
4 43 17 8 5 3 
80 
22 5 47 1 3 2 
1 36 1 40 2 
2 51 25 2 
1 7 68 2 2 
2 39 24 1 12 2 
18 10 9 24 19 
18 30 6 6 16 3 1 
2 61 17 
3 33 42 1 1 
1 60 2 1 1 4 5 1 3 2 
10 4 17 39 2 2 6 
1 44 32 1 2 
69 8 3 
1 62 17 
22 49 6 3 
4 10 35 9 22 
1 41 33 5 
1 26 12 20 1 20 
5 4 41 21 4 4 1 
16 52 3 3 4 2 
2 27 47 1 2 1 
11 33 11 6 8 9 2 
1 31 13 22 4 2 3 1 3 
2 33 28 10 1 3 1 1 1 
1 14 30 32 3 
19 4 7 38 12 
1 64 15 
19 31 21 4 5 
1 70 8 1 
16 48 10 2 1 2 1 
1 44 21 2 11 1 
1 7 54 6 4 1 4 2 1 
2 33 5 8 12 14 4 2 
22 45 13 
1 72 1 1 3 2 
12 32 3 10 22 1 
2 25 39 10 1 2 1 
1 59 20 
1 66 12 1 
8 57 14 1 
2 43 17 17 1 
2 32 7 32 1 5 1 
1 64 9 5 1 
1 20 22 15 6 13 2 1 
1 57 6 3 13 
30 45 4 1 
3 76 1 
1 64 15 
44 18 6 5 7 
22 30 15 5 4 3 1 
2 13 27 38 
3 72 4 1 
1 44 32 2 1 
11 9 12 6 8 5 23 1 1 3 1 
1 52 13 6 7 1 
5 10 33 21 1 1 8 1 
3 15 56 2 2 2 
1 20 46 12 1 
15 55 8 2 
1 60 17 1 1 
4 16 37 19 2 1 1 
3 72 5 
71 6 1 2 
2 22 22 19 11 4 
2 66 12 
5 46 7 22 
24 20 20 16 
2 75 2 1 
1 67 9 2 1 
28 52 
2 34 28 3 12 1 
1 71 5 2 1 
1 6 18 21 4 8 10 1 7 1 3 
1 66 13 
3 39 14 15 5 4 
1 52 7 7 4 1 8 
71 6 3 
8 56 15 1 
2 12 48 13 5 
1 68 1 3 5 1 1 
1 47 8 16 4 4 
3 8 53 16 
1 57 11 3 5 2 1 
2 23 54 1 
3 64 13 
1 74 3 1 1 
4 50 6 15 5 
30 45 3 1 1 
2 34 32 9 1 2 
1 79 
5 33 16 14 2 3 2 3 2 
4 29 22 3 7 7 4 4 
2 2 48 24 3 1 
21 33 20 4 2 
27 51 1 1 
1 46 8 19 6 
80 
1 4 45 28 2 
1 26 22 10 5 12 4 
4 30 39 1 1 2 1 2 
10 49 13 6 2 
1 14 2 48 1 8 1 4 1 
2 13 29 12 5 5 6 8 
10 55 10 2 1 2 
55 22 1 2 
58 2 20 
16 1 38 9 1 1 3 8 1 2 
1 65 13 1 
2 36 42 
2 25 34 5 3 3 8 
7 22 28 16 5 1 1 
78 2 
1 59 3 5 11 1 
1 24 45 9 1 
1 17 40 18 2 1 1 
1 33 39 3 4 
4 39 3 7 26 1 
2 41 1 9 24 2 1 
1 36 34 6 3 
9 71 
1 20 25 34 
2 74 4 
7 51 1 11 5 3 2 
1 59 6 10 4 
2 67 6 1 3 1 
1 21 29 9 11 9 
80 
22 53 1 3 1 
12 43 25 
25 28 14 1 4 4 1 1 1 1 
43 18 13 2 4 
1 67 9 3 
3 9 42 8 14 4 
14 56 1 9 
28 1 7 7 15 10 3 4 5 
69 1 4 2 3 1 
10 39 3 8 8 10 1 1 
2 19 9 30 10 4 6 
42 25 10 3 
7 40 3 4 7 11 5 1 1 1 
1 68 3 8 
2 72 6 
8 22 39 11 
1 10 18 28 16 1 6 
16 11 50 3 
1 13 65 1 
1 64 2 11 1 1 
23 7 41 2 7 
6 45 3 26 
3 33 17 10 5 7 2 2 1 
1 43 34 2 
4 25 45 6 
21 40 10 5 2 1 1 
1 62 17 
54 18 1 2 1 4 
1 50 25 3 1 
1 66 13 
9 69 1 1 
3 44 11 20 1 1 
1 29 15 32 1 1 1 
14 32 24 8 1 1 
4 20 24 16 11 5 
1 62 14 2 1 
3 64 2 2 3 3 1 2 
3 54 16 5 2 
13 52 1 3 1 6 3 1 
1 4 53 1 16 4 1 
3 71 3 2 1 
76 4 
5 50 22 3 
32 12 6 20 6 3 1 
46 16 18 
2 72 3 1 1 1 
3 41 15 16 5 
2 57 12 2 7 
1 11 47 4 9 4 1 1 1 1 
1 1 17 49 4 4 3 1 
13 7 59 1 
1 59 17 2 1 
2 63 8 7 
1 9 49 9 2 5 1 4 
4 59 5 3 9 
1 68 1 2 6 2 
2 32 36 9 1 
10 56 8 5 1 
1 70 3 4 1 1 
14 25 15 9 11 1 1 2 1 1 
20 19 29 9 2 1 
1 6 50 11 2 8 1 1 
3 13 14 28 7 10 5 
3 46 20 1 4 3 2 1 
1 41 10 17 11 
2 53 19 3 3 
3 28 48 1 
1 4 17 54 4 
6 70 2 1 1 
2 54 24 
4 17 7 36 16 
1 37 31 2 9 
1 40 39 
22 39 18 1 
2 38 16 24 
32 41 7 
23 26 8 18 3 2 
1 49 27 2 1 
4 65 5 2 4 
1 52 11 12 4 
1 26 36 6 9 1 1 
31 16 27 2 4 
5 9 35 12 14 2 3 
1 36 15 9 16 3 
12 13 6 28 4 9 8 
27 33 20 
1 77 2 
15 8 6 45 2 1 3 
2 73 3 2 
1 35 40 2 2 
8 56 2 7 5 2 
2 71 3 4 
1 5 40 20 1 11 1 1 
1 28 29 2 10 5 1 4 
1 36 13 25 2 3 
6 6 67 1 
1 46 17 9 2 3 2 
2 71 4 3 
3 8 56 4 1 7 1 
2 24 52 1 1 
41 12 25 1 1 
1 71 2 6 
1 63 16 
1 45 1 14 13 1 4 1 
31 35 9 5 
17 24 24 4 11 
80 
60 8 4 6 2 
28 41 2 2 1 5 1 
5 33 17 19 2 4 
3 34 8 33 1 1 
11 69 
61 8 8 1 2 
2 73 5 
9 14 11 15 8 17 3 3 
4 74 1 1 
5 1 1 57 6 7 1 1 1 
16 24 23 9 5 2 1 
1 30 14 7 12 14 1 1 
3 56 10 5 1 5 
1 30 49 
2 14 48 7 7 1 1 
13 15 35 6 1 2 1 6 1 
2 65 7 1 4 1 
5 18 40 14 3 
1 22 57 
12 6 38 20 2 1 1 
1 18 51 6 4 
3 69 4 3 1 
36 33 1 6 2 1 1 
80 
2 8 5 13 25 15 5 6 1 
39 40 1 
6 69 5 
1 4 21 7 33 13 1 
14 66 
1 28 47 2 2 
1 35 32 9 1 2 
3 4 22 11 18 18 1 1 2 
1 20 6 47 1 1 2 2 
4 6 54 1 15 
5 47 13 2 7 2 4 
9 38 20 11 2 
2 59 18 1 
31 39 5 5 
1 58 6 5 9 1 
2 8 53 16 1 
1 8 2 16 27 6 14 4 1 1 
10 59 10 1 
6 6 18 31 10 1 8 
6 12 1 17 21 3 17 2 1 
41 2 32 3 2 
7 33 30 7 2 1 
7 34 27 11 1 
4 22 52 1 1 
4 23 37 3 5 3 4 1 
4 16 35 15 2 7 1 
64 3 10 2 1 
1 24 30 15 4 3 2 1 
2 34 13 8 12 6 4 1 
1 53 17 7 1 1 
1 70 1 4 1 3 
1 79 
68 11 1 
1 51 8 7 13 
1 69 3 6 1 
52 5 21 2 
25 43 8 4 
2 59 11 2 6 
1 23 55 1 
3 64 12 1 
2 39 21 13 4 1 
1 52 13 5 1 7 1 
1 66 13 
17 42 21 
79 1 
48 10 20 2 
1 12 19 7 16 15 3 2 1 2 2 
9 10 26 22 11 1 1 
3 74 2 1 
6 45 11 5 8 1 3 1 
6 16 20 29 5 3 1 
1 62 12 3 1 1 
1 74 2 3 
6 44 5 24 1 
2 12 23 23 9 5 5 1 
17 14 8 8 1 15 1 5 5 3 2 1 
9 4 37 22 5 3 
9 60 3 7 1 
2 57 5 14 1 1 
7 50 18 1 2 1 1 
1 41 37 1 
4 5 34 26 1 3 5 1 1 
17 62 1 
22 52 3 3 
1 24 22 29 4 
1 60 14 2 3 
1 45 25 1 7 1 
2 47 6 4 14 3 4 
20 39 21 
2 59 14 4 1 
49 3 20 5 3 
2 35 8 30 2 3 
2 9 39 7 23 
1 11 53 8 1 6 
1 48 14 8 1 6 2 
3 54 10 1 10 1 1 
3 61 11 3 2 
31 43 3 3 
2 24 16 5 16 15 1 1 
1 61 1 4 8 4 1 
2 33 21 15 3 5 1 
23 4 53 
12 4 9 42 13 
2 56 8 2 10 2 
1 31 32 14 2 
1 77 1 1 
1 60 19 
3 29 38 3 6 1 
1 59 3 2 6 5 4 
60 13 7 
8 12 30 3 26 1 
2 32 22 14 9 1 
7 1 34 38 
3 42 17 11 7 
1 9 62 1 5 1 1 
7 47 17 4 2 1 2 
3 71 2 2 2 
9 40 17 11 3 
1 3 20 17 38 1 
1 21 57 1 
1 71 1 3 4 
17 9 53 1 
1 71 7 1 
4 4 46 20 1 4 1 
2 57 21 
31 28 2 14 1 4 
24 6 9 29 3 7 2 
1 64 7 1 7 
4 51 4 17 3 1 
1 61 8 1 8 1 
31 48 1 
14 45 4 13 3 1 
2 14 27 6 29 2 
59 8 4 6 1 1 1 
1 59 9 5 2 3 1 
1 66 13 
13 30 8 15 2 6 6 
1 39 5 23 8 2 2 
2 25 18 18 3 10 1 1 2 
7 66 4 3 
8 62 10 
1 12 8 39 14 1 4 1 
38 34 2 6 
7 39 31 3 
4 37 34 5 
1 28 44 7 
2 42 11 15 10 
2 44 3 18 10 3 
1 78 1 
1 52 1 9 7 9 1 
5 48 9 6 2 10 
1 39 15 18 3 1 3 
69 8 1 2 
2 37 28 8 2 2 1 
5 3 69 2 1 
11 69 
1 6 4 53 12 3 1 
2 7 22 37 3 4 3 1 1 
1 47 25 3 4 
7 14 56 1 1 1 
46 31 1 2 
57 1 15 1 4 1 1 
1 26 4 22 12 3 9 2 1 
33 6 9 30 1 1 
2 44 17 4 8 1 4 
1 68 11 
66 2 1 6 5 
22 8 4 20 23 1 2 
55 23 1 1 
2 19 34 14 8 1 1 1 
1 6 1 40 18 2 5 6 1 
1 56 6 12 4 1 
1 56 5 12 4 2 
74 2 1 2 1 
19 29 19 10 1 1 1 
73 3 4 
52 17 11 
53 22 3 2 
2 4 65 2 2 1 3 1 
1 34 29 15 1 
15 11 21 31 2 
18 61 1 
3 30 12 23 12 
1 20 9 18 21 9 1 1 
55 16 3 2 2 1 1 
4 54 12 5 2 2 1 
8 17 19 26 2 4 2 2 
1 31 48 
12 29 39 
39 22 14 1 2 2 
1 8 24 35 10 2 
9 60 5 6 
17 20 12 13 17 1 
1 56 18 1 4 
1 35 9 14 19 1 1 
4 50 2 20 1 2 1 
3 35 29 8 5 
1 79 
5 75 
1 30 37 8 4 
2 34 14 5 16 7 2 
1 41 8 10 19 1 
1 63 11 3 2 
16 46 7 6 3 2 
1 5 68 3 1 2 
4 67 7 1 1 
55 16 8 1 
1 39 39 1 
4 60 3 13 
56 21 3 
1 33 16 20 4 3 3 
1 14 22 4 39 
1 77 2 
8 24 5 23 8 7 4 1 
4 31 2 31 2 10 
27 24 22 7 
2 54 4 6 14 
3 4 1 10 23 7 19 8 1 3 1 
3 59 8 6 3 1 
1 40 32 1 4 2 
2 73 2 3 
80 
1 11 42 20 5 1 
5 2 16 23 29 1 3 1 
4 17 2 57 
1 47 13 11 8 
2 8 34 28 2 1 5 
1 62 13 3 1 
33 9 38 
2 39 15 10 13 1 
1 41 6 12 17 3 
1 33 10 19 16 1 
62 9 2 6 1 
4 1 75 
2 29 27 22 
11 66 1 2 
62 17 1 
32 3 44 1 
25 45 10 
12 33 28 5 2 
19 42 19 
3 28 14 20 9 5 1 
3 46 8 14 2 5 1 1 
2 30 36 6 1 5 
1 64 3 1 2 7 1 1 
2 38 10 17 13 
1 10 39 16 3 8 1 1 1 
6 64 3 6 1 
1 37 1 22 10 4 4 1 
3 25 26 20 5 1 
1 29 50 
7 46 23 1 1 1 1 
1 32 4 13 12 4 9 1 2 1 1 
33 16 23 6 1 1 
1 79 
3 74 3 
6 55 17 2 
41 30 4 1 3 1 
1 43 9 19 2 6 
80 
2 30 15 14 9 1 1 6 2 
2 9 69 
4 24 5 24 6 2 10 2 1 2 
1 37 12 23 6 1 
1 73 6 
1 42 2 21 14 
2 3 73 2 
2 8 52 10 6 2 
3 37 23 1 7 1 8 
9 39 20 9 1 1 1 
1 21 22 26 6 4 
80 
9 50 21 
10 31 9 27 2 1 
7 14 31 1 4 20 1 2 
79 1 
1 60 19 
5 31 1 9 30 1 3 
1 29 24 6 11 8 1 
1 38 29 2 4 1 4 1 
2 65 9 1 2 1 
1 37 41 1 
67 13 
4 75 1 
1 68 11 
4 68 8 
1 5 47 25 2 
1 60 3 4 5 4 2 1 
1 23 13 25 14 2 2 
1 60 19 
3 8 2 61 3 2 1 
27 6 12 2 3 21 6 1 1 1 
1 45 12 6 11 2 3 
2 43 7 24 4 
3 35 2 19 10 1 4 4 2 
1 77 2 
44 1 14 9 3 9 
2 7 38 20 4 1 1 7 
1 61 14 2 2 
22 51 6 1 
38 20 13 2 6 1 
1 31 14 27 2 1 2 2 
4 65 10 1 
5 29 22 22 1 1 
3 62 13 2 
14 39 26 1 
1 32 32 6 7 2 
12 29 18 18 1 2 
80 
2 55 10 7 6 
1 14 47 16 2 
2 6 16 28 23 4 1 
10 38 24 3 4 1 
4 68 3 4 1 
2 56 13 1 3 5 
10 53 14 2 1 
7 54 8 5 1 3 1 1 
2 22 28 20 8 
3 76 1 
1 66 12 1 
9 60 4 1 5 1 
2 69 6 3 
7 18 8 19 21 1 4 2 
80 
1 67 11 1 
2 33 13 28 2 1 1 
3 43 28 4 1 1 
1 68 5 4 2 
3 18 58 1 
1 40 18 6 11 4 
1 8 50 20 1 
2 21 38 6 7 4 2 
1 28 32 6 6 2 5 
80 
3 50 20 5 2 
4 38 38 
2 70 7 1 
1 73 2 4 
2 22 44 2 2 6 1 1 
1 31 19 14 15 
12 41 23 2 1 1 
1 11 28 25 9 5 1 
76 3 1 
1 62 4 6 2 4 1 
6 17 51 4 2 
2 28 37 7 1 5 
2 64 14 
36 7 35 1 1 
5 20 37 8 9 1 
4 51 20 4 1 
7 59 13 1 
1 67 12 
2 74 1 3 
1 21 46 4 2 2 1 2 1 
1 7 3 56 11 1 1 
2 73 1 4 
3 69 2 1 2 1 2 
1 54 25 
1 52 15 2 8 1 1 
1 62 16 1 
1 36 28 14 1 
2 58 11 2 4 3 
1 21 5 3 20 5 4 4 14 2 1 
4 23 44 8 1 
2 42 26 4 5 1 
1 78 1 
5 25 50 
1 48 10 16 1 1 3 
14 47 19 
1 51 26 1 1 
2 62 10 4 1 1 
6 31 27 11 5 
1 12 63 3 1 
58 7 7 4 1 3 
78 1 1 
5 63 8 2 2 
7 54 1 1 5 12 
14 33 26 6 1 
1 11 28 32 7 1 
13 3 45 7 12 
25 53 2 
3 19 19 35 4 
6 55 11 4 3 1 
1 10 2 67 
1 51 17 1 2 6 1 1 
2 56 21 1 
2 20 32 11 4 2 3 4 2 
2 10 36 3 23 3 3 
1 71 6 2 
4 66 3 3 3 1 
1 22 37 7 6 4 2 1 
34 8 38 
5 69 6 
9 14 18 29 4 4 1 1 
22 48 10 
2 61 5 12 
3 13 26 5 3 28 2 
1 62 10 1 6 
28 11 25 6 8 1 1 
40 31 4 3 2 
80 
59 2 13 3 3 
1 70 3 2 3 1 
63 13 1 2 1 
2 29 28 1 6 9 1 4 
3 16 22 37 2 
4 46 21 6 2 1 
3 23 20 24 10 
2 70 6 2 
1 61 18 
6 27 28 3 16 
79 1 
17 20 33 7 1 2 
1 78 1 
1 76 3 
2 70 2 4 2 
1 39 40 
2 64 5 4 5 
1 47 28 1 1 2 
1 37 19 8 12 1 1 1 
1 39 3 37 
8 10 40 4 18 
4 56 2 12 3 3 
1 4 16 44 11 4 
15 38 12 10 4 1 
1 29 34 15 1 
1 71 2 6 
3 34 24 6 5 6 2 
50 25 3 1 1 
1 44 15 18 1 1 
5 19 34 2 1 13 6 
2 3 31 41 2 1 
2 20 10 5 4 15 12 9 1 2 
5 26 49 
10 13 1 50 4 2 
1 77 1 1 
1 77 1 1 
1 69 10 
1 53 2 19 1 4 
18 29 28 5 
1 57 17 4 1 
61 1 16 1 1 
1 46 31 1 1 
44 7 20 8 1 
39 36 3 1 1 
25 37 10 7 1 
2 9 60 1 6 2 
22 10 17 3 8 14 5 1 
2 55 16 4 2 1 
5 64 2 8 1 
5 63 3 3 1 2 2 1 
1 7 61 6 1 4 
9 14 28 11 18 
1 20 19 7 15 13 1 4 
10 3 15 17 23 6 1 5 
2 47 8 21 2 
2 18 11 45 4 
56 13 8 1 1 1 
3 45 19 1 2 4 4 1 1 
1 30 18 25 5 1 
2 38 40 
1 30 1 48 
7 56 14 2 1 
2 71 7 
19 55 5 1 
2 46 10 13 9 
2 62 1 6 2 3 1 2 1 
3 34 19 22 2 
4 47 23 2 3 1 
58 18 4 
13 31 9 4 15 2 4 1 1 
10 18 8 15 18 2 3 1 3 2 
3 37 8 30 1 1 
1 17 11 16 4 15 13 1 1 1 
22 5 51 1 1 
5 6 47 3 7 10 2 
1 76 2 1 
2 7 7 16 36 4 1 1 2 3 1 
1 48 18 3 3 2 3 1 1 
4 3 65 5 3 
8 18 29 20 4 1 
1 25 22 11 20 1 
6 69 3 1 1 
1 21 38 9 1 6 1 3 
21 4 7 46 1 1 
3 69 2 2 2 1 1 
1 64 2 9 3 1 
2 4 10 33 23 6 2 
1 47 20 12 
63 8 9 
21 8 1 1 43 2 2 1 1 
1 64 6 5 2 1 1 
1 38 6 19 9 7 
8 68 4 
78 2 
1 46 33 
1 33 11 22 10 3 
1 62 6 10 1 
4 18 55 3 
5 18 29 2 16 10 
16 56 4 1 2 1 
2 27 8 7 2 18 2 5 8 1 
1 74 3 2 
1 66 2 4 1 1 4 1 
1 19 44 5 11 
2 58 10 7 2 1 
60 14 4 2 
29 34 3 3 7 3 1 
1 70 7 1 1 
1 21 34 9 15 
2 10 51 11 1 3 1 1 
1 7 4 11 36 12 9 
3 30 42 4 1 
9 26 27 5 1 2 2 4 1 1 2 
80 
6 59 9 4 2 
2 64 14 
1 54 15 5 1 1 3 
1 60 19 
31 34 6 6 3 
1 61 16 2 
2 18 36 22 1 1 
10 47 10 7 2 4 
2 57 1 19 1 
29 51 
3 42 24 10 1 
6 2 8 45 9 6 2 2 
15 65 
1 49 21 3 4 1 1 
6 39 22 7 3 1 2 
80 
2 41 12 1 2 5 7 5 5 
2 77 1 
1 50 26 1 1 1 
1 54 8 13 1 1 2 
1 9 13 44 12 1 
36 40 1 2 1 
2 34 11 14 11 4 4 
13 25 38 2 2 
19 34 26 1 
23 46 5 4 1 1 
7 73 
15 56 4 1 4 
1 16 46 9 2 5 1 
10 20 9 7 23 7 3 1 
4 48 7 8 13 
1 32 6 8 2 4 9 6 5 6 1 
1 65 14 
1 15 46 17 1 
3 19 42 15 1 
2 34 2 16 16 1 1 7 1 
2 67 11 
1 17 60 2 
1 37 42 
1 76 2 1 
1 74 2 2 1 
1 59 20 
54 15 6 3 2 
8 7 9 6 2 22 4 19 3 
13 38 26 2 1 
1 54 12 1 7 3 1 1 
67 6 5 2 
21 26 28 3 1 1 
1 24 16 2 17 13 1 1 2 2 1 
1 65 3 4 7 
1 26 53 
1 64 9 2 3 1 
36 32 5 6 1 
1 69 3 7 
15 16 6 1 14 19 4 3 1 1 
1 29 30 7 4 3 2 1 1 1 1 
13 3 28 30 1 3 2 
1 15 64 
2 69 9 
1 58 20 1 
1 6 32 25 2 14 
11 18 12 10 5 23 1 
4 64 5 4 3 
1 66 11 2 
43 14 20 2 1 
1 23 23 14 8 11 
80 
3 51 18 3 3 2 
50 13 14 1 2 
4 66 10 
2 43 33 1 1 
4 38 23 4 10 1 
1 12 14 14 34 2 2 1 
50 28 2 
72 8 
1 22 8 34 5 9 1 
33 39 1 7 
1 10 47 19 1 1 1 
1 49 11 15 3 1 
2 26 4 2 46 
8 50 5 16 1 
1 47 31 1 
7 10 36 7 15 3 2 
3 72 5 
1 13 60 3 1 1 1 
9 22 16 7 11 3 4 5 1 1 1 
3 73 4 
1 69 10 
76 1 3 
80 
1 25 9 17 9 8 11 
7 34 39 
21 52 2 2 1 1 1 
2 22 51 1 3 1 
23 31 18 5 3 
2 36 14 8 12 4 2 2 
21 7 10 16 10 8 3 5 
4 22 25 13 14 2 
1 75 4 
1 7 64 5 3 
1 48 22 1 4 2 1 1 
4 3 58 8 2 2 3 
13 15 33 2 3 8 3 2 1 
4 14 49 3 9 1 
25 51 2 2 
12 13 18 2 18 14 1 1 1 
64 6 1 1 5 1 2 
1 65 14 
43 3 17 8 9 
2 44 11 21 2 
3 2 73 2 
7 8 45 17 1 1 1 
1 58 14 6 1 
45 35 
24 50 3 1 2 
6 48 26 
1 79 
1 75 4 
23 36 7 13 1 
1 24 51 2 2 
1 47 4 27 1 
8 68 4 
29 19 11 14 6 1 
3 15 22 21 10 2 3 4 
15 38 27 
1 29 35 3 5 6 1 
12 13 19 21 3 7 2 3 
1 26 8 20 4 6 9 1 2 1 2 
41 30 9 
29 34 1 10 6 
1 62 14 3 
3 4 59 12 1 1 
1 18 57 3 1 
2 63 1 2 9 3 
33 19 21 4 1 2 
10 43 10 3 1 2 1 1 7 1 1 
7 40 1 5 17 9 1 
15 16 2 9 32 2 4 
1 40 29 8 2 
1 37 9 28 2 3 
2 57 20 1 
71 5 2 2 
1 23 56 
2 18 34 1 18 7 
3 30 16 13 18 
30 35 7 4 1 2 1 
1 63 12 2 2 
1 10 36 26 2 5 
7 10 5 30 23 4 1 
1 30 45 2 1 1 
14 12 46 5 2 1 
1 16 5 7 48 3 
80 
1 59 18 2 
43 19 9 4 2 1 1 1 
1 15 22 17 17 1 5 2 
29 21 23 2 5 
7 24 46 1 2 
2 19 27 14 10 2 1 3 1 1 
50 4 20 5 1 
3 33 29 7 7 1 
11 20 35 14 
80 
1 35 5 30 4 4 1 
6 43 26 1 3 1 
2 29 42 7 
27 23 20 5 2 3 
12 63 4 1 
1 21 36 11 11 
7 5 32 13 11 4 4 3 1 
4 68 4 2 1 1 
1 26 28 4 13 6 1 1 
2 54 24 
2 52 12 2 5 2 2 3 
71 6 1 1 1 
3 28 21 3 5 15 4 1 
1 3 1 37 4 15 4 5 2 2 2 2 2 
2 58 9 4 2 3 1 1 
2 18 56 4 
11 50 7 1 1 5 5 
2 54 24 
1 38 8 32 1 
1 30 45 2 1 1 
1 67 4 4 1 3 
32 46 2 
5 51 11 1 1 1 1 3 5 1 
1 51 19 7 2 
1 22 39 17 1 
6 48 8 10 5 2 1 
3 12 21 5 22 7 10 
4 64 10 1 1 
8 25 44 3 
2 31 35 1 3 1 1 1 2 2 1 
1 71 2 4 1 1 
2 8 37 1 19 4 9 
1 52 16 2 7 2 
1 53 25 1 
1 77 2 
4 13 8 3 21 9 17 2 2 1 
1 5 45 29 
1 70 2 5 1 1 
1 62 9 4 1 3 
4 1 74 1 
3 53 24 
3 60 15 2 
38 16 20 3 3 
2 37 30 1 9 1 
1 59 14 5 1 
2 6 23 46 1 2 
1 27 24 19 9 
80 
1 67 1 2 1 5 3 
1 56 23 
45 27 3 2 3 
1 63 10 1 5 
1 17 2 39 1 7 1 4 7 1 
2 37 38 3 
7 60 13 
1 67 10 1 1 
80 
1 13 52 9 2 2 1 
4 44 23 5 3 1 
10 54 11 4 1 
6 38 14 9 12 1 
4 38 8 18 8 3 1 
3 13 47 2 11 1 1 1 1 
1 33 37 3 4 1 1 
1 15 64 
2 8 59 3 8 
80 
1 23 41 3 1 11 
22 23 2 31 2 
2 6 7 38 19 8 
44 11 1 24 
1 7 9 34 8 16 4 1 
31 29 11 6 2 1 
60 8 5 5 1 1 
3 38 20 7 7 2 1 1 1 
47 9 1 10 1 10 1 1 
1 30 9 23 2 12 3 
1 46 13 17 3 
1 66 6 5 1 1 
1 57 12 5 5 
2 77 1 
4 60 16 
80 
38 22 18 1 1 
1 67 6 3 3 
1 68 9 1 1 
1 26 39 6 1 3 1 1 2 
34 38 8 
1 48 27 2 1 1 
1 32 9 38 
25 50 5 
1 9 24 26 2 3 8 7 
4 12 50 8 3 2 1 
41 11 28 
1 63 8 4 3 1 
2 70 5 1 1 1 
15 60 5 
1 33 46 
1 61 18 
8 32 1 12 1 20 2 1 2 1 
27 47 4 1 1 
1 67 5 1 6 
77 2 1 
1 41 29 3 4 2 
4 63 9 2 2 
3 20 55 2 
80 
1 5 42 10 2 8 12 
1 48 14 1 7 9 
2 35 26 10 7 
3 43 8 5 13 8 
3 27 11 2 32 2 1 2 
9 4 35 18 10 1 2 1 
6 55 2 14 3 
27 17 1 25 9 1 
5 15 22 6 27 4 1 
29 6 12 25 8 
1 30 20 2 10 9 4 1 1 1 1 
1 46 16 14 3 
66 3 9 2 
1 18 13 26 8 14 
51 8 13 6 1 1 
2 40 9 20 7 2 
3 15 62 
1 11 33 5 16 7 2 2 3 
58 8 7 1 6 
4 1 24 40 7 1 2 1 
1 21 2 15 20 9 10 1 1 
1 44 4 9 11 6 4 1 
4 63 13 
1 47 22 6 4 
3 4 48 15 10 
1 53 3 21 1 1 
1 63 16 
1 11 12 29 20 1 3 1 1 1 
10 13 26 11 3 11 3 1 2 
12 50 6 8 1 3 
1 66 10 1 1 1 
2 30 5 23 1 14 4 1 
21 54 5 
1 72 7 
17 60 2 1 
1 58 1 16 2 1 1 
1 58 6 12 2 1 
8 1 66 1 2 1 1 
1 31 6 8 13 6 5 2 2 4 2 
2 12 53 11 2 
7 2 11 46 14 
2 73 5 
7 52 2 1 1 10 4 3 
2 67 7 4 
4 57 9 9 1 
2 14 57 1 3 3 
80 
1 5 72 1 1 
1 19 57 2 1 
1 14 15 33 17 
3 43 18 15 1 
8 42 21 5 3 1 
18 17 19 26 
1 70 3 1 4 1 
32 28 18 2 
10 49 1 5 10 1 2 2 
1 15 19 20 25 
1 5 16 53 2 3 
6 72 2 
4 74 2 
2 37 34 4 1 2 
1 38 31 9 1 
9 4 29 29 4 4 1 
1 63 4 3 5 3 1 
5 61 11 2 1 
38 33 7 1 1 
1 37 12 14 1 1 6 5 2 1 
7 50 18 4 1 
67 5 4 2 2 
1 29 13 34 2 1 
1 47 32 
3 1 42 1 9 16 1 2 5 
3 41 25 5 6 
30 22 26 2 
1 7 38 17 8 4 4 1 
1 51 22 4 1 1 
2 47 18 8 1 2 2 
1 36 22 12 3 6 
25 7 16 26 2 1 3 
3 72 2 3 
50 11 4 4 4 1 1 1 4 
9 15 54 1 1 
7 44 22 7 
79 1 
3 40 25 7 5 
2 2 60 4 9 2 1 
26 14 10 3 25 2 
61 6 12 1 
63 13 1 3 
2 70 1 5 2 
53 5 20 1 1 
2 69 9 
4 38 27 11 
2 30 14 29 5 
1 70 7 2 
9 63 6 1 1 
3 23 3 1 11 28 5 2 2 2 
1 9 21 22 27 
6 2 23 3 2 43 1 
1 35 27 13 4 
1 35 4 39 1 
1 14 60 1 3 1 
4 24 2 8 36 3 3 
1 66 6 4 3 
9 28 15 19 4 2 1 1 1 
1 36 2 36 4 1 
8 18 25 6 11 4 3 2 2 1 
6 64 5 1 3 1 
1 69 3 7 
2 10 2 5 49 10 1 1 
28 41 10 1 
1 15 56 4 2 2 
5 30 24 11 6 2 1 1 
2 56 3 16 3 
1 46 9 16 8 
6 1 49 10 5 7 2 
3 24 43 8 1 1 
3 57 5 2 1 3 4 5 
1 48 31 
1 67 12 
6 22 44 4 4 
57 1 15 4 2 1 
1 10 57 3 4 4 1 
17 25 8 11 17 1 1 
2 30 39 1 5 1 1 1 
4 73 2 1 
4 69 5 2 
24 46 1 7 2 
3 77 
1 73 4 1 1 
6 16 49 6 1 1 1 
2 33 42 3 
3 34 35 2 6 
12 33 14 8 13 
1 49 9 18 2 1 
6 35 39 
47 4 29 
1 55 11 7 6 
3 2 53 17 3 2 
1 52 3 6 15 2 1 
45 29 2 2 2 
3 63 14 
1 13 22 6 27 1 2 6 1 1 
1 65 14 
2 36 17 22 3 
1 1 26 37 5 1 5 1 3 
4 44 26 1 5 
8 25 40 5 1 1 
1 69 5 3 1 1 
1 61 18 
1 60 13 6 
33 19 9 16 1 1 1 
3 37 20 11 9 
1 33 45 1 
1 48 25 5 1 
3 3 48 14 12 
2 46 32 
10 11 59 
1 64 15 
26 22 16 16 
23 48 6 2 1 
13 45 3 3 4 12 
2 66 12 
5 24 16 33 2 
1 19 58 1 1 
1 20 28 5 16 10 
1 50 29 
15 8 57 
7 17 17 8 15 14 1 1 
11 16 30 3 5 8 7 
16 23 5 6 29 1 
2 36 32 6 4 
1 34 8 34 3 
70 4 4 2 
2 17 30 24 5 2 
2 28 14 6 18 1 8 1 1 1 
62 5 5 4 1 2 1 
1 51 21 4 3 
29 2 11 34 4 
1 71 7 1 
3 27 23 21 3 3 
13 53 8 3 3 
5 8 11 42 11 1 2 
1 63 1 5 10 
2 33 20 3 7 4 7 4 
29 49 1 1 
1 32 16 13 9 7 1 1 
1 67 2 1 3 4 2 
52 3 2 21 2 
2 15 61 2 
5 60 14 1 
4 49 23 2 1 1 
15 56 9 
7 43 29 1 
29 38 13 
3 18 56 2 1 
7 18 11 26 15 3 
6 38 4 25 6 1 
72 5 2 1 
1 42 19 6 8 3 1 
1 77 1 1 
15 56 9 
10 44 12 7 4 2 1 
3 26 46 2 2 1 
1 58 12 5 2 2 
1 39 37 2 1 
1 71 5 3 
5 29 14 28 4 
1 50 4 16 5 1 2 1 
2 39 39 
52 23 5 
1 36 30 8 1 4 
1 59 8 10 2 
18 7 13 21 14 4 2 1 
1 45 6 17 2 2 1 2 1 3 
35 11 27 6 1 
1 66 13 
1 67 4 6 2 
76 2 2 
14 65 1 
1 41 7 19 8 1 3 
1 28 34 11 6 
14 44 16 1 3 2 
46 24 3 7 
1 69 3 1 3 1 1 1 
2 49 28 1 
6 41 32 1 
1 70 5 2 1 1 
2 29 49 
1 61 14 2 2 
3 51 26 
15 63 2 
20 3 27 15 11 3 1 
51 6 21 2 
1 52 22 5 
29 27 22 2 
3 56 4 11 5 1 
1 36 9 14 5 15 
54 8 18 
1 72 7 
4 38 23 1 8 5 1 
23 39 5 3 7 2 1 
24 37 18 1 
1 73 1 4 1 
1 43 13 1 22 
6 67 5 1 1 
1 18 49 1 3 3 5 
52 13 1 2 12 
2 27 50 1 
4 30 14 19 13 
3 59 14 4 
3 58 15 2 1 1 
3 65 9 2 1 
2 36 39 2 1 
10 15 34 2 15 3 1 
8 34 25 4 1 5 2 1 
1 10 35 1 24 7 1 1 
1 25 9 19 26 
8 35 10 14 12 1 
2 5 73 
3 54 16 3 1 3 
19 47 14 
1 79 
1 23 46 1 9 
23 12 42 1 2 
1 30 12 36 1 
2 31 36 11 
1 30 20 25 3 1 
11 43 2 17 7 
50 5 9 10 5 1 
11 26 23 13 2 4 1 
1 56 17 2 4 
2 56 21 1 
5 66 9 
5 71 2 2 
23 6 18 25 1 2 2 3 
15 26 6 28 3 2 
3 31 10 19 7 4 4 1 1 
67 2 10 1 
1 11 68 
65 4 4 2 4 1 
11 33 18 1 1 11 3 1 1 
5 8 64 1 2 
8 68 3 1 
6 20 43 9 1 1 
36 36 8 
4 60 5 8 3 
3 43 30 3 1 
1 40 2 17 18 1 1 
1 67 4 5 2 1 
74 2 2 2 
1 40 39 
1 14 39 1 21 1 1 2 
56 1 19 3 1 
3 14 59 1 1 1 1 
3 33 30 6 8 
55 24 1 
1 36 9 1 2 23 7 1 
1 20 41 10 4 4 
1 39 18 9 13 
8 15 4 38 15 
4 53 5 12 6 
1 58 11 1 8 1 
3 17 6 38 5 11 
2 23 16 1 37 1 
8 58 14 
1 37 26 16 
80 
7 22 36 13 2 
11 60 9 
71 6 1 1 1 
49 4 7 8 4 2 5 1 
1 2 77 
1 8 54 14 3 
66 12 2 
1 31 39 2 7 
1 6 35 22 12 2 2 
4 22 19 30 5 
2 3 71 1 1 1 1 
1 61 18 
1 59 4 3 13 
1 75 2 2 
5 69 2 1 1 1 1 
17 55 8 
1 31 7 29 11 1 
1 72 5 1 1 
1 33 24 11 9 1 1 
3 67 5 1 2 1 1 
4 44 7 13 6 5 1 
15 59 6 
72 6 2 
2 23 24 20 2 8 1 
32 26 8 9 5 
1 60 15 2 1 1 
1 75 4 
1 75 3 1 
1 44 9 2 16 7 1 
1 43 12 23 1 
79 1 
2 62 15 1 
25 16 39 
2 34 40 2 2 
1 4 61 11 2 1 
9 39 14 15 1 1 1 
1 7 34 37 1 
44 19 7 1 7 2 
1 77 1 1 
2 6 34 15 15 1 4 3 
4 12 2 38 9 1 12 1 1 
3 63 13 1 
1 44 28 4 3 
1 64 15 
13 66 1 
1 54 12 12 1 
14 31 35 
8 15 33 17 6 1 
1 71 3 4 1 
6 19 55 
1 77 2 
16 48 8 7 1 
1 11 18 39 9 1 1 
1 76 2 1 
2 77 1 
1 75 1 2 1 
1 67 2 6 3 1 
43 23 12 2 
3 3 22 3 20 29 
80 
1 34 37 7 1 
4 32 28 10 6 
1 40 39 
5 47 11 12 3 2 
1 14 45 17 2 1 
32 39 3 5 1 
17 22 37 1 1 1 1 
28 11 41 
63 17 
1 26 52 1 
60 18 1 1 
57 5 5 1 8 2 1 1 
1 42 37 
1 56 23 
15 3 5 23 2 1 20 3 6 2 
1 28 51 
1 6 61 11 1 
2 21 21 17 15 2 2 
47 11 2 1 9 6 1 2 1 
3 40 30 3 4 
2 33 29 3 2 7 4 
2 28 47 1 2 
2 30 1 4 4 2 7 1 6 12 1 3 6 1 
2 58 12 2 1 2 1 2 
3 55 3 2 7 3 3 3 1 
21 19 23 13 2 2 
1 48 29 2 
35 20 12 11 2 
1 10 35 29 4 1 
2 23 38 17 
9 30 10 26 5 
1 13 26 35 5 
1 34 13 4 17 10 1 
17 24 28 8 1 2 
1 33 3 43 
32 14 3 5 18 5 2 1 
1 25 9 20 8 11 1 1 2 2 
24 54 2 
9 34 35 2 
2 39 7 16 14 2 
61 17 2 
78 1 1 
1 39 10 29 1 
2 11 46 19 2 
79 1 
3 67 2 8 
3 19 46 3 7 1 1 
1 75 2 2 
3 45 31 1 
5 68 2 4 1 
1 38 23 3 10 5 
3 1 36 32 2 2 4 
4 72 1 2 1 
1 18 59 2 
2 62 3 4 3 2 3 1 
56 18 2 1 1 1 1 
38 11 4 16 11 
58 13 9 
1 72 6 1 
1 65 9 5 
1 8 21 45 4 1 
3 30 34 9 3 1 
1 75 3 1 
2 57 21 
3 41 20 12 1 2 1 
2 70 5 3 
1 1 32 2 16 24 1 1 2 
1 21 25 4 17 3 3 2 1 2 1 
5 12 63 
1 79 
7 56 10 3 2 2 
24 23 22 9 2 
3 6 16 35 13 6 1 
39 29 4 1 4 1 1 1 
1 21 30 9 13 4 2 
1 70 6 3 
8 14 20 25 4 7 1 1 
1 19 7 11 40 1 1 
7 10 49 8 2 4 
1 38 3 25 13 
2 38 2 8 7 22 1 
1 11 6 35 10 16 1 
12 25 2 12 1 25 3 
7 18 52 1 2 
6 8 31 5 8 7 11 4 
36 28 9 6 1 
7 18 24 23 8 
3 72 1 1 3 
2 34 39 4 1 
1 49 2 27 1 
1 40 21 3 3 1 3 7 1 
41 7 9 11 5 3 2 1 1 
1 38 28 6 2 4 1 
43 20 8 7 1 1 
1 36 3 7 8 23 2 
1 52 26 1 
1 37 9 28 4 1 
8 59 12 1 
34 46 
2 5 43 13 5 1 9 1 1 
2 44 21 4 6 1 2 
1 3 25 18 10 1 13 5 4 
23 1 36 4 1 4 6 1 2 1 1 
8 7 59 3 3 
57 7 5 6 4 1 
1 33 24 4 10 6 1 1 
1 17 11 5 13 1 21 8 3 
1 73 6 
7 39 34 
22 57 1 
15 43 9 11 1 1 
2 73 5 
12 32 10 26 
6 27 10 35 1 1 
1 67 5 2 5 
1 64 11 1 2 1 
1 44 1 16 13 4 1 
1 33 1 3 35 7 
4 36 2 3 3 13 14 3 1 1 
58 14 3 4 1 
3 55 19 3 
1 28 6 42 1 2 
1 5 31 6 17 4 10 5 1 
4 36 3 9 24 1 1 2 
5 45 19 2 2 4 1 1 1 
4 11 43 16 3 2 1 
1 39 39 1 
1 55 6 12 3 1 2 
11 26 26 3 11 2 1 
3 75 1 1 
8 9 46 6 7 2 1 1 
1 45 22 4 5 1 2 
7 18 11 13 10 1 20 
15 52 2 10 1 
43 33 4 
4 70 1 5 
8 16 26 14 16 
7 1 44 14 11 3 
1 62 12 3 1 1 
1 39 20 5 8 6 1 
1 37 8 1 20 2 3 6 1 1 
1 58 12 1 4 2 1 1 
11 9 22 21 2 5 4 3 3 
1 6 60 7 2 1 2 1 
5 69 3 2 1 
1 64 6 3 1 3 1 1 
9 11 24 13 23 
80 
51 4 17 2 3 3 
1 32 12 20 15 
36 9 21 8 4 1 1 
6 28 37 1 4 4 
1 31 9 29 1 6 3 
43 10 11 4 1 3 8 
4 75 1 
1 32 15 26 1 5 
1 5 15 43 5 2 4 2 3 
1 25 27 11 8 2 3 1 1 1 
5 4 41 16 9 2 3 
3 9 50 13 4 1 
1 38 9 32 
3 14 15 44 1 2 1 
1 44 5 30 
1 43 1 26 8 1 
40 12 28 
12 64 4 
12 52 15 1 
2 47 31 
2 44 34 
1 76 1 1 1 
7 7 33 23 9 1 
1 57 1 19 1 1 
17 19 6 19 13 6 
1 59 9 2 3 2 3 1 
1 3 47 23 2 1 3 
1 37 2 25 3 8 4 
1 18 15 35 11 
1 14 1 35 1 13 13 1 1 
3 71 3 2 1 
1 47 9 2 4 15 2 
3 3 48 26 
2 8 55 10 3 1 1 
1 65 1 13 
13 4 35 27 1 
3 18 13 25 21 
5 51 13 7 1 1 1 1 
6 12 45 11 1 1 3 1 
1 70 8 1 
7 28 43 2 
10 18 24 1 22 3 1 1 
1 37 7 22 7 1 4 1 
1 36 29 8 2 2 2 
2 49 1 9 8 8 2 1 
1 71 8 
3 72 4 1 
1 65 14 
65 2 13 
9 22 10 19 15 3 2 
4 58 15 3 
11 59 10 
3 2 38 33 3 1 
2 60 17 1 
4 17 58 1 
8 30 36 3 2 1 
1 19 29 5 25 1 
1 78 1 
1 51 7 4 13 1 3 
12 58 10 
1 32 19 6 1 16 1 1 1 1 1 
2 71 5 1 1 
8 66 1 5 
4 16 23 3 1 10 5 5 4 3 1 4 1 
4 47 11 7 10 1 
3 36 4 36 1 
4 71 2 3 
4 30 23 6 1 12 4 
20 53 7 
1 73 2 3 1 
3 13 34 13 2 3 3 9 
9 65 5 1 
1 35 12 3 24 2 1 2 
44 23 3 7 1 1 1 
14 22 7 21 13 2 1 
3 5 27 33 9 2 1 
1 64 15 
2 61 3 9 1 1 2 1 
5 69 2 2 1 1 
77 3 
9 12 58 1 
2 10 34 9 18 5 1 1 
2 36 25 12 5 
2 67 1 6 3 1 
1 63 16 
20 56 4 
2 5 20 8 37 4 2 2 
7 50 4 11 2 2 2 2 
16 14 4 8 38 
2 16 21 35 2 1 3 
9 65 4 1 1 
1 56 6 10 3 3 1 
1 45 32 2 
1 50 29 
1 37 41 1 
3 63 14 
1 40 39 
1 12 32 18 8 2 3 4 
2 7 1 41 13 11 3 1 1 
1 66 5 1 7 
2 15 41 10 7 3 2 
1 12 1 59 5 1 1 
79 1 
1 23 24 32 
1 17 49 7 1 5 
18 6 45 1 6 4 
1 15 13 11 10 3 27 
3 23 12 39 3 
5 74 1 
2 70 7 1 
49 6 24 1 
33 4 43 
25 45 10 
1 67 1 4 4 2 1 
11 29 27 4 4 5 
3 44 33 
5 20 17 10 22 4 1 1 
1 30 38 2 1 6 1 1 
2 44 19 8 6 1 
1 72 3 3 1 
3 71 5 1 
32 33 11 2 1 1 
2 8 34 27 1 2 1 2 1 1 1 
25 42 13 
1 77 2 
4 73 3 
3 49 9 7 10 2 
4 4 49 23 
1 14 59 5 1 
18 4 58 
47 3 29 1 
2 49 29 
1 36 43 
22 28 5 12 12 1 
1 62 15 1 1 
2 33 15 15 4 3 5 1 1 1 
7 50 22 1 
16 14 6 2 13 1 4 12 10 1 1 
1 15 36 10 18 
8 7 49 14 2 
1 76 1 2 
3 75 1 1 
10 68 2 
1 22 56 1 
4 34 3 34 1 1 3 
5 41 27 3 1 3 
1 11 49 10 8 1 
1 22 14 34 8 1 
1 21 18 13 8 16 1 2 
1 9 9 10 11 1 3 8 8 1 5 9 2 3 
6 55 12 2 5 
3 13 35 9 18 2 
48 27 2 2 1 
1 18 5 33 9 10 4 
1 7 41 1 4 11 11 4 
2 10 37 31 
1 74 5 
20 13 29 17 1 
1 15 63 1 
1 17 29 7 8 12 6 
2 16 34 28 
1 9 16 47 2 3 2 
10 24 22 4 18 1 1 
6 23 10 40 1 
2 3 21 11 22 6 2 5 2 5 1 
7 45 1 15 12 
7 51 11 10 1 
2 15 23 34 4 2 
1 49 19 1 3 4 1 1 1 
2 37 23 1 2 12 2 1 
1 51 15 10 3 
79 1 
1 37 31 1 1 7 2 
1 64 3 1 6 1 4 
1 71 5 3 
1 63 14 1 1 
1 79 
59 3 4 10 1 1 2 
4 75 1 
1 15 3 11 31 12 3 2 1 1 
1 5 56 10 6 2 
1 33 7 17 22 
4 51 21 2 2 
3 11 58 1 5 1 1 
3 23 44 6 1 1 2 
1 77 1 1 
9 17 45 2 7 
7 38 2 23 2 7 1 
1 2 75 2 
2 25 44 5 4 
1 35 15 22 7 
1 59 5 14 1 
1 54 24 1 
1 35 25 5 14 
1 39 39 1 
8 14 53 2 2 1 
7 37 32 3 1 
10 20 8 16 20 1 1 2 1 1 
24 24 10 18 4 
3 59 18 
1 7 47 8 12 5 
4 52 2 10 11 1 
57 15 4 3 1 
18 13 27 16 3 1 2 
1 75 1 2 1 
6 65 9 
54 24 2 
78 1 1 
8 28 9 23 6 5 1 
1 29 2 22 22 4 
1 20 33 17 2 1 6 
1 78 1 
1 5 44 27 3 
2 15 43 11 5 1 3 
1 14 47 5 2 11 
6 14 25 12 8 5 7 3 
31 2 20 11 2 8 4 2 
1 62 4 3 3 2 1 2 2 
3 23 54 
7 63 7 2 1 
1 6 14 14 38 5 2 
1 17 21 19 17 3 2 
50 20 1 2 7 
33 29 12 3 1 1 1 
4 33 9 26 2 6 
2 6 36 21 14 1 
10 58 12 
1 37 25 1 12 1 1 1 1 
10 60 4 2 4 
6 63 9 2 
75 5 
80 
1 69 9 1 
2 19 16 5 14 16 5 2 1 
1 33 22 3 2 1 14 1 2 1 
1 44 31 2 1 1 
6 70 2 1 1 
2 22 49 5 2 
2 12 62 4 
2 68 1 2 2 5 
34 33 12 1 
10 64 4 1 1 
46 18 5 11 
5 44 15 11 2 3 
3 42 17 6 4 4 1 1 1 1 
1 2 10 37 13 3 4 7 1 2 
6 68 4 2 
1 18 31 25 3 1 1 
1 74 3 2 
2 46 1 13 14 1 3 
1 50 22 1 5 1 
1 9 46 18 6 
1 51 28 
7 51 19 1 2 
1 51 4 15 5 4 
1 78 1 
2 38 35 5 
1 37 35 5 2 
1 3 30 31 1 14 
1 9 13 16 26 7 4 3 1 
1 60 18 1 
10 30 40 
5 43 7 9 2 10 1 1 2 
1 68 6 2 1 1 1 
3 63 3 5 6 
2 38 32 6 2 
1 57 19 1 1 1 
1 13 66 
1 33 38 5 1 1 1 
5 30 43 2 
2 56 21 1 
14 21 12 29 2 1 1 
27 24 6 5 5 3 3 6 1 
3 45 32 
1 11 51 10 1 2 4 
1 52 8 18 1 
73 6 1 
24 35 21 
1 26 15 2 12 22 2 
79 1 
2 31 47 
1 1 13 48 1 2 8 4 1 1 
1 78 1 
1 63 15 1 
1 4 6 18 2 15 4 21 7 2 
3 74 2 1 
11 4 49 9 5 1 1 
9 50 21 
12 41 7 20 
24 46 8 2 
47 14 16 3 
1 1 70 2 5 1 
1 45 34 
11 8 32 11 4 10 3 1 
42 27 3 5 3 
1 74 2 1 2 
26 9 39 5 1 
3 44 33 
1 77 2 
6 8 17 27 7 11 2 2 
1 32 28 17 1 1 
10 1 44 5 1 1 2 12 1 2 1 
51 22 7 
2 65 1 3 9 
79 1 
13 28 39 
1 50 20 6 1 2 
2 2 43 20 10 1 1 1 
1 54 15 6 4 
32 13 1 34 
48 26 6 
47 18 15 
1 5 64 8 2 
1 33 44 2 
74 4 2 
1 33 3 10 10 6 10 1 3 3 
1 45 27 7 
80 
14 49 8 1 2 5 1 
2 24 2 3 15 1 9 10 1 9 3 1 
3 68 3 4 1 1 
5 68 2 2 2 1 
1 21 23 14 14 3 1 2 1 
2 70 1 2 4 1 
1 35 37 5 1 1 
1 61 13 4 1 
8 66 6 
1 61 2 11 2 3 
4 40 36 
1 36 43 
1 29 31 5 10 4 
2 10 56 11 1 
2 48 12 17 1 
60 4 3 1 10 1 1 
4 66 10 
80 
2 27 49 2 
1 21 27 24 7 
1 26 6 45 2 
18 27 32 2 1 
5 67 3 5 
2 23 7 15 8 14 7 4 
5 58 8 9 
78 1 1 
12 24 43 1 
2 43 35 
5 4 38 14 2 5 2 5 3 1 1 
1 28 17 27 2 4 1 
2 52 23 1 1 1 
1 70 9 
1 63 7 6 3 
1 50 27 1 1 
4 70 5 1 
1 45 32 2 
18 62 
4 23 26 17 4 2 4 
1 44 25 3 1 3 1 1 1 
1 77 1 1 
2 3 47 20 8 
1 65 6 3 5 
1 36 4 9 1 28 1 
1 50 26 2 1 
4 7 29 8 5 23 1 3 
1 34 8 22 14 1 
1 69 6 2 2 
2 68 9 1 
2 50 20 4 4 
2 74 3 1 
1 24 41 9 2 3 
1 15 6 56 2 
9 21 47 2 1 
4 34 20 8 14 
1 49 22 3 2 3 
1 69 7 3 
2 73 1 1 1 2 
30 23 15 2 10 
39 21 5 2 5 6 1 1 
1 26 19 26 1 1 3 2 1 
10 50 11 4 4 1 
3 16 61 
20 27 5 24 4 
20 2 38 15 3 1 1 
2 68 10 
39 16 11 6 2 5 1 
1 13 12 19 18 3 12 2 
2 16 52 6 4 
1 14 12 34 3 10 1 3 2 
63 3 10 3 1 
1 26 44 9 
1 25 38 4 7 4 1 
79 1 
24 42 8 6 
14 7 27 17 7 6 1 1 
26 38 15 1 
1 65 14 
1 14 25 10 2 8 15 4 1 
1 9 60 7 3 
14 44 19 3 
1 35 38 4 2 
16 26 27 11 
15 23 31 8 3 
5 16 31 20 5 1 1 1 
1 65 1 1 4 3 4 1 
12 63 1 4 
12 25 20 11 11 1 
1 39 21 3 9 6 1 
50 3 20 1 1 3 2 
8 68 4 
1 21 34 14 10 
68 11 1 
56 5 7 2 1 2 2 3 2 
2 60 14 1 1 2 
1 59 15 3 1 1 
1 3 24 18 23 6 1 1 1 2 
3 46 28 1 2 
69 9 2 
7 15 10 25 18 3 2 
1 65 4 10 
1 12 51 15 1 
3 49 15 3 3 6 1 
26 18 20 13 1 2 
1 36 25 17 1 
1 54 20 2 3 
1 26 51 2 
15 5 58 2 
14 27 6 4 22 6 1 
1 21 18 31 9 
69 2 1 4 1 1 1 1 
1 63 16 
2 62 10 4 2 
1 75 4 
43 28 1 8 
6 3 40 13 11 7 
1 67 2 5 1 2 2 
1 38 41 
12 25 11 3 2 7 9 8 1 1 1 
6 10 39 12 4 2 1 3 1 2 
2 1 35 28 14 
1 68 5 5 1 
2 57 5 3 3 6 4 
79 1 
1 51 1 24 1 1 1 
19 45 4 7 2 3 
1 51 13 2 1 3 5 2 1 1 
4 69 3 1 2 1 
5 29 14 30 2 
2 41 29 4 4 
1 21 30 1 10 2 7 1 6 1 
1 7 70 2 
43 34 1 2 
5 29 26 16 2 2 
1 4 43 25 7 
1 17 28 30 1 1 1 1 
1 9 11 16 13 13 7 9 1 
1 9 37 32 1 
2 24 26 1 1 22 3 1 
1 44 9 17 4 4 1 
2 54 24 
5 66 9 
1 8 65 4 2 
1 46 7 4 19 2 1 
1 76 3 
11 33 9 17 9 1 
1 25 43 1 7 1 1 1 
80 
2 72 4 1 1 
3 44 9 2 18 4 
6 30 44 
42 16 6 1 11 4 
4 65 4 2 5 
2 66 2 10 
1 63 9 6 1 
80 
1 17 14 44 3 1 
1 77 2 
1 49 19 7 1 1 2 
2 20 30 8 6 11 1 1 1 
10 57 9 1 2 1 
2 54 5 2 1 5 2 7 1 1 
2 60 15 3 
1 74 5 
2 63 5 2 1 1 5 1 
3 52 13 1 8 3 
23 43 14 
6 71 3 
2 49 5 23 1 
1 70 3 1 3 2 
19 33 3 3 21 1 
1 30 18 7 24 
1 69 10 
10 69 1 
1 23 10 33 4 6 1 2 
1 73 3 2 1 
1 6 31 10 5 18 6 2 1 
20 59 1 
12 55 7 2 4 
9 34 26 7 1 1 2 
1 69 9 1 
8 29 28 15 
10 16 45 9 
33 32 6 8 1 
6 21 19 25 1 3 5 
76 4 
2 60 9 2 2 1 4 
5 18 33 21 1 2 
1 26 40 12 1 
16 6 11 12 6 23 1 4 1 
7 21 27 25 
2 74 4 
6 8 18 8 5 22 8 4 1 
1 12 67 
3 17 45 6 3 6 
1 77 2 
1 58 21 
3 18 59 
6 61 5 8 
23 50 7 
6 42 6 13 13 
1 71 1 7 
1 3 29 27 13 2 3 1 1 
60 4 15 1 
1 43 29 6 1 
1 20 19 32 8 
1 74 3 1 1 
1 39 26 12 2 
80 
18 38 24 
2 31 21 21 5 
7 47 26 
2 24 43 8 3 
1 6 67 2 4 
3 60 1 14 2 
18 27 19 13 1 2 
2 4 63 2 3 2 1 3 
1 75 1 2 1 
1 1 37 28 5 5 3 
58 20 2 
6 58 11 1 2 1 1 
4 73 3 
1 37 15 24 2 1 
9 38 5 6 13 5 3 1 
1 15 51 2 7 1 1 2 
63 6 11 
1 23 49 6 1 
2 6 1 23 38 4 1 1 4 
2 30 15 12 10 5 4 1 1 
3 52 12 6 7 
2 51 5 22 
1 16 51 12 
2 43 28 4 3 
1 19 13 2 33 6 4 2 
1 71 4 2 2 
3 5 17 11 24 5 5 3 4 1 1 1 
1 25 54 
1 6 21 27 14 7 2 1 1 
1 37 7 4 29 2 
1 25 30 11 6 5 1 1 
2 61 12 2 3 
1 67 5 3 1 1 1 1 
6 5 47 17 5 
3 59 4 13 1 
1 30 10 32 7 
2 16 25 10 23 4 
1 65 2 6 1 3 1 1 
9 34 26 2 3 5 1 
2 53 23 2 
1 66 4 6 3 
1 38 35 6 
25 22 27 4 1 1 
1 10 39 13 1 5 11 
4 26 43 7 
16 46 10 2 4 2 
5 39 15 21 
9 15 36 7 5 2 5 1 
44 31 4 1 
1 65 6 3 2 3 
1 68 6 1 4 
5 37 9 22 2 5 
1 71 3 3 2 
1 39 17 10 7 3 2 1 
4 1 26 41 1 5 2 
1 33 6 40 
1 13 19 15 8 14 5 2 1 1 1 
4 59 17 
3 63 14 
14 55 5 2 4 
7 46 27 
1 56 22 1 
26 1 42 7 4 
16 53 11 
4 24 15 36 1 
2 4 38 7 9 16 2 1 1 
2 23 6 12 22 13 1 1 
3 10 56 3 5 2 1 
6 56 12 5 1 
1 68 11 
1 72 4 1 1 1 
25 36 10 8 1 
6 55 9 3 2 1 1 2 1 
2 13 39 1 11 14 
1 79 
6 71 2 1 
2 11 28 13 17 3 2 1 3 
1 65 13 1 
1 51 28 
9 51 14 1 5 
1 35 15 21 8 
1 29 40 5 3 2 
1 65 14 
1 31 20 18 1 1 3 2 3 
3 11 7 5 22 21 6 5 
1 70 2 5 2 
16 40 20 2 1 1 
1 65 13 1 
1 65 14 
1 61 18 
3 48 27 1 1 
2 35 18 1 15 5 3 1 
80 
4 54 16 4 2 
53 14 10 2 1 
1 7 34 18 20 
1 30 36 7 4 2 
2 12 47 7 12 
3 34 41 1 1 
42 18 20 
2 67 11 
31 12 18 10 9 
35 42 3 
5 68 7 
1 8 27 26 2 8 4 4 
1 22 1 51 1 2 2 
8 58 14 
1 70 1 6 2 
3 76 1 
2 49 27 2 
8 38 30 3 1 
12 48 20 
25 46 2 6 1 
2 19 23 25 8 2 1 
1 63 15 1 
1 2 36 3 17 15 5 1 
3 8 25 14 2 19 4 2 1 1 1 
62 11 3 1 2 1 
3 29 9 39 
21 19 8 24 1 3 2 1 1 
14 37 29 
3 59 7 5 6 
2 7 35 2 29 5 
2 48 4 17 2 1 6 
1 31 42 6 
7 46 5 13 1 3 4 1 
4 64 11 1 
76 3 1 
14 46 1 18 1 
15 64 1 
65 7 7 1 
12 67 1 
5 64 11 
76 3 1 
1 37 19 20 3 
4 17 23 29 4 1 2 
1 47 28 2 1 1 
6 49 13 5 7 
61 2 12 2 3 
20 13 14 11 11 11 
2 9 15 15 32 7 
2 58 14 6 
2 45 8 3 5 14 2 1 
9 9 23 36 3 
2 50 11 14 1 2 
59 2 17 2 
7 13 13 27 2 7 6 3 1 1 
3 47 23 1 2 2 2 
6 25 34 13 1 1 
3 1 34 12 9 8 4 6 2 1 
1 28 27 23 1 
7 19 7 26 18 2 1 
4 75 1 
11 1 36 23 6 2 1 
5 69 5 1 
1 52 5 5 9 1 1 6 
80 
79 1 
1 40 21 13 5 
17 33 30 
1 70 7 2 
1 37 35 1 6 
1 57 22 
8 63 8 1 
2 23 1 19 18 13 4 
2 70 6 2 
2 25 2 49 2 
2 12 65 1 
2 71 7 
3 71 4 2 
2 65 12 1 
1 34 34 1 4 6 
1 19 20 32 7 1 
69 3 8 
1 43 36 
10 48 7 11 2 1 1 
1 76 2 1 
6 68 5 1 
77 3 
10 59 1 4 1 1 1 1 1 1 
1 18 61 
7 21 23 9 6 7 7 
3 48 29 
4 30 40 3 1 2 
13 15 36 13 3 
3 58 19 
3 17 38 13 7 1 1 
1 55 15 4 5 
48 2 8 21 1 
1 68 2 6 1 1 1 
1 55 1 1 15 4 3 
1 1 25 41 2 2 6 2 
4 14 6 33 1 22 
1 61 9 1 6 1 1 
2 61 2 14 1 
22 34 5 1 3 14 1 
2 74 1 1 1 1 
80 
2 76 1 1 
1 51 28 
51 10 11 6 1 1 
2 45 29 4 
13 40 23 2 1 1 
42 2 29 6 1 
1 69 10 
2 14 42 8 9 4 1 
2 20 36 3 15 1 3 
2 44 10 6 16 1 1 
1 21 32 5 19 2 
1 39 28 7 5 
17 8 9 9 10 3 1 2 11 10 
3 35 32 2 6 1 1 
2 71 4 2 1 
1 55 6 11 2 2 1 1 1 
2 63 12 1 1 1 
1 70 7 2 
2 48 21 4 2 3 
6 72 2 
2 52 1 18 6 1 
71 6 1 1 1 
2 47 7 14 6 1 1 1 1 
20 41 4 6 7 1 1 
1 69 2 7 1 
1 68 3 8 
1 22 9 27 5 11 1 3 1 
1 30 46 1 1 1 
1 27 52 
16 30 28 5 1 
3 56 5 12 2 2 
1 19 55 4 1 
2 12 44 5 15 2 
1 48 31 
2 75 3 
1 31 23 5 16 3 1 
80 
6 12 46 16 
48 13 12 1 4 2 
2 17 30 18 9 2 1 1 
3 73 1 3 
1 25 52 2 
45 10 24 1 
78 2 
1 79 
42 10 28 
2 57 10 11 
17 36 24 2 1 
1 5 45 7 20 2 
1 47 14 5 12 1 
35 16 23 4 2 
2 51 21 5 1 
1 60 19 
27 33 5 9 4 1 1 
10 57 11 2 
10 19 51 
3 27 4 38 3 1 1 3 
4 37 4 10 22 1 1 1 
10 38 11 13 6 1 1 
80 
1 32 33 3 3 7 1 
1 69 10 
5 19 34 14 6 1 1 
80 
2 58 12 4 1 2 1 
1 68 9 2 
2 71 6 1 
8 41 5 9 14 1 2 
26 45 1 5 2 1 
4 31 39 3 2 1 
3 32 14 18 5 5 3 
15 16 15 11 9 6 6 1 1 
1 30 46 1 1 1 
1 3 69 3 3 1 
18 45 6 10 1 
22 29 26 2 1 
1 18 28 2 2 19 1 5 1 3 
6 24 39 1 2 4 1 2 1 
8 7 30 20 1 11 3 
1 12 41 26 
1 75 4 
9 47 17 6 1 
1 42 21 5 8 1 1 1 
13 44 3 7 9 2 2 
28 27 9 14 2 
1 63 6 3 5 1 1 
4 71 3 2 
1 28 1 28 8 5 8 1 
20 34 25 1 
1 7 17 31 24 
16 11 13 15 8 5 11 1 
2 36 42 
8 23 42 7 
1 76 3 
14 60 6 
1 59 16 2 1 1 
12 51 16 1 
3 3 23 30 15 4 2 
6 24 44 3 3 
7 52 5 2 9 5 
3 74 3 
28 11 16 18 5 2 
4 51 22 2 1 
20 26 33 1 
1 39 28 1 10 1 
4 17 39 19 1 
19 56 2 2 1 
2 7 32 2 2 33 2 
1 70 9 
1 57 22 
5 35 27 12 1 
25 36 9 3 7 
1 26 43 5 2 1 2 
61 3 10 6 
1 3 3 70 3 
2 43 8 21 4 1 1 
4 55 21 
1 70 7 2 
4 73 1 1 1 
1 41 13 1 4 14 3 1 2 
5 37 38 
44 15 21 
80 
3 43 24 2 8 
1 48 3 10 17 1 
52 20 8 
5 74 1 
1 46 31 2 
13 64 2 1 
4 39 28 3 5 1 
3 35 6 32 3 1 
1 64 14 1 
10 27 42 1 
7 27 22 23 1 
3 45 14 2 14 2 
24 25 30 1 
1 52 5 7 13 1 1 
16 16 41 7 
3 62 12 3 
4 4 53 3 14 1 1 
2 59 10 9 
1 9 43 9 1 4 6 3 2 1 1 
7 51 5 6 2 2 3 1 1 2 
11 54 14 1 
1 44 34 1 
2 49 28 1 
1 55 23 1 
3 64 1 5 1 2 3 1 
68 8 4 
9 9 30 18 4 5 1 1 1 2 
32 20 12 8 8 
1 51 28 
1 63 9 7 
1 71 7 1 
7 2 5 45 16 2 3 
10 35 5 26 4 
2 15 44 8 5 3 1 2 
1 55 19 4 1 
1 74 3 1 1 
1 75 4 
1 79 
1 50 13 10 2 1 2 1 
1 11 21 21 6 6 5 7 2 
1 56 2 4 13 3 1 
1 18 54 4 3 
33 35 10 1 1 
54 19 3 3 1 
6 66 6 1 1 
1 43 14 18 1 3 
1 38 13 15 5 5 3 
1 34 9 6 16 13 1 
1 48 8 20 2 1 
1 9 58 7 4 1 
12 58 7 3 
1 71 8 
2 10 44 21 2 1 
5 27 38 6 4 
1 36 1 38 2 1 1 
2 55 23 
3 8 52 11 5 1 
2 18 25 16 10 1 5 3 
11 19 28 13 2 2 5 
1 56 19 4 
1 41 6 13 12 1 5 1 
6 53 13 5 2 1 
3 54 20 1 1 1 
1 32 35 9 1 1 1 
1 32 41 6 
3 39 26 6 2 3 1 
1 24 43 7 5 
1 40 6 23 10 
11 41 22 4 2 
11 46 17 2 1 2 1 
1 15 37 5 6 14 2 
32 26 21 1 
2 74 2 2 
1 9 42 17 5 6 
2 4 36 1 35 2 
10 49 1 3 7 5 4 1 
1 42 25 11 1 
1 60 11 4 4 
13 7 17 14 11 2 8 4 4 
1 64 7 1 7 
1 69 1 7 1 1 
1 70 9 
1 21 15 12 1 3 7 13 7 
1 68 6 4 1 
12 29 35 4 
3 38 20 18 1 
2 71 1 5 1 
1 54 5 11 1 8 
7 28 3 36 4 1 1 
2 45 12 21 
1 64 15 
3 7 45 8 6 1 1 3 1 2 2 1 
32 14 17 12 5 
2 53 18 1 4 2 
3 75 1 1 
1 61 4 1 1 12 
7 36 37 
3 67 1 1 7 1 
1 24 38 4 3 6 3 1 
1 25 27 20 4 2 1 
2 72 6 
1 37 9 16 1 1 3 11 1 
5 11 22 25 2 4 11 
1 30 30 16 2 1 
5 30 9 17 6 12 1 
50 11 14 1 1 2 1 
2 55 6 16 1 
1 41 2 26 9 1 
1 12 41 15 10 1 
1 63 4 1 8 3 
1 20 35 19 4 1 
39 29 6 4 2 
1 58 7 5 9 
4 64 1 2 9 
18 31 28 1 2 
1 12 36 22 4 3 1 1 
1 31 21 3 4 17 3 
3 24 8 24 4 17 
2 17 33 21 6 1 
1 70 9 
1 43 17 16 2 1 
24 44 10 2 
1 31 5 16 5 20 2 
1 65 7 3 1 3 
2 44 6 19 7 1 1 
2 53 21 1 2 1 
2 72 4 2 
4 45 31 
1 9 17 19 32 2 
2 30 8 37 1 2 
1 46 18 13 2 
1 3 24 26 6 12 8 
1 55 12 11 1 
4 59 14 3 
2 51 5 1 15 6 
49 18 11 1 1 
9 47 8 15 1 
8 44 26 1 1 
25 19 26 8 2 
1 11 5 26 4 15 7 8 2 1 
1 13 63 2 1 
1 62 5 6 2 1 3 
3 41 11 9 13 2 1 
59 5 10 1 2 1 2 
6 14 33 12 6 4 3 1 1 
1 65 1 13 
2 58 4 14 1 1 
1 11 50 7 11 
2 11 41 8 14 4 
12 40 16 1 2 4 1 4 
1 52 17 4 2 2 1 1 
6 3 5 9 42 10 1 4 
1 41 16 10 2 1 8 1 
1 25 4 5 42 2 1 
1 62 1 4 5 6 1 
1 6 47 26 
10 20 21 26 3 
1 18 34 3 14 3 6 1 
1 12 32 32 2 1 
1 23 54 2 
29 3 48 
1 51 9 19 
80 
1 13 23 31 1 4 3 4 
2 14 29 7 26 2 
10 66 2 2 
1 55 17 5 2 
2 62 11 2 2 1 
1 10 42 26 1 
1 54 12 8 5 
8 52 19 1 
20 40 13 2 2 3 
1 2 41 21 2 3 8 1 1 
7 61 1 10 1 
2 61 13 3 1 
61 18 1 
2 77 1 
36 21 22 1 
1 40 5 13 8 1 2 8 2 
1 47 18 1 8 2 1 1 1 
6 47 1 4 13 3 1 4 1 
23 9 23 10 4 1 1 7 1 1 
10 60 5 2 3 
2 50 24 3 1 
1 23 19 9 7 10 6 5 
1 25 38 5 4 6 1 
3 32 8 25 8 3 1 
3 20 11 39 3 3 1 
1 2 18 18 1 19 5 4 3 5 2 1 1 
1 63 6 6 3 1 
11 2 67 
5 27 37 8 3 
1 71 2 6 
1 13 27 11 1 1 10 13 2 1 
8 33 20 8 2 1 7 1 
2 11 7 25 27 6 2 
3 58 5 9 5 
12 32 2 17 4 12 1 
4 60 15 1 
1 12 32 18 13 1 1 1 1 
10 35 18 16 1 
1 64 14 1 
4 30 12 33 1 
2 43 32 3 
1 16 58 4 1 
79 1 
14 55 2 1 5 1 2 
2 50 17 8 3 
1 27 36 5 2 3 2 3 1 
14 46 8 5 6 1 
1 38 18 21 2 
32 43 5 
8 71 1 
1 26 40 4 4 5 
1 7 64 8 
1 24 4 8 12 12 12 5 1 1 
5 35 9 18 7 2 2 1 1 
5 20 55 
1 1 58 10 1 1 8 
1 24 33 8 13 1 
1 56 13 5 1 4 
1 6 3 70 
12 12 22 25 7 2 
1 50 14 6 4 5 
1 33 11 7 28 
1 5 34 28 9 2 1 
66 6 7 1 
1 31 17 24 6 1 
1 59 19 1 
1 71 1 1 1 4 1 
9 61 8 2 
11 37 21 9 1 1 
5 71 4 
1 43 21 15 
1 37 31 11 
6 62 11 1 
3 43 32 1 1 
56 18 6 
2 29 2 26 2 10 7 2 
78 1 1 
2 74 4 
1 20 3 20 21 2 2 11 
2 18 5 24 2 20 2 6 1 
4 29 15 12 8 6 6 
1 50 18 4 7 
1 54 7 12 6 
1 16 14 25 22 1 1 
3 34 43 
1 72 5 1 1 
1 70 9 
1 50 13 6 5 3 1 1 
43 34 1 2 
1 36 18 11 7 7 
28 35 11 2 1 1 1 1 
2 9 30 34 5 
80 
1 18 59 2 
1 35 6 15 6 11 1 2 1 1 1 
1 9 51 2 7 3 4 1 2 
7 37 10 13 7 2 2 2 
1 65 3 9 2 
2 9 5 8 23 11 14 6 1 1 
40 27 12 1 
22 16 42 
1 3 15 42 11 6 2 
2 36 11 11 9 1 9 1 
5 15 53 2 2 1 1 1 
12 66 2 
1 37 16 14 5 6 1 
1 79 
8 41 1 28 2 
9 54 9 1 1 1 5 
1 79 
1 15 16 6 30 11 1 
5 14 57 3 1 
5 23 34 12 4 1 1 
2 33 15 1 6 14 1 6 2 
8 40 27 3 2 
3 59 3 8 7 
1 47 32 
1 13 46 16 1 3 
4 27 42 3 2 1 1 
13 8 1 31 4 5 13 4 1 
1 6 70 3 
1 63 9 5 2 
2 30 1 44 3 
11 36 29 1 1 2 
1 21 4 41 4 3 4 2 
1 68 8 2 1 
65 11 4 
22 55 2 1 
3 27 20 14 13 2 1 
1 30 31 10 6 2 
78 2 
1 30 21 3 9 1 2 7 2 2 2 
77 2 1 
1 71 1 7 
2 18 29 7 18 1 4 1 
14 66 
13 10 53 1 3 
5 52 6 14 3 
2 9 43 17 4 5 
1 9 54 15 1 
80 
80 
2 57 3 13 2 2 1 
13 27 26 5 7 2 
1 52 4 3 14 2 2 2 
1 39 24 3 10 3 
1 44 20 13 2 
1 8 36 30 2 3 
4 75 1 
4 47 8 3 9 3 6 
37 33 1 5 3 1 
9 52 8 8 1 1 1 
1 27 32 5 8 4 1 1 1 
1 26 8 3 37 4 1 
1 68 11 
1 36 12 19 10 2 
2 35 33 9 1 
5 41 5 18 3 7 1 
26 33 3 8 6 4 
2 46 20 4 1 4 3 
8 33 36 3 
1 9 46 23 1 
1 40 10 20 4 3 1 1 
1 52 16 10 1 
4 74 2 
1 54 16 7 2 
26 45 6 1 1 1 
6 37 12 17 2 5 1 
12 41 20 5 1 1 
63 2 3 1 11 
1 38 27 12 1 1 
4 70 1 4 1 
1 58 21 
1 16 19 11 16 9 8 
80 
53 27 
1 65 11 2 1 
1 57 2 15 4 1 
10 48 22 
1 57 9 12 1 
68 9 2 1 
3 10 15 17 7 11 16 1 
8 24 33 4 4 2 1 4 
1 55 12 3 8 1 
1 23 10 18 12 16 
1 32 36 11 
5 19 18 29 5 1 2 1 
1 62 10 7 
2 2 9 49 10 5 2 1 
1 10 67 1 1 
1 2 17 55 1 3 1 
19 4 27 25 5 
1 23 30 15 5 4 2 
1 8 15 14 42 
1 42 10 13 11 1 1 1 
3 35 21 13 6 2 
1 12 43 15 2 4 1 2 
2 30 5 3 14 7 9 10 
2 30 44 3 1 
69 11 
1 37 8 29 3 1 1 
6 45 15 13 1 
1 5 35 39 
6 49 21 2 2 
20 59 1 
1 61 18 
4 72 1 3 
74 1 4 1 
1 32 29 5 5 6 2 
1 59 16 2 1 1 
1 53 2 1 1 2 2 4 3 6 5 
2 20 54 4 
15 40 14 9 1 1 
2 77 1 
1 68 6 3 2 
1 50 4 12 2 1 3 1 6 
1 18 37 13 4 1 6 
15 58 2 2 1 2 
2 59 11 7 1 
1 70 9 
1 7 14 56 2 
1 26 5 42 3 1 2 
45 14 7 11 1 1 1 
4 71 5 
10 32 33 5 
2 58 10 6 4 
1 47 31 1 
1 8 63 5 2 1 
4 14 30 12 3 7 8 2 
2 24 41 5 5 3 
1 10 53 13 2 1 
5 7 57 11 
2 58 9 9 2 
12 43 19 3 2 1 
1 14 36 6 1 1 18 3 
1 60 11 5 3 
1 14 3 40 20 2 
10 62 3 5 
12 33 2 11 11 1 2 2 1 3 2 
46 3 27 3 1 
9 44 25 2 
3 63 14 
1 47 26 3 3 
1 38 13 5 23 
55 15 6 3 1 
1 30 27 1 17 4 
1 23 11 42 2 1 
1 2 73 1 1 2 
10 65 5 
6 4 13 20 33 1 2 1 
6 47 11 1 3 1 11 
1 64 12 1 1 1 
4 58 4 1 3 2 4 2 1 1 
1 35 44 
3 35 18 1 2 5 8 4 2 1 1 
11 43 3 19 2 2 
5 18 4 16 23 12 1 1 
80 
2 7 19 18 8 2 5 12 6 1 
5 23 43 2 3 4 
1 10 20 25 24 
12 23 45 
3 22 55 
4 48 19 6 3 
1 22 3 38 9 4 2 1 
1 43 13 21 2 
3 37 40 
1 43 3 7 3 10 8 5 
8 51 20 1 
4 14 62 
7 73 
14 51 13 1 1 
8 39 22 11 
1 25 31 19 4 
52 22 6 
1 78 1 
72 8 
1 70 5 4 
24 24 9 14 8 1 
4 60 13 2 1 
1 17 27 6 26 3 
72 3 1 1 3 
1 17 16 9 5 30 1 1 
1 31 48 
28 43 5 3 1 
2 21 42 12 2 1 
50 22 3 1 4 
1 44 11 23 1 
3 37 25 4 5 6 
1 70 7 2 
6 70 2 2 
8 17 39 14 1 1 
2 38 40 
1 9 22 12 22 11 3 
1 22 25 28 4 
1 23 4 23 5 19 1 2 2 
1 56 17 3 3 
4 74 2 
1 26 53 
69 2 5 4 
57 11 11 1 
2 43 27 7 1 
70 3 7 
28 49 1 1 1 
1 32 37 5 2 3 
6 30 33 4 1 4 1 1 
62 1 12 1 1 3 
1 49 30 
1 68 3 4 4 
4 33 9 33 1 
1 44 23 12 
2 7 62 4 5 
2 35 27 1 13 2 
6 72 2 
2 49 15 7 7 
1 3 54 13 9 
77 3 
80 
3 61 16 
1 33 42 4 
3 25 32 13 4 3 
1 11 11 31 17 1 3 1 4 
1 54 24 1 
1 40 10 9 13 1 2 4 
2 35 8 29 6 
4 28 4 41 3 
44 33 3 
5 3 33 31 2 1 3 1 1 
1 17 14 9 34 3 2 
21 20 5 30 1 1 1 1 
2 58 15 5 
1 18 15 6 20 10 3 4 2 1 
2 75 2 1 
1 52 25 1 1 
31 9 18 18 4 
76 1 2 1 
5 61 10 2 1 1 
8 60 10 2 
21 29 30 
2 4 71 2 1 
80 
7 40 32 1 
2 4 12 25 13 10 9 2 2 1 
23 29 28 
2 49 7 7 5 6 3 1 
13 54 5 8 
1 65 9 1 3 1 
3 62 9 6 
1 28 31 8 5 2 2 2 1 
