2 42 10 9 15 2 1 
51 10 20 
2 2 52 5 15 1 2 1 1 
2 45 6 19 8 1 
31 11 14 13 5 7 
6 61 14 
81 
1 72 8 
2 61 3 15 
2 68 10 1 
3 23 52 1 2 
1 57 11 11 1 
2 9 13 49 4 2 1 1 
1 26 16 11 10 16 1 
4 15 42 2 4 2 1 8 3 
1 46 30 4 
16 19 22 12 1 1 1 9 
1 52 21 6 1 
1 7 7 21 8 6 7 17 7 
1 20 26 9 22 3 
1 53 27 
10 37 28 1 3 2 
1 44 35 1 
1 1 41 8 14 13 3 
16 21 14 8 11 11 
1 65 15 
6 20 1 27 1 17 8 1 
2 70 2 5 1 1 
1 44 11 12 13 
2 64 8 7 
4 52 9 12 2 2 
1 45 14 8 13 
2 27 12 15 8 5 3 7 2 
7 4 10 14 39 4 1 1 1 
7 24 9 21 18 1 1 
1 29 34 6 1 2 2 6 
1 47 33 
2 24 33 1 7 13 1 
21 3 41 13 1 2 
36 2 12 20 4 2 1 2 1 1 
1 72 4 2 1 1 
12 35 34 
12 49 5 7 1 5 2 
2 11 20 8 9 12 7 11 1 
79 2 
20 45 5 2 1 2 5 1 
9 5 33 23 5 1 1 3 1 
2 22 19 32 2 4 
1 80 
6 75 
15 62 1 2 1 
8 18 40 4 7 3 1 
4 47 10 3 6 6 4 1 
1 43 27 6 3 1 
1 75 2 3 
1 5 44 5 5 1 3 6 6 3 2 
2 78 1 
1 75 1 1 1 1 1 
7 48 18 4 4 
25 27 24 3 2 
1 52 27 1 
5 57 16 2 1 
1 18 7 16 5 16 4 10 1 3 
62 17 2 
1 78 2 
1 12 23 42 3 
1 31 49 
1 64 2 7 3 3 1 
1 14 8 49 3 6 
3 30 44 4 
1 80 
1 71 1 6 1 1 
75 6 
6 13 62 
4 68 9 
15 45 19 1 1 
6 50 11 10 4 
1 26 23 8 23 
3 24 1 19 1 16 17 
1 35 22 6 3 8 2 1 2 1 
7 59 8 3 2 1 1 
3 6 5 18 29 20 
1 44 7 18 8 3 
8 12 34 10 7 9 1 
12 24 1 1 37 5 1 
71 2 8 
1 72 5 1 1 1 
10 64 5 2 
1 43 7 28 2 
10 53 1 8 8 1 
32 7 37 5 
1 44 9 10 5 12 
6 21 44 4 1 5 
1 77 2 1 
1 74 6 
56 9 12 1 1 1 1 
1 78 1 1 
2 2 63 10 1 2 1 
1 68 7 1 2 2 
2 70 3 3 3 
1 64 9 6 1 
1 46 11 10 9 1 2 1 
1 55 4 20 1 
15 15 25 20 5 1 
31 29 1 6 6 1 6 1 
1 15 42 20 2 1 
34 32 12 1 1 1 
3 54 16 8 
1 40 37 2 1 
1 49 22 5 1 1 2 
2 12 35 6 5 5 4 2 5 3 1 1 
1 33 37 8 2 
7 15 17 40 2 
2 32 21 26 
5 39 14 15 8 
2 16 17 12 11 4 7 7 1 2 1 1 
1 15 49 6 8 2 
48 13 3 12 4 1 
9 49 23 
1 12 30 1 25 3 5 4 
1 31 32 1 9 7 
1 42 32 4 2 
3 21 51 4 2 
10 41 10 11 9 
6 70 5 
1 33 23 17 2 3 2 
11 49 4 15 2 
5 42 20 3 5 3 1 2 
5 20 56 
1 69 3 7 1 
15 38 1 15 4 4 1 2 1 
6 71 3 1 
3 36 17 15 1 3 5 1 
23 55 3 
1 60 13 1 4 2 
1 59 21 
8 51 21 1 
2 20 45 7 1 3 1 2 
2 37 35 7 
1 53 24 1 1 1 
13 64 4 
1 18 23 36 3 
1 40 30 3 1 6 
1 34 42 1 1 1 1 
44 24 3 2 2 2 2 2 
1 50 18 9 3 
1 13 19 27 13 2 4 1 1 
1 13 41 16 10 
1 18 27 15 9 2 3 5 1 
5 64 9 1 1 1 
4 50 6 1 1 11 5 1 1 1 
2 35 32 6 2 1 3 
1 50 7 10 6 1 1 4 1 
4 38 29 2 7 1 
2 3 71 3 1 1 
1 75 2 1 1 1 
11 57 13 
3 14 11 31 9 13 
3 40 6 2 16 1 9 3 1 
1 20 8 49 2 1 
31 24 9 7 8 2 
2 9 18 3 2 38 5 3 1 
2 9 52 12 3 3 
1 80 
1 50 18 2 7 3 
10 2 16 2 44 7 
1 75 4 1 
9 21 47 2 1 1 
5 20 1 15 26 5 3 1 3 2 
1 71 7 1 1 
1 3 20 39 4 14 
1 20 36 12 6 2 3 1 
1 31 41 6 2 
2 2 75 2 
1 38 37 1 3 1 
11 44 26 
1 28 18 20 13 1 
81 
1 73 2 3 2 
1 45 2 26 1 6 
1 38 16 8 4 12 2 
1 66 6 1 2 3 1 1 
6 54 21 
8 15 47 2 9 
18 28 33 1 1 
1 55 23 2 
10 16 52 2 1 
1 31 42 4 2 1 
25 34 18 3 1 
18 40 22 1 
71 9 1 
7 41 32 1 
1 9 69 2 
81 
4 76 1 
24 25 31 1 
7 54 2 7 2 7 1 1 
1 19 10 10 8 29 4 
2 16 6 30 25 2 
81 
79 2 
14 11 42 6 4 2 2 
1 66 8 6 
5 55 4 3 1 5 4 2 2 
5 62 6 6 1 1 
2 21 13 24 12 5 4 
1 10 35 32 1 1 1 
78 3 
1 27 4 20 21 7 1 
4 52 18 5 2 
4 50 2 3 11 5 4 1 1 
1 77 2 1 
2 13 36 1 14 1 3 3 5 2 1 
4 29 47 1 
1 56 24 
4 19 42 8 3 3 2 
1 38 11 2 3 3 1 5 1 8 2 4 1 1 
1 5 60 7 2 4 1 1 
3 23 23 2 24 3 2 1 
2 33 21 2 19 2 1 1 
3 78 
1 65 11 3 1 
2 46 8 14 1 5 5 
81 
2 4 59 13 1 1 1 
1 28 52 
3 2 18 17 18 7 10 6 
5 28 41 6 1 
1 46 34 
2 41 13 23 1 1 
32 16 19 4 4 6 
1 3 34 10 13 18 2 
75 2 4 
2 63 14 1 1 
1 18 15 10 3 34 
3 43 17 16 1 1 
9 54 3 1 1 6 2 1 1 3 
34 31 8 7 1 
5 22 32 21 1 
1 43 6 7 6 1 8 7 1 1 
1 16 5 15 25 11 7 1 
1 57 19 4 
1 2 21 1 41 10 5 
2 32 31 16 
1 27 29 18 1 5 
8 12 42 19 
65 1 7 8 
1 24 18 19 9 4 4 1 1 
2 39 26 1 2 8 3 
1 58 22 
2 17 24 13 23 2 
5 12 35 6 3 1 7 9 1 1 1 
9 36 34 2 
1 60 20 
3 58 11 3 6 
1 32 1 1 36 7 3 
16 29 13 23 
1 22 57 1 
31 4 2 44 
18 61 1 1 
15 37 10 5 14 
1 18 4 1 15 36 6 
1 41 2 10 25 2 
1 3 1 70 2 4 
4 51 22 3 1 
4 26 50 1 
1 18 12 47 2 1 
65 16 
1 71 2 2 1 2 1 1 
2 24 48 2 4 1 
2 45 20 6 4 3 1 
1 71 1 3 2 2 1 
2 64 15 
2 43 5 26 4 1 
51 10 19 1 
5 53 3 13 6 1 
14 33 19 15 
8 59 4 1 7 2 
5 44 32 
16 19 29 17 
1 56 1 10 11 2 
68 8 3 2 
27 42 1 2 9 
3 39 11 18 10 
31 46 1 1 1 1 
81 
1 28 43 9 
2 20 45 11 2 1 
10 18 53 
9 64 8 
12 47 5 10 6 1 
1 78 1 1 
44 16 4 14 3 
1 4 31 37 3 3 2 
4 34 41 1 1 
67 2 5 7 
4 27 8 13 22 7 
68 2 2 1 1 1 4 2 
4 19 57 1 
1 32 15 5 13 9 1 2 2 1 
77 1 1 2 
9 30 10 12 14 6 
1 76 4 
1 35 41 1 3 
4 70 6 1 
16 30 33 1 1 
27 53 1 
14 49 18 
18 23 12 26 2 
1 61 6 1 5 1 3 2 1 
1 55 22 2 1 
1 47 20 12 1 
1 5 15 17 19 15 3 1 5 
1 80 
1 75 5 
27 25 8 14 7 
3 64 14 
3 59 12 4 3 
2 67 12 
8 20 11 19 18 2 1 1 1 
5 17 23 14 10 6 3 1 2 
1 50 9 21 
3 21 57 
33 39 3 6 
16 42 23 
1 17 25 8 4 13 3 2 7 1 
10 25 18 4 17 3 3 1 
1 38 29 9 2 2 
18 58 5 
68 2 11 
1 61 13 6 
26 28 26 1 
1 53 2 17 7 1 
58 6 10 2 3 1 1 
59 11 7 3 1 
1 27 28 20 5 
1 16 1 53 2 2 3 2 1 
1 36 8 11 20 2 1 1 1 
11 33 13 17 7 
3 11 10 27 21 1 5 3 
3 6 58 1 2 6 2 2 1 
1 35 42 3 
2 76 2 1 
1 72 5 2 1 
1 59 6 3 2 6 1 3 
8 52 11 7 1 1 1 
5 59 2 13 1 1 
1 33 47 
35 5 24 17 
1 47 3 23 6 1 
6 41 6 7 5 16 
80 1 
2 74 4 1 
11 31 28 2 1 2 5 1 
6 68 6 1 
10 32 24 7 7 1 
1 73 1 5 1 
3 26 51 1 
30 19 4 4 4 6 4 1 2 1 2 3 1 
2 24 46 2 5 1 1 
1 12 52 11 4 1 
2 15 24 20 12 4 2 1 1 
7 6 61 7 
1 42 38 
1 14 11 43 12 
78 2 1 
2 52 9 3 7 1 2 2 2 1 
1 60 6 7 3 1 1 1 1 
4 71 6 
1 68 5 1 5 1 
1 12 46 19 3 
1 1 62 15 1 1 
3 68 7 1 2 
66 12 3 
80 1 
42 30 7 2 
1 22 4 27 3 24 
1 14 43 20 3 
3 60 6 8 3 1 
1 17 59 2 2 
17 46 5 9 3 1 
1 36 10 3 1 4 21 1 2 2 
1 35 41 2 2 
1 80 
5 62 3 9 1 1 
1 47 16 12 4 1 
18 41 16 3 3 
4 68 1 8 
75 2 4 
2 32 24 21 2 
2 47 24 3 5 
1 10 51 3 2 14 
4 6 2 45 15 8 1 
1 62 18 
1 44 33 3 
1 71 5 2 1 1 
2 8 9 21 1 37 1 1 1 
15 1 39 23 1 1 1 
5 9 42 18 2 4 1 
1 35 27 7 2 8 1 
1 6 9 58 5 1 1 
1 19 15 20 13 7 6 
3 43 27 6 2 
2 43 24 6 5 1 
5 30 45 1 
2 12 56 9 2 
25 32 21 3 
3 32 25 18 2 1 
5 70 1 3 2 
16 20 26 6 6 4 1 2 
1 53 23 2 2 
1 43 28 2 3 4 
7 27 33 13 1 
3 33 17 12 6 2 7 1 
19 13 7 39 1 2 
1 45 34 1 
5 22 51 2 1 
39 21 14 1 5 1 
3 42 16 12 4 2 1 1 
1 73 3 3 1 
3 57 9 7 1 1 1 2 
1 68 12 
1 29 11 12 25 3 
3 8 69 1 
2 75 1 1 1 1 
7 48 25 1 
2 49 24 3 2 1 
2 23 25 30 1 
8 11 11 15 16 17 2 1 
1 19 56 2 2 1 
2 65 12 2 
1 39 21 12 1 3 1 1 2 
3 46 5 25 2 
1 55 8 3 3 5 1 3 2 
1 57 16 2 1 1 3 
2 70 5 4 
1 51 13 15 1 
13 37 27 2 2 
2 7 18 34 9 9 2 
2 29 25 4 4 5 3 7 2 
1 46 3 7 1 1 12 2 4 4 
2 29 14 14 12 1 1 1 2 4 1 
7 68 5 1 
1 41 15 20 4 
2 51 28 
2 60 4 4 4 2 5 
2 42 16 19 2 
1 26 51 3 
1 77 1 2 
1 69 10 1 
4 6 29 35 1 1 5 
2 44 34 1 
41 4 23 6 7 
2 48 30 1 
1 12 36 21 10 1 
2 10 19 30 16 1 1 1 1 
8 30 32 9 2 
45 3 28 4 1 
36 39 2 2 2 
1 40 14 11 9 5 1 
1 35 23 18 2 1 1 
25 3 14 1 19 7 12 
2 68 3 6 2 
1 76 1 2 1 
1 9 45 1 25 
3 48 5 13 10 2 
1 42 38 
3 56 14 5 1 2 
1 52 9 3 13 1 2 
3 38 24 6 6 4 
2 68 2 4 3 1 1 
1 4 44 4 15 3 8 2 
4 38 9 19 2 8 1 
79 1 1 
2 1 60 14 4 
5 9 42 21 3 1 
1 33 39 8 
1 25 10 40 4 1 
5 37 7 31 1 
1 64 15 1 
1 16 60 3 1 
53 14 3 1 8 1 1 
3 36 25 10 3 3 1 
80 1 
1 2 66 2 6 3 1 
26 55 
2 47 32 
57 24 
2 45 23 7 1 3 
4 52 8 4 13 
17 62 2 
1 9 68 2 1 
5 32 36 5 3 
54 13 10 1 2 1 
4 31 37 6 3 
5 7 69 
3 48 17 7 3 1 1 1 
1 62 18 
1 36 31 7 6 
9 54 10 7 1 
5 36 24 6 4 6 
15 56 10 
3 48 29 1 
6 19 12 35 1 7 1 
1 59 7 3 11 
58 10 13 
19 9 24 19 10 
3 73 5 
2 47 29 1 1 1 
14 4 14 46 1 2 
1 3 54 22 1 
6 27 5 17 17 2 6 1 
3 52 10 4 9 1 2 
1 75 5 
1 46 18 3 4 1 5 2 1 
2 49 21 4 5 
3 50 28 
3 51 22 4 1 
54 13 11 2 1 
3 20 58 
2 53 12 13 1 
1 24 19 35 1 1 
28 33 3 9 4 3 1 
5 18 58 
4 30 35 11 1 
5 20 45 6 5 
26 28 13 11 3 
5 38 15 4 8 2 3 2 2 1 1 
4 5 6 28 35 2 1 
8 9 17 5 12 2 10 15 1 2 
1 20 39 9 4 5 1 1 1 
3 48 30 
1 66 10 4 
1 66 9 3 1 1 
3 70 8 
2 11 16 50 2 
2 53 26 
23 43 15 
3 4 24 20 12 13 5 
1 47 9 17 4 2 1 
2 73 6 
6 22 14 29 10 
9 26 15 3 4 6 1 5 7 3 1 1 
3 44 16 14 4 
6 60 4 5 6 
2 74 5 
80 1 
32 11 1 34 3 
4 70 7 
2 79 
2 52 26 1 
4 1 46 17 9 2 2 
43 16 8 14 
6 32 5 22 11 4 1 
1 3 31 46 
8 23 42 6 2 
18 40 7 8 2 4 1 1 
4 63 14 
9 1 37 27 1 6 
1 42 2 20 5 6 1 1 2 1 
2 17 49 13 
15 15 24 21 6 
68 9 3 1 
2 66 11 1 1 
1 45 25 4 4 2 
2 40 27 5 7 
70 7 3 1 
4 26 43 6 2 
20 16 13 30 1 1 
3 12 34 23 6 3 
4 40 25 6 1 4 1 
3 58 11 8 1 
1 61 19 
4 10 56 11 
14 24 6 9 5 3 11 2 4 2 1 
1 43 33 2 2 
2 74 2 2 1 
2 24 14 2 18 19 1 1 
1 80 
7 19 1 15 10 18 5 1 2 2 1 
5 19 28 24 5 
1 78 2 
79 2 
2 5 6 27 14 7 8 2 2 3 2 3 
1 22 58 
67 10 3 1 
7 61 5 4 2 1 1 
3 29 49 
5 76 
2 23 20 11 3 3 15 4 
2 46 8 16 9 
1 72 6 2 
1 59 19 1 1 
4 8 53 16 
14 56 2 6 1 2 
2 30 49 
1 7 17 43 12 1 
1 2 44 27 5 1 1 
1 56 7 15 1 1 
18 16 22 18 2 2 3 
1 48 13 4 4 3 6 1 1 
22 39 16 2 1 1 
2 70 9 
15 35 20 4 7 
1 62 4 6 1 1 6 
23 23 28 4 2 1 
1 47 27 2 4 
1 40 5 17 3 8 7 
1 10 57 13 
1 60 11 8 1 
21 29 18 2 10 1 
9 46 8 10 7 1 
1 73 6 1 
3 78 
2 53 20 4 1 1 
2 48 16 14 1 
33 19 9 19 1 
1 42 10 14 3 2 2 5 1 1 
2 13 7 3 41 5 8 2 
1 13 67 
7 10 31 7 6 8 4 2 3 1 2 
2 56 18 1 2 1 1 
1 62 14 4 
5 3 67 1 4 1 
1 67 10 3 
3 78 
11 18 5 6 29 11 1 
1 37 17 4 17 2 1 2 
20 52 5 3 1 
14 21 13 16 14 3 
4 9 3 65 
1 77 3 
5 26 50 
1 21 4 55 
5 59 17 
1 30 21 27 2 
1 14 19 17 16 2 6 6 
18 58 1 3 1 
21 49 8 2 1 
1 79 1 
81 
1 57 21 1 1 
1 79 1 
6 32 22 5 15 1 
1 50 4 9 7 8 1 1 
1 34 37 6 3 
68 5 2 2 4 
23 51 4 2 1 
3 25 37 15 1 
9 37 25 5 2 2 1 
3 58 4 13 3 
2 6 34 9 4 21 3 1 1 
2 39 1 14 24 1 
2 13 66 
8 53 12 7 1 
12 13 9 9 36 1 1 
1 24 49 3 4 
18 18 1 34 9 1 
4 62 15 
81 
6 60 10 2 3 
44 21 7 5 4 
10 10 48 6 1 6 
36 38 7 
3 62 6 3 3 3 1 
31 9 34 6 1 
2 34 28 12 3 2 
4 2 20 12 42 1 
21 18 4 20 13 2 1 1 1 
2 36 12 14 17 
80 1 
5 45 30 1 
3 54 6 9 9 
1 42 8 24 1 2 2 1 
1 21 34 15 6 1 2 1 
2 78 1 
2 38 36 3 2 
1 16 45 4 12 2 1 
4 67 5 4 1 
1 32 43 1 4 
1 80 
2 3 33 14 8 10 4 4 3 
19 52 4 2 1 2 1 
2 11 17 15 12 18 2 3 1 
1 43 31 6 
1 64 16 
1 23 19 34 2 2 
1 50 1 21 8 
1 52 20 1 2 5 
1 41 5 4 17 10 2 1 
1 59 17 1 3 
3 50 7 10 4 1 6 
12 9 38 12 6 4 
6 4 5 45 18 1 1 1 
1 5 48 6 11 7 2 1 
2 54 7 14 2 1 1 
12 54 6 5 2 1 1 
1 5 16 8 38 9 4 
1 36 43 1 
8 7 20 17 15 6 8 
1 57 5 10 8 
1 59 7 14 
81 
42 7 14 4 13 1 
2 27 21 29 2 
2 27 8 15 7 8 4 3 2 3 2 
1 45 34 1 
8 15 39 11 3 2 2 1 
21 60 
1 9 26 39 6 
1 59 21 
58 13 7 3 
1 16 18 5 1 38 1 1 
2 15 2 53 4 3 1 1 
1 56 3 20 1 
3 45 11 2 15 1 4 
14 24 33 8 1 1 
4 51 21 2 3 
2 49 20 7 3 
1 76 3 1 
21 24 12 6 9 9 
3 67 11 
3 19 59 
13 40 10 8 5 3 2 
4 51 15 6 4 1 
1 66 12 2 
55 18 6 2 
37 18 26 
5 76 
27 2 31 12 7 1 1 
1 63 6 6 5 
1 77 2 1 
1 70 1 4 5 
1 46 23 11 
3 13 3 62 
1 43 20 12 5 
1 46 17 15 2 
1 78 1 1 
2 64 1 12 1 1 
1 11 40 14 3 2 5 4 1 
10 13 58 
10 39 8 17 7 
1 61 19 
1 60 7 9 2 2 
1 74 6 
1 7 22 3 45 2 1 
1 6 73 1 
1 78 1 1 
1 57 21 1 1 
9 28 43 1 
2 57 7 14 1 
80 1 
5 8 35 27 5 1 
13 59 5 2 2 
2 70 7 1 1 
18 15 33 8 1 1 1 3 1 
1 29 5 13 1 11 3 1 2 10 3 2 
1 68 5 3 4 
1 38 12 26 1 1 1 1 
1 77 3 
58 9 11 3 
1 8 46 8 13 4 1 
1 51 29 
59 4 13 1 1 3 
1 42 36 1 1 
4 54 6 10 3 2 1 1 
1 26 38 11 2 1 1 1 
1 73 7 
1 67 5 5 2 1 
6 11 63 1 
1 8 11 28 32 1 
1 12 67 1 
81 
50 18 6 3 4 
5 18 21 13 11 9 4 
6 30 11 5 5 4 10 5 1 4 
5 24 28 14 4 1 4 1 
3 61 13 1 3 
1 2 24 47 7 
65 2 1 1 12 
1 65 15 
1 68 12 
2 79 
4 14 3 59 1 
57 22 2 
1 41 36 1 1 1 
3 17 40 7 14 
65 14 2 
6 10 24 24 5 6 6 
17 7 25 16 6 10 
1 1 48 24 5 2 
54 13 11 1 1 1 
64 2 8 5 1 1 
36 27 4 8 4 2 
76 4 1 
2 39 2 2 8 12 10 5 1 
2 13 48 7 10 1 
1 29 35 15 1 
47 28 4 2 
2 54 15 2 2 4 2 
49 6 10 14 2 
1 9 9 10 39 1 4 2 3 1 2 
5 55 9 8 4 
1 69 2 8 1 
3 63 12 3 
1 77 2 1 
7 20 11 12 16 12 2 1 
11 1 22 15 17 11 2 1 1 
3 10 51 2 8 6 1 
1 46 26 2 6 
22 55 4 
5 34 13 29 
1 21 53 4 2 
1 4 75 1 
3 33 6 2 29 2 1 4 1 
23 50 4 3 1 
1 35 35 9 1 
2 2 35 11 2 19 4 2 4 
3 67 5 2 2 2 
1 78 2 
1 19 11 49 1 
4 66 11 
1 41 13 9 12 3 2 
1 23 16 4 28 7 2 
4 52 15 7 1 1 1 
6 72 3 
8 20 6 45 1 1 
1 74 2 3 1 
4 76 1 
5 55 16 2 1 1 1 
3 68 7 1 2 
2 65 12 2 
6 6 35 17 13 1 1 1 1 
1 77 2 1 
3 71 7 
5 33 29 1 2 11 
15 49 15 1 1 
1 52 11 6 2 7 1 1 
26 49 1 3 2 
1 5 16 28 16 13 2 
1 27 24 6 17 1 4 1 
1 30 32 10 2 1 2 3 
1 31 15 24 7 3 
6 45 15 10 5 
2 43 13 9 12 2 
1 36 13 10 12 1 5 3 
5 62 3 6 2 2 1 
2 11 58 3 2 3 1 1 
1 8 6 63 3 
1 70 4 2 3 1 
6 30 3 36 6 
1 73 5 1 1 
21 4 8 5 4 6 10 8 8 5 2 
1 41 38 1 
3 29 48 1 
1 35 29 6 10 
1 80 
1 3 54 16 4 2 1 
4 51 16 10 
1 76 4 
1 46 12 2 2 15 1 2 
1 36 20 15 6 2 1 
1 25 54 1 
12 20 3 17 14 1 7 2 3 2 
1 10 60 3 2 1 2 1 1 
13 20 12 25 1 4 5 1 
8 71 1 1 
5 15 40 3 1 14 3 
1 57 5 12 5 1 
4 67 8 1 1 
23 51 4 1 2 
2 51 24 4 
1 26 52 1 1 
2 58 10 2 6 2 1 
3 17 16 35 9 1 
6 38 28 4 4 1 
47 32 2 
37 5 6 1 2 24 4 2 
3 8 69 1 
2 65 13 1 
76 2 2 1 
3 40 12 12 4 10 
3 6 66 2 3 1 
1 16 49 2 2 5 4 1 1 
78 1 2 
4 69 1 7 
2 44 34 1 
1 20 33 15 2 6 4 
3 58 6 13 1 
3 34 35 7 2 
12 54 3 6 1 1 2 2 
6 6 3 44 6 14 1 1 
5 76 
2 16 58 4 1 
7 33 28 10 2 1 
73 4 3 1 
1 67 11 1 1 
1 13 13 1 44 6 2 1 
6 10 4 4 32 25 
1 6 30 21 11 4 2 5 1 
1 36 44 
1 2 48 14 4 2 2 4 4 
27 8 39 2 3 2 
1 37 34 2 3 1 2 1 
2 74 5 
44 37 
2 52 20 4 2 1 
1 51 18 10 1 
8 11 45 9 8 
2 58 5 14 2 
1 70 3 1 2 3 1 
5 52 23 1 
15 17 49 
1 16 12 31 3 2 3 11 1 1 
1 2 56 15 7 
64 3 5 3 4 2 
5 68 2 5 1 
20 41 3 12 5 
81 
1 80 
1 14 41 10 1 9 2 3 
1 56 13 8 3 
2 73 6 
1 75 4 1 
1 31 5 31 3 9 1 
2 11 17 43 8 
5 66 5 4 1 
1 25 47 5 2 1 
2 62 8 7 1 1 
12 64 5 
3 15 11 52 
2 27 29 10 1 8 3 1 
1 2 32 46 
1 71 3 2 1 2 1 
2 48 3 5 2 7 14 
2 3 35 2 4 32 2 1 
3 53 25 
1 61 4 5 9 1 
8 60 1 7 4 1 
5 67 6 1 1 1 
2 12 3 64 
3 39 36 2 1 
5 25 26 4 6 2 5 6 2 
68 5 5 1 1 1 
13 44 24 
81 
3 72 2 3 1 
1 18 33 24 2 2 1 
1 1 51 15 8 2 1 1 1 
27 7 28 4 13 2 
1 10 70 
6 50 12 5 4 1 3 
30 16 34 1 
2 32 34 3 10 
1 65 6 5 4 
1 53 23 4 
74 2 4 1 
28 30 22 1 
14 4 5 30 6 14 8 
7 34 26 7 7 
1 61 1 5 10 3 
22 37 20 1 1 
34 29 1 3 5 9 
3 72 1 2 1 1 1 
1 13 12 30 6 3 4 8 2 1 1 
6 31 1 21 17 1 3 1 
2 48 7 5 13 5 1 
2 54 1 19 3 1 1 
17 34 12 14 2 2 
23 42 7 6 1 1 1 
2 34 19 2 11 9 3 1 
7 21 47 1 3 2 
2 76 1 1 1 
1 8 30 18 5 1 17 1 
51 30 
5 75 1 
1 13 67 
22 22 19 10 5 3 
10 38 5 16 9 1 1 1 
16 28 16 5 5 4 5 2 
1 63 9 7 1 
61 1 5 8 1 5 
4 63 14 
22 43 15 1 
1 53 15 4 2 6 
8 58 8 6 1 
61 14 6 
1 2 24 26 10 14 4 
2 7 61 6 1 2 2 
4 20 17 23 17 
1 35 39 3 1 1 1 
3 18 5 31 6 2 16 
13 49 8 2 2 2 4 1 
1 60 1 9 8 1 1 
38 32 5 5 1 
1 25 48 6 1 
2 58 13 6 2 
38 8 35 
1 80 
80 1 
25 13 27 15 1 
6 29 7 6 25 3 3 2 
41 16 3 18 2 1 
1 76 2 1 1 
1 71 3 4 1 1 
2 64 2 2 9 1 1 
14 58 5 3 1 
5 64 6 6 
5 14 57 2 1 2 
39 11 1 6 12 6 6 
18 10 4 47 2 
1 76 3 1 
2 63 16 
4 69 4 4 
36 5 12 13 15 
1 73 4 2 1 
2 75 4 
5 51 12 6 6 1 
79 2 
71 3 7 
1 10 5 24 28 11 1 1 
1 7 27 25 11 7 1 2 
2 2 26 25 17 1 5 2 1 
1 47 17 13 3 
1 60 7 3 7 3 
34 36 11 
5 61 9 6 
1 34 44 2 
1 13 3 29 14 15 6 
1 16 59 2 2 1 
2 32 39 2 6 
3 19 29 1 2 19 2 2 3 1 
2 15 61 3 
3 7 63 7 1 
2 20 48 4 1 4 1 1 
1 47 15 6 10 1 1 
1 78 1 1 
3 62 16 
1 29 11 15 21 2 1 1 
16 53 1 10 1 
1 30 35 12 3 
46 6 13 1 1 13 1 
2 76 2 1 
37 15 27 1 1 
51 4 14 7 2 3 
1 50 9 7 3 10 1 
1 47 8 20 4 1 
20 48 12 1 
12 16 10 11 11 1 6 2 5 3 3 1 
28 19 14 10 10 
1 47 14 7 2 7 2 1 
1 8 15 2 18 5 24 1 5 1 1 
2 36 18 5 2 2 9 4 2 1 
39 8 2 6 2 1 9 1 1 9 2 1 
1 36 25 11 5 1 2 
2 31 27 7 14 
1 49 19 8 4 
5 20 43 10 2 1 
1 53 23 4 
1 56 24 
22 34 20 4 1 
2 13 40 8 5 10 1 1 1 
3 17 27 20 14 
9 12 49 8 2 1 
11 38 19 10 2 1 
1 75 3 1 1 
4 1 37 38 1 
1 8 48 8 16 
50 7 24 
2 55 16 6 2 
1 21 50 8 1 
1 4 48 28 
1 24 34 5 5 1 10 1 
5 6 26 38 6 
1 70 4 3 3 
3 68 4 1 5 
1 3 44 21 10 1 1 
1 77 3 
1 48 31 1 
2 33 35 6 4 1 
3 40 28 10 
1 11 52 1 15 1 
1 26 50 2 2 
1 10 61 6 3 
25 20 30 5 1 
1 18 35 10 17 
1 7 21 21 19 1 5 6 
4 68 7 2 
1 63 1 13 1 2 
1 42 10 7 15 2 4 
1 54 20 5 1 
2 57 20 1 1 
1 67 10 2 1 
1 70 10 
2 61 5 6 5 1 1 
41 18 22 
2 58 13 8 
1 43 35 2 
1 57 13 3 1 1 3 2 
1 69 11 
7 4 22 25 23 
1 50 13 17 
2 20 33 22 4 
1 34 15 15 4 7 3 2 
35 6 31 2 4 3 
5 8 11 52 1 4 
1 15 32 5 7 14 1 3 1 1 1 
1 9 68 3 
1 5 10 5 2 27 1 7 6 11 1 2 3 
41 8 16 7 6 2 1 
7 28 34 2 7 3 
5 15 27 9 20 1 1 3 
1 25 13 20 15 1 3 3 
66 10 5 
1 28 30 9 6 1 2 2 1 1 
1 2 20 12 43 3 
1 13 16 5 36 7 3 
1 59 21 
1 7 11 32 18 6 2 1 1 2 
2 77 2 
1 76 4 
1 67 7 6 
1 57 20 2 1 
1 77 3 
34 15 7 25 
4 45 30 2 
13 39 21 1 4 1 2 
2 61 16 2 
43 16 13 9 
1 21 23 36 
1 34 13 31 1 1 
8 1 15 16 12 8 16 5 
3 65 2 1 4 2 1 1 1 1 
41 38 1 1 
2 70 5 2 2 
25 42 13 1 
1 28 39 10 2 1 
4 44 9 15 1 7 1 
40 40 1 
45 9 6 17 2 2 
71 7 3 
1 43 13 13 6 1 4 
13 2 60 6 
17 25 7 18 2 5 4 2 1 
5 46 12 1 4 13 
6 55 13 5 1 1 
1 58 15 7 
2 25 37 4 7 1 3 2 
5 64 5 2 2 2 1 
2 74 2 3 
22 46 10 1 2 
2 65 6 1 6 1 
1 10 40 2 6 8 10 2 1 1 
1 45 30 5 
1 20 40 19 1 
1 63 14 3 
57 1 7 13 3 
2 6 13 21 22 3 5 3 5 1 
1 4 16 24 33 1 1 1 
1 63 7 9 1 
43 13 23 1 1 
1 28 31 14 6 1 
6 65 1 4 1 3 1 
13 66 1 1 
10 33 33 2 2 1 
8 7 57 2 1 4 2 
12 48 15 6 
2 53 9 3 1 9 2 1 1 
2 11 67 1 
3 35 35 1 7 
3 75 1 1 1 
1 35 30 13 1 1 
2 63 16 
5 37 39 
8 65 8 
3 40 23 10 4 1 
1 28 24 25 2 1 
80 1 
1 15 41 5 11 5 1 1 1 
1 52 20 1 5 1 1 
13 64 2 2 
1 68 8 2 1 1 
3 77 1 
1 16 62 2 
15 58 6 1 1 
2 42 7 17 8 3 1 1 
1 11 46 7 16 
11 58 12 
2 67 1 9 2 
40 41 
1 26 9 17 1 6 8 2 9 1 1 
2 36 13 7 1 2 6 1 8 5 
30 7 42 2 
20 14 27 12 5 2 1 
1 64 15 1 
1 24 2 14 17 4 2 8 8 1 
1 29 15 23 4 7 2 
20 49 2 1 9 
2 2 6 22 18 13 8 5 1 3 1 
1 54 26 
13 30 13 3 21 1 
8 51 16 4 1 1 
71 3 7 
1 31 26 14 8 1 
1 28 21 25 2 4 
1 34 7 33 6 
76 3 2 
81 
6 40 16 5 14 
1 58 15 7 
1 22 36 11 11 
51 16 5 3 3 1 2 
75 1 2 3 
1 38 22 18 1 1 
9 68 2 2 
23 22 36 
1 33 10 5 6 23 3 
38 38 5 
1 2 20 34 13 2 5 2 2 
1 70 8 2 
41 8 20 11 1 
4 47 24 3 2 1 
67 6 6 1 1 
4 70 7 
1 38 13 3 5 17 3 1 
1 54 25 1 
41 37 3 
3 74 4 
81 
1 77 3 
2 52 4 13 2 2 2 1 2 1 
2 32 2 28 1 13 1 1 1 
81 
1 48 10 22 
1 48 31 1 
4 31 30 15 1 
4 50 25 2 
3 73 5 
1 44 21 10 1 4 
1 52 25 2 1 
1 49 31 
20 27 34 
11 42 28 
4 22 2 49 1 2 1 
2 69 9 1 
1 22 25 14 19 
3 22 16 9 29 1 1 
54 7 5 8 6 1 
4 63 5 9 
1 58 20 1 1 
1 12 26 4 7 4 10 17 
1 33 41 6 
8 2 56 6 9 
3 47 28 2 1 
1 74 1 2 3 
3 70 7 1 
3 60 1 11 1 2 1 2 
1 16 23 38 3 
8 21 42 4 4 2 
23 58 
2 31 35 11 2 
78 1 1 1 
3 49 23 3 2 1 
1 45 3 23 4 3 2 
1 48 28 1 1 1 1 
2 31 11 31 2 2 1 1 
8 10 35 25 2 1 
1 5 11 2 17 3 2 17 9 8 3 2 1 
4 39 36 1 1 
1 14 18 17 19 4 4 1 2 1 
29 2 50 
1 57 3 7 11 1 1 
1 37 12 9 19 3 
1 3 77 
1 9 33 16 10 8 1 1 2 
9 56 16 
20 46 5 1 2 3 3 1 
1 11 11 37 18 3 
2 28 41 8 1 1 
81 
28 13 40 
23 34 9 4 10 1 
1 34 24 10 12 
9 19 42 10 1 
2 5 50 19 1 2 1 1 
1 52 6 21 1 
17 26 2 30 2 1 3 
3 7 63 1 3 2 2 
7 17 54 3 
25 38 13 4 1 
1 3 74 1 2 
1 25 46 4 2 2 1 
25 30 7 3 13 1 1 1 
4 54 2 19 2 
1 56 10 11 1 2 
13 18 10 20 18 1 1 
1 4 6 41 14 7 1 1 3 2 1 
25 3 33 14 5 1 
60 18 3 
8 6 42 8 1 1 11 1 2 1 
1 51 23 6 
35 27 2 15 2 
14 48 4 7 4 2 2 
38 42 1 
1 28 51 1 
2 52 19 3 3 1 1 
33 31 14 3 
3 63 7 4 2 2 
64 14 2 1 
7 3 39 3 9 4 14 2 
4 16 8 9 33 3 3 3 1 1 
81 
1 27 53 
6 33 18 19 5 
2 74 5 
1 80 
1 47 32 1 
4 58 8 3 1 2 1 1 3 
3 78 
1 51 27 2 
8 48 11 9 1 1 2 1 
1 19 42 3 2 2 4 2 1 5 
73 4 4 
1 21 13 20 14 9 3 
1 14 50 5 11 
5 23 31 13 4 1 4 
45 30 6 
6 34 29 1 6 3 2 
81 
1 52 18 3 7 
6 32 21 9 7 5 1 
18 38 4 18 3 
1 51 14 1 2 11 1 
78 3 
5 34 37 1 1 3 
81 
3 61 5 8 3 1 
2 27 30 13 2 1 3 1 1 1 
7 36 10 2 8 15 2 1 
35 35 1 1 4 5 
1 8 60 3 1 6 2 
1 37 6 4 10 13 3 5 1 1 
2 42 10 20 4 2 1 
1 51 7 18 4 
7 29 2 9 8 16 8 2 
1 47 5 11 9 8 
1 26 11 21 20 2 
9 58 14 
14 11 22 15 11 3 1 2 1 1 
2 14 61 4 
2 47 21 1 5 2 1 2 
1 25 35 15 5 
1 15 47 5 3 1 2 7 
2 47 30 1 1 
7 9 45 5 15 
26 43 12 
1 36 42 1 1 
32 31 9 4 2 2 1 
1 64 13 1 2 
1 64 5 2 8 1 
3 31 39 2 6 
1 56 13 3 3 4 1 
3 2 6 12 10 42 2 1 3 
2 69 2 4 4 
1 55 12 10 1 2 
3 28 16 24 4 2 4 
41 24 1 4 6 2 2 1 
3 72 6 
2 59 12 6 1 1 
7 30 6 35 2 1 
1 2 33 41 2 2 
2 32 40 1 4 1 1 
1 69 8 2 1 
1 59 10 2 9 
1 19 27 15 18 1 
1 48 14 1 13 1 1 1 1 
1 53 27 
4 10 55 2 3 4 3 
5 68 8 
1 57 3 11 5 1 1 1 1 
6 74 1 
1 20 44 12 1 3 
1 18 1 1 60 
1 56 12 5 5 1 1 
3 55 23 
1 35 1 34 7 2 1 
1 67 2 3 3 4 1 
1 57 23 
3 63 6 2 3 3 1 
1 52 27 1 
1 33 21 5 12 9 
3 44 2 26 1 2 2 1 
1 60 12 1 6 1 
2 16 44 13 6 
23 44 12 1 1 
2 9 54 12 3 1 
2 75 3 1 
1 57 11 5 2 5 
3 61 1 9 4 1 2 
17 39 14 2 9 
1 3 42 18 9 6 2 
8 69 4 
1 35 25 10 5 4 1 
1 6 21 15 21 7 7 2 1 
2 78 1 
75 5 1 
2 48 31 
15 60 2 3 1 
1 7 73 
1 48 30 2 
5 58 18 
3 1 59 8 3 6 1 
18 22 41 
5 48 15 6 4 1 2 
78 2 1 
1 45 4 2 17 4 1 6 1 
1 62 16 1 1 
1 31 18 6 2 6 15 2 
7 15 59 
28 17 20 6 2 3 4 1 
1 27 38 4 11 
1 61 18 1 
79 1 1 
1 78 1 1 
1 19 61 
1 32 19 29 
1 28 26 2 21 3 
56 1 12 1 6 1 2 2 
8 52 5 11 1 2 2 
6 20 22 1 15 7 1 3 1 4 1 
2 55 7 2 14 1 
62 2 17 
2 40 28 2 9 
2 35 7 30 7 
2 72 2 5 
2 12 61 2 4 
2 1 15 2 2 6 12 24 2 2 3 9 1 
80 1 
1 61 15 1 3 
1 69 10 1 
6 39 13 2 13 1 4 1 1 1 
1 37 33 7 1 2 
13 61 7 
30 51 
1 75 4 1 
3 18 49 11 
7 62 3 3 5 1 
1 35 37 2 1 1 2 2 
1 28 52 
1 67 4 5 4 
81 
4 61 7 2 6 1 
1 49 24 4 2 1 
8 49 24 
42 23 16 
9 35 16 21 
10 42 9 8 10 2 
14 51 13 3 
5 10 3 2 48 9 3 1 
4 13 28 27 9 
5 33 5 28 5 1 3 1 
36 43 2 
2 78 1 
1 15 2 63 
29 4 39 6 1 1 1 
50 23 8 
3 60 1 7 2 4 1 1 2 
3 64 14 
1 26 11 40 3 
1 74 3 2 1 
1 74 6 
1 57 16 2 4 1 
25 18 18 1 1 12 1 1 3 1 
1 73 1 1 2 3 
19 30 14 4 6 7 1 
7 19 50 4 1 
81 
1 70 9 1 
1 46 34 
49 16 4 5 3 1 3 
8 67 4 1 1 
1 78 1 1 
1 75 5 
8 7 20 21 9 16 
1 66 6 5 2 1 
1 63 6 5 3 2 1 
11 26 27 10 3 2 1 1 
1 70 7 3 
35 34 6 1 5 
2 20 25 30 1 2 1 
2 79 
2 41 5 20 2 4 3 4 
2 14 41 11 2 2 4 3 2 
2 24 8 11 36 
1 46 25 5 4 
12 1 20 41 3 3 1 
1 24 33 10 10 1 1 1 
6 15 45 5 3 3 3 1 
1 72 6 1 1 
2 66 13 
1 48 13 7 2 6 4 
66 1 8 6 
3 13 1 45 10 4 1 4 
74 2 5 
3 34 44 
1 44 1 1 33 1 
24 47 1 7 1 1 
7 45 12 14 3 
1 16 17 28 8 3 6 1 1 
2 77 2 
13 62 4 1 1 
4 29 41 1 4 2 
42 26 4 4 2 2 1 
7 71 3 
4 33 18 19 7 
1 38 13 21 4 1 1 2 
56 15 2 4 3 1 
1 37 12 17 9 2 1 2 
42 14 24 1 
81 
1 54 4 21 1 
2 47 22 10 
61 2 18 
11 63 5 1 1 
3 53 15 6 2 2 
6 49 17 8 1 
1 71 2 1 3 2 1 
38 7 18 13 2 1 2 
2 70 2 2 1 1 2 1 
1 68 8 2 2 
4 34 15 25 1 2 
77 3 1 
2 17 3 1 36 20 1 1 
1 63 11 6 
1 67 5 2 4 2 
21 40 15 5 
2 36 28 6 1 1 1 4 1 1 
3 74 2 1 1 
80 1 
16 42 23 
7 19 22 2 10 14 5 1 1 
2 10 28 23 4 14 
2 23 53 3 
74 1 5 1 
2 9 27 33 6 1 3 
3 42 34 1 1 
1 32 31 13 1 2 1 
1 55 14 4 7 
9 23 13 6 9 16 5 
1 25 35 12 2 2 2 2 
2 49 13 16 1 
1 40 37 1 1 1 
1 74 2 1 1 2 
1 66 12 2 
1 74 2 2 1 1 
2 21 56 1 1 
3 45 28 3 1 1 
13 34 25 6 1 2 
3 36 34 5 1 2 
5 21 2 14 7 11 12 9 
2 58 13 1 1 6 
3 61 16 1 
1 29 9 18 9 7 7 1 
72 3 3 3 
2 78 1 
8 62 1 6 2 2 
10 44 4 23 
6 70 2 3 
1 48 29 1 2 
57 10 14 
2 5 58 16 
1 21 40 4 12 2 1 
2 1 29 18 17 2 11 1 
1 32 30 17 1 
2 77 2 
2 77 2 
1 73 7 
13 3 50 13 2 
42 5 8 22 1 3 
1 6 11 56 4 3 
9 4 68 
2 24 44 3 6 2 
3 41 33 4 
14 38 23 1 5 
9 61 6 3 1 1 
1 23 29 2 24 1 1 
2 75 1 3 
60 1 19 1 
1 2 73 4 1 
8 33 14 15 11 
7 26 9 5 20 1 3 7 2 1 
1 18 30 12 10 7 3 
1 17 20 8 34 1 
2 54 2 4 16 3 
1 15 18 32 1 7 4 2 1 
1 63 1 12 3 1 
1 54 23 1 2 
2 11 68 
1 24 38 9 9 
79 1 1 
1 42 36 1 1 
1 33 31 3 2 4 6 1 
1 37 26 6 3 5 3 
2 67 12 
1 25 45 2 2 3 3 
1 51 1 1 18 5 2 1 1 
56 13 4 2 4 2 
2 5 27 38 5 3 1 
2 39 20 10 8 1 1 
3 28 35 4 4 3 1 2 1 
13 30 38 
11 24 27 6 9 1 3 
58 19 1 2 1 
15 22 44 
4 1 26 37 13 
1 61 4 9 5 1 
6 55 1 18 1 
9 35 15 8 4 8 2 
2 77 2 
2 70 1 7 1 
1 72 8 
2 21 26 5 23 3 1 
1 8 7 45 20 
6 53 2 9 1 1 7 2 
1 32 21 4 11 9 2 1 
3 44 8 10 16 
1 56 1 16 3 3 1 
1 75 1 3 1 
1 62 6 2 9 1 
1 41 39 
81 
8 59 5 2 6 1 
1 15 38 12 15 
1 2 30 3 45 
7 61 5 2 1 2 2 1 
4 65 4 1 7 
5 13 18 27 9 4 3 2 
1 18 44 15 2 1 
4 45 11 5 7 6 3 
8 41 9 8 12 1 2 
1 5 2 45 6 3 14 5 
1 59 19 1 1 
7 56 13 5 
32 13 26 6 1 3 
2 72 7 
2 58 7 5 8 1 
23 55 1 1 1 
47 29 3 1 1 
1 66 14 
1 11 48 2 10 3 6 
1 77 3 
1 76 4 
1 26 21 14 19 
1 76 4 
70 11 
1 64 7 1 8 
3 52 7 14 3 2 
4 26 38 1 4 3 2 2 1 
1 49 21 2 6 1 1 
3 77 1 
1 47 32 1 
6 65 5 5 
1 59 11 6 3 1 
1 69 11 
3 53 25 
81 
6 53 19 3 
2 47 11 21 
4 43 24 9 1 
2 8 31 4 8 20 5 3 
3 3 52 21 2 
1 10 9 32 1 21 4 2 1 
3 25 5 47 1 
9 36 12 13 10 1 
11 30 34 5 1 
4 31 22 19 5 
4 45 5 4 2 3 8 9 1 
1 75 2 3 
1 26 43 9 2 
81 
1 4 38 34 3 1 
53 20 1 3 1 3 
3 52 11 5 3 6 1 
3 78 
1 67 3 6 1 1 1 1 
1 7 73 
16 18 42 4 1 
26 14 17 9 7 6 1 1 
1 72 7 1 
2 50 15 4 6 3 1 
18 58 2 1 2 
5 36 7 25 4 2 2 
1 22 52 4 2 
5 73 2 1 
34 17 29 1 
1 66 11 3 
2 63 4 6 6 
1 24 43 8 4 1 
1 68 12 
1 25 4 50 1 
1 17 45 17 1 
11 6 37 20 7 
1 73 7 
1 40 25 8 7 
1 46 21 12 1 
1 7 59 12 2 
3 34 42 2 
1 74 4 1 1 
1 4 46 9 8 7 6 
2 61 17 1 
1 25 18 2 31 2 1 1 
5 70 3 3 
1 6 71 2 1 
1 53 26 1 
12 39 29 1 
2 15 57 5 2 
1 67 11 2 
8 49 1 19 2 1 1 
1 51 19 10 
2 9 37 27 6 
1 37 1 37 5 
2 28 24 12 14 1 
6 32 34 3 3 3 
51 23 5 1 1 
1 17 13 24 23 1 1 1 
57 9 13 2 
2 19 22 30 7 1 
3 9 24 34 5 4 2 
61 3 16 1 
3 66 2 7 1 1 1 
12 4 50 10 4 1 
5 15 51 10 
4 18 13 27 1 18 
1 20 44 7 7 1 1 
6 58 12 2 2 1 
1 16 58 2 1 1 1 1 
1 37 36 5 2 
3 28 10 9 15 1 13 2 
2 65 14 
2 22 18 1 4 23 9 2 
1 79 1 
6 66 9 
1 62 16 2 
1 30 2 3 18 14 9 1 2 1 
5 13 58 2 3 
2 50 11 12 2 4 
6 62 12 1 
4 9 37 20 4 1 1 3 2 
2 6 47 24 2 
15 38 26 1 1 
6 12 4 9 36 3 7 3 1 
1 59 5 5 9 2 
1 71 9 
10 45 25 1 
11 62 8 
18 60 3 
5 60 14 2 
33 23 21 1 1 1 1 
2 76 3 
10 47 4 7 11 2 
3 13 14 42 8 1 
8 28 43 2 
5 26 32 1 17 
3 21 5 31 2 4 15 
1 56 9 1 8 2 2 2 
20 56 5 
7 46 9 15 4 
2 62 8 1 5 1 2 
1 53 26 1 
1 75 1 4 
1 4 76 
17 5 23 18 5 9 4 
1 46 16 16 2 
25 18 38 
19 45 15 2 
33 3 38 3 4 
1 65 9 5 1 
2 13 24 15 16 3 6 2 
3 12 60 1 5 
4 44 4 1 9 5 5 3 4 1 1 
1 56 23 1 
1 31 8 2 2 15 13 7 1 1 
5 38 7 10 17 3 1 
3 53 15 2 6 2 
3 76 2 
4 46 3 19 3 1 1 2 1 1 
4 22 30 8 17 
11 30 3 24 7 5 1 
3 24 52 1 1 
43 12 26 
1 42 31 4 1 2 
8 63 10 
1 53 12 2 7 3 2 1 
1 60 20 
1 79 1 
81 
2 63 11 5 
4 26 39 9 3 
2 42 7 27 3 
1 55 22 2 1 
80 1 
4 57 18 1 1 
1 19 25 25 11 
1 70 5 1 3 1 
2 46 31 1 1 
6 36 17 1 13 3 1 1 2 1 
5 54 10 7 1 3 1 
8 4 37 3 16 10 1 1 1 
3 59 14 1 4 
1 58 7 9 5 1 
4 38 7 24 8 
4 5 15 53 4 
1 62 8 4 3 3 
20 50 10 1 
3 43 27 1 7 
4 1 14 28 5 14 3 5 5 1 1 
1 33 30 1 15 1 
55 5 8 3 4 1 4 1 
13 41 27 
12 33 23 10 3 
1 47 11 8 13 1 
1 38 8 23 5 3 1 1 1 
4 53 22 2 
1 52 25 2 1 
2 79 
4 11 44 6 12 1 2 1 
1 10 59 10 1 
1 30 5 45 
1 35 44 1 
15 25 41 
1 31 31 18 
10 57 7 1 3 3 
1 8 43 27 2 
23 57 1 
64 15 1 1 
1 26 43 10 1 
60 8 10 1 2 
1 18 26 27 2 3 4 
58 6 3 11 1 1 1 
1 68 11 1 
78 3 
1 11 32 27 10 
39 8 9 13 10 2 
7 9 59 5 1 
18 62 1 
2 19 57 2 1 
1 77 3 
1 72 2 6 
1 61 2 16 1 
1 63 6 3 5 2 1 
3 68 4 5 1 
5 11 4 40 10 6 4 1 
1 66 6 5 1 2 
15 64 2 
4 38 10 4 12 7 6 
9 11 10 50 1 
1 42 13 5 20 
1 27 53 
3 22 19 5 9 20 3 
60 3 16 2 
10 46 25 
2 19 34 9 16 1 
3 65 10 2 1 
1 65 15 
3 73 5 
5 58 17 1 
7 2 57 8 5 1 1 
1 73 6 1 
28 53 
1 33 24 13 6 1 3 
1 16 28 33 1 2 
2 25 46 4 1 1 2 
1 3 73 1 3 
2 66 13 
2 63 8 5 1 2 
44 5 23 6 1 1 1 
12 14 41 3 3 7 1 
13 19 17 31 1 
1 23 9 31 16 1 
8 60 3 4 6 
3 50 18 6 3 1 
1 11 58 1 8 2 
1 17 16 32 1 3 8 3 
4 70 5 2 
1 48 6 25 1 
2 52 18 3 5 1 
31 14 7 10 16 2 1 
19 25 20 8 4 5 
18 62 1 
2 17 61 1 
27 44 10 
1 54 9 13 3 1 
66 14 1 
1 61 6 1 5 7 
2 14 26 26 8 5 
3 45 24 4 4 1 
70 1 1 8 1 
5 67 6 2 1 
1 11 58 1 2 8 
7 72 2 
80 1 
37 37 2 3 2 
1 27 42 8 3 
5 32 28 2 6 3 4 1 
49 4 28 
1 46 15 3 3 5 5 2 1 
6 12 14 40 2 3 3 1 
15 2 31 19 8 1 1 3 1 
16 1 23 1 20 4 13 1 1 1 
6 55 2 6 8 2 1 1 
2 9 38 10 2 17 2 1 
1 22 48 10 
1 4 8 18 11 7 4 15 11 2 
6 53 3 19 
7 53 15 3 2 1 
6 5 35 27 8 
1 7 23 11 19 6 1 3 8 2 
4 40 35 2 
1 43 34 3 
9 10 44 14 4 
2 77 2 
1 64 14 1 1 
1 35 32 5 6 2 
1 24 10 40 2 4 
7 40 27 3 4 
2 54 8 8 9 
3 11 31 2 27 1 6 
4 33 31 1 9 3 
4 40 36 1 
67 8 4 1 1 
2 55 15 4 3 1 1 
1 31 30 12 3 3 1 
3 72 4 2 
1 52 28 
30 1 36 1 11 2 
1 69 3 3 4 1 
1 33 40 7 
7 56 8 9 1 
21 39 14 4 2 1 
49 8 13 8 3 
1 32 48 
1 48 13 1 6 6 3 2 1 
8 47 3 7 5 1 4 1 4 1 
29 38 10 3 1 
1 69 10 1 
1 4 43 23 5 2 3 
4 51 23 2 1 
38 37 6 
2 16 9 5 4 7 35 1 1 1 
1 62 7 2 9 
1 12 68 
1 80 
1 7 49 20 3 1 
1 20 54 1 3 2 
2 25 11 4 6 13 3 2 11 3 1 
6 4 56 10 5 
32 13 15 6 9 6 
81 
54 14 9 4 
74 5 2 
17 23 10 26 5 
4 16 16 11 1 6 2 7 6 5 4 2 1 
7 1 60 13 
5 11 17 30 17 1 
35 10 20 1 7 1 5 1 1 
3 58 6 13 1 
1 61 14 2 3 
23 21 11 14 7 2 2 1 
1 60 19 1 
1 9 44 7 20 
2 49 30 
5 44 5 6 15 2 2 1 1 
1 41 5 17 3 9 4 1 
1 8 40 12 2 4 4 3 3 1 1 1 1 
1 36 28 4 4 6 2 
1 33 15 13 3 1 15 
1 20 14 8 36 2 
8 28 1 33 5 4 2 
1 39 40 1 
1 45 16 18 1 
63 4 3 3 7 1 
3 2 19 51 2 2 2 
24 52 4 1 
1 4 22 36 13 2 2 1 
21 3 41 6 7 2 1 
1 6 7 57 3 5 2 
1 53 15 3 3 2 4 
1 39 22 15 4 
2 56 21 2 
4 38 10 12 3 12 2 
2 62 1 15 1 
21 14 13 5 8 3 8 4 1 3 1 
1 25 27 14 8 1 4 1 
12 29 10 1 22 1 4 2 
1 52 6 3 16 3 
2 54 24 1 
1 3 22 5 28 1 9 1 4 1 2 2 1 1 
3 1 69 5 1 2 
2 35 15 18 9 2 
18 14 14 4 15 11 3 1 1 
1 68 3 4 5 
10 17 26 12 9 6 1 
2 33 6 2 33 3 2 
10 43 26 1 1 
9 53 18 1 
15 17 13 29 6 1 
11 22 31 6 1 3 7 
23 33 24 1 
1 67 8 4 1 
1 3 51 22 4 
1 62 12 1 5 
43 17 9 7 5 
14 58 8 1 
6 75 
1 75 4 1 
14 28 39 
1 71 7 2 
81 
1 49 31 
16 1 18 34 8 2 1 1 
5 33 24 6 2 10 1 
1 48 8 24 
1 59 5 8 4 4 
1 61 3 1 5 3 3 3 1 
1 71 4 1 3 1 
1 55 25 
2 40 11 24 4 
1 53 15 6 4 1 1 
10 50 15 6 
8 70 1 1 1 
5 20 18 19 19 
4 53 13 1 10 
32 42 2 5 
3 8 10 60 
81 
6 66 4 2 2 1 
5 41 34 1 
75 3 3 
3 51 1 12 11 1 2 
1 51 16 10 3 
1 62 7 11 
3 17 26 11 12 1 3 4 3 1 
1 75 3 2 
1 77 3 
4 5 48 8 11 5 
7 66 1 3 3 1 
6 18 57 
2 49 22 6 1 1 
2 31 22 1 10 12 3 
2 67 6 4 1 1 
2 29 30 17 1 2 
2 69 7 3 
1 12 68 
16 53 1 6 5 
2 18 59 2 
1 42 13 21 4 
3 58 11 8 1 
60 2 12 4 2 1 
11 46 24 
1 35 42 3 
38 37 6 
11 45 1 22 1 1 
2 4 54 21 
1 45 8 16 8 3 
79 2 
3 72 6 
3 42 18 4 5 4 5 
3 66 12 
1 74 4 2 
1 7 45 6 3 12 3 1 3 
32 4 39 1 3 2 
76 3 1 1 
9 4 47 9 8 2 1 1 
3 38 38 2 
1 72 8 
13 39 20 2 7 
43 15 14 8 1 
11 11 27 3 2 9 2 6 10 
6 71 4 
7 63 9 1 1 
20 37 22 2 
32 42 7 
2 1 30 44 3 1 
4 26 16 4 8 7 2 3 2 1 3 2 2 1 
1 30 22 11 7 6 1 1 1 1 
41 19 3 17 1 
3 75 3 
2 26 30 13 9 1 
13 13 25 29 1 
34 6 40 1 
1 2 31 8 12 15 11 1 
14 3 20 2 21 20 1 
1 71 9 
3 54 1 14 4 4 1 
1 71 5 1 2 1 
1 24 3 51 1 1 
1 20 60 
3 61 2 6 1 7 1 
2 37 31 2 3 6 
44 21 10 5 1 
1 4 41 12 11 9 2 1 
2 57 6 1 9 6 
40 4 14 7 14 2 
1 80 
1 57 9 8 6 
6 6 3 57 8 1 
1 8 54 4 12 1 1 
2 52 8 8 10 1 
4 31 5 18 16 6 1 
43 3 31 4 
1 22 32 12 4 5 5 
1 22 19 13 22 1 1 1 1 
47 28 4 1 1 
2 37 3 18 6 3 4 3 1 3 1 
9 60 6 4 2 
15 29 19 5 11 2 
6 28 12 34 1 
1 32 34 14 
68 6 4 3 
2 60 13 2 2 2 
1 53 27 
1 78 2 
1 28 50 1 1 
1 8 65 6 1 
1 7 36 3 1 27 3 2 1 
4 38 26 7 2 2 2 
5 49 12 5 10 
35 32 10 1 2 1 
12 45 17 3 3 1 
65 8 7 1 
2 78 1 
1 29 45 2 3 1 
81 
10 64 5 1 1 
1 16 52 1 10 1 
1 73 7 
1 5 65 10 
5 39 36 1 
21 4 7 7 19 12 7 1 2 1 
33 39 9 
1 65 3 5 6 1 
3 68 9 1 
2 48 9 7 8 3 3 1 
66 3 2 6 1 2 1 
81 
1 26 48 1 5 
1 26 35 10 9 
2 2 35 16 15 8 1 2 
4 72 3 2 
11 24 23 4 5 14 
1 47 8 11 10 3 1 
1 62 7 5 6 
3 68 10 
81 
1 70 1 4 1 1 3 
18 19 36 6 2 
4 34 10 1 32 
38 30 1 4 7 1 
26 2 39 2 12 
5 14 42 5 14 1 
1 71 9 
1 3 53 24 
40 28 13 
1 75 5 
2 67 12 
4 43 34 
8 8 26 29 3 7 
1 58 21 1 
5 59 10 3 1 3 
7 32 1 11 23 1 6 
4 69 8 
1 19 23 17 18 2 1 
6 48 25 1 1 
14 24 1 40 1 1 
11 38 16 5 11 
1 74 3 3 
1 77 1 2 
40 38 3 
3 69 8 1 
34 24 11 4 3 5 
1 22 17 5 16 7 3 9 1 
8 25 21 11 14 2 
1 43 10 20 2 5 
2 18 41 14 2 2 2 
81 
1 32 12 24 1 5 4 1 1 
1 5 38 21 13 2 1 
58 18 5 
29 17 26 1 5 3 
1 44 35 1 
1 61 4 3 6 3 2 1 
11 60 1 7 2 
1 48 17 11 4 
1 58 17 4 1 
1 77 2 1 
1 52 20 4 2 1 1 
1 50 5 18 1 4 2 
1 40 12 10 5 7 3 2 1 
1 16 19 33 11 1 
1 18 57 5 
7 27 18 27 2 
4 39 35 2 1 
1 64 3 13 
1 49 7 6 2 1 4 4 6 1 
2 73 4 2 
1 11 46 10 7 5 1 
1 76 3 1 
16 31 34 
8 65 5 1 2 
16 34 5 4 5 9 7 1 
1 55 8 5 12 
26 7 2 34 7 4 1 
13 42 25 1 
16 23 17 3 17 4 1 
2 38 15 18 3 4 1 
1 7 66 2 3 1 1 
3 53 11 2 11 1 
3 69 1 1 1 1 1 4 
63 11 1 1 2 2 1 
33 19 29 
1 4 64 7 4 1 
12 25 24 9 5 4 1 1 
81 
2 69 4 6 
8 52 11 10 
2 74 4 1 
1 56 6 1 8 8 1 
14 63 4 
81 
52 4 7 9 9 
3 12 17 14 5 15 7 2 5 1 
1 35 18 4 18 3 1 1 
1 61 10 2 1 6 
3 12 55 7 3 1 
14 30 32 4 1 
1 49 28 2 1 
22 23 24 12 
1 67 13 
1 78 2 
20 20 10 4 25 1 1 
46 32 3 
7 74 
1 79 1 
3 65 7 1 3 1 1 
25 55 1 
7 50 8 10 6 
81 
3 2 42 26 7 1 
1 31 46 2 1 
7 70 1 2 1 
17 23 3 25 2 9 1 1 
1 26 3 14 19 9 1 5 3 
2 33 46 
2 1 55 23 
3 78 
1 68 2 1 2 7 
22 7 24 4 3 3 13 2 3 
2 61 11 1 1 1 3 1 
2 27 44 1 5 2 
3 49 9 1 7 3 4 1 2 2 
1 32 14 24 8 1 1 
26 10 42 1 2 
12 33 12 19 3 1 1 
6 2 32 19 5 11 5 1 
52 3 24 1 1 
1 53 23 1 3 
1 54 13 2 11 
14 39 21 2 1 1 1 2 
2 23 31 23 2 
27 41 4 5 1 1 1 1 
1 1 52 25 2 
47 1 17 6 2 3 4 1 
17 55 3 2 1 2 1 
3 69 5 3 1 
3 10 38 9 6 10 1 4 
3 17 28 30 3 
2 67 12 
10 5 37 23 2 1 3 
1 64 12 4 
1 45 33 2 
1 10 69 1 
1 27 48 3 2 
1 61 19 
1 12 2 23 2 10 23 6 1 1 
9 32 10 3 6 12 8 1 
3 19 23 2 21 13 
7 33 3 6 5 15 3 2 1 2 2 2 
10 56 8 1 2 1 1 1 1 
2 49 30 
1 20 13 23 20 4 
1 2 13 21 29 13 2 
81 
3 25 32 1 2 7 11 
28 24 4 15 9 1 
1 11 68 1 
1 1 49 20 2 8 
1 59 15 1 5 
31 23 13 12 2 
35 18 13 14 1 
9 15 29 8 10 10 
2 8 55 12 3 1 
5 20 27 8 8 8 3 1 1 
1 65 8 5 1 1 
6 32 8 14 11 10 
1 25 55 
3 68 5 3 1 1 
2 55 2 1 1 1 14 2 3 
1 1 49 28 2 
2 61 18 
7 24 16 2 4 6 4 17 1 
3 25 6 21 20 5 1 
1 23 34 5 5 2 5 5 1 
8 51 4 16 1 1 
2 72 5 2 
8 6 56 5 3 3 
7 13 60 1 
5 71 5 
2 68 10 1 
4 18 32 19 3 5 
61 5 7 6 1 1 
3 19 42 12 1 4 
1 25 40 15 
1 4 5 8 28 14 6 1 9 2 3 
1 48 22 10 
1 49 24 6 1 
1 22 31 15 7 2 3 
12 43 6 15 5 
17 24 16 9 7 1 4 1 1 1 
4 7 10 34 5 2 4 3 4 2 3 1 1 1 
34 38 9 
2 37 12 13 9 7 1 
3 70 5 2 1 
34 45 2 
7 70 3 1 
31 25 2 1 9 3 3 4 1 1 1 
2 43 14 17 5 
3 53 25 
7 37 26 2 2 1 3 3 
1 35 30 14 1 
1 52 10 11 7 
1 67 1 7 3 2 
70 7 1 1 1 1 
2 10 32 11 20 6 
1 53 27 
1 30 26 7 3 10 1 3 
4 61 2 10 4 
5 62 11 2 1 
3 6 9 45 4 7 5 1 1 
1 50 30 
1 17 63 
5 36 32 2 3 3 
1 36 14 10 8 4 7 1 
15 40 10 13 1 2 
1 19 28 1 23 9 
1 40 40 
1 45 17 9 2 5 1 1 
6 19 2 34 2 7 4 1 3 1 1 1 
1 10 22 40 2 4 2 
4 71 6 
1 54 26 
79 1 1 
2 53 4 9 6 7 
1 69 10 1 
1 15 47 8 2 2 2 1 3 
1 72 1 1 1 3 1 1 
4 69 8 
8 8 5 51 9 
1 7 36 4 17 13 3 
10 70 1 
1 59 14 3 4 
3 59 7 12 
13 30 6 29 2 1 
25 46 7 2 1 
23 15 17 10 3 1 10 1 1 
4 69 7 1 
2 58 11 3 1 6 
1 2 65 5 8 
41 26 6 2 2 1 3 
3 7 4 57 3 1 6 
2 32 40 2 4 1 
1 47 33 
1 24 52 3 1 
1 79 1 
81 
28 31 21 1 
2 70 9 
3 42 36 
9 23 40 3 2 4 
1 27 44 2 1 1 2 1 1 1 
20 31 17 2 10 1 
1 66 9 2 3 
1 48 24 3 3 2 
26 29 12 4 2 1 2 2 3 
9 8 55 3 1 3 1 1 
3 52 25 1 
1 5 11 52 4 6 2 
1 71 3 6 
42 35 2 1 1 
2 65 1 12 1 
15 55 11 
9 3 54 13 2 
78 1 2 
2 19 53 3 3 1 
43 1 10 22 5 
1 55 7 9 9 
4 77 
2 17 52 2 8 
1 39 11 23 1 5 1 
1 20 20 30 9 1 
1 9 19 15 13 8 8 3 2 2 1 
6 64 11 
20 21 16 6 2 1 10 5 
3 48 12 2 4 10 2 
10 10 57 2 2 
1 36 1 29 8 2 1 3 
1 42 2 25 7 3 1 
2 14 53 3 9 
1 70 8 2 
7 36 6 24 4 2 2 
1 55 6 18 1 
1 62 17 1 
1 12 66 1 1 
73 6 2 
1 27 42 7 1 3 
4 23 35 19 
1 26 29 19 2 1 3 
1 6 27 23 22 1 1 
7 28 18 26 2 
15 1 10 13 30 1 7 2 2 
1 21 37 3 1 1 4 6 4 3 
67 12 1 1 
34 4 33 5 3 1 1 
1 70 4 1 2 2 1 
2 71 3 2 2 1 
2 16 16 28 16 3 
1 78 1 1 
1 23 13 35 6 3 
1 36 11 5 20 1 6 1 
1 18 13 46 2 1 
1 13 43 19 5 
1 68 5 1 3 2 1 
1 18 24 13 1 5 13 5 1 
14 40 27 
22 40 19 
10 12 58 1 
5 63 9 3 1 
1 22 40 2 16 
2 17 56 2 4 
2 32 30 9 2 5 1 
7 6 8 55 3 1 1 
7 28 16 26 3 1 
1 13 46 8 3 8 1 1 
1 53 1 1 11 6 1 2 3 1 1 
24 56 1 
39 24 1 15 1 1 
2 71 8 
70 4 7 
1 44 18 8 3 3 4 
2 9 43 10 7 7 2 1 
1 4 14 13 36 5 6 2 
32 13 30 5 1 
5 17 13 16 29 1 
16 47 3 12 2 1 
11 32 31 3 4 
1 14 18 37 8 1 2 
1 67 6 5 2 
1 42 7 7 13 9 1 1 
3 42 19 10 7 
7 39 35 
2 22 55 1 1 
3 67 11 
65 15 1 
1 29 29 13 1 6 1 1 
1 8 24 30 11 6 1 
2 73 4 1 1 
4 61 6 9 1 
1 46 27 1 4 2 
1 20 16 22 17 5 
3 23 3 17 19 11 5 
1 54 26 
1 31 11 36 2 
4 71 1 1 2 1 1 
1 2 73 3 1 1 
1 54 26 
1 17 13 12 20 6 12 
7 1 65 2 5 1 
28 50 3 
43 5 6 18 1 4 4 
16 19 10 19 15 2 
5 73 2 1 
1 54 20 6 
1 64 8 8 
23 28 30 
63 12 6 
3 56 20 2 
1 43 34 1 1 1 
1 46 30 2 1 1 
2 52 27 
4 48 25 2 2 
2 41 5 19 2 12 
3 15 63 
1 43 35 1 1 
1 18 37 2 2 13 4 3 1 
8 38 20 3 5 3 1 3 
3 28 14 32 4 
34 43 4 
6 20 13 20 16 2 2 2 
12 48 21 
3 14 2 17 31 9 2 1 2 
3 14 44 18 2 
1 7 51 17 5 
1 17 19 13 31 
3 66 6 1 3 2 
8 69 2 2 
1 5 71 4 
8 49 15 8 1 
6 21 19 5 30 
28 7 22 4 8 2 1 4 4 1 
2 36 24 19 
2 68 11 
7 20 42 7 5 
3 77 1 
9 6 18 34 9 5 
3 47 1 3 4 2 9 10 1 1 
2 32 47 
1 34 39 5 1 1 
81 
1 75 3 1 1 
1 75 1 3 1 
1 71 9 
2 74 5 
38 9 2 22 10 
2 13 26 13 9 8 10 
78 2 1 
1 57 7 9 7 
1 63 15 1 1 
1 43 13 15 8 1 
1 41 37 2 
1 5 45 29 1 
4 25 38 11 3 
2 50 29 
1 2 16 16 17 24 5 
2 20 49 6 1 2 1 
16 18 36 9 1 1 
14 31 8 23 5 
5 46 26 1 1 2 
1 56 24 
1 77 1 1 1 
7 38 6 30 
2 34 33 9 3 
78 2 1 
2 60 12 1 3 3 
7 14 18 17 25 
2 29 31 12 1 2 1 2 1 
5 45 4 5 10 1 1 3 2 4 1 
77 4 
2 56 17 3 3 
1 43 1 23 5 5 3 
20 4 9 14 34 
46 15 12 3 3 1 1 
1 15 51 12 1 1 
1 75 5 
2 1 74 3 1 
4 27 25 9 16 
81 
51 7 21 1 1 
6 75 
1 80 
3 8 5 52 7 5 1 
20 46 11 4 
14 14 19 15 13 2 2 1 1 
1 70 9 1 
9 5 30 8 20 8 1 
2 72 7 
1 48 32 
4 46 14 2 11 3 1 
29 33 19 
36 33 6 4 1 1 
1 8 38 19 6 8 1 
6 35 2 5 6 3 22 1 1 
1 63 4 3 3 4 2 1 
51 19 9 1 1 
34 33 8 2 2 2 
1 34 25 9 1 3 3 1 3 1 
4 30 42 5 
11 4 66 
1 58 22 
1 4 13 40 19 4 
3 63 3 5 7 
5 37 11 27 1 
1 22 26 7 25 
22 14 18 25 2 
1 32 31 15 2 
42 7 31 1 
3 70 4 4 
1 80 
1 1 9 65 5 
81 
13 47 5 12 3 1 
80 1 
5 33 11 28 4 
1 43 35 2 
1 62 17 1 
2 3 11 64 1 
11 37 19 1 8 2 3 
12 38 31 
53 3 25 
1 52 13 2 13 
6 10 9 50 1 5 
23 19 9 28 2 
1 40 18 22 
1 70 4 6 
1 14 50 7 3 2 4 
81 
3 11 33 2 5 9 15 1 1 1 
78 1 2 
29 39 11 2 
57 10 5 8 1 
2 47 3 22 7 
1 38 35 4 3 
35 23 4 1 3 3 10 2 
13 37 26 4 1 
1 14 39 3 17 4 1 2 
1 78 1 1 
2 62 14 3 
1 4 72 3 1 
5 74 2 
19 43 7 8 3 1 
1 31 4 34 10 1 
9 48 24 
1 40 16 23 1 
66 3 7 2 3 
19 57 5 
13 4 29 27 2 4 2 
1 59 17 3 1 
1 19 30 5 9 4 6 6 1 
5 60 8 8 
5 15 44 10 4 1 1 1 
3 2 17 52 2 2 3 
2 59 1 14 4 1 
81 
1 57 7 1 13 2 
1 59 19 1 1 
1 15 11 36 18 
3 30 43 3 2 
1 6 38 32 1 2 1 
1 37 29 9 2 3 
2 60 9 8 1 1 
1 26 28 7 12 2 5 
1 31 7 1 3 3 12 17 3 3 
9 33 8 28 1 1 1 
2 4 64 1 3 6 1 
1 66 14 
58 23 
1 30 31 12 2 1 2 1 1 
5 16 3 42 6 8 1 
4 72 1 2 2 
5 24 27 20 5 
25 19 14 15 2 3 1 2 
7 39 28 7 
28 29 17 5 2 
2 18 39 3 17 2 
1 44 32 3 1 
1 67 2 11 
2 26 19 11 4 12 5 1 1 
4 13 33 6 22 2 1 
2 25 47 6 1 
31 45 5 
1 34 14 11 4 17 
26 36 9 6 4 
27 4 25 6 5 3 11 
1 4 43 7 9 10 7 
4 6 31 2 13 2 16 2 1 1 3 
81 
1 16 28 14 6 5 4 1 1 5 
5 2 33 28 4 8 1 
1 73 7 
1 75 5 
2 42 5 28 4 
14 40 20 7 
54 3 23 1 
2 65 12 2 
41 33 7 
40 24 11 2 4 
6 70 5 
60 18 2 1 
2 7 8 10 9 5 23 11 5 1 
1 37 35 6 1 1 
2 45 17 15 2 
1 26 52 2 
1 48 23 1 6 2 
1 3 23 20 25 8 1 
37 29 13 1 1 
1 6 45 11 18 
1 37 2 35 1 1 2 1 1 
3 15 34 6 19 3 1 
1 74 4 2 
1 52 3 7 14 4 
1 73 7 
1 35 1 35 3 4 1 1 
3 3 61 8 6 
11 35 6 3 18 7 1 
3 61 8 2 2 3 1 1 
2 1 57 12 7 2 
5 66 6 1 2 1 
2 17 52 4 5 1 
81 
1 79 1 
4 66 2 8 1 
4 72 5 
12 41 10 9 9 
65 16 
62 14 2 1 1 1 
1 35 27 6 11 1 
71 7 1 2 
13 51 6 11 
45 12 20 4 
3 68 9 1 
1 4 30 10 1 2 1 25 4 3 
1 73 6 1 
2 43 36 
1 41 7 27 4 1 
1 49 24 6 1 
14 21 2 3 17 8 11 4 1 
1 25 24 7 14 2 6 1 1 
81 
1 1 54 2 22 1 
1 75 2 1 2 
6 36 11 10 15 1 1 1 
1 25 55 
3 27 51 
1 25 37 12 1 5 
5 32 19 1 11 4 4 2 1 1 1 
2 12 53 14 
30 9 14 21 5 2 
7 44 20 5 5 
3 38 14 16 4 6 
69 6 3 1 1 1 
1 68 12 
2 58 19 2 
35 17 27 2 
1 30 49 1 
2 8 66 3 2 
1 66 3 5 4 2 
6 22 5 34 7 3 4 
1 18 55 2 1 4 
3 67 8 1 1 1 
13 11 19 34 2 1 1 
57 23 1 
1 11 47 16 1 4 1 
1 32 13 18 5 3 6 3 
5 64 11 1 
5 70 6 
2 62 17 
1 18 3 3 13 6 6 26 3 2 
1 46 23 3 7 1 
81 
2 25 36 10 1 7 
62 18 1 
16 3 1 47 7 2 2 2 1 
5 13 53 9 1 
21 10 41 5 4 
62 6 2 4 2 2 2 1 
13 20 37 9 2 
3 71 4 1 2 
1 33 13 12 16 6 
1 47 32 1 
19 61 1 
1 44 11 7 3 12 2 1 
1 58 3 10 5 1 2 1 
9 26 13 21 11 1 
10 42 16 6 1 1 5 
31 37 11 2 
3 16 60 1 1 
1 5 22 9 19 8 13 2 2 
18 49 2 12 
1 77 1 2 
7 52 8 3 5 2 4 
34 16 19 10 2 
12 49 20 
10 70 1 
1 10 53 12 1 4 
1 17 26 1 9 16 4 3 1 2 1 
2 29 14 20 5 4 6 1 
1 67 13 
22 4 47 7 1 
4 60 17 
2 42 6 20 10 1 
1 25 55 
1 11 20 9 19 16 4 1 
1 14 13 24 12 10 1 4 1 1 
1 23 38 6 6 5 2 
3 66 5 2 5 
1 9 69 1 1 
1 9 66 1 3 1 
68 2 4 1 2 1 1 2 
11 9 44 7 1 1 2 4 1 1 
3 42 13 14 4 3 2 
1 56 24 
1 72 5 1 2 
21 58 2 
1 43 1 34 2 
1 57 1 11 10 1 
20 53 7 1 
5 63 12 1 
1 65 4 4 2 3 1 1 
3 77 1 
9 50 9 6 5 2 
37 41 3 
26 18 19 2 6 2 8 
1 57 19 1 1 1 1 
1 22 11 2 13 23 3 4 2 
2 29 12 30 6 2 
1 76 1 1 2 
5 35 35 4 2 
41 3 26 2 6 1 2 
17 24 13 4 12 6 5 
1 62 1 6 8 1 2 
1 50 30 
11 54 3 3 7 1 2 
23 43 15 
10 68 3 
19 18 23 3 8 3 7 
1 4 12 50 7 1 3 2 1 
1 45 21 1 2 3 5 1 1 1 
5 43 13 16 3 1 
1 18 50 11 1 
1 46 11 1 11 4 7 
16 33 29 2 1 
5 72 4 
2 66 7 2 3 1 
5 10 12 1 10 11 9 19 3 1 
5 41 7 27 1 
5 67 9 
1 35 9 2 3 16 12 2 1 
6 32 29 10 1 3 
1 58 20 1 1 
1 14 36 15 2 11 1 1 
14 53 12 2 
4 22 38 13 4 
1 16 7 46 11 
1 47 12 2 16 2 1 
1 1 36 1 31 3 4 4 
13 43 5 9 1 5 1 4 
59 3 17 1 1 
8 62 11 
1 80 
2 6 28 38 2 3 1 1 
3 44 2 21 5 3 2 1 
1 64 7 6 2 1 
6 10 9 13 32 3 3 2 2 1 
1 27 28 14 6 4 1 
80 1 
1 44 10 4 5 4 7 6 
12 26 29 9 4 1 
5 75 1 
1 2 5 69 2 1 1 
1 6 4 65 2 2 1 
29 50 2 
6 38 12 9 8 7 1 
1 28 47 4 1 
1 25 28 15 10 1 1 
1 3 29 1 14 10 13 3 1 3 3 
1 3 23 39 1 4 1 4 1 1 1 2 
3 59 5 4 9 1 
4 56 21 
5 40 18 6 5 6 1 
1 44 25 11 
3 49 4 21 1 2 1 
20 3 33 9 2 5 8 1 
4 55 16 6 
6 37 38 
1 12 11 39 17 1 
81 
1 40 26 4 10 
1 68 1 8 2 1 
1 2 71 5 2 
26 18 9 8 16 1 2 1 
4 38 13 22 1 3 
29 19 23 5 4 1 
1 25 9 24 5 4 13 
1 69 6 2 1 1 1 
2 23 9 24 18 1 4 
2 9 16 31 15 1 5 1 1 
9 65 5 2 
1 13 8 52 6 1 
1 79 1 
1 27 53 
81 
44 22 14 1 
1 11 38 29 1 1 
3 16 33 7 21 1 
2 65 2 7 5 
1 71 6 3 
1 38 38 3 1 
2 57 8 14 
11 63 4 3 
26 1 32 20 1 1 
3 56 5 8 9 
40 26 2 12 1 
7 58 1 4 7 3 1 
3 50 8 17 1 1 1 
1 48 27 4 1 
1 51 5 23 1 
59 13 9 
26 52 3 
2 37 31 7 1 2 1 
1 13 20 26 14 1 3 2 1 
1 63 7 7 1 1 1 
42 28 6 4 1 
8 3 25 27 15 3 
1 15 45 3 15 1 1 
3 29 45 1 1 1 1 
3 67 6 5 
4 30 5 16 26 
7 53 21 
1 75 2 2 1 
1 39 14 16 10 1 
2 1 37 33 5 1 1 1 
1 28 14 15 9 4 7 1 2 
30 49 2 
3 17 17 1 12 12 1 13 1 3 1 
3 1 32 45 
1 36 10 5 15 1 8 4 1 
7 68 6 
6 66 4 2 1 2 
1 62 1 11 2 1 2 1 
1 58 17 4 1 
58 11 4 7 1 
1 43 37 
2 7 39 29 2 1 1 
1 17 47 13 2 1 
76 1 2 2 
4 76 1 
20 1 12 3 36 1 4 4 
80 1 
1 35 17 6 7 7 5 2 1 
81 
1 71 6 2 1 
80 1 
5 75 1 
3 72 5 1 
5 35 41 
6 67 1 5 2 
4 56 10 9 2 
2 28 40 4 7 
3 59 17 1 1 
1 47 20 5 4 3 1 
1 60 1 13 2 2 1 1 
8 47 5 16 2 1 2 
71 7 3 
1 57 23 
1 16 5 58 1 
8 21 14 22 2 13 1 
34 9 29 9 
5 38 36 1 1 
2 25 2 43 7 1 1 
2 76 2 1 
2 46 20 10 1 2 
1 34 46 
2 34 38 1 3 2 1 
1 63 14 3 
27 30 24 
1 36 34 7 3 
2 35 8 16 14 6 
11 19 48 2 1 
1 42 3 5 26 4 
65 4 3 2 4 1 1 1 
1 52 1 8 1 7 4 2 3 2 
1 38 42 
4 45 29 2 1 
1 55 22 2 1 
1 8 72 
2 16 17 18 11 3 3 2 8 1 
2 57 2 14 3 1 2 
2 42 19 9 6 1 2 
1 45 24 3 1 7 
1 30 42 5 1 2 
5 44 12 19 1 
1 73 7 
9 2 41 1 4 13 1 7 3 
4 51 20 6 
11 18 32 14 6 
80 1 
1 75 5 
6 30 10 25 10 
2 53 13 9 3 1 
5 32 44 
2 54 5 10 10 
2 63 13 1 2 
14 31 9 5 6 15 1 
1 80 
1 39 16 16 9 
1 37 12 27 4 
9 56 16 
11 23 25 12 4 1 2 3 
3 70 8 
1 22 52 6 
6 21 1 52 1 
4 44 33 
