1 64 17 
2 7 34 14 20 3 2 
72 1 7 2 
10 28 9 30 1 3 1 
12 64 6 
2 57 8 13 2 
7 57 13 2 2 1 
41 41 
1 56 1 23 1 
1 1 3 10 25 31 9 2 
1 52 5 12 10 2 
25 3 28 10 3 3 1 9 
11 61 10 
1 72 1 5 3 
4 36 33 3 6 
1 4 7 57 12 1 
1 15 47 8 2 9 
55 2 4 21 
2 33 40 5 1 1 
1 47 27 7 
69 6 6 1 
28 52 2 
30 48 4 
1 51 5 21 3 1 
29 37 3 3 2 1 1 1 2 1 2 
1 60 1 9 10 1 
1 79 1 1 
5 24 53 
15 58 1 7 1 
1 46 29 4 1 1 
1 18 32 18 5 8 
3 24 10 32 4 7 1 1 
1 48 10 21 2 
1 37 35 8 1 
19 62 1 
2 38 18 10 14 
3 77 1 1 
1 74 1 3 1 2 
1 4 29 4 33 4 2 1 3 1 
7 25 30 8 12 
82 
1 72 7 1 1 
4 29 11 22 10 2 1 1 2 
23 5 38 6 5 3 2 
4 77 1 
4 76 2 
80 1 1 
16 56 1 3 5 1 
1 32 31 14 1 3 
3 8 50 17 4 
3 70 9 
5 22 41 13 1 
1 79 2 
1 81 
1 61 19 1 
1 50 27 1 3 
1 58 7 7 7 1 1 
2 36 27 7 7 2 1 
1 2 38 38 1 2 
1 27 27 22 1 3 1 
1 54 27 
2 78 2 
2 7 50 7 13 2 1 
3 53 26 
6 64 12 
2 44 5 2 20 1 3 1 4 
4 70 8 
74 8 
4 23 6 24 3 22 
1 45 25 5 4 1 1 
10 16 39 11 3 2 1 
2 67 3 10 
2 14 7 3 11 15 10 6 2 2 5 4 1 
53 7 4 2 12 1 2 1 
7 22 42 5 5 1 
6 65 11 
2 33 21 20 6 
2 17 30 33 
17 38 22 4 1 
82 
1 3 51 22 5 
3 65 14 
6 13 9 44 9 1 
3 21 46 1 3 5 2 1 
1 72 9 
1 81 
17 3 26 36 
2 38 5 15 19 3 
4 52 1 1 2 13 3 2 2 1 1 
1 74 2 2 2 1 
9 66 1 4 1 1 
2 8 59 3 2 3 3 2 
1 55 26 
29 49 1 1 1 1 
5 63 13 1 
3 7 56 1 9 4 2 
9 7 50 6 9 1 
4 8 70 
1 22 59 
3 16 52 2 7 2 
1 58 3 2 6 11 1 
12 54 16 
1 27 24 7 8 9 2 4 
2 19 14 32 4 2 7 1 1 
10 12 25 33 1 1 
21 42 3 12 1 2 1 
1 78 2 1 
57 25 
2 10 38 1 22 2 4 3 
8 70 4 
1 24 2 6 40 8 1 
32 7 36 2 3 1 1 
1 16 48 15 2 
51 14 17 
5 57 19 1 
1 81 
1 40 3 11 16 7 4 
1 34 33 2 2 10 
21 3 36 3 11 4 1 3 
2 52 12 8 2 1 4 1 
39 32 10 1 
1 79 1 1 
1 54 3 5 8 9 1 1 
33 18 23 5 2 1 
5 10 67 
18 23 41 
79 3 
1 48 26 6 1 
1 39 17 3 10 8 2 1 1 
21 11 37 8 4 1 
1 30 26 8 12 3 1 1 
5 38 6 32 1 
19 63 
4 61 6 2 2 3 3 1 
1 74 2 2 1 2 
1 72 9 
2 52 14 9 4 1 
77 4 1 
6 60 2 11 1 2 
3 39 10 14 8 8 
2 44 10 23 3 
4 25 38 4 9 1 1 
2 44 33 2 1 
25 8 9 16 11 3 5 4 1 
1 79 1 1 
80 1 1 
1 46 4 20 8 3 
1 27 27 7 2 17 1 
20 24 31 6 1 
44 17 11 9 1 
2 70 1 2 1 1 5 
2 76 3 1 
1 19 10 7 5 18 13 2 7 
1 4 14 41 7 8 1 4 1 1 
2 69 4 7 
2 66 14 
3 52 21 3 2 1 
10 22 43 1 1 3 1 1 
27 4 7 43 1 
1 73 3 5 
7 61 1 2 6 4 1 
2 13 39 1 18 3 5 1 
82 
1 68 7 1 5 
2 12 20 26 18 2 2 
1 76 5 
5 77 
6 10 58 7 1 
1 37 43 1 
2 24 20 26 8 1 1 
1 38 34 8 1 
2 9 51 1 14 1 4 
1 40 40 1 
3 5 34 28 2 2 2 1 3 1 1 
6 41 32 2 1 
1 9 71 1 
6 5 47 3 7 1 10 3 
1 27 21 30 1 1 1 
1 44 11 3 21 2 
7 44 31 
20 59 1 1 1 
74 8 
1 72 9 
21 29 6 3 11 10 2 
1 63 7 3 6 2 
10 72 
6 70 1 1 4 
47 16 3 3 13 
5 56 21 
1 69 1 10 1 
11 51 7 8 2 2 1 
5 58 3 15 1 
27 3 14 22 8 6 2 
14 36 1 6 15 2 3 2 3 
6 49 10 16 1 
6 69 2 3 1 1 
2 4 46 25 1 4 
4 29 12 27 1 5 3 1 
9 58 10 5 
1 30 14 22 13 1 1 
1 23 57 1 
82 
2 72 3 5 
1 15 66 
1 16 65 
1 74 2 4 1 
10 65 1 1 1 1 1 1 1 
1 72 6 3 
1 81 
64 10 6 2 
82 
21 52 1 1 7 
72 8 2 
1 67 14 
1 33 39 8 1 
1 67 12 2 
82 
1 58 15 1 7 
20 28 14 20 
3 57 18 1 1 1 1 
1 3 17 38 6 5 10 2 
1 46 35 
1 22 41 15 2 1 
1 69 5 6 1 
82 
3 52 9 11 6 1 
7 2 24 45 4 
5 66 1 10 
71 1 5 4 1 
27 34 21 
65 13 4 
2 41 39 
2 64 4 3 9 
6 57 1 5 11 1 1 
2 8 31 18 18 2 3 
11 65 6 
4 60 9 8 1 
1 61 3 4 3 7 2 1 
4 63 9 4 1 1 
55 7 20 
17 36 2 26 1 
1 31 9 34 2 4 1 
2 45 25 4 1 1 2 1 1 
1 32 25 9 15 
4 2 15 58 3 
43 37 2 
1 22 14 23 6 10 3 1 1 1 
33 44 2 1 2 
14 38 1 7 22 
1 13 15 30 23 
7 35 20 20 
1 67 10 4 
4 31 26 8 6 4 1 2 
2 30 47 2 1 
1 19 7 38 2 7 1 5 1 1 
2 47 32 1 
1 31 9 9 15 5 2 9 1 
1 69 5 1 5 1 
1 52 29 
1 68 4 2 5 2 
1 62 3 11 4 1 
3 51 28 
8 67 2 2 2 1 
71 9 2 
26 37 7 11 1 
1 36 10 11 2 14 6 1 1 
69 2 9 1 1 
4 4 73 1 
1 54 5 22 
1 6 9 62 4 
1 4 15 2 60 
40 20 13 9 
2 46 12 20 1 1 
2 36 12 2 22 1 6 1 
1 51 3 5 21 1 
2 43 17 7 1 3 7 1 1 
4 53 9 7 9 
82 
1 76 3 2 
1 26 33 15 7 
14 8 1 41 14 3 1 
52 30 
1 45 35 1 
34 13 35 
1 42 8 6 14 1 1 5 1 1 1 1 
10 54 7 5 6 
4 42 26 2 4 3 1 
4 54 24 
12 36 12 7 12 1 2 
1 66 2 6 4 3 
1 8 63 3 7 
1 26 40 2 4 8 1 
1 17 36 18 5 3 2 
1 18 14 20 19 1 4 1 1 1 2 
2 31 42 1 5 1 
1 29 24 4 8 11 1 3 1 
1 74 4 1 2 
5 52 9 4 5 1 1 2 3 
2 71 4 2 3 
1 72 5 1 3 
3 10 53 4 8 2 2 
5 64 9 3 1 
1 47 33 1 
51 27 2 1 1 
9 60 13 
3 50 27 2 
24 28 1 26 2 1 
74 2 5 1 
22 58 1 1 
13 15 27 24 3 
6 40 30 6 
16 57 3 1 4 1 
1 70 11 
53 12 13 4 
14 12 31 10 3 8 2 2 
34 17 7 6 1 14 2 1 
1 54 1 6 10 4 2 3 1 
4 16 20 28 13 1 
8 5 19 16 3 28 3 
1 17 44 4 6 5 1 4 
46 28 1 2 5 
2 47 10 17 5 1 
2 64 15 1 
1 51 25 3 2 
1 2 15 8 52 2 1 1 
1 35 40 1 3 1 1 
3 5 41 10 1 9 7 3 1 1 1 
59 10 6 2 2 3 
27 13 9 23 9 1 
8 10 44 16 4 
1 68 10 1 1 1 
1 40 5 32 1 1 2 
3 60 1 16 2 
1 38 17 7 6 11 1 1 
1 23 11 25 14 6 2 
2 35 9 12 2 17 5 
2 14 5 38 21 2 
3 12 64 3 
1 15 66 
4 26 18 20 3 2 9 
7 64 11 
4 47 31 
4 19 2 5 4 4 14 3 21 3 1 2 
6 49 15 12 
1 3 50 28 
1 30 44 4 2 1 
4 14 16 16 4 23 1 3 1 
1 27 2 7 34 1 7 1 2 
50 7 17 4 2 2 
33 17 27 5 
3 3 20 7 26 15 8 
36 24 22 
2 37 35 1 5 2 
5 22 41 2 11 1 
1 62 9 3 1 5 1 
7 26 35 14 
1 54 20 6 1 
1 50 31 
25 40 5 2 8 1 1 
1 13 48 16 2 2 
4 47 28 1 1 1 
4 68 6 3 1 
1 77 4 
1 22 41 5 12 1 
1 79 1 1 
9 52 7 6 3 5 
20 12 44 1 2 3 
1 44 18 15 2 2 
4 11 64 3 
5 40 19 10 8 
2 35 25 20 
2 32 32 12 1 2 1 
2 56 3 6 8 5 2 
1 65 1 4 7 1 1 1 1 
27 54 1 
1 38 23 10 3 3 4 
26 15 7 13 3 3 9 5 1 
1 40 40 1 
3 71 4 1 1 1 1 
1 63 11 5 1 1 
44 31 7 
2 71 9 
49 10 19 4 
5 25 51 1 
1 65 15 1 
45 25 5 1 4 1 1 
3 76 2 1 
1 30 12 9 5 19 1 4 1 
71 1 4 2 2 2 
46 4 13 9 5 4 1 
1 8 46 17 5 1 3 1 
3 16 49 12 1 1 
1 71 7 1 1 1 
1 9 31 3 24 13 1 
1 42 29 3 2 4 1 
1 33 33 2 4 7 1 1 
3 20 46 5 8 
2 28 40 3 9 
67 7 8 
1 54 25 2 
1 58 23 
1 20 19 7 7 6 8 6 8 
1 64 17 
2 37 8 3 32 
26 6 50 
4 57 14 5 1 1 
9 32 15 15 2 9 
2 77 3 
1 73 5 2 1 
38 23 4 5 7 1 1 3 
1 6 52 6 4 5 3 5 
14 6 32 15 9 5 1 
1 76 1 4 
3 1 10 2 10 23 7 21 4 1 
13 67 1 1 
18 13 5 19 18 5 2 1 1 
4 26 51 1 
1 24 46 5 5 1 
1 50 11 1 2 1 5 3 3 1 2 2 
1 33 6 12 15 5 10 
82 
4 67 10 1 
2 66 11 3 
4 20 57 1 
23 41 18 
2 52 19 5 4 
1 53 28 
37 9 2 1 5 23 2 1 1 1 
3 55 7 1 1 13 1 1 
1 33 48 
6 70 5 1 
1 40 20 15 3 1 2 
8 49 9 4 11 1 
2 46 23 5 4 1 1 
9 2 30 34 2 2 1 2 
1 10 19 41 9 1 1 
50 4 12 2 11 2 1 
5 24 9 20 2 17 3 1 1 
2 36 21 1 14 5 2 1 
4 9 49 18 1 1 
82 
2 43 8 17 11 1 
2 42 38 
7 20 33 12 6 4 
1 19 58 4 
6 3 62 7 4 
2 45 23 10 2 
3 21 57 1 
4 31 29 9 8 1 
1 69 2 10 
15 44 3 12 4 4 
1 25 12 17 19 7 1 
75 6 1 
4 8 52 2 7 5 4 
6 65 8 3 
82 
1 54 27 
1 11 21 25 5 4 4 4 4 3 
1 30 51 
1 72 9 
1 28 47 2 1 2 1 
9 32 29 3 1 3 2 1 1 1 
3 38 13 14 14 
2 49 31 
8 2 6 13 38 8 2 1 4 
47 35 
2 58 20 2 
1 34 20 10 7 9 1 
82 
1 78 3 
7 21 45 7 2 
3 70 6 1 2 
82 
44 30 3 3 2 
1 37 5 24 9 6 
1 14 2 6 3 10 28 15 2 1 
5 41 36 
12 46 17 3 3 1 
79 1 2 
1 73 6 1 1 
1 61 10 5 2 1 2 
1 71 4 4 2 
1 3 50 28 
17 45 4 13 2 1 
5 32 26 10 3 2 2 2 
2 68 9 2 1 
6 57 18 1 
3 54 5 18 1 1 
31 46 1 1 1 1 1 
1 66 15 
2 58 2 19 1 
2 61 19 
1 40 39 2 
1 55 4 12 10 
1 71 9 1 
3 28 39 4 3 1 4 
2 30 49 1 
2 6 74 
1 81 
50 17 3 7 2 2 1 
3 78 1 
2 19 38 4 8 1 5 5 
81 1 
1 69 5 6 1 
19 36 14 3 1 4 2 1 1 1 
1 51 20 2 3 4 1 
1 14 31 3 3 12 18 
1 15 62 1 3 
8 6 50 10 6 2 
1 13 18 24 20 2 4 
5 70 1 5 1 
6 1 25 25 5 7 12 1 
1 21 14 4 16 3 10 6 5 1 1 
31 5 13 3 30 
3 15 61 1 1 1 
8 52 17 4 1 
2 77 3 
2 64 3 8 1 4 
2 62 18 
18 9 2 39 7 7 
5 43 10 3 10 4 6 1 
1 5 6 45 24 1 
8 58 7 9 
14 55 4 7 1 1 
9 67 6 
1 52 27 1 1 
1 46 9 14 9 1 1 1 
8 25 36 5 6 1 1 
58 12 2 10 
1 79 1 1 
2 59 14 5 2 
3 49 12 6 7 3 2 
1 7 43 5 22 2 1 1 
2 35 42 1 1 1 
82 
1 21 60 
9 48 14 11 
29 31 18 1 3 
19 24 35 4 
2 59 3 15 2 1 
9 20 50 1 2 
5 77 
39 11 29 2 1 
9 24 48 1 
2 31 44 1 4 
3 51 4 9 10 4 1 
8 54 5 1 2 1 2 4 5 
1 28 13 8 8 12 11 1 
1 10 66 4 1 
3 56 22 1 
5 21 8 27 14 7 
1 73 5 1 1 1 
8 55 19 
1 29 49 1 1 1 
3 21 45 13 
1 9 61 5 4 1 1 
1 37 27 15 1 1 
77 4 1 
1 64 13 1 2 1 
2 63 14 3 
1 62 8 9 2 
4 28 45 1 3 1 
2 17 16 26 8 4 1 5 2 1 
80 1 1 
27 32 23 
4 5 42 1 1 18 8 2 1 
5 12 21 11 20 1 1 5 4 1 1 
27 42 1 11 1 
5 69 5 1 1 1 
3 70 9 
1 12 56 10 2 1 
11 5 40 23 1 1 1 
1 75 6 
6 21 55 
5 42 33 2 
2 25 33 7 7 8 
36 10 26 5 4 1 
1 56 1 21 3 
1 74 2 3 2 
82 
1 16 43 7 10 1 4 
1 72 9 
1 44 28 7 1 1 
13 36 24 7 2 
8 62 2 3 4 2 1 
1 27 19 13 13 5 1 3 
7 4 46 6 7 1 5 2 4 
8 46 24 2 2 
3 8 9 24 26 9 2 1 
2 35 40 3 1 1 
1 45 29 5 2 
2 22 7 15 31 3 2 
7 71 1 2 1 
20 7 37 16 2 
29 38 3 7 3 2 
77 4 1 
5 17 60 
2 64 14 1 1 
1 46 18 8 1 3 1 4 
1 66 6 7 1 1 
3 19 34 2 12 11 1 
7 42 9 21 2 1 
8 47 18 2 3 3 1 
1 59 8 14 
1 33 32 2 2 5 2 1 3 1 
1 40 32 1 2 6 
3 55 18 3 1 2 
2 39 12 27 1 1 
4 57 20 1 
1 1 25 6 10 38 1 
78 3 1 
11 35 12 7 6 1 4 1 3 1 1 
2 5 13 13 24 10 14 1 
1 47 26 6 2 
1 8 29 42 1 1 
1 59 18 3 1 
1 26 33 11 4 2 5 
1 9 11 32 17 5 2 4 1 
80 2 
11 5 28 23 4 7 2 2 
1 14 59 4 3 1 
12 8 14 5 42 1 
5 7 39 31 
1 62 10 1 6 1 1 
8 25 26 23 
3 46 14 5 1 4 1 2 3 3 
1 5 19 11 10 31 5 
1 39 15 15 7 3 2 
78 1 2 1 
10 6 52 14 
73 1 5 3 
1 8 3 44 26 
7 52 22 1 
3 63 16 
7 63 6 2 3 1 
4 52 15 5 5 1 
1 78 1 2 
82 
1 74 6 1 
1 65 3 1 7 4 1 
1 69 7 3 1 1 
1 80 1 
1 12 1 7 60 1 
1 67 8 1 1 3 1 
3 50 1 14 10 1 3 
2 9 25 28 17 1 
4 25 49 1 3 
20 42 14 1 3 2 
4 34 21 10 8 1 4 
1 2 72 6 1 
1 21 44 14 2 
2 64 16 
1 62 12 1 1 4 1 
29 50 3 
40 1 39 2 
82 
1 18 1 7 5 6 6 23 14 1 
1 43 20 15 1 1 1 
5 52 1 16 2 2 1 1 2 
1 60 7 4 2 1 4 2 1 
34 35 12 1 
2 7 7 37 24 4 1 
19 25 28 7 1 1 1 
17 18 3 30 3 3 2 3 3 
25 3 48 3 1 2 
1 41 32 4 4 
1 64 10 7 
24 27 17 6 1 7 
11 31 18 5 8 8 1 
1 24 31 12 9 1 3 1 
1 70 7 2 2 
27 3 47 3 1 1 
1 59 16 3 3 
3 21 48 10 
5 33 4 29 10 1 
2 24 42 11 3 
3 43 26 9 1 
9 73 
13 27 25 16 1 
78 3 1 
1 5 7 43 21 3 2 
3 51 1 13 3 7 2 1 1 
1 77 4 
82 
1 40 8 20 2 7 3 1 
1 30 32 14 2 1 1 1 
1 19 53 8 1 
1 43 6 29 2 1 
11 41 30 
2 18 61 1 
78 3 1 
1 51 15 2 10 2 1 
7 8 15 7 23 14 2 1 1 1 1 1 1 
1 53 21 7 
4 49 12 5 4 7 1 
2 40 37 3 
29 18 33 1 1 
5 21 56 
2 79 1 
1 18 13 3 4 30 2 1 7 2 1 
1 17 18 18 16 3 1 1 7 
4 30 34 5 4 4 1 
4 65 7 5 1 
1 68 13 
1 23 18 37 1 1 1 
1 80 1 
1 35 38 2 4 2 
4 24 7 43 1 3 
22 40 17 2 1 
1 14 64 2 1 
1 3 69 5 1 1 1 1 
4 68 1 6 1 2 
1 71 2 5 2 1 
29 32 10 3 7 1 
2 77 3 
22 38 18 2 2 
2 13 65 1 1 
1 75 4 2 
1 74 7 
5 65 9 3 
1 7 8 55 4 7 
57 8 14 3 
33 46 2 1 
9 49 24 
42 2 7 22 5 3 1 
2 31 35 5 9 
2 22 58 
2 10 47 12 7 1 3 
4 53 21 2 2 
2 21 31 19 3 5 1 
13 10 14 39 4 1 1 
1 34 2 25 7 3 10 
1 12 57 6 3 3 
2 46 34 
1 65 15 1 
3 49 7 3 12 8 
2 77 3 
1 79 2 
5 43 22 11 1 
1 25 21 28 2 5 
31 51 
5 62 11 2 1 1 
7 14 28 16 6 4 4 3 
3 73 6 
1 54 22 3 1 1 
1 14 22 30 11 4 
6 76 
1 81 
1 22 11 4 40 2 1 1 
79 1 1 1 
15 35 1 11 8 10 2 
1 6 24 4 27 7 11 1 1 
1 46 16 11 5 1 2 
7 18 28 18 3 5 1 2 
1 21 39 15 2 3 1 
79 1 2 
1 42 7 2 12 10 6 1 1 
2 19 22 2 32 5 
70 9 3 
3 3 46 10 16 1 3 
12 59 11 
1 8 30 26 1 6 1 6 2 1 
6 61 11 2 2 
7 33 18 22 2 
18 25 23 10 2 3 1 
18 41 23 
1 49 32 
7 4 58 9 2 2 
26 8 31 3 4 4 3 3 
1 59 8 4 10 
10 10 3 6 16 9 8 13 3 1 2 1 
2 21 10 39 10 
9 41 9 18 5 
42 8 25 1 4 2 
1 37 22 11 11 
7 67 8 
2 49 3 6 11 7 4 
2 37 20 2 9 9 1 1 1 
40 12 18 12 
13 5 30 11 1 7 11 4 
7 49 20 6 
1 32 27 18 4 
1 3 50 22 4 1 1 
1 45 4 14 14 4 
3 56 15 8 
2 61 6 10 3 
4 22 7 6 32 5 4 1 1 
1 18 15 31 1 14 2 
1 78 1 1 1 
2 35 27 8 9 1 
40 34 8 
1 30 3 29 8 11 
1 76 5 
10 71 1 
4 8 1 38 30 1 
1 19 31 20 10 1 
2 25 42 11 1 1 
4 52 4 8 1 11 2 
1 73 8 
2 64 15 1 
44 17 7 7 7 
4 11 59 2 1 1 4 
2 57 4 12 3 2 2 
1 61 20 
2 14 37 22 4 1 1 1 
1 46 5 5 6 8 4 6 1 
61 2 9 9 1 
12 46 24 
66 15 1 
3 65 10 2 1 1 
1 7 65 3 5 1 
1 38 1 2 34 2 1 3 
1 42 2 14 7 4 11 1 
25 5 12 8 3 2 10 4 10 2 1 
2 58 19 2 1 
1 81 
1 67 10 4 
27 41 3 5 6 
20 29 2 15 3 2 9 2 
1 3 14 57 4 2 1 
40 17 24 1 
6 62 6 3 4 1 
73 8 1 
4 44 34 
1 7 60 11 1 2 
2 17 53 7 3 
42 38 2 
16 35 23 4 1 1 2 
1 68 13 
55 24 1 1 1 
1 76 1 4 
1 12 15 35 7 10 2 
4 38 40 
1 36 34 8 3 
49 32 1 
1 35 13 12 7 4 4 2 2 2 
2 53 25 1 1 
7 30 37 5 2 1 
2 64 12 1 1 1 1 
65 14 3 
24 35 23 
1 49 13 3 9 1 3 2 1 
3 26 36 7 7 1 1 1 
2 20 31 5 6 15 3 
1 56 13 4 8 
13 67 2 
1 80 1 
2 45 5 25 2 3 
3 59 14 1 2 2 1 
2 15 10 52 3 
7 60 14 1 
6 2 53 10 1 8 2 
3 42 35 1 1 
1 67 8 6 
2 30 41 9 
1 77 3 1 
9 60 3 5 1 4 
4 28 47 3 
1 39 11 16 1 11 2 1 
52 26 3 1 
2 70 9 1 
8 47 6 3 15 1 2 
2 29 4 13 5 16 5 3 4 1 
4 20 8 26 12 7 4 1 
1 19 13 7 26 8 8 
4 51 6 7 9 1 2 1 1 
1 35 11 1 30 1 1 2 
4 15 13 33 17 
11 13 45 5 6 2 
2 57 23 
18 40 12 7 1 1 1 2 
34 39 8 1 
11 62 9 
19 59 4 
6 20 4 11 27 5 9 
1 80 1 
2 34 35 1 6 4 
1 74 2 3 2 
2 72 1 1 3 3 
14 19 30 13 4 2 
1 59 6 4 7 5 
2 30 50 
18 58 6 
2 77 3 
1 37 25 14 1 4 
2 12 45 5 6 5 2 3 2 
1 78 3 
4 33 15 3 25 2 
6 39 37 
33 4 26 9 10 
1 14 45 14 1 6 1 
1 81 
3 10 69 
1 47 20 10 4 
1 33 34 11 1 2 
1 39 31 1 3 3 3 1 
1 24 33 2 6 14 2 
1 59 15 4 3 
1 61 4 10 2 1 1 2 
30 16 1 7 5 4 7 3 2 7 
18 4 37 17 5 1 
3 42 13 19 5 
1 5 41 5 14 14 2 
1 33 12 33 1 1 1 
72 9 1 
8 42 32 
2 44 8 7 18 3 
41 27 13 1 
4 28 50 
3 58 9 1 1 5 4 1 
5 72 5 
1 31 44 1 2 3 
36 16 14 1 9 4 2 
1 21 34 11 8 4 2 1 
11 19 28 4 9 6 2 2 1 
12 17 27 9 2 7 5 3 
3 24 35 1 15 1 2 1 
5 43 34 
1 43 35 3 
1 66 12 2 1 
3 70 7 2 
1 37 1 39 1 3 
2 57 1 1 4 4 6 1 4 1 1 
31 19 8 23 1 
70 7 3 2 
2 57 18 1 3 1 
3 37 16 22 2 1 1 
72 10 
2 4 24 7 10 13 5 5 6 3 2 1 
2 4 16 42 18 
62 15 5 
13 4 48 9 6 2 
1 61 20 
3 38 30 8 3 
1 21 41 4 10 5 
4 48 1 2 27 
1 17 10 48 4 2 
4 2 56 10 5 1 4 
1 40 12 9 12 7 1 
59 16 1 3 2 1 
1 37 42 1 1 
10 40 16 13 2 1 
33 23 22 2 2 
1 55 11 6 6 3 
12 13 28 7 22 
32 46 2 1 1 
4 74 4 
3 69 10 
7 59 11 4 1 
14 8 17 33 2 4 3 1 
1 5 26 34 5 1 3 5 2 
1 47 23 8 3 
71 3 5 3 
13 45 10 1 10 2 1 
1 46 34 1 
1 57 24 
1 20 23 34 4 
1 12 4 11 30 15 5 1 2 1 
11 41 28 2 
81 1 
4 41 24 10 3 
1 79 1 1 
1 61 9 5 2 2 2 
55 1 8 6 7 1 2 1 1 
1 79 1 1 
1 69 7 2 2 1 
24 48 10 
5 64 9 4 
1 61 20 
3 3 50 26 
3 62 16 1 
3 56 3 10 7 1 1 1 
41 37 4 
1 11 52 1 5 2 3 2 1 2 1 1 
1 24 39 17 1 
1 24 41 14 2 
46 29 7 
1 16 33 1 19 6 1 4 1 
3 2 34 25 9 1 4 2 2 
1 11 8 22 14 12 9 5 
1 61 18 1 1 
1 24 23 34 
1 65 15 1 
3 77 1 1 
4 33 39 5 1 
3 21 9 42 2 5 
1 62 7 8 4 
24 51 6 1 
1 57 20 1 3 
6 60 8 7 1 
2 13 6 31 3 15 3 9 
67 13 2 
2 36 17 13 8 2 1 2 1 
1 71 5 1 1 2 1 
2 20 1 13 46 
10 13 1 34 17 3 4 
50 29 3 
9 23 13 3 17 7 7 1 1 1 
3 70 4 5 
41 39 2 
74 8 
2 65 6 5 2 2 
1 14 45 12 3 2 4 1 
14 28 22 8 2 7 1 
4 12 58 6 2 
1 58 17 2 2 2 
2 68 12 
1 23 2 52 3 1 
75 4 1 2 
7 15 14 42 3 1 
57 2 19 1 2 1 
5 53 8 5 6 4 1 
76 1 3 1 1 
12 69 1 
1 65 8 5 3 
2 19 43 4 4 2 4 3 1 
1 1 27 51 2 
4 8 20 7 30 10 3 
2 61 7 7 5 
29 19 30 2 1 1 
6 21 34 14 3 4 
1 52 17 10 2 
6 16 32 28 
1 70 11 
1 44 23 10 2 1 1 
36 34 7 2 3 
25 26 22 9 
3 33 40 5 1 
14 5 48 9 4 2 
2 75 5 
4 50 10 10 2 1 4 1 
8 5 17 21 1 13 10 4 3 
5 45 5 6 8 8 3 2 
3 17 12 30 13 6 1 
1 55 24 2 
58 21 3 
16 5 36 2 18 2 2 1 
2 61 19 
2 16 1 21 15 4 22 1 
9 59 9 4 1 
1 80 1 
19 49 4 7 3 
1 13 35 10 7 9 6 1 
9 8 42 5 1 10 6 1 
1 2 19 45 14 1 
77 4 1 
4 47 11 4 16 
60 2 11 1 7 1 
6 16 37 11 5 6 1 
3 75 4 
2 51 6 20 1 1 1 
8 18 19 21 4 12 
1 6 40 8 14 1 8 1 3 
1 23 31 16 4 7 
47 13 11 3 1 6 1 
31 46 4 1 
1 42 27 5 2 4 1 
6 39 35 1 1 
4 21 52 2 2 1 
1 41 36 1 1 2 
6 39 22 8 6 1 
1 14 47 13 6 1 
4 4 21 12 16 11 14 
17 61 4 
1 45 22 3 1 6 2 1 1 
18 60 1 2 1 
4 71 4 1 1 1 
1 63 17 1 
11 9 23 13 25 1 
1 53 19 3 3 2 1 
1 35 46 
1 13 24 12 2 28 2 
3 69 4 4 1 1 
8 61 8 5 
35 45 1 1 
1 56 23 2 
2 76 3 1 
4 31 43 4 
1 3 73 4 1 
25 24 6 12 15 
1 61 4 3 10 2 1 
1 49 2 2 11 2 1 7 7 
7 7 47 17 1 1 2 
5 22 16 36 2 1 
33 28 13 7 1 
1 19 62 
26 1 19 12 2 4 3 10 3 2 
4 12 38 9 2 4 7 2 1 3 
2 60 6 9 1 3 1 
78 1 3 
41 7 34 
52 14 9 6 1 
1 52 9 5 2 7 4 1 1 
20 61 1 
1 20 39 14 7 1 
11 70 1 
6 48 21 2 4 1 
1 17 20 35 7 2 
1 41 37 3 
13 41 22 2 1 1 1 1 
4 52 25 1 
1 8 44 24 1 1 1 1 1 
4 25 15 4 31 3 
1 32 3 21 7 10 2 4 1 1 
1 31 1 26 4 9 6 2 1 1 
16 50 3 7 1 1 1 1 2 
2 76 4 
3 24 2 14 8 24 1 1 3 2 
7 33 33 8 1 
2 66 9 1 2 1 1 
5 16 48 13 
14 67 1 
1 40 16 15 10 
1 30 37 7 7 
61 16 5 
3 7 59 1 8 1 3 
1 15 60 3 3 
5 10 32 28 1 1 1 3 1 
1 16 65 
2 17 19 42 1 1 
1 20 15 6 1 13 6 18 2 
1 37 18 16 10 
15 25 16 22 3 1 
8 39 30 1 3 1 
69 9 3 1 
41 9 21 9 2 
1 44 27 1 2 1 2 4 
1 81 
2 60 8 10 2 
1 46 28 4 2 1 
3 39 39 1 
10 26 43 1 1 1 
1 58 21 2 
3 76 3 
9 72 1 
1 72 2 5 2 
1 33 18 2 27 1 
2 15 62 2 1 
8 25 3 30 14 1 1 
5 68 2 7 
31 16 5 7 6 6 11 
46 35 1 
81 1 
20 60 1 1 
1 43 31 6 1 
2 43 23 13 1 
8 42 32 
1 64 14 1 1 1 
38 13 23 6 2 
2 43 34 1 2 
1 2 25 20 21 9 4 
56 4 22 
5 32 31 1 7 2 2 1 1 
1 5 8 27 29 2 4 4 1 1 
14 30 26 4 1 1 6 
72 9 1 
7 40 7 6 20 1 1 
3 19 29 23 8 
3 17 39 17 6 
1 80 1 
2 11 11 56 2 
5 52 2 15 6 2 
1 81 
1 47 32 1 1 
1 19 47 11 4 
3 79 
5 14 41 17 3 2 
1 56 19 1 4 1 
16 54 9 2 1 
1 5 15 6 19 2 13 18 3 
1 53 7 1 3 15 1 1 
1 67 2 3 5 4 
1 36 37 5 1 2 
1 11 27 36 1 6 
1 25 37 9 10 
1 62 18 1 
1 40 21 15 1 3 1 
25 40 17 
2 10 2 38 28 1 1 
3 52 15 7 4 1 
1 4 24 24 19 3 5 2 
3 21 29 11 10 1 3 1 3 
2 76 2 2 
3 39 9 7 22 2 
68 2 10 2 
1 2 76 2 1 
1 60 10 7 1 2 1 
13 12 48 4 1 2 1 1 
1 70 4 4 3 
1 23 17 4 3 8 14 7 3 2 
2 32 39 5 4 
1 73 1 4 3 
1 67 12 1 1 
3 4 70 5 
38 16 11 5 2 10 
3 62 17 
1 59 17 5 
3 64 8 6 1 
75 5 2 
1 51 11 5 1 8 4 1 
1 58 8 5 6 1 1 1 1 
31 30 5 11 3 2 
15 38 16 3 2 4 4 
7 37 13 23 2 
3 7 56 13 3 
2 67 11 1 1 
24 31 8 7 7 2 1 2 
1 43 38 
2 70 10 
1 46 21 1 2 8 2 1 
2 28 35 9 7 1 
1 54 18 2 1 4 2 
4 43 10 13 4 8 
1 46 2 19 4 4 3 1 2 
11 35 21 2 4 8 1 
2 80 
7 51 18 6 
47 29 5 1 
6 56 10 9 1 
70 9 3 
37 6 18 11 8 2 
12 63 7 
1 68 3 5 2 2 1 
16 21 4 23 4 4 1 7 2 
6 19 57 
1 68 9 4 
4 24 53 1 
2 67 12 1 
3 77 2 
67 12 3 
7 49 17 4 5 
1 52 16 4 2 4 1 1 1 
1 32 29 6 5 7 1 1 
5 53 19 1 1 1 2 
1 28 7 24 15 6 1 
2 43 10 8 1 5 13 
1 46 3 23 7 1 1 
3 44 11 15 5 3 1 
2 46 21 11 1 1 
64 7 10 1 
1 30 7 9 23 3 1 3 1 4 
4 18 40 18 1 1 
2 34 38 3 4 1 
2 5 17 41 16 1 
1 78 1 1 1 
8 27 39 2 3 1 1 1 
2 30 10 23 7 3 3 2 2 
45 19 16 2 
2 70 2 4 4 
21 24 27 1 5 2 2 
3 30 32 6 3 1 3 2 1 1 
1 1 49 26 4 1 
7 2 14 32 20 4 1 2 
6 49 3 1 20 3 
4 9 7 16 25 15 6 
6 32 25 8 8 3 
2 47 11 16 4 2 
1 67 13 1 
5 49 25 1 2 
3 65 6 2 4 1 1 
27 8 24 23 
1 36 29 1 8 7 
2 54 12 7 2 5 
7 27 5 2 5 10 18 3 3 2 
13 20 30 8 11 
13 36 10 2 18 3 
1 54 15 4 1 1 6 
1 58 2 3 17 1 
4 20 2 13 4 28 7 2 1 1 
78 1 3 
4 44 9 13 2 3 1 2 1 1 1 1 
63 10 5 3 1 
1 29 51 1 
3 20 21 10 14 9 5 
4 51 27 
6 7 46 13 3 1 6 
6 12 12 24 18 4 1 2 1 1 1 
45 35 1 1 
16 8 10 13 23 12 
4 9 21 36 6 2 4 
1 39 37 3 1 1 
27 17 38 
36 45 1 
10 71 1 
1 19 4 14 27 2 9 2 3 1 
1 20 3 22 32 4 
1 1 75 1 1 1 2 
3 58 4 5 11 1 
26 44 7 1 1 2 1 
2 9 59 12 
4 45 16 10 6 1 
1 28 31 20 1 1 
2 31 17 16 5 2 7 1 1 
24 47 7 1 1 2 
1 45 32 3 1 
1 69 12 
2 75 3 2 
2 45 28 3 3 1 
15 37 19 5 6 
3 39 40 
1 17 7 6 17 15 1 7 1 3 4 3 
1 57 6 3 15 
10 50 18 2 1 1 
1 3 72 3 2 1 
2 41 14 15 1 2 4 2 1 
36 5 9 15 1 5 5 1 4 1 
4 48 24 5 1 
17 37 5 16 6 1 
1 65 4 12 
1 6 27 2 20 25 1 
9 73 
1 51 8 4 9 7 2 
8 38 30 4 2 
2 73 2 4 1 
1 57 6 12 3 2 1 
1 37 42 2 
1 67 1 6 1 6 
81 1 
1 12 58 9 2 
34 33 15 
2 44 4 22 8 2 
29 15 17 8 1 12 
10 26 4 22 3 13 2 1 1 
44 28 7 3 
81 1 
72 9 1 
7 47 5 14 5 1 3 
1 61 17 2 1 
1 27 54 
1 9 58 13 1 
19 50 9 2 2 
3 13 19 19 28 
2 66 4 7 3 
1 77 4 
18 41 8 10 2 3 
1 61 15 3 2 
15 46 21 
12 48 21 1 
18 18 33 3 8 2 
1 12 66 1 2 
38 20 16 3 3 2 
2 56 23 1 
2 12 65 2 1 
1 19 37 14 4 5 2 
3 14 63 2 
2 32 10 7 26 2 1 2 
5 75 2 
15 36 16 3 1 8 2 1 
3 54 18 4 3 
1 79 2 
1 63 16 1 1 
1 63 18 
17 16 7 30 10 2 
4 65 7 3 1 2 
52 23 1 4 1 1 
1 9 37 10 25 
59 16 6 1 
1 57 24 
4 55 5 6 7 3 2 
1 8 11 22 3 16 11 4 3 3 
1 73 8 
3 21 29 12 10 2 3 2 
10 34 31 2 3 1 1 
6 52 23 1 
2 79 1 
2 13 67 
1 71 10 
1 38 10 14 18 1 
15 28 32 2 3 1 1 
81 1 
4 65 2 8 3 
11 36 31 1 3 
7 51 8 1 6 2 1 4 2 
1 1 30 20 5 21 1 2 1 
2 65 2 9 4 
4 14 54 7 1 2 
57 19 2 4 
1 3 63 1 11 2 1 
1 60 20 1 
1 43 6 1 14 2 6 2 5 1 1 
1 62 18 1 
1 38 18 1 18 2 1 3 
2 78 1 1 
2 75 5 
4 10 24 27 15 1 1 
10 62 10 
70 5 4 1 2 
1 63 13 1 4 
1 19 59 3 
1 58 11 6 6 
1 40 8 26 3 3 1 
1 73 5 2 1 
1 66 3 10 2 
1 73 1 1 1 5 
3 52 3 19 1 4 
1 42 34 5 
2 34 8 37 1 
1 73 5 1 1 1 
3 21 5 41 3 6 2 1 
45 3 9 19 3 1 1 1 
2 53 1 26 
1 9 46 2 19 5 
1 23 9 2 33 4 9 1 
5 19 4 24 16 2 11 1 
9 56 2 4 7 3 1 
15 9 53 2 3 
4 7 45 4 14 4 1 3 
9 3 55 14 1 
5 66 11 
1 77 4 
9 31 1 3 20 10 1 7 
80 2 
5 42 22 3 8 2 
8 42 31 1 
10 2 68 2 
7 58 3 14 
3 77 1 1 
67 6 8 1 
3 30 10 6 31 2 
15 27 1 7 15 14 3 
1 2 17 44 7 11 
5 4 64 9 
2 61 13 1 2 2 1 
74 5 1 2 
1 59 12 8 2 
1 55 10 6 4 6 
50 30 2 
2 8 16 35 15 2 1 3 
1 47 29 2 3 
5 71 1 5 
2 78 1 1 
3 44 9 22 3 1 
1 5 45 18 7 3 1 1 1 
7 30 5 22 8 5 2 1 1 1 
2 69 8 3 
2 5 43 16 14 1 1 
48 34 
5 28 38 7 4 
1 75 6 
3 74 1 1 3 
7 72 2 1 
2 10 50 12 3 4 1 
2 13 36 14 2 3 2 5 2 2 1 
4 14 37 24 2 1 
6 51 12 3 5 3 2 
44 19 16 2 1 
1 52 17 11 1 
4 51 16 9 2 
17 59 3 3 
3 38 12 7 15 3 1 3 
14 17 21 18 2 3 6 1 
3 39 19 10 1 5 3 2 
22 1 54 2 3 
2 60 3 16 1 
1 44 29 7 1 
2 66 10 3 1 
13 60 3 6 
1 78 3 
4 50 28 
22 10 6 6 32 5 1 
2 16 54 1 8 1 
14 39 21 1 2 3 1 1 
1 51 20 6 3 1 
1 72 7 1 1 
7 6 53 16 
64 3 3 4 8 
3 40 35 1 3 
2 75 2 3 
2 56 24 
23 47 9 2 1 
1 26 54 1 
3 45 34 
38 42 1 1 
2 28 18 21 3 3 7 
1 56 7 15 2 1 
1 39 30 1 8 1 2 
1 51 21 6 1 1 1 
1 63 16 1 1 
5 65 1 1 2 8 
5 48 10 17 2 
2 6 6 28 2 1 14 7 3 3 2 4 1 1 1 1 
1 72 6 3 
1 65 10 6 
1 36 27 4 3 8 3 
1 61 20 
2 69 10 1 
14 35 32 1 
1 28 20 3 8 4 7 1 10 
1 39 14 8 9 3 3 1 4 
9 5 44 17 7 
1 6 27 7 32 3 3 2 1 
1 17 33 5 25 1 
18 51 4 9 
3 7 70 2 
1 46 20 1 13 1 
2 37 6 37 
78 1 1 1 1 
39 40 3 
1 56 8 8 3 3 3 
2 6 47 10 2 14 1 
72 9 1 
1 25 22 9 10 8 5 2 
13 40 14 7 4 2 2 
3 23 5 20 19 4 8 
2 23 54 3 
2 49 30 1 
1 26 3 49 2 1 
3 23 54 2 
6 33 12 28 1 2 
80 1 1 
3 47 31 1 
24 24 27 7 
3 52 27 
2 73 6 1 
1 33 37 7 4 
2 66 11 2 1 
1 59 1 18 3 
5 15 34 21 7 
1 36 2 12 22 7 2 
20 27 34 1 
1 62 4 13 2 
11 65 2 2 2 
1 31 42 8 
1 80 1 
1 38 21 10 11 1 
1 34 32 3 4 8 
3 21 18 35 5 
13 36 5 7 16 2 1 1 1 
1 67 6 5 1 2 
3 71 5 3 
22 58 2 
14 14 37 15 2 
1 78 3 
4 47 29 1 1 
2 47 6 3 3 11 10 
3 17 13 5 27 4 6 7 
1 11 8 7 5 21 26 1 2 
50 15 17 
2 56 22 2 
1 60 13 5 1 1 1 
3 16 31 30 2 
82 
29 21 22 5 1 3 1 
2 66 3 2 4 1 1 3 
2 62 17 1 
5 77 
1 52 25 3 1 
3 56 14 5 1 1 2 
7 29 32 1 5 3 2 1 1 1 
2 32 32 11 4 1 
1 77 4 
5 5 5 55 6 1 1 2 2 
57 14 11 
1 35 14 1 26 5 
1 11 1 1 5 43 13 2 5 
1 76 1 3 1 
21 5 44 1 8 2 1 
9 37 24 10 1 1 
6 11 7 50 7 1 
1 42 36 2 1 
1 70 5 5 1 
1 10 28 38 2 1 2 
1 2 15 23 35 5 1 
1 60 19 2 
43 26 1 3 3 6 
6 39 25 7 4 1 
1 79 2 
1 75 2 1 1 2 
1 34 41 4 2 
1 42 22 8 7 1 1 
52 30 
9 16 34 16 6 1 
1 25 40 6 3 7 
27 26 28 1 
40 38 3 1 
4 19 21 8 24 2 2 1 1 
1 31 10 1 12 22 2 2 1 
49 12 21 
2 78 1 1 
2 43 21 8 6 2 
2 3 74 1 2 
7 4 69 1 1 
2 43 2 10 8 1 8 7 1 
36 30 5 4 7 
4 25 31 17 5 
4 9 63 6 
13 38 6 13 6 3 3 
1 13 67 1 
1 6 73 1 1 
1 69 4 4 2 2 
2 6 30 12 2 21 7 2 
1 32 11 7 7 19 4 1 
1 52 27 1 1 
64 3 15 
2 74 2 2 2 
1 80 1 
74 4 2 1 1 
5 15 1 49 3 3 2 2 1 1 
1 58 23 
74 2 3 1 2 
1 41 19 13 8 
1 73 4 1 3 
1 47 6 23 5 
1 77 3 1 
1 6 24 23 14 11 2 1 
3 34 23 2 4 15 1 
3 53 6 13 5 2 
2 75 5 
4 77 1 
2 30 5 14 27 4 
2 39 26 7 1 2 1 1 3 
7 33 3 26 13 
1 73 1 6 1 
4 8 11 50 6 2 1 
1 20 5 44 11 1 
2 67 8 1 3 1 
82 
1 35 18 10 18 
3 76 2 1 
28 36 6 1 11 
1 29 52 
1 52 20 8 1 
1 69 12 
3 37 16 19 1 5 1 
5 11 48 17 1 
1 58 22 1 
21 22 10 9 6 5 1 1 2 3 1 1 
1 71 4 6 
1 9 67 2 1 2 
1 69 8 1 1 2 
3 23 15 17 24 
2 70 10 
1 51 23 7 
4 76 2 
9 4 61 4 3 1 
1 79 2 
41 40 1 
24 40 15 1 2 
3 34 45 
1 30 41 1 5 3 1 
17 35 18 3 3 4 2 
1 60 1 4 9 4 3 
2 49 31 
1 70 3 8 
1 67 13 1 
1 49 3 14 10 2 1 2 
6 42 10 3 19 2 
1 32 4 28 12 1 3 1 
10 67 2 3 
1 56 17 6 2 
20 43 4 2 10 3 
4 75 2 1 
3 64 15 
2 16 5 9 9 5 20 2 12 2 
1 24 32 25 
5 52 18 2 5 
14 25 6 20 9 5 2 1 
2 44 32 4 
1 47 14 17 2 1 
18 62 1 1 
1 33 27 8 11 1 1 
1 58 9 14 
29 41 9 1 1 1 
2 6 67 7 
2 43 36 1 
1 30 3 5 19 6 16 2 
1 31 5 7 2 23 9 3 1 
1 30 33 4 7 2 3 2 
1 64 17 
1 16 41 6 6 4 4 4 
1 47 34 
2 46 33 1 
1 17 18 44 1 1 
14 38 30 
1 75 6 
1 33 15 1 10 22 
4 2 46 29 1 
3 60 19 
14 10 31 2 21 2 1 1 
2 26 32 14 8 
1 57 18 3 1 2 
1 66 4 6 3 1 1 
2 14 66 
1 31 19 16 4 10 1 
1 57 19 2 2 1 
6 34 1 13 20 8 
3 45 34 
2 7 12 25 32 1 1 2 
6 65 1 3 1 3 1 2 
1 36 19 6 16 4 
26 2 54 
1 48 3 19 7 1 1 2 
76 2 4 
2 9 44 21 5 1 
8 52 5 6 8 2 1 
2 30 22 25 1 1 1 
2 80 
1 28 36 17 
8 61 11 1 1 
2 49 20 5 3 3 
14 6 31 27 2 2 
2 75 5 
8 11 7 47 2 7 
2 59 12 8 1 
3 34 22 9 5 4 1 4 
12 20 39 7 2 1 1 
1 22 42 4 12 1 
2 20 9 45 1 2 3 
11 27 21 8 5 3 3 1 3 
1 68 2 7 3 1 
22 42 12 5 1 
1 19 4 35 3 10 5 1 3 1 
11 71 
1 2 39 39 1 
1 77 3 1 
5 50 13 1 4 3 3 2 1 
1 52 28 1 
4 52 26 
1 33 1 1 7 37 2 
1 6 18 43 4 4 1 1 2 1 1 
10 62 2 6 1 1 
3 72 7 
3 41 3 19 7 2 3 3 1 
1 46 24 6 5 
1 2 13 20 13 26 1 4 2 
57 19 3 2 1 
54 9 16 3 
4 26 11 12 10 4 10 3 2 
24 14 20 17 7 
1 11 11 24 35 
2 69 6 4 1 
7 16 7 12 26 10 4 
2 70 9 1 
5 44 28 2 3 
48 27 2 4 1 
1 76 5 
1 76 5 
1 41 15 6 14 5 
3 30 30 8 7 3 1 
2 15 63 2 
1 32 32 16 1 
1 23 13 43 2 
2 9 40 6 5 17 1 1 1 
3 41 14 21 1 1 1 
1 34 18 27 2 
2 43 15 6 5 10 1 
25 5 8 29 4 3 3 2 3 
2 57 22 1 
6 39 36 1 
1 33 8 5 28 7 
1 28 36 6 9 2 
16 54 11 1 
13 33 8 10 16 2 
62 5 3 11 1 
1 39 39 2 1 
1 44 36 1 
1 17 30 6 22 4 1 1 
74 6 2 
15 59 7 1 
1 18 62 1 
3 72 5 1 1 
1 68 13 
47 22 13 
80 2 
1 48 25 7 1 
1 68 11 2 
19 51 12 
22 42 8 5 2 1 1 1 
5 59 13 3 1 1 
1 40 9 5 11 9 6 1 
1 24 2 55 
17 12 49 1 1 2 
1 18 30 25 7 1 
2 62 15 1 1 1 
73 8 1 
1 54 1 1 3 10 9 2 1 
78 4 
3 45 33 1 
2 10 8 53 2 1 5 1 
15 49 16 1 1 
17 20 42 3 
1 57 7 2 2 13 
1 64 12 5 
5 60 17 
1 36 25 2 16 2 
22 28 2 25 1 2 2 
19 36 14 13 
77 3 1 1 
3 48 27 3 1 
1 51 13 8 9 
1 15 5 55 5 1 
1 55 14 3 7 1 1 
1 38 37 5 1 
1 8 19 7 12 6 1 26 2 
12 52 12 6 
29 39 10 1 1 1 1 
2 6 32 1 34 7 
1 33 47 1 
1 71 3 2 3 1 1 
5 4 27 21 15 6 1 3 
1 1 33 31 10 1 2 2 1 
1 17 54 4 1 2 1 2 
5 17 60 
2 14 4 20 1 3 28 9 1 
1 66 10 4 1 
29 32 18 1 1 1 
3 70 9 
1 40 1 23 2 7 7 1 
35 38 2 2 2 2 1 
12 33 26 1 3 2 1 2 1 1 
7 28 23 4 3 7 4 4 2 
1 78 3 
1 28 21 32 
6 76 
1 35 11 11 23 1 
17 57 3 2 2 1 
13 64 4 1 
1 67 12 2 
3 66 12 1 
3 55 1 3 14 3 3 
1 57 23 1 
2 63 1 4 6 6 
4 7 1 56 12 1 1 
1 77 3 1 
3 76 3 
15 62 2 1 2 
1 37 1 38 1 4 
45 31 6 
3 34 36 5 4 
3 23 42 9 1 3 1 
1 18 45 12 5 1 
1 54 7 4 4 12 
1 11 13 39 14 3 1 
1 37 42 2 
6 27 16 20 11 2 
1 34 30 4 4 5 3 1 
2 54 9 2 15 
1 50 9 5 6 9 2 
22 2 41 12 5 
43 19 17 2 1 
1 66 15 
65 1 15 1 
1 72 3 6 
32 5 32 9 3 1 
82 
4 18 22 9 1 2 18 8 
3 22 31 7 19 
2 10 15 49 4 2 
1 3 45 4 27 2 
1 49 29 3 
4 15 36 26 1 
1 6 3 62 5 4 1 
2 30 28 14 5 1 2 
1 15 64 1 1 
81 1 
1 71 1 6 3 
10 59 13 
1 73 8 
15 4 2 33 27 1 
8 29 19 22 4 
63 4 4 8 2 1 
2 76 1 1 2 
1 52 7 21 1 
46 13 13 5 1 3 1 
43 37 2 
1 45 36 
9 53 14 2 4 
19 55 4 3 1 
53 13 8 7 1 
9 53 11 3 3 1 2 
11 42 27 1 1 
1 66 14 1 
34 8 12 14 10 4 
6 58 4 2 9 3 
4 16 10 3 6 9 16 8 1 6 2 1 
2 47 33 
73 7 2 
4 68 4 1 2 3 
52 8 3 16 2 1 
7 69 6 
12 37 30 1 2 
5 76 1 
1 68 12 1 
2 56 23 1 
1 79 2 
3 17 36 11 13 1 1 
5 36 11 13 1 10 4 2 
2 27 43 5 5 
1 51 10 3 5 1 3 6 2 
2 2 30 2 16 11 19 
1 23 46 5 4 3 
4 47 23 3 2 3 
10 41 24 1 6 
1 69 2 3 7 
1 34 45 1 1 
77 2 1 1 1 
1 1 69 8 3 
14 1 15 26 21 1 1 1 1 1 
1 38 27 12 3 1 
1 73 3 2 3 
4 70 5 3 
54 7 4 6 6 3 1 1 
2 58 12 1 2 4 3 
16 27 3 13 2 13 1 4 2 1 
5 55 12 9 1 
1 13 56 11 1 
1 60 18 2 1 
1 53 27 1 
1 52 15 7 7 
1 28 27 4 2 6 11 2 1 
75 1 2 2 2 
12 19 35 6 4 3 2 1 
1 11 51 9 8 2 
2 59 2 1 14 1 1 1 1 
4 6 10 27 29 6 
11 18 28 21 1 3 
2 11 59 8 2 
16 46 8 8 3 1 
6 7 1 12 9 46 1 
1 31 17 11 15 3 2 2 
1 21 33 19 7 1 
18 17 8 32 5 2 
1 56 6 15 4 
32 43 4 1 2 
2 23 8 7 37 4 1 
14 64 2 1 1 
2 77 3 
3 1 38 7 16 2 10 1 1 2 1 
1 23 11 14 15 5 4 2 2 4 1 
2 46 27 2 1 4 
1 41 4 35 1 
1 75 6 
1 30 4 28 3 7 8 1 
1 8 23 36 9 1 1 1 1 1 
1 81 
5 63 2 4 3 2 2 1 
27 45 5 5 
1 53 2 18 3 4 1 
8 23 4 6 35 1 3 1 1 
1 59 3 6 12 1 
2 42 6 19 3 4 3 1 2 
4 22 33 21 1 1 
2 41 39 
58 2 15 2 4 1 
1 14 27 36 2 1 1 
17 13 27 14 2 8 1 
1 47 26 8 
6 74 1 1 
29 7 15 3 1 17 5 3 2 
7 40 29 1 2 1 1 1 
1 18 25 22 5 8 3 
7 48 11 11 3 1 1 
12 22 48 
1 55 17 3 1 1 4 
10 43 17 7 2 2 1 
48 10 20 1 1 1 1 
1 13 62 2 4 
75 3 2 1 1 
9 26 15 8 11 10 2 1 
2 60 14 6 
16 9 57 
4 33 39 2 4 
1 48 9 23 1 
4 42 35 1 
6 40 25 2 9 
1 25 41 3 1 2 6 3 
41 41 
1 48 4 8 21 
1 57 22 2 
7 6 24 33 12 
1 38 35 3 2 3 
64 8 1 5 2 1 1 
3 38 19 13 9 
3 5 48 1 18 2 4 1 
2 1 23 42 6 8 
38 18 5 8 13 
1 58 4 6 10 3 
2 47 3 24 6 
1 62 19 
9 6 64 2 1 
1 49 30 2 
53 5 24 
23 24 30 5 
57 9 2 3 10 1 
17 35 16 13 1 
71 9 2 
4 60 5 6 3 4 
9 56 17 
9 9 21 17 15 6 1 2 2 
3 63 16 
1 63 10 3 2 2 1 
7 59 3 10 2 1 
1 6 40 26 1 4 3 1 
25 1 35 4 15 2 
6 7 5 33 6 25 
2 70 2 3 2 2 1 
8 23 44 4 3 
1 70 4 5 2 
37 24 19 2 
3 24 20 9 12 13 1 
1 67 3 6 4 1 
3 6 26 40 5 2 
77 4 1 
4 75 1 2 
25 23 34 
20 39 21 1 1 
1 9 46 14 2 1 7 2 
79 2 1 
2 21 35 23 1 
1 58 21 1 1 
36 22 10 2 8 1 3 
2 77 1 2 
3 52 3 14 9 1 
1 22 6 28 9 2 8 5 1 
7 13 50 5 4 3 
8 20 31 7 8 3 2 2 1 
1 70 6 2 1 2 
1 42 39 
1 65 14 1 1 
15 10 15 8 1 1 19 6 4 1 2 
1 44 34 2 1 
3 72 5 2 
1 77 3 1 
3 67 11 1 
3 24 22 13 19 1 
2 53 23 2 2 
2 28 3 41 1 4 1 1 1 
1 14 15 15 6 7 16 3 4 1 
1 70 11 
6 32 39 2 2 1 
66 16 
1 45 34 1 1 
3 65 10 2 1 1 
10 27 44 1 
1 24 44 12 1 
1 76 4 1 
1 73 7 1 
2 43 31 3 3 
4 61 17 
65 3 8 3 2 1 
3 65 14 
3 15 53 10 1 
3 14 47 16 1 1 
28 3 10 4 6 1 5 17 2 3 1 1 1 
2 5 50 21 2 2 
1 57 1 16 1 2 4 
32 47 3 
3 52 13 12 2 
25 38 17 1 1 
8 73 1 
2 17 7 16 16 22 1 1 
3 50 25 4 
5 71 5 1 
5 71 5 1 
1 18 36 9 8 6 4 
1 25 1 14 16 20 2 3 
2 80 
1 57 19 5 
1 78 1 1 1 
3 35 15 2 26 1 
23 30 28 1 
70 4 4 1 1 1 1 
21 5 56 
11 46 8 16 1 
1 6 42 8 11 8 4 1 1 
1 26 19 10 2 19 5 
22 20 26 8 1 4 1 
70 9 2 1 
1 24 34 13 10 
9 49 16 4 2 2 
1 13 35 3 17 2 1 3 2 3 2 
1 54 19 3 2 3 
1 58 6 13 3 1 
2 71 9 
1 62 19 
15 8 21 19 10 4 1 3 1 
2 18 25 27 4 1 2 2 1 
22 56 4 
1 61 9 2 9 
4 17 17 42 1 1 
3 75 4 
6 31 3 25 5 4 1 6 1 
2 12 48 10 1 4 1 3 1 
82 
4 56 21 1 
1 36 23 7 3 4 5 1 2 
1 12 30 38 1 
1 56 1 20 3 1 
3 50 4 2 9 6 1 2 2 1 1 1 
1 24 47 10 
7 49 11 3 7 2 1 2 
5 59 8 8 2 
8 37 16 15 2 2 2 
1 37 8 21 2 12 1 
1 32 1 4 1 5 3 1 14 6 10 1 3 
31 32 19 
80 1 1 
14 37 20 2 4 3 2 
1 36 1 36 1 3 1 2 1 
8 17 54 3 
8 38 35 1 
23 6 23 14 16 
1 8 27 5 28 12 1 
2 52 1 19 6 2 
1 45 7 25 4 
1 80 1 
1 48 13 6 2 3 3 5 1 
44 27 4 1 5 1 
80 1 1 
1 47 2 27 2 1 2 
63 15 1 2 1 
1 79 1 1 
1 35 43 1 2 
1 54 10 16 1 
1 61 20 
1 35 46 
22 30 27 2 1 
1 5 45 27 2 2 
1 31 44 5 1 
2 45 33 1 1 
31 32 3 15 1 
1 40 38 1 2 
1 22 36 9 9 2 3 
2 20 37 5 5 12 1 
1 81 
6 48 5 14 7 2 
33 35 11 3 
18 40 24 
2 32 47 1 
6 48 19 4 3 1 1 
57 23 2 
1 81 
3 40 38 1 
2 78 1 1 
1 29 13 10 1 12 2 2 11 1 
2 34 18 27 1 
1 58 8 14 1 
2 19 4 12 26 4 11 1 3 
4 14 37 19 3 5 
1 28 11 32 8 1 1 
1 10 19 13 14 10 10 2 2 1 
2 7 66 1 3 1 1 1 
7 15 37 15 8 
3 69 5 3 1 1 
1 3 37 11 30 
2 36 33 7 2 1 1 
10 25 7 6 3 24 2 3 2 
1 8 63 6 4 
2 57 2 2 2 7 2 1 2 1 4 
1 59 18 1 3 
1 78 1 1 1 
1 69 11 1 
80 2 
10 31 33 7 1 
5 61 1 15 
69 6 7 
11 8 13 17 1 20 1 3 8 
1 55 13 9 2 2 
2 76 1 2 1 
1 61 5 14 1 
3 25 47 3 2 2 
2 31 43 2 3 1 
34 12 36 
4 48 4 10 2 1 4 2 2 1 2 1 1 
1 52 15 14 
4 59 5 14 
68 11 3 
72 6 4 
4 42 3 4 1 27 1 
36 19 15 10 1 1 
1 40 29 5 3 4 
2 22 27 30 1 
2 4 17 53 1 5 
5 8 7 56 6 
14 43 12 3 9 1 
1 61 20 
2 80 
47 8 20 3 1 2 1 
2 58 20 1 1 
9 17 29 13 2 6 1 1 2 2 
1 16 45 9 8 3 
1 7 49 8 10 6 1 
1 47 22 7 4 1 
12 67 3 
2 2 23 46 2 2 3 2 
10 4 60 1 4 1 2 
1 74 2 5 
1 53 20 4 3 1 
13 63 5 1 
1 11 56 12 1 1 
1 48 10 8 14 1 
8 9 39 14 6 6 
33 40 1 4 1 2 1 
1 78 2 1 
17 65 
2 9 71 
51 20 10 1 
2 12 67 1 
2 46 22 2 4 2 2 2 
6 12 25 26 3 6 4 
4 13 36 6 15 6 2 
3 59 12 3 4 1 
4 16 17 26 12 2 1 2 2 
1 23 26 30 1 1 
19 59 3 1 
3 61 5 10 1 2 
25 39 12 6 
1 40 23 3 15 
1 1 39 1 17 14 4 2 1 1 1 
30 31 18 2 1 
9 65 5 3 
1 4 66 8 2 1 
9 20 21 30 2 
1 38 43 
5 44 22 10 1 
3 1 26 46 1 4 1 
1 36 40 5 
5 71 3 2 1 
2 46 3 31 
30 12 7 9 2 1 15 6 
43 9 30 
26 30 7 17 2 
1 32 34 12 1 1 1 
49 12 6 9 5 1 
1 32 35 11 3 
7 65 6 3 1 
15 12 36 17 2 
1 77 4 
3 14 55 9 1 
1 39 25 7 4 5 1 
79 3 
14 35 15 17 1 
1 26 25 29 1 
1 3 9 59 4 3 2 1 
5 28 25 6 14 2 1 1 
1 69 12 
18 29 27 3 2 2 1 
1 29 13 2 31 5 1 
12 10 55 4 1 
5 53 12 11 1 
1 46 23 9 3 
1 32 11 8 27 2 1 
14 38 25 5 
2 16 29 25 6 3 1 
1 17 3 10 38 9 4 
4 32 39 1 2 3 1 
1 19 1 29 29 2 1 
2 19 11 12 12 4 18 2 1 1 
3 12 38 9 18 1 1 
1 75 4 2 
1 5 16 3 45 5 6 1 
41 2 24 6 1 8 
1 5 12 8 3 12 34 3 2 2 
1 47 10 7 8 7 1 1 
1 72 9 
2 64 15 1 
5 69 8 
36 16 23 1 4 1 1 
1 8 70 3 
1 65 3 3 10 
2 38 29 10 3 
58 17 7 
17 41 14 5 5 
8 12 45 9 7 1 
9 72 1 
25 44 6 7 
32 39 8 2 1 
1 73 6 2 
80 2 
72 9 1 
8 29 1 7 14 17 1 3 1 1 
1 65 3 13 
22 58 2 
1 77 4 
41 16 17 5 1 2 
2 35 6 1 17 3 3 12 3 
1 28 5 3 26 3 5 8 1 2 
11 56 1 14 
1 25 55 1 
8 32 21 9 2 2 3 2 3 
2 12 37 1 12 14 1 3 
1 80 1 
1 59 9 8 1 1 2 1 
8 64 10 
2 54 10 7 2 6 1 
17 17 33 12 1 2 
5 39 38 
3 7 67 1 2 2 
57 7 16 1 1 
1 14 37 18 11 1 
25 35 15 1 6 
2 20 23 10 26 1 
1 39 9 26 2 4 1 
14 40 20 4 2 2 
21 61 
5 26 1 23 11 16 
1 4 62 14 1 
58 4 19 1 
1 71 1 5 2 1 1 
30 3 33 16 
3 43 26 5 1 3 1 
82 
2 6 5 14 51 1 3 
15 57 6 4 
5 77 
2 9 14 44 4 9 
3 13 33 8 3 15 4 2 1 
1 46 18 9 8 
18 40 11 12 1 
29 52 1 
1 58 8 5 3 5 2 
6 69 3 2 2 
1 4 32 5 27 4 4 4 1 
1 47 31 2 1 
1 42 38 1 
1 34 47 
2 4 35 9 21 2 5 2 2 
1 10 21 33 11 4 2 
10 65 1 6 
1 4 72 2 3 
3 39 36 2 2 
1 34 3 28 6 9 1 
1 33 41 2 4 1 
1 47 13 14 2 1 2 1 1 
4 74 4 
1 55 25 1 
65 17 
48 18 13 3 
4 64 1 2 4 3 1 3 
9 41 31 1 
2 80 
1 45 11 20 5 
1 44 24 2 4 1 6 
3 60 11 8 
2 23 55 1 1 
3 44 4 30 1 
1 32 40 5 3 1 
1 50 2 25 2 2 
1 1 12 68 
1 9 56 8 4 2 2 
6 36 14 24 2 
2 69 4 4 3 
2 9 24 31 8 1 6 1 
82 
2 6 8 1 17 1 43 4 
64 11 7 
60 15 6 1 
17 50 14 1 
1 39 7 31 4 
1 45 36 
1 25 46 4 6 
2 45 20 8 7 
15 66 1 
1 30 50 1 
2 3 40 20 6 3 6 2 
24 8 6 14 4 19 4 1 1 1 
1 17 28 1 12 4 11 6 1 1 
1 13 12 44 7 3 2 
13 47 22 
1 36 40 1 4 
2 78 2 
1 55 26 
5 6 15 23 26 2 1 2 1 1 
5 33 20 1 11 7 2 3 
4 20 47 10 1 
1 17 31 12 14 5 1 1 
58 19 5 
26 48 7 1 
75 4 3 
1 77 4 
5 70 7 
17 35 30 
2 47 12 15 6 
4 12 20 8 3 10 18 2 5 
2 3 41 8 25 2 1 
9 19 7 31 10 1 3 2 
2 5 75 
1 37 8 32 4 
3 32 36 9 1 1 
5 54 1 21 1 
2 45 33 2 
2 25 27 21 3 1 1 1 1 
1 31 5 10 24 11 
1 28 11 11 9 16 1 4 1 
1 10 7 14 25 18 5 2 
5 4 26 38 9 
1 43 25 11 1 1 
6 1 2 38 24 5 4 1 1 
2 75 4 1 
1 25 8 41 3 3 1 
14 57 3 1 6 1 
60 8 9 3 1 1 
1 3 19 21 25 3 9 1 
2 71 7 2 
1 2 34 30 2 5 1 6 1 
11 44 26 1 
1 6 74 1 
2 55 9 6 10 
1 59 20 1 1 
56 14 7 4 1 
4 8 70 
1 30 29 17 1 3 1 
10 64 8 
26 5 51 
7 7 52 4 5 7 
82 
1 53 25 2 1 
1 27 4 14 9 13 3 2 7 1 1 
10 36 26 3 4 1 1 1 
80 2 
57 9 16 
1 34 33 10 3 1 
2 1 7 15 4 31 17 1 1 3 
7 75 
2 15 54 2 1 3 5 
1 44 20 5 8 4 
26 23 32 1 
1 52 5 6 15 2 1 
52 28 2 
6 52 3 6 5 1 4 3 2 
12 51 19 
3 23 7 6 33 3 4 3 
6 20 35 19 1 1 
1 78 2 1 
1 41 33 3 1 1 1 1 
3 36 30 5 1 7 
1 26 26 2 8 10 6 1 2 
7 44 12 8 4 6 1 
1 50 16 6 7 2 
2 61 17 2 
1 74 1 3 1 1 1 
46 36 
6 12 2 50 9 2 1 
1 59 4 2 12 2 2 
1 22 38 3 7 7 1 3 
1 18 6 3 42 10 2 
1 22 59 
2 76 1 1 2 
44 30 8 
6 54 20 2 
1 58 6 11 5 1 
1 11 28 28 1 2 1 7 3 
5 4 64 6 2 1 
2 57 4 8 2 6 3 
1 9 1 10 22 4 2 27 3 1 1 1 
1 48 29 1 3 
1 57 23 1 
26 52 3 1 
5 63 10 1 3 
82 
3 9 65 3 2 
1 75 1 1 1 1 2 
3 53 22 2 2 
3 9 54 2 14 
10 69 1 2 
1 31 25 5 8 9 2 1 
1 22 58 1 
1 51 30 
2 24 24 13 18 1 
1 76 5 
9 29 43 1 
44 26 8 2 1 1 
1 10 9 7 47 7 1 
64 4 1 7 3 3 
1 77 2 1 1 
1 48 20 7 6 
4 75 3 
2 56 1 12 2 5 3 1 
1 66 13 1 1 
2 15 27 23 7 7 1 
1 47 17 10 3 3 1 
14 36 11 13 6 2 
1 35 13 10 14 7 1 1 
3 29 2 10 31 5 1 1 
1 53 16 8 3 1 
3 13 55 7 4 
1 80 1 
2 8 23 3 1 29 1 5 8 2 
1 65 8 6 1 1 
1 9 45 9 14 4 
21 15 32 6 5 1 1 1 
44 21 15 2 
8 41 33 
1 65 13 1 2 
1 66 3 7 4 1 
1 2 15 64 
82 
1 28 2 48 3 
8 34 20 16 2 2 
2 19 14 46 1 
1 77 3 1 
1 78 3 
20 33 27 1 1 
19 31 18 1 7 5 1 
1 76 5 
1 14 65 1 1 
2 36 41 3 
5 31 14 18 11 2 1 
1 74 5 1 1 
1 26 4 27 21 3 
3 18 47 11 1 2 
1 51 25 1 3 1 
1 69 12 
1 27 26 7 21 
8 62 12 
37 7 9 23 4 1 1 
73 4 3 1 1 
5 71 3 3 
1 74 1 2 4 
7 45 13 12 5 
5 28 19 20 10 
1 58 23 
2 41 17 16 6 
10 71 1 
1 24 10 30 5 2 7 1 1 1 
3 43 36 
16 44 22 
5 3 10 25 10 3 6 20 
11 54 8 2 1 5 1 
33 39 10 
1 55 26 
1 78 1 1 1 
4 33 40 3 2 
3 12 36 8 18 1 2 1 1 
1 46 18 16 1 
1 63 7 11 
4 28 31 14 4 1 
8 3 39 1 23 4 2 1 1 
8 28 31 8 2 4 1 
1 22 23 31 2 2 1 
1 49 9 22 1 
1 35 8 9 29 
4 50 23 3 2 
9 45 1 14 2 4 4 1 1 1 
1 10 9 25 8 7 6 10 6 
35 10 22 15 
1 33 44 3 1 
1 60 6 7 6 1 1 
8 32 30 10 1 1 
3 63 15 1 
2 80 
3 10 46 19 4 
1 18 23 39 1 
1 11 48 20 2 
75 2 5 
6 55 12 4 2 2 1 
2 5 69 2 4 
6 75 1 
15 64 3 
1 51 16 9 5 
44 22 14 1 1 
1 47 26 8 
66 3 5 5 1 1 1 
2 4 60 16 
5 3 25 38 9 1 1 
7 49 9 3 2 7 1 3 1 
67 5 9 1 
24 37 6 6 7 1 1 
70 11 1 
13 58 9 1 1 
1 47 21 1 3 8 1 
18 22 37 2 1 2 
2 40 17 1 4 1 7 7 1 1 1 
11 29 8 31 3 
15 14 32 2 14 5 
11 54 9 1 2 4 1 
1 42 15 9 6 9 
3 34 11 14 15 4 1 
18 21 20 19 4 
1 51 21 6 1 2 
51 10 4 12 1 2 1 1 
3 30 48 1 
1 47 24 7 3 
2 58 21 1 
18 15 42 2 3 2 
1 72 8 1 
1 61 18 1 1 
1 64 13 1 2 1 
29 5 25 2 10 6 3 2 
3 34 23 4 5 2 5 3 1 1 1 
1 61 20 
9 37 16 13 1 2 2 1 1 
1 53 10 3 15 
3 43 28 3 1 1 3 
1 14 13 18 35 1 
1 75 1 1 3 1 
2 58 8 11 3 
1 42 28 7 1 3 
1 30 19 28 4 
1 5 48 10 7 1 5 5 
1 13 25 6 21 6 7 3 
1 65 4 8 4 
1 47 11 11 5 4 2 1 
4 54 24 
8 16 18 32 1 3 2 1 1 
2 38 7 22 10 2 1 
3 75 3 1 
3 41 11 1 10 3 10 3 
6 29 30 14 1 2 
1 69 12 
2 16 57 6 1 
6 54 9 11 2 
4 69 2 4 3 
3 53 21 5 
60 7 15 
5 30 47 
7 54 12 6 3 
16 42 24 
1 15 55 4 6 1 
1 30 13 13 2 16 7 
1 51 6 13 4 1 5 1 
2 11 3 44 5 17 
3 76 3 
1 59 17 3 2 
10 35 23 2 10 2 
3 5 61 7 3 3 
1 42 8 24 2 5 
2 29 26 14 5 5 1 
1 30 44 4 3 
3 29 13 15 15 7 
1 20 61 
1 40 14 6 15 3 2 1 
3 42 35 2 
2 9 22 24 4 8 1 4 3 2 1 2 
14 8 18 39 2 1 
53 28 1 
1 68 7 2 1 3 
6 57 19 
2 52 15 1 5 1 1 5 
5 23 27 3 10 6 4 2 1 1 
1 47 34 
2 45 8 15 4 4 4 
82 
1 48 26 1 3 2 1 
1 45 36 
3 41 16 13 6 3 
1 16 3 12 1 7 9 2 22 1 7 1 
1 36 39 1 3 1 1 
7 15 4 8 2 28 15 2 1 
2 38 35 5 2 
11 8 59 2 2 
63 4 15 
1 71 1 4 3 2 
9 21 51 1 
1 73 8 
1 23 26 27 3 1 1 
82 
4 38 12 28 
2 47 32 1 
1 6 62 10 2 1 
1 43 13 10 6 7 2 
13 57 10 2 
1 26 48 7 
1 74 5 2 
79 3 
1 53 27 1 
31 46 4 1 
2 40 35 4 1 
1 33 19 18 8 3 
5 58 19 
73 6 1 2 
2 53 27 
1 76 3 2 
2 55 14 3 8 
1 80 1 
1 67 2 7 5 
1 72 4 5 
1 16 42 3 20 
1 12 24 9 7 21 4 4 
63 6 6 1 4 2 
2 25 27 17 4 7 
23 33 14 5 2 2 2 1 
1 17 6 58 
9 25 2 16 4 1 20 1 3 1 
6 58 16 1 1 
19 7 7 36 7 1 1 1 3 
1 81 
1 31 40 5 3 1 1 
1 38 11 26 5 1 
3 48 18 1 10 2 
7 68 2 5 
10 45 27 
17 49 15 1 
1 80 1 
7 27 31 12 5 
1 6 9 45 2 18 1 
1 5 38 26 5 1 4 1 1 
1 39 21 2 1 6 9 3 
18 43 17 1 3 
79 3 
9 48 4 5 5 2 3 5 1 
50 12 15 4 1 
11 16 27 18 6 3 1 
3 76 3 
2 67 13 
26 38 13 1 3 1 
82 
3 32 6 37 4 
1 28 19 13 2 6 13 
2 28 37 9 6 
2 46 34 
2 75 1 4 
6 71 1 2 2 
1 77 4 
1 71 2 5 3 
6 32 44 
1 11 17 7 4 34 8 
43 28 1 1 1 5 3 
1 44 22 9 6 
60 17 1 2 2 
1 55 20 3 3 
11 39 32 
10 10 26 27 6 2 1 
15 60 5 1 1 
2 48 6 18 4 2 2 
1 59 7 1 8 2 1 2 1 
1 46 25 4 5 1 
2 37 1 11 31 
1 5 63 2 6 2 3 
1 1 67 8 4 1 
3 20 6 26 19 7 1 
1 37 37 1 1 1 3 1 
13 43 6 15 5 
1 4 39 10 5 15 4 3 1 
1 18 62 1 
2 34 27 1 10 3 2 1 1 1 
6 59 17 
1 38 5 34 4 
4 75 1 2 
3 51 16 3 2 4 1 2 
2 34 40 4 1 1 
1 65 16 
5 64 2 10 1 
5 3 6 27 41 
1 31 23 12 12 3 
2 26 37 6 9 2 
1 52 28 1 
8 18 5 46 5 
1 5 39 27 10 
2 36 9 25 2 7 1 
2 25 3 2 50 
82 
22 35 13 8 2 2 
1 50 12 14 1 2 2 
15 64 3 
1 54 10 4 13 
2 45 35 
1 5 46 19 1 1 2 5 1 1 
9 64 7 2 
31 49 2 
29 50 3 
7 60 1 13 1 
2 58 13 6 1 1 1 
45 18 17 1 1 
71 10 1 
2 60 14 1 2 2 1 
82 
2 73 7 
2 57 13 8 2 
1 25 4 35 15 1 1 
9 5 26 7 9 14 12 
9 13 55 5 
45 34 2 1 
6 55 16 2 2 1 
50 3 5 15 9 
3 71 6 1 1 
43 33 5 1 
1 75 4 2 
1 41 18 3 18 1 
2 17 56 7 
37 11 5 8 9 8 4 
6 30 12 12 13 2 5 1 1 
2 62 17 1 
1 74 4 1 2 
10 10 58 1 2 1 
1 15 62 1 2 1 
27 34 15 3 2 1 
15 21 5 15 8 15 2 1 
24 58 
22 51 8 1 
81 1 
70 8 1 3 
1 44 24 13 
13 60 6 2 1 
1 80 1 
10 36 29 7 
47 21 14 
1 70 11 
16 64 2 
1 33 25 22 1 
1 38 7 28 8 
1 78 1 2 
1 6 27 9 4 14 12 3 1 4 1 
2 7 21 44 3 1 2 1 1 
2 31 40 1 1 3 4 
6 27 49 
2 63 5 5 7 
4 29 40 6 2 1 
10 13 6 31 2 2 12 1 3 2 
1 78 1 1 1 
1 65 15 1 
59 17 6 
2 67 11 1 1 
63 12 7 
3 53 4 6 16 
1 80 1 
72 5 4 1 
29 45 7 1 
3 51 10 5 12 1 
1 75 3 3 
15 7 6 15 6 13 1 7 2 4 1 2 2 1 
1 30 26 11 1 13 
13 6 4 12 22 5 3 8 3 1 2 1 1 1 
2 30 50 
5 62 9 6 
4 71 4 3 
6 7 9 7 10 38 4 1 
30 1 30 7 1 2 7 4 
7 22 43 3 7 
1 45 36 
35 40 5 2 
41 29 12 
26 6 48 1 1 
1 74 3 3 1 
1 45 32 2 1 1 
1 70 10 1 
61 1 5 7 6 1 1 
22 48 2 4 5 1 
1 81 
1 55 4 2 13 3 2 2 
7 26 49 
1 51 28 1 1 
8 12 2 48 4 3 1 4 
2 44 4 17 2 1 5 6 1 
4 22 30 23 1 1 1 
1 45 8 7 13 3 1 4 
2 45 20 7 6 2 
1 24 17 33 7 
1 13 15 35 18 
2 22 15 43 
4 48 16 1 8 3 2 
3 50 29 
60 14 8 
1 80 1 
59 1 18 4 
1 65 13 3 
20 34 4 15 8 1 
24 34 24 
32 6 13 31 
4 51 13 14 
37 35 9 1 
1 21 6 6 29 13 1 2 3 
1 76 5 
6 54 6 2 1 3 5 2 1 1 1 
12 43 4 8 5 9 1 
1 2 59 18 1 1 
20 45 4 5 4 1 1 2 
4 10 66 1 1 
1 73 8 
4 36 30 8 3 1 
1 17 26 34 4 
1 81 
28 8 4 29 2 3 1 2 4 1 
1 81 
1 36 36 4 2 1 2 
2 24 56 
6 72 3 1 
1 43 36 1 1 
1 53 27 1 
22 17 26 5 3 2 3 2 2 
14 46 5 16 1 
1 12 21 26 8 1 11 2 
1 48 4 16 3 5 4 1 
3 18 15 23 23 
6 38 23 5 1 6 2 1 
1 17 58 6 
3 45 7 24 3 
1 8 35 9 29 
11 71 
1 6 1 18 20 10 16 10 
82 
2 34 46 
17 59 3 2 1 
3 69 5 2 2 1 
4 55 2 21 
8 31 21 1 13 8 
1 44 28 2 1 6 
3 61 16 2 
1 80 1 
1 17 46 15 2 1 
44 33 5 
6 23 18 23 11 1 
1 31 50 
2 5 43 4 21 3 1 1 1 1 
1 34 11 4 1 18 6 4 2 1 
1 5 23 6 19 11 10 1 2 3 1 
1 78 1 1 1 
11 18 35 13 4 1 
65 15 2 
51 9 13 4 3 1 1 
7 19 11 2 15 17 9 2 
1 54 5 13 3 1 5 
1 40 41 
40 17 6 11 4 4 
2 69 10 1 
1 79 1 1 
1 56 6 18 1 
1 42 30 2 3 4 
2 76 4 
2 19 29 7 2 9 11 1 2 
2 7 52 5 1 5 1 1 3 1 2 1 1 
1 40 28 12 1 
22 59 1 
1 21 57 3 
1 43 10 3 1 2 6 8 4 1 1 2 
39 30 3 10 
1 61 2 8 4 5 1 
1 21 51 8 1 
9 18 3 34 18 
82 
7 61 2 11 1 
2 68 7 3 2 
8 57 15 2 
66 11 5 
1 48 20 3 5 5 
2 28 37 8 3 3 1 
2 27 31 9 3 9 1 
5 74 3 
6 38 1 1 25 5 1 3 1 1 
7 62 7 4 2 
4 35 40 3 
1 26 36 7 4 5 2 1 
1 30 30 16 5 
6 8 47 7 13 1 
80 2 
3 60 2 16 1 
15 61 6 
1 56 24 1 
3 25 18 29 5 1 1 
1 30 32 16 1 2 
4 44 17 12 5 
4 48 30 
3 2 18 46 1 7 4 1 
1 10 40 18 3 1 2 5 2 
1 26 52 3 
3 53 25 1 
5 43 9 5 14 3 1 1 1 
1 6 23 15 12 7 2 1 5 1 9 
43 36 2 1 
1 41 36 2 2 
1 40 29 10 1 1 
1 43 36 1 1 
79 3 
8 45 8 21 
3 48 29 2 
7 52 6 3 11 2 1 
1 6 62 10 2 1 
4 14 58 4 2 
1 70 2 6 3 
1 35 20 2 11 7 2 4 
58 20 1 3 
7 14 4 50 7 
4 44 18 10 1 5 
7 72 3 
6 21 49 1 3 2 
68 13 1 
1 37 16 20 2 3 2 1 
1 6 28 17 8 18 1 2 1 
6 64 5 4 1 2 
1 39 22 15 5 
1 44 20 2 4 2 8 1 
1 4 65 1 7 2 2 
3 22 1 18 10 11 2 15 
2 32 38 10 
1 67 12 2 
1 58 3 1 2 1 3 8 1 2 1 1 
2 1 60 7 4 7 1 
12 65 2 2 1 
5 3 1 36 32 4 1 
1 57 10 5 9 
82 
36 35 4 2 1 4 
1 58 8 6 8 1 
54 10 9 4 4 1 
18 14 49 1 
1 38 33 4 2 1 1 2 
1 24 47 9 1 
66 9 4 1 2 
1 50 31 
14 37 28 1 2 
1 63 4 12 2 
1 28 53 
1 4 68 4 5 
2 63 16 1 
1 72 9 
3 13 41 20 2 2 1 
1 58 4 8 2 3 4 2 
3 75 4 
2 58 17 5 
1 64 15 2 
