2 55 13 4 8 1 
7 10 9 2 13 30 9 3 
1 46 21 5 10 
40 18 23 2 
2 78 2 1 
1 8 20 41 12 1 
2 73 7 1 
1 55 24 1 2 
2 19 17 7 2 12 4 16 4 
2 74 7 
50 12 9 6 1 2 1 1 1 
19 63 1 
1 9 69 1 3 
6 6 28 10 5 2 26 
4 23 55 1 
1 76 5 1 
1 16 50 10 2 3 1 
1 14 64 1 3 
1 69 7 2 4 
1 81 1 
1 61 21 
8 53 18 4 
2 70 5 5 1 
6 56 17 2 1 1 
2 34 11 11 10 1 4 9 1 
1 3 1 24 21 25 3 4 1 
1 56 9 7 9 1 
26 34 1 1 8 6 4 2 1 
1 32 20 1 9 3 14 2 1 
4 37 41 1 
2 65 5 9 2 
1 8 45 12 5 6 1 4 1 
3 34 46 
6 31 40 5 1 
7 61 15 
1 8 64 5 2 2 1 
3 38 7 22 13 
3 3 54 5 4 1 10 2 1 
2 54 5 3 16 3 
1 37 12 32 1 
41 12 29 1 
3 55 17 4 1 3 
2 28 17 10 12 8 5 1 
1 82 
6 22 6 37 7 4 1 
1 75 7 
8 18 52 1 1 2 1 
2 18 8 28 11 11 1 3 1 
67 7 7 1 1 
3 55 7 17 1 
7 10 57 4 4 1 
2 71 8 1 1 
32 28 2 21 
9 6 32 35 1 
3 45 28 5 1 1 
1 35 23 18 4 2 
1 15 2 26 7 5 14 10 2 1 
83 
1 39 6 29 6 2 
1 50 32 
3 13 47 4 7 2 5 2 
47 10 6 11 6 1 2 
1 52 17 11 1 1 
10 64 4 3 2 
2 52 1 25 1 2 
7 7 9 25 33 2 
1 3 77 1 1 
1 75 1 3 3 
3 51 29 
70 2 4 6 1 
38 43 2 
6 69 6 1 1 
5 12 31 3 29 3 
1 49 1 1 8 23 
76 4 2 1 
1 35 31 12 2 2 
2 34 11 19 10 4 3 
5 69 6 3 
24 39 11 3 2 4 
2 34 46 1 
2 59 10 2 1 7 2 
2 26 27 2 3 20 2 1 
1 68 11 3 
26 12 20 3 16 3 2 1 
1 49 22 2 4 5 
1 75 6 1 
13 32 17 20 1 
15 1 28 6 29 3 1 
1 37 19 17 9 
11 8 8 4 26 9 12 1 3 1 
1 79 1 2 
3 3 4 15 22 3 31 1 1 
1 30 33 13 4 1 1 
34 48 1 
53 25 1 1 2 1 
4 52 27 
2 80 1 
5 13 34 31 
1 48 5 11 10 1 3 1 3 
1 37 9 29 7 
1 59 8 9 2 4 
3 22 12 3 2 2 9 9 10 10 1 
1 27 44 5 1 1 2 1 1 
3 76 4 
3 19 24 1 5 27 1 2 1 
2 51 27 3 
2 24 18 4 5 3 17 7 1 2 
11 4 17 29 6 4 5 6 1 
1 21 47 1 2 1 10 
30 40 13 
3 40 13 22 5 
8 53 11 8 2 1 
3 14 52 6 5 3 
16 34 23 3 6 1 
3 14 17 18 1 30 
1 63 19 
27 29 8 19 
2 34 21 7 7 6 3 1 2 
39 3 16 3 3 15 1 1 1 1 
1 81 1 
1 63 5 12 2 
2 51 7 23 
3 14 49 4 6 6 1 
1 62 19 1 
28 33 12 5 2 2 1 
1 45 12 4 14 6 1 
7 25 34 5 7 1 1 2 1 
2 6 28 1 21 6 13 1 2 1 2 
2 80 1 
48 19 16 
1 13 51 17 1 
3 72 3 4 1 
3 45 4 25 5 1 
1 21 4 57 
7 49 22 5 
3 23 1 2 28 1 24 1 
1 49 8 15 1 7 1 1 
1 59 14 8 1 
1 50 29 2 1 
1 29 7 44 2 
1 33 26 2 6 8 1 4 2 
7 68 1 4 2 1 
1 30 35 15 1 1 
1 67 8 2 5 
18 43 1 17 1 1 2 
75 1 6 1 
1 41 38 1 1 1 
9 9 45 2 5 7 6 
1 7 58 2 6 4 4 1 
4 12 67 
4 45 4 10 15 4 1 
4 54 15 8 2 
1 21 34 16 11 
7 67 9 
14 42 2 12 1 5 4 3 
2 63 18 
78 5 
2 77 2 2 
1 8 22 3 10 13 7 8 3 7 1 
81 2 
56 10 5 11 1 
1 31 13 19 19 
2 54 27 
1 44 38 
8 47 22 6 
60 6 14 3 
4 54 25 
3 75 5 
3 44 2 5 6 11 5 1 6 
1 48 28 6 
4 79 
12 34 31 5 1 
1 67 14 1 
2 69 6 5 1 
6 52 3 16 6 
4 36 18 17 1 5 1 1 
1 68 7 4 3 
3 54 26 
5 50 27 1 
4 35 35 2 6 1 
1 41 23 8 10 
1 77 5 
1 20 61 1 
5 31 46 1 
1 10 7 46 18 1 
2 51 18 8 1 1 2 
1 66 8 4 4 
3 39 23 1 3 13 1 
1 43 23 7 1 6 2 
4 9 8 2 36 5 6 8 5 
1 5 64 6 4 3 
3 13 33 16 1 12 3 1 1 
1 43 1 10 18 3 6 1 
1 50 15 9 3 1 3 1 
2 74 7 
3 31 26 14 9 
1 13 28 30 11 
4 37 25 15 2 
1 43 3 8 27 1 
1 21 28 29 1 2 1 
28 26 3 24 1 1 
1 15 28 8 15 10 1 5 
2 63 16 2 
4 6 35 3 27 8 
42 23 16 1 1 
3 59 15 2 4 
1 49 1 31 1 
8 16 2 10 9 33 3 2 
1 56 18 7 1 
33 36 7 2 1 2 1 1 
2 34 1 40 3 2 1 
2 40 26 10 3 2 
1 19 54 5 4 
34 26 5 9 9 
1 57 12 4 7 1 1 
1 81 1 
21 15 39 2 4 1 1 
1 43 32 2 3 1 1 
7 66 5 5 
9 15 38 12 4 1 1 3 
1 42 13 17 5 3 1 1 
4 48 31 
1 26 54 2 
2 70 11 
83 
1 28 6 15 23 2 8 
1 79 1 2 
2 15 66 
1 20 7 23 8 6 11 4 1 1 1 
22 59 2 
1 12 1 35 5 18 8 1 1 1 
2 63 2 7 3 3 3 
33 40 4 3 3 
2 47 31 3 
1 27 29 21 5 
4 30 49 
2 43 8 17 8 5 
2 76 1 1 3 
41 39 3 
4 46 24 6 2 1 
1 47 2 5 6 4 9 2 3 4 
83 
6 54 23 
2 25 45 2 6 2 1 
1 32 28 9 12 1 
79 1 1 2 
6 2 2 18 15 34 3 3 
2 62 16 3 
25 53 4 1 
1 7 42 15 12 2 4 
1 14 49 2 13 4 
2 29 28 15 4 2 3 
31 33 6 12 1 
2 45 34 1 1 
11 54 13 3 2 
1 23 7 27 4 17 2 2 
1 23 13 11 14 18 2 1 
1 59 12 3 2 6 
5 34 10 5 20 5 3 1 
2 79 2 
74 1 8 
12 4 50 4 3 10 
1 9 70 3 
1 3 34 1 15 19 3 2 4 1 
11 36 23 9 3 1 
1 34 4 20 9 14 1 
10 68 4 1 
3 73 1 3 3 
1 28 39 11 4 
4 76 3 
51 31 1 
2 54 5 6 4 5 7 
2 47 30 3 1 
1 46 33 1 2 
6 48 21 2 4 2 
1 18 57 7 
2 60 7 13 1 
81 2 
1 74 8 
26 51 6 
1 59 23 
18 54 9 1 1 
4 47 4 4 23 1 
2 56 23 2 
2 42 39 
1 28 5 14 25 7 1 2 
24 46 2 7 4 
1 27 2 21 2 27 3 
3 68 8 4 
13 70 
3 72 4 1 3 
5 35 12 9 13 1 1 2 5 
1 62 2 12 1 2 1 2 
6 55 20 1 1 
1 38 16 5 10 1 7 3 2 
3 28 20 17 9 3 3 
3 36 44 
3 53 16 6 1 4 
1 14 2 38 27 1 
3 40 17 4 2 1 9 3 3 1 
48 3 11 16 4 1 
5 74 4 
8 36 8 9 5 7 5 1 4 
2 70 11 
2 43 34 4 
12 51 7 4 2 4 3 
1 16 45 8 12 1 
1 55 18 9 
80 1 2 
4 11 14 27 20 7 
2 6 39 35 1 
1 28 54 
1 74 7 1 
2 19 31 3 1 18 4 4 1 
7 45 9 11 3 5 1 2 
1 47 29 6 
1 51 29 1 1 
5 48 1 27 2 
20 46 3 5 4 2 3 
1 81 1 
1 5 50 26 1 
1 44 38 
6 13 13 1 6 23 21 
1 68 2 5 7 
1 59 14 4 4 1 
73 7 1 1 1 
42 4 16 4 4 4 5 1 2 1 
3 27 29 19 1 3 1 
26 53 4 
2 23 44 8 4 1 1 
7 69 1 1 5 
2 60 20 1 
5 52 15 10 1 
2 3 69 4 1 1 2 1 
2 63 7 11 
2 70 7 4 
38 37 8 
1 72 10 
2 63 2 16 
2 1 76 1 3 
4 12 18 32 7 5 3 1 1 
22 18 43 
54 13 6 5 2 3 
1 82 
1 65 2 12 1 1 1 
2 16 57 8 
83 
7 52 12 8 3 1 
27 54 1 1 
1 12 46 22 2 
1 74 6 1 1 
35 20 28 
4 12 67 
1 78 1 3 
2 14 46 4 13 2 1 1 
30 9 19 24 1 
1 66 4 12 
6 57 12 3 2 2 1 
2 67 6 2 3 3 
1 51 9 9 10 2 1 
1 12 4 26 6 8 19 4 3 
2 78 3 
3 72 8 
2 26 34 3 10 6 2 
23 51 9 
1 5 63 9 5 
1 56 19 2 3 1 1 
1 57 19 1 3 2 
1 24 58 
2 28 28 25 
1 50 20 6 5 1 
1 29 44 2 1 4 2 
1 30 30 21 1 
18 10 7 15 9 5 18 1 
2 22 34 5 6 7 1 4 2 
1 27 48 2 1 3 1 
6 1 1 24 43 2 6 
1 81 1 
1 76 6 
3 14 15 18 2 13 11 1 6 
2 19 13 7 11 3 25 2 1 
4 46 33 
2 44 30 5 1 1 
5 67 4 3 1 1 1 1 
71 4 5 1 2 
1 75 7 
57 18 6 2 
1 31 28 15 1 3 2 2 
2 43 21 6 8 1 1 1 
11 68 2 1 1 
2 35 25 11 7 2 1 
83 
6 25 11 3 13 11 13 1 
4 22 41 3 5 8 
82 1 
1 20 19 12 12 14 3 1 1 
1 20 47 13 2 
2 13 4 15 43 5 1 
6 70 4 3 
1 21 17 17 14 5 2 5 1 
1 66 16 
1 21 49 9 1 2 
1 33 3 14 24 4 2 1 1 
3 44 2 31 3 
1 53 20 5 2 2 
1 13 33 30 2 3 1 
10 32 33 6 1 1 
82 1 
1 78 3 1 
14 26 43 
82 1 
2 28 37 2 3 3 8 
1 19 40 6 12 1 4 
1 59 16 4 1 2 
2 81 
1 10 30 30 4 5 2 1 
1 20 51 10 1 
1 55 6 9 6 4 2 
3 60 12 2 4 1 1 
5 6 13 41 10 6 2 
1 3 46 5 10 6 5 1 2 1 2 1 
1 11 45 3 15 2 1 1 4 
1 77 4 1 
2 40 38 2 1 
17 25 19 6 6 1 3 2 3 1 
9 54 16 4 
2 2 15 52 11 1 
1 42 9 28 1 2 
2 10 29 23 14 2 1 2 
1 29 41 9 1 2 
31 42 7 2 1 
1 11 15 49 6 1 
1 13 58 11 
6 23 47 7 
2 59 11 1 10 
4 42 6 13 15 3 
1 77 4 1 
7 35 29 3 6 1 1 1 
2 62 19 
19 34 7 23 
1 20 16 37 2 1 1 3 2 
1 46 14 8 14 
1 32 31 13 1 3 2 
6 63 6 2 1 2 1 1 1 
3 65 11 2 2 
7 12 12 36 16 
4 13 13 47 5 1 
1 2 11 63 1 2 3 
6 18 33 13 3 2 5 3 
16 52 7 1 7 
2 43 8 29 1 
36 41 6 
2 48 5 26 2 
43 9 12 4 12 3 
1 29 5 27 11 1 1 2 5 1 
1 72 9 1 
1 38 27 15 2 
1 49 21 10 2 
20 13 33 13 4 
1 75 1 3 3 
1 47 18 7 10 
3 62 10 1 5 1 1 
1 74 3 5 
2 73 7 1 
1 63 19 
6 71 6 
1 36 19 23 4 
69 12 1 1 
1 7 52 5 6 9 2 1 
1 48 20 3 1 5 5 
21 43 2 8 1 8 
3 19 35 12 7 5 2 
2 46 11 24 
64 11 5 2 1 
1 41 28 5 7 1 
12 20 19 14 1 13 3 1 
1 59 7 13 3 
1 76 3 2 1 
5 20 35 5 12 1 5 
4 70 9 
1 58 24 
2 61 9 3 2 3 1 2 
10 13 45 1 9 3 2 
3 21 10 14 28 1 2 4 
1 15 19 23 19 6 
2 4 9 19 49 
1 63 13 2 4 
3 47 4 12 14 1 1 1 
5 32 28 8 2 5 1 2 
2 25 45 8 2 1 
1 1 42 18 4 17 
2 53 6 4 18 
1 19 11 52 
1 64 16 1 1 
79 1 1 1 1 
2 35 2 5 18 8 5 8 
3 76 2 2 
1 70 3 9 
1 77 2 1 2 
2 22 59 
3 50 3 15 7 2 1 1 1 
5 24 12 7 27 6 2 
7 39 10 4 14 8 1 
1 4 42 7 16 1 11 1 
1 37 29 1 6 3 2 4 
1 1 41 40 
15 13 16 8 18 2 3 3 5 
1 24 58 
1 33 47 1 1 
2 16 38 6 14 3 1 1 1 1 
4 17 5 46 8 2 1 
1 69 2 2 2 2 4 1 
2 7 39 8 2 15 4 6 
1 63 17 1 1 
2 20 18 2 1 37 2 1 
44 6 31 1 1 
1 25 25 29 3 
7 45 23 7 1 
1 15 67 
2 15 51 9 5 1 
1 46 22 1 4 2 5 1 1 
1 76 6 
3 72 8 
1 74 8 
1 42 38 2 
3 16 19 37 5 3 
58 10 10 5 
1 75 4 2 1 
1 24 34 5 6 9 2 1 1 
1 63 5 6 1 7 
1 39 2 17 21 3 
1 63 7 4 4 3 1 
3 51 4 8 8 8 1 
1 63 18 1 
1 71 8 2 1 
3 44 35 1 
1 43 39 
26 3 5 32 17 
6 24 47 1 4 1 
18 65 
7 34 32 5 3 1 1 
3 2 60 16 1 1 
2 28 39 8 6 
7 8 32 13 7 10 1 5 
4 61 8 3 5 2 
18 11 26 6 2 5 4 8 3 
2 80 1 
1 68 14 
1 67 11 1 2 1 
1 60 6 13 3 
33 15 10 4 10 7 4 
1 69 5 3 4 1 
1 33 8 40 1 
1 28 13 5 21 12 1 2 
1 4 9 47 20 1 1 
1 30 50 1 1 
4 34 31 14 
3 15 22 3 26 5 3 4 1 1 
46 3 1 15 3 6 4 3 2 
2 5 55 7 4 4 5 1 
2 49 32 
11 52 20 
1 57 19 2 3 1 
13 37 21 3 1 8 
12 52 13 3 3 
1 40 39 3 
2 27 8 29 5 11 1 
1 42 30 2 8 
3 38 10 6 13 4 9 
1 1 62 16 1 1 1 
81 2 
1 60 14 2 5 1 
4 2 5 47 2 17 1 2 1 2 
31 17 14 20 1 
4 12 33 9 4 8 12 1 
1 63 6 6 1 3 2 1 
3 79 1 
2 72 9 
8 6 63 3 3 
1 36 31 7 1 7 
1 67 6 4 2 2 1 
1 58 24 
35 47 1 
11 34 22 7 8 1 
5 6 13 24 23 10 2 
1 59 16 5 1 1 
4 50 3 21 5 
9 39 33 2 
1 34 34 7 2 3 2 
3 1 28 22 21 8 
4 6 61 8 4 
7 42 16 10 7 1 
10 60 1 4 2 2 1 1 2 
42 6 8 23 4 
6 67 10 
5 53 16 4 1 2 2 
1 39 19 13 4 5 1 1 
1 59 6 9 4 2 2 
2 56 24 1 
1 50 2 15 3 3 8 1 
10 33 12 14 5 8 1 
1 63 14 5 
1 45 33 1 1 2 
1 10 36 14 9 7 3 2 1 
1 39 27 14 1 1 
15 30 25 2 11 
1 68 14 
13 59 9 2 
7 27 40 3 2 4 
19 23 41 
1 54 28 
5 47 4 25 1 1 
1 7 7 21 13 15 12 4 3 
1 44 8 8 2 3 7 2 3 2 2 1 
47 17 6 8 4 1 
1 64 5 4 8 1 
3 59 1 9 8 1 1 1 
7 8 47 16 5 
2 16 65 
2 51 12 7 10 1 
5 58 14 1 5 
2 79 1 1 
1 60 22 
6 52 8 10 2 5 
1 31 7 5 38 1 
24 50 7 1 1 
4 27 51 1 
1 16 8 27 12 7 12 
5 58 20 
3 75 4 1 
1 18 3 59 1 1 
1 20 58 1 3 
9 68 6 
70 6 1 6 
3 52 28 
55 10 1 5 10 1 1 
53 5 5 2 18 
35 6 20 22 
1 45 18 9 4 2 3 1 
1 9 12 52 2 3 1 1 1 1 
3 31 31 11 6 1 
1 71 11 
45 24 2 7 2 1 2 
34 37 6 3 3 
11 49 5 10 3 4 1 
1 54 15 4 5 4 
1 56 25 1 
3 8 52 3 9 7 1 
1 12 39 30 1 
5 41 11 5 5 3 7 6 
2 44 11 10 2 3 10 1 
10 36 14 3 20 
1 51 30 1 
5 34 38 6 
3 37 43 
76 4 3 
6 31 38 2 5 1 
44 18 8 11 1 1 
7 65 9 1 1 
5 75 2 1 
9 14 9 12 14 15 3 4 2 1 
2 65 15 1 
1 9 9 16 17 12 1 12 5 1 
8 64 8 2 1 
5 36 42 
3 65 12 1 1 1 
6 15 39 23 
45 26 10 2 
7 26 33 9 4 4 
1 8 19 31 4 11 9 
32 19 8 15 3 5 1 
1 2 37 17 20 3 1 2 
1 8 30 15 8 1 12 6 2 
1 53 29 
5 34 21 1 20 1 1 
2 32 42 3 1 3 
3 72 5 2 1 
8 17 18 1 6 20 3 5 1 2 1 1 
1 75 7 
1 19 48 14 1 
1 21 58 1 2 
83 
5 54 19 3 2 
2 6 13 25 5 14 9 6 1 1 1 
49 3 5 23 1 2 
3 67 12 1 
1 1 18 13 26 17 4 1 2 
9 6 41 22 1 2 1 1 
1 49 18 9 6 
22 24 25 3 8 1 
1 24 27 25 6 
2 61 13 7 
3 31 49 
5 35 5 26 11 1 
8 69 5 1 
1 74 3 5 
2 60 9 7 5 
1 46 12 13 11 
16 59 8 
5 45 3 17 13 
1 37 7 8 20 5 4 1 
1 39 26 1 1 12 1 2 
13 35 17 12 2 4 
2 68 3 6 4 
3 68 6 6 
3 72 8 
7 56 3 7 7 2 1 
6 29 47 1 
34 21 18 9 1 
1 50 31 1 
15 35 19 2 1 4 1 1 4 1 
1 34 31 13 4 
4 11 4 36 8 10 2 4 2 2 
43 20 6 6 8 
7 64 1 2 9 
2 72 9 
1 72 1 3 2 3 1 
6 73 4 
1 72 7 2 1 
1 41 23 2 5 5 1 1 4 
4 17 31 17 10 1 1 2 
5 53 23 1 1 
3 72 7 1 
2 26 8 31 3 6 1 2 2 1 1 
3 67 13 
2 29 50 2 
1 24 3 14 11 22 5 1 2 
1 13 69 
1 68 12 1 1 
1 14 50 5 13 
2 73 1 7 
1 8 44 24 6 
43 18 3 11 3 2 3 
5 73 3 1 1 
83 
1 56 24 1 1 
1 21 43 6 5 7 
1 40 4 6 31 1 
2 42 32 7 
4 52 27 
2 23 3 19 33 1 1 1 
1 44 31 1 1 3 1 1 
5 54 4 4 2 1 8 2 3 
21 44 16 1 1 
2 55 14 4 1 7 
1 72 9 1 
1 4 26 12 19 12 9 
1 35 44 1 2 
1 58 24 
61 3 12 1 6 
1 74 8 
1 76 3 2 1 
1 43 39 
1 39 26 8 6 3 
1 17 60 3 2 
8 39 26 9 1 
2 41 23 4 7 1 4 1 
22 29 27 5 
1 31 32 14 1 4 
1 59 8 9 4 2 
30 21 22 4 2 4 
1 66 2 1 7 4 1 1 
4 65 8 4 1 1 
4 74 5 
3 63 17 
1 33 38 7 3 1 
1 21 59 1 1 
2 2 31 1 15 21 3 1 3 2 2 
15 22 1 44 1 
2 18 25 16 8 3 1 2 4 2 1 1 
83 
1 57 25 
1 29 3 2 25 1 15 1 2 4 
8 8 27 26 12 1 1 
2 9 55 17 
8 75 
2 43 27 6 3 1 1 
2 34 38 2 1 1 1 3 1 
5 71 2 2 2 1 
1 4 5 24 17 1 24 3 1 1 2 
1 29 47 2 4 
62 7 7 2 4 1 
1 53 8 17 4 
1 56 9 11 2 1 1 1 1 
1 78 4 
1 70 7 4 1 
1 54 7 2 16 3 
4 14 41 1 5 1 1 6 7 1 2 
15 3 19 22 8 11 5 
4 43 11 16 7 2 
1 55 15 8 1 2 1 
17 11 47 8 
2 7 21 53 
1 29 12 15 13 5 5 1 2 
3 15 61 1 3 
13 69 1 
1 68 12 1 1 
6 32 45 
2 13 20 33 7 8 
1 59 17 5 1 
1 55 25 1 1 
1 47 15 16 3 1 
12 50 12 4 4 1 
3 5 21 48 2 3 1 
2 54 19 3 5 
1 5 64 10 3 
15 58 3 7 
1 15 36 7 2 19 2 1 
4 71 4 4 
29 40 14 
71 11 1 
1 70 7 5 
3 8 10 48 8 6 
1 15 10 18 22 6 3 1 2 1 4 
7 73 3 
6 74 2 1 
3 77 2 1 
1 47 3 29 3 
13 40 9 20 1 
29 45 1 2 2 4 
1 45 30 5 2 
1 74 4 1 1 1 1 
5 23 55 
2 70 6 4 1 
35 30 11 3 4 
2 23 7 46 1 3 1 
6 20 23 23 5 5 1 
1 80 2 
2 77 1 1 2 
1 19 9 3 10 13 8 2 12 3 2 1 
2 79 2 
1 45 11 22 4 
1 16 52 10 4 
2 4 35 4 12 12 1 7 2 1 3 
1 27 15 23 14 2 1 
20 57 6 
5 15 58 4 1 
1 81 1 
1 13 44 17 2 6 
1 58 24 
1 58 5 18 1 
8 22 11 7 3 22 4 4 1 1 
22 57 4 
1 50 9 14 4 5 
33 30 14 4 2 
1 36 20 2 9 3 10 2 
34 45 3 1 
1 68 8 5 1 
1 67 15 
9 52 14 8 
7 54 17 2 1 1 1 
6 15 45 16 1 
1 42 40 
4 56 20 1 2 
2 10 36 2 7 7 6 9 2 1 1 
49 33 1 
5 34 32 6 6 
5 63 5 8 1 1 
3 44 25 1 4 6 
5 42 34 1 1 
81 2 
6 13 47 1 1 4 7 2 1 1 
81 2 
6 56 3 1 4 6 7 
1 6 38 22 11 2 1 1 1 
1 12 56 9 1 2 2 
1 10 72 
1 41 29 9 1 1 1 
34 29 20 
5 61 7 1 7 2 
13 16 29 4 13 3 2 2 1 
1 73 4 4 1 
2 64 1 2 13 1 
3 59 20 1 
4 40 16 9 8 4 2 
32 36 3 8 2 1 1 
3 14 30 28 2 4 1 1 
53 22 2 1 3 1 1 
6 17 11 39 2 1 7 
15 47 21 
2 12 7 55 7 
28 24 31 
1 74 6 2 
16 19 39 6 3 
12 50 15 1 4 1 
1 73 6 1 1 1 
12 60 1 1 5 3 1 
1 24 8 27 3 8 2 2 3 5 
1 46 13 14 6 2 1 
1 80 2 
4 33 18 2 23 1 2 
39 43 1 
17 54 4 1 1 2 2 2 
6 35 27 10 3 1 1 
29 33 11 5 3 1 1 
4 11 21 24 11 1 11 
3 50 2 3 25 
3 53 18 2 5 1 1 
1 50 4 24 1 2 1 
1 43 33 4 2 
6 65 8 2 2 
1 58 9 1 5 9 
1 8 38 24 1 4 1 3 3 
57 26 
1 57 9 8 4 4 
1 67 3 5 6 1 
43 17 20 2 1 
2 23 42 15 1 
1 25 49 2 2 1 3 
1 28 40 4 10 
1 55 26 1 
4 13 46 11 2 4 2 1 
16 67 
1 54 18 4 4 2 
2 72 1 7 1 
2 66 12 1 2 
2 75 4 1 1 
11 17 19 31 1 4 
21 43 18 1 
1 32 48 1 1 
2 4 38 30 1 5 3 
79 3 1 
2 64 17 
1 49 15 5 5 4 3 1 
1 78 2 2 
1 29 21 25 7 
4 56 2 7 8 1 2 3 
1 53 7 9 13 
3 55 10 2 6 3 2 2 
46 30 3 2 1 1 
5 6 10 2 17 10 9 19 1 1 3 
82 1 
1 82 
1 71 9 2 
15 4 52 11 1 
77 3 2 1 
73 8 2 
3 79 1 
1 67 5 10 
1 65 14 1 2 
2 10 30 1 11 4 9 7 6 2 1 
59 3 21 
47 30 4 1 1 
1 67 8 5 2 
1 73 8 1 
2 63 12 5 1 
7 57 12 4 3 
1 39 33 5 2 1 1 1 
1 58 9 14 1 
2 60 21 
49 10 23 1 
1 10 31 4 1 11 8 2 8 3 4 
2 48 20 10 2 1 
3 1 34 34 4 7 
1 31 47 4 
1 27 17 14 4 15 2 3 
1 75 7 
1 73 8 1 
4 47 17 13 1 1 
3 60 7 12 1 
2 49 4 16 2 7 3 
1 28 8 40 4 2 
13 64 6 
1 20 17 14 17 12 2 
1 73 4 3 2 
1 66 6 10 
1 21 25 25 5 2 4 
1 7 52 8 7 1 7 
5 41 2 27 8 
55 14 12 1 1 
8 37 9 4 3 12 2 5 2 1 
4 63 16 
7 20 17 30 8 1 
6 30 45 2 
16 29 8 28 1 1 
7 6 54 4 6 5 1 
7 1 15 29 9 20 1 1 
52 17 13 1 
1 39 40 1 2 
1 14 63 1 4 
2 43 33 1 4 
1 51 9 15 1 3 1 2 
3 68 12 
1 41 11 5 19 5 1 
1 21 61 
80 2 1 
2 78 1 1 1 
30 4 16 6 24 3 
1 18 13 1 37 11 1 1 
1 62 15 4 1 
67 7 2 4 2 1 
9 28 41 1 4 
1 11 9 13 27 5 4 9 1 1 1 1 
83 
82 1 
83 
1 6 15 12 20 13 5 4 4 3 
14 29 7 24 7 2 
1 28 6 25 4 12 3 3 1 
1 47 7 4 15 1 4 2 1 1 
4 74 1 3 1 
5 72 6 
1 55 27 
2 22 37 2 19 1 
4 77 2 
10 4 48 13 3 1 1 2 1 
42 16 22 2 1 
1 52 3 12 14 1 
1 67 4 1 5 5 
1 3 38 12 6 17 6 
2 47 33 1 
2 45 24 6 2 4 
1 43 39 
66 2 6 6 2 1 
49 28 3 1 2 
76 6 1 
1 1 11 3 62 1 3 1 
2 51 29 1 
1 41 38 1 2 
1 80 1 1 
4 65 13 1 
1 20 6 55 1 
1 20 60 1 1 
45 16 11 5 5 1 
12 51 16 1 2 1 
2 28 12 15 9 7 6 2 1 1 
2 64 13 4 
1 6 11 4 8 26 6 7 4 3 7 
48 4 31 
14 65 1 1 1 1 
2 31 31 9 7 3 
5 73 1 4 
1 47 25 1 3 6 
2 44 36 1 
1 66 11 1 3 1 
3 34 12 34 
1 46 5 23 8 
1 31 20 8 2 18 2 1 
1 7 15 58 2 
1 49 25 4 3 1 
2 14 30 9 2 10 2 11 1 2 
14 66 2 1 
8 19 19 5 21 9 1 1 
13 55 15 
2 11 11 39 19 1 
1 50 22 9 1 
50 17 11 2 1 1 1 
1 70 3 6 2 1 
1 81 1 
1 61 19 2 
6 62 11 2 1 1 
1 73 9 
4 40 16 11 2 5 2 2 1 
11 36 17 3 4 8 1 2 1 
4 54 25 
3 52 11 13 1 1 1 1 
1 69 8 4 1 
1 31 40 11 
1 34 48 
3 62 5 1 2 2 3 2 2 1 
1 15 42 7 18 
1 26 28 4 9 2 5 2 6 
1 30 8 36 8 
79 3 1 
83 
7 56 17 1 1 1 
1 48 28 2 2 2 
1 74 7 1 
30 43 8 1 1 
14 1 54 9 2 2 1 
1 25 23 4 9 6 7 3 4 1 
1 82 
2 40 12 3 20 2 4 
26 56 1 
1 75 2 5 
1 12 13 6 19 5 13 9 5 
2 56 8 6 11 
2 74 6 1 
3 62 17 1 
1 36 27 9 4 2 3 1 
2 47 7 9 12 6 
2 69 12 
3 77 1 2 
2 19 12 34 8 5 3 
1 51 26 4 1 
9 72 1 1 
3 66 11 3 
38 5 12 22 6 
1 40 42 
23 49 10 1 
1 81 1 
2 53 18 1 8 1 
2 59 22 
1 52 27 3 
2 57 4 1 1 11 2 2 1 1 1 
2 33 4 23 7 7 4 1 1 1 
6 19 9 40 3 4 1 1 
1 10 29 12 8 9 9 4 1 
2 73 8 
1 25 6 19 22 5 4 1 
3 58 14 4 1 1 2 
5 56 12 3 3 1 3 
3 25 17 32 3 3 
59 5 3 1 15 
1 62 20 
60 11 5 7 
62 9 5 4 1 2 
1 77 5 
16 29 37 1 
10 39 14 19 1 
4 34 22 1 4 12 6 
5 75 3 
1 50 31 1 
1 8 61 9 4 
1 29 16 20 15 2 
38 9 9 19 5 2 1 
14 2 40 2 20 2 1 1 1 
1 59 20 2 1 
1 72 9 1 
12 4 42 23 1 1 
2 58 10 5 6 2 
13 63 3 1 2 1 
1 70 8 3 1 
12 36 23 6 6 
17 18 31 17 
1 48 26 7 1 
1 10 55 1 13 1 2 
4 3 62 12 1 1 
2 42 23 8 5 2 1 
1 10 16 29 8 7 4 8 
18 27 6 15 7 5 5 
14 38 8 6 16 1 
2 40 14 22 2 3 
1 48 16 6 9 3 
1 47 33 2 
1 20 28 29 4 1 
3 41 33 2 1 1 1 1 
1 75 7 
1 62 20 
2 34 43 4 
1 24 40 17 1 
1 1 48 19 11 1 1 1 
23 34 24 1 1 
2 23 49 2 3 1 3 
1 15 22 18 27 
3 5 37 6 14 7 5 4 1 1 
1 16 42 1 21 2 
16 14 10 2 25 11 5 
1 63 18 1 
36 41 6 
3 74 5 1 
1 67 7 6 2 
8 19 32 9 12 3 
11 8 10 45 3 6 
1 34 11 36 1 
1 21 26 30 4 1 
3 29 42 1 1 6 1 
2 19 62 
1 57 19 5 1 
1 20 52 3 1 6 
1 62 1 10 7 2 
2 61 19 1 
13 28 22 6 14 
3 70 10 
2 66 13 2 
1 58 20 3 1 
1 28 28 25 1 
1 78 4 
4 73 6 
2 80 1 
1 38 12 24 2 4 1 1 
1 33 42 4 1 1 1 
1 31 48 3 
1 5 34 3 6 34 
1 67 11 4 
9 64 2 1 1 4 2 
3 62 3 6 9 
2 44 1 19 7 6 4 
2 31 26 12 9 2 1 
4 66 12 1 
23 22 17 18 1 2 
4 5 25 27 5 7 1 2 5 2 
2 27 36 10 6 2 
13 48 22 
1 54 7 16 2 1 2 
1 49 28 4 1 
18 55 4 2 3 1 
1 21 5 28 15 10 2 1 
3 59 21 
3 1 74 5 
18 43 7 7 1 1 3 3 
60 5 11 7 
2 76 5 
4 65 13 1 
83 
2 48 26 4 3 
4 42 24 8 5 
1 53 3 15 8 2 1 
1 61 4 5 5 6 1 
20 51 2 1 2 3 2 1 1 
8 35 5 28 6 1 
1 53 27 2 
1 34 27 18 1 2 
1 61 20 1 
20 33 9 4 4 12 1 
22 1 8 45 4 1 1 1 
20 24 15 16 6 2 
1 30 52 
11 28 21 16 6 1 
1 66 12 3 1 
7 48 17 3 5 3 
78 2 2 1 
1 3 59 19 1 
1 1 4 62 2 7 4 2 
1 35 21 6 1 3 13 2 1 
10 23 7 37 5 1 
1 82 
9 12 28 3 3 15 5 4 4 
1 43 27 4 1 2 2 1 1 1 
1 14 35 32 1 
5 63 2 10 2 1 
2 37 28 14 2 
7 66 8 1 1 
21 41 2 18 1 
1 14 59 2 4 1 2 
3 27 38 10 5 
1 12 16 10 25 3 16 
1 75 4 2 1 
1 36 25 8 1 9 3 
1 8 37 8 6 9 9 1 1 3 
66 5 5 7 
34 11 8 21 4 2 3 
1 47 15 13 5 2 
3 59 13 6 1 1 
1 6 16 26 4 8 11 4 3 3 1 
2 47 18 5 3 4 3 1 
64 14 5 
1 40 40 2 
5 24 49 3 2 
5 36 15 14 13 
1 27 21 34 
14 68 1 
1 18 63 1 
38 20 9 11 2 2 1 
1 53 24 4 1 
2 38 4 5 22 1 10 1 
6 54 23 
9 30 44 
3 11 60 2 3 3 1 
3 53 6 14 4 2 1 
1 45 9 14 5 4 3 1 1 
1 53 3 19 6 1 
2 57 9 9 1 2 2 1 
10 15 8 9 39 2 
1 46 30 6 
29 35 11 3 1 2 2 
1 7 10 12 10 2 13 6 6 1 5 1 5 2 1 1 
7 32 16 4 23 1 
2 14 67 
10 53 12 2 6 
66 16 1 
14 66 1 1 1 
1 29 23 24 6 
18 27 37 1 
1 62 16 4 
5 40 27 11 
10 7 56 9 1 
4 3 45 2 29 
12 51 7 7 6 
82 1 
1 77 3 2 
35 2 38 1 7 
2 67 14 
4 79 
1 60 20 1 1 
3 70 1 5 1 1 2 
4 68 4 7 
1 18 11 3 39 11 
5 6 5 46 4 8 2 1 3 3 
18 29 32 3 1 
1 39 37 1 5 
13 34 6 8 16 4 1 1 
18 34 25 2 1 3 
6 39 3 5 9 11 6 1 2 1 
39 33 6 2 2 1 
1 71 11 
7 43 14 5 2 1 1 4 4 1 1 
70 5 7 1 
9 5 12 32 17 7 1 
1 42 22 5 10 2 1 
3 20 56 2 1 1 
4 13 16 9 3 1 28 4 3 1 1 
40 36 4 2 1 
36 21 1 13 3 1 6 1 1 
2 30 32 7 12 
14 29 39 1 
1 21 12 33 14 1 1 
2 30 4 36 11 
11 58 3 11 
2 17 35 14 10 3 2 
1 56 26 
1 24 27 18 13 
2 45 19 10 2 5 
1 12 68 2 
16 37 27 2 1 
2 28 12 1 36 2 1 1 
2 14 54 11 1 1 
4 49 2 26 2 
1 10 11 32 25 4 
5 69 4 2 3 
1 2 80 
13 30 20 5 4 2 6 1 1 1 
2 75 5 1 
1 22 60 
1 11 10 18 15 2 8 8 4 5 1 
1 8 67 2 1 4 
1 8 37 16 16 5 
1 22 9 10 15 8 11 5 2 
4 69 1 5 1 1 1 1 
1 57 18 4 1 1 1 
2 32 7 17 14 7 3 1 
4 31 47 1 
1 58 23 1 
1 80 1 1 
4 52 22 2 2 1 
2 81 
3 64 10 2 4 
1 59 20 1 2 
2 26 55 
8 11 23 22 2 13 4 
1 81 1 
1 67 5 10 
1 47 18 14 3 
1 31 9 11 25 1 1 3 1 
1 49 8 21 4 
3 28 22 25 1 1 1 2 
1 32 46 2 2 
1 42 36 2 2 
2 68 11 1 1 
1 28 20 27 2 3 2 
13 27 32 10 1 
56 9 17 1 
81 1 1 
1 75 6 1 
1 3 45 3 27 2 1 1 
13 57 9 4 
2 81 
7 2 63 7 1 3 
28 33 22 
1 45 13 18 2 2 2 
19 41 10 1 11 1 
1 76 5 1 
1 38 26 13 5 
39 44 
1 78 1 2 1 
58 19 4 1 1 
1 17 55 10 
2 45 31 4 1 
1 72 10 
5 64 1 12 1 
2 81 
3 62 3 3 2 9 1 
57 23 2 1 
1 79 2 1 
6 28 7 30 2 3 3 2 1 1 
8 47 26 2 
45 6 17 11 2 1 1 
18 64 1 
1 44 25 7 1 3 2 
21 26 30 6 
83 
1 62 12 3 4 1 
3 72 6 1 1 
1 8 64 6 4 
19 59 3 1 1 
55 15 2 3 3 1 1 1 2 
5 9 13 45 11 
2 29 19 19 13 1 
11 1 62 7 2 
12 65 2 2 2 
1 50 32 
6 28 4 34 2 3 4 2 
2 27 9 26 9 7 2 1 
1 81 1 
1 52 21 8 1 
1 73 2 5 2 
2 57 19 3 2 
3 68 7 1 1 1 1 1 
1 60 22 
1 39 17 18 6 2 
1 81 1 
54 3 3 5 6 5 4 2 1 
59 2 22 
1 72 8 1 1 
2 41 34 2 2 1 1 
9 29 37 8 
1 34 12 4 11 4 14 2 1 
56 22 1 1 3 
2 70 9 2 
1 51 19 3 6 2 1 
13 34 10 12 4 2 8 
2 2 47 11 12 5 2 1 1 
2 65 16 
22 37 23 1 
3 65 1 13 1 
2 50 15 5 3 1 1 5 1 
7 36 7 16 12 5 
2 31 5 7 38 
1 49 33 
7 35 26 12 3 
1 16 26 1 10 17 8 3 1 
2 60 20 1 
27 9 34 9 3 1 
1 11 17 2 1 22 25 4 
2 11 24 38 8 
82 1 
1 56 19 4 3 
2 38 30 10 1 1 1 
2 41 7 18 1 5 6 1 1 1 
1 70 7 4 1 
6 53 16 6 1 1 
3 49 20 9 2 
2 72 5 2 1 1 
2 4 26 8 22 10 8 2 1 
1 69 7 4 1 1 
39 42 2 
1 59 7 12 2 2 
1 74 7 1 
6 71 6 
1 69 12 1 
40 41 2 
66 8 7 2 
1 23 33 8 7 2 9 
15 59 2 4 1 2 
1 79 3 
5 44 20 5 5 1 2 1 
2 65 10 5 1 
1 52 30 
1 41 9 4 4 9 14 1 
1 70 9 3 
3 48 11 3 4 9 5 
21 27 35 
2 13 38 12 15 2 1 
29 33 10 8 1 1 1 
15 50 18 
10 66 4 2 1 
1 55 21 4 2 
4 74 5 
1 48 9 18 1 3 1 2 
2 11 61 2 7 
2 57 18 2 2 2 
4 21 9 21 2 21 1 4 
2 52 15 12 1 1 
65 11 4 1 2 
2 64 12 4 1 
24 35 7 13 4 
80 3 
37 8 6 3 3 8 3 12 3 
4 70 6 3 
15 27 7 34 
1 63 18 1 
1 50 3 24 4 1 
2 11 56 4 6 1 2 1 
2 78 2 1 
8 29 32 2 6 1 3 1 1 
22 61 
1 67 8 1 4 1 1 
3 14 66 
1 31 51 
1 1 30 11 31 3 6 
10 68 5 
48 23 12 
1 5 51 19 4 3 
16 30 3 4 6 2 5 15 2 
15 49 2 10 2 1 3 1 
1 11 14 9 4 5 4 18 13 3 1 
2 18 35 19 6 1 2 
5 11 53 14 
54 26 2 1 
1 9 29 19 14 3 6 1 1 
1 8 17 31 8 8 5 5 
1 64 17 1 
4 30 32 7 10 
2 59 18 2 2 
3 39 20 12 6 1 2 
11 32 39 1 
1 70 12 
1 43 38 1 
1 68 5 7 1 1 
13 7 14 6 43 
15 57 7 4 
4 28 9 26 15 1 
4 71 3 3 2 
1 68 4 5 4 1 
5 6 13 33 18 1 1 3 1 2 
1 43 36 1 2 
7 1 21 54 
21 28 25 3 1 4 1 
1 79 3 
4 23 50 1 3 1 1 
1 31 30 9 12 
75 6 2 
15 10 16 32 8 1 1 
1 35 17 2 8 13 4 3 
1 69 12 1 
5 31 9 17 8 1 4 5 3 
39 40 4 
53 30 
83 
1 17 24 7 33 1 
3 4 19 54 2 1 
3 28 10 27 1 8 2 2 2 
11 41 25 4 2 
3 25 46 5 2 2 
11 65 6 1 
1 31 42 4 2 1 1 1 
1 39 26 1 16 
36 10 36 1 
80 1 1 1 
1 34 42 5 1 
1 68 12 2 
79 4 
17 38 6 16 4 1 1 
1 51 25 3 2 1 
1 43 24 10 3 2 
2 49 31 1 
1 23 45 6 1 7 
4 62 10 4 3 
1 21 14 9 22 10 2 4 
2 20 8 46 7 
1 38 39 5 
10 72 1 
32 43 8 
22 23 21 11 6 
1 52 20 2 5 3 
2 16 63 1 1 
1 62 3 7 6 1 3 
48 2 7 6 5 2 5 5 2 1 
5 48 14 3 4 6 2 1 
66 4 13 
1 68 12 2 
49 16 18 
1 78 4 
4 33 32 8 4 2 
7 16 5 31 14 3 6 1 
2 17 64 
1 7 8 15 34 1 2 7 5 2 1 
1 68 14 
61 6 14 1 1 
1 47 30 5 
1 77 4 1 
3 76 1 1 1 1 
29 51 1 2 
72 11 
1 73 4 1 3 1 
45 13 3 11 1 7 1 2 
1 82 
1 80 2 
2 1 13 41 11 8 3 1 3 
4 40 16 9 4 10 
1 30 52 
1 17 7 43 15 
1 22 30 10 15 3 2 
1 56 25 1 
7 57 11 2 6 
3 77 1 2 
77 3 2 1 
3 74 4 1 1 
5 68 6 3 1 
1 56 23 1 1 1 
1 42 34 4 1 1 
2 23 29 16 5 6 2 
4 31 9 32 7 
1 39 31 2 7 2 1 
1 60 22 
49 29 2 2 1 
1 69 1 10 1 1 
1 34 24 14 1 8 1 
1 52 12 11 1 6 
3 53 26 1 
1 6 29 8 2 31 6 
1 81 1 
1 56 13 1 3 1 7 1 
1 21 58 1 2 
29 13 22 1 13 2 1 2 
2 67 7 7 
26 51 4 2 
4 56 20 1 1 1 
37 38 8 
11 37 14 21 
8 13 55 1 1 4 1 
2 12 36 16 1 12 2 2 
2 75 5 1 
4 23 18 15 2 15 6 
1 82 
4 30 46 3 
1 11 68 3 
13 50 10 1 2 1 5 1 
1 19 50 3 10 
4 79 
2 33 11 14 9 11 3 
29 21 20 2 11 
65 13 1 2 2 
83 
3 19 37 1 23 
3 28 52 
1 52 23 2 2 1 1 1 
1 25 41 8 8 
1 62 6 3 2 9 
1 42 22 8 10 
1 23 16 22 21 
1 24 46 1 4 3 3 1 
68 15 
2 5 67 9 
37 5 18 5 9 2 7 
1 27 35 6 9 2 1 2 
83 
1 62 5 3 1 3 3 1 4 
2 36 30 2 9 1 2 1 
1 70 12 
8 56 18 1 
1 25 31 13 3 7 1 1 1 
2 21 1 30 6 4 10 2 5 2 
10 12 11 29 16 3 1 1 
1 14 60 2 6 
1 11 46 23 1 1 
6 58 5 8 2 3 1 
62 6 7 8 
2 66 15 
6 49 20 5 3 
3 53 5 17 2 2 1 
1 67 4 1 2 4 1 3 
9 52 18 1 1 2 
12 55 9 7 
10 61 12 
1 53 12 9 7 1 
24 11 21 3 8 6 2 2 5 1 
1 44 33 5 
2 40 28 9 4 
5 57 20 1 
3 69 5 1 5 
24 43 12 4 
37 6 17 23 
2 1 48 29 2 1 
1 20 44 13 3 1 1 
4 31 27 6 15 
1 73 3 6 
3 53 12 7 7 1 
1 26 49 1 2 4 
43 4 9 3 6 14 3 1 
1 65 4 12 1 
1 28 8 40 4 1 1 
1 37 27 2 1 11 2 2 
3 16 42 14 4 1 1 1 1 
1 79 1 2 
2 20 22 38 1 
6 32 39 2 4 
7 66 6 4 
19 59 5 
29 36 12 4 2 
4 43 6 24 3 1 2 
5 32 31 11 3 1 
1 73 7 2 
1 44 38 
3 6 43 29 2 
1 56 7 4 9 1 4 1 
5 33 44 1 
2 75 4 1 1 
17 45 21 
2 52 4 16 6 3 
20 4 52 4 1 1 1 
16 29 26 1 4 3 3 1 
1 37 26 11 7 1 
6 61 16 
2 2 66 11 2 
3 47 2 15 4 9 2 1 
61 1 20 1 
81 1 1 
1 22 53 6 1 
83 
2 21 44 10 3 1 2 
12 6 51 13 1 
1 57 9 13 2 1 
2 27 27 21 6 
8 15 49 9 1 1 
2 61 1 11 2 1 2 2 1 
75 6 2 
39 26 18 
1 7 75 
1 82 
4 37 18 5 14 3 1 1 
1 76 2 2 2 
9 51 7 6 3 2 2 2 1 
8 25 50 
1 26 9 27 20 
17 54 3 6 3 
5 57 21 
8 12 41 17 2 3 
1 71 2 6 2 1 
2 33 48 
1 56 19 5 1 1 
1 75 6 1 
2 13 6 42 7 13 
2 21 56 3 1 
1 72 6 1 3 
4 1 71 3 4 
1 3 68 6 5 
4 2 26 4 47 
28 29 26 
2 59 1 3 18 
18 46 19 
1 71 1 3 2 3 1 1 
1 71 2 9 
1 54 18 1 5 2 1 1 
2 62 19 
26 54 3 
2 81 
9 9 13 34 1 8 5 3 1 
10 40 14 17 1 1 
1 30 17 1 18 1 9 5 1 
2 69 10 2 
1 34 44 3 1 
6 70 6 1 
1 42 2 23 13 1 1 
5 25 18 15 14 1 3 1 1 
2 26 16 10 17 5 2 2 2 1 
1 72 5 3 1 1 
3 4 17 59 
1 79 1 2 
2 24 12 33 11 1 
7 75 1 
10 31 42 
11 51 6 13 1 1 
1 23 6 32 14 2 3 2 
30 33 17 1 2 
1 65 17 
3 39 26 8 1 4 2 
3 6 10 37 1 6 6 7 1 3 1 1 1 
1 43 32 1 6 
2 75 4 2 
1 17 8 20 20 15 1 1 
3 42 6 9 2 15 1 3 2 
6 17 32 6 2 10 8 1 1 
8 60 14 1 
1 13 27 25 17 
29 30 21 1 1 1 
2 19 19 30 1 12 
1 31 15 12 7 3 10 4 
3 61 4 5 3 4 2 1 
13 68 1 1 
1 37 2 9 10 2 21 1 
1 81 1 
78 4 1 
6 2 48 2 22 1 1 1 
7 37 21 2 13 1 2 
1 57 12 12 1 
5 17 14 7 25 14 1 
1 21 59 1 1 
1 30 52 
28 45 7 2 1 
1 5 62 4 2 7 2 
1 32 40 9 1 
1 26 18 30 7 1 
1 25 46 3 5 1 1 1 
81 1 1 
4 40 31 5 3 
1 49 1 5 22 4 1 
19 1 52 2 1 2 3 1 1 1 
1 68 7 1 3 3 
1 23 54 5 
5 46 21 5 5 1 
13 65 5 
1 75 1 2 2 1 1 
2 23 12 31 10 1 3 1 
3 70 3 3 1 3 
1 47 25 6 1 3 
13 53 16 1 
7 44 19 6 3 1 2 1 
39 42 2 
1 51 7 7 3 13 1 
1 40 10 6 4 19 1 2 
2 16 55 5 5 
4 59 11 8 1 
2 2 8 51 16 1 2 1 
1 81 1 
20 27 17 13 4 2 
1 44 30 8 
1 65 8 6 1 2 
3 19 48 3 8 2 
2 24 47 4 4 1 1 
1 17 44 12 8 1 
28 5 35 15 
3 79 1 
50 15 3 12 1 1 1 
83 
1 8 16 3 11 10 13 18 3 
4 6 21 37 15 
11 5 42 19 5 1 
1 72 6 1 2 1 
1 56 15 4 1 2 2 1 1 
5 16 3 28 3 9 16 1 1 1 
7 26 2 8 31 8 1 
7 16 37 18 3 2 
12 71 
1 65 3 13 1 
1 34 48 
2 36 17 22 2 4 
18 63 2 
61 15 1 3 2 1 
3 33 36 7 1 1 1 1 
21 54 8 
6 59 3 8 7 
4 76 3 
1 54 21 7 
10 23 13 6 15 10 4 1 1 
1 70 11 1 
3 10 41 2 6 6 15 
1 29 49 2 1 1 
2 43 16 13 9 
6 15 1 16 12 4 3 9 3 11 2 1 
1 29 3 22 28 
3 10 9 48 13 
4 10 47 15 1 2 1 2 1 
40 10 12 21 
12 71 
1 65 17 
7 45 26 1 3 1 
1 11 10 52 5 4 
1 5 36 9 27 5 
1 68 2 2 5 3 1 1 
4 60 3 15 1 
4 51 13 15 
4 23 50 1 2 3 
11 8 50 3 5 4 1 1 
1 75 7 
1 50 21 8 2 1 
2 28 34 11 5 1 1 1 
4 78 1 
1 57 22 3 
2 79 1 1 
19 54 10 
1 53 28 1 
1 37 37 5 1 1 1 
30 24 16 10 3 
1 33 19 12 5 6 2 4 1 
1 82 
1 36 1 31 3 1 4 3 1 1 1 
9 71 3 
67 12 4 
1 41 27 2 12 
1 53 11 4 8 1 4 1 
1 24 8 11 5 5 18 10 1 
10 12 58 2 1 
1 24 33 2 12 2 5 1 2 1 
2 72 5 3 1 
11 28 32 6 3 3 
3 27 23 11 18 1 
81 2 
9 29 3 6 35 1 
4 76 3 
1 50 24 3 1 1 1 1 1 
3 30 6 43 1 
1 6 73 1 2 
26 1 21 7 9 16 3 
73 2 6 1 1 
1 61 6 1 1 4 9 
70 1 9 3 
7 51 8 8 9 
1 49 11 6 13 1 1 1 
1 57 24 1 
3 30 42 2 2 4 
1 20 61 1 
1 63 6 7 2 3 1 
8 2 41 14 16 1 1 
2 9 15 43 8 3 3 
1 8 65 6 3 
1 30 33 11 4 1 3 
1 17 3 16 12 23 3 1 5 2 
47 10 9 14 3 
2 24 11 9 29 5 3 
1 10 55 12 2 2 1 
2 48 33 
55 18 3 1 6 
1 28 29 3 19 1 2 
1 70 9 1 2 
2 26 33 7 11 1 1 2 
1 80 2 
1 45 12 4 9 6 1 2 3 
1 63 15 3 1 
1 63 10 5 4 
1 9 1 22 24 6 10 3 4 3 
12 23 13 27 7 1 
1 71 2 3 3 1 2 
2 33 24 23 1 
1 19 32 16 10 1 1 3 
1 59 6 11 1 5 
1 78 4 
1 45 25 9 1 2 
15 49 16 1 1 1 
1 60 8 2 11 1 
1 49 2 30 1 
3 22 51 1 2 1 1 1 1 
49 9 5 2 8 7 3 
83 
1 60 7 11 3 1 
6 75 2 
3 29 51 
3 13 7 33 26 1 
46 4 25 8 
12 52 14 1 2 1 1 
2 70 2 6 1 2 
52 30 1 
5 69 7 2 
3 37 38 2 2 1 
1 8 30 38 6 
29 32 6 1 1 13 1 
3 80 
6 44 12 20 1 
2 72 8 1 
1 79 1 2 
1 32 43 7 
82 1 
1 34 20 28 
2 51 3 2 5 6 12 2 
4 50 27 2 
1 81 1 
4 1 19 21 3 14 9 5 2 1 2 1 1 
1 43 3 15 10 6 2 3 
83 
60 7 13 3 
1 2 66 4 1 3 3 1 1 1 
1 12 28 31 3 1 7 
3 15 15 20 25 3 2 
3 1 18 41 1 13 1 2 2 1 
1 1 44 4 8 8 10 3 1 1 2 
4 60 5 8 5 1 
3 13 66 1 
60 15 7 1 
1 52 8 4 4 3 10 1 
6 27 26 3 16 4 1 
2 54 27 
4 27 16 35 1 
16 4 57 3 2 1 
2 39 34 1 3 1 1 2 
2 46 21 3 11 
3 54 13 4 6 1 1 1 
1 17 40 6 10 6 1 1 1 
1 72 1 5 1 1 1 1 
1 36 11 7 11 2 10 4 1 
3 5 16 52 6 1 
3 13 9 18 40 
79 1 2 1 
2 58 23 
5 61 8 1 4 4 
10 44 7 12 3 7 
8 54 11 6 1 2 1 
3 42 38 
1 58 22 2 
3 79 1 
42 6 5 24 2 3 1 
1 11 47 23 1 
2 61 4 2 1 10 3 
6 74 3 
6 16 44 16 1 
29 6 4 10 20 5 9 
3 10 15 15 7 5 16 8 1 2 1 
2 10 47 10 8 3 2 1 
1 46 14 2 3 17 
5 68 9 1 
31 49 2 1 
3 25 55 
1 79 3 
3 33 19 28 
1 20 5 42 7 5 2 1 
2 73 4 4 
2 22 26 2 11 2 2 7 1 6 1 1 
3 1 32 29 2 7 1 2 5 1 
2 21 40 15 3 1 1 
1 13 62 4 1 1 1 
5 37 5 19 17 
3 8 19 50 3 
1 47 27 4 1 3 
6 24 51 2 
4 60 18 1 
1 35 30 7 7 3 
3 53 11 15 1 
2 12 53 11 4 1 
4 48 24 6 1 
13 5 60 2 2 1 
1 20 60 2 
15 59 4 4 1 
39 33 11 
2 4 66 6 5 
1 68 13 1 
1 61 21 
3 24 20 20 2 2 11 1 
1 58 21 3 
2 80 1 
4 13 31 5 21 6 3 
1 64 7 4 6 1 
69 6 7 1 
4 17 25 31 4 2 
8 46 3 5 4 3 9 1 1 3 
22 21 4 11 3 10 11 1 
9 51 11 7 2 2 1 
61 1 21 
4 14 24 27 8 6 
1 35 41 3 3 
2 44 11 25 1 
1 41 9 18 3 7 2 2 
2 13 23 41 1 3 
1 67 9 4 1 1 
7 40 31 3 2 
83 
2 20 24 19 2 4 5 7 
1 11 21 33 17 
1 62 16 2 1 1 
1 20 17 14 22 2 2 3 2 
1 11 36 28 7 
3 76 3 1 
1 48 18 14 2 
2 17 59 2 1 2 
1 74 5 3 
5 60 5 1 7 1 3 1 
8 58 8 9 
1 71 6 1 3 1 
9 20 15 16 4 19 
7 54 21 1 
2 57 8 9 1 6 
1 44 18 6 5 1 1 3 4 
4 37 5 34 2 1 
74 6 3 
65 1 5 4 7 1 
37 20 11 14 1 
6 46 20 1 5 1 4 
2 60 14 6 1 
3 21 39 10 4 3 3 
4 38 30 10 1 
5 26 50 2 
1 75 2 1 4 
83 
1 80 2 
1 5 37 28 9 1 1 1 
1 58 14 9 1 
1 36 25 3 15 3 
1 62 3 6 1 2 8 
21 19 27 9 1 6 
3 57 23 
11 44 23 5 
1 81 1 
2 24 24 32 1 
11 8 15 16 31 2 
3 22 50 3 5 
22 17 28 4 4 7 1 
2 29 33 5 4 1 9 
24 34 25 
3 69 11 
55 2 22 2 2 
1 77 1 2 1 1 
2 15 39 22 1 4 
34 40 5 1 2 1 
3 13 29 5 12 4 1 9 3 3 1 
1 27 40 8 7 
1 3 79 
1 25 45 1 9 2 
18 1 49 13 1 1 
2 33 13 12 1 20 1 1 
2 33 48 
2 15 57 2 3 3 1 
73 7 2 1 
56 14 12 1 
1 4 57 9 10 2 
2 48 8 4 4 3 7 1 4 1 1 
7 24 25 18 1 8 
1 77 1 1 1 2 
54 11 10 7 1 
1 1 80 1 
5 39 9 13 5 3 3 4 2 
1 63 19 
4 42 9 7 6 2 9 3 1 
8 35 12 11 17 
1 40 13 1 9 1 5 5 7 1 
3 49 14 8 2 7 
10 67 4 2 
11 12 29 16 15 
1 67 6 4 2 3 
1 49 21 10 2 
2 35 25 13 8 
4 31 5 2 22 9 5 1 3 1 
2 43 6 17 8 5 2 
12 4 55 3 3 3 3 
1 5 77 
1 43 36 2 1 
18 19 22 6 15 1 1 1 
83 
1 9 39 2 32 
1 52 20 10 
1 33 33 1 13 1 1 
13 23 32 3 4 3 1 1 3 
6 10 5 62 
1 68 5 7 1 1 
1 48 26 8 
1 80 2 
1 30 46 5 1 
5 31 7 24 4 3 6 3 
4 54 20 1 4 
7 38 17 11 8 2 
1 38 17 7 20 
2 57 24 
1 63 7 12 
1 50 11 11 2 6 1 1 
1 62 13 2 1 1 1 1 1 
16 11 28 14 11 2 1 
1 80 1 1 
1 65 2 3 4 2 6 
83 
1 74 8 
30 40 7 2 4 
16 21 30 11 1 1 2 1 
5 51 7 2 1 13 4 
8 48 13 9 2 1 2 
5 40 4 4 21 7 2 
1 37 23 10 12 
5 12 50 6 3 4 2 1 
8 58 11 6 
1 60 20 2 
4 46 32 1 
7 27 23 23 3 
4 35 39 5 
2 2 71 7 1 
10 27 9 5 26 2 2 2 
10 43 29 1 
3 38 7 28 3 2 2 
7 28 26 9 2 2 5 4 
15 40 9 9 9 1 
3 31 22 17 4 3 1 2 
2 66 14 1 
8 60 2 12 1 
17 27 33 6 
1 20 18 39 4 1 
23 33 1 23 1 2 
8 25 9 12 7 11 5 3 3 
42 15 20 3 2 1 
5 3 20 7 2 36 1 4 2 1 1 1 
4 23 39 5 1 3 7 1 
1 76 6 
4 15 14 27 21 1 1 
15 9 36 8 15 
47 7 4 14 11 
1 46 19 7 10 
5 6 49 11 11 1 
2 44 1 24 2 10 
3 1 11 43 2 5 13 3 2 
1 43 1 4 6 10 16 1 1 
28 17 21 16 1 
40 41 1 1 
1 69 2 10 1 
7 29 19 5 20 3 
2 65 12 1 2 1 
2 78 3 
1 35 17 9 17 3 1 
4 77 2 
7 64 10 2 
66 15 2 
6 55 22 
4 75 4 
1 27 55 
6 47 20 5 2 3 
28 34 10 7 1 1 2 
1 61 17 3 1 
1 46 36 
2 6 37 36 2 
6 38 32 1 6 
3 70 9 1 
81 2 
7 32 25 16 2 1 
1 58 15 9 
27 52 1 3 
6 50 21 2 4 
1 59 22 1 
50 5 12 4 12 
4 16 7 37 11 2 4 2 
2 63 1 7 8 1 1 
6 2 36 14 2 5 3 8 1 4 1 1 
2 74 7 
6 22 40 4 11 
1 17 25 7 9 13 7 4 
40 3 28 5 5 1 1 
1 34 1 12 26 9 
1 80 2 
2 62 4 13 1 1 
26 40 5 5 6 1 
56 1 26 
13 50 19 1 
21 17 21 14 5 2 3 
83 
34 27 21 1 
2 13 62 6 
61 3 3 13 2 1 
2 75 5 1 
2 45 32 4 
1 50 11 3 7 4 6 1 
1 37 16 9 8 9 1 1 1 
15 23 10 6 11 17 1 
1 41 14 8 8 11 
2 13 42 14 11 1 
4 18 55 5 1 
4 48 17 6 8 
1 14 10 48 3 7 
2 42 14 14 2 4 1 2 1 1 
6 46 1 28 1 1 
1 35 16 31 
1 18 7 3 42 7 2 3 
2 63 17 1 
2 26 42 2 5 4 1 1 
2 16 64 1 
1 33 45 2 2 
1 42 38 2 
1 9 18 1 8 22 14 6 3 1 
1 79 1 2 
1 20 37 17 6 1 1 
51 21 11 
1 43 11 25 2 1 
11 29 17 12 11 2 1 
9 25 48 1 
2 81 
76 4 3 
1 44 1 4 18 11 3 1 
1 40 4 34 3 1 
2 29 14 17 9 8 4 
1 39 1 30 3 4 2 1 1 1 
1 3 75 2 2 
1 70 12 
2 8 17 21 31 4 
15 10 16 22 10 2 1 1 3 1 1 1 
3 58 10 1 9 2 
4 65 9 2 3 
1 24 37 11 10 
54 25 4 
1 6 26 48 2 
2 69 2 9 1 
2 53 22 2 1 3 
5 39 10 13 5 3 4 1 2 1 
1 16 8 58 
3 38 24 18 
1 59 11 11 1 
15 29 5 29 1 4 
2 2 36 38 2 1 1 1 
1 36 14 13 6 7 2 3 1 
67 6 4 2 1 3 
1 10 71 1 
1 29 33 14 6 
1 31 7 13 4 26 1 
29 12 19 14 6 3 
1 75 7 
1 78 3 1 
9 49 8 14 3 
1 34 34 1 5 7 1 
2 67 9 1 4 
60 23 
12 49 22 
71 5 7 
1 21 35 24 2 
1 71 2 1 1 5 1 1 
6 72 1 3 1 
1 60 17 4 1 
19 47 8 3 1 4 1 
6 22 51 4 
2 66 2 13 
1 53 1 22 3 3 
1 3 20 43 10 1 5 
2 67 10 4 
18 58 5 1 1 
6 7 50 7 6 6 1 
1 33 13 1 3 6 1 13 12 
19 59 5 
11 13 13 44 1 1 
4 22 19 24 11 3 
11 31 20 19 2 
8 58 1 16 
3 77 2 1 
3 24 18 38 
1 50 15 5 4 2 3 1 2 
2 34 47 
1 55 16 1 5 1 1 1 2 
1 67 8 7 
10 13 30 17 8 4 1 
2 45 11 2 5 2 1 11 3 1 
3 33 32 6 8 1 
3 24 16 12 7 15 3 2 1 
2 32 31 3 15 
6 57 5 12 3 
19 9 26 16 12 1 
9 67 2 3 2 
4 55 15 6 2 1 
12 20 51 
1 21 53 5 1 2 
4 2 44 31 1 1 
1 81 1 
1 71 4 5 2 
34 20 18 11 
30 27 11 1 4 9 1 
77 2 1 3 
1 11 3 66 1 1 
4 60 13 1 3 1 1 
1 4 57 12 9 
4 4 6 6 24 9 22 2 3 2 1 
1 44 16 21 1 
1 10 25 28 19 
1 40 25 10 7 
10 35 26 3 1 2 6 
12 40 13 8 5 3 1 1 
1 32 18 5 6 10 4 4 1 2 
1 14 52 8 6 1 1 
2 50 4 6 15 3 1 2 
10 60 13 
2 40 24 16 1 
6 77 
1 11 28 30 4 7 1 1 
3 80 
2 60 19 2 
1 50 28 3 1 
5 68 8 1 1 
25 53 1 4 
61 18 3 1 
2 71 1 2 6 1 
1 34 18 16 6 5 3 
1 70 5 2 2 3 
7 34 42 
2 17 28 29 5 1 1 
2 52 29 
9 52 20 2 
7 14 4 4 4 40 2 1 1 3 3 
4 66 6 2 1 1 2 1 
3 80 
1 57 6 12 7 
18 47 8 6 3 1 
2 5 68 3 1 4 
80 1 1 1 
7 52 5 15 3 1 
9 12 10 50 2 
1 28 42 10 1 1 
1 74 8 
1 68 9 5 
1 20 16 36 8 1 1 
1 58 10 1 3 3 1 3 3 
15 14 10 37 5 1 1 
72 2 3 5 1 
1 81 1 
2 75 6 
1 80 2 
11 45 13 11 3 
1 13 69 
1 7 29 19 9 10 3 5 
3 16 37 14 11 2 
2 3 1 9 33 30 1 3 1 
1 15 65 2 
1 7 74 1 
1 31 30 7 9 5 
1 15 13 10 9 2 13 7 6 7 
82 1 
1 1 25 40 16 
4 2 61 5 7 1 2 1 
20 21 4 28 5 3 2 
5 40 15 13 3 5 2 
1 40 39 3 
1 2 66 1 10 3 
78 4 1 
1 38 9 31 4 
69 4 9 1 
2 16 47 18 
1 15 6 40 8 3 5 2 3 
73 2 8 
1 65 7 8 2 
49 2 8 14 1 3 5 1 
1 58 8 10 6 
4 14 44 21 
76 6 1 
2 56 2 11 3 6 2 1 
31 50 2 
2 14 54 3 8 1 1 
3 24 44 2 6 3 1 
25 25 17 8 3 4 1 
2 22 25 6 24 2 1 1 
1 36 16 16 14 
2 63 17 1 
1 24 15 38 5 
1 70 5 1 4 1 1 
2 49 2 29 1 
1 74 1 2 3 2 
76 3 4 
1 23 59 
1 62 18 2 
2 29 48 4 
1 48 21 6 5 1 1 
5 64 4 2 2 6 
48 34 1 
47 29 3 2 1 1 
7 9 55 12 
6 47 26 4 
20 56 4 1 1 1 
1 50 32 
1 7 62 4 2 7 
1 74 4 4 
7 41 25 3 1 6 
2 76 3 2 
8 37 25 8 5 
1 34 13 24 5 2 4 
2 6 47 4 19 4 1 
3 48 5 13 11 3 
66 4 3 8 1 1 
1 52 27 3 
37 18 28 
12 38 2 7 1 21 2 
4 38 38 3 
9 44 24 2 2 1 1 
8 25 49 1 
1 34 21 17 1 3 4 2 
1 45 1 32 1 3 
3 77 1 2 
2 38 17 1 17 2 3 2 1 
3 51 28 1 
1 33 49 
7 61 15 
1 8 56 13 2 3 
8 69 2 1 2 1 
1 3 48 29 1 1 
27 29 17 10 
13 5 54 11 
1 7 29 42 4 
3 61 1 17 1 
65 2 15 1 
74 2 7 
1 36 38 6 1 1 
8 69 3 1 1 1 
76 4 3 
8 36 3 8 26 2 
1 11 16 39 10 5 1 
1 48 11 13 7 2 1 
12 12 16 4 30 4 3 1 1 
1 48 18 2 2 1 9 1 1 
4 70 4 3 2 
1 31 9 32 10 
1 52 29 1 
2 18 20 40 1 1 1 
16 61 6 
82 1 
2 65 16 
58 8 1 16 
1 25 27 20 1 1 8 
3 12 6 48 3 1 3 6 1 
3 14 29 19 3 5 10 
23 18 9 1 22 5 5 
3 18 5 10 45 2 
5 41 13 13 11 
7 48 4 7 17 
11 29 23 5 14 1 
5 71 2 5 
1 65 17 
1 20 57 2 3 
4 62 17 
3 46 27 2 1 1 2 1 
1 5 11 19 34 6 4 2 1 
1 70 11 1 
1 54 11 1 5 2 2 5 1 1 
6 21 22 2 27 1 3 1 
4 44 29 6 
1 41 15 9 11 6 
1 18 51 6 7 
1 6 10 36 22 3 4 1 
10 54 13 4 2 
34 36 13 
23 44 13 2 1 
1 27 55 
14 48 20 1 
2 79 2 
42 13 24 2 1 1 
1 57 22 2 1 
13 27 1 38 2 1 1 
1 15 23 44 
3 23 15 8 1 26 4 2 1 
1 69 13 
14 24 45 
1 69 10 1 1 1 
1 9 39 25 2 4 1 2 
1 18 32 26 6 
1 36 11 21 5 4 1 4 
1 32 9 17 19 5 
4 2 71 1 4 1 
2 8 9 8 23 15 3 9 4 2 
5 28 28 20 2 
1 11 24 36 3 1 5 2 
1 1 32 46 2 1 
1 31 6 7 11 26 1 
17 16 49 1 
7 60 1 8 2 3 2 
2 39 36 1 2 1 2 
3 47 3 17 9 4 
13 51 7 11 1 
2 17 35 29 
1 42 35 1 4 
1 77 2 2 1 
1 77 3 1 1 
2 59 15 2 4 1 
9 34 15 20 1 4 
1 56 1 25 
1 17 1 33 13 7 5 1 2 2 1 
8 40 10 20 3 2 
3 53 11 15 1 
1 7 63 3 9 
83 
1 46 14 5 10 1 3 1 1 1 
1 14 9 43 6 10 
9 28 44 2 
2 62 10 5 3 1 
4 44 30 2 3 
6 67 6 2 2 
1 53 11 5 12 1 
7 61 6 6 3 
1 49 8 15 3 5 2 
83 
9 73 1 
6 55 19 2 1 
44 38 1 
15 4 16 14 1 26 2 3 2 
4 38 9 4 2 7 6 3 3 1 2 3 1 
10 11 26 35 1 
1 79 3 
11 15 15 41 1 
2 79 2 
1 33 1 20 21 3 4 
2 55 13 11 2 
4 19 56 3 1 
1 44 31 5 1 1 
4 31 19 17 2 5 2 2 1 
2 64 15 1 1 
1 52 15 5 2 3 3 2 
1 44 1 8 19 3 3 2 2 
1 56 7 9 10 
69 9 2 1 2 
3 10 63 5 2 
1 43 26 12 1 
2 75 2 1 1 2 
1 53 4 4 6 14 1 
1 12 24 26 14 6 
2 43 33 5 
1 59 18 5 
17 44 22 
5 7 43 6 4 1 2 11 2 2 
49 13 12 4 2 2 1 
2 40 31 5 5 
5 12 39 20 4 1 1 1 
7 18 34 3 16 5 
59 17 7 
1 32 45 5 
83 
11 53 17 2 
6 26 21 1 5 4 20 
2 16 22 4 23 11 2 1 2 
4 59 20 
1 53 12 17 
1 29 40 10 3 
1 70 2 1 8 1 
2 72 2 3 4 
1 33 4 2 16 10 7 8 2 
11 26 34 11 1 
1 32 34 14 2 
6 66 5 5 1 
1 1 1 32 18 26 1 2 1 
2 1 3 38 4 11 6 8 2 3 3 1 1 
7 46 2 28 
1 11 13 31 21 3 2 1 
6 53 24 
1 38 44 
48 32 3 
1 76 2 4 
83 
1 58 15 4 2 1 2 
1 26 31 24 1 
1 48 7 13 2 12 
1 61 21 
81 1 1 
1 54 17 2 1 6 2 
4 15 30 11 18 5 
1 15 39 20 4 1 2 1 
1 14 10 41 15 1 1 
12 43 27 1 
2 7 11 22 41 
1 5 25 21 2 29 
15 39 24 5 
1 67 4 7 4 
5 32 1 43 2 
12 58 3 5 5 
8 14 57 2 1 1 
1 57 2 1 15 4 1 1 1 
1 19 21 10 25 1 1 1 3 1 
2 48 3 12 4 3 10 1 
15 52 2 4 7 2 1 
5 73 4 1 
2 77 4 
2 35 6 2 22 6 1 4 2 2 1 
15 26 1 32 8 1 
63 12 2 1 2 2 1 
2 19 48 6 5 1 2 
6 70 6 1 
43 30 10 
28 17 5 3 8 2 17 2 1 
1 27 28 26 1 
1 27 37 13 5 
1 5 28 2 45 2 
2 80 1 
2 35 38 5 1 1 1 
40 21 21 1 
82 1 
16 65 2 
4 30 49 
2 59 16 4 1 1 
20 10 14 22 8 8 1 
5 1 32 36 6 1 1 1 
2 70 11 
1 63 19 
3 28 39 6 7 
2 42 26 5 8 
1 55 12 12 3 
48 30 5 
1 7 48 3 12 11 1 
2 19 58 3 1 
1 7 54 21 
28 31 1 3 13 7 
1 47 31 1 2 1 
4 20 21 2 11 5 7 6 5 1 1 
28 5 9 16 1 16 2 1 2 1 2 
2 81 
2 22 10 9 40 
1 33 28 5 11 4 1 
1 36 1 15 21 7 2 
13 44 26 
2 35 17 14 9 5 1 
1 18 8 55 1 
1 46 10 14 12 
1 37 45 
13 34 31 2 2 1 
1 65 2 14 1 
1 36 29 14 2 1 
6 30 31 13 1 2 
1 36 4 6 5 26 5 
7 2 31 40 1 1 1 
1 65 2 2 2 9 1 1 
66 9 5 1 2 
2 14 39 2 23 3 
3 70 2 1 1 1 4 1 
74 1 3 5 
2 74 2 2 3 
9 61 10 3 
2 11 9 27 6 12 4 12 
25 25 17 10 3 3 
2 81 
1 69 1 12 
3 34 42 2 2 
11 41 9 3 17 2 
1 8 54 19 1 
5 58 13 1 5 1 
2 19 14 7 41 
39 12 7 15 3 4 2 1 
2 20 51 5 1 2 1 1 
3 69 7 1 1 1 1 
1 70 3 3 5 1 
4 29 5 8 25 9 3 
4 37 38 3 1 
1 55 5 12 3 3 3 1 
17 24 8 13 13 8 
3 50 11 3 7 7 1 1 
5 39 12 26 1 
5 56 22 
1 21 51 8 1 1 
4 42 35 1 1 
3 43 8 17 11 1 
2 7 57 2 10 5 
4 40 37 2 
1 54 9 12 5 2 
54 18 6 5 
63 16 4 
1 70 6 5 1 
1 4 44 13 4 16 1 
17 14 8 36 4 1 2 1 
1 66 4 11 1 
16 32 12 19 2 1 1 
1 64 2 10 2 4 
2 20 13 47 1 
5 58 20 
2 41 37 1 2 
2 49 23 9 
2 53 25 1 2 
5 73 4 1 
1 81 1 
2 65 5 2 9 
12 5 49 8 9 
4 51 24 2 2 
25 1 27 13 16 1 
3 40 7 1 1 9 17 3 1 1 
4 16 34 9 3 8 5 1 1 1 1 
1 7 33 14 12 8 3 1 2 1 1 
1 49 1 5 8 2 12 3 1 1 
1 12 11 16 36 6 1 
1 81 1 
1 64 3 1 12 1 1 
10 66 2 5 
1 8 45 13 16 
33 32 14 3 1 
64 6 7 3 2 1 
1 53 29 
3 52 19 3 3 1 1 1 
1 13 21 32 16 
4 68 9 2 
1 37 16 1 27 1 
12 30 7 17 10 6 1 
5 51 22 2 3 
1 24 55 1 2 
4 24 9 23 21 2 
1 35 18 11 6 12 
2 29 26 3 10 1 3 4 2 1 2 
79 4 
1 43 39 
5 14 18 46 
62 21 
17 41 24 1 
1 8 56 10 5 1 2 
4 21 22 13 17 6 
1 22 9 26 13 8 1 1 2 
10 38 20 7 4 2 1 1 
1 65 16 1 
1 11 44 4 17 6 
2 31 23 12 13 2 
1 80 2 
3 16 60 3 1 
77 4 2 
1 22 18 12 6 13 4 4 2 1 
7 53 23 
15 16 45 6 1 
5 36 37 3 1 1 
1 17 14 10 6 19 4 4 5 3 
2 16 37 2 4 6 4 2 1 4 2 3 
5 66 11 1 
1 55 27 
26 44 10 3 
1 28 44 7 2 1 
2 16 63 1 1 
2 29 46 2 4 
2 9 55 4 7 1 2 3 
1 39 7 18 15 1 2 
1 48 20 12 2 
2 79 1 1 
30 21 29 3 
1 71 2 9 
24 45 2 2 3 4 2 1 
1 26 55 1 
1 68 14 
1 57 18 6 1 
67 2 2 7 2 2 1 
36 5 2 16 18 1 3 2 
13 67 2 1 
1 65 2 12 2 1 
1 57 20 3 1 1 
1 29 12 14 9 8 5 1 4 
2 12 23 24 5 9 1 5 2 
1 18 15 32 4 13 
1 32 47 2 1 
1 19 37 9 5 5 5 1 1 
15 42 21 4 1 
62 20 1 
2 46 4 4 16 6 4 1 
1 59 18 3 2 
1 31 3 5 21 21 1 
9 48 15 5 3 1 1 1 
19 59 5 
22 55 4 2 
51 32 
12 34 15 18 2 1 1 
1 50 20 5 7 
1 72 5 4 1 
3 34 7 33 6 
15 64 4 
27 6 11 22 17 
4 19 31 8 5 10 2 2 2 
2 62 6 1 11 1 
1 65 1 6 8 1 1 
1 8 49 22 1 2 
9 7 14 26 27 
1 69 13 
1 77 5 
2 27 27 2 16 4 2 1 1 1 
1 42 40 
13 15 55 
7 54 9 3 1 4 5 
8 30 23 6 8 4 2 1 1 
4 8 68 2 1 
52 3 24 4 
7 16 35 20 5 
1 2 58 17 3 1 1 
1 66 16 
1 45 34 3 
37 22 1 16 3 2 1 1 
3 48 24 5 3 
1 12 2 10 55 3 
2 63 9 8 1 
2 7 6 35 17 1 11 3 1 
5 16 42 16 4 
1 49 29 2 2 
1 29 50 3 
4 7 48 16 7 1 
1 10 16 10 13 17 7 5 3 1 
1 3 73 5 1 
56 16 2 2 5 2 
79 3 1 
6 73 2 2 
1 30 32 13 5 1 1 
38 13 31 1 
1 58 1 8 12 1 2 
82 1 
1 42 39 1 
37 21 21 4 
1 61 21 
8 5 46 15 2 3 1 1 1 1 
2 30 17 24 4 1 3 2 
1 6 9 59 7 1 
3 59 9 1 10 1 
1 14 15 39 4 6 4 
4 20 38 19 1 1 
1 15 13 27 7 4 8 6 2 
2 36 26 18 1 
5 76 1 1 
2 58 19 1 2 1 
1 66 13 3 
11 21 39 1 3 5 3 
2 29 16 10 16 4 3 3 
1 29 33 8 7 2 1 2 
1 10 46 3 8 14 1 
1 27 31 9 5 10 
1 34 48 
3 24 50 3 1 2 
1 76 6 
2 76 4 1 
1 53 17 12 
2 28 40 4 3 6 
4 1 26 45 7 
5 66 10 2 
1 66 13 3 
1 24 58 
2 17 32 29 3 
4 74 3 1 1 
4 44 23 3 8 1 
1 13 61 7 1 
1 1 4 31 31 3 9 1 1 1 
53 10 2 18 
28 5 21 22 7 
1 81 1 
3 37 42 1 
5 49 27 2 
1 76 5 1 
18 56 6 1 2 
3 38 42 
13 70 
4 75 3 1 
1 73 2 2 5 
21 57 3 2 
1 47 34 1 
45 35 1 1 1 
2 14 49 10 8 
1 70 10 2 
1 51 31 
1 11 60 8 2 1 
1 29 5 36 10 1 1 
1 19 6 11 16 10 6 5 1 7 1 
1 4 32 13 14 14 5 
1 15 27 3 26 1 2 3 5 
1 80 2 
1 43 24 13 2 
1 30 30 3 4 15 
7 20 56 
6 49 24 1 2 1 
27 4 19 30 1 2 
3 61 19 
6 53 20 1 3 
2 10 32 28 1 6 3 1 
11 2 66 2 1 1 
1 32 37 6 3 1 2 1 
2 12 8 56 4 1 
1 36 30 3 5 3 5 
72 7 4 
74 6 2 1 
2 46 19 7 2 1 4 2 
27 27 6 6 11 5 1 
4 43 30 1 2 2 1 
1 18 37 3 21 3 
4 56 23 
2 44 24 9 3 1 
1 13 28 19 19 2 1 
1 78 4 
6 62 14 1 
1 44 6 21 1 5 4 1 
2 55 10 11 2 1 1 1 
1 54 20 7 1 
19 40 3 2 11 2 1 4 1 
4 34 31 11 2 1 
5 20 19 30 4 4 1 
1 5 44 11 7 2 4 6 1 2 
2 72 5 3 1 
39 5 20 19 
1 51 5 7 10 4 1 3 1 
2 19 21 16 11 8 4 1 1 
2 7 9 40 11 3 4 7 
5 13 62 2 1 
68 9 3 2 1 
81 1 1 
5 12 18 18 30 
2 28 44 6 3 
43 38 2 
1 10 46 21 3 2 
1 53 28 1 
23 52 7 1 
4 7 17 4 13 1 12 25 
14 62 3 2 2 
1 44 33 1 4 
1 5 45 16 13 3 
69 4 1 2 2 2 3 
2 7 6 64 1 1 2 
5 17 26 4 28 2 1 
1 82 
3 2 69 6 2 1 
3 41 16 16 6 1 
1 52 19 5 5 1 
2 80 1 
1 12 44 2 16 7 1 
1 19 55 6 1 1 
1 50 30 2 
1 25 32 20 5 
4 41 2 14 11 1 4 2 4 
18 63 2 
16 18 33 7 7 2 
1 4 67 5 6 
3 79 1 
34 37 2 4 3 3 
2 32 16 12 21 
1 4 14 44 4 16 
5 7 31 39 1 
2 37 12 31 1 
13 46 5 16 1 1 1 
1 48 2 10 22 
9 2 44 15 10 1 1 1 
64 14 5 
2 81 
11 72 
41 33 7 2 
1 56 26 
7 38 37 1 
1 59 16 3 1 1 2 
8 22 3 37 7 4 2 
73 1 3 2 4 
1 16 21 39 4 2 
4 17 62 
2 17 5 1 51 4 3 
77 1 2 3 
3 66 3 1 3 1 4 2 
47 15 2 9 9 1 
3 50 8 6 4 12 
1 79 1 2 
19 51 4 7 1 1 
1 55 18 2 6 1 
1 66 16 
3 49 21 4 2 1 2 1 
77 5 1 
3 20 18 4 20 10 1 4 3 
1 9 46 2 24 1 
7 49 27 
5 63 11 4 
1 66 15 1 
1 50 5 8 1 4 4 4 4 2 
6 46 24 5 2 
34 47 2 
79 2 1 1 
5 41 20 12 5 
20 5 25 28 5 
2 4 32 19 3 21 2 
11 21 45 3 3 
28 44 8 2 1 
1 18 19 12 33 
1 9 66 4 2 1 
80 2 1 
5 33 2 41 2 
1 59 2 18 2 1 
1 43 13 21 2 1 1 1 
4 39 2 32 1 3 2 
2 66 5 6 3 1 
1 21 39 22 
2 65 16 
1 24 15 38 2 3 
8 36 8 7 7 15 1 1 
69 14 
4 60 3 4 6 5 1 
2 23 34 14 10 
