2 67 15 
1 67 2 13 1 
30 22 23 1 1 2 2 3 
24 28 16 9 2 4 1 
1 38 29 16 
1 29 35 18 1 
3 10 69 1 1 
1 66 6 10 1 
4 57 5 1 2 5 1 1 1 2 2 2 1 
4 45 22 11 2 
26 25 18 1 14 
9 4 1 16 28 4 14 2 6 
1 48 26 7 2 
1 82 1 
54 7 10 1 10 2 
10 42 25 1 1 2 3 
8 48 17 11 
3 9 43 1 7 15 1 2 2 1 
1 63 1 15 1 2 1 
2 19 53 3 6 1 
64 18 2 
1 55 1 7 12 6 2 
2 45 32 5 
1 36 21 14 12 
21 7 37 11 8 
1 62 21 
1 17 34 10 7 10 5 
1 78 5 
84 
1 82 1 
1 77 6 
2 72 3 5 2 
1 3 49 31 
1 41 36 6 
26 53 1 1 2 1 
1 41 42 
12 53 2 10 4 1 1 1 
1 73 9 1 
3 65 4 8 3 1 
8 48 4 11 7 5 1 
1 25 29 10 8 2 5 3 1 
8 76 
74 8 2 
1 58 4 5 4 3 6 3 
1 10 34 35 4 
48 13 22 1 
1 46 32 3 2 
2 65 16 1 
1 19 9 36 6 5 1 4 3 
5 56 7 7 9 
6 2 33 35 4 2 2 
1 70 9 3 1 
2 3 67 1 11 
82 1 1 
11 17 54 2 
8 8 39 1 12 2 9 1 3 1 
5 6 55 15 1 2 
1 7 41 6 21 4 2 1 1 
4 50 16 12 1 1 
2 68 1 9 4 
20 20 1 21 19 2 1 
76 5 1 1 1 
1 78 3 1 1 
1 72 11 
2 22 15 17 1 9 12 3 2 1 
2 56 8 12 6 
5 67 12 
37 38 9 
1 70 13 
49 12 14 6 1 2 
3 19 57 5 
2 46 28 7 1 
1 29 38 13 3 
14 59 11 
1 38 3 1 1 25 12 1 1 1 
1 69 2 7 3 1 1 
8 42 5 3 22 4 
1 74 4 4 1 
6 57 7 13 1 
7 65 9 1 1 1 
1 64 2 14 3 
1 30 20 14 8 6 1 3 1 
1 66 6 3 4 3 1 
1 1 57 15 3 6 1 
15 1 23 27 2 1 2 7 2 1 1 2 
2 55 14 2 11 
18 17 41 8 
1 55 16 10 1 1 
6 54 24 
57 1 17 9 
41 32 7 2 1 1 
83 1 
15 11 14 4 7 11 5 16 1 
3 44 37 
2 75 7 
1 33 30 10 7 3 
6 26 44 2 3 2 1 
4 51 20 1 1 4 3 
17 67 
7 43 25 8 1 
1 66 1 2 2 5 4 1 2 
1 28 15 33 2 2 3 
2 53 16 10 3 
1 82 1 
10 29 4 21 16 2 2 
1 76 2 4 1 
18 41 24 1 
12 38 8 5 10 9 2 
1 5 2 36 2 13 13 1 3 2 2 3 1 
6 8 7 11 26 17 7 2 
1 29 14 27 9 2 2 
2 7 51 1 1 14 6 2 
3 25 8 48 
15 6 54 6 1 2 
1 20 1 6 47 9 
1 42 5 31 1 4 
1 69 14 
7 2 37 17 8 6 3 4 
4 28 12 29 11 
1 6 44 20 1 3 6 2 1 
3 67 8 2 4 
1 27 15 18 18 3 1 1 
1 53 7 12 1 10 
23 36 14 11 
2 52 27 1 2 
4 71 9 
4 43 14 7 13 2 1 
15 54 14 1 
1 25 51 6 1 
1 68 15 
1 65 10 1 7 
1 69 6 1 7 
1 61 13 8 1 
6 31 33 7 6 1 
3 42 34 5 
1 24 59 
28 20 26 9 1 
84 
4 63 12 1 2 2 
1 47 21 13 2 
32 46 3 1 2 
1 45 17 13 1 4 3 
2 70 12 
4 11 57 9 3 
2 6 25 18 11 20 1 1 
1 66 17 
1 47 5 1 11 3 7 2 7 
10 20 29 25 
1 37 39 6 1 
5 31 34 6 5 1 2 
1 14 67 1 1 
80 2 1 1 
82 1 1 
1 6 65 11 1 
1 71 11 1 
1 11 42 16 14 
2 46 4 7 3 8 1 13 
1 66 9 2 6 
60 15 4 5 
1 47 10 2 15 1 2 2 3 1 
1 67 14 2 
1 43 11 12 2 7 5 2 1 
2 12 41 13 5 3 3 3 2 
1 51 9 22 1 
6 69 4 3 2 
2 77 5 
2 73 8 1 
12 40 31 1 
2 77 2 2 1 
1 50 12 7 9 3 2 
4 14 53 7 3 3 
6 17 34 4 17 5 1 
8 1 25 16 13 10 11 
3 60 19 1 1 
84 
4 41 15 12 5 3 1 2 1 
19 22 43 
1 58 25 
13 59 6 6 
1 29 12 26 2 4 4 1 5 
2 19 18 21 3 18 3 
33 15 21 4 11 
1 7 19 10 13 1 19 7 1 2 1 1 1 1 
1 24 43 14 1 1 
1 14 39 19 10 1 
1 28 4 46 4 1 
3 13 20 35 13 
8 3 46 10 9 3 4 1 
7 21 17 35 3 1 
1 27 56 
24 43 12 1 3 1 
49 16 2 4 4 2 3 4 
2 23 23 16 2 11 4 1 2 
6 73 5 
1 64 7 10 1 1 
4 72 4 4 
1 3 18 6 34 3 16 1 2 
1 44 1 30 4 1 3 
1 53 23 1 6 
2 42 14 16 10 
1 50 8 8 2 4 2 3 2 1 2 1 
1 69 6 5 2 1 
1 62 11 5 3 1 1 
1 61 19 3 
21 62 1 
1 75 2 1 3 1 1 
1 45 24 1 3 5 3 2 
7 25 11 14 10 2 10 2 2 1 
10 30 43 1 
2 33 1 14 19 12 2 1 
21 62 1 
1 23 60 
1 16 61 3 2 1 
2 65 17 
8 34 4 30 3 4 1 
1 26 36 20 1 
4 79 1 
6 30 15 2 27 1 3 
1 83 
40 21 9 11 1 2 
22 51 4 3 2 1 1 
2 73 9 
2 41 18 14 8 1 
1 79 3 1 
1 47 7 1 22 4 1 1 
1 29 17 18 12 6 1 
15 1 60 3 2 3 
21 58 5 
5 21 14 21 21 2 
65 7 1 1 2 2 2 4 
4 31 20 25 1 3 
71 2 11 
81 3 
83 1 
17 26 39 1 1 
56 2 23 2 1 
3 51 20 6 4 
22 1 32 29 
4 3 10 10 23 3 12 3 4 6 2 1 2 1 
84 
3 66 7 6 2 
6 75 2 1 
14 29 24 11 5 1 
1 17 45 19 2 
3 50 13 1 17 
1 72 11 
3 2 35 41 3 
2 79 3 
35 6 23 11 4 3 2 
1 37 45 1 
38 13 23 9 1 
3 52 7 8 1 6 3 2 1 1 
11 1 35 27 3 5 1 1 
1 48 24 6 2 3 
83 1 
1 53 24 1 3 1 1 
4 49 11 14 3 2 1 
4 2 4 29 10 2 18 14 1 
1 68 7 3 1 3 1 
1 6 9 26 20 11 9 2 
1 1 25 2 23 32 
6 30 28 14 4 2 
1 30 10 2 6 12 18 4 1 
40 8 20 11 2 2 1 
7 42 30 2 2 1 
1 2 46 23 1 6 2 3 
18 39 6 10 6 2 2 1 
1 6 71 3 3 
62 3 11 5 3 
1 39 2 10 30 2 
1 51 25 1 5 1 
84 
1 24 3 49 7 
19 25 32 2 6 
11 48 25 
19 23 37 1 3 1 
6 56 6 13 3 
1 36 28 7 7 5 
3 63 17 1 
1 69 11 1 2 
2 4 20 50 5 2 1 
2 67 14 1 
15 10 42 6 9 2 
1 64 7 2 8 2 
9 6 32 28 8 1 
4 1 20 45 9 4 1 
11 27 18 12 12 3 1 
12 13 16 9 22 5 7 
1 20 38 11 14 
19 38 27 
1 16 5 20 24 3 15 
2 71 1 3 3 4 
1 25 24 34 
1 41 7 28 7 
80 1 3 
1 26 30 24 1 1 1 
9 73 2 
1 41 37 4 1 
1 65 15 1 1 1 
1 37 6 9 22 4 5 
84 
1 5 43 13 2 14 5 1 
2 23 30 13 2 2 11 1 
5 40 39 
3 26 48 4 1 2 
1 32 36 10 1 4 
4 14 66 
64 12 5 3 
9 17 31 15 6 3 3 
7 75 2 
6 67 6 1 3 1 
1 65 10 4 1 2 1 
4 66 1 11 2 
5 24 4 48 1 1 1 
1 40 22 10 10 1 
2 47 25 9 1 
1 54 23 6 
16 59 9 
1 37 23 11 2 5 3 2 
4 6 8 44 21 1 
10 54 19 1 
69 13 2 
1 73 9 1 
13 3 13 10 35 3 6 1 
5 76 1 1 1 
25 16 38 2 1 1 1 
1 47 2 33 1 
6 16 44 7 9 2 
1 76 7 
9 7 17 24 20 5 2 
24 2 23 15 17 1 2 
3 74 3 1 2 1 
29 50 3 1 1 
1 31 20 15 13 1 2 1 
5 5 70 1 2 1 
1 7 40 23 2 7 1 3 
1 19 43 15 5 1 
22 44 18 
1 11 58 4 6 3 1 
2 65 17 
12 41 24 3 2 2 
1 67 7 5 1 1 2 
83 1 
36 42 1 1 1 1 2 
1 83 
36 12 9 16 6 4 1 
1 17 19 12 2 3 10 11 1 7 1 
2 23 44 11 4 
2 69 4 9 
4 34 32 8 2 2 2 
11 8 4 11 50 
14 8 10 4 18 22 1 2 1 3 1 
1 62 8 7 2 2 1 1 
5 6 73 
1 76 2 4 1 
1 75 8 
4 3 69 5 3 
39 7 11 26 1 
11 6 4 49 14 
76 2 4 2 
11 18 1 22 13 18 1 
6 27 26 7 7 5 2 4 
7 29 44 1 3 
3 26 52 2 1 
1 68 8 6 1 
2 19 53 10 
78 3 1 2 
1 73 7 1 1 1 
1 63 3 17 
67 5 3 7 1 1 
2 31 51 
1 2 19 21 31 7 2 1 
2 57 3 6 4 11 1 
1 31 4 5 8 20 5 5 1 1 3 
7 3 53 7 1 10 3 
17 11 32 10 3 11 
5 65 13 1 
3 76 5 
4 63 2 15 
1 81 1 1 
23 57 4 
1 76 5 1 1 
3 37 43 1 
10 57 8 1 8 
84 
1 45 15 5 5 1 2 3 6 1 
37 43 2 1 1 
2 75 6 1 
6 8 10 25 35 
2 74 4 3 1 
66 5 1 12 
10 24 24 5 16 5 
2 23 31 2 5 5 1 3 7 1 4 
34 35 15 
12 43 6 18 5 
12 46 26 
1 43 20 12 6 2 
28 13 29 8 2 3 1 
2 36 4 26 16 
84 
7 47 4 17 8 1 
1 80 1 2 
16 64 4 
57 11 15 1 
84 
70 2 5 2 4 1 
1 49 16 8 10 
3 46 34 1 
5 57 22 
1 77 1 5 
1 35 1 6 7 13 3 5 8 4 1 
2 61 15 4 2 
60 11 13 
2 53 29 
4 31 40 4 2 3 
4 23 47 8 2 
2 18 19 28 14 3 
1 21 20 28 3 8 2 1 
1 10 60 4 6 1 2 
1 70 7 6 
1 70 13 
1 43 6 8 22 1 2 1 
1 1 46 21 9 5 1 
1 43 11 5 6 3 9 2 4 
2 30 15 3 25 6 1 1 1 
1 65 3 15 
3 48 10 8 15 
66 1 2 5 6 2 2 
1 42 41 
83 1 
4 14 65 1 
80 2 2 
81 1 2 
1 33 37 7 5 1 
35 44 2 2 1 
5 34 38 6 1 
4 59 17 2 2 
34 35 15 
2 14 5 25 35 2 1 
1 28 34 2 2 16 1 
6 40 36 2 
2 47 1 2 22 1 2 2 1 1 2 1 
10 46 16 8 1 3 
2 63 11 2 6 
35 25 10 14 
8 67 1 5 1 2 
2 20 18 26 2 16 
28 43 3 5 2 3 
2 11 18 50 1 2 
2 23 38 16 4 1 
1 73 4 1 5 
2 26 52 3 1 
1 65 9 7 1 1 
6 64 9 5 
7 65 12 
84 
23 51 10 
9 36 36 1 1 1 
39 27 2 16 
1 48 28 1 1 2 3 
2 31 16 11 7 2 7 2 1 3 1 1 
1 74 8 1 
18 60 6 
4 59 21 
59 10 1 6 1 2 2 2 1 
1 12 38 23 2 1 5 2 
1 82 1 
1 26 20 4 20 4 2 5 2 
1 35 2 12 23 1 8 2 
1 16 2 65 
3 41 5 35 
28 9 40 3 1 1 2 
2 52 6 23 1 
1 49 34 
1 20 23 5 21 7 1 5 1 
9 41 34 
1 17 65 1 
1 40 36 3 2 1 1 
1 12 23 37 2 4 2 1 1 1 
2 52 21 8 1 
10 64 9 1 
2 70 11 1 
1 33 23 2 7 3 3 8 1 3 
1 17 31 13 3 12 4 3 
84 
1 55 28 
4 31 23 9 7 2 8 
9 2 3 55 1 5 5 2 1 1 
25 3 27 3 13 3 10 
3 43 6 32 
1 2 24 35 4 8 1 3 3 2 1 
6 39 7 30 1 1 
1 57 4 21 1 
7 71 6 
3 80 1 
1 10 60 12 1 
81 2 1 
1 44 9 20 10 
1 62 3 10 2 4 1 1 
1 70 11 1 1 
1 27 41 3 12 
2 20 50 1 2 5 1 3 
1 44 2 19 5 5 2 4 1 1 
2 24 58 
1 54 6 23 
3 80 1 
6 70 3 3 2 
5 12 57 2 5 1 2 
3 35 21 23 2 
30 32 8 5 4 4 1 
1 29 41 12 1 
10 60 14 
10 39 5 25 2 3 
1 1 23 18 30 6 4 1 
80 3 1 
2 14 53 9 1 2 1 2 
2 1 67 1 1 7 4 1 
70 6 8 
12 32 32 6 1 1 
5 21 46 4 3 4 1 
1 38 5 14 10 2 2 9 2 1 
13 31 17 23 
28 47 3 6 
3 24 57 
75 6 1 2 
2 8 65 6 1 1 1 
38 19 23 2 1 1 
3 28 51 2 
1 19 52 12 
1 48 4 8 4 10 9 
45 18 5 10 2 3 1 
2 44 17 17 3 1 
80 1 3 
34 38 7 1 4 
1 67 14 1 1 
1 54 18 10 1 
1 70 11 1 1 
1 78 5 
20 28 17 13 4 2 
3 59 18 1 3 
6 60 14 1 3 
2 23 41 14 4 
51 27 6 
3 49 1 6 25 
1 8 28 41 3 3 
25 9 22 3 21 3 1 
1 25 40 5 5 4 1 1 1 1 
1 38 40 5 
1 78 3 2 
1 63 10 2 3 2 3 
84 
2 43 18 8 4 8 1 
8 9 19 21 16 2 1 1 5 2 
1 59 18 6 
11 38 6 29 
19 60 4 1 
1 10 9 25 5 6 17 7 1 3 
2 27 18 8 3 13 5 1 5 1 1 
1 19 27 13 24 
1 25 33 7 14 4 
1 46 37 
1 61 12 4 2 4 
4 50 26 2 2 
1 35 44 3 1 
1 25 13 38 1 1 5 
84 
1 40 9 20 10 3 1 
8 64 2 4 2 1 1 1 1 
12 37 31 2 2 
1 4 1 43 15 2 1 3 14 
1 57 5 6 7 6 1 1 
1 40 16 15 11 1 
1 47 14 22 
1 75 6 1 1 
2 77 3 1 1 
76 8 
3 1 34 3 12 8 12 9 1 1 
1 42 3 22 6 9 1 
1 38 28 9 8 
65 7 12 
1 63 2 10 6 2 
4 19 32 15 2 12 
1 7 17 1 36 10 11 1 
2 18 18 9 2 18 6 4 2 5 
5 9 53 15 2 
3 13 29 22 17 
1 47 36 
28 30 4 8 10 2 2 
3 68 3 2 6 1 1 
2 25 50 7 
17 63 4 
1 34 41 8 
1 58 8 8 6 3 
1 57 1 23 1 1 
1 77 1 4 1 
1 65 4 10 3 1 
7 15 25 1 28 1 3 2 1 1 
40 33 9 1 1 
6 12 58 3 3 1 1 
1 5 78 
1 61 10 2 1 5 4 
2 23 46 4 2 4 3 
1 45 16 18 4 
68 14 1 1 
12 24 22 5 5 4 6 5 1 
14 21 15 4 29 1 
2 34 23 7 17 1 
1 66 5 3 6 1 1 1 
23 37 6 13 4 1 
1 66 17 
15 38 30 1 
24 18 20 3 2 7 1 2 4 2 1 
1 74 3 6 
3 6 14 25 32 4 
1 13 37 28 1 3 1 
1 64 7 3 7 1 1 
1 33 43 5 2 
1 28 25 15 12 2 1 
1 82 1 
12 4 8 55 3 1 1 
15 57 5 4 3 
8 50 26 
1 24 17 19 7 4 10 2 
1 43 38 2 
9 65 10 
1 80 3 
2 66 16 
1 6 21 26 27 2 1 
1 47 36 
42 6 34 1 1 
18 53 13 
5 52 2 5 9 3 5 1 1 1 
63 17 1 1 1 1 
20 9 46 9 
1 34 1 42 3 3 
1 24 8 40 9 1 1 
3 20 35 21 3 2 
4 5 54 15 3 2 1 
1 11 56 13 2 1 
28 50 6 
19 54 9 2 
23 22 31 3 5 
2 79 3 
2 37 15 24 3 1 2 
1 38 31 14 
84 
32 11 27 14 
16 3 10 28 24 1 2 
4 13 65 1 1 
7 27 9 6 5 12 8 5 2 2 1 
1 38 45 
6 15 14 14 33 1 1 
6 37 7 26 2 6 
2 5 24 28 16 8 1 
3 80 1 
3 9 67 5 
1 61 22 
2 27 42 3 5 4 1 
3 74 7 
2 50 18 2 4 5 3 
1 9 46 28 
1 58 14 5 3 2 1 
1 45 18 17 1 2 
1 40 31 5 6 1 
39 38 1 2 2 1 1 
1 59 24 
1 30 30 23 
5 76 3 
21 15 48 
1 17 54 4 6 1 1 
1 34 36 4 9 
5 22 49 4 3 1 
4 20 57 3 
22 44 3 12 3 
1 4 29 19 5 4 2 11 8 1 
1 45 14 16 8 
9 29 14 4 27 1 
2 28 33 7 4 3 6 1 
3 8 22 4 28 12 7 
1 78 5 
1 79 4 
1 45 38 
1 59 7 13 3 1 
1 33 50 
49 25 3 6 1 
1 1 75 4 3 
1 79 1 2 1 
35 21 12 2 3 5 5 1 
3 18 8 26 29 
1 23 29 8 3 2 15 2 1 
13 70 1 
3 5 36 4 33 1 2 
30 51 2 1 
2 45 18 9 10 
1 53 25 1 4 
2 42 23 10 1 1 4 1 
28 51 1 2 1 1 
1 23 7 14 25 11 2 1 
3 45 13 3 1 15 2 1 1 
1 16 58 9 
13 12 59 
1 56 2 6 4 9 1 4 1 
12 36 36 
2 70 3 3 6 
1 47 31 4 1 
5 68 10 1 
1 77 2 1 1 1 1 
1 47 15 3 6 6 4 1 1 
1 19 37 7 11 1 2 1 3 1 1 
4 42 16 16 6 
1 2 59 11 6 3 2 
2 29 43 3 2 3 1 1 
2 68 13 1 
1 22 29 19 13 
1 64 1 4 1 5 6 2 
11 3 60 7 2 1 
6 66 7 2 3 
4 10 9 57 4 
17 18 34 12 2 1 
46 21 11 3 1 1 1 
1 30 35 6 10 1 1 
2 44 6 19 12 1 
1 41 39 3 
24 35 2 3 1 15 1 2 1 
1 4 65 14 
16 37 26 2 1 2 
1 17 40 7 9 1 4 2 2 1 
2 67 15 
2 61 10 9 1 1 
1 5 73 1 3 1 
2 60 7 8 5 1 1 
2 17 54 8 1 2 
5 22 10 24 17 5 1 
5 54 2 18 5 
83 1 
7 26 5 10 22 9 4 1 
3 37 5 20 16 1 2 
3 47 28 5 1 
2 45 34 3 
6 51 20 6 1 
3 42 7 16 1 10 5 
7 10 24 27 7 3 1 1 2 2 
1 21 39 8 10 1 2 1 1 
1 11 70 2 
3 70 3 3 5 
2 4 64 7 1 4 2 
23 61 
2 58 4 12 3 1 4 
3 80 1 
1 6 17 47 11 2 
84 
1 41 25 15 1 1 
7 10 53 3 10 1 
16 17 7 25 5 12 1 1 
2 55 9 7 10 1 
1 64 8 7 4 
1 74 9 
2 18 64 
23 61 
5 28 51 
1 58 23 2 
4 18 62 
3 23 34 22 2 
78 2 4 
2 19 62 1 
19 59 4 2 
1 3 18 25 18 9 3 1 1 1 2 1 1 
3 69 10 1 1 
79 1 4 
1 12 57 3 7 3 1 
1 81 1 1 
7 49 27 1 
83 1 
11 39 27 4 3 
1 51 4 20 3 1 4 
5 68 10 1 
1 66 6 11 
21 56 3 1 3 
1 18 17 13 21 6 6 1 1 
1 69 1 12 1 
2 58 20 1 2 1 
5 40 9 2 28 
1 41 20 4 10 4 4 
9 36 14 25 
29 14 33 1 6 1 
1 32 41 7 2 1 
44 31 4 4 1 
1 2 61 10 9 1 
10 46 28 
31 48 3 1 1 
1 39 4 13 15 6 1 1 4 
1 32 50 1 
17 49 6 1 10 1 
30 5 39 1 1 5 2 1 
1 14 2 6 7 9 21 12 7 4 1 
1 63 18 2 
1 41 34 6 2 
1 83 
2 12 1 43 6 13 2 4 1 
1 46 5 5 22 5 
60 17 5 1 1 
2 82 
5 55 23 1 
54 25 4 1 
5 2 37 4 4 14 10 4 4 
1 65 7 10 1 
1 49 8 20 2 3 1 
23 59 2 
1 28 24 20 10 1 
1 10 52 4 17 
1 6 7 23 13 27 1 2 3 1 
77 5 2 
3 65 16 
38 24 20 1 1 
6 1 67 3 4 1 2 
1 82 1 
1 25 17 37 1 3 
9 27 24 9 10 2 1 2 
11 61 6 5 1 
16 68 
18 48 16 2 
2 7 8 6 9 20 17 8 2 3 2 
1 25 50 8 
2 7 42 28 5 
1 14 9 9 4 21 4 9 4 7 2 
1 54 13 6 4 4 2 
1 47 32 1 2 1 
3 30 50 1 
2 45 2 5 23 6 1 
1 47 20 1 2 1 5 5 1 1 
64 8 7 1 4 
2 80 1 1 
1 39 4 9 20 9 1 1 
30 51 1 1 1 
13 55 3 2 6 5 
9 56 19 
3 10 1 25 44 1 
1 50 20 8 2 1 1 1 
1 62 21 
1 46 13 24 
58 20 2 2 1 1 
1 67 15 1 
4 77 1 2 
3 15 44 4 11 7 
1 78 5 
1 28 9 26 14 5 1 
2 61 3 11 6 1 
6 34 2 20 4 16 2 
1 22 22 8 10 7 5 6 1 2 
4 80 
12 51 1 9 2 1 2 3 2 1 
1 55 12 9 7 
18 64 2 
1 80 3 
1 33 45 4 1 
2 71 6 4 1 
3 7 64 1 7 1 1 
2 11 63 4 3 1 
4 7 11 18 39 5 
1 11 20 3 16 24 9 
1 38 45 
1 50 10 22 1 
24 46 14 
2 48 11 6 2 11 3 1 
1 36 39 8 
35 21 9 1 2 4 10 2 
84 
1 60 5 5 2 5 5 1 
1 16 60 1 3 2 1 
1 71 8 2 1 1 
17 9 3 26 22 3 2 2 
2 77 5 
23 2 34 24 1 
1 64 19 
1 18 57 8 
1 11 66 3 3 
2 76 6 
7 52 20 3 2 
3 19 25 24 6 7 
1 47 6 1 24 1 3 1 
11 25 31 10 6 1 
1 2 69 4 5 2 1 
34 34 12 3 1 
1 81 2 
3 33 25 13 9 1 
10 37 37 
4 11 2 48 3 5 8 1 1 1 
1 79 2 1 1 
1 58 25 
2 40 11 23 4 3 1 
32 25 27 
1 4 47 28 4 
8 56 11 1 8 
51 23 7 2 1 
2 26 21 20 15 
1 72 6 3 2 
1 25 54 4 
75 7 2 
27 6 25 19 2 2 1 1 1 
3 51 12 10 1 1 3 2 1 
10 58 16 
1 14 44 5 5 1 6 1 1 2 1 1 2 
1 2 18 11 32 6 6 1 3 3 1 
10 10 55 2 6 1 
1 36 6 7 12 13 6 2 1 
26 46 10 2 
5 6 70 1 2 
12 61 5 5 1 
13 23 21 2 13 1 1 5 2 3 
84 
5 46 10 2 7 3 1 4 1 3 1 1 
1 5 11 18 5 22 16 2 1 2 1 
5 79 
34 16 13 8 13 
10 4 47 15 4 3 1 
1 67 4 10 1 1 
3 57 23 1 
4 42 35 2 1 
1 71 3 9 
2 40 31 6 4 1 
10 47 23 2 2 
32 18 14 11 7 1 1 
2 77 1 1 3 
58 9 6 1 6 4 
65 19 
2 25 31 14 3 8 1 
2 51 5 22 2 1 1 
84 
1 83 
2 50 22 5 5 
1 25 54 4 
4 26 30 21 3 
1 75 3 2 1 2 
9 13 48 11 2 1 
2 2 8 24 10 6 16 9 2 2 2 1 
2 54 11 17 
1 80 3 
4 72 6 1 1 
76 3 4 1 
8 30 20 2 22 1 1 
1 19 46 11 3 4 
25 53 6 
12 58 6 3 3 2 
7 38 16 17 3 3 
1 18 17 44 4 
2 13 33 11 15 5 2 2 1 
1 64 15 2 2 
44 29 10 1 
1 40 36 6 1 
13 16 17 23 12 1 2 
1 5 23 52 2 1 
12 42 4 13 11 1 1 
1 5 47 8 16 5 1 1 
16 7 22 19 4 14 2 
3 38 33 8 1 1 
26 21 18 4 9 4 2 
3 77 1 1 1 1 
2 6 22 45 5 2 2 
1 63 15 2 3 
1 71 12 
1 47 9 13 2 10 1 1 
1 36 28 19 
1 30 8 20 24 1 
1 49 15 4 10 2 2 1 
2 10 27 3 3 29 4 3 2 1 
1 1 3 55 3 5 2 10 2 1 1 
1 81 1 1 
3 61 18 1 1 
13 62 4 3 1 1 
1 22 57 1 2 1 
1 75 8 
2 57 2 4 5 9 3 2 
1 55 23 1 3 1 
1 60 11 12 
1 50 9 18 2 3 1 
1 4 35 9 20 3 4 1 5 1 1 
2 79 2 1 
1 63 16 4 
1 34 25 9 10 2 3 
34 22 20 1 4 1 1 1 
1 5 25 3 36 12 1 1 
5 79 
1 34 12 24 7 2 2 2 
9 63 1 5 3 1 2 
55 22 5 1 1 
1 78 1 2 2 
1 50 24 2 3 4 
1 45 36 2 
5 14 30 9 15 5 3 1 2 
1 33 49 1 
1 12 7 39 5 20 
1 43 32 4 2 1 1 
1 69 11 1 2 
1 56 27 
1 29 21 30 3 
1 30 25 18 10 
6 25 16 10 8 17 1 1 
2 82 
62 6 3 1 3 2 1 2 4 
7 38 37 1 1 
23 49 11 1 
1 8 50 20 5 
4 54 26 
2 52 13 2 13 1 1 
2 50 13 6 2 6 1 2 2 
1 11 20 42 6 3 1 
10 66 4 4 
2 71 6 3 2 
3 74 4 3 
1 54 20 2 5 2 
7 62 6 6 3 
1 26 30 8 3 14 2 
2 75 1 4 2 
1 30 22 20 7 1 3 
5 18 13 9 20 10 5 2 1 1 
1 75 3 2 1 1 1 
3 51 22 7 1 
2 38 6 22 7 5 2 2 
1 4 21 27 22 8 1 
9 56 7 11 1 
4 55 12 3 7 1 1 1 
82 2 
1 12 41 1 21 8 
1 72 5 3 3 
2 28 19 32 3 
1 32 26 9 1 4 9 2 
7 46 20 3 3 2 3 
1 26 56 1 
23 7 14 35 3 2 
1 47 6 17 2 7 4 
68 10 6 
7 60 14 2 1 
61 23 
3 15 62 3 1 
1 40 13 13 3 3 5 3 1 2 
1 23 30 16 11 2 1 
2 13 36 4 10 2 6 11 
51 7 25 1 
1 57 2 6 9 1 1 2 2 3 
1 1 57 11 14 
1 50 32 1 
3 11 21 46 1 2 
1 26 37 17 2 1 
25 31 20 1 1 4 2 
54 5 17 4 2 2 
81 1 1 1 
84 
1 30 49 3 1 
9 10 31 30 4 
1 30 50 1 1 1 
1 4 30 14 13 16 3 1 2 
1 25 55 1 2 
1 60 1 20 1 1 
2 18 64 
20 49 15 
1 57 4 20 2 
79 1 1 1 2 
2 67 1 9 3 2 
1 72 6 5 
2 47 10 24 1 
21 12 7 25 3 8 7 1 
81 2 1 
29 48 3 4 
4 50 7 13 10 
1 63 12 3 2 2 1 
2 26 21 15 18 1 1 
23 39 22 
12 41 26 3 1 1 
1 28 46 4 5 
2 53 10 10 4 4 1 
6 48 7 7 11 5 
1 83 
2 33 20 2 9 3 15 
5 38 4 1 9 12 5 3 1 4 1 1 
62 5 4 5 3 2 2 1 
59 5 7 8 3 2 
80 2 1 1 
1 46 2 35 
11 38 20 14 1 
2 48 10 7 17 
1 35 20 8 12 1 2 5 
7 31 22 16 8 
2 39 17 11 14 1 
5 78 1 
3 12 68 1 
20 56 8 
6 66 1 11 
3 75 1 2 1 2 
2 67 4 1 1 7 2 
2 19 27 34 2 
1 77 4 1 1 
5 59 8 12 
5 74 5 
1 28 13 10 6 13 13 
3 39 40 2 
13 36 17 3 14 1 
1 48 10 10 10 1 3 1 
2 2 74 2 4 
19 46 17 1 1 
1 18 53 6 6 
1 41 11 19 1 11 
1 68 9 1 3 2 
12 47 2 18 4 1 
84 
22 13 14 29 4 1 1 
52 3 12 15 2 
1 37 42 1 3 
8 17 51 4 4 
60 6 9 7 1 1 
1 31 24 24 4 
14 30 38 2 
1 46 14 14 4 2 2 1 
3 14 22 31 4 7 3 
2 47 8 27 
2 1 26 48 1 1 1 2 2 
25 18 37 3 1 
7 32 26 12 2 3 2 
23 11 49 1 
2 28 13 17 23 1 
1 60 12 9 1 1 
83 1 
43 2 9 2 9 2 4 9 2 1 1 
1 83 
10 22 26 6 5 9 4 2 
11 12 29 14 15 3 
19 29 2 33 1 
2 9 73 
57 19 6 2 
11 35 38 
21 46 3 3 11 
2 45 35 2 
3 24 16 25 14 1 1 
75 7 1 1 
2 70 1 2 8 1 
2 14 16 2 19 5 16 6 3 1 
1 56 22 5 
14 41 15 13 1 
2 4 6 23 11 23 12 3 
24 58 2 
5 12 53 2 6 3 1 2 
9 46 4 21 4 
50 34 
22 40 8 11 2 1 
2 29 19 7 13 11 3 
4 6 67 1 6 
67 6 11 
10 38 7 21 1 7 
42 3 39 
2 15 42 23 2 
10 56 6 7 5 
1 74 9 
22 14 35 12 1 
1 71 8 2 1 1 
3 34 20 19 5 2 1 
5 14 16 24 17 1 7 
5 68 4 4 2 1 
1 31 46 1 5 
1 63 1 7 2 6 4 
3 66 14 1 
4 45 35 
3 1 29 14 22 14 1 
82 2 
1 40 29 14 
4 54 7 11 8 
8 36 13 19 8 
2 33 5 35 9 
20 46 3 1 7 7 
1 39 15 23 2 1 3 
2 5 56 4 7 5 3 2 
2 60 8 2 9 1 1 1 
2 37 36 5 3 1 
5 19 22 7 12 10 9 
1 10 60 12 1 
1 73 3 5 2 
1 23 47 3 10 
2 5 67 10 
2 56 1 20 1 1 1 2 
2 78 2 1 1 
13 3 51 1 1 4 5 4 1 1 
1 62 2 3 10 6 
4 14 65 1 
2 2 41 32 3 4 
43 18 1 1 9 11 1 
1 76 7 
3 71 10 
1 5 10 34 6 10 10 4 1 1 2 
2 16 13 36 5 6 5 1 
1 34 25 18 1 4 1 
13 16 51 3 1 
1 80 3 
67 12 2 3 
2 47 11 1 16 3 2 1 1 
16 7 1 11 1 10 21 16 1 
1 45 31 4 2 1 
3 18 40 10 5 5 2 1 
1 56 23 3 1 
8 34 15 19 4 4 
71 10 3 
1 51 31 1 
31 40 6 3 2 1 1 
1 63 1 16 3 
28 41 6 6 3 
16 29 39 
2 46 20 6 2 1 7 
9 59 16 
18 59 4 3 
2 51 28 3 
2 33 44 1 2 2 
2 42 18 15 7 
67 16 1 
4 73 7 
2 20 56 2 2 1 1 
1 47 17 6 3 10 
21 4 33 13 8 5 
1 42 26 2 3 7 3 
5 55 9 3 7 1 3 1 
1 61 16 1 5 
1 32 32 18 1 
4 46 5 17 5 2 2 3 
4 37 14 3 9 9 1 1 3 2 1 
1 23 60 
1 8 29 17 17 7 1 4 
20 4 15 22 20 3 
2 82 
1 32 51 
5 12 7 13 15 5 4 9 13 1 
1 61 22 
1 24 42 14 2 1 
16 56 8 4 
1 82 1 
2 49 17 7 1 7 1 
1 69 6 4 3 1 
1 72 7 4 
3 62 19 
1 72 3 3 5 
84 
1 62 21 
2 26 25 9 22 
2 72 1 4 1 2 1 1 
2 23 57 2 
3 75 2 2 1 1 
29 5 34 12 4 
1 21 20 6 29 2 2 1 1 1 
1 9 38 23 4 9 
1 6 5 11 24 28 8 1 
3 20 45 4 5 4 3 
2 49 25 1 5 1 1 
1 56 3 12 7 2 2 1 
1 82 1 
22 7 5 39 3 6 2 
3 38 3 2 16 13 7 2 
1 83 
1 41 28 14 
1 27 13 22 20 1 
19 35 20 2 6 2 
12 49 3 3 11 4 2 
5 73 3 1 2 
9 52 2 4 1 9 3 4 
54 12 15 3 
3 43 28 1 4 4 1 
1 81 1 1 
4 70 6 3 1 
74 8 2 
1 13 51 16 1 2 
2 12 2 3 25 22 18 
2 81 1 
2 4 64 4 6 1 3 
20 57 7 
1 15 40 17 3 2 4 1 1 
1 8 7 42 2 14 9 1 
48 26 10 
3 58 12 7 4 
42 27 1 10 4 
2 54 28 
26 47 7 1 2 1 
65 18 1 
23 13 23 14 11 
3 53 10 16 2 
17 64 3 
1 11 62 3 6 1 
43 12 2 1 13 1 3 1 3 4 1 
2 75 1 4 2 
7 41 4 4 13 1 10 4 
81 3 
3 20 15 28 6 2 9 1 
22 55 4 3 
3 55 7 5 12 2 
31 53 
1 61 18 1 1 2 
13 26 11 2 1 9 14 1 4 2 1 
1 81 2 
2 28 49 5 
25 13 36 6 3 1 
1 79 4 
1 70 2 2 3 3 3 
6 24 37 3 7 2 3 1 1 
1 18 29 21 15 
2 58 22 1 1 
34 47 3 
1 82 1 
4 55 21 4 
3 45 12 3 15 3 2 1 
5 50 4 5 4 13 2 1 
2 11 51 11 3 3 2 1 
1 26 3 16 38 
2 55 19 4 4 
62 4 1 9 4 4 
14 21 45 3 1 
19 8 3 49 5 
1 42 3 16 4 16 1 1 
11 9 41 5 3 10 1 4 
3 48 10 11 4 6 2 
4 80 
1 26 35 12 5 2 3 
1 74 5 2 2 
1 6 8 32 28 8 1 
3 50 20 5 5 1 
49 31 3 1 
1 16 66 1 
1 43 37 3 
1 79 1 3 
7 59 9 9 
5 63 1 14 1 
3 52 14 4 4 3 4 
1 62 21 
1 22 35 20 2 3 1 
51 28 5 
49 26 4 4 1 
37 35 11 1 
2 35 13 19 15 
1 45 31 6 1 
74 7 3 
1 82 1 
5 65 9 4 1 
7 76 1 
70 10 4 
1 68 15 
1 63 5 4 2 9 
1 4 13 20 46 
6 14 58 4 1 1 
82 1 1 
1 6 15 62 
1 6 68 4 4 1 
1 11 3 2 16 16 31 3 1 
13 61 2 3 1 4 
6 3 73 2 
1 72 6 1 1 3 
1 6 45 19 3 3 3 4 
8 34 2 27 3 1 5 3 1 
1 49 1 3 9 16 1 2 2 
2 50 22 7 2 1 
3 55 26 
1 11 65 7 
2 65 9 7 1 
2 57 4 6 1 1 7 1 4 1 
2 6 22 36 5 11 2 
1 21 8 37 15 1 1 
1 9 30 41 1 2 
1 52 25 1 3 2 
5 62 10 2 2 1 1 1 
2 40 39 3 
2 81 1 
1 32 28 6 3 10 1 3 
2 78 4 
2 70 10 1 1 
3 18 3 25 31 3 1 
2 24 30 27 1 
1 21 33 24 5 
6 55 23 
1 8 4 10 10 24 26 1 
9 69 5 1 
27 32 12 2 7 3 1 
1 69 3 4 7 
4 23 45 6 6 
1 64 12 4 3 
25 56 1 2 
1 61 13 3 5 1 
1 44 3 20 11 4 1 
2 26 29 11 4 8 4 
5 73 5 1 
1 25 45 11 2 
1 27 12 35 9 
1 69 11 2 1 
9 70 5 
5 4 7 26 32 7 3 
1 72 5 4 2 
18 21 12 27 6 
1 56 8 11 5 1 1 1 
2 58 21 3 
2 11 16 20 17 10 5 3 
2 70 12 
6 19 29 16 6 2 4 1 1 
38 44 1 1 
54 26 1 1 1 1 
2 30 25 26 1 
71 3 4 4 1 1 
2 8 32 11 20 1 2 8 
1 16 33 30 4 
1 39 24 16 2 2 
4 65 9 6 
1 18 29 4 31 1 
2 7 7 17 11 37 2 1 
11 48 22 3 
1 80 3 
4 44 4 1 14 17 
1 8 49 11 2 1 2 10 
78 3 1 2 
2 45 36 1 
2 48 10 5 17 2 
3 62 15 1 2 1 
1 64 4 1 7 2 2 1 2 
13 31 2 35 3 
59 7 5 7 1 1 1 1 2 
1 68 12 1 1 1 
4 69 3 6 2 
37 27 15 2 3 
8 55 12 4 4 1 
3 33 10 18 2 7 1 4 3 2 1 
7 31 42 2 2 
2 69 10 2 1 
1 64 12 6 1 
6 48 30 
1 83 
1 49 34 
9 31 33 4 5 2 
1 34 2 43 2 1 1 
24 38 2 9 5 4 1 1 
1 61 22 
10 58 11 3 1 1 
62 6 14 2 
4 35 44 1 
1 51 6 4 4 2 2 11 2 1 
1 69 5 8 1 
51 2 23 4 4 
1 30 30 4 13 2 4 
7 36 7 27 5 2 
2 60 11 11 
9 1 19 10 18 5 4 3 2 11 1 1 
1 80 3 
1 24 50 9 
41 37 4 2 
2 13 12 19 3 10 13 7 2 1 2 
1 9 45 4 5 16 2 2 
6 66 12 
2 28 37 4 13 
4 42 19 3 1 11 4 
22 23 39 
1 71 3 3 6 
3 56 15 5 5 
1 36 20 20 2 3 1 1 
1 17 25 7 10 4 17 3 
2 43 38 1 
1 80 3 
2 56 18 4 4 
42 8 34 
1 65 10 8 
2 13 37 32 
82 2 
2 10 33 33 6 
4 71 9 
2 2 49 12 2 10 1 5 1 
1 8 54 20 1 
1 56 10 4 11 2 
12 24 25 15 8 
83 1 
1 48 22 13 
1 58 25 
1 3 59 20 1 
38 32 1 9 4 
1 60 9 6 4 1 3 
27 46 3 1 5 1 1 
11 17 4 4 6 11 8 19 2 1 1 
2 29 47 3 3 
37 46 1 
9 14 47 1 4 7 1 1 
8 19 36 19 1 1 
2 8 17 20 27 4 6 
9 37 20 9 4 5 
10 28 46 
3 3 58 8 12 
3 57 24 
1 67 10 3 1 1 1 
84 
2 5 12 21 3 26 1 10 1 2 1 
7 22 8 32 13 2 
1 83 
1 45 37 1 
1 15 27 8 10 4 19 
1 50 33 
7 17 60 
1 11 22 42 2 4 1 1 
5 5 54 8 8 3 1 
21 54 9 
1 61 21 1 
4 22 56 1 1 
4 31 4 6 36 1 1 1 
2 6 55 4 12 1 2 2 
3 40 34 7 
28 33 17 5 1 
1 56 5 6 15 1 
2 74 8 
2 5 28 30 2 4 7 6 
2 57 10 13 2 
4 32 47 1 
3 13 21 11 20 9 7 
17 55 4 6 1 1 
1 52 1 27 3 
1 61 15 5 2 
3 26 12 17 15 4 3 1 1 1 1 
3 59 20 1 1 
70 2 3 1 6 1 1 
3 4 16 17 19 16 3 6 
1 23 1 1 26 1 8 3 13 4 3 
15 42 22 5 
1 68 11 2 2 
3 57 8 16 
2 24 50 8 
74 6 4 
41 24 19 
9 25 14 7 1 16 1 3 1 1 2 2 1 1 
6 55 23 
10 66 1 3 2 1 1 
19 41 13 3 6 1 1 
2 37 33 9 2 1 
8 45 16 4 2 1 8 
64 18 2 
1 12 19 1 4 13 4 10 1 16 2 1 
52 18 11 3 
48 13 12 6 4 1 
1 31 8 41 3 
57 19 8 
11 7 43 12 10 1 
5 4 46 26 3 
1 55 23 5 
10 67 6 1 
18 65 1 
3 36 31 12 1 1 
2 41 37 4 
1 57 26 
10 56 9 3 2 1 1 2 
8 57 16 1 2 
2 68 14 
1 35 23 8 7 6 1 3 
5 72 6 1 
3 44 24 10 2 1 
11 72 1 
2 12 26 44 
49 21 14 
2 31 5 38 8 
4 18 51 4 5 2 
84 
1 83 
1 70 2 2 1 2 5 1 
2 54 22 4 2 
1 33 35 14 1 
5 36 11 14 12 6 
1 41 10 31 1 
2 22 13 15 15 7 5 1 2 1 1 
1 38 43 2 
2 44 11 16 2 3 6 
4 67 7 1 5 
2 45 37 
1 25 38 15 5 
1 36 34 7 5 1 
3 16 3 32 30 
1 55 14 8 6 
10 55 11 1 5 1 1 
5 46 8 12 13 
4 49 19 6 2 3 1 
30 5 15 18 15 1 
2 15 9 54 3 1 
1 14 37 8 12 4 3 2 2 1 
48 14 5 7 2 5 3 
1 12 42 19 1 2 2 2 2 1 
1 72 6 3 2 
2 67 15 
1 47 6 4 20 1 5 
11 41 29 3 
2 3 59 20 
7 70 6 1 
2 48 3 14 4 6 7 
79 2 2 1 
74 7 3 
1 61 22 
2 17 49 3 6 6 1 
1 29 54 
63 11 6 2 2 
1 57 12 13 1 
41 34 3 1 4 1 
30 36 1 16 1 
4 11 30 12 1 1 8 3 14 
2 79 3 
12 53 6 7 1 1 2 1 1 
35 21 12 6 1 8 1 
1 55 5 5 7 9 2 
83 1 
1 67 2 4 2 4 2 1 1 
2 63 3 5 1 5 1 1 1 1 1 
3 20 31 25 1 1 1 1 1 
1 37 46 
2 39 33 2 4 2 2 
6 24 54 
4 53 24 3 
2 41 38 2 1 
1 27 23 25 2 1 4 1 
5 71 8 
4 80 
1 28 31 21 3 
11 58 4 10 1 
10 71 3 
8 51 25 
2 78 4 
79 2 1 1 1 
1 66 7 6 4 
30 37 10 7 
2 16 65 1 
3 6 22 53 
61 10 8 1 1 2 1 
1 31 4 2 38 8 
1 3 55 19 4 1 1 
6 43 6 16 10 2 1 
9 42 19 8 4 1 1 
12 58 7 4 3 
8 11 30 20 15 
2 15 26 35 6 
2 39 8 26 9 
1 47 3 13 19 1 
1 60 4 10 3 4 2 
12 57 2 1 11 1 
3 59 22 
1 30 13 20 6 2 3 8 1 
3 68 12 1 
2 36 5 22 8 7 3 1 
1 6 33 22 16 4 1 1 
10 64 2 4 4 
4 8 20 6 26 15 1 2 2 
1 74 2 3 4 
2 47 17 3 9 3 1 1 1 
2 60 19 1 2 
2 34 19 18 6 3 2 
4 60 3 13 2 1 1 
4 16 26 4 1 22 2 5 4 
1 72 8 2 1 
5 10 16 51 2 
1 51 31 1 
40 5 26 2 11 
3 37 29 10 2 3 
83 1 
1 77 5 1 
18 26 12 14 2 11 1 
5 37 40 1 1 
3 54 14 5 3 5 
1 77 5 1 
16 4 39 14 3 4 1 2 1 
1 9 32 2 19 17 4 
2 21 6 15 6 7 27 
81 2 1 
1 73 5 3 2 
1 64 16 2 1 
1 1 48 24 2 6 1 1 
1 69 6 4 3 1 
30 17 13 5 6 7 5 1 
1 41 8 16 2 16 
1 83 
1 68 14 1 
1 50 11 2 8 9 2 1 
1 10 55 2 8 1 2 2 2 1 
11 7 66 
1 30 50 1 1 1 
1 13 40 8 22 
1 31 33 19 
3 3 50 9 1 3 7 8 
1 73 6 2 2 
60 23 1 
2 27 2 41 5 2 4 1 
1 74 1 3 3 2 
1 39 23 7 10 3 1 
49 17 16 1 1 
2 70 12 
77 7 
1 82 1 
2 46 23 13 
12 24 28 19 1 
1 49 18 4 3 5 3 1 
3 65 7 2 3 2 2 
2 55 9 12 5 1 
1 31 2 47 3 
2 30 33 18 1 
1 35 33 3 6 6 
16 49 8 2 1 7 1 
8 53 7 9 7 
5 21 8 20 30 
1 14 18 40 3 8 
1 64 19 
5 17 33 28 1 
1 31 14 29 3 1 3 1 1 
5 68 6 5 
1 80 3 
1 43 17 9 8 3 2 1 
19 49 16 
1 60 13 3 2 3 2 
2 18 4 21 13 15 10 1 
4 48 2 10 2 6 4 5 3 
2 57 24 1 
1 33 41 6 1 1 1 
2 35 20 3 1 19 4 
27 18 39 
31 21 13 11 8 
3 67 14 
8 27 44 5 
3 17 41 13 9 1 
2 73 6 1 1 1 
1 16 60 6 1 
5 8 36 8 16 7 2 1 1 
43 2 39 
2 60 9 2 5 6 
1 23 17 37 6 
29 52 3 
8 24 25 27 
19 14 43 1 5 1 1 
3 1 27 51 1 1 
2 27 32 16 7 
4 7 44 29 
59 15 8 1 1 
62 15 7 
4 8 8 53 5 2 2 1 1 
1 38 41 4 
70 1 1 12 
32 41 11 
8 58 18 
7 32 40 3 2 
22 55 6 1 
4 2 19 2 16 41 
1 5 60 8 8 2 
1 76 5 2 
1 72 5 1 4 1 
4 15 59 6 
7 68 8 1 
2 35 25 13 6 3 
1 18 42 12 2 2 3 3 1 
9 23 5 4 16 8 5 7 6 1 
8 60 9 3 4 
8 64 12 
4 37 7 15 14 5 2 
2 53 29 
6 78 
1 49 12 8 5 5 4 
20 37 16 7 1 1 2 
6 78 
1 2 7 60 10 2 2 
1 35 48 
1 54 6 22 1 
13 11 32 14 2 1 3 6 1 1 
58 20 5 1 
83 1 
9 42 21 4 2 6 
1 6 8 18 45 5 1 
7 2 68 6 1 
1 35 22 14 5 2 5 
2 7 58 17 
1 39 19 23 2 
1 28 5 13 2 6 17 6 1 1 1 2 1 
11 67 2 1 3 
4 29 32 14 4 1 
19 10 5 50 
80 1 3 
1 65 18 
1 33 39 4 5 1 1 
4 53 22 5 
48 6 16 9 2 1 1 1 
29 39 4 5 3 3 1 
15 36 21 7 1 3 1 
1 64 10 7 1 1 
2 82 
1 42 20 17 2 2 
1 46 13 22 1 1 
1 26 12 40 3 1 1 
2 19 56 2 3 2 
8 60 11 5 
10 70 4 
1 78 4 1 
1 7 32 42 1 1 
1 63 8 12 
4 32 23 11 13 1 
1 60 5 11 2 5 
1 36 28 14 4 1 
1 21 10 15 30 3 2 2 
2 1 40 37 4 
1 15 10 6 13 15 6 6 8 3 1 
2 7 22 13 1 13 24 2 
47 21 4 1 5 6 
3 68 13 
5 51 23 2 2 1 
10 70 4 
22 32 30 
1 9 27 24 23 
1 2 16 4 25 6 28 2 
52 13 12 3 1 1 2 
4 54 15 1 2 2 1 2 1 2 
73 2 3 5 1 
13 69 2 
8 58 18 
1 74 4 2 3 
6 36 2 24 2 9 3 2 
1 79 2 2 
1 30 3 5 9 14 8 5 5 4 
1 23 60 
11 9 61 3 
19 60 4 1 
1 12 33 28 6 3 1 
1 76 7 
1 50 7 8 18 
5 11 47 21 
41 20 12 7 4 
52 10 6 1 2 1 12 
80 3 1 
1 75 5 2 1 
2 62 20 
1 35 48 
1 35 39 8 1 
28 23 19 13 1 
14 56 14 
3 28 53 
84 
25 28 2 7 2 8 3 6 1 1 1 
3 44 29 8 
1 40 15 12 10 5 1 
1 7 66 3 4 2 1 
11 60 12 1 
2 65 17 
6 60 16 1 1 
2 58 20 4 
1 64 8 1 8 2 
4 40 40 
7 67 6 1 3 
1 61 4 14 4 
1 56 19 2 6 
17 67 
2 66 6 1 9 
1 60 10 5 1 1 1 3 2 
16 32 13 14 6 1 2 
1 30 50 2 1 
1 45 14 18 3 3 
1 3 4 27 44 3 1 1 
31 20 33 
1 3 52 16 11 1 
1 24 3 15 5 6 3 4 3 3 13 1 2 1 
7 71 3 1 2 
4 80 
1 64 2 15 2 
3 3 75 2 1 
1 3 38 8 4 15 6 1 1 5 2 
4 58 20 1 1 
20 62 2 
53 10 4 2 3 3 2 4 2 1 
3 38 25 13 3 2 
15 62 7 
1 28 20 28 2 2 1 2 
9 14 36 2 19 4 
6 32 41 3 2 
1 61 6 6 1 9 
81 3 
11 68 4 1 
2 69 11 1 1 
1 16 46 16 1 4 
50 5 19 1 6 3 
33 45 6 
26 32 9 4 13 
1 61 8 6 4 4 
7 26 51 
10 66 3 4 1 
1 17 56 8 2 
39 29 13 2 1 
3 65 13 1 1 1 
6 18 60 
2 14 40 13 7 3 4 1 
1 28 55 
3 12 31 10 9 3 7 6 2 1 
2 54 3 17 2 2 2 1 1 
1 51 32 
3 69 11 1 
1 59 5 10 1 1 3 2 1 1 
4 34 28 2 5 7 4 
2 35 2 34 9 2 
5 9 2 50 14 4 
3 41 15 24 1 
1 65 10 1 4 1 1 1 
3 51 6 23 1 
80 2 2 
2 71 1 6 3 1 
62 13 1 1 3 3 1 
2 65 8 2 3 4 
18 59 4 1 1 1 
4 30 46 2 2 
10 29 15 25 3 1 1 
1 46 36 1 
1 77 6 
1 75 8 
1 28 19 7 8 14 7 
1 31 47 4 1 
13 55 11 2 3 
51 22 9 2 
1 78 3 2 
1 74 6 1 2 
2 25 1 39 12 3 1 1 
1 68 5 10 
2 70 12 
46 20 10 1 6 1 
8 4 72 
1 15 14 6 36 12 
1 68 5 5 5 
2 52 6 23 1 
54 29 1 
2 56 2 24 
3 61 5 5 9 1 
1 61 21 1 
1 81 1 1 
30 40 3 3 6 2 
1 83 
1 56 4 13 3 4 3 
1 20 59 2 2 
1 61 10 11 1 
2 76 6 
2 80 2 
1 74 1 6 2 
13 18 28 17 3 4 1 
1 78 5 
12 64 8 
3 55 26 
1 51 19 7 6 
16 21 2 11 26 5 2 1 
1 5 61 2 3 6 2 1 3 
1 49 17 9 3 2 3 
5 62 15 1 1 
2 62 14 1 5 
3 28 37 5 4 7 
2 53 1 12 7 8 1 
1 8 53 14 8 
4 5 3 38 34 
2 66 8 5 1 2 
5 21 23 35 
5 11 50 7 10 1 
11 62 3 4 1 1 1 1 
23 24 31 4 2 
1 19 14 36 14 
4 54 19 2 1 1 2 1 
1 4 54 10 6 5 4 
36 7 27 11 3 
1 16 10 14 15 10 5 8 2 1 1 1 
1 66 16 1 
1 77 5 1 
6 40 13 21 1 1 2 
1 28 11 18 2 11 2 5 4 1 1 
14 38 29 2 1 
2 41 17 9 13 1 1 
1 18 21 4 7 22 10 1 
2 58 24 
3 69 9 1 2 
7 23 5 11 24 10 1 3 
58 20 6 
6 78 
1 53 18 9 1 2 
1 15 34 26 4 2 2 
1 17 56 1 3 1 1 1 2 1 
5 16 42 2 14 2 1 2 
48 5 4 6 2 8 8 2 1 
6 9 26 20 2 9 3 2 1 3 3 
1 21 62 
2 82 
1 48 29 5 1 
3 66 15 
1 13 27 41 2 
3 30 35 8 5 1 1 1 
1 18 58 4 3 
1 69 8 1 3 2 
21 44 5 4 10 
2 20 11 7 16 14 10 1 2 1 
1 21 2 52 6 2 
2 54 4 5 9 2 5 2 1 
84 
1 53 15 4 2 8 1 
1 70 10 2 1 
52 31 1 
4 45 17 14 1 2 1 
8 6 50 3 5 9 3 
3 21 13 45 2 
1 15 21 11 4 21 5 2 3 1 
2 7 8 28 7 23 4 5 
19 45 18 1 1 
1 41 42 
84 
1 59 20 3 1 
2 62 5 13 2 
2 82 
1 11 3 10 24 6 18 9 2 
1 9 29 7 13 12 13 
1 42 23 14 4 
15 33 35 1 
2 62 20 
1 64 15 1 3 
2 82 
6 46 25 3 3 1 
6 10 63 2 1 1 1 
21 3 3 36 9 6 4 1 1 
1 37 15 9 15 5 1 1 
7 41 36 
1 70 12 1 
59 21 3 1 
5 12 59 2 1 4 1 
2 45 16 9 4 8 
1 76 7 
1 70 4 8 1 
3 70 9 2 
83 1 
58 23 3 
69 4 11 
37 47 
2 66 4 10 2 
48 16 18 2 
1 82 1 
8 54 7 10 2 3 
30 39 11 4 
13 34 23 6 8 
3 32 39 9 1 
12 61 11 
1 56 11 16 
10 64 1 7 1 1 
2 66 4 8 1 2 1 
14 42 18 9 1 
6 41 9 26 1 1 
8 18 50 8 
4 54 3 10 11 1 1 
4 56 17 2 5 
4 18 17 41 4 
4 20 3 57 
7 17 29 5 23 3 
43 8 2 10 21 
1 46 1 10 7 6 9 1 2 1 
28 52 3 1 
17 60 7 
4 14 16 6 8 33 1 1 1 
1 66 16 1 
4 24 47 2 6 1 
1 50 14 8 11 
6 54 18 2 4 
1 66 15 2 
1 4 29 2 12 15 5 16 
1 78 5 
11 2 30 39 2 
7 55 1 18 1 1 1 
1 65 15 2 1 
77 7 
1 4 6 30 4 27 9 3 
26 7 22 4 8 1 15 1 
1 39 33 1 10 
83 1 
2 61 13 6 1 1 
2 69 7 5 1 
1 50 33 
1 1 53 15 5 7 2 
78 6 
2 49 13 12 4 4 
22 9 52 1 
2 53 17 11 1 
4 8 30 16 17 2 3 2 2 
46 15 4 12 3 3 1 
3 61 19 1 
3 5 70 2 4 
2 54 14 14 
22 40 9 10 2 1 
1 62 15 5 1 
16 1 30 35 2 
1 39 44 
2 14 11 37 19 1 
1 21 4 36 13 4 4 1 
1 52 31 
2 63 5 8 5 1 
3 14 38 26 2 1 
1 5 71 2 3 1 1 
2 10 34 5 27 4 2 
1 42 8 5 11 2 8 6 1 
1 58 15 1 3 3 1 1 1 
1 14 12 39 4 1 2 6 5 
7 27 20 19 10 1 
23 22 35 4 
1 71 1 8 3 
3 35 16 5 1 16 6 1 1 
1 55 2 26 
1 43 25 15 
3 46 19 4 2 9 1 
1 26 7 1 39 1 1 4 2 1 1 
1 22 14 42 4 1 
1 43 38 1 1 
2 74 2 2 3 1 
1 22 39 6 12 4 
1 7 15 9 22 7 13 1 3 1 3 1 1 
37 41 2 3 1 
20 56 4 3 1 
67 3 7 6 1 
1 29 26 23 2 2 1 
18 16 28 2 1 19 
1 61 15 2 1 4 
2 29 53 
2 56 1 23 2 
21 23 14 11 5 3 6 1 
2 13 67 1 1 
1 52 20 8 2 1 
5 4 3 27 10 25 7 1 2 
1 74 2 7 
4 38 3 18 4 11 6 
5 71 8 
44 33 7 
2 29 42 4 7 
1 42 14 27 
10 24 48 1 1 
19 46 10 9 
1 65 2 8 8 
4 3 16 30 28 3 
1 6 54 9 14 
1 71 7 4 1 
3 31 17 24 9 
1 3 56 2 17 3 2 
1 64 5 9 1 4 
31 23 27 3 
1 26 16 41 
1 16 33 12 15 4 3 
2 46 29 6 1 
2 47 35 
3 62 13 6 
2 22 16 19 14 11 
3 64 15 2 
4 74 6 
2 72 10 
4 44 3 29 2 1 1 
19 14 48 2 1 
5 46 14 3 1 5 10 
1 2 79 1 1 
2 82 
1 18 6 43 15 1 
1 54 26 2 1 
2 18 25 38 1 
2 43 7 22 8 1 1 
8 41 2 21 10 2 
9 9 8 57 1 
1 24 16 23 20 
77 1 3 2 1 
1 14 64 2 2 1 
28 8 35 8 4 1 
1 49 26 6 2 
1 66 1 9 1 6 
63 9 8 2 1 1 
4 22 51 7 
39 8 37 
12 58 9 1 4 
1 28 51 2 2 
3 29 12 25 13 2 
69 1 7 2 3 2 
47 6 14 12 1 2 2 
1 47 16 19 1 
1 48 2 29 4 
4 14 32 26 8 
1 38 45 
1 45 22 3 5 2 6 
2 49 16 10 2 4 1 
2 48 23 10 1 
1 69 12 1 1 
82 2 
1 70 6 2 5 
69 11 3 1 
1 83 
3 18 13 22 11 4 4 6 3 
7 29 15 23 7 1 2 
2 18 60 2 1 1 
1 78 4 1 
5 35 41 3 
1 1 82 
2 53 18 10 1 
3 77 1 1 2 
4 38 17 12 10 3 
1 67 5 9 1 1 
1 75 1 3 4 
1 59 2 21 1 
1 9 56 8 7 3 
68 11 5 
1 34 18 23 7 1 
1 25 10 40 2 2 1 3 
3 43 9 28 1 
65 18 1 
3 5 19 37 1 13 6 
15 67 2 
2 46 24 3 8 1 
1 53 14 1 5 7 3 
3 30 20 9 7 10 5 
14 17 14 3 5 2 11 10 8 
34 5 4 17 7 3 5 8 1 
83 1 
8 29 23 17 7 
1 33 11 7 25 7 
74 9 1 
9 33 2 33 1 4 2 
1 13 45 6 19 
2 15 56 2 1 1 5 1 1 
1 56 9 10 8 
11 1 46 15 6 2 2 1 
56 3 8 9 8 
8 20 15 10 29 1 1 
21 63 
2 55 16 2 2 2 3 1 1 
1 77 6 
1 30 26 3 15 8 1 
1 21 2 7 26 11 10 4 1 1 
5 9 31 6 11 12 1 2 2 4 1 
1 7 12 5 24 1 16 9 5 3 1 
1 46 21 2 1 9 2 2 
1 35 11 26 1 2 5 2 1 
63 1 18 1 1 
1 49 14 3 8 6 1 2 
5 23 17 10 19 2 5 2 1 
1 10 39 8 12 5 4 4 1 
3 72 9 
54 27 2 1 
11 36 11 13 3 5 5 
4 22 2 49 7 
15 67 1 1 
12 57 2 7 2 2 1 1 
1 24 14 15 18 7 1 2 2 
8 70 5 1 
2 74 8 
2 58 23 1 
7 18 40 2 17 
3 67 10 1 3 
5 61 4 11 1 1 1 
11 42 27 4 
1 14 13 39 17 
6 24 18 5 23 1 2 5 
1 37 4 2 2 11 12 1 11 2 1 
43 20 14 5 1 1 
1 35 23 4 16 1 2 2 
2 37 1 25 19 
1 8 68 5 2 
1 69 4 6 1 3 
4 5 11 57 2 2 1 2 
57 13 12 1 1 
1 81 2 
33 41 10 
81 3 
1 56 20 5 2 
1 49 25 2 2 2 2 1 
4 48 25 3 1 3 
24 27 33 
1 41 37 4 1 
3 46 31 3 1 
1 57 13 8 1 3 1 
50 13 8 7 3 1 1 1 
6 70 2 1 1 4 
4 13 67 
5 4 12 59 3 1 
1 28 31 15 9 
20 52 6 3 2 1 
2 68 7 2 5 
1 60 23 
1 7 68 3 5 
26 42 10 2 2 1 1 
2 42 40 
84 
8 25 36 6 1 4 2 1 1 
4 44 33 1 2 
2 43 14 5 6 1 10 3 
1 27 54 1 1 
16 3 48 10 3 3 1 
66 1 11 1 2 3 
1 53 4 16 3 6 1 
1 26 56 1 
1 82 1 
1 71 5 1 3 2 1 
16 65 1 1 1 
1 18 48 14 2 1 
36 16 14 17 1 
84 
3 37 35 8 1 
1 73 8 2 
1 61 4 17 1 
77 3 4 
1 83 
1 31 20 19 13 
8 3 63 6 4 
4 29 42 9 
1 46 24 2 3 1 5 2 
6 30 23 24 1 
5 77 2 
6 56 11 8 3 
1 35 19 11 4 10 3 1 
37 12 11 5 15 2 2 
3 29 37 3 8 4 
28 34 2 18 1 1 
4 23 18 3 11 3 13 4 2 2 1 
3 8 55 14 1 2 1 
3 45 36 
1 59 7 1 4 3 9 
1 21 40 12 10 
4 68 12 
10 20 22 5 4 9 3 3 3 4 1 
1 69 4 8 1 1 
22 4 15 18 19 6 
64 16 3 1 
9 33 27 3 2 4 4 2 
1 57 10 5 7 2 2 
27 34 19 2 2 
13 12 8 21 30 
69 9 4 1 1 
11 5 47 16 3 1 1 
24 52 6 2 
14 24 1 19 7 12 4 1 2 
24 41 14 4 1 
6 62 11 1 1 3 
5 78 1 
6 15 16 45 1 1 
2 45 37 
2 19 52 6 3 2 
1 67 7 9 
3 63 4 9 5 
11 10 30 20 13 
6 27 17 14 4 2 9 2 2 1 
1 28 18 10 18 5 3 1 
9 21 27 12 8 5 2 
1 27 2 51 1 1 1 
5 8 35 10 5 21 
1 10 39 29 3 1 1 
84 
1 40 3 26 12 2 
1 27 15 31 2 1 6 1 
2 76 6 
84 
1 68 7 2 5 1 
7 1 37 35 1 2 1 
84 
1 10 55 17 1 
3 81 
4 75 5 
1 19 63 1 
4 20 26 29 5 
1 9 36 2 15 19 1 1 
1 24 12 9 17 6 14 1 
3 65 1 7 6 1 1 
1 18 46 13 3 3 
1 23 30 1 2 5 5 4 5 2 2 4 
16 3 31 5 18 3 2 3 2 1 
1 81 1 1 
4 67 6 2 4 1 
2 33 9 18 3 8 4 5 2 
2 59 11 11 1 
6 35 40 3 
78 4 2 
8 49 9 10 8 
2 42 10 6 18 1 5 
1 11 43 21 2 2 1 1 2 
1 15 6 5 52 2 1 1 1 
4 28 30 4 6 4 1 3 2 1 1 
13 67 4 
29 33 14 4 4 
1 37 27 2 7 6 2 2 
3 34 4 8 5 19 8 3 
15 39 14 14 1 1 
3 54 12 13 1 1 
15 60 9 
17 22 45 
1 80 3 
2 8 44 19 3 2 5 1 
1 71 12 
5 51 8 13 4 1 1 1 
45 38 1 
3 39 42 
9 37 38 
2 36 33 3 9 1 
1 75 5 2 1 
2 65 17 
60 14 5 1 4 
3 50 29 2 
39 8 16 8 4 8 1 
1 7 8 10 20 6 15 6 10 1 
3 65 16 
33 1 18 25 2 3 2 
1 46 9 18 5 4 1 
73 10 1 
1 11 60 9 1 2 
1 35 10 21 6 1 8 1 1 
1 33 5 45 
4 61 8 9 2 
1 48 31 1 1 2 
35 12 33 3 1 
1 45 22 2 10 1 2 1 
1 13 1 30 32 1 3 2 1 
2 24 1 47 6 4 
1 80 3 
1 54 23 5 1 
1 1 60 22 
1 10 14 46 8 2 1 1 1 
1 52 31 
32 28 21 2 1 
1 60 23 
28 50 4 1 1 
2 65 15 2 
62 3 18 1 
12 2 11 30 1 10 12 2 4 
1 10 67 5 1 
3 26 37 12 6 
1 31 24 6 12 6 3 1 
5 14 29 24 12 
1 66 17 
1 5 14 9 46 7 2 
1 73 5 3 2 
5 32 22 6 5 4 5 4 1 
45 23 4 3 2 7 
6 78 
1 44 24 11 1 1 1 1 
18 22 29 12 3 
1 60 3 6 6 8 
9 7 63 5 
1 4 26 11 42 
44 31 6 2 1 
1 78 1 4 
6 41 23 9 3 2 
11 11 34 28 
83 1 
6 61 14 2 1 
1 25 51 3 2 1 1 
1 59 16 5 2 1 
1 15 20 19 23 6 
23 33 8 16 1 1 1 1 
15 18 30 20 1 
3 55 6 3 17 
2 31 48 3 
3 55 15 7 4 
4 23 30 5 5 10 1 2 3 1 
7 77 
2 52 19 2 1 4 4 
13 43 22 6 
2 57 22 3 
4 13 18 3 6 33 7 
1 81 2 
1 73 1 4 2 1 2 
1 25 10 29 12 5 2 
2 41 3 34 3 1 
1 74 9 
8 2 12 1 59 1 1 
1 38 32 13 
2 31 47 1 3 
1 44 39 
16 48 20 
1 59 10 1 2 6 1 4 
3 15 60 2 2 2 
3 7 35 1 10 4 6 7 3 1 2 4 1 
64 13 5 2 
1 26 40 11 6 
3 75 3 3 
84 
1 31 4 10 6 16 15 1 
3 46 11 6 8 1 2 4 1 2 
4 24 50 3 2 1 
3 3 51 9 1 10 2 4 1 
8 59 12 4 1 
1 50 3 5 13 4 8 
29 47 6 1 1 
1 27 44 2 2 5 1 2 
1 15 33 29 6 
1 41 15 18 8 1 
1 3 78 2 
2 61 13 4 4 
5 68 5 1 1 1 3 
1 69 14 
1 75 8 
2 76 5 1 
7 6 1 21 40 2 2 3 1 1 
1 60 20 3 
3 52 27 2 
1 70 11 1 1 
2 78 4 
22 25 32 2 1 2 
8 23 27 1 4 4 4 11 2 
60 14 3 4 3 
13 28 43 
1 43 14 9 17 
21 53 7 1 1 1 
84 
1 23 11 3 45 1 
1 79 4 
1 44 1 7 2 16 10 2 1 
1 5 9 6 62 1 
84 
41 12 5 4 3 9 1 2 6 1 
6 31 27 14 3 1 1 1 
1 62 21 
3 7 34 21 6 6 1 2 4 
25 55 2 1 1 
4 37 39 3 1 
1 38 9 28 1 4 2 1 
83 1 
2 31 48 2 1 
1 12 7 43 3 11 5 2 
2 53 14 13 1 1 
24 58 2 
1 1 44 15 1 2 18 2 
55 26 1 2 
1 2 80 1 
12 54 18 
32 22 7 6 6 8 2 1 
74 10 
2 69 3 7 1 1 1 
10 26 5 34 5 1 2 1 
1 38 14 19 3 2 2 3 2 
1 68 9 1 3 1 1 
1 36 17 14 6 3 6 1 
45 24 14 1 
1 12 56 6 7 1 1 
1 59 4 9 4 4 3 
14 14 56 
10 25 38 6 2 3 
1 37 42 1 1 2 
3 20 3 51 7 
67 12 2 3 
7 22 47 4 2 1 1 
1 27 34 19 3 
59 21 2 1 1 
1 64 16 3 
7 18 41 5 1 12 
1 3 50 1 4 20 4 1 
2 66 7 5 3 1 
1 73 10 
4 51 2 23 2 1 1 
4 51 21 3 1 1 1 1 1 
1 47 30 1 4 1 
1 7 8 63 3 2 
2 3 34 37 5 2 1 
1 27 37 7 3 9 
2 31 36 3 10 1 1 
1 68 12 3 
2 25 42 3 10 1 1 
1 63 20 
2 58 19 1 4 
1 17 19 24 11 1 3 7 1 
59 24 1 
1 30 20 11 10 5 4 3 
74 6 3 1 
1 16 26 12 8 7 9 5 
1 52 6 2 23 
2 33 29 3 4 9 2 2 
1 56 27 
1 66 14 2 1 
84 
1 9 22 6 4 7 28 6 1 
5 7 20 16 18 10 6 1 1 
1 24 3 43 9 4 
12 20 8 1 1 4 1 10 23 3 1 
4 33 2 22 20 1 2 
1 73 7 3 
1 64 7 1 7 1 2 1 
27 50 5 2 
5 1 14 51 2 5 6 
3 29 51 1 
16 58 1 5 2 1 1 
1 76 2 5 
2 77 1 4 
3 32 49 
2 23 23 30 6 
1 17 59 3 1 3 
1 15 5 58 4 1 
3 7 34 13 27 
1 49 34 
84 
3 36 34 3 3 2 3 
20 20 29 4 4 3 3 1 
1 20 27 31 1 4 
8 27 32 16 1 
1 48 27 4 2 2 
3 12 38 31 
1 60 2 5 1 3 1 1 2 6 1 1 
1 62 16 4 1 
7 43 7 6 19 1 1 
1 48 30 4 1 
1 36 42 4 1 
7 33 39 1 1 3 
78 5 1 
6 37 41 
2 18 3 24 29 8 
9 67 4 1 1 1 1 
29 52 2 1 
1 53 8 2 14 6 
32 42 10 
4 74 1 2 3 
1 17 11 5 8 18 13 5 6 
1 72 11 
2 67 2 10 3 
2 82 
2 69 1 9 3 
2 18 12 13 26 12 1 
5 74 5 
1 30 53 
72 2 9 1 
1 57 20 4 2 
1 51 32 
1 32 27 21 3 
2 49 5 9 6 13 
1 10 1 20 12 9 8 7 11 4 1 
10 38 16 1 4 2 5 1 2 4 1 
41 36 5 2 
1 32 17 12 10 3 9 
1 44 39 
4 14 29 28 7 2 
3 61 2 12 1 2 2 1 
2 66 12 1 1 1 1 
1 14 5 39 13 6 6 
2 22 26 8 13 4 3 5 1 
1 6 31 3 11 18 7 4 1 2 
3 29 29 18 5 
39 33 3 6 1 1 1 
2 74 8 
9 52 23 
1 77 4 2 
1 68 8 4 3 
1 55 2 2 3 12 9 
11 49 9 6 3 4 1 1 
4 38 35 4 1 1 1 
5 76 1 1 1 
8 1 45 28 2 
3 17 62 1 1 
9 39 4 15 5 11 1 
17 53 2 9 3 
6 19 50 9 
1 43 22 3 5 1 3 4 2 
3 26 44 9 1 1 
43 36 1 2 1 1 
1 70 1 4 2 2 2 2 
1 82 1 
1 29 17 3 14 12 1 4 3 
17 17 35 14 1 
1 71 12 
1 61 22 
1 66 11 1 3 2 
19 37 22 6 
8 9 57 9 1 
8 60 3 13 
1 65 11 7 
16 27 36 5 
1 51 31 1 
1 10 45 27 1 
9 18 44 5 2 5 1 
1 79 4 
62 11 7 3 1 
2 23 59 
3 22 44 5 2 4 2 2 
6 39 29 8 1 1 
4 40 37 3 
4 60 20 
8 60 13 3 
1 64 14 4 1 
8 43 2 23 3 4 1 
2 5 47 17 13 
5 43 12 2 6 1 7 8 
10 34 12 5 21 1 1 
2 76 6 
39 13 20 5 7 
1 67 8 4 2 1 1 
8 28 48 
6 38 29 9 2 
8 67 8 1 
43 15 6 6 14 
54 20 8 2 
7 27 25 16 3 1 5 
60 23 1 
2 79 3 
79 1 1 3 
1 6 20 11 38 3 5 
1 3 14 23 25 1 7 3 2 5 
1 16 29 14 5 10 6 2 1 
83 1 
84 
1 66 3 14 
41 40 3 
1 74 6 2 1 
8 3 35 24 3 9 2 
2 43 23 2 6 8 
2 55 6 17 2 2 
9 14 61 
1 27 16 18 2 6 13 1 
4 70 10 
3 7 47 15 8 3 1 
3 30 17 24 7 3 
1 43 7 6 1 12 3 3 8 
1 11 44 13 8 4 3 
21 6 33 1 15 8 
32 19 6 20 1 6 
7 59 18 
2 25 25 15 12 4 1 
1 2 81 
9 21 1 26 15 1 8 1 1 1 
5 64 15 
1 43 36 4 
1 67 8 8 
1 37 12 25 1 6 2 
3 46 1 19 10 5 
79 2 3 
84 
2 55 27 
58 22 2 1 1 
4 60 19 1 
2 16 47 18 1 
8 16 60 
56 22 2 4 
4 78 2 
1 15 51 3 6 4 4 
1 38 45 
11 61 12 
3 23 20 25 13 
1 81 2 
1 79 4 
12 30 39 3 
30 5 20 27 2 
1 8 15 3 35 21 1 
1 15 63 4 1 
4 12 60 2 3 3 
4 51 21 7 1 
1 17 25 5 36 
2 46 32 2 2 
1 38 33 4 1 1 3 1 2 
79 4 1 
1 23 24 7 10 7 2 1 9 
5 22 55 2 
1 62 13 1 4 2 1 
1 20 18 7 2 12 19 3 1 1 
1 33 7 41 1 1 
82 2 
1 50 11 8 6 5 1 1 1 
59 18 1 2 4 
20 22 18 24 
30 45 6 1 2 
1 26 18 29 3 6 1 
27 14 7 1 27 6 1 1 
7 46 15 5 10 1 
1 46 32 3 2 
84 
1 65 16 1 1 
11 73 
1 50 26 2 5 
1 53 29 1 
3 46 16 9 6 4 
1 59 24 
2 46 33 3 
3 70 1 8 2 
67 11 5 1 
1 44 28 5 2 3 1 
63 3 7 7 3 1 
8 72 3 1 
3 78 2 1 
1 19 45 5 4 8 2 
6 19 40 3 7 1 5 3 
11 7 33 1 2 10 14 3 1 2 
2 5 9 3 33 19 3 8 2 
12 14 35 16 1 5 1 
1 60 3 1 17 1 1 
10 50 6 2 4 11 1 
46 29 2 2 2 2 1 
3 31 50 
2 13 16 11 8 22 2 2 2 2 2 2 
1 22 43 18 
2 41 40 1 
3 79 1 1 
1 37 26 10 4 5 1 
1 61 13 6 3 
1 22 10 32 19 
1 65 14 4 
2 27 14 16 23 2 
1 46 31 5 1 
2 64 12 1 1 4 
1 72 4 4 1 1 1 
2 39 21 13 3 6 
1 3 37 29 14 
18 4 26 2 11 12 6 1 1 1 2 
2 50 14 1 3 14 
4 18 31 6 15 8 1 1 
10 47 1 8 1 11 6 
2 81 1 
2 23 45 6 2 3 1 1 1 
4 53 19 1 7 
1 59 2 2 10 8 2 
1 45 25 4 3 3 2 1 
1 47 30 2 1 1 2 
23 38 3 4 4 5 4 2 1 
3 53 24 1 2 1 
4 28 46 4 1 1 
83 1 
1 41 37 4 1 
1 23 30 17 8 1 1 3 
1 42 32 4 5 
1 27 54 1 1 
1 5 78 
4 5 2 13 35 7 16 2 
2 60 15 2 2 1 1 1 
1 47 7 26 3 
2 26 15 11 8 2 18 2 
2 70 3 5 4 
2 32 40 10 
5 12 61 6 
1 26 56 1 
6 26 24 18 10 
1 13 43 16 9 2 
1 58 1 10 2 4 7 1 
1 51 5 24 2 1 
80 3 1 
1 20 48 14 1 
3 65 2 2 4 1 4 1 1 1 
6 24 38 8 7 1 
1 1 69 3 6 2 1 1 
4 71 8 1 
71 5 4 4 
17 25 15 4 6 14 2 1 
1 41 39 3 
18 28 9 24 5 
1 81 2 
2 80 2 
3 27 7 38 3 3 1 2 
41 33 8 2 
3 26 43 8 2 2 
8 69 7 
1 83 
80 3 1 
3 23 45 12 1 
1 72 10 1 
79 2 1 1 1 
1 72 11 
4 70 10 
27 19 20 13 3 2 
6 9 57 10 2 
57 8 9 3 1 4 1 1 
1 1 4 10 15 41 8 4 
1 17 3 2 32 15 14 
6 43 35 
18 65 1 
16 20 33 10 1 3 1 
3 69 6 4 2 
1 58 18 6 1 
2 14 37 22 1 6 1 1 
1 46 6 28 1 2 
2 35 25 3 10 6 3 
22 61 1 
1 77 6 
2 57 23 2 
5 45 18 15 1 
12 60 11 1 
1 31 3 38 3 2 6 
34 19 3 7 13 5 2 1 
1 27 4 38 14 
1 7 59 16 1 
3 74 3 2 2 
1 80 3 
28 7 7 37 1 4 
1 13 7 17 4 30 8 1 3 
2 15 48 18 1 
60 15 9 
4 35 16 6 16 1 6 
11 24 20 1 18 10 
6 25 16 10 6 6 1 3 11 
1 11 50 9 2 7 3 1 
21 17 33 2 9 2 
1 39 36 5 3 
1 62 15 6 
15 14 4 17 14 7 9 3 1 
1 20 52 11 
1 21 33 16 13 
1 19 18 25 13 6 2 
1 42 30 10 1 
5 50 7 13 6 3 
2 25 36 7 1 5 5 2 1 
2 31 22 8 13 6 2 
3 2 55 3 15 6 
59 16 9 
1 1 73 4 2 3 
2 11 20 24 1 24 1 1 
4 31 10 37 1 1 
12 7 54 11 
6 53 9 1 5 10 
32 15 36 1 
7 58 16 3 
1 25 21 15 1 17 2 1 1 
2 23 48 8 3 
13 28 16 6 21 
2 41 6 19 2 6 6 1 1 
3 46 1 1 31 2 
1 26 50 7 
28 49 6 1 
1 46 30 2 1 3 1 
7 38 31 4 1 1 2 
9 27 7 14 3 12 12 
2 55 5 3 15 2 2 
1 53 6 24 
1 79 4 
1 16 62 5 
15 67 1 1 
1 36 36 3 3 3 2 
7 50 15 11 1 
1 69 8 5 1 
2 4 67 7 2 1 1 
19 37 5 3 19 1 
1 1 74 4 2 2 
1 80 1 2 
2 45 33 1 2 1 
27 48 7 2 
1 37 39 3 2 2 
1 77 2 2 1 1 
9 40 19 2 5 9 
73 1 10 
1 76 7 
1 43 18 5 16 1 
1 75 6 2 
6 32 46 
4 69 9 1 1 
1 2 46 5 18 11 1 
2 7 60 11 1 1 2 
2 30 20 32 
4 49 14 15 2 
60 9 11 1 3 
84 
1 63 20 
57 19 8 
1 52 30 1 
2 30 38 9 1 4 
9 1 4 19 23 20 5 1 2 
6 74 3 1 
84 
58 8 18 
16 59 6 2 1 
4 61 7 2 6 4 
1 29 35 5 7 2 1 1 1 1 1 
1 11 47 5 15 2 2 1 
1 64 2 6 8 2 1 
62 20 2 
9 38 6 11 6 9 5 
2 64 4 9 2 3 
2 49 17 1 1 12 2 
1 51 28 3 1 
6 41 23 12 1 1 
6 5 69 3 1 
4 74 4 2 
2 16 2 38 10 13 3 
1 40 37 4 2 
8 34 9 9 7 2 15 
2 34 40 3 1 2 2 
2 79 3 
1 35 11 9 23 2 1 1 1 
2 36 24 7 2 3 1 7 2 
1 73 3 4 2 1 
1 16 65 2 
1 77 3 1 1 1 
35 49 
1 29 28 7 6 11 1 1 
1 76 6 1 
20 15 14 8 3 6 14 1 2 1 
1 37 44 1 1 
4 20 36 13 6 3 1 1 
1 23 57 3 
6 4 30 11 16 5 11 1 
8 22 54 
1 24 56 3 
1 42 33 6 2 
7 63 5 3 5 1 
1 38 23 15 6 1 
4 5 65 5 3 1 1 
1 56 23 4 
2 56 12 12 1 1 
1 81 1 1 
2 70 1 6 2 2 1 
2 79 2 1 
50 15 11 2 3 3 
1 65 18 
3 16 1 53 6 2 3 
1 48 8 13 1 3 7 1 2 
1 3 27 24 24 1 3 1 
5 74 1 3 1 
2 56 5 20 1 
1 76 6 1 
13 32 11 16 1 10 1 
2 20 28 14 5 8 5 1 1 
62 8 4 2 8 
3 19 1 49 12 
11 30 13 5 15 9 1 
1 33 26 12 5 6 1 
4 47 20 1 9 2 1 
9 8 42 15 5 2 1 1 1 
1 78 4 1 
7 54 6 12 4 1 
10 74 
1 33 42 4 3 1 
13 17 14 37 1 2 
4 60 20 
2 64 15 2 1 
1 50 12 4 7 6 1 1 1 1 
2 44 8 27 1 1 1 
2 40 8 12 14 6 2 
1 74 2 3 1 3 
18 13 3 16 16 13 5 
7 77 
