1 34 8 12 2 10 3 13 1 1 
1 30 5 13 8 5 8 3 1 2 9 
46 33 4 2 
3 82 
1 65 14 2 3 
16 65 1 3 
1 34 36 9 3 2 
1 12 49 16 3 4 
3 73 7 1 1 
57 3 24 1 
24 12 29 18 1 1 
6 15 48 6 6 4 
3 29 34 10 6 1 1 1 
5 57 23 
8 12 15 12 13 24 1 
9 20 27 28 1 
1 81 2 1 
1 42 38 3 1 
2 15 50 17 1 
11 36 1 1 33 2 1 
5 39 19 17 2 2 1 
6 76 3 
17 2 1 26 30 4 1 2 1 1 
8 22 12 9 23 7 1 2 1 
65 17 3 
71 6 4 3 1 
3 54 23 5 
20 18 38 4 5 
68 7 8 2 
3 17 36 24 4 1 
24 15 38 4 3 1 
14 31 39 1 
3 56 4 1 7 10 2 2 
3 21 58 2 1 
1 73 11 
2 40 43 
54 11 2 6 6 5 1 
1 9 5 22 38 6 4 
34 20 8 6 4 10 1 1 1 
64 1 13 4 3 
1 64 10 6 1 1 1 1 
1 20 55 6 3 
4 23 15 11 1 5 5 10 3 2 3 1 1 1 
6 7 34 9 2 19 6 1 1 
2 65 8 4 5 1 
2 4 40 2 12 17 8 
13 10 1 51 6 4 
3 26 23 3 1 7 13 8 1 
2 29 15 9 16 6 2 6 
1 24 58 2 
80 4 1 
2 65 18 
1 31 8 38 6 1 
4 72 5 3 1 
18 21 24 7 9 3 3 
2 80 1 2 
9 67 9 
2 66 6 2 2 5 1 1 
3 63 5 1 1 5 1 3 3 
77 2 6 
14 56 13 1 1 
52 5 20 6 1 1 
6 59 11 2 3 3 1 
2 33 33 15 2 
4 16 28 26 11 
2 5 29 27 2 11 8 1 
2 9 31 5 4 32 2 
7 23 36 1 12 1 2 2 1 
1 37 29 18 
3 26 37 10 9 
1 30 31 11 6 1 4 1 
2 43 38 1 1 
6 58 20 1 
1 45 39 
6 57 11 11 
1 12 53 6 9 4 
1 19 6 12 28 6 4 3 2 1 1 2 
14 60 8 1 2 
7 57 21 
2 69 6 6 2 
4 79 2 
85 
2 57 23 2 1 
3 52 11 17 2 
1 55 29 
10 10 16 44 5 
1 1 37 35 10 1 
7 70 8 
1 2 3 22 7 5 34 7 4 
1 9 20 46 1 4 2 1 1 
5 65 5 5 2 3 
5 8 58 9 1 3 1 
3 3 55 20 4 
9 56 7 13 
31 26 28 
2 60 22 1 
40 38 2 5 
85 
4 72 9 
29 36 6 1 3 5 1 3 1 
4 43 22 3 11 2 
33 36 16 
2 70 7 3 1 2 
74 1 3 3 3 1 
42 19 19 4 1 
1 14 33 34 2 1 
1 50 5 13 16 
2 83 
1 67 6 2 9 
18 42 24 1 
2 64 17 2 
70 4 1 1 9 
10 17 35 5 17 1 
43 16 23 1 1 1 
18 37 24 5 1 
1 6 23 35 20 
1 16 47 3 7 10 1 
12 52 7 1 1 7 2 1 1 1 
1 52 29 2 1 
1 61 10 13 
4 72 4 3 2 
5 24 55 1 
9 57 19 
1 66 1 16 1 
1 30 31 19 2 2 
1 82 1 1 
1 19 53 11 1 
7 14 30 3 27 2 1 1 
8 72 4 1 
15 54 16 
16 19 1 3 23 6 6 1 2 6 1 1 
6 66 13 
80 2 1 1 1 
1 36 32 12 1 3 
1 57 15 1 1 6 3 1 
1 51 1 30 2 
1 84 
10 19 16 16 14 4 1 4 1 
2 29 9 6 22 17 
1 40 4 32 3 1 1 1 2 
2 43 16 1 1 15 3 1 3 
2 40 18 10 11 1 1 2 
14 52 19 
1 17 11 51 5 
2 71 12 
1 17 43 19 5 
1 43 41 
3 24 32 12 14 
11 70 3 1 
4 46 34 1 
2 42 33 4 4 
13 38 29 1 2 2 
4 6 36 14 1 12 5 6 1 
24 12 20 3 26 
7 58 10 10 
1 24 60 
2 43 5 18 4 3 5 4 1 
1 59 2 3 5 8 2 1 3 1 
1 71 9 3 1 
6 77 1 1 
23 51 11 
5 15 40 20 5 
2 77 6 
70 1 11 2 1 
1 74 9 1 
1 35 49 
16 40 5 12 3 7 2 
1 33 15 17 2 4 11 2 
1 9 62 8 3 2 
85 
1 61 19 3 1 
14 14 55 2 
2 20 25 26 3 7 1 1 
1 56 17 2 9 
5 69 3 5 1 2 
2 13 30 21 19 
2 75 8 
1 19 32 4 4 10 14 1 
1 39 24 5 2 6 7 1 
5 29 33 2 11 1 4 
85 
1 47 9 25 1 2 
1 83 1 
14 13 7 21 28 2 
5 9 21 22 13 11 4 
14 15 43 10 3 
1 26 26 21 10 1 
1 72 3 9 
1 1 13 19 36 9 4 2 
1 79 2 1 2 
1 41 14 10 6 13 
1 23 30 16 3 10 1 1 
2 49 23 1 5 1 3 1 
14 29 41 1 
47 15 11 9 3 
2 78 4 1 
29 9 14 28 1 3 1 
13 2 35 24 3 5 2 1 
2 4 21 30 15 1 5 2 5 
36 42 1 2 4 
1 79 2 1 1 1 
8 29 27 21 
1 82 2 
20 10 32 14 9 
8 75 1 1 
71 13 1 
1 69 9 5 1 
8 39 29 2 3 2 1 1 
10 4 70 1 
1 47 16 15 6 
1 43 28 12 1 
32 11 28 12 2 
8 25 5 23 5 1 7 7 4 
2 19 46 11 3 1 3 
43 34 3 3 1 1 
1 37 47 
1 79 3 2 
4 64 8 7 2 
5 59 18 3 
1 9 69 4 1 1 
1 77 2 5 
3 82 
1 83 1 
1 27 30 7 1 6 2 5 1 3 1 1 
11 26 48 
2 79 4 
1 16 65 3 
1 40 24 10 8 1 1 
1 73 6 4 1 
2 41 22 14 2 4 
1 32 38 7 4 1 2 
1 40 4 8 25 6 1 
3 71 6 3 2 
4 6 75 
1 42 35 2 3 1 1 
1 19 58 1 3 1 1 1 
7 45 25 8 
9 54 22 
7 44 17 17 
1 43 39 1 1 
11 30 6 7 20 1 5 2 2 1 
6 7 70 1 1 
1 28 32 6 11 1 3 2 1 
85 
1 69 2 12 1 
3 21 56 5 
1 70 3 11 
6 51 7 16 2 1 1 1 
1 4 48 3 12 10 1 6 
1 72 9 1 1 1 
2 32 29 12 4 5 1 
1 21 1 46 16 
1 49 3 13 1 4 11 2 1 
53 10 8 7 6 1 
49 33 2 1 
8 6 12 8 19 13 7 11 1 
1 77 7 
28 44 10 3 
2 65 18 
1 80 2 2 
5 22 32 17 7 2 
82 3 
14 16 21 4 8 8 12 1 1 
3 28 29 20 5 
1 4 59 13 1 4 1 2 
1 49 35 
2 61 6 5 11 
1 4 59 18 3 
10 14 8 49 1 1 2 
9 35 34 3 2 1 1 
74 4 3 2 1 1 
11 20 42 10 2 
1 84 
28 19 14 4 8 3 1 6 1 1 
10 39 9 10 1 8 7 1 
43 34 6 2 
1 29 4 6 18 1 9 8 3 2 1 3 
1 68 9 6 1 
1 66 1 7 6 1 3 
2 22 53 7 1 
1 75 4 2 2 1 
26 20 39 
3 49 19 2 6 3 3 
2 38 9 31 5 
1 14 38 23 6 2 1 
4 10 66 5 
85 
9 41 19 10 3 1 1 1 
6 40 3 33 2 1 
1 38 20 3 1 12 6 2 1 1 
1 72 2 6 4 
1 15 39 1 28 1 
2 2 43 2 7 14 10 2 1 1 1 
2 82 1 
1 67 1 14 2 
25 7 18 13 1 6 3 6 4 1 1 
1 82 1 1 
74 3 1 5 1 1 
47 6 11 17 3 1 
1 31 11 17 10 12 3 
1 35 2 31 11 2 3 
1 33 51 
72 1 2 10 
1 45 27 10 1 1 
8 60 2 9 3 1 2 
1 2 26 25 15 6 1 3 4 1 1 
3 17 46 4 4 8 1 2 
1 59 22 2 1 
4 10 52 18 1 
5 31 6 26 10 5 2 
1 3 49 1 31 
1 18 46 20 
1 71 4 4 3 2 
1 47 28 2 7 
23 58 3 1 
75 7 1 2 
2 27 22 16 3 1 4 6 4 
82 3 
6 66 13 
1 31 43 2 2 4 1 1 
8 24 14 6 29 1 1 2 
1 28 40 3 1 10 1 1 
4 77 4 
5 27 48 1 4 
2 56 27 
4 70 6 1 1 1 2 
31 17 10 20 7 
3 38 34 6 1 1 2 
7 75 3 
1 32 17 1 3 14 12 4 1 
3 17 36 25 4 
1 13 71 
3 59 4 2 3 8 2 4 
5 35 28 6 3 5 2 1 
28 13 30 6 4 3 1 
1 59 8 14 3 
2 78 2 3 
2 74 8 1 
1 67 6 8 3 
1 80 1 2 1 
3 48 4 5 13 2 2 6 2 
2 16 48 6 13 
1 12 52 15 2 2 1 
1 29 18 24 5 1 4 3 
1 14 22 7 26 6 7 2 
7 65 8 2 2 1 
1 47 36 1 
3 1 47 18 12 1 1 1 1 
3 25 55 1 1 
4 16 63 1 1 
1 47 12 8 16 1 
51 25 6 1 2 
8 5 48 6 4 12 2 
3 20 49 1 4 4 3 1 
1 26 19 6 33 
3 6 66 2 5 3 
18 24 43 
1 70 11 3 
11 73 1 
18 16 13 25 2 3 7 1 
16 66 3 
5 51 22 7 
1 74 2 1 1 6 
1 77 6 1 
81 3 1 
3 14 2 63 1 2 
9 19 52 4 1 
14 62 7 1 1 
10 66 8 1 
2 21 62 
8 15 60 2 
8 8 12 21 1 30 2 3 
1 10 27 27 9 10 1 
2 13 34 11 6 6 11 2 
1 57 22 5 
11 32 35 3 3 1 
2 29 38 7 6 1 1 1 
1 44 24 12 4 
24 30 7 24 
8 26 11 7 15 9 9 
2 55 28 
3 71 11 
1 14 26 1 28 13 1 1 
3 7 33 35 6 1 
29 56 
18 43 24 
2 43 6 18 15 1 
17 15 39 9 5 
53 30 1 1 
2 3 62 13 1 1 3 
2 18 46 5 6 8 
3 73 4 2 2 1 
7 22 20 14 4 17 1 
9 65 6 2 3 
1 74 5 2 2 1 
49 13 20 2 1 
1 46 4 28 6 
1 59 11 2 8 3 1 
1 17 9 57 1 
1 83 1 
3 46 1 3 27 3 1 1 
5 23 54 2 1 
12 68 3 2 
4 12 62 6 1 
2 53 13 9 2 3 1 2 
9 30 1 24 2 4 7 7 1 
9 33 26 3 6 6 1 1 
4 44 17 13 4 1 1 1 
2 11 23 23 4 5 13 2 1 1 
26 5 3 2 12 31 3 1 2 
6 49 30 
42 6 16 18 2 1 
1 29 6 23 14 2 7 3 
13 11 27 13 10 10 1 
2 42 14 4 20 2 1 
1 30 14 26 12 2 
6 43 8 14 8 5 1 
7 29 7 23 6 7 2 2 1 1 
2 13 31 12 26 1 
85 
1 1 75 6 2 
8 51 6 8 2 4 5 1 
3 7 17 25 2 9 6 6 5 4 1 
8 48 5 9 13 1 1 
1 25 29 25 5 
4 76 5 
31 30 11 8 5 
1 52 17 3 8 1 1 1 1 
12 45 18 8 1 1 
78 3 2 1 1 
9 39 34 3 
84 1 
1 63 17 1 3 
1 58 4 8 14 
4 48 25 4 1 1 2 
26 7 30 13 8 1 
81 2 2 
4 26 10 14 30 1 
1 62 22 
1 52 32 
1 5 65 7 4 2 1 
1 26 49 4 5 
18 9 58 
2 10 36 8 28 1 
1 2 9 9 6 28 2 2 13 9 4 
3 52 3 24 3 
2 74 6 3 
13 44 8 19 1 
3 22 32 1 26 1 
6 44 35 
1 59 8 16 1 
7 45 27 5 1 
6 41 37 1 
9 9 1 48 7 5 3 2 1 
5 63 6 10 1 
8 63 7 1 4 2 
44 5 14 9 12 1 
1 39 15 5 23 2 
1 24 50 5 2 1 1 1 
5 14 3 44 6 2 3 5 3 
1 64 20 
3 38 24 5 8 4 1 2 
2 3 65 2 6 3 1 2 1 
58 8 13 3 3 
1 26 52 4 2 
1 41 14 22 7 
1 29 41 6 2 2 2 1 1 
7 14 63 1 
23 52 9 1 
1 56 2 26 
5 44 7 5 19 4 1 
2 72 11 
4 5 9 30 8 20 4 2 2 1 
1 58 9 2 2 1 9 3 
1 36 40 6 1 1 
1 32 49 1 1 1 
1 29 13 10 15 8 5 1 2 1 
1 33 40 3 8 
1 48 28 6 1 1 
2 31 43 4 5 
5 16 53 11 
4 20 34 16 10 1 
2 74 2 2 1 1 2 1 
1 40 44 
1 59 15 10 
1 11 12 25 19 11 1 3 1 1 
4 25 29 27 
3 58 24 
1 23 44 14 1 1 1 
85 
1 14 52 2 9 5 2 
1 45 37 2 
13 41 24 4 3 
52 6 8 8 2 8 1 
1 43 40 1 
3 22 22 20 13 4 1 
2 35 2 17 20 7 2 
1 31 10 38 4 1 
59 21 3 1 1 
1 79 3 2 
1 40 43 1 
1 11 54 15 4 
85 
1 8 17 30 5 20 4 
2 29 16 27 7 4 
6 68 3 3 4 1 
1 24 6 8 35 7 4 
3 57 18 4 3 
42 2 13 5 9 3 1 3 2 4 1 
1 26 23 6 7 13 1 2 6 
85 
18 20 45 2 
1 30 49 3 2 
1 36 7 38 2 1 
11 19 38 13 3 1 
84 1 
1 59 25 
85 
4 1 74 6 
81 2 2 
12 2 36 26 8 1 
1 20 52 7 3 1 1 
71 14 
1 57 15 2 1 9 
3 77 5 
2 61 9 3 5 2 2 1 
4 74 1 5 1 
1 56 13 15 
3 78 1 1 2 
5 26 52 1 1 
44 14 25 2 
26 35 10 1 12 1 
2 18 56 6 1 1 1 
1 46 32 1 5 
1 78 3 2 1 
7 76 1 1 
3 24 37 10 6 5 
41 40 4 
71 9 4 1 
2 17 63 1 2 
1 52 19 3 1 4 5 
1 21 25 9 3 9 3 1 9 3 1 
1 47 10 22 5 
3 22 60 
1 44 35 1 1 3 
4 22 3 40 10 4 2 
7 75 3 
1 49 27 6 2 
5 35 34 4 1 2 4 
1 81 1 2 
1 57 20 2 5 
3 42 17 15 1 3 2 1 1 
3 64 16 1 1 
3 18 47 1 10 1 4 1 
1 61 15 4 1 3 
1 9 39 25 1 6 1 2 1 
85 
1 47 37 
5 62 3 12 3 
43 26 7 3 5 1 
2 15 26 11 3 13 9 6 
2 36 29 3 1 6 5 1 2 
2 8 31 35 5 3 1 
10 35 13 25 2 
85 
1 61 23 
27 19 6 32 1 
1 66 7 6 3 2 
11 65 4 1 1 3 
1 21 63 
2 53 18 4 7 1 
1 33 41 4 6 
3 67 8 2 4 1 
1 26 8 50 
2 12 5 24 5 17 3 15 2 
11 45 23 1 2 1 1 1 
5 70 10 
1 17 11 18 31 6 1 
26 22 26 8 2 1 
1 15 68 1 
2 5 13 50 12 1 1 1 
2 47 33 1 1 1 
3 49 15 4 4 8 1 1 
20 56 4 4 1 
3 13 6 31 14 2 5 3 8 
5 66 5 4 5 
1 67 17 
14 56 5 7 3 
1 49 6 22 3 1 3 
1 63 21 
23 34 16 4 3 1 1 1 2 
4 45 23 12 1 
1 31 7 20 13 5 2 6 
3 13 1 43 7 6 5 4 1 1 1 
3 60 5 2 8 7 
11 63 2 6 2 1 
4 80 1 
1 49 5 23 7 
5 5 42 33 
4 38 13 8 5 1 1 2 9 4 
1 15 49 1 16 2 1 
13 26 26 2 16 1 1 
1 51 3 1 26 1 1 1 
17 8 4 3 42 10 1 
9 33 24 9 10 
11 67 3 3 1 
1 69 8 2 4 1 
5 13 46 2 8 5 5 1 
10 71 3 1 
54 22 7 2 
2 10 23 12 25 12 1 
1 69 7 8 
9 25 6 16 20 8 1 
28 39 3 12 3 
59 17 6 3 
1 66 15 1 2 
2 39 31 12 1 
1 57 27 
1 24 28 13 4 1 10 1 1 1 1 
1 45 6 8 25 
4 48 1 25 4 3 
1 59 17 2 4 2 
70 9 6 
2 16 38 10 2 15 2 
4 29 23 23 6 
2 2 69 3 5 3 1 
52 15 17 1 
4 75 2 4 
6 38 39 1 1 
3 52 23 4 1 1 1 
40 34 4 1 2 4 
44 22 9 7 1 1 1 
85 
1 58 26 
3 12 16 6 5 40 3 
29 27 26 1 2 
1 74 9 1 
1 82 2 
13 47 25 
2 58 9 10 3 2 1 
2 82 1 
1 37 25 10 7 4 1 
1 50 3 24 6 1 
13 22 33 2 4 10 1 
1 54 1 15 12 2 
1 62 15 4 3 
1 46 16 15 2 1 3 1 
8 42 9 26 
1 80 2 1 1 
7 67 7 1 2 1 
2 33 4 17 4 2 11 7 1 3 1 
16 35 16 5 10 2 1 
1 51 31 1 1 
4 74 3 3 1 
2 77 2 3 1 
21 4 1 28 23 5 2 1 
1 16 67 1 
1 31 9 27 7 9 1 
2 9 45 13 9 3 4 
1 33 27 23 1 
40 26 2 9 7 1 
1 68 1 11 4 
5 79 1 
13 35 10 6 20 1 
2 27 12 11 13 4 5 8 1 2 
2 46 37 
3 57 9 9 1 2 1 2 1 
15 27 41 1 1 
41 41 2 1 
7 28 32 11 6 1 
1 56 9 19 
14 69 1 1 
1 23 5 1 52 1 1 1 
5 63 1 15 1 
3 58 21 1 1 1 
2 78 4 1 
1 76 8 
2 64 2 11 4 2 
2 78 2 3 
2 5 31 22 17 3 4 1 
6 38 13 13 9 5 1 
1 36 23 16 1 1 2 3 2 
1 32 50 2 
1 2 44 11 10 16 1 
2 62 1 14 3 1 2 
9 12 64 
1 68 12 1 3 
1 49 29 5 1 
1 69 13 2 
1 61 7 5 8 3 
2 59 24 
1 21 36 20 1 1 3 1 1 
1 53 2 27 1 1 
1 79 3 2 
10 69 6 
1 31 41 7 1 1 2 1 
8 49 11 11 4 1 1 
1 13 19 12 24 16 
4 38 37 2 2 2 
24 39 12 10 
6 16 53 2 2 1 3 2 
34 16 23 8 2 2 
1 26 27 28 1 1 1 
3 67 15 
1 65 12 3 4 
3 23 40 8 5 2 4 
3 33 48 1 
3 69 11 2 
8 76 1 
6 22 4 18 15 14 6 
9 45 15 4 2 2 6 1 1 
2 37 41 1 4 
30 19 21 13 2 
2 83 
2 54 7 22 
1 32 19 23 3 4 2 1 
2 59 7 4 2 6 4 1 
4 9 53 12 5 1 1 
15 16 36 7 9 2 
12 25 25 21 2 
2 55 3 17 8 
1 53 6 14 8 2 1 
1 60 11 10 1 2 
1 16 18 40 10 
1 41 9 20 9 4 1 
1 13 2 45 5 5 4 7 3 
1 49 4 23 1 3 2 2 
19 30 23 1 5 3 1 1 2 
29 11 28 1 10 3 2 1 
3 68 11 3 
9 49 10 8 7 2 
10 26 33 9 5 1 1 
35 6 37 2 5 
2 36 27 15 1 4 
3 66 9 7 
1 4 48 26 5 1 
1 40 11 14 3 4 7 3 1 1 
1 35 35 2 12 
2 68 3 8 4 
2 73 2 6 1 1 
2 64 2 11 6 
2 43 40 
1 61 11 10 2 
1 11 6 2 38 26 1 
1 9 31 5 25 13 1 
3 65 15 2 
15 67 3 
7 46 20 3 2 3 2 1 1 
85 
52 1 4 24 2 2 
6 54 18 1 6 
1 47 29 5 1 2 
85 
14 39 16 15 1 
1 52 28 3 1 
2 16 20 47 
2 62 9 12 
2 37 37 5 3 1 
1 57 20 5 2 
25 5 11 35 4 4 1 
10 53 1 18 3 
25 59 1 
3 8 74 
1 34 18 8 13 3 5 1 1 1 
1 57 7 13 2 3 2 
1 20 45 4 14 1 
2 3 53 1 8 7 8 1 1 1 
1 63 11 3 1 4 2 
1 7 11 43 10 10 1 2 
1 21 9 5 14 10 9 16 
2 75 6 2 
1 81 1 1 1 
1 83 1 
2 40 40 2 1 
1 57 11 7 9 
3 20 21 15 17 1 5 2 1 
1 73 8 1 2 
1 29 11 13 30 1 
1 68 11 5 
2 29 27 25 2 
1 39 42 2 1 
4 2 36 32 4 2 1 3 1 
13 72 
1 7 67 7 1 1 1 
1 77 7 
1 37 36 1 6 4 
3 35 34 5 8 
1 9 30 28 17 
13 31 36 3 2 
9 1 65 10 
1 66 14 1 2 1 
2 12 42 6 15 7 1 
1 16 47 15 4 1 1 
1 41 41 2 
29 2 51 3 
1 52 16 16 
4 70 11 
14 62 9 
1 81 3 
78 1 3 1 2 
1 75 1 7 1 
9 32 32 9 2 1 
85 
1 22 40 10 11 1 
3 81 1 
1 59 11 14 
3 77 4 1 
10 54 12 2 1 5 1 
1 38 20 23 2 1 
4 72 3 4 1 1 
8 73 4 
64 7 14 
1 15 7 15 40 7 
38 22 25 
54 7 9 11 4 
1 5 14 10 50 2 2 1 
9 17 29 17 1 3 2 3 3 1 
2 51 31 1 
43 9 15 11 5 1 1 
2 70 4 9 
83 1 1 
13 16 9 5 20 3 4 4 1 3 5 2 
2 17 15 13 15 2 17 4 
12 41 20 10 2 
5 15 33 6 22 1 3 
75 10 
6 38 22 15 4 
2 9 30 22 11 9 2 
1 83 1 
5 68 6 3 3 
85 
85 
26 4 3 22 11 15 1 3 
67 8 10 
4 80 1 
1 45 35 2 1 1 
1 18 28 14 14 10 
2 36 44 3 
41 23 13 3 4 1 
19 19 47 
11 50 24 
85 
3 8 46 9 2 9 1 4 3 
1 76 8 
3 27 1 3 42 3 2 4 
4 19 62 
2 26 31 4 6 3 9 1 1 1 1 
2 77 5 1 
1 11 13 18 26 3 4 3 4 2 
2 71 4 6 1 1 
1 78 4 1 1 
1 31 4 39 10 
4 73 2 1 1 1 2 1 
78 5 1 1 
1 45 5 14 20 
1 72 4 4 4 
43 8 24 9 1 
1 18 66 
1 59 21 3 1 
1 27 3 12 14 21 2 2 1 1 1 
16 59 10 
2 38 26 6 7 2 1 1 2 
1 16 28 37 1 2 
1 70 11 3 
1 77 2 3 1 1 
58 8 13 6 
21 13 3 25 22 1 
1 16 10 9 28 1 4 4 2 8 1 1 
2 12 25 40 2 3 1 
1 9 58 14 3 
1 35 2 40 6 1 
49 12 9 12 3 
12 54 3 14 1 1 
3 53 5 1 11 5 4 2 1 
1 26 14 37 4 2 1 
2 79 4 
12 28 43 2 
1 37 10 5 6 17 6 2 1 
2 64 3 16 
10 72 2 1 
29 53 3 
3 22 26 10 16 7 1 
9 4 12 47 8 5 
1 66 17 1 
2 23 40 10 5 3 1 1 
2 35 17 30 1 
7 33 23 11 9 2 
1 57 25 1 1 
10 31 6 12 11 3 11 1 
6 11 32 18 1 10 3 2 1 1 
2 33 25 20 4 1 
2 41 2 11 3 20 2 3 1 
12 69 1 1 1 1 
2 62 18 3 
1 53 29 1 1 
3 67 3 5 7 
8 70 3 3 1 
2 57 15 1 1 1 4 2 1 1 
7 21 16 7 34 
2 21 59 3 
1 36 9 25 2 1 1 9 1 
1 73 3 4 1 3 
1 50 17 12 5 
68 1 16 
8 39 15 13 5 3 1 1 
1 36 15 10 11 6 6 
13 32 39 1 
1 19 65 
1 76 2 1 3 1 1 
1 49 31 3 1 
1 51 29 4 
3 38 24 18 1 1 
2 42 5 31 4 1 
8 51 5 2 8 1 5 5 
1 23 55 1 4 1 
1 81 1 2 
3 13 18 29 12 5 3 2 
1 16 27 28 7 4 2 
79 4 2 
1 80 4 
1 70 12 1 1 
4 32 48 1 
4 71 8 2 
36 15 24 5 3 1 1 
1 75 3 2 4 
19 31 19 11 2 3 
1 19 50 5 4 5 1 
4 34 47 
45 32 2 1 5 
1 82 2 
1 82 2 
2 56 27 
33 14 9 12 5 11 1 
2 74 5 4 
2 5 72 6 
4 43 29 9 
1 28 9 3 15 14 10 4 1 
49 15 4 16 1 
9 37 35 1 2 1 
2 51 31 1 
7 70 3 4 1 
1 64 20 
10 49 8 7 2 5 4 
1 51 18 6 9 
2 12 46 19 5 1 
3 37 33 6 2 4 
2 5 52 19 5 2 
3 40 30 3 1 5 2 1 
1 2 43 7 8 13 8 3 
25 53 7 
23 22 40 
1 27 57 
2 39 44 
2 48 21 1 4 8 1 
3 59 17 5 1 
3 31 30 2 17 1 1 
1 7 21 36 16 4 
30 54 1 
1 54 3 24 2 1 
29 43 2 11 
2 15 3 40 12 7 2 3 1 
12 12 61 
1 59 11 5 9 
3 26 56 
3 75 1 4 2 
1 12 26 11 17 6 6 3 2 1 
6 79 
59 10 10 4 1 1 
1 11 2 45 20 6 
3 51 5 26 
54 6 5 8 10 2 
3 52 6 2 20 2 
6 18 1 26 4 4 25 1 
1 66 8 4 5 1 
60 10 6 9 
38 17 23 5 2 
1 67 6 3 8 
9 3 55 6 9 3 
1 26 31 12 5 2 3 4 1 
1 67 14 1 2 
3 73 9 
2 11 32 8 14 7 4 5 1 1 
2 19 64 
5 52 9 12 2 3 2 
2 80 1 1 1 
23 47 10 2 2 1 
12 59 3 4 2 4 1 
2 77 5 1 
18 30 9 6 11 2 8 1 
63 12 1 4 5 
84 1 
8 19 26 14 7 11 
3 4 22 17 11 2 16 5 2 2 1 
1 25 29 6 18 1 2 2 1 
7 30 11 16 19 2 
2 25 43 4 5 3 2 1 
10 23 48 4 
1 21 15 24 7 14 2 1 
2 60 12 8 2 1 
1 73 2 4 3 2 
2 23 58 2 
2 11 3 16 53 
3 25 7 24 4 20 2 
1 53 9 21 1 
1 64 7 13 
1 31 49 2 2 
17 24 44 
1 27 17 8 18 14 
1 65 13 1 3 1 1 
2 79 4 
1 82 2 
47 17 1 1 12 1 4 1 1 
1 23 50 2 5 4 
9 31 33 8 4 
3 13 35 8 3 13 7 2 1 
2 19 3 34 5 21 1 
1 37 46 1 
56 16 6 7 
1 20 23 9 17 2 5 2 5 1 
5 48 22 2 5 3 
1 49 26 9 
3 68 3 4 7 
1 79 4 1 
1 68 16 
1 64 12 4 3 1 
3 51 9 2 18 2 
13 37 16 14 5 
12 57 1 8 1 2 2 2 
1 20 20 21 10 4 4 1 4 
1 8 32 35 7 1 1 
5 63 6 6 5 
13 64 6 1 1 
55 3 14 3 8 1 1 
1 58 26 
8 21 43 13 
29 5 29 7 2 5 1 3 1 1 1 1 
9 9 51 13 3 
3 8 55 17 2 
3 24 34 11 5 2 3 3 
2 61 16 3 1 1 1 
1 67 16 1 
2 19 55 8 1 
2 32 19 24 3 3 2 
82 2 1 
71 14 
1 80 3 1 
42 32 9 2 
3 48 28 4 2 
2 32 49 1 1 
20 61 1 3 
27 24 10 13 4 1 4 1 1 
33 48 3 1 
3 72 4 5 1 
1 73 7 4 
23 30 4 28 
2 71 1 3 1 2 3 2 
7 48 17 8 5 
16 61 3 4 1 
8 68 5 3 1 
4 1 79 1 
3 70 1 7 4 
1 45 39 
39 28 10 3 4 1 
4 47 22 8 3 1 
14 42 9 18 1 1 
1 50 33 1 
12 13 42 17 1 
3 55 1 16 6 1 3 
1 18 32 2 3 10 4 12 2 1 
1 55 5 17 2 2 2 1 
1 66 15 1 2 
2 6 66 1 9 1 
14 56 15 
3 10 8 32 22 4 3 2 1 
1 4 50 21 3 6 
1 22 47 12 1 2 
1 53 31 
48 37 
17 46 9 3 6 2 1 1 
3 20 60 1 1 
10 56 2 5 11 1 
5 41 39 
2 60 21 1 1 
1 48 5 15 5 9 2 
14 9 43 4 7 1 3 2 2 
3 40 7 25 10 
1 13 70 1 
50 33 2 
1 79 2 1 2 
12 18 1 44 8 2 
2 58 23 1 1 
10 65 4 5 1 
15 25 20 16 6 1 2 
1 83 1 
1 13 55 7 6 2 1 
2 57 6 17 2 1 
1 27 20 34 3 
36 21 28 
37 16 4 15 8 5 
3 14 10 40 18 
8 55 12 9 1 
75 2 8 
2 47 35 1 
3 67 14 1 
12 43 6 1 19 4 
85 
5 78 2 
4 68 13 
29 55 1 
1 40 33 1 2 2 6 
55 10 1 17 2 
1 46 20 11 7 
4 21 10 18 15 6 6 3 2 
23 9 34 13 3 1 1 1 
37 30 17 1 
26 22 5 12 2 5 7 2 4 
1 66 2 13 2 1 
1 42 11 22 9 
2 19 64 
2 63 6 7 1 1 1 3 1 
1 77 6 1 
1 6 78 
1 73 11 
2 46 10 22 5 
1 15 6 32 2 26 3 
2 18 65 
11 18 56 
1 6 17 27 25 7 2 
1 82 1 1 
11 21 7 1 1 5 31 1 2 3 1 1 
1 73 1 6 1 2 1 
2 9 35 37 2 
20 17 9 12 3 22 1 1 
2 68 6 6 3 
1 41 21 13 1 7 1 
2 47 30 3 1 2 
2 79 4 
3 9 27 33 9 4 
1 50 29 5 
1 52 11 13 3 3 1 1 
11 65 6 2 1 
1 22 44 13 5 
1 73 2 9 
9 53 22 1 
6 72 1 6 
4 26 20 18 1 14 2 
1 70 14 
3 33 19 13 5 9 3 
3 34 29 16 2 1 
1 23 20 38 3 
3 66 11 1 3 1 
1 5 17 38 5 4 3 11 1 
4 52 28 1 
5 61 14 3 2 
10 73 2 
1 48 34 1 1 
2 26 4 17 22 8 1 2 2 1 
1 27 49 7 1 
18 59 8 
1 53 22 2 4 2 1 
37 45 3 
5 7 27 43 1 2 
2 27 32 14 10 
1 53 15 11 5 
1 31 12 12 15 10 3 1 
4 7 10 43 15 4 1 1 
1 16 51 9 6 2 
2 43 3 37 
1 61 23 
15 11 40 8 7 3 1 
81 4 
1 46 2 20 12 4 
2 18 21 1 41 2 
64 19 2 
77 6 1 1 
36 35 4 1 1 3 4 1 
9 31 41 3 1 
1 58 1 11 14 
2 3 61 16 1 1 1 
3 58 17 7 
1 7 31 6 16 22 1 1 
1 76 5 3 
12 10 43 1 19 
3 27 22 29 4 
6 9 58 12 
1 64 3 7 2 1 5 1 1 
1 66 18 
1 68 11 3 2 
1 77 4 2 1 
1 1 1 51 9 1 19 2 
41 3 14 19 8 
5 52 6 12 4 5 1 
9 27 11 5 14 13 6 
20 5 42 17 1 
8 46 29 2 
58 5 22 
1 52 5 13 14 
1 73 7 4 
1 28 2 53 1 
8 28 39 8 2 
1 73 10 1 
9 56 16 3 1 
29 14 21 5 8 6 1 1 
2 64 6 3 7 1 1 1 
1 62 22 
34 36 1 11 3 
1 55 24 4 1 
1 2 59 9 1 1 1 2 3 3 3 
1 62 20 2 
13 67 1 4 
3 27 12 36 5 1 1 
6 22 43 6 4 4 
1 38 37 2 4 3 
85 
15 12 35 9 13 1 
1 13 41 29 1 
4 70 6 1 2 1 1 
2 81 2 
55 15 12 2 1 
85 
14 1 40 22 8 
1 49 35 
1 44 13 19 2 5 1 
10 7 15 1 14 15 20 3 
34 1 42 5 3 
26 4 24 30 1 
1 30 25 6 21 2 
2 3 7 29 35 9 
3 82 
1 47 16 11 4 6 
12 16 21 20 9 1 1 4 1 
1 56 22 2 2 2 
7 36 42 
1 18 65 1 
6 35 3 8 8 2 7 5 1 10 
8 76 1 
25 60 
5 46 34 
1 16 34 5 8 7 9 4 1 
5 12 29 39 
7 78 
3 26 17 19 18 1 1 
1 43 41 
4 74 7 
3 42 18 3 3 16 
1 16 68 
1 16 35 29 4 
28 7 19 2 6 17 4 2 
2 64 8 3 1 3 3 1 
1 83 1 
19 46 10 4 3 1 2 
4 38 34 6 3 
1 72 2 7 3 
72 1 6 4 1 1 
1 51 17 12 3 1 
10 3 11 61 
1 26 35 22 1 
11 10 55 5 4 
1 20 53 1 2 3 3 2 
1 80 1 3 
6 56 1 11 6 4 1 
3 39 10 16 1 15 1 
1 46 27 11 
5 33 24 10 8 3 2 
1 18 16 32 8 10 
3 65 9 6 2 
5 38 8 24 5 2 1 2 
3 2 28 18 11 18 2 2 1 
4 35 2 23 10 5 5 1 
1 62 5 16 1 
1 41 31 9 3 
6 4 75 
19 53 11 2 
11 49 23 1 1 
4 1 10 20 2 21 1 26 
1 52 20 1 9 2 
12 28 21 17 6 1 
2 44 5 9 4 10 11 
2 8 48 16 5 2 1 1 1 1 
2 7 58 17 1 
3 14 14 12 18 9 7 2 5 1 
1 46 19 11 4 3 1 
1 19 4 37 24 
1 29 10 45 
35 18 10 4 18 
11 19 20 11 16 8 
13 54 8 3 5 2 
2 52 22 4 2 1 1 1 
2 70 10 3 
2 79 4 
41 30 12 2 
3 41 2 21 16 1 1 
1 58 22 2 2 
2 8 55 8 8 3 1 
8 19 20 11 11 8 4 1 2 1 
1 62 1 5 5 4 6 1 
1 55 29 
13 5 25 20 22 
85 
20 64 1 
14 40 23 5 2 1 
3 66 13 3 
1 46 27 7 1 1 2 
1 44 11 5 24 
85 
3 6 2 20 7 19 8 10 9 1 
1 70 14 
5 79 1 
52 14 6 9 2 1 1 
1 69 12 3 
1 47 4 32 1 
1 31 46 5 1 1 
2 50 32 1 
1 39 43 2 
1 41 40 1 1 1 
1 6 11 40 12 6 3 4 2 
1 45 14 11 5 6 2 1 
1 3 56 15 2 2 6 
27 27 4 7 12 8 
5 11 30 18 9 6 2 2 2 
6 73 2 1 3 
1 43 24 13 3 1 
2 19 20 16 12 2 14 
9 65 4 4 3 
1 26 11 38 4 4 1 
84 1 
81 2 2 
40 35 10 
26 46 9 3 1 
4 59 8 2 3 9 
4 37 19 3 16 2 1 1 2 
2 68 10 4 1 
21 6 32 8 3 4 9 1 1 
1 76 6 2 
8 40 32 1 2 1 1 
18 67 
4 35 46 
4 41 36 2 2 
1 72 3 1 7 1 
1 11 8 32 5 22 4 2 
11 31 43 
1 5 14 1 54 7 1 2 
25 1 46 5 6 2 
1 8 56 6 12 1 1 
22 51 12 
79 5 1 
1 26 22 31 1 3 1 
4 3 57 16 1 3 1 
1 36 31 17 
1 22 39 14 1 7 1 
1 31 27 6 6 10 4 
1 22 36 6 2 3 2 4 6 3 
2 48 4 6 15 3 5 1 1 
2 67 16 
3 46 23 13 
1 11 12 61 
1 50 6 27 1 
1 51 13 16 4 
7 55 16 5 1 1 
1 59 2 2 12 8 1 
3 56 25 1 
3 8 34 39 1 
3 5 42 23 4 1 1 4 2 
3 13 29 6 22 11 1 
1 83 1 
1 59 13 1 3 6 1 1 
14 22 12 20 13 4 
1 56 5 18 1 3 1 
1 61 13 2 6 1 1 
12 2 27 29 10 3 2 
2 37 11 3 12 7 11 1 1 
2 39 30 8 6 
12 45 2 12 1 2 2 1 7 1 
3 17 40 7 7 5 5 1 
5 69 11 
1 9 26 17 28 1 3 
1 23 11 45 2 2 1 
13 12 11 43 5 1 
52 9 16 4 4 
70 12 1 1 1 
5 80 
2 24 10 21 16 7 5 
4 57 24 
2 61 16 4 2 
75 3 6 1 
1 2 69 13 
2 21 21 39 1 1 
56 27 2 
1 64 3 16 1 
1 66 4 12 2 
3 9 32 11 2 7 6 4 11 
2 79 4 
15 48 22 
1 8 6 31 16 17 4 1 1 
1 43 12 14 11 1 3 
1 19 5 53 6 1 
1 7 36 28 6 2 2 1 1 1 
1 9 11 14 36 14 
13 62 7 3 
2 14 34 11 10 6 5 2 1 
2 53 8 8 12 1 1 
1 50 10 9 9 1 2 2 1 
2 13 70 
2 40 38 2 2 1 
2 34 15 18 10 6 
7 50 12 15 1 
1 1 67 16 
1 44 9 15 1 4 4 1 2 2 1 1 
1 35 11 2 2 19 12 1 1 1 
37 35 11 2 
12 68 5 
6 33 8 35 2 1 
3 33 2 27 2 18 
2 33 9 5 12 8 1 1 13 1 
1 12 58 3 7 3 1 
2 62 20 1 
4 45 2 17 6 6 5 
6 16 45 14 4 
4 79 2 
2 14 22 13 6 16 1 11 
10 56 13 1 3 2 
1 24 19 8 12 4 14 2 1 
1 74 1 1 3 5 
4 74 7 
1 36 48 
3 71 11 
37 5 18 14 5 3 1 1 1 
7 45 2 1 26 3 1 
2 1 63 16 2 1 
5 75 5 
2 3 14 18 2 40 1 5 
1 40 13 29 1 1 
38 45 2 
1 1 67 4 8 4 
82 1 2 
2 65 10 6 1 1 
1 1 45 23 13 2 
1 9 13 15 24 11 7 2 3 
65 14 6 
3 64 13 4 1 
2 22 61 
2 5 36 14 6 12 9 1 
1 47 37 
17 14 32 17 5 
64 9 11 1 
14 52 17 2 
3 36 45 1 
1 34 5 41 2 2 
48 30 7 
4 74 2 3 2 
1 3 24 5 10 17 23 2 
73 8 2 1 1 
1 41 2 12 16 9 1 1 2 
1 42 33 2 4 3 
1 67 17 
7 61 17 
1 4 1 26 18 6 8 21 
1 2 24 51 2 2 2 1 
1 27 44 1 3 1 6 2 
37 41 1 5 1 
1 27 49 8 
1 68 5 11 
1 44 14 10 5 7 4 
1 6 66 7 3 1 1 
1 59 11 10 3 1 
1 51 22 5 1 4 1 
20 2 44 19 
1 83 1 
2 67 1 7 3 1 2 1 1 
1 45 39 
2 66 16 1 
4 36 15 12 14 1 2 1 
1 42 31 8 1 2 
1 58 2 3 19 1 1 
12 49 24 
2 4 52 3 18 1 1 3 1 
9 8 43 24 1 
52 6 5 22 
9 28 31 5 2 2 4 2 2 
5 48 19 2 3 7 1 
1 37 25 14 8 
1 63 21 
5 31 14 15 18 2 
7 34 5 24 12 2 1 
2 19 64 
6 76 3 
2 15 9 27 8 7 14 1 1 1 
1 74 5 2 2 1 
1 55 1 22 4 1 1 
19 62 4 
8 4 71 2 
1 17 38 18 4 3 3 1 
4 62 4 5 1 5 1 3 
2 72 10 1 
1 27 19 22 11 2 2 1 
1 53 30 1 
40 39 1 1 3 1 
21 52 1 7 2 2 
2 35 47 1 
2 5 62 11 2 2 1 
3 20 60 1 1 
3 24 53 5 
1 77 7 
15 19 9 23 18 1 
36 46 2 1 
3 15 65 1 1 
1 76 6 1 1 
19 4 8 33 16 5 
14 51 17 3 
2 4 79 
66 10 4 4 1 
2 35 48 
21 16 32 13 2 1 
1 84 
1 77 1 6 
1 68 3 11 1 1 
10 24 35 1 7 1 2 2 3 
2 65 4 1 12 1 
3 62 15 3 2 
10 54 19 1 1 
41 25 2 5 9 1 2 
7 32 2 17 2 4 8 7 3 3 
2 66 17 
19 20 4 16 14 9 3 
5 20 10 39 2 9 
10 44 24 6 1 
3 39 13 19 9 2 
1 10 44 14 14 2 
6 41 37 1 
1 65 17 2 
4 2 11 32 19 13 4 
1 44 6 22 10 2 
5 51 13 8 1 4 2 1 
6 33 41 1 3 1 
2 63 9 4 2 4 1 
1 78 1 5 
1 33 42 1 4 2 2 
1 65 8 1 8 2 
1 77 5 2 
4 42 39 
7 46 1 28 2 1 
1 56 28 
1 12 31 30 11 
6 22 37 14 2 1 1 2 
1 5 8 14 21 2 1 2 12 16 1 1 1 
7 65 7 3 1 2 
2 25 56 1 1 
2 61 9 3 10 
63 4 18 
6 28 44 2 3 2 
1 47 32 4 1 
5 52 14 12 1 1 
10 55 20 
2 76 4 1 1 1 
1 38 28 7 8 2 1 
1 31 21 24 5 2 1 
1 23 47 11 1 1 1 
1 8 74 2 
6 50 13 16 
6 19 25 14 18 1 1 1 
2 38 32 9 3 1 
18 13 44 5 3 2 
5 55 12 9 2 2 
13 63 5 3 1 
1 20 2 14 6 23 19 
41 13 31 
57 24 3 1 
1 60 10 12 2 
1 53 21 10 
2 44 33 4 1 1 
14 3 55 13 
1 74 10 
3 36 35 2 1 1 2 4 1 
73 7 5 
1 60 12 2 8 2 
4 72 3 4 1 1 
1 29 16 31 3 3 2 
5 47 3 7 2 18 1 2 
6 37 29 13 
2 50 5 5 20 1 2 
1 12 14 20 26 4 2 2 3 1 
10 15 15 23 14 2 6 
2 66 16 1 
1 3 4 59 3 1 4 6 1 1 1 1 
5 70 8 2 
85 
2 3 17 40 3 19 1 
84 1 
5 9 31 11 2 13 7 4 2 1 
1 37 30 11 4 2 
1 44 34 6 
1 59 20 1 1 2 1 
50 31 4 
1 51 10 1 5 9 1 5 1 1 
1 67 4 6 2 2 3 
1 66 6 4 1 1 6 
5 26 53 1 
2 68 15 
1 81 1 2 
2 45 4 24 4 1 3 2 
8 30 36 4 5 1 1 
7 47 22 5 2 1 1 
1 76 1 6 1 
9 39 32 2 2 1 
3 45 3 3 5 1 6 7 5 1 4 1 1 
1 49 12 15 5 2 1 
1 84 
1 36 48 
5 28 5 16 16 10 2 1 1 1 
6 50 6 7 5 7 2 1 1 
1 25 59 
2 60 15 4 4 
31 35 7 4 4 3 1 
5 35 42 2 1 
1 11 47 22 1 1 1 1 
1 25 21 6 32 
4 58 2 13 1 2 5 
13 49 23 
3 19 1 20 5 34 3 
1 56 26 2 
5 3 40 35 1 1 
1 2 51 4 26 1 
1 16 66 1 1 
1 21 59 1 1 2 
2 29 1 48 5 
1 35 23 10 10 2 3 1 
5 58 22 
59 8 12 3 3 
1 5 76 1 1 1 
1 3 2 76 3 
2 1 53 13 13 3 
31 12 15 1 23 3 
3 29 8 25 13 2 5 
1 42 1 18 8 5 3 5 1 1 
6 58 19 1 1 
24 39 4 3 1 2 7 2 2 1 
1 54 14 5 9 1 1 
1 62 22 
7 64 13 1 
9 7 23 35 10 1 
5 38 36 2 4 
2 13 34 17 5 2 11 1 
2 32 51 
9 47 15 7 4 2 1 
84 1 
6 68 3 2 2 3 1 
6 64 9 1 3 2 
2 36 17 24 5 1 
1 32 52 
7 44 21 10 1 2 
45 11 1 8 10 9 1 
13 63 9 
1 1 11 37 16 10 3 2 2 2 
3 72 10 
1 66 7 8 3 
2 17 9 54 2 1 
17 53 11 1 3 
1 44 31 8 1 
1 24 53 2 3 2 
24 53 1 1 4 1 1 
85 
85 
1 13 48 13 9 1 
3 52 16 1 8 3 2 
24 35 22 3 1 
10 71 1 3 
48 30 4 1 1 1 
3 82 
11 26 43 3 2 
1 12 12 13 11 5 26 2 3 
1 84 
1 1 77 1 3 2 
1 34 5 26 10 1 7 1 
1 34 5 8 3 16 7 9 2 
4 1 28 52 
1 53 19 10 1 1 
1 79 5 
2 12 18 16 7 10 3 5 3 1 1 4 2 1 
17 17 51 
37 38 3 1 3 1 1 1 
5 25 5 7 34 5 4 
3 22 25 27 8 
15 45 4 14 7 
2 80 3 
1 3 54 14 10 2 1 
3 21 23 33 2 1 2 
4 50 14 4 7 5 1 
10 39 4 16 3 1 2 4 4 1 1 
1 80 1 3 
1 69 8 7 
1 3 25 17 29 9 1 
2 71 2 9 1 
1 62 9 13 
1 83 1 
33 28 2 18 1 2 1 
1 26 49 5 3 1 
16 43 23 3 
29 25 24 6 1 
26 57 2 
2 29 2 40 8 1 3 
3 78 3 1 
1 74 4 3 3 
4 63 17 1 
3 78 2 2 
1 58 26 
1 72 7 1 4 
1 12 20 27 17 8 
1 40 27 11 5 1 
7 51 7 17 2 1 
1 65 14 4 1 
1 59 16 5 4 
1 50 32 2 
45 6 32 1 1 
12 16 49 2 3 1 2 
2 15 4 4 10 41 2 1 6 
3 27 40 2 1 4 5 3 
1 51 12 9 12 
3 11 53 11 7 
11 35 38 1 
22 3 15 26 9 3 7 
4 77 4 
14 48 6 15 2 
1 61 11 12 
22 38 15 7 3 
2 49 15 14 4 1 
1 74 9 1 
4 38 42 1 
1 27 12 39 3 3 
4 56 16 1 7 1 
3 78 3 1 
20 63 2 
3 16 38 16 10 2 
1 41 2 33 8 
2 10 5 26 9 7 8 4 10 2 1 1 
3 37 35 8 2 
1 14 44 8 18 
83 2 
1 54 30 
1 81 1 1 1 
1 60 1 19 4 
75 3 2 3 2 
1 4 1 9 61 9 
2 7 29 5 15 6 14 7 
3 1 19 40 9 1 9 3 
10 42 29 2 2 
1 25 5 11 1 32 3 6 1 
2 26 8 31 3 1 5 9 
6 52 5 3 4 8 3 4 
1 73 3 3 3 1 1 
12 63 9 1 
4 36 43 2 
3 76 6 
16 29 30 7 1 2 
14 19 32 10 10 
1 12 61 3 1 4 3 
1 29 40 8 2 1 1 1 1 1 
1 71 5 8 
6 30 9 18 2 2 1 4 3 2 1 6 1 
2 50 31 1 1 
10 24 31 2 16 2 
2 72 3 2 4 2 
1 39 44 1 
2 70 11 1 1 
2 27 56 
1 1 64 9 10 
10 8 31 33 1 2 
1 76 2 1 3 2 
2 11 61 8 3 
1 79 4 1 
1 32 51 1 
1 27 44 13 
85 
1 43 16 2 5 16 1 1 
1 1 17 27 26 2 7 2 2 
1 78 4 2 
1 42 24 5 13 
1 48 36 
8 47 30 
8 75 2 
54 10 7 12 2 
1 23 45 6 4 1 3 1 1 
2 36 2 22 1 8 5 5 4 
1 7 68 5 4 
5 65 4 5 4 1 1 
18 15 33 9 3 7 
46 38 1 
1 73 2 7 2 
22 39 21 1 2 
37 47 1 
2 45 9 28 1 
1 78 3 1 1 1 
1 44 25 10 4 1 
1 74 3 2 5 
1 26 31 12 5 1 8 1 
2 66 16 1 
1 84 
1 54 16 5 6 3 
3 11 31 24 14 1 1 
2 63 5 11 2 1 1 
2 80 3 
39 1 8 33 1 3 
2 83 
2 4 26 22 24 6 1 
2 36 31 14 1 1 
2 21 44 12 4 1 1 
23 1 50 2 4 3 1 1 
2 43 40 
18 10 6 10 12 15 8 1 3 2 
10 2 13 60 
1 43 28 9 4 
6 35 20 14 8 1 1 
73 7 1 4 
5 41 24 14 1 
1 57 11 16 
6 62 5 4 5 3 
1 21 29 14 12 2 2 3 1 
7 16 46 6 6 4 
22 50 5 8 
1 71 13 
9 73 3 
3 58 24 
1 30 4 2 13 11 16 2 6 
1 14 46 2 8 1 7 4 1 1 
78 6 1 
75 6 1 2 1 
15 10 53 2 4 1 
8 12 11 47 1 6 
12 59 5 6 3 
4 31 22 12 9 3 4 
1 34 48 2 
1 55 15 2 3 3 1 3 1 1 
2 50 19 8 6 
53 27 2 2 1 
7 13 3 16 33 5 3 3 1 1 
1 80 1 2 1 
3 40 25 11 2 2 2 
1 21 63 
1 46 22 5 4 4 1 2 
37 33 9 6 
19 9 17 1 22 9 6 2 
14 35 18 15 3 
37 25 13 2 4 4 
2 4 64 13 2 
2 43 25 2 9 1 1 2 
1 14 10 17 18 25 
11 50 24 
1 43 1 34 3 2 1 
1 46 10 28 
2 27 9 34 7 3 3 
2 24 41 3 10 4 1 
2 39 13 9 12 1 5 4 
49 32 2 2 
1 82 2 
3 23 39 13 2 5 
3 77 5 
8 4 24 22 18 7 2 
8 47 7 2 15 6 
6 15 15 38 6 3 1 1 
3 49 25 1 2 5 
21 26 14 15 6 1 2 
2 54 22 7 
1 79 1 3 1 
1 70 10 2 1 1 
8 54 10 5 4 2 1 1 
78 2 1 2 1 1 
3 63 11 6 1 1 
2 67 2 6 7 1 
2 28 16 36 3 
37 37 4 6 1 
10 59 16 
41 2 34 2 2 3 1 
2 60 5 6 3 7 1 1 
1 64 9 5 3 1 2 
1 54 24 3 2 1 
6 78 1 
1 49 27 4 2 2 
1 29 13 31 11 
2 6 54 2 16 2 2 1 
1 1 62 20 1 
17 33 18 17 
8 35 15 24 3 
83 2 
5 58 22 
55 5 16 8 1 
1 74 7 2 1 
5 42 24 7 2 3 1 1 
52 29 1 1 1 1 
84 1 
1 56 9 13 5 1 
2 33 1 48 1 
1 83 1 
1 40 3 19 16 3 3 
1 83 1 
4 69 12 
1 77 7 
1 30 37 3 11 1 2 
28 24 22 8 3 
1 38 10 20 12 2 2 
1 39 3 7 18 17 
14 29 22 15 5 
3 75 4 2 1 
2 37 26 5 2 12 1 
2 56 16 1 2 2 2 1 2 1 
2 66 12 3 1 1 
4 67 14 
11 35 13 18 3 5 
1 32 52 
4 65 11 5 
3 25 36 2 1 17 1 
13 33 5 33 1 
17 8 7 30 16 1 1 1 1 3 
74 3 6 2 
1 16 14 1 44 4 2 1 2 
1 7 5 20 12 13 3 3 20 1 
15 49 9 6 5 1 
1 30 3 21 1 4 21 1 3 
3 60 3 3 6 8 1 1 
1 49 20 11 4 
10 70 1 4 
1 54 29 1 
3 30 37 2 11 1 1 
5 34 44 2 
1 33 21 8 17 1 3 1 
3 19 58 4 1 
1 38 44 1 1 
1 24 54 2 2 1 1 
2 22 48 11 2 
4 46 28 4 3 
57 11 11 1 3 1 1 
2 12 35 31 2 1 2 
3 73 9 
17 1 2 10 5 2 2 24 8 7 4 1 2 
1 36 36 1 3 1 5 1 1 
1 61 4 6 3 1 3 4 1 1 
8 59 14 3 1 
1 8 12 22 42 
1 19 14 10 11 19 3 4 3 1 
1 64 5 7 8 
1 77 2 5 
2 39 27 7 2 7 1 
21 45 15 1 1 1 1 
9 18 3 46 4 1 2 1 1 
2 1 3 3 18 27 7 17 6 1 
4 43 36 1 1 
1 16 43 5 3 6 2 4 2 2 1 
1 37 47 
2 66 16 1 
1 84 
8 39 5 13 12 6 2 
23 7 12 2 24 10 2 3 2 
4 31 26 21 2 1 
2 21 11 45 1 3 1 1 
76 7 1 1 
2 7 35 38 3 
1 8 57 17 2 
8 70 1 4 1 1 
8 68 6 1 1 1 
1 30 26 8 7 13 
1 27 28 10 13 1 2 1 2 
5 78 2 
1 22 48 4 8 1 1 
5 43 35 1 1 
13 3 3 32 26 2 1 1 1 3 
6 66 11 2 
2 63 20 
1 41 32 10 1 
5 24 8 14 11 20 2 1 
10 22 27 9 9 2 6 
2 70 3 9 1 
1 13 39 1 5 5 3 6 3 2 6 1 
2 5 76 2 
2 76 7 
1 57 11 13 1 1 1 
9 46 5 7 4 4 2 1 3 1 3 
4 28 44 4 1 3 1 
2 12 31 9 5 8 18 
4 38 43 
6 42 19 4 1 1 1 6 1 3 1 
3 17 3 6 34 1 8 4 4 2 1 1 1 
79 5 1 
13 12 41 11 5 1 1 1 
6 1 3 60 11 4 
1 27 54 1 2 
8 37 36 1 3 
3 9 5 28 19 21 
2 62 5 7 7 2 
29 23 25 4 3 1 
2 39 43 1 
1 45 23 9 7 
3 56 26 
15 63 7 
1 31 44 5 4 
2 66 16 1 
12 52 6 7 3 1 3 1 
7 69 9 
1 25 38 8 11 1 1 
6 6 70 1 2 
36 23 13 9 2 1 1 
1 55 28 1 
3 6 59 6 6 1 2 1 1 
1 66 17 1 
85 
1 66 14 4 
1 20 19 18 24 3 
38 2 44 1 
8 59 1 15 2 
1 69 13 1 1 
1 48 16 5 15 
8 23 25 24 3 1 1 
3 18 42 11 11 
2 46 35 2 
2 70 11 2 
3 25 2 23 15 10 2 4 1 
1 32 34 11 7 
7 37 33 7 1 
1 65 19 
1 61 23 
9 54 6 5 11 
25 55 1 1 3 
22 15 18 12 6 6 3 3 
1 41 34 7 2 
1 18 65 1 
12 26 47 
6 46 30 2 1 
41 23 15 2 2 1 1 
14 60 11 
2 25 24 34 
13 52 7 11 1 1 
1 84 
17 42 7 9 5 2 3 
9 44 30 1 1 
1 81 1 1 1 
33 39 9 3 1 
69 1 6 3 5 1 
15 38 30 1 1 
20 7 56 1 1 
3 40 31 4 7 
52 6 11 7 3 6 
2 26 35 14 5 2 1 
3 51 13 9 6 2 1 
2 21 19 25 15 1 2 
4 63 13 4 1 
85 
1 21 36 14 2 9 2 
17 16 52 
3 10 61 2 5 3 1 
1 27 29 12 12 4 
1 35 13 8 16 10 2 
4 48 11 13 1 2 6 
1 25 51 4 1 3 
1 16 17 40 1 6 4 
66 17 2 
2 18 18 4 31 8 1 2 1 
1 62 20 2 
2 10 25 44 4 
46 39 
3 16 65 1 
1 83 1 
3 17 21 2 30 1 1 2 3 3 1 1 
85 
15 52 12 2 4 
2 25 3 43 12 
1 39 38 5 2 
11 23 40 2 3 3 2 1 
4 38 26 15 2 
1 32 15 7 13 14 2 1 
1 14 35 7 4 19 1 3 1 
5 59 6 8 3 2 2 
15 44 5 5 16 
7 46 22 5 3 2 
3 44 38 
2 44 37 1 1 
19 13 16 25 3 1 7 1 
1 49 25 2 3 4 1 
2 14 69 
1 50 1 22 10 1 
1 45 16 1 11 8 2 1 
31 43 11 
4 40 41 
1 32 23 8 10 5 5 1 
2 71 3 1 6 1 1 
13 17 35 6 3 3 6 1 1 
1 56 28 
5 46 16 3 6 3 5 1 
2 19 13 8 25 3 8 6 1 
2 49 15 19 
15 65 2 3 
11 29 34 6 2 3 
32 32 19 2 
1 69 15 
1 82 2 
8 74 3 
6 28 49 2 
1 19 46 4 6 9 
4 15 14 32 20 
5 68 6 6 
6 8 8 57 3 1 2 
2 40 27 14 1 1 
39 18 1 22 2 2 1 
2 18 19 11 4 28 3 
1 36 24 16 5 1 1 1 
1 26 52 6 
8 5 52 3 9 6 2 
1 64 7 5 3 3 1 1 
12 1 2 58 10 2 
1 2 75 6 1 
25 51 9 
4 58 22 1 
4 47 15 3 1 4 1 5 2 1 2 
1 25 31 23 5 
1 34 13 35 2 
15 42 14 7 1 2 2 1 1 
1 68 3 10 3 
1 28 22 8 7 12 5 2 
1 12 31 2 7 19 7 2 3 1 
2 75 7 1 
1 21 56 1 6 
2 65 16 2 
50 25 7 1 1 1 
10 30 18 6 10 9 2 
1 22 48 8 2 3 1 
17 25 38 4 1 
4 66 4 9 2 
3 27 44 8 1 1 1 
5 13 31 14 19 2 1 
1 9 4 67 2 1 1 
1 40 32 2 6 4 
4 79 2 
24 42 9 5 3 1 1 
1 41 24 16 3 
1 47 20 3 4 10 
4 79 1 1 
2 49 28 3 3 
75 9 1 
1 79 2 3 
85 
22 53 9 1 
1 58 21 2 1 2 
76 4 2 3 
8 4 32 34 5 2 
1 30 54 
9 11 18 38 7 2 
15 44 21 5 
1 67 10 1 2 2 1 1 
3 39 10 29 4 
3 32 43 7 
15 59 11 
2 53 10 19 1 
1 63 18 3 
2 26 22 10 11 12 2 
1 14 21 28 5 10 6 
1 10 2 26 24 2 7 4 8 1 
1 6 10 3 29 16 10 4 2 3 1 
25 10 23 27 
3 31 15 33 3 
58 2 16 6 1 1 1 
83 1 1 
4 60 18 1 2 
27 54 1 1 2 
3 10 64 1 6 1 
1 13 5 62 2 2 
1 50 15 4 6 5 3 1 
4 2 19 22 9 10 11 1 4 3 
84 1 
4 11 68 1 1 
1 53 17 2 3 6 2 1 
2 43 1 22 1 6 2 2 5 1 
1 29 55 
2 8 18 7 28 12 3 2 4 1 
5 75 3 2 
1 62 4 17 1 
25 58 2 
2 68 15 
4 5 57 10 1 7 1 
4 69 12 
11 24 46 1 3 
3 8 8 28 18 13 1 1 4 1 
1 58 1 11 10 1 3 
1 68 16 
19 49 16 1 
1 73 4 1 6 
1 73 7 4 
8 31 43 2 1 
7 60 12 2 3 1 
1 63 16 3 2 
1 4 8 35 29 5 2 1 
3 73 3 2 3 1 
70 7 8 
9 13 20 42 1 
9 42 5 24 4 1 
1 49 29 3 3 
1 5 41 35 3 
3 74 5 2 1 
2 10 2 39 18 2 3 9 
84 1 
9 16 29 26 1 4 
37 9 17 14 3 2 1 1 1 
1 79 4 1 
3 49 11 21 1 
3 6 33 18 23 1 1 
26 28 7 17 1 1 1 2 1 1 
1 21 19 8 20 13 3 
27 24 12 6 6 4 4 1 1 
5 46 2 25 1 3 2 1 
5 56 6 5 5 2 4 1 1 
21 8 51 3 1 1 
11 34 9 28 3 
1 18 4 23 35 1 3 
1 64 3 17 
2 70 5 1 6 1 
1 40 38 1 1 3 1 
5 54 26 
67 9 8 1 
4 67 11 2 1 
12 29 13 1 9 9 1 10 1 
1 82 2 
1 56 6 6 8 5 2 1 
3 31 49 2 
1 18 66 
10 33 19 9 8 2 2 2 
76 7 2 
28 31 26 
16 2 29 25 8 5 
1 33 10 11 21 6 3 
2 69 13 1 
2 37 5 2 23 9 3 4 
1 19 59 1 3 1 1 
1 55 3 15 8 3 
1 81 3 
2 61 4 3 10 1 4 
1 79 5 
1 33 1 6 1 36 3 3 1 
1 69 13 1 1 
3 78 1 3 
3 67 12 2 1 
1 10 59 3 6 5 1 
1 67 5 1 9 1 1 
3 15 51 16 
85 
85 
1 54 23 2 5 
7 1 50 6 10 7 4 
11 63 10 1 
1 11 45 2 14 2 1 5 1 2 1 
4 66 12 3 
37 35 4 3 1 2 2 1 
1 66 11 1 4 1 1 
17 46 2 7 1 9 1 1 1 
36 18 14 16 1 
32 34 10 2 5 2 
1 18 66 
7 15 11 17 12 6 4 1 4 2 1 1 1 2 1 
1 70 14 
3 71 4 3 3 1 
3 36 34 7 5 
1 15 69 
1 78 5 1 
2 67 15 1 
1 16 11 17 23 16 1 
2 72 11 
2 54 12 6 10 1 
24 45 16 
1 72 2 7 2 1 
1 59 21 3 1 
6 30 24 6 10 9 
1 43 40 1 
5 45 21 10 1 3 
81 3 1 
1 58 2 17 2 5 
1 13 71 
11 28 19 18 5 1 1 1 1 
22 48 3 10 1 1 
2 83 
1 53 31 
36 11 6 27 4 1 
57 13 8 1 3 2 1 
1 65 15 3 1 
2 77 6 
1 8 63 2 3 5 3 
1 3 9 60 5 6 1 
3 73 9 
3 81 1 
1 56 11 8 4 1 4 
23 42 18 2 
2 10 7 29 9 25 2 1 
1 12 18 10 5 28 1 8 1 1 
1 22 37 16 8 1 
7 56 17 5 
8 9 60 2 4 1 1 
85 
1 36 44 2 1 1 
11 57 7 6 3 1 
1 79 5 
1 57 8 7 11 1 
5 3 25 11 24 12 1 4 
1 41 34 1 5 2 1 
1 11 61 2 2 4 1 3 
1 44 16 23 1 
4 78 3 
1 40 41 2 1 
44 39 2 
1 73 1 1 4 5 
1 42 8 4 7 11 9 2 1 
10 35 40 
1 57 14 6 5 1 1 
1 2 62 7 9 1 1 2 
2 35 45 1 2 
4 35 37 1 4 4 
1 54 20 7 3 
1 72 12 
1 70 12 1 1 
1 75 9 
55 5 6 16 1 2 
1 17 17 3 29 9 9 
49 20 9 2 5 
21 19 42 3 
12 54 13 3 1 2 
71 11 3 
2 20 40 13 2 7 1 
1 27 5 3 17 22 6 2 2 
3 65 17 
4 23 16 7 21 9 5 
3 56 12 14 
30 6 11 29 8 1 
1 23 22 26 7 4 1 1 
8 53 14 5 4 1 
1 21 17 29 14 2 1 
1 17 58 3 1 3 2 
69 6 9 1 
1 73 7 3 1 
9 64 12 
1 13 37 1 4 18 3 1 7 
1 1 44 27 9 2 1 
4 58 3 20 
1 42 40 1 1 
1 19 10 36 16 1 2 
13 13 52 1 2 1 2 1 
4 13 5 34 6 2 9 7 3 1 1 
8 12 21 28 12 2 1 1 
2 36 43 4 
9 18 12 31 11 2 1 1 
7 71 1 2 3 1 
65 10 1 9 
23 31 17 2 12 
12 69 2 1 1 
18 61 1 5 
3 19 46 12 2 1 1 1 
1 38 46 
1 66 18 
2 71 11 1 
1 21 10 44 2 1 2 4 
33 3 12 30 6 1 
60 21 1 1 1 1 
3 45 3 25 9 
75 2 2 2 1 3 
49 7 5 17 6 1 
84 1 
7 46 32 
73 10 2 
2 61 2 5 8 7 
85 
1 54 3 20 3 2 2 
10 60 14 1 
4 76 5 
7 73 5 
3 18 23 15 15 7 1 2 1 
25 40 6 14 
1 51 9 10 8 3 3 
4 17 1 44 6 6 4 2 1 
24 53 3 2 2 1 
3 13 27 20 17 2 1 1 1 
2 53 15 8 3 2 2 
1 38 27 6 1 6 4 2 
2 68 1 11 3 
77 7 1 
2 81 2 
2 70 11 1 1 
1 68 16 
1 56 14 3 4 5 1 1 
3 62 3 7 5 4 1 
8 33 41 1 2 
2 62 4 14 2 1 
1 22 32 27 3 
1 9 28 38 6 3 
7 25 8 30 10 2 2 1 
1 34 1 28 2 4 10 2 2 1 
2 44 29 9 1 
84 1 
1 47 27 6 4 
3 42 12 19 6 1 2 
4 69 12 
17 42 18 3 3 1 1 
6 30 41 6 1 1 
67 3 11 4 
1 4 1 19 35 25 
85 
1 5 77 2 
19 54 6 2 1 1 1 1 
3 41 41 
2 30 27 9 1 8 5 3 
1 21 4 54 5 
2 51 4 10 12 6 
1 20 64 
1 64 18 1 1 
3 75 3 1 2 1 
1 11 60 4 4 1 4 
54 4 7 6 9 1 1 3 
1 47 14 19 4 
76 8 1 
1 78 6 
85 
9 16 16 2 32 8 2 
1 54 24 3 2 1 
1 69 6 5 4 
1 19 21 28 16 
3 1 45 5 2 26 1 1 1 
45 5 27 3 3 1 1 
3 28 38 5 6 4 1 
13 72 
2 71 3 6 1 1 1 
1 33 1 43 6 1 
1 2 80 1 1 
2 79 4 
3 12 56 14 
15 38 9 13 10 
1 18 28 27 7 3 1 
1 42 20 8 1 3 5 4 1 
72 11 1 1 
9 34 16 9 1 6 9 1 
1 41 43 
1 42 26 8 6 1 1 
2 14 48 11 1 8 1 
1 48 20 15 1 
1 80 4 
82 1 2 
1 83 1 
1 56 28 
3 16 45 4 3 14 
4 80 1 
12 47 3 13 1 7 2 
5 59 3 5 10 1 1 1 
1 27 39 1 9 7 1 
1 51 10 9 1 9 3 1 
33 24 12 13 3 
3 4 58 5 12 3 
14 55 15 1 
22 57 6 
1 61 1 13 3 4 2 
4 44 28 1 8 
36 40 8 1 
1 18 66 
1 52 11 13 8 
17 66 2 
2 64 16 3 
2 20 28 12 22 1 
1 71 5 6 2 
13 34 38 
15 63 3 3 1 
1 81 3 
1 35 49 
1 5 78 1 
1 81 3 
1 55 13 16 
5 53 26 1 
7 62 5 11 
5 59 20 1 
2 60 2 1 9 6 5 
1 5 49 1 7 6 7 3 1 4 1 
8 23 50 1 3 
1 35 13 28 3 2 2 1 
1 11 4 50 14 1 2 1 1 
1 44 24 1 15 
11 72 2 
8 60 12 3 2 
2 5 70 3 3 2 
1 23 7 10 33 7 2 2 
3 38 15 2 17 1 4 5 
4 67 12 2 
2 16 42 13 3 7 1 1 
81 1 2 1 
1 26 28 8 6 1 1 6 5 2 1 
1 45 20 7 12 
1 17 40 11 3 9 4 
1 4 44 30 4 2 
79 4 2 
41 10 34 
1 51 5 5 11 11 1 
3 82 
1 10 44 9 16 4 1 
2 49 28 2 4 
7 51 27 
1 23 61 
7 33 35 2 7 1 
4 45 33 3 
1 34 35 6 2 7 
5 59 6 8 2 2 3 
1 68 10 2 2 2 
3 7 66 4 5 
1 54 22 1 1 6 
80 1 1 1 1 1 
55 23 4 1 1 1 
1 61 12 6 5 
1 39 12 29 3 1 
10 61 3 3 5 3 
1 61 8 3 7 2 1 1 1 
16 35 18 2 9 3 2 
1 24 15 15 27 3 
3 61 7 6 2 1 4 1 
4 50 29 1 1 
2 37 17 29 
11 35 22 7 2 2 3 3 
11 28 39 2 3 2 
1 61 23 
6 79 
2 15 32 6 6 18 6 
37 18 28 1 1 
1 83 1 
43 41 1 
2 67 7 2 1 1 3 1 1 
1 6 34 43 1 
16 64 5 
2 32 51 
1 64 12 1 7 
2 31 22 3 27 
1 66 14 2 1 1 
43 9 2 21 10 
1 43 18 1 17 1 1 3 
1 71 4 8 1 
4 33 8 3 30 3 4 
1 75 6 2 1 
1 43 40 1 
1 84 
3 51 18 11 2 
9 65 5 4 1 1 
1 44 40 
5 36 43 1 
1 71 11 2 
8 56 20 1 
31 19 1 33 1 
19 40 22 3 1 
9 40 15 10 7 3 1 
2 41 8 9 18 6 1 
5 69 11 
7 61 11 3 1 1 1 
82 3 
1 25 41 3 7 7 1 
12 32 4 25 12 
1 81 1 1 1 
9 12 46 15 1 1 1 
3 44 14 9 2 1 7 4 1 
1 26 14 6 3 34 1 
9 6 51 2 14 2 1 
1 20 39 10 12 2 1 
1 55 8 3 8 6 4 
4 20 6 22 3 15 1 14 
6 51 16 12 
76 2 5 1 1 
12 3 13 21 28 2 2 1 1 1 1 
1 30 51 1 1 1 
2 59 22 2 
2 15 35 3 29 1 
1 18 44 8 2 12 
1 9 74 1 
3 69 12 1 
2 74 4 4 1 
1 42 41 1 
3 76 2 4 
56 22 7 
1 71 5 7 1 
19 15 23 17 3 6 1 1 
68 11 1 4 1 
73 7 1 3 1 
76 9 
9 26 37 13 
2 20 11 48 4 
36 48 1 
2 13 51 17 2 
1 83 1 
1 50 17 16 1 
1 13 20 27 22 1 1 
19 23 33 4 2 2 2 
1 1 12 31 2 20 5 3 10 
5 4 10 64 1 1 
5 61 19 
13 5 3 56 1 7 
34 17 19 13 2 
19 56 9 1 
34 11 37 2 1 
1 68 15 1 
1 78 2 3 1 
2 47 20 14 2 
8 2 42 26 5 1 1 
1 6 77 1 
2 2 8 45 18 4 1 1 1 2 1 
52 9 11 10 2 1 
1 67 7 4 3 1 1 1 
6 30 26 8 14 1 
2 63 7 12 1 
1 41 24 8 11 
1 84 
1 33 47 1 2 1 
1 25 59 
4 39 42 
1 21 1 47 3 10 2 
3 33 41 2 2 3 1 
1 84 
1 47 8 17 4 8 
6 39 15 12 10 2 1 
85 
2 82 1 
5 21 9 9 9 8 19 3 2 
2 59 1 4 15 3 1 
1 23 35 1 21 4 
30 39 15 1 
1 80 4 
22 50 9 2 2 
1 26 45 10 1 2 
1 21 59 1 3 
3 77 2 2 1 
10 2 37 9 4 17 5 1 
1 17 67 
1 1 6 50 25 2 
3 71 9 1 1 
2 47 13 15 8 
1 33 50 1 
1 7 5 46 19 6 1 
10 48 3 17 6 1 
3 43 32 2 4 1 
81 4 
3 37 3 20 17 3 2 
1 56 2 18 8 
1 71 5 1 3 3 1 
4 17 31 14 1 9 7 2 
6 71 7 1 
1 48 12 2 20 2 
1 60 2 6 9 1 3 3 
8 70 7 
1 2 67 9 3 3 
3 59 2 15 4 1 1 
9 35 15 2 11 5 7 1 
3 23 26 2 31 
2 70 5 5 3 
1 39 11 21 1 1 5 4 1 1 
3 13 17 52 
1 44 3 14 17 3 3 
1 76 8 
9 2 16 32 14 3 1 4 1 2 1 
2 37 30 15 1 
13 62 10 
7 16 58 2 2 
1 1 14 52 5 5 6 1 
1 24 40 7 11 1 1 
1 31 46 2 3 1 1 
3 6 74 2 
1 21 40 4 3 8 6 1 1 
1 19 36 1 6 2 8 12 
1 19 54 3 6 1 1 
1 5 68 7 1 1 2 
44 19 9 6 7 
5 78 1 1 
1 46 20 2 6 5 1 1 2 1 
2 47 12 18 5 1 
1 34 3 2 45 
1 65 19 
7 63 15 
2 75 8 
2 65 6 3 7 2 
80 3 2 
10 23 52 
1 42 19 22 1 
1 58 19 2 5 
5 69 11 
27 35 12 4 5 2 
60 16 7 1 1 
40 9 36 
3 70 7 3 2 
3 59 1 3 13 4 2 
1 11 6 26 10 1 9 3 2 2 9 4 1 
1 21 12 22 6 20 1 2 
81 3 1 
11 54 20 
2 37 30 3 10 1 2 
3 15 36 25 4 1 1 
4 78 2 1 
2 30 44 9 
1 30 22 32 
1 40 14 28 1 1 
9 56 13 7 
1 42 42 
22 13 16 4 16 1 11 2 
38 40 7 
83 2 
3 39 33 2 5 2 1 
2 3 57 5 16 2 
12 13 5 39 2 5 4 2 3 
41 9 1 30 3 1 
1 25 24 26 4 3 2 
4 16 10 35 10 6 1 1 1 1 
1 27 56 1 
2 57 6 4 3 5 2 4 1 1 
4 81 
6 27 35 3 8 2 1 2 1 
1 52 31 1 
2 51 31 1 
6 5 60 2 10 2 
2 83 
5 19 54 6 1 
1 78 2 2 2 
1 24 23 15 3 6 2 5 1 3 1 1 
3 82 
6 28 43 6 1 1 
1 58 3 21 1 1 
2 44 7 20 5 2 4 1 
9 54 22 
58 8 17 1 1 
4 73 7 1 
22 19 26 10 1 2 5 
6 8 58 7 6 
54 20 7 1 2 1 
1 4 71 8 1 
4 71 10 
2 13 12 41 3 8 3 3 
8 39 11 20 7 
2 16 9 47 5 6 
1 82 1 1 
13 58 5 7 2 
2 26 44 1 10 2 
3 34 31 4 1 2 9 1 
1 47 14 13 9 1 
2 82 1 
1 68 4 11 1 
9 14 62 
9 51 10 1 9 5 
1 38 6 16 3 20 1 
29 34 1 8 10 3 
4 57 2 15 3 1 2 1 
21 32 13 10 1 2 3 3 
2 44 18 11 7 1 2 
1 76 4 4 
1 50 26 7 1 
1 57 15 10 1 1 
2 20 30 27 5 1 
1 23 3 47 7 2 2 
2 10 55 2 11 5 
1 71 8 4 1 
84 1 
9 62 13 1 
51 21 10 1 2 
1 62 13 8 1 
8 36 26 9 5 1 
10 73 2 
5 20 18 40 2 
11 53 10 3 3 4 1 
11 15 57 1 1 
2 73 8 2 
2 46 16 10 5 5 1 
26 58 1 
2 22 33 16 2 7 1 2 
80 4 1 
1 23 58 2 1 
8 63 2 6 5 1 
6 74 1 4 
10 6 31 2 36 
2 8 15 34 6 14 1 3 1 1 
1 45 39 
1 78 6 
55 30 
1 76 8 
1 69 7 1 4 3 
1 61 16 2 5 
1 20 18 25 17 4 
28 13 27 12 4 1 
40 15 18 2 3 6 1 
4 23 46 8 2 2 
2 59 1 21 2 
1 76 8 
1 68 15 1 
3 50 24 1 7 
5 40 29 10 1 
2 67 4 2 5 3 2 
3 68 8 5 1 
2 44 38 1 
7 68 7 3 
2 55 14 2 12 
25 2 49 7 2 
6 45 32 2 
1 48 20 10 2 1 2 1 
2 26 33 19 2 1 2 
1 81 3 
1 83 1 
2 42 6 29 4 2 
3 37 45 
60 2 4 13 3 1 1 1 
4 3 18 5 45 8 1 1 
61 24 
2 76 5 1 1 
21 24 38 1 1 
9 42 33 1 
55 30 
1 73 11 
81 4 
1 50 26 8 
1 71 4 4 1 1 1 1 1 
1 33 1 50 
8 41 22 13 1 
1 71 1 6 4 2 
1 54 18 7 1 2 2 
2 41 8 9 11 4 7 3 
6 64 3 4 6 2 
2 25 3 40 8 4 3 
65 13 2 2 1 1 1 
2 22 16 20 24 1 
1 84 
1 39 11 15 6 11 2 
1 72 11 1 
9 44 6 12 6 2 4 2 
1 37 6 28 3 3 3 3 1 
22 46 17 
1 80 2 1 1 
44 34 4 1 1 1 
1 12 10 27 17 1 1 11 2 2 1 
2 76 7 
4 30 49 1 1 
23 1 11 45 2 3 
1 50 19 14 1 
1 41 32 1 2 6 1 1 
1 36 4 20 7 17 
9 53 21 2 
41 16 23 4 1 
4 81 
1 28 22 18 3 3 1 8 1 
3 33 44 2 2 1 
3 24 27 4 4 20 3 
85 
4 15 32 21 1 5 3 1 1 2 
2 10 40 7 3 22 1 
77 5 3 
1 36 1 1 24 14 6 2 
1 33 19 8 8 16 
1 25 35 2 18 4 
2 26 6 9 41 1 
2 14 9 13 34 6 3 1 1 2 
3 30 35 5 1 11 
15 23 23 11 8 1 3 1 
2 34 34 8 1 1 1 1 3 
6 43 22 11 2 1 
1 72 2 10 
3 19 62 1 
2 12 50 5 8 1 2 3 1 1 
13 7 29 23 9 3 1 
1 64 19 1 
1 24 15 25 17 1 1 1 
66 3 1 7 2 6 
19 14 6 24 18 4 
3 6 13 16 36 1 6 2 1 1 
7 31 1 28 7 2 6 3 
6 41 18 1 13 4 2 
3 79 1 1 1 
2 16 33 23 2 8 1 
1 30 10 40 4 
8 23 13 23 4 7 1 1 2 1 1 1 
1 21 62 1 
37 6 42 
3 38 13 24 6 1 
33 34 4 7 4 3 
1 19 27 26 4 6 1 1 
2 2 71 2 3 5 
2 2 81 
1 6 13 25 13 1 5 21 
2 59 14 10 
85 
22 42 9 5 3 4 
1 41 42 1 
20 27 34 4 
15 15 12 1 30 1 2 3 4 2 
2 48 16 9 8 2 
1 36 32 15 1 
8 67 9 1 
18 58 9 
1 62 21 1 
59 8 13 2 1 2 
12 34 25 14 
10 47 27 1 
21 54 7 1 1 1 
1 20 64 
1 64 3 2 1 5 2 3 3 1 
43 39 1 1 1 
1 75 7 1 1 
26 2 5 14 14 20 4 
2 2 31 5 7 3 13 14 7 1 
50 9 5 13 3 2 1 1 1 
3 36 42 1 3 
1 58 22 1 3 
6 18 14 40 5 2 
4 60 12 2 5 2 
1 19 21 44 
1 34 44 3 1 2 
1 17 40 18 7 1 1 
1 67 14 3 
1 60 3 10 1 9 1 
1 18 25 1 14 10 5 2 8 1 
1 47 32 1 2 1 1 
5 10 17 52 1 
2 12 54 14 1 1 1 
1 28 12 15 4 12 11 2 
49 5 20 10 1 
24 36 6 19 
1 1 83 
2 15 24 25 19 
2 51 27 2 2 1 
12 32 27 9 5 
4 75 6 
3 45 20 14 2 1 
1 5 37 6 26 10 
1 13 71 
7 8 22 17 18 1 4 3 4 1 
1 68 5 9 2 
1 76 3 4 1 
27 58 
73 4 4 4 
1 67 17 
2 48 8 12 9 3 1 2 
2 41 17 13 1 1 8 2 
18 1 62 3 1 
5 38 2 27 13 
37 6 1 4 9 22 4 2 
1 72 6 6 
1 18 50 6 5 1 4 
1 75 9 
1 47 3 1 14 10 5 4 
5 55 23 1 1 
1 75 5 1 3 
1 78 5 1 
23 23 39 
16 3 15 42 6 1 2 
20 17 26 11 11 
85 
1 39 45 
1 81 2 1 
2 58 20 2 3 
50 8 6 13 8 
84 1 
3 79 3 
14 47 1 20 1 1 1 
5 1 50 26 1 2 
5 11 39 7 16 2 3 2 
2 31 39 6 1 5 1 
3 52 5 2 4 17 2 
1 82 1 1 
1 11 25 15 20 13 
1 68 16 
5 54 25 1 
2 37 23 2 20 1 
1 75 9 
58 24 3 
1 77 2 3 1 1 
1 43 32 1 1 5 2 
10 10 9 43 10 2 1 
1 1 10 63 3 5 1 1 
1 61 18 1 4 
1 32 31 4 6 4 6 1 
17 47 5 9 7 
2 34 49 
1 5 9 47 15 1 4 3 
32 39 2 10 2 
1 47 25 5 2 1 4 
85 
1 21 12 31 1 15 4 
2 31 16 3 7 16 10 
1 71 3 10 
43 5 30 7 
4 46 21 3 5 5 1 
3 81 1 
10 62 9 1 1 1 1 
3 56 15 11 
1 31 19 16 7 4 1 5 1 
30 19 22 12 1 1 
1 59 12 4 2 3 3 1 
6 51 15 5 8 
1 64 19 1 
1 26 49 8 1 
12 62 11 
7 40 4 10 1 8 15 
6 33 10 26 2 6 2 
2 61 9 5 4 4 
1 16 40 2 1 24 1 
1 50 17 11 3 1 2 
1 80 1 3 
18 2 37 27 1 
1 8 76 
1 11 20 23 11 9 10 
9 63 13 
1 36 15 4 20 7 1 1 
1 50 1 6 19 5 3 
1 26 34 6 16 2 
3 41 33 5 2 1 
1 38 6 22 18 
1 33 34 2 8 5 1 1 
2 56 27 
1 80 3 1 
