2 47 33 2 2 
1 76 7 2 
3 42 5 4 11 11 9 1 
1 63 22 
9 50 16 4 7 
2 76 7 1 
1 78 1 3 3 
3 40 31 8 4 
3 53 29 1 
3 76 7 
1 70 13 2 
2 25 56 2 1 
3 13 1 28 14 8 1 11 1 4 1 1 
6 42 5 29 3 1 
5 9 61 10 1 
1 70 15 
5 11 19 25 16 1 4 5 
1 74 10 1 
1 3 7 42 28 1 2 2 
3 34 1 34 9 2 1 2 
1 78 2 4 1 
1 27 19 38 1 
3 35 37 7 3 1 
7 4 3 21 21 1 16 6 2 1 4 
2 31 5 4 14 14 2 14 
5 63 13 3 2 
1 69 15 1 
1 30 22 12 3 4 6 2 6 
1 14 24 38 2 1 1 4 1 
1 58 11 13 3 
1 36 11 7 20 1 6 3 1 
10 15 6 25 6 8 3 9 4 
3 22 1 45 11 3 1 
1 71 4 5 5 
3 55 19 2 3 3 1 
6 77 1 1 1 
1 38 44 3 
1 54 10 17 3 1 
27 21 38 
1 57 23 2 3 
73 3 7 3 
1 74 5 3 1 1 1 
2 32 42 8 2 
1 53 17 13 1 1 
3 31 2 13 10 15 4 7 1 
18 49 19 
1 64 3 5 11 2 
1 65 7 7 3 1 2 
1 27 3 45 2 7 1 
1 47 15 5 10 7 1 
7 77 2 
5 27 11 18 2 13 3 3 3 1 
2 73 9 1 1 
7 38 37 2 2 
11 65 2 1 7 
34 10 36 2 3 1 
2 47 32 3 2 
3 18 7 54 4 
3 21 62 
37 49 
1 32 21 20 12 
20 65 1 
2 5 62 13 1 1 2 
11 16 6 9 7 11 18 8 
2 14 33 6 9 20 2 
1 58 14 11 1 1 
33 38 14 1 
4 34 27 14 3 2 1 1 
25 11 1 2 3 40 4 
3 54 18 11 
3 59 1 15 2 5 1 
18 2 5 17 30 10 4 
3 14 25 5 38 1 
34 36 6 10 
1 27 37 6 8 3 1 3 
1 84 1 
1 29 3 48 4 1 
8 57 17 4 
1 72 8 5 
1 60 13 12 
72 9 2 1 1 1 
7 9 67 3 
10 37 16 5 3 4 4 4 1 1 1 
3 3 14 27 8 11 1 10 7 1 1 
4 37 39 4 2 
1 4 46 10 16 4 3 1 1 
29 11 24 2 16 2 1 1 
6 77 3 
1 50 13 13 2 5 1 1 
7 62 17 
2 12 32 17 5 18 
15 51 20 
1 18 30 15 4 16 2 
2 35 30 2 7 5 5 
1 77 4 4 
1 36 39 9 1 
10 17 58 1 
79 3 1 3 
3 38 21 16 5 3 
2 79 5 
2 27 57 
1 24 29 24 8 
2 11 73 
2 66 16 2 
42 35 3 3 3 
4 74 1 2 2 3 
1 26 28 19 3 2 1 4 1 1 
1 33 11 34 6 1 
3 73 5 1 4 
7 69 8 2 
5 18 48 1 5 4 4 1 
1 83 2 
1 50 35 
1 43 10 26 1 1 1 3 
3 48 3 17 6 2 6 1 
1 23 55 4 2 1 
3 30 20 18 15 
11 42 4 18 11 
2 73 2 4 5 
11 40 4 16 12 2 1 
63 9 8 4 2 
1 66 15 2 2 
1 9 43 1 21 11 
1 34 38 12 1 
2 68 1 14 1 
26 33 2 11 7 4 3 
12 10 42 19 2 1 
1 68 17 
5 66 9 6 
3 52 1 4 11 3 9 3 
1 79 3 1 1 1 
54 23 9 
2 74 5 2 3 
1 80 1 2 1 1 
78 1 4 3 
86 
4 18 6 22 19 9 1 1 6 
1 11 33 2 25 4 4 4 1 1 
1 80 5 
23 42 19 1 1 
1 83 2 
2 5 18 44 7 3 5 1 1 
56 19 4 3 3 1 
80 3 1 2 
1 47 10 19 9 
1 84 1 
1 58 16 3 6 1 1 
1 18 61 6 
1 72 11 2 
1 74 9 1 1 
1 2 25 20 20 3 12 2 1 
7 54 9 3 9 2 2 
3 78 4 1 
1 77 3 4 1 
1 73 7 4 1 
4 24 51 5 2 
1 41 15 15 4 10 
1 56 4 9 13 1 1 1 
1 29 20 13 14 4 4 1 
1 46 38 1 
2 83 1 
1 21 54 8 2 
38 45 3 
1 69 12 2 2 
13 10 20 14 16 11 2 
86 
6 14 40 7 19 
86 
1 42 34 3 6 
17 6 11 7 29 2 10 4 
1 20 12 9 34 4 6 
22 21 30 10 1 1 1 
4 79 3 
1 12 36 21 15 1 
6 48 15 5 2 7 2 1 
3 9 48 14 8 2 1 1 
54 21 1 1 3 2 1 2 1 
1 20 62 1 1 1 
1 34 36 3 3 5 1 1 1 1 
14 29 29 1 10 2 1 
2 16 13 10 17 15 1 8 1 3 
4 37 14 29 1 1 
86 
1 22 21 20 20 2 
1 82 2 1 
2 46 29 9 
1 31 26 24 1 1 1 1 
11 66 9 
39 4 28 6 1 8 
9 76 1 
65 6 7 2 2 2 2 
2 45 20 8 6 4 1 
1 35 33 6 3 1 2 1 2 1 1 
74 6 2 3 1 
2 8 12 56 1 2 3 2 
1 71 5 6 1 2 
1 58 17 2 7 1 
86 
7 6 18 19 11 24 1 
80 6 
1 24 57 1 1 1 1 
2 43 35 3 1 2 
2 18 35 1 9 13 5 1 1 1 
3 2 51 2 6 18 1 1 2 
2 36 37 5 5 1 
1 10 18 9 25 7 11 2 1 2 
60 19 7 
7 12 60 1 6 
3 26 14 1 17 20 5 
21 48 5 12 
12 2 17 38 15 1 1 
16 52 10 6 2 
4 55 23 3 1 
1 64 20 1 
1 58 5 9 13 
1 19 11 54 1 
1 40 29 13 2 1 
1 55 24 1 1 2 1 1 
1 24 55 3 3 
1 46 38 1 
3 45 32 5 1 
2 55 29 
17 3 60 1 3 2 
19 38 13 8 2 3 3 
79 1 6 
30 10 29 1 8 3 1 2 1 1 
81 3 1 1 
1 37 5 10 29 4 
8 62 12 3 1 
6 1 73 5 1 
44 21 6 11 4 
1 78 4 3 
1 58 26 1 
1 45 17 23 
63 12 5 2 3 1 
38 7 39 1 1 
2 63 10 1 10 
25 53 4 2 2 
1 79 4 2 
2 41 12 15 12 2 1 1 
1 80 3 1 1 
19 24 39 2 2 
1 81 4 
54 32 
1 25 31 7 14 2 2 2 2 
1 21 5 7 5 37 8 1 1 
5 8 50 15 1 1 2 4 
1 64 4 4 5 4 1 3 
20 57 5 2 2 
1 72 6 5 2 
2 33 5 19 10 15 2 
32 3 50 1 
3 57 22 4 
7 51 13 8 7 
1 84 1 
66 17 2 1 
1 8 46 7 24 
1 4 15 51 14 1 
71 12 1 1 1 
17 7 27 22 1 10 2 
6 44 5 4 25 1 1 
1 81 4 
1 83 1 1 
2 34 41 7 1 1 
2 21 58 1 3 1 
3 28 26 22 2 3 2 
1 7 31 26 6 13 2 
3 78 2 2 1 
60 5 17 4 
3 40 8 31 3 1 
2 62 4 14 4 
2 7 3 9 42 11 8 4 
2 67 9 5 1 1 1 
77 1 1 1 1 2 1 2 
1 10 50 8 6 3 6 1 1 
1 84 1 
9 70 3 4 
7 64 7 6 2 
1 21 22 4 20 12 6 
1 50 11 14 6 3 1 
2 47 24 13 
32 9 23 18 4 
1 51 34 
1 10 4 1 37 33 
20 54 4 3 5 
19 19 12 35 1 
1 1 59 22 3 
1 8 71 4 1 1 
4 66 10 2 4 
7 72 3 1 3 
20 15 6 1 31 2 2 5 1 3 
53 16 4 4 7 1 1 
5 38 43 
69 14 3 
2 71 13 
1 64 16 1 1 2 1 
6 55 8 7 10 
2 66 11 4 3 
1 45 14 14 11 1 
1 23 4 6 52 
1 77 5 2 1 
20 55 11 
5 81 
5 56 25 
1 83 1 1 
4 58 10 13 1 
1 66 5 13 1 
1 37 24 6 13 2 1 1 1 
2 52 18 3 8 1 1 1 
2 6 21 12 18 9 18 
2 62 6 12 4 
3 33 40 2 4 1 1 2 
1 69 5 4 6 1 
1 79 3 1 2 
1 30 38 17 
30 3 13 14 10 7 8 1 
26 1 13 2 37 3 1 1 2 
84 2 
1 8 72 2 3 
4 78 4 
4 49 22 9 2 
34 33 19 
1 75 9 1 
3 61 3 17 2 
1 14 33 14 8 10 2 2 2 
36 5 21 5 14 1 3 1 
1 80 3 1 1 
1 11 17 10 23 16 4 3 1 
1 57 23 1 1 2 1 
1 63 13 9 
86 
1 68 17 
6 9 64 1 4 2 
1 55 5 10 3 1 10 1 
67 2 5 7 1 3 1 
6 16 29 3 9 4 5 12 2 
1 84 1 
36 41 3 5 1 
5 65 14 2 
45 15 26 
1 14 2 48 13 1 2 4 1 
1 41 7 36 1 
70 5 4 3 3 1 
6 53 19 8 
18 54 8 1 2 3 
1 76 5 1 1 2 
28 17 15 24 1 1 
4 8 3 51 6 13 1 
1 55 9 18 2 1 
2 3 67 5 9 
1 20 50 10 2 2 1 
2 46 17 13 6 2 
6 16 6 30 5 22 1 
4 70 9 2 1 
2 26 23 8 6 11 6 2 1 1 
4 52 27 2 1 
19 54 3 7 3 
1 68 6 10 1 
1 64 20 1 
2 26 37 9 2 3 3 3 1 
26 50 7 1 1 1 
1 23 26 13 10 2 2 8 1 
5 56 17 1 7 
1 31 47 3 3 1 
1 76 1 8 
1 82 1 1 1 
24 4 33 20 3 2 
1 22 27 24 3 6 3 
1 14 5 56 10 
8 13 35 19 8 3 
30 32 14 4 6 
1 63 19 2 1 
3 5 55 10 6 7 
1 48 23 2 7 3 1 1 
1 57 19 9 
2 65 3 13 2 1 
54 29 3 
12 2 31 40 1 
4 77 3 1 1 
1 45 32 5 1 2 
22 46 7 7 1 2 1 
1 70 9 2 3 1 
1 53 31 1 
1 67 17 1 
1 61 3 18 2 1 
86 
1 24 11 18 27 4 1 
1 19 31 11 14 5 3 2 
11 20 27 8 3 14 3 
2 16 57 10 1 
2 25 15 38 6 
1 60 21 3 1 
1 37 6 11 22 2 2 5 
3 50 32 1 
1 44 27 2 12 
67 8 4 2 4 1 
4 45 36 1 
46 37 3 
7 56 4 19 
1 29 23 4 12 2 2 10 2 1 
4 58 6 5 1 10 2 
2 3 63 1 9 1 1 6 
1 72 13 
2 35 26 4 16 2 1 
10 42 18 3 10 2 1 
7 45 5 23 6 
5 37 2 14 27 1 
1 32 39 9 5 
71 9 5 1 
1 1 66 5 13 
17 25 28 14 2 
3 11 51 15 4 1 1 
2 68 8 5 1 2 
1 81 1 2 1 
4 73 1 2 5 1 
1 79 5 1 
35 23 28 
2 25 49 7 2 1 
3 81 2 
2 20 52 2 3 1 3 2 1 
1 34 24 17 2 5 2 1 
2 32 7 28 16 1 
1 32 1 12 4 13 11 5 1 3 1 1 1 
40 17 4 25 
1 38 1 16 13 1 11 3 2 
1 64 8 12 1 
3 77 1 5 
17 40 29 
51 1 19 11 2 2 
1 2 16 42 8 13 1 3 
1 81 1 2 1 
1 32 48 3 2 
41 28 8 9 
1 58 27 
1 37 45 3 
4 39 19 21 3 
1 7 25 8 36 3 1 5 
1 83 2 
76 8 2 
18 32 12 20 2 1 1 
3 4 16 12 2 21 27 1 
24 62 
1 38 12 28 3 4 
13 52 1 15 1 1 2 1 
6 63 10 5 2 
2 71 7 2 1 3 
78 2 5 1 
2 32 19 2 15 6 10 
1 25 53 1 5 1 
1 1 46 11 1 16 1 3 2 3 1 
1 3 30 24 20 7 1 
3 49 21 4 3 1 5 
11 74 1 
13 32 40 1 
2 28 22 8 2 4 15 2 2 1 
1 38 18 27 2 
3 41 17 8 17 
1 50 8 7 11 6 3 
3 39 20 12 1 11 
2 32 52 
2 81 3 
1 4 59 20 1 1 
12 17 31 13 1 4 1 5 1 1 
5 69 6 4 2 
3 9 19 10 17 28 
1 60 1 14 6 1 2 1 
3 65 14 1 2 1 
56 22 8 
2 48 34 2 
1 31 16 29 8 1 
1 6 35 23 9 1 8 1 2 
7 67 3 4 5 
1 45 28 4 5 3 
1 69 13 3 
5 8 32 23 17 1 
9 54 10 7 1 1 1 2 1 
1 27 40 5 13 
2 54 22 5 3 
1 78 1 5 1 
6 74 3 3 
1 1 4 5 21 39 8 3 2 2 
1 50 35 
1 61 5 12 2 5 
5 14 50 9 5 3 
2 83 1 
52 12 1 20 1 
3 13 39 1 18 11 1 
4 23 6 18 17 16 2 
1 37 29 4 3 7 4 1 
1 26 20 19 17 3 
34 27 25 
3 58 12 12 1 
1 63 14 6 1 1 
2 7 70 6 1 
1 3 79 3 
10 28 34 2 8 3 1 
1 23 44 8 10 
5 34 2 8 2 13 1 21 
43 35 4 3 1 
1 10 75 
1 15 15 12 43 
2 20 64 
1 72 13 
3 13 11 2 40 2 1 10 2 2 
2 57 21 3 2 1 
1 9 42 22 1 3 1 1 4 1 1 
2 37 4 26 4 5 7 1 
2 77 7 
2 51 8 19 6 
2 60 4 16 4 
47 20 7 1 8 2 1 
1 2 27 25 1 25 4 1 
8 43 6 8 20 1 
2 79 5 
2 55 27 1 1 
15 10 30 19 10 2 
1 17 61 2 4 1 
1 66 19 
2 57 27 
9 40 32 4 1 
1 42 2 8 1 20 7 2 1 1 1 
13 16 51 4 1 1 
1 43 25 13 1 2 1 
1 55 29 1 
81 1 2 1 1 
5 50 5 12 10 2 2 
7 67 12 
4 18 15 7 41 1 
57 13 14 2 
2 5 15 59 5 
1 20 16 30 5 7 2 5 
4 75 7 
4 23 37 5 14 1 1 1 
1 65 17 1 2 
2 33 1 39 10 1 
2 33 12 24 3 3 4 5 
14 38 6 17 10 1 
3 26 18 30 8 1 
6 64 16 
2 28 3 25 23 1 2 2 
1 7 52 16 4 5 1 
1 51 15 3 6 6 3 1 
1 46 11 16 7 3 2 
2 12 26 1 5 40 
1 33 51 1 
12 47 19 3 3 1 1 
1 8 19 14 13 22 3 1 5 
2 54 24 6 
1 23 16 35 1 10 
11 63 8 1 3 
70 5 4 3 4 
4 54 8 6 13 1 
1 7 76 2 
37 46 2 1 
2 29 50 4 1 
1 20 2 26 12 8 5 9 1 2 
1 3 35 22 23 2 
53 13 8 3 9 
1 69 16 
3 82 1 
3 57 10 6 5 5 
2 48 1 29 5 1 
1 33 50 2 
1 48 12 20 4 1 
5 26 50 4 1 
4 75 7 
1 47 26 7 5 
2 12 31 20 19 2 
1 4 18 16 12 24 3 7 1 
85 1 
2 47 5 9 17 6 
1 11 12 47 10 4 1 
9 21 7 15 28 6 
1 74 10 1 
79 7 
16 34 30 5 1 
6 78 1 1 
3 79 4 
35 1 31 1 12 4 1 1 
1 55 30 
1 34 40 2 4 1 1 1 1 1 
1 82 1 2 
3 23 18 10 15 4 13 
68 16 2 
1 44 2 3 35 1 
1 25 38 18 3 1 
9 54 6 8 7 1 1 
13 23 44 1 3 2 
8 46 16 15 1 
5 10 43 6 5 17 
2 24 29 28 2 1 
38 15 13 3 10 3 4 
1 41 2 4 22 6 5 1 3 1 
1 85 
1 14 60 7 1 1 2 
1 39 31 10 2 1 2 
1 10 69 6 
2 1 77 6 
1 70 12 1 2 
5 45 30 5 1 
1 49 1 2 8 25 
1 22 26 19 13 3 1 1 
84 1 1 
1 41 8 26 10 
1 4 34 33 7 7 
6 7 73 
1 73 7 5 
3 52 15 7 9 
5 36 45 
82 1 3 
17 61 8 
2 37 17 16 8 4 1 1 
5 69 12 
11 60 8 5 2 
5 24 14 16 10 15 2 
1 50 35 
7 29 32 11 5 1 1 
13 20 7 5 10 12 4 3 3 3 6 
2 50 11 19 2 1 1 
3 67 11 5 
7 5 4 43 23 3 1 
34 47 1 2 2 
1 76 7 2 
1 31 54 
1 59 26 
1 83 1 1 
8 53 5 2 18 
1 82 3 
4 21 55 1 3 2 
1 63 6 5 3 1 6 1 
1 53 6 25 1 
2 74 10 
3 67 3 3 9 1 
2 27 25 8 7 7 3 2 1 1 1 1 1 
1 22 9 8 1 29 16 
18 24 9 8 8 10 7 2 
2 49 10 20 3 2 
1 74 8 3 
1 31 31 18 1 2 2 
1 49 13 9 2 7 4 1 
2 27 32 8 3 13 1 
37 33 8 5 1 2 
1 66 8 8 2 1 
11 15 47 13 
1 6 1 8 28 21 6 2 5 5 1 2 
1 19 42 9 11 1 1 2 
39 41 6 
25 45 16 
1 83 1 1 
1 50 7 14 7 1 2 4 
1 1 55 28 1 
1 52 13 9 11 
3 36 31 3 5 5 3 
2 63 21 
50 8 6 3 9 10 
1 62 6 13 2 2 
1 46 22 3 11 1 2 
1 22 48 5 10 
2 67 17 
4 71 2 2 7 
9 36 36 3 2 
13 16 21 23 11 2 
4 62 20 
6 26 25 3 12 2 2 3 4 1 1 1 
1 20 23 14 24 3 1 
4 58 9 4 4 1 6 
1 36 16 31 2 
1 59 16 1 6 2 1 
17 19 11 26 13 
3 83 
1 61 4 17 2 1 
8 17 28 22 11 
5 41 32 1 2 4 1 
1 45 12 21 5 1 1 
1 22 18 3 14 4 2 5 1 3 1 5 5 1 1 
3 33 27 6 10 6 1 
2 1 47 4 2 21 8 1 
2 5 29 30 8 9 3 
1 52 21 10 2 
62 6 3 15 
17 12 31 6 6 4 3 4 3 
24 14 1 32 11 3 1 
1 45 9 12 9 2 5 2 1 
1 17 30 1 11 5 3 15 3 
2 57 18 3 4 1 1 
55 17 8 3 1 1 1 
19 64 2 1 
1 68 15 2 
1 45 1 39 
1 73 7 1 4 
82 1 1 1 1 
5 2 15 26 21 12 4 1 
1 70 9 5 1 
6 73 6 1 
5 62 14 2 1 2 
1 64 1 1 3 7 4 4 1 
1 32 42 8 3 
12 74 
8 35 21 8 7 4 3 
1 69 15 1 
1 67 7 9 2 
1 77 8 
3 77 5 1 
1 1 45 13 14 3 2 7 
1 51 7 26 1 
1 60 6 7 10 2 
4 57 13 12 
1 70 9 4 2 
4 41 15 20 4 1 1 
1 18 62 3 1 1 
1 19 53 9 4 
84 1 1 
1 3 80 2 
4 82 
1 57 13 8 7 
2 55 17 8 4 
5 65 4 1 1 9 1 
1 46 39 
1 74 9 1 1 
86 
1 36 49 
45 29 4 7 1 
18 7 57 4 
1 20 14 5 19 3 4 3 7 2 6 1 1 
5 44 18 10 9 
31 23 16 9 6 1 
5 27 24 1 10 10 5 3 1 
4 4 66 9 2 1 
6 55 20 1 1 1 1 1 
31 28 26 1 
2 77 5 1 1 
85 1 
4 81 1 
1 32 53 
1 49 6 20 5 2 3 
53 13 19 1 
1 42 35 6 1 1 
3 16 38 24 4 1 
2 63 21 
1 17 14 31 2 12 5 4 
11 5 16 12 29 1 4 6 2 
1 67 11 4 2 1 
1 80 5 
1 34 51 
2 4 80 
2 15 18 32 9 2 2 5 1 
3 30 5 22 18 2 6 
85 1 
1 56 29 
22 19 33 7 5 
2 31 50 1 2 
1 22 2 46 3 9 2 1 
1 31 54 
39 44 3 
1 32 49 2 2 
52 8 3 6 16 1 
1 22 30 14 9 5 1 3 1 
3 82 1 
15 54 14 1 2 
80 2 4 
10 36 39 1 
2 2 72 3 5 1 1 
1 38 3 42 2 
1 33 20 4 11 5 12 
57 20 1 2 4 2 
6 35 34 4 2 1 4 
1 57 10 2 1 3 7 5 
1 56 17 8 4 
1 12 47 25 1 
1 47 1 14 2 12 9 
4 25 31 15 1 3 7 
5 51 22 1 7 
6 60 20 
1 22 17 21 9 12 2 2 
2 3 35 11 21 2 6 4 1 1 
4 40 9 13 10 8 2 
1 3 23 10 10 22 9 2 5 1 
25 20 36 4 1 
10 74 2 
1 29 39 10 7 
1 32 48 1 2 1 1 
83 1 1 1 
5 74 7 
12 34 8 32 
5 34 44 3 
2 31 42 7 4 
2 54 9 12 9 
4 52 18 1 5 1 4 1 
1 51 13 10 3 3 5 
4 28 2 18 7 26 1 
2 67 5 7 3 2 
1 61 24 
1 50 29 6 
3 43 39 1 
8 31 38 6 1 1 1 
6 28 20 21 2 2 6 1 
8 27 31 10 10 
10 45 9 15 1 5 1 
7 38 10 11 17 2 1 
2 75 9 
7 28 36 3 10 1 1 
1 70 4 10 1 
2 38 28 7 10 1 
1 27 14 38 6 
2 27 26 27 4 
36 1 17 16 5 3 1 3 4 
13 71 2 
34 20 24 1 7 
3 18 5 21 16 10 13 
3 80 3 
29 8 44 1 1 1 1 1 
1 5 63 4 8 3 2 
1 78 7 
9 65 7 5 
1 65 20 
2 11 66 1 6 
12 60 12 1 1 
41 39 1 3 1 1 
41 36 8 1 
2 6 34 3 40 1 
1 27 2 42 7 2 2 3 
53 31 2 
4 51 27 2 2 
9 32 38 7 
7 37 41 1 
1 44 13 18 4 3 2 1 
21 35 30 
44 4 38 
2 17 7 2 8 42 5 2 1 
81 2 2 1 
3 56 10 5 5 2 2 3 
5 2 21 13 7 24 9 2 1 1 1 
1 20 29 11 1 11 9 3 1 
1 31 5 46 2 1 
23 16 5 27 9 5 1 
1 1 14 37 29 1 3 
52 14 4 1 12 2 1 
3 31 31 10 11 
2 62 2 19 1 
10 16 9 46 5 
1 70 10 5 
4 53 24 2 2 1 
1 68 14 1 1 1 
12 64 10 
1 46 21 17 1 
1 72 5 3 1 1 1 1 1 
1 24 23 1 5 11 1 7 7 4 2 
1 41 2 42 
14 60 5 7 
4 56 7 3 10 3 1 1 1 
1 4 67 8 4 1 1 
1 83 1 1 
4 43 16 21 2 
1 35 42 8 
1 35 44 1 2 1 2 
7 6 16 4 13 5 21 2 6 2 4 
1 34 18 26 4 3 
4 20 51 1 5 3 1 1 
3 20 26 34 1 1 1 
2 77 2 5 
2 64 19 1 
3 74 7 1 1 
3 18 21 2 35 6 1 
31 23 7 10 11 1 2 1 
4 2 1 67 2 7 1 2 
2 50 12 8 10 3 1 
16 47 10 7 5 1 
1 37 13 28 3 3 1 
4 51 31 
56 14 2 9 3 1 1 
1 41 11 26 1 6 
12 7 60 2 1 3 1 
9 68 2 4 1 2 
21 10 7 8 18 6 6 5 3 2 
7 7 66 4 1 1 
61 24 1 
1 35 30 18 2 
1 12 43 8 20 1 1 
2 74 5 2 2 1 
5 60 20 1 
5 74 7 
1 79 6 
1 24 55 1 1 4 
13 51 22 
3 45 34 1 1 1 1 
13 2 47 24 
1 84 1 
34 11 23 18 
1 85 
80 5 1 
1 40 41 1 2 1 
7 28 10 20 20 1 
11 31 18 5 11 6 4 
1 63 22 
4 42 12 28 
1 18 49 5 13 
1 30 3 12 2 8 25 4 1 
1 5 52 21 6 1 
1 5 63 13 4 
1 53 6 21 5 
2 70 10 3 1 
1 11 27 42 1 2 1 1 
5 22 59 
22 29 5 7 11 1 1 1 1 6 1 1 
3 72 11 
13 50 23 
1 21 18 41 5 
4 61 13 3 2 3 
46 13 14 9 4 
5 7 55 5 10 3 1 
1 17 34 28 2 2 2 
1 42 43 
1 8 59 13 2 3 
1 11 22 17 35 
8 36 38 4 
1 55 3 15 5 7 
1 55 23 7 
3 67 12 1 2 1 
1 29 10 11 6 17 6 3 3 
1 3 12 3 34 18 6 9 
1 49 9 27 
11 52 4 9 10 
1 36 11 28 9 1 
4 6 27 8 34 3 1 1 2 
1 37 5 34 3 5 1 
1 25 25 33 1 1 
1 21 25 17 2 8 3 1 4 1 3 
9 46 28 3 
14 69 3 
6 42 16 3 7 5 2 3 2 
39 34 6 2 5 
53 16 2 12 3 
86 
9 40 21 5 4 5 2 
1 28 29 3 25 
1 73 6 5 1 
2 57 24 3 
86 
3 41 16 16 8 2 
12 15 10 28 16 1 2 1 1 
58 7 21 
1 17 57 10 1 
4 81 1 
4 61 21 
2 43 25 7 3 5 1 
3 19 38 11 12 2 1 
3 7 16 2 17 36 1 4 
1 65 20 
4 6 12 5 37 6 6 2 7 1 
1 56 26 3 
5 70 2 2 6 1 
35 30 5 15 1 
2 5 65 1 2 7 2 2 
3 47 6 6 1 1 8 4 8 1 1 
15 60 1 8 1 1 
28 24 16 1 9 2 5 1 
6 68 8 4 
1 33 24 24 4 
2 71 9 4 
1 29 40 5 10 1 
4 12 55 11 3 1 
1 30 44 5 3 3 
2 20 54 8 2 
1 79 4 2 
1 10 25 25 6 6 7 2 2 2 
5 36 32 3 3 3 4 
1 41 5 20 19 
7 41 33 1 1 3 
2 76 2 4 1 1 
5 35 21 15 10 
2 17 10 40 1 16 
2 47 4 2 22 6 3 
3 32 41 6 1 2 1 
15 20 39 2 10 
1 45 22 3 5 2 4 2 2 
5 19 58 3 1 
4 53 27 2 
16 14 38 12 6 
85 1 
2 47 30 4 1 1 1 
1 22 27 24 7 5 
1 13 55 15 1 1 
1 69 3 9 4 
2 20 5 2 29 27 1 
1 9 34 25 2 4 9 2 
1 80 5 
86 
8 43 10 13 1 11 
18 19 21 24 2 1 1 
1 35 28 8 4 7 2 1 
6 2 57 6 2 7 1 4 1 
1 33 51 1 
10 20 15 34 1 5 1 
3 81 1 1 
17 58 11 
1 29 56 
1 44 39 1 1 
13 56 3 9 4 1 
5 55 24 1 1 
1 27 34 10 13 1 
1 67 13 5 
1 84 1 
2 1 25 56 2 
1 63 20 1 1 
2 32 24 5 7 8 1 1 6 
40 14 11 3 3 5 1 1 2 2 1 2 1 
2 70 7 5 2 
8 57 8 2 3 4 3 1 
7 67 10 1 1 
4 75 5 1 1 
4 61 1 10 5 1 1 1 2 
22 2 29 33 
1 42 21 2 18 1 1 
2 36 17 26 1 2 1 1 
2 66 11 1 6 
4 52 8 1 13 5 3 
3 5 20 17 16 5 4 1 9 3 3 
5 42 7 28 2 1 1 
1 60 18 7 
2 21 42 2 6 10 3 
71 12 2 1 
45 35 3 3 
5 39 11 12 13 6 
1 8 60 5 3 1 5 2 1 
3 32 48 2 1 
1 37 10 12 1 17 3 3 1 1 
6 14 33 17 11 2 3 
8 17 39 17 1 1 1 1 1 
1 63 13 4 5 
49 30 7 
1 35 50 
12 57 3 12 2 
5 25 54 1 1 
3 60 3 19 1 
1 70 10 5 
3 29 19 16 17 2 
2 8 66 1 5 1 3 
9 53 3 12 9 
41 23 9 4 7 1 1 
1 5 26 20 34 
11 44 31 
21 30 3 13 9 2 4 4 
3 64 1 9 7 1 1 
1 13 48 4 15 4 1 
4 23 2 27 2 1 12 2 2 4 1 2 1 2 1 
34 48 4 
2 81 1 2 
2 53 31 
86 
1 39 34 9 3 
1 2 11 37 17 13 4 1 
1 45 6 16 9 4 5 
1 12 36 8 2 17 6 2 2 
28 8 37 3 7 2 1 
3 2 21 17 14 23 6 
1 37 25 1 13 2 3 1 1 1 1 
2 83 1 
17 52 3 11 3 
75 2 1 8 
2 23 4 31 9 17 
1 49 36 
1 54 14 9 1 4 3 
5 44 6 9 12 3 6 1 
2 38 35 11 
4 40 34 2 2 3 1 
3 81 1 1 
1 26 54 2 3 
4 63 7 11 1 
11 20 49 6 
5 53 12 10 3 1 2 
4 9 32 35 3 3 
1 4 38 2 12 23 3 1 1 1 
1 75 7 2 1 
71 8 6 1 
1 85 
1 41 9 35 
3 48 35 
1 3 3 13 22 20 11 11 2 
1 85 
5 64 16 1 
3 16 42 8 7 5 2 1 1 1 
6 72 7 1 
1 56 7 7 13 1 1 
56 21 1 4 4 
1 30 4 8 36 1 1 2 1 1 1 
2 45 12 12 2 2 2 6 2 1 
1 16 68 1 
1 17 10 23 11 18 2 3 1 
3 11 29 9 2 3 22 3 1 1 2 
14 46 22 4 
3 72 11 
5 3 54 18 1 4 1 
7 32 30 4 8 1 1 3 
4 6 15 10 51 
3 27 19 14 4 2 6 9 1 1 
2 41 18 22 3 
1 23 11 7 8 36 
1 6 43 7 12 16 1 
2 60 2 1 16 4 1 
3 47 32 3 1 
1 24 21 9 2 10 8 1 2 5 3 
1 25 57 1 2 
33 28 22 1 2 
1 67 12 2 4 
1 63 20 2 
1 82 3 
67 13 1 3 2 
17 3 41 2 14 1 3 3 2 
78 2 5 1 
5 5 36 1 8 14 6 1 6 1 1 1 1 
6 12 24 40 4 
4 82 
13 53 8 9 1 1 1 
34 34 18 
1 60 11 5 3 5 1 
1 56 29 
1 1 30 41 6 3 4 
6 37 42 1 
2 46 10 5 9 8 6 
3 81 2 
1 68 2 13 1 1 
1 58 3 8 6 1 2 6 1 
1 18 9 22 36 
1 8 2 18 17 7 24 4 3 1 1 
11 38 10 23 3 1 
7 2 72 5 
5 9 57 3 4 4 3 1 
19 22 11 30 1 2 1 
21 17 30 2 2 11 1 2 
1 72 9 4 
4 30 14 11 26 1 
1 36 37 2 1 4 2 2 1 
17 61 2 6 
2 81 3 
2 48 32 4 
58 17 3 5 2 1 
43 25 6 1 1 10 
1 55 20 10 
3 49 31 1 2 
1 17 49 2 13 3 1 
2 26 3 6 3 23 3 3 7 5 5 
3 58 21 1 3 
5 10 68 1 1 1 
2 82 2 
2 57 8 1 17 1 
1 73 7 5 
2 27 41 16 
2 76 7 1 
5 48 33 
12 47 23 3 1 
1 16 35 17 10 5 2 
3 58 24 1 
65 3 5 1 9 1 2 
1 22 54 9 
8 77 1 
7 30 3 28 9 3 5 1 
21 15 3 46 1 
1 10 75 
5 3 34 18 1 6 14 4 1 
2 1 32 26 9 10 1 2 1 1 1 
7 32 13 23 6 4 1 
9 77 
77 6 2 1 
1 48 20 12 5 
81 3 1 1 
1 8 15 35 3 23 1 
1 49 17 7 4 7 1 
44 10 18 4 3 5 2 
2 77 5 2 
1 53 5 18 9 
16 70 
2 58 12 3 1 4 3 3 
1 80 5 
5 56 15 3 3 3 1 
1 15 70 
48 16 4 8 7 1 1 1 
2 68 6 2 7 1 
16 25 24 9 3 7 2 
19 37 28 2 
20 61 3 2 
7 7 43 8 13 5 1 1 1 
4 52 12 11 7 
1 80 5 
1 31 43 4 2 5 
5 51 17 4 7 2 
1 16 10 21 35 2 1 
5 64 5 3 4 3 2 
1 5 70 4 3 1 1 1 
4 59 21 1 1 
5 61 13 3 2 2 
46 7 18 15 
1 46 13 20 1 3 1 1 
11 29 5 39 2 
2 47 17 6 5 5 1 1 1 1 
8 5 18 16 21 16 1 1 
4 18 41 3 19 1 
1 66 15 2 1 1 
1 45 14 25 1 
3 42 28 3 8 2 
84 2 
1 46 4 19 8 5 1 2 
59 21 2 4 
18 4 2 13 25 8 11 1 3 1 
1 61 7 4 5 6 1 1 
1 57 24 2 1 1 
32 31 14 1 7 1 
10 34 4 13 5 17 1 1 1 
1 59 26 
2 60 24 
1 37 12 32 3 1 
1 49 12 18 1 5 
1 29 25 28 1 2 
1 78 7 
1 30 55 
77 8 1 
1 19 62 3 1 
1 77 8 
1 5 5 11 54 8 1 1 
1 11 4 17 21 16 2 7 6 1 
2 40 14 14 5 6 2 3 
1 50 24 11 
1 71 8 6 
10 2 65 9 
6 1 54 17 7 1 
2 36 21 14 6 2 5 
1 54 8 14 7 2 
1 41 9 30 4 1 
1 70 13 1 1 
2 30 37 9 5 1 2 
3 17 28 17 2 11 2 5 1 
66 17 3 
1 49 6 12 5 10 1 2 
3 16 57 10 
7 42 12 24 1 
1 44 22 16 1 2 
1 67 1 14 1 1 1 
24 31 23 6 1 1 
2 33 23 7 21 
11 68 7 
3 42 13 16 9 1 2 
1 20 16 46 3 
18 2 10 14 9 11 12 7 1 2 
1 54 26 5 
1 7 60 1 13 4 
1 65 20 
1 39 46 
64 14 8 
1 79 6 
6 42 11 23 2 1 1 
1 82 3 
10 73 3 
1 53 21 8 1 1 1 
2 41 43 
1 13 23 8 17 5 4 2 8 3 1 1 
16 42 27 1 
1 75 3 1 2 2 2 
6 12 9 48 8 2 1 
7 35 35 4 5 
5 44 15 19 2 1 
1 57 10 17 1 
2 66 7 2 4 5 
2 41 29 5 2 6 1 
1 2 16 52 3 2 10 
2 19 13 47 5 
9 72 1 3 1 
1 41 6 20 2 5 5 4 2 
4 36 1 33 7 1 4 
16 53 1 4 11 1 
86 
24 6 8 33 15 
6 63 15 1 1 
2 41 1 8 5 12 6 9 1 1 
1 82 3 
2 39 26 1 17 1 
1 25 33 9 15 3 
2 22 50 2 2 3 4 1 
78 2 6 
1 59 1 14 1 4 2 2 2 
1 4 65 11 3 2 
17 36 33 
8 19 23 6 12 13 1 1 3 
5 21 52 1 2 2 3 
11 55 4 7 3 1 2 1 1 1 
1 67 8 2 2 1 5 
45 14 18 6 3 
1 74 5 5 1 
2 1 62 17 2 1 1 
3 3 6 3 37 1 31 2 
1 80 5 
54 1 4 16 3 8 
42 30 2 8 2 1 1 
61 10 8 2 5 
1 35 22 21 6 1 
1 81 4 
1 10 13 15 23 8 6 6 1 2 1 
1 83 1 1 
22 36 25 3 
2 46 6 30 2 
17 61 8 
5 12 65 1 1 1 1 
1 62 6 7 10 
1 50 35 
1 84 1 
2 29 55 
1 50 13 12 8 2 
15 17 18 36 
1 42 18 17 2 3 1 1 1 
1 63 10 9 1 2 
1 8 55 18 4 
9 58 5 10 4 
1 53 31 1 
2 18 25 41 
3 66 17 
57 18 6 5 
1 52 8 25 
74 2 3 3 2 2 
2 24 54 5 1 
1 30 55 
7 51 15 4 6 3 
1 47 16 8 3 2 4 2 1 2 
3 35 19 2 21 6 
2 11 30 27 5 11 
33 8 5 29 8 3 
1 6 68 8 2 1 
7 38 9 14 14 4 
1 81 3 1 
7 40 39 
2 2 20 17 38 6 1 
1 14 34 20 17 
1 59 16 10 
3 18 16 1 27 1 1 10 7 2 
7 5 36 27 7 4 
27 1 26 8 22 1 1 
1 38 15 4 8 15 5 
81 2 3 
5 74 5 1 1 
1 47 16 13 8 1 
86 
1 33 3 9 14 4 15 3 4 
3 80 1 2 
17 53 10 5 1 
14 36 36 
4 8 63 6 3 2 
2 40 44 
3 65 13 4 1 
4 80 2 
1 26 14 6 26 12 1 
17 3 64 2 
6 38 27 2 7 2 4 
17 56 10 1 1 1 
1 85 
1 75 4 3 3 
2 24 8 52 
5 17 54 7 1 1 1 
3 16 58 6 2 1 
9 20 51 1 5 
1 3 58 14 3 2 2 3 
1 32 23 14 8 1 6 1 
2 73 6 5 
1 50 10 17 5 1 1 1 
1 69 10 4 1 1 
3 6 65 9 1 1 1 
1 74 10 1 
1 61 24 
14 64 7 1 
7 11 21 45 2 
1 18 36 21 4 2 4 
86 
1 80 4 1 
85 1 
3 82 1 
5 68 12 1 
1 59 17 1 6 1 1 
2 6 22 12 20 24 
1 17 28 35 4 1 
16 3 8 13 43 2 1 
3 38 33 6 2 3 1 
4 47 35 
7 4 46 25 1 2 1 
1 43 29 11 1 1 
1 73 10 2 
2 77 5 1 1 
13 64 5 1 3 
7 49 14 12 4 
1 14 11 38 14 3 5 
1 46 3 14 16 5 1 
1 48 34 2 1 
1 60 17 1 7 
1 72 9 2 2 
29 20 37 
1 80 2 3 
2 59 7 5 9 4 
1 80 4 1 
2 69 15 
1 32 51 1 1 
1 37 43 1 1 2 1 
1 1 12 59 2 6 3 2 
1 25 42 6 1 8 3 
3 35 43 4 1 
1 74 10 1 
2 51 27 4 2 
1 30 52 3 
1 84 1 
15 11 2 13 3 41 1 
5 23 46 11 1 
1 67 12 3 2 1 
1 42 22 14 2 5 
6 67 6 2 2 3 
3 42 21 4 7 6 1 2 
1 43 27 2 12 1 
2 71 12 1 
18 21 15 21 3 7 1 
2 54 3 5 22 
53 23 10 
9 50 11 6 8 2 
9 1 29 5 23 4 10 1 2 2 
2 64 15 1 1 1 1 1 
25 35 20 2 3 1 
8 57 17 4 
4 21 17 35 6 3 
5 44 8 3 21 4 1 
1 58 17 2 3 1 1 3 
3 57 10 13 3 
15 42 12 15 1 1 
2 63 11 3 5 1 1 
14 50 1 7 3 3 3 2 3 
2 66 12 6 
84 2 
2 2 76 6 
2 22 33 13 14 2 
86 
1 26 36 10 2 8 3 
66 12 7 1 
4 77 1 3 1 
2 8 6 39 13 5 13 
1 78 2 1 4 
12 36 30 1 6 1 
1 4 66 4 2 5 3 1 
1 32 37 7 1 1 3 2 2 
7 62 3 6 1 2 2 1 2 
1 19 36 25 5 
1 50 21 12 2 
25 11 50 
2 59 19 6 
1 8 70 5 1 1 
3 9 37 27 9 1 
3 4 76 2 1 
21 12 13 2 1 6 14 6 3 4 1 2 1 
84 2 
70 9 6 1 
11 69 4 1 1 
1 85 
7 34 13 20 5 5 1 1 
2 10 8 3 8 11 13 12 6 13 
1 15 64 5 1 
3 76 6 1 
3 30 49 1 3 
84 1 1 
7 45 15 11 6 1 1 
16 29 9 31 1 
1 49 9 15 3 3 1 1 1 2 1 
1 9 73 2 1 
1 38 19 14 14 
60 10 5 10 1 
23 11 43 7 2 
1 81 2 1 1 
1 33 52 
1 7 66 4 8 
5 67 7 1 2 3 1 
1 80 1 2 1 1 
1 84 1 
3 30 23 17 12 1 
1 22 31 11 16 4 1 
1 3 64 17 1 
12 64 8 1 1 
1 77 5 1 2 
26 18 4 37 1 
1 56 12 3 11 1 1 1 
26 57 3 
6 10 47 20 3 
2 34 50 
4 55 22 3 2 
1 78 2 4 1 
8 58 12 7 1 
2 64 5 3 8 1 3 
62 10 4 4 5 1 
1 66 13 4 2 
1 74 1 5 3 2 
1 72 6 2 5 
86 
12 8 54 6 4 1 1 
2 41 5 12 26 
3 58 25 
4 30 34 2 11 4 1 
3 68 4 4 1 3 3 
4 76 2 3 1 
3 41 29 6 7 
77 2 1 5 1 
3 19 6 15 8 19 6 3 7 
26 57 3 
1 10 49 15 11 
13 48 23 2 
1 74 2 5 4 
1 39 20 26 
1 78 5 2 
1 71 1 8 3 2 
64 5 14 2 1 
1 23 18 33 2 9 
8 66 12 
2 49 32 2 1 
1 45 22 12 5 1 
61 10 7 8 
1 29 56 
1 11 48 15 2 1 6 1 1 
25 59 1 1 
3 69 14 
4 58 14 5 4 1 
11 71 1 2 1 
2 25 36 17 4 1 1 
15 59 2 4 2 4 
1 11 69 1 3 1 
1 21 64 
1 16 54 9 6 
1 29 43 5 8 
1 81 4 
41 4 9 18 5 7 1 1 
10 3 19 44 3 2 4 1 
1 76 4 4 1 
19 2 31 10 15 8 1 
32 41 8 1 4 
1 45 19 5 6 1 7 1 1 
1 26 55 4 
1 80 4 1 
40 40 4 1 1 
2 84 
3 62 4 4 12 1 
5 53 12 12 4 
62 6 3 7 6 1 1 
53 26 5 1 1 
3 36 4 15 17 1 8 2 
56 30 
6 19 20 40 1 
1 4 52 10 16 1 2 
5 81 
1 73 12 
1 48 19 18 
1 26 45 12 1 1 
1 64 13 5 2 1 
1 39 12 23 8 3 
2 77 2 5 
2 76 8 
5 57 23 1 
8 43 29 2 1 3 
2 54 13 9 6 2 
6 10 65 4 1 
9 62 11 1 3 
1 6 74 5 
2 72 11 1 
31 52 3 
86 
21 49 15 1 
12 35 3 29 5 2 
4 76 1 2 2 1 
4 23 52 3 3 1 
1 50 25 2 6 2 
1 3 4 64 9 2 2 1 
67 18 1 
1 85 
2 8 42 2 8 1 7 10 3 3 
50 13 8 15 
7 8 50 10 9 1 1 
5 58 20 3 
82 2 1 1 
2 35 3 16 12 1 7 1 3 3 3 
13 14 31 2 2 3 4 10 2 5 
5 64 14 2 1 
1 12 2 18 43 10 
5 3 78 
84 2 
86 
1 30 14 21 12 8 
14 10 8 48 1 2 3 
7 64 1 8 1 1 1 2 1 
1 52 5 14 14 
1 55 30 
7 39 11 24 3 1 1 
1 46 26 2 2 5 1 2 1 
1 45 7 28 5 
3 75 8 
18 25 9 26 1 3 2 2 
28 44 2 4 1 6 1 
1 17 67 1 
5 23 11 16 26 3 2 
58 23 5 
2 27 46 3 5 2 1 
3 55 9 7 5 7 
1 20 1 63 1 
6 58 22 
31 19 18 7 3 6 2 
2 5 16 28 14 21 
1 22 60 2 1 
1 56 22 2 3 1 1 
1 65 10 3 7 
49 17 20 
2 8 28 8 8 29 1 2 
1 72 13 
1 39 30 3 11 2 
1 2 80 2 1 
8 20 17 24 8 4 5 
1 16 38 9 2 12 5 3 
1 50 24 10 1 
8 49 26 1 2 
10 74 1 1 
1 37 47 1 
6 63 5 4 8 
1 64 14 5 2 
1 51 33 1 
2 6 4 69 5 
34 22 4 10 13 1 1 1 
2 73 4 1 2 3 1 
10 37 36 3 
1 65 18 2 
1 60 24 1 
1 74 7 2 2 
86 
46 21 19 
10 59 12 5 
33 10 15 16 6 5 1 
1 30 19 9 19 8 
1 22 23 9 9 6 2 10 1 3 
13 57 8 6 2 
12 42 30 1 1 
12 13 46 14 1 
3 59 23 1 
2 55 7 6 3 12 1 
2 49 34 1 
1 60 7 11 7 
9 19 27 19 11 1 
1 80 1 1 1 1 1 
7 17 22 24 11 5 
16 55 15 
1 11 60 9 4 1 
3 59 3 14 7 
7 70 4 4 1 
3 59 16 3 4 1 
27 25 28 4 2 
2 39 32 10 3 
4 28 22 21 3 6 2 
2 60 1 3 15 3 1 1 
9 66 5 3 3 
1 71 2 4 2 1 5 
1 39 35 7 4 
5 32 10 21 3 14 1 
3 62 2 14 3 2 
12 70 3 1 
4 78 4 
2 12 14 21 20 4 7 1 5 
6 48 28 2 1 1 
52 33 1 
3 16 67 
82 2 1 1 
3 80 1 1 1 
4 20 10 18 3 9 3 18 1 
10 65 4 3 3 1 
1 81 4 
1 55 2 28 
11 58 6 3 1 3 1 2 1 
6 18 21 29 7 4 1 
3 62 2 8 1 9 1 
3 79 2 2 
16 47 4 3 12 2 2 
1 70 14 1 
1 35 42 4 1 1 2 
4 62 1 5 4 3 1 4 1 1 
5 43 26 7 4 1 
2 55 26 1 2 
3 49 19 15 
1 73 11 1 
2 43 35 1 4 1 
3 3 61 4 3 9 2 1 
1 2 60 15 3 2 2 1 
3 82 1 
1 48 35 2 
1 14 58 4 8 1 
8 7 11 54 1 2 3 
3 46 4 24 8 1 
1 51 2 25 6 1 
1 54 24 4 3 
2 45 36 2 1 
5 9 36 15 16 3 1 1 
22 55 5 3 1 
2 22 50 4 4 4 
5 71 3 2 1 2 1 1 
1 47 24 4 10 
4 54 5 15 1 4 1 1 1 
3 77 6 
1 29 21 22 11 2 
10 32 31 1 6 1 1 3 1 
1 62 11 9 2 1 
1 28 41 13 3 
1 25 43 3 3 8 2 1 
4 27 22 7 23 1 2 
2 45 16 11 1 4 2 5 
1 36 35 5 5 1 2 1 
12 3 30 1 32 6 2 
2 4 11 6 59 3 1 
8 61 12 2 2 1 
4 8 65 9 
9 36 15 4 7 5 8 1 1 
1 28 13 41 1 2 
1 54 18 7 1 5 
14 38 5 11 5 6 1 3 2 1 
1 29 26 17 6 4 3 
3 49 16 11 3 2 2 
2 1 57 23 2 1 
2 47 24 7 6 
19 22 17 23 3 2 
3 74 8 1 
1 72 3 7 2 1 
2 20 24 21 10 4 5 
1 54 31 
2 10 52 15 7 
2 73 11 
3 19 8 17 4 15 1 11 8 
7 70 8 1 
45 11 8 11 1 1 7 2 
6 40 38 2 
8 16 25 16 3 9 1 3 3 1 1 
2 55 29 
1 44 28 11 2 
12 69 5 
2 63 21 
86 
1 68 16 1 
2 28 12 26 4 8 3 1 1 1 
2 41 26 1 5 2 7 2 
1 30 12 5 22 5 7 3 1 
3 29 37 14 3 
1 77 7 1 
71 6 2 4 3 
1 47 17 15 1 2 3 
1 48 16 7 1 5 1 3 2 2 
56 13 5 5 7 
1 35 39 10 1 
1 84 1 
3 41 26 9 7 
5 54 8 1 11 5 2 
1 65 20 
1 14 47 4 8 4 3 1 1 3 
32 42 6 4 2 
2 43 41 
1 72 13 
34 16 27 1 8 
16 4 37 29 
2 33 43 5 3 
2 36 46 2 
3 19 48 5 5 4 1 1 
1 50 2 14 6 4 5 2 1 1 
2 48 25 6 1 4 
3 27 45 8 3 
2 37 7 32 8 
2 77 5 1 1 
1 43 18 10 4 6 1 3 
12 43 1 20 10 
11 9 10 24 10 1 8 9 4 
15 17 39 11 2 2 
1 51 32 2 
2 67 9 1 3 4 
1 74 9 1 1 
2 36 37 10 1 
4 47 31 3 1 
13 29 21 11 10 1 1 
1 32 23 4 26 
1 45 6 30 4 
2 62 8 2 9 3 
1 45 19 18 3 
31 40 2 6 3 2 1 1 
13 30 43 
1 33 16 7 24 5 
1 13 36 16 4 12 2 2 
1 15 49 2 6 12 1 
1 4 62 10 3 1 4 1 
51 12 7 13 2 1 
25 16 45 
6 36 27 4 11 2 
1 83 2 
2 35 22 7 3 13 3 1 
1 81 3 1 
3 1 24 49 5 1 3 
1 33 40 8 4 
2 44 28 9 1 1 1 
1 52 10 12 10 1 
3 22 49 5 2 1 1 2 1 
86 
8 64 2 4 5 1 1 1 
1 48 6 22 3 4 1 1 
3 21 57 4 1 
2 78 5 1 
2 11 7 6 12 14 4 11 9 1 7 1 1 
30 33 18 2 1 1 1 
36 50 
4 1 48 31 1 1 
1 52 13 16 1 3 
1 65 2 4 14 
8 66 9 2 1 
1 71 9 2 3 
1 51 34 
1 39 3 9 13 2 10 9 
1 27 20 29 9 
5 23 23 13 17 4 1 
1 23 19 42 1 
57 12 5 11 1 
50 29 6 1 
1 38 8 1 22 11 3 1 1 
1 63 22 
3 38 23 11 3 2 4 1 1 
1 59 1 8 2 7 6 2 
70 3 3 7 3 
11 14 16 9 9 8 5 13 1 
1 1 43 40 1 
7 26 38 7 8 
5 58 11 12 
1 21 29 22 8 2 1 2 
7 39 40 
56 16 11 1 1 1 
2 16 7 50 7 3 1 
12 36 18 13 4 2 1 
1 30 34 9 6 1 4 1 
21 37 13 15 
1 34 27 1 20 2 1 
39 36 11 
15 6 22 6 34 1 2 
4 42 29 2 5 3 1 
2 28 13 7 4 30 1 1 
5 47 30 2 2 
34 35 14 2 1 
1 40 8 19 5 9 2 1 1 
4 70 1 4 1 1 2 1 1 1 
1 20 23 9 12 9 1 5 6 
1 13 45 17 7 1 2 
1 40 3 19 14 6 2 1 
6 66 14 
1 58 23 2 2 
1 72 3 6 4 
1 32 38 4 3 1 2 4 1 
10 69 1 4 1 1 
9 22 51 3 1 
1 16 69 
7 72 7 
4 77 4 1 
6 45 29 5 1 
1 63 6 8 8 
1 39 12 20 3 1 5 1 4 
1 31 41 4 9 
3 66 14 1 2 
3 62 13 4 1 2 1 
4 59 3 4 15 1 
3 13 27 14 15 14 
3 29 25 28 1 
3 61 16 2 4 
2 75 8 1 
1 67 13 1 4 
1 6 71 7 1 
4 59 19 4 
1 37 2 33 10 3 
1 55 17 13 
6 3 10 38 17 6 3 2 1 
1 74 5 4 1 1 
1 51 34 
3 51 16 3 7 5 1 
1 56 29 
16 41 26 1 1 1 
10 61 15 
1 39 20 26 
28 37 19 1 1 
3 72 10 1 
1 20 30 2 3 23 4 1 1 1 
1 15 12 15 35 1 3 2 1 1 
3 72 11 
4 8 44 23 1 5 1 
73 7 2 2 1 1 
2 23 8 43 9 1 
4 71 1 1 3 6 
1 48 15 5 2 3 8 2 2 
11 15 20 27 12 1 
1 56 2 3 14 9 1 
2 6 20 18 40 
1 39 25 19 2 
11 3 54 13 2 2 1 
47 22 14 1 2 
3 69 2 10 1 1 
39 3 30 5 8 1 
72 1 13 
4 44 38 
2 65 17 2 
2 69 14 1 
1 79 2 3 1 
19 57 3 6 1 
5 62 19 
3 4 37 18 18 5 1 
1 67 4 6 1 6 1 
7 37 35 3 4 
5 72 9 
13 48 18 3 3 1 
3 6 27 38 7 2 3 
4 46 15 2 12 2 1 1 3 
17 5 20 2 3 21 4 8 2 4 
1 16 37 12 8 9 3 
1 80 5 
1 70 7 8 
7 62 2 6 2 5 2 
18 23 27 6 1 7 4 
13 15 33 5 4 13 2 1 
1 20 64 1 
1 81 4 
1 19 12 52 2 
12 21 41 1 6 2 2 1 
3 46 35 2 
2 72 1 11 
3 59 24 
4 28 7 32 15 
15 46 25 
2 74 5 4 1 
1 29 13 25 9 6 3 
4 64 16 2 
5 76 3 2 
1 75 1 7 2 
24 40 6 12 4 
2 24 3 50 1 2 2 2 
15 49 1 21 
4 1 27 1 8 8 12 19 1 3 1 1 
2 74 3 2 2 2 1 
3 38 43 2 
3 37 12 2 25 4 3 
1 37 19 10 16 1 2 
9 7 68 2 
11 58 1 16 
7 77 2 
2 34 30 10 2 5 3 
28 57 1 
1 32 37 13 1 1 1 
1 64 6 15 
2 19 21 39 5 
3 15 32 13 13 3 2 1 1 2 1 
5 12 30 8 15 14 2 
8 56 4 3 1 7 5 2 
1 53 30 2 
58 9 9 1 3 2 3 1 
1 73 9 3 
54 21 8 3 
1 28 8 6 17 8 18 
1 42 3 40 
7 21 31 15 12 
4 3 13 33 11 22 
46 36 1 2 1 
32 9 43 2 
2 38 26 6 2 3 9 
6 17 32 18 9 3 1 
1 29 48 6 2 
1 20 43 13 2 3 2 1 1 
49 1 16 16 2 1 1 
1 46 32 6 1 
1 23 3 35 19 3 2 
75 7 4 
1 29 54 1 1 
5 20 36 17 8 
1 38 13 3 13 10 3 3 2 
3 53 23 2 5 
1 18 43 10 14 
1 49 6 8 14 4 1 2 1 
2 14 55 7 2 5 1 
4 15 8 27 6 5 5 12 3 1 
17 30 2 21 7 6 3 
1 12 39 10 6 15 2 1 
3 2 52 5 12 10 1 1 
2 62 22 
27 31 21 5 1 1 
4 64 2 3 6 4 3 
2 76 8 
7 49 30 
19 30 12 1 6 16 2 
8 26 45 6 1 
1 11 74 
21 3 38 10 2 7 2 2 1 
1 13 8 2 17 23 5 10 3 1 2 1 
1 57 11 13 4 
6 7 17 46 10 
1 6 11 19 17 20 1 1 3 6 1 
1 12 65 7 1 
12 54 20 
1 20 40 16 6 3 
1 44 8 10 2 15 6 
2 46 8 26 3 1 
1 57 23 2 2 1 
32 25 23 3 2 1 
2 13 11 38 19 2 1 
1 34 30 1 4 14 1 1 
2 20 21 23 5 7 5 3 
9 64 11 2 
51 2 33 
2 58 11 6 1 5 3 
1 36 29 15 5 
1 58 26 1 
6 19 23 14 10 3 1 2 1 5 1 1 
86 
3 20 25 9 13 7 9 
5 30 36 9 6 
2 43 24 10 6 1 
2 77 2 1 4 
10 33 2 41 
86 
1 35 50 
9 19 5 51 1 1 
2 71 13 
38 26 16 6 
5 42 13 20 3 2 1 
1 28 28 28 1 
1 52 6 14 13 
67 15 3 1 
7 77 2 
1 10 19 30 25 1 
1 49 36 
1 68 14 3 
1 43 22 3 5 2 3 4 3 
4 74 8 
4 54 20 2 6 
64 7 13 1 1 
6 34 46 
2 34 49 1 
2 28 17 12 22 4 1 
1 37 3 11 9 16 1 5 2 1 
2 49 2 7 18 2 5 1 
9 45 2 16 4 2 2 3 3 
63 1 10 1 1 4 5 1 
1 68 13 2 2 
2 9 1 74 
4 3 57 8 14 
1 30 49 3 3 
1 85 
38 2 12 26 7 1 
1 21 62 1 1 
3 68 1 6 8 
6 54 16 1 2 1 4 1 1 
1 46 20 18 1 
1 57 8 7 2 5 2 3 1 
2 2 24 7 22 11 18 
1 84 1 
3 73 5 4 1 
6 69 10 1 
18 17 27 23 1 
22 21 42 1 
1 68 5 2 7 2 1 
1 85 
1 83 2 
1 28 18 4 24 4 1 4 1 1 
1 55 20 1 8 1 
4 52 12 18 
2 40 7 13 6 16 1 1 
1 85 
6 44 24 1 7 4 
6 4 65 10 1 
1 51 4 27 1 2 
2 23 33 1 2 8 4 12 1 
7 9 20 23 23 1 3 
14 43 15 10 4 
2 65 14 4 1 
10 51 16 2 7 
4 78 2 1 1 
12 32 12 21 3 4 1 1 
3 77 6 
1 38 2 27 7 4 2 2 1 1 1 
1 28 28 22 7 
1 38 22 19 6 
1 72 9 4 
8 44 3 13 10 8 
10 40 12 23 1 
2 43 25 12 1 1 1 1 
4 2 59 18 1 2 
77 7 2 
9 41 35 1 
1 77 1 3 2 2 
85 1 
1 80 4 1 
41 33 2 3 4 1 2 
1 28 56 1 
4 17 27 27 8 2 1 
37 4 11 31 3 
12 35 36 1 2 
1 22 55 7 1 
3 42 41 
1 29 56 
4 7 28 11 12 1 12 1 7 3 
1 18 67 
8 8 58 10 1 1 
1 5 26 35 8 10 1 
2 19 51 3 6 2 2 1 
14 47 3 20 2 
1 85 
3 57 4 18 4 
6 17 10 22 2 12 11 6 
26 45 12 2 1 
1 81 4 
1 63 21 1 
1 73 11 1 
2 24 21 8 12 6 13 
28 33 8 6 11 
5 31 31 15 2 2 
23 39 23 1 
5 58 21 2 
1 67 3 1 11 3 
3 11 49 8 12 1 2 
1 25 20 24 16 
3 51 31 1 
26 53 7 
1 45 13 21 4 2 
1 5 77 3 
14 13 4 15 20 2 10 2 4 1 1 
1 15 22 24 12 1 4 2 3 2 
1 78 3 3 1 
1 49 35 1 
1 1 55 16 7 5 1 
10 74 2 
1 74 8 2 1 
2 75 7 2 
1 7 11 27 30 2 1 4 2 1 
7 2 5 67 1 2 1 1 
3 38 35 4 6 
2 22 50 7 5 
5 62 13 4 1 1 
2 7 71 3 1 1 1 
4 56 15 8 3 
2 53 2 4 23 1 1 
1 60 15 7 2 1 
72 2 9 2 1 
1 20 59 3 3 
1 33 50 1 1 
8 40 17 10 7 4 
2 20 64 
7 36 9 11 9 8 4 1 1 
62 15 4 5 
1 65 2 4 7 7 
1 30 9 10 16 10 10 
20 36 24 5 1 
1 50 4 19 6 1 3 1 1 
1 56 28 1 
1 4 16 14 17 7 3 6 4 1 2 5 3 3 
86 
1 12 32 5 20 4 12 
1 71 2 2 3 6 1 
74 3 7 1 1 
10 75 1 
73 6 4 2 1 
2 51 4 20 1 4 1 1 2 
24 5 11 8 27 6 2 2 1 
4 43 20 12 3 4 
49 24 5 5 1 1 1 
40 36 4 4 1 1 
7 78 1 
2 65 7 1 6 5 
2 43 14 24 3 
1 79 2 2 2 
2 65 13 2 3 1 
31 50 3 1 1 
35 20 19 8 3 1 
49 22 8 2 1 4 
1 38 10 13 2 18 2 1 1 
14 9 53 1 3 6 
1 3 6 45 31 
1 75 8 1 1 
1 2 4 57 14 3 2 2 1 
7 48 5 3 1 13 6 1 1 1 
1 72 1 4 4 4 
1 48 23 2 2 10 
3 17 9 23 1 7 5 14 2 3 1 1 
1 76 9 
1 58 17 8 1 1 
1 21 28 27 7 2 
1 77 4 4 
82 2 2 
76 6 4 
1 2 61 20 2 
1 79 2 2 2 
1 14 1 61 1 8 
1 55 29 1 
1 7 23 41 9 3 1 1 
50 34 2 
1 21 20 11 21 12 
6 29 11 23 5 1 9 1 1 
1 63 11 3 4 2 2 
72 9 2 3 
11 48 25 2 
71 11 4 
1 46 29 1 8 1 
5 55 6 1 9 6 2 2 
5 7 39 25 9 1 
37 11 14 2 8 3 8 2 1 
1 43 39 1 2 
14 67 2 1 2 
3 55 27 1 
2 35 24 16 7 1 1 
9 48 28 1 
1 65 14 5 1 
15 38 26 6 1 
8 16 52 1 6 2 1 
27 57 2 
1 6 68 1 1 8 1 
6 42 10 7 16 5 
47 28 9 1 1 
1 31 20 10 19 5 
1 76 1 4 4 
33 33 20 
1 18 45 12 10 
12 10 24 22 7 3 8 
86 
66 4 2 12 1 1 
5 57 24 
3 75 2 1 4 1 
1 83 2 
1 45 28 9 1 2 
6 26 34 19 1 
2 20 10 9 32 11 1 1 
6 47 24 2 2 3 1 1 
1 8 8 23 23 5 1 16 1 
1 33 4 21 16 11 
1 53 15 6 7 1 1 1 1 
7 25 41 7 2 3 1 
26 59 1 
31 15 11 23 4 1 1 
7 59 7 4 4 3 2 
2 76 8 
3 44 39 
1 19 36 9 9 6 2 2 2 
1 20 9 10 35 7 4 
2 1 63 11 6 3 
1 60 2 18 5 
1 84 1 
1 20 27 38 
32 54 
1 53 26 2 1 2 1 
2 34 49 1 
1 51 17 5 7 1 3 1 
1 78 6 1 
1 1 10 23 38 10 2 1 
1 22 40 14 9 
43 29 8 4 1 1 
3 3 73 3 1 1 2 
2 40 14 7 7 14 1 1 
2 15 17 28 9 14 1 
3 77 3 2 1 
1 45 40 
74 11 1 
4 62 10 9 1 
3 21 8 22 6 2 11 7 3 2 1 
1 50 2 1 20 1 5 6 
14 28 34 4 1 4 1 
5 10 47 17 3 4 
3 8 28 43 3 1 
7 46 31 2 
1 34 43 8 
8 21 27 3 15 1 7 4 
57 5 5 10 2 2 5 
1 29 56 
2 5 4 22 9 12 8 8 5 1 10 
1 3 51 5 8 9 8 1 
4 18 1 14 39 6 4 
1 11 74 
2 38 7 1 35 2 1 
63 10 8 1 4 
38 43 5 
3 53 13 15 2 
2 30 50 4 
38 30 13 4 1 
1 17 19 25 12 8 2 1 1 
4 44 9 7 4 2 10 5 1 
5 78 1 2 
19 16 40 2 7 2 
26 2 43 11 1 2 1 
2 3 72 5 4 
6 24 44 12 
1 27 55 2 1 
2 35 37 3 3 2 4 
7 56 3 6 6 8 
10 1 57 14 2 1 1 
11 34 39 1 1 
7 41 37 1 
1 83 1 1 
1 25 48 3 2 2 1 4 
34 14 11 2 15 9 1 
2 30 54 
1 57 27 1 
1 72 8 2 3 
13 61 3 3 4 2 
9 37 14 7 6 13 
1 76 9 
1 41 44 
3 80 3 
10 32 11 18 2 6 3 1 3 
13 30 13 22 5 3 
3 49 34 
2 22 40 15 2 1 1 2 1 
7 45 34 
2 60 4 6 3 2 9 
5 73 6 2 
1 34 3 13 10 16 6 1 1 1 
1 25 38 14 2 3 1 1 1 
1 46 1 14 1 14 7 1 1 
4 78 2 1 1 
1 48 16 9 12 
5 55 18 4 4 
9 5 25 33 5 8 1 
1 59 5 15 5 1 
1 66 19 
1 24 23 2 26 1 6 3 
24 1 52 1 2 1 1 3 1 
16 66 4 
1 56 21 8 
26 16 39 1 2 2 
3 57 7 2 15 1 1 
1 12 29 17 10 6 6 1 4 
1 84 1 
4 50 32 
1 22 60 2 1 
1 31 25 28 1 
2 76 2 2 3 1 
9 48 11 3 13 1 1 
1 21 56 7 1 
1 55 13 4 4 8 1 
11 46 3 4 4 6 6 4 1 1 
9 38 29 6 3 1 
3 50 21 1 4 6 1 
33 32 3 11 1 6 
1 16 1 10 15 16 7 14 6 
4 17 65 
1 78 4 3 
2 26 16 11 2 17 3 9 
2 60 19 2 3 
13 55 17 1 
12 17 42 9 6 
23 42 19 1 1 
30 7 8 13 27 1 
15 41 30 
10 52 6 1 4 5 5 1 1 1 
1 18 45 2 9 11 
6 45 3 19 1 6 4 2 
24 22 2 27 8 3 
3 44 8 26 3 1 1 
2 49 4 6 12 13 
1 42 11 3 18 4 3 3 1 
15 23 15 19 14 
2 65 19 
1 70 8 1 2 3 1 
1 34 46 2 3 
4 56 23 1 2 
81 5 
9 76 1 
1 35 1 36 10 3 
2 4 9 29 10 1 24 4 2 1 
1 57 17 3 3 1 4 
1 27 31 23 2 1 1 
43 22 13 2 1 5 
3 16 60 3 3 1 
1 79 1 1 4 
1 44 28 6 3 4 
2 60 21 3 
1 16 41 8 15 3 1 1 
1 27 34 12 9 1 2 
2 54 11 2 17 
1 55 16 14 
3 39 40 1 2 1 
12 15 27 11 7 8 2 1 2 1 
8 66 5 2 3 2 
4 17 64 1 
2 32 7 39 5 1 
2 20 45 2 17 
1 63 17 2 2 1 
1 78 5 1 1 
3 58 3 2 14 4 1 1 
1 24 45 6 2 7 1 
86 
1 19 7 14 10 9 1 5 10 4 5 1 
1 3 69 13 
85 1 
84 1 1 
2 32 49 2 1 
20 1 48 16 1 
44 41 1 
1 50 17 1 2 2 8 5 
1 6 21 53 3 2 
2 74 2 7 1 
81 5 
2 76 8 
1 38 34 5 7 1 
7 10 4 58 4 1 2 
1 74 7 1 1 2 
1 8 59 18 
12 19 6 47 1 1 
2 48 36 
1 77 7 1 
28 30 1 11 5 7 3 1 
13 39 16 2 2 9 4 1 
7 33 30 5 6 4 1 
1 3 49 15 15 2 1 
2 68 16 
31 32 2 1 2 6 1 2 8 1 
2 34 44 5 1 
3 24 37 16 6 
1 34 13 11 10 5 7 3 1 1 
3 59 24 
1 70 15 
12 16 52 6 
3 41 40 2 
1 28 27 21 9 
2 82 1 1 
5 67 1 10 1 1 1 
22 53 9 2 
7 74 5 
8 46 9 2 14 5 1 1 
9 19 8 39 3 2 3 2 1 
11 22 45 3 5 
1 16 61 4 4 
1 4 59 11 11 
5 16 11 29 3 21 1 
2 50 20 14 
1 32 6 34 6 3 1 3 
37 27 2 12 4 1 3 
2 73 2 6 3 
75 10 1 
2 24 32 5 18 5 
3 52 1 15 4 11 
86 
3 19 58 6 
15 9 17 30 9 2 2 2 
3 4 63 10 3 3 
2 80 3 1 
3 23 44 16 
4 16 10 19 16 13 8 
2 60 13 7 3 1 
34 7 32 4 1 4 2 1 1 
42 44 
67 8 6 2 3 
1 42 38 4 1 
2 61 12 2 7 1 1 
14 18 31 7 6 1 8 1 
13 62 1 2 7 1 
1 84 1 
5 26 23 6 23 3 
2 38 43 2 1 
8 64 1 12 1 
1 3 12 33 19 11 1 6 
2 34 31 18 1 
1 47 11 26 1 
2 34 45 2 2 1 
1 15 48 20 2 
38 32 2 3 1 8 1 1 
2 8 36 26 13 1 
1 33 28 23 1 
1 60 5 2 6 6 3 2 1 
1 52 31 2 
4 68 13 1 
14 71 1 
2 41 21 2 2 7 2 3 4 1 1 
1 27 20 25 4 9 
3 39 33 11 
11 13 19 26 1 13 3 
1 31 11 19 15 2 4 1 2 
5 66 5 5 2 2 1 
27 13 15 14 14 3 
2 20 29 11 14 6 1 3 
2 38 46 
6 33 18 27 1 1 
5 7 54 9 8 2 1 
6 78 2 
4 1 80 1 
1 78 4 2 1 
23 46 5 8 4 
2 41 31 7 5 
69 8 2 5 1 1 
3 56 15 5 4 1 2 
4 43 25 12 1 1 
52 33 1 
1 63 1 3 9 7 2 
39 40 3 1 3 
5 15 13 52 1 
10 19 23 24 4 4 2 
1 40 15 5 4 18 3 
86 
83 3 
6 79 1 
12 11 63 
17 10 2 30 18 6 1 1 1 
1 36 46 2 1 
13 15 51 1 4 2 
6 62 10 5 2 1 
20 40 2 6 11 3 1 1 2 
1 36 48 1 
9 33 23 17 2 1 1 
1 79 6 
1 50 35 
1 53 11 16 2 1 1 1 
9 17 23 7 16 5 2 1 1 4 1 
36 16 9 22 2 1 
6 43 36 1 
3 33 41 2 4 1 2 
2 32 52 
10 26 25 8 17 
1 21 52 1 10 1 
1 82 2 1 
1 5 26 2 28 4 14 4 2 
3 80 2 1 
2 12 16 20 16 16 2 1 1 
1 82 3 
8 45 32 1 
2 55 14 10 5 
4 20 42 13 7 
2 13 21 18 4 1 20 5 2 
10 17 13 38 6 2 
2 35 4 44 1 
14 59 7 4 2 
1 69 2 4 7 2 1 
2 14 65 3 2 
13 60 13 
1 67 11 5 2 
1 49 21 14 1 
4 45 16 8 12 1 
1 62 23 
2 32 18 18 14 2 
20 49 16 1 
1 34 51 
12 14 8 22 2 20 2 5 1 
1 52 15 14 1 3 
2 41 34 2 2 3 1 1 
2 50 31 3 
1 64 16 2 1 2 
86 
1 75 8 2 
1 39 29 17 
1 18 15 17 14 18 1 1 1 
1 78 7 
82 1 3 
59 4 9 12 1 1 
76 6 2 2 
42 28 2 5 3 4 2 
2 39 33 2 4 6 
4 81 1 
1 56 24 4 1 
9 48 24 4 1 
1 23 15 10 2 22 13 
2 41 19 15 9 
1 19 56 5 5 
1 38 47 
1 34 49 2 
14 63 9 
1 59 22 1 2 1 
1 11 59 10 5 
2 75 5 2 2 
1 61 8 1 3 5 3 4 
3 7 65 5 4 2 
3 48 24 6 4 1 
2 6 44 19 3 1 4 6 1 
3 25 26 19 5 7 1 
2 15 23 22 6 18 
2 12 43 17 8 2 1 1 
5 23 18 3 30 1 1 3 2 
1 83 2 
1 83 1 1 
11 72 1 1 1 
1 57 28 
9 33 15 10 14 4 1 
2 49 9 18 5 1 2 
1 17 23 25 11 5 4 
1 47 33 3 1 1 
85 1 
3 61 19 3 
1 57 6 20 1 1 
2 19 45 5 1 8 2 1 1 2 
3 20 57 4 1 1 
5 64 8 1 5 2 1 
64 12 5 2 1 1 1 
7 25 9 5 28 9 2 1 
6 25 37 16 2 
4 69 13 
1 83 1 1 
2 56 17 1 4 3 1 1 1 
10 57 18 1 
86 
3 67 13 2 1 
1 47 12 5 11 5 3 2 
1 30 50 3 2 
1 54 3 11 7 3 1 6 
38 28 4 3 7 3 3 
3 51 16 1 1 4 3 6 1 
4 1 24 6 3 16 3 1 16 8 1 2 1 
10 12 42 1 2 7 11 1 
1 32 52 1 
2 50 9 19 1 3 2 
3 49 7 8 3 3 13 
1 1 80 1 3 
85 1 
1 65 16 2 2 
16 49 17 4 
1 17 37 2 4 22 3 
2 34 29 13 2 3 1 2 
57 6 17 5 1 
4 31 10 11 10 1 19 
1 17 60 1 4 1 2 
1 62 11 7 5 
78 5 1 2 
2 60 16 5 1 2 
3 53 10 16 4 
4 31 51 
2 36 5 28 7 4 3 1 
1 33 10 19 16 3 2 2 
1 26 29 1 5 11 5 3 4 1 
3 7 55 13 2 4 2 
1 51 32 2 
70 16 
2 60 3 10 7 2 2 
10 34 39 3 
1 66 3 4 11 1 
1 21 16 11 8 11 17 1 
2 28 43 10 3 
4 38 36 1 2 4 1 
1 37 47 1 
5 52 6 10 7 5 1 
4 58 2 13 9 
2 16 15 10 10 10 7 3 6 4 2 1 
14 6 12 36 16 1 1 
4 45 35 2 
32 28 25 1 
1 41 15 3 10 9 2 3 1 1 
1 54 24 4 2 1 
14 6 36 18 6 5 1 
17 40 10 16 3 
4 20 56 4 1 1 
35 11 22 9 7 2 
1 22 60 3 
1 35 8 11 13 3 8 6 1 
9 62 10 5 
1 2 46 9 22 4 1 1 
7 39 17 8 8 5 2 
16 26 36 8 
67 16 3 
1 39 39 2 4 1 
10 2 9 64 1 
33 29 24 
1 57 18 3 4 1 2 
35 31 9 4 2 1 1 2 1 
2 48 35 1 
2 74 4 6 
1 6 14 65 
10 15 18 10 20 12 1 
1 69 12 4 
2 69 1 12 2 
12 3 46 4 7 13 1 
1 69 16 
8 8 25 16 6 3 15 2 1 1 1 
4 73 7 1 1 
1 10 16 49 10 
1 65 15 1 2 2 
1 30 55 
5 21 17 25 15 2 1 
1 5 29 40 9 1 1 
1 64 20 1 
37 42 5 2 
1 15 61 1 2 1 4 1 
4 44 25 2 7 2 2 
1 23 24 35 3 
7 1 48 2 27 1 
2 46 38 
2 20 15 25 24 
16 65 2 3 
7 41 36 2 
1 11 15 18 11 20 3 4 3 
7 18 49 6 1 2 2 1 
3 1 9 67 4 2 
1 60 21 3 1 
7 11 65 3 
2 36 37 4 4 2 1 
12 46 5 9 3 8 3 
1 47 37 1 
2 82 1 1 
1 61 24 
63 4 9 1 5 3 1 
1 52 33 
25 4 23 33 1 
1 4 2 33 18 3 14 10 1 
52 21 13 
1 27 5 9 13 17 2 8 2 1 1 
3 36 31 6 2 3 3 2 
11 15 4 47 9 
85 1 
3 52 31 
17 52 14 3 
6 15 37 26 1 1 
34 35 3 10 4 
11 44 31 
1 50 22 10 3 
59 21 5 1 
5 10 58 6 6 1 
1 62 23 
1 19 23 26 9 4 3 1 
1 56 25 2 2 
11 62 5 8 
1 20 33 8 6 5 3 5 4 1 
1 48 34 1 2 
5 6 73 2 
1 78 6 1 
1 43 40 1 1 
1 82 1 2 
1 66 7 12 
28 18 12 16 12 
9 49 10 13 4 1 
1 65 17 3 
2 83 1 
2 75 9 
4 37 16 23 1 3 2 
28 8 26 3 18 2 1 
1 71 2 1 4 4 2 1 
1 57 23 4 1 
2 70 5 5 1 2 1 
1 29 40 2 3 3 5 2 1 
17 1 55 8 4 1 
40 15 12 4 4 11 
1 85 
1 73 8 4 
5 13 49 17 1 1 
2 65 13 1 2 1 2 
84 2 
85 1 
85 1 
25 46 9 1 2 3 
2 80 2 2 
13 55 18 
1 45 33 3 4 
1 3 51 22 4 3 2 
3 75 8 
31 19 27 7 2 
1 47 4 9 4 14 3 4 
1 72 13 
1 57 11 8 4 2 1 1 1 
8 42 30 2 2 2 
8 66 1 2 4 3 1 1 
2 23 47 4 6 3 1 
1 77 2 1 2 1 1 1 
3 48 35 
63 14 9 
1 34 51 
4 33 6 39 4 
9 54 4 5 3 4 7 
1 8 35 24 6 4 1 6 1 
3 49 33 1 
1 33 38 5 9 
31 35 19 1 
5 15 35 18 10 1 1 1 
1 41 38 3 3 
7 8 11 23 33 1 3 
2 35 36 10 3 
1 68 10 5 2 
8 22 37 7 6 2 1 2 1 
1 62 23 
7 56 13 4 3 1 2 
76 4 4 2 
1 37 27 3 9 3 2 1 1 1 1 
6 31 22 13 5 9 
17 61 8 
22 50 2 3 6 1 2 
14 21 49 1 1 
8 45 28 4 1 
2 31 34 17 2 
1 47 38 
2 82 2 
1 10 11 7 37 4 3 7 2 2 2 
1 26 55 1 3 
36 21 26 1 2 
33 39 7 4 3 
1 62 14 6 3 
2 38 46 
8 70 8 
1 79 5 1 
4 53 27 2 
1 39 40 3 2 1 
8 28 12 24 10 4 
2 6 67 1 7 1 1 1 
63 17 1 5 
3 45 34 4 
1 5 36 26 4 12 1 1 
2 32 34 17 1 
1 5 40 31 2 1 5 1 
7 7 58 1 8 2 1 2 
1 82 3 
1 42 15 10 2 4 8 2 2 
85 1 
14 59 1 7 1 3 1 
60 4 1 8 10 1 1 1 
5 54 16 7 3 1 
9 67 3 2 4 1 
2 73 6 4 1 
1 67 12 6 
1 4 72 3 4 1 1 
7 63 16 
9 57 20 
5 17 62 2 
1 38 45 1 1 
1 70 13 2 
3 46 37 
36 30 19 1 
2 34 21 13 10 6 
19 42 22 3 
11 75 
1 66 4 10 1 4 
1 48 29 2 2 4 
7 67 1 9 2 
26 38 21 1 
1 38 9 8 6 4 3 2 6 3 2 2 2 
2 25 19 23 5 9 2 1 
2 55 20 2 1 2 1 1 2 
2 32 52 
2 40 5 33 1 4 1 
3 36 47 
2 52 32 
15 40 11 5 6 5 3 1 
3 66 13 2 2 
2 23 47 14 
1 31 19 7 19 3 4 2 
3 14 61 1 7 
1 74 4 7 
1 6 61 2 13 2 1 
4 46 32 4 
2 83 1 
1 27 34 12 7 5 
2 61 6 14 3 
1 64 5 16 
26 39 3 7 5 2 2 2 
1 60 6 10 5 3 1 
6 15 45 12 1 6 1 
1 15 21 27 18 1 3 
1 23 18 34 4 5 1 
1 31 46 7 1 
2 35 46 1 2 
3 3 56 5 6 1 5 6 1 
1 78 2 3 1 1 
9 19 12 24 7 4 6 4 1 
5 66 15 
25 53 5 2 1 
1 42 37 1 5 
3 78 1 1 3 
17 12 23 33 1 
1 45 38 2 
2 69 8 3 3 1 
1 64 4 13 3 1 
5 53 2 19 1 1 5 
2 44 35 2 2 1 
4 59 23 
2 81 1 1 1 
1 51 4 17 1 10 1 1 
9 47 8 4 3 14 1 
1 49 19 17 
1 4 48 3 29 1 
1 71 14 
6 8 28 20 23 1 
5 47 33 1 
8 53 25 
4 27 16 10 21 4 4 
41 17 15 11 2 
3 58 23 1 1 
1 64 5 2 3 9 2 
3 68 15 
3 40 21 12 9 1 
1 73 7 5 
5 44 35 2 
4 79 1 1 1 
1 56 29 
74 5 3 3 1 
7 79 
28 58 
3 21 51 7 1 3 
4 29 24 20 7 1 1 
76 10 
9 44 30 1 2 
29 46 7 1 1 2 
2 33 34 17 
51 4 31 
11 44 16 4 7 4 
1 1 80 3 1 
5 44 1 35 1 
9 8 67 1 1 
2 35 19 30 
1 35 10 39 1 
4 14 68 
1 29 40 16 
4 57 20 2 2 1 
1 83 2 
1 61 23 1 
11 57 12 3 3 
45 16 24 1 
1 81 2 1 1 
1 54 11 11 5 1 2 1 
65 19 2 
1 72 13 
2 65 2 4 3 7 2 1 
1 15 30 35 3 1 1 
1 40 15 30 
18 23 44 1 
1 84 1 
2 12 25 14 1 8 8 5 11 
1 8 29 24 13 1 9 1 
9 39 28 8 2 
3 64 13 2 1 1 1 1 
1 24 44 12 3 2 
1 31 16 26 12 
1 27 32 17 8 1 
7 49 23 2 2 3 
1 16 10 59 
1 29 56 
1 61 21 3 
2 82 2 
72 9 1 4 
4 2 19 22 31 7 1 
2 63 2 12 4 1 2 
11 40 31 1 2 1 
1 10 61 11 1 1 1 
36 37 7 5 1 
2 80 3 1 
1 75 3 2 1 2 1 1 
55 3 25 1 1 1 
1 8 3 53 9 8 2 2 
70 16 
1 61 10 13 1 
20 28 19 11 1 3 2 1 1 
1 57 26 2 
38 44 3 1 
1 35 45 5 
1 61 14 9 1 
1 40 26 2 2 3 12 
23 6 56 1 
4 70 11 1 
5 52 29 
1 10 13 26 16 6 7 2 2 3 
1 55 5 15 5 2 1 2 
1 79 5 1 
2 67 6 8 3 
3 35 28 16 3 1 
4 66 8 2 3 1 2 
1 4 81 
1 39 24 4 18 
1 79 1 3 1 1 
1 42 29 13 1 
1 7 50 21 1 3 3 
5 2 15 45 3 4 5 5 2 
2 40 44 
1 37 17 5 6 5 5 4 2 3 1 
36 19 5 14 11 1 
1 81 1 1 1 1 
2 70 10 2 1 1 
1 25 23 23 14 
3 57 8 3 7 6 2 
1 56 4 24 1 
6 50 18 9 2 1 
7 26 10 10 10 7 15 1 
9 70 7 
40 3 30 4 4 2 3 
2 49 8 12 8 3 4 
13 39 15 11 5 3 
2 80 1 1 2 
12 62 12 
1 28 24 6 8 7 3 5 3 1 
1 75 7 1 1 1 
2 46 24 14 
2 23 46 5 9 1 
12 31 2 3 22 9 1 6 
2 33 26 25 
25 46 2 4 6 3 
1 45 10 17 13 
1 58 13 13 1 
2 9 10 13 7 11 14 2 9 3 3 1 1 1 
1 27 30 8 13 6 1 
1 61 18 6 
1 21 45 5 13 1 
33 37 12 4 
5 51 30 
41 13 5 25 2 
1 84 1 
1 73 12 
1 27 4 35 3 5 8 1 1 1 
4 20 8 24 26 2 2 
28 37 9 2 3 3 3 1 
79 2 5 
66 5 14 1 
2 58 26 
3 35 12 2 30 4 
34 52 
9 57 12 6 1 1 
1 81 4 
3 42 39 2 
17 48 5 3 4 5 3 1 
1 32 41 5 6 1 
1 63 3 4 15 
4 69 4 8 1 
1 12 37 7 5 9 10 1 1 2 1 
1 9 34 31 10 1 
