11 22 52 1 1 
11 66 2 6 1 1 
11 7 58 3 1 1 2 3 1 
4 43 7 26 1 3 1 1 1 
16 22 4 24 5 16 
2 43 41 1 
3 20 51 4 5 3 1 
2 36 21 23 3 2 
87 
1 64 18 4 
1 69 15 1 1 
29 58 
31 27 6 23 
3 71 13 
1 7 47 29 1 2 
83 3 1 
1 82 4 
4 58 25 
8 22 1 11 1 12 10 10 9 3 
3 3 55 22 4 
65 3 4 15 
1 86 
7 37 5 12 11 5 10 
2 11 33 17 9 7 2 4 2 
1 62 24 
1 27 12 17 21 6 1 2 
4 11 54 9 1 8 
1 5 15 35 30 1 
56 3 16 3 9 
1 77 9 
1 23 14 24 20 4 1 
3 15 45 19 4 1 
1 42 43 1 
38 31 18 
18 43 26 
1 25 34 7 12 3 5 
1 39 12 32 2 1 
4 43 2 28 5 5 
15 11 59 1 1 
1 61 10 6 2 6 1 
1 74 9 2 1 
8 44 32 1 1 1 
74 2 6 1 4 
50 12 21 2 1 1 
1 54 3 25 4 
3 49 22 4 9 
12 45 28 2 
4 24 58 1 
27 6 11 21 6 8 4 1 2 1 
1 32 21 8 25 
3 24 18 30 4 5 3 
1 57 25 1 2 1 
7 51 23 1 1 2 1 1 
39 4 41 3 
2 52 30 1 2 
1 65 6 15 
3 36 37 1 3 1 1 3 2 
1 20 5 4 28 15 13 1 
67 9 6 2 2 1 
10 61 1 8 5 2 
1 60 25 1 
12 10 9 20 13 6 12 3 1 1 
4 73 8 1 1 
1 6 3 68 7 2 
1 16 3 44 20 1 2 
1 5 79 2 
2 76 7 2 
2 58 1 20 2 2 1 1 
11 3 12 3 3 11 12 18 4 2 4 3 1 
36 21 7 11 1 5 1 5 
40 20 14 12 1 
4 25 15 4 10 12 12 4 1 
20 29 36 1 1 
16 11 40 2 18 
2 84 1 
6 42 35 3 1 
1 51 17 17 1 
2 2 66 10 3 1 1 1 1 
1 80 5 1 
1 30 34 17 5 
4 70 11 2 
1 40 46 
1 78 8 
1 74 5 7 
1 77 5 1 3 
1 73 6 1 4 1 1 
2 52 10 22 1 
1 7 59 14 3 3 
33 30 11 11 2 
6 66 12 1 1 1 
1 19 38 27 1 1 
1 38 41 3 4 
1 61 11 1 9 4 
58 25 3 1 
1 33 24 11 7 3 3 3 1 1 
2 40 41 4 
1 63 5 8 5 3 2 
1 70 12 1 1 2 
3 11 31 27 6 2 1 2 3 1 
16 56 9 4 2 
1 50 18 4 1 6 1 1 2 3 
1 60 8 5 10 3 
7 30 38 11 1 
1 37 35 7 7 
1 42 33 1 3 6 1 
60 25 2 
2 44 29 2 3 3 3 1 
5 55 13 9 5 
1 53 2 18 7 5 1 
2 83 1 1 
40 29 8 6 1 1 2 
83 4 
1 84 2 
1 38 48 
1 10 24 44 5 3 
3 34 50 
1 21 5 29 8 14 4 2 1 1 1 
1 61 1 16 5 3 
23 26 35 1 2 
5 38 1 22 10 10 1 
1 47 39 
1 51 8 23 4 
19 5 17 28 6 8 4 
2 9 72 3 1 
1 76 4 5 1 
8 42 25 7 2 1 2 
1 86 
2 31 1 13 15 9 16 
9 17 61 
3 3 35 17 22 3 3 1 
12 39 4 11 15 2 4 
1 59 4 4 12 6 1 
1 17 69 
1 83 1 2 
2 85 
10 48 3 11 8 5 1 1 
3 42 17 25 
2 36 11 4 14 9 4 4 3 
9 67 7 4 
5 62 6 4 10 
15 69 1 2 
1 83 2 1 
1 60 16 9 1 
23 6 11 30 14 1 2 
1 9 33 43 1 
1 45 14 13 6 5 1 2 
3 79 5 
38 29 1 11 2 2 1 3 
4 53 12 13 5 
15 34 20 15 3 
2 78 2 3 2 
2 13 4 7 15 8 14 3 18 3 
12 70 5 
4 17 66 
1 19 47 19 1 
2 50 21 10 4 
3 51 11 13 3 5 1 
18 47 22 
1 9 20 9 12 5 24 3 1 2 1 
1 69 16 1 
82 3 1 1 
33 5 34 5 5 4 1 
20 42 14 7 1 1 2 
1 38 36 3 9 
75 11 1 
1 7 56 17 6 
2 2 3 1 16 10 43 4 6 
5 64 11 1 1 2 2 1 
18 50 12 1 6 
6 40 25 13 3 
27 48 5 1 3 3 
66 7 7 4 2 1 
8 5 13 2 48 2 5 3 1 
1 30 34 14 3 5 
1 21 62 1 2 
17 63 7 
3 39 4 38 2 1 
9 67 11 
44 31 11 1 
16 27 25 13 1 4 1 
10 8 67 1 1 
1 18 62 6 
2 41 44 
18 68 1 
18 37 20 9 1 2 
1 66 9 5 3 2 1 
19 25 10 3 19 9 2 
1 86 
41 7 13 2 11 11 2 
1 23 61 2 
1 26 7 8 37 7 1 
1 25 5 42 14 
1 18 50 3 12 3 
1 59 17 3 6 1 
82 5 
23 21 21 22 
1 70 13 3 
3 77 3 2 2 
30 9 2 27 4 1 7 1 3 3 
1 24 13 20 24 2 2 1 
84 3 
1 8 19 19 22 4 13 1 
1 25 20 25 12 3 1 
1 15 65 5 1 
3 71 8 1 2 1 1 
1 69 8 7 2 
2 36 6 9 10 3 2 18 1 
1 61 12 4 3 4 1 1 
1 66 20 
10 57 9 7 1 1 2 
1 58 10 6 1 6 4 1 
1 7 44 12 17 2 2 2 
2 58 14 3 1 8 1 
1 10 76 
1 27 15 22 22 
10 24 16 3 3 13 17 1 
1 19 17 26 2 15 1 1 2 1 2 
1 22 21 40 2 1 
8 30 30 3 16 
3 56 12 4 11 1 
2 73 12 
26 2 23 12 7 8 4 4 1 
4 20 63 
12 66 3 5 1 
1 12 73 1 
1 32 22 1 21 6 1 3 
1 63 13 2 6 2 
1 41 24 1 8 12 
6 12 57 5 7 
2 60 24 1 
1 84 2 
3 8 10 41 18 4 3 
5 22 47 1 4 1 4 2 1 
23 40 8 8 7 1 
2 29 29 15 6 4 1 1 
2 25 50 9 1 
17 5 52 3 3 5 1 1 
6 35 22 12 12 
1 67 14 5 
1 86 
5 57 3 3 10 2 4 2 1 
10 17 20 10 19 7 1 1 2 
1 39 34 11 2 
1 53 32 1 
4 53 25 4 1 
1 27 59 
5 39 39 2 1 1 
1 19 45 12 9 1 
3 57 16 5 4 2 
3 18 14 37 12 1 2 
28 38 7 2 10 2 
20 37 26 3 1 
5 81 1 
70 7 8 2 
1 75 10 1 
10 39 12 11 6 6 3 
11 74 2 
2 31 54 
4 37 41 2 3 
3 72 6 2 1 1 1 1 
1 56 18 3 3 5 1 
14 67 6 
2 12 73 
1 52 4 6 3 8 11 2 
62 14 7 1 1 2 
1 30 21 13 4 9 9 
8 42 28 7 1 1 
5 37 33 6 6 
3 81 2 1 
1 57 21 8 
1 35 49 1 1 
8 78 1 
2 53 2 29 1 
1 6 62 8 9 1 
1 46 35 3 1 1 
1 41 44 1 
1 78 8 
56 1 15 11 4 
16 57 7 3 1 3 
2 26 41 11 1 1 3 2 
4 28 23 11 3 8 6 2 1 1 
1 67 3 15 1 
1 58 28 
23 46 1 2 4 3 1 6 1 
54 25 4 2 2 
1 4 36 46 
1 44 4 7 18 3 4 2 3 1 
6 57 3 10 5 1 3 1 1 
7 30 50 
4 45 2 13 2 9 7 1 4 
1 69 17 
9 29 25 9 7 6 2 
23 61 3 
1 6 79 1 
2 24 29 12 5 1 5 2 3 3 1 
1 11 62 12 1 
2 12 42 17 14 
2 45 8 32 
1 72 7 1 4 1 1 
1 49 7 8 1 12 1 3 1 1 2 1 
2 31 6 3 17 14 2 5 4 1 1 1 
80 1 5 1 
51 18 2 13 2 1 
1 37 37 9 3 
3 50 30 3 1 
10 46 15 5 8 3 
5 6 14 22 2 23 4 3 6 1 1 
13 60 5 1 1 3 4 
1 14 25 21 22 4 
4 58 5 4 3 5 1 6 1 
20 50 5 11 1 
1 80 1 5 
7 61 14 3 1 1 
4 73 10 
1 31 40 10 1 1 2 1 
6 43 16 16 5 1 
74 10 3 
23 55 9 
28 9 28 10 3 5 4 
82 2 3 
2 22 18 43 2 
24 31 20 2 3 6 1 
23 20 7 2 7 14 13 1 
18 44 6 15 4 
4 78 3 2 
5 9 16 6 45 5 1 
78 1 2 4 2 
4 1 45 14 5 10 5 2 1 
2 71 12 1 1 
86 1 
6 24 12 38 7 
1 78 2 2 4 
1 36 1 32 5 8 4 
1 54 18 11 1 1 1 
2 65 10 4 4 2 
2 83 1 1 
1 85 1 
1 31 13 8 6 5 3 20 
2 51 16 5 13 
65 8 9 5 
1 33 13 5 15 8 1 1 8 2 
1 6 6 22 32 17 1 2 
9 11 34 8 24 1 
3 19 55 3 1 1 4 1 
1 14 42 22 1 3 4 
4 13 45 5 15 4 1 
14 21 31 19 1 1 
2 39 46 
1 70 14 1 1 
2 83 2 
1 47 3 32 1 1 2 
2 71 14 
3 80 2 1 1 
58 19 8 1 1 
1 69 14 1 1 1 
1 86 
2 9 73 3 
2 62 11 2 4 4 2 
1 77 4 4 1 
68 6 13 
2 10 34 15 15 10 1 
1 44 8 18 9 3 4 
1 3 46 13 11 3 7 1 2 
1 23 53 8 1 1 
6 3 6 27 29 3 10 1 1 1 
17 10 43 16 1 
13 40 12 16 6 
1 42 32 10 1 1 
1 18 13 31 24 
2 68 15 1 1 
1 24 36 3 15 7 1 
1 4 52 29 1 
1 64 6 7 2 4 3 
14 28 33 4 8 
1 52 11 4 12 4 3 
2 55 17 12 1 
5 72 1 4 5 
1 30 25 15 7 7 2 
11 75 1 
5 68 7 2 2 1 2 
1 53 10 14 1 5 1 1 1 
4 10 1 27 16 11 6 8 1 3 
47 23 12 2 1 2 
1 36 30 1 4 3 8 4 
2 30 10 23 7 13 2 
4 77 3 2 1 
84 1 1 1 
1 24 6 2 7 23 18 2 1 1 1 1 
11 66 1 5 1 3 
8 34 16 19 2 7 1 
18 39 6 21 3 
34 46 7 
1 74 8 4 
8 77 2 
5 59 15 7 1 
8 72 3 2 2 
2 73 11 1 
3 68 15 1 
18 37 16 14 2 
86 1 
15 5 45 4 18 
3 43 41 
1 43 30 6 2 4 1 
1 68 2 1 12 3 
1 54 23 3 3 2 1 
1 14 26 17 1 9 11 8 
5 74 2 1 3 2 
1 19 29 30 8 
1 46 5 14 9 3 1 4 2 2 
2 8 75 2 
3 81 3 
1 2 16 28 7 18 1 8 1 3 1 1 
13 26 45 3 
4 14 7 48 12 2 
1 46 18 21 1 
8 53 26 
1 21 16 35 6 6 2 
2 14 25 26 16 4 
3 48 19 10 7 
15 65 2 4 1 
3 55 11 18 
4 77 4 2 
41 11 14 19 2 
2 2 6 47 11 6 12 1 
4 82 1 
1 45 1 14 12 5 3 4 2 
1 45 16 22 1 1 1 
1 37 34 7 8 
3 7 36 26 1 12 1 1 
1 4 41 13 2 25 1 
9 64 9 4 1 
1 62 24 
1 11 13 51 9 1 1 
1 22 21 15 18 4 6 
6 33 42 4 2 
15 38 34 
1 39 41 1 3 1 1 
1 72 12 2 
1 26 37 18 5 
1 10 40 32 1 3 
1 53 33 
1 37 20 14 15 
2 28 26 6 9 1 5 3 5 2 
21 37 3 16 8 2 
17 10 11 45 4 
33 40 6 6 1 1 
1 29 44 1 10 1 1 
2 30 49 4 2 
5 64 8 5 5 
1 9 62 9 1 5 
3 52 11 3 12 2 1 1 2 
2 85 
2 39 3 10 24 9 
1 47 38 1 
10 6 43 20 8 
2 75 7 3 
1 66 14 2 3 1 
3 54 29 1 
1 71 11 1 3 
1 16 61 8 1 
87 
4 3 39 26 5 2 3 1 3 1 
1 65 10 8 1 1 1 
4 15 30 10 2 13 4 5 2 2 
16 47 8 8 1 4 1 2 
1 17 28 21 5 3 11 1 
1 9 44 17 1 3 3 6 1 2 
14 68 3 2 
10 52 25 
41 16 30 
1 19 67 
1 19 22 13 32 
6 53 11 1 13 2 1 
17 48 1 2 7 6 4 1 1 
4 45 36 2 
9 54 16 6 1 1 
76 7 3 1 
2 84 1 
1 29 9 35 4 9 
1 86 
1 83 3 
1 44 42 
42 40 2 1 2 
6 69 1 4 2 4 1 
15 62 3 2 2 1 1 1 
9 60 6 9 3 
1 60 6 1 12 7 
9 55 8 2 7 4 2 
3 52 28 4 
1 37 42 2 5 
1 20 34 6 4 10 2 3 6 1 
1 72 3 10 1 
1 46 14 14 4 8 
2 40 38 5 1 1 
1 23 30 11 20 1 1 
1 39 18 23 3 3 
34 21 15 1 3 2 2 4 2 2 1 
8 39 32 7 1 
1 10 2 50 11 11 2 
1 48 37 1 
1 45 6 13 2 5 13 1 1 
1 3 61 16 1 4 1 
1 26 34 23 2 1 
16 1 52 15 1 1 1 
3 44 5 11 8 4 1 1 4 1 3 2 
3 37 40 3 1 3 
4 62 21 
1 60 15 5 6 
2 50 35 
51 14 2 3 7 2 2 6 
26 28 19 9 3 2 
1 74 12 
6 64 2 11 3 1 
48 15 7 10 2 5 
1 20 66 
1 57 7 21 1 
2 43 25 8 7 2 
11 12 43 5 2 2 2 8 1 1 
2 23 15 43 4 
1 66 18 1 1 
1 32 27 19 2 3 2 1 
5 48 34 
2 38 23 5 10 1 6 2 
1 62 24 
64 15 3 4 1 
12 16 46 5 6 2 
2 62 6 17 
2 59 7 9 6 2 1 1 
2 53 11 14 3 1 3 
1 1 52 29 2 2 
1 81 1 2 1 1 
71 12 4 
2 56 29 
87 
79 1 7 
1 74 3 4 4 1 
1 44 1 4 25 5 2 1 4 
2 44 41 
1 7 33 39 2 1 2 1 1 
1 47 6 19 8 2 4 
2 40 35 1 8 1 
31 12 21 16 6 1 
7 28 32 12 3 5 
1 66 7 11 1 1 
1 62 21 3 
4 37 3 28 13 1 1 
2 47 30 2 2 2 2 
4 5 63 6 5 2 1 1 
1 85 1 
3 83 1 
9 61 9 6 1 1 
1 7 42 4 9 16 1 7 
1 3 25 53 2 3 
1 47 39 
2 4 22 31 3 11 7 4 2 1 
1 12 38 19 9 2 2 1 1 2 
7 44 22 7 5 2 
34 41 11 1 
2 67 9 3 2 4 
22 15 15 6 22 5 2 
22 55 1 6 1 1 1 
8 42 17 5 6 9 
84 1 1 1 
9 22 6 3 36 4 3 4 
1 25 20 26 10 2 1 1 1 
1 1 45 20 7 7 6 
53 27 3 1 1 1 1 
3 41 40 2 1 
4 19 52 10 2 
4 50 30 2 1 
6 53 28 
4 18 56 8 1 
28 58 1 
4 25 31 2 20 1 4 
1 57 22 5 2 
1 55 13 18 
7 33 22 18 7 
1 83 2 1 
1 82 3 1 
16 44 9 2 9 6 1 
20 10 46 6 5 
37 43 6 1 
6 18 27 20 4 2 5 3 2 
28 44 15 
13 17 9 29 2 4 12 1 
1 58 25 2 1 
18 10 2 7 29 6 3 7 3 1 1 
1 34 50 1 1 
2 56 10 1 4 3 1 7 2 1 
41 2 14 11 3 4 6 4 2 
2 81 1 1 2 
37 4 45 1 
63 20 1 1 2 
1 49 33 4 
1 47 29 4 6 
3 38 14 11 15 3 1 1 1 
2 25 7 41 12 
47 19 19 1 1 
1 51 35 
1 9 70 6 1 
1 44 33 9 
2 16 35 33 1 
2 83 1 1 
1 4 69 8 2 1 2 
1 28 2 31 15 9 1 
4 27 51 3 1 1 
1 86 
1 9 59 15 2 1 
31 54 1 1 
1 22 51 12 1 
87 
87 
3 62 17 3 1 1 
11 1 26 9 4 2 5 24 3 1 1 
1 30 56 
2 84 1 
47 32 1 2 5 
1 23 35 22 6 
1 65 17 4 
2 22 61 1 1 
11 42 10 1 11 12 
1 57 2 7 10 9 1 
2 15 65 1 3 1 
1 24 21 21 2 12 1 3 1 1 
1 60 25 1 
2 7 29 47 2 
1 64 7 5 6 1 3 
1 83 3 
1 47 27 11 1 
1 68 15 3 
1 66 1 16 2 1 
48 27 11 1 
1 32 54 
2 75 10 
87 
2 74 5 1 1 3 1 
8 2 51 16 4 1 5 
15 1 16 22 20 6 1 4 2 
1 76 8 1 1 
41 45 1 
3 6 39 22 11 4 2 
1 84 2 
1 57 7 12 5 5 
6 29 8 23 21 
28 13 10 17 3 2 5 1 3 2 3 
1 31 17 24 10 3 1 
77 10 
67 1 7 10 2 
1 19 67 
2 69 15 1 
1 47 15 24 
3 71 5 8 
3 18 27 27 12 
20 66 1 
4 35 11 2 5 6 11 12 1 
2 10 18 40 8 3 1 2 2 1 
1 69 6 5 6 
12 13 58 3 1 
3 60 2 1 3 9 4 4 1 
1 3 44 21 15 2 1 
4 23 15 33 12 
47 37 2 1 
24 20 1 13 20 3 2 1 1 1 1 
1 4 55 13 12 2 
1 1 50 7 15 10 2 1 
2 66 8 2 9 
2 56 4 13 11 1 
1 85 1 
1 53 28 1 1 1 2 
5 70 9 3 
11 45 11 5 3 12 
1 4 27 3 47 4 1 
1 40 31 9 2 4 
72 15 
4 27 54 2 
2 59 14 8 1 2 1 
2 3 25 34 23 
9 76 1 1 
2 74 3 6 2 
85 2 
1 72 11 2 1 
2 5 30 9 5 8 5 7 4 4 5 1 2 
1 5 11 62 2 2 2 1 1 
73 3 5 3 2 1 
25 22 31 5 3 1 
2 13 3 62 5 1 1 
10 45 26 6 
50 30 1 6 
1 82 1 1 2 
1 52 28 2 4 
5 47 24 6 3 2 
87 
2 57 28 
1 14 49 11 6 3 3 
81 1 1 4 
1 74 6 3 1 1 1 
1 55 26 4 1 
9 67 2 4 5 
3 35 42 4 2 1 
16 25 12 5 20 2 1 1 3 2 
1 65 20 1 
2 25 42 11 7 
1 74 11 1 
2 85 
57 21 2 1 3 3 
3 21 60 1 1 1 
84 2 1 
3 83 1 
2 29 56 
1 30 56 
1 51 29 5 1 
3 6 78 
1 16 44 25 1 
2 44 41 
1 77 5 2 2 
2 72 12 1 
6 67 8 6 
5 50 28 3 1 
36 34 13 4 
6 45 36 
3 68 15 1 
31 49 5 1 1 
2 81 2 2 
1 73 7 5 1 
3 68 16 
14 65 4 2 2 
1 50 34 2 
30 14 4 39 
1 54 16 10 6 
11 13 49 2 10 1 1 
1 72 1 4 8 1 
6 35 42 1 1 1 1 
3 57 18 5 2 2 
2 43 13 3 25 1 
1 10 39 28 5 1 3 
1 79 4 3 
18 43 15 4 1 4 2 
74 12 1 
1 49 29 3 3 2 
1 39 5 39 1 1 1 
18 49 19 1 
1 80 5 1 
2 83 2 
1 5 34 27 15 1 1 2 1 
1 57 11 12 2 3 1 
1 6 42 37 1 
7 12 43 24 1 
1 6 13 2 10 15 9 29 2 
1 59 3 7 12 5 
64 20 3 
2 47 17 8 4 9 
53 14 11 3 1 3 2 
1 55 16 6 4 5 
1 85 1 
4 30 47 2 1 1 1 1 
1 3 10 12 16 23 3 7 6 1 5 
28 21 22 13 3 
3 27 48 9 
1 1 18 39 13 4 1 4 5 1 
6 8 2 51 18 2 
9 12 18 42 1 1 1 3 
1 79 1 4 2 
1 6 74 5 1 
5 6 64 5 6 1 
2 15 13 26 30 1 
1 42 44 
1 13 3 17 23 27 2 1 
21 1 39 14 12 
2 41 31 7 3 3 
7 13 25 3 11 14 2 9 3 
33 47 7 
5 25 31 7 17 1 1 
1 54 4 14 3 9 2 
11 15 22 11 16 6 3 3 
5 29 53 
6 65 15 1 
2 19 66 
62 15 1 9 
1 56 26 3 1 
3 26 45 1 2 2 3 4 1 
4 58 2 14 5 1 3 
2 12 4 49 9 5 4 1 1 
3 6 31 16 30 1 
9 38 4 14 14 7 1 
12 70 3 1 1 
1 27 6 18 27 2 5 1 
7 24 48 3 3 1 1 
54 4 22 2 4 1 
8 73 6 
1 14 3 43 13 13 
2 36 10 15 13 1 6 4 
1 74 11 1 
2 1 4 26 50 1 2 1 
6 31 4 2 25 11 1 1 4 1 1 
42 33 12 
1 71 5 2 8 
2 16 6 57 2 3 1 
5 50 32 
6 40 1 31 7 2 
8 13 63 2 1 
57 17 6 2 2 1 1 1 
82 2 2 1 
1 23 39 8 5 11 
1 64 19 1 2 
61 21 1 2 2 
29 27 24 3 4 
1 68 8 9 1 
2 85 
3 61 8 8 7 
10 32 38 4 1 2 
45 10 32 
1 61 24 1 
14 20 5 13 16 7 6 4 2 
1 82 2 1 1 
1 68 18 
1 73 3 3 1 3 2 1 
16 52 19 
9 70 6 1 1 
31 39 15 2 
8 34 26 19 
6 81 
1 31 22 8 15 5 5 
1 39 5 7 28 7 
23 17 17 30 
1 39 17 22 5 3 
1 68 4 10 3 1 
73 6 7 1 
1 21 39 4 22 
19 43 22 2 1 
1 86 
5 68 3 1 1 5 2 1 1 
5 2 73 1 1 4 1 
6 80 1 
47 9 29 1 1 
5 77 5 
28 36 8 3 5 6 1 
32 33 22 
1 31 18 18 16 2 1 
1 20 3 60 1 1 1 
2 30 55 
3 54 12 13 5 
1 41 35 5 2 2 1 
3 45 37 1 1 
6 23 49 6 1 2 
74 4 6 3 
27 26 3 24 5 2 
2 47 28 4 2 3 1 
1 75 5 2 4 
1 7 20 58 1 
3 77 3 3 1 
5 12 65 1 2 1 1 
10 69 8 
10 27 17 24 2 6 1 
10 60 11 1 5 
2 16 29 26 13 1 
1 31 41 3 2 4 2 2 1 
8 15 46 14 4 
57 24 6 
2 41 22 12 3 5 2 
1 12 61 10 3 
1 57 8 15 6 
1 71 12 1 1 1 
2 71 9 2 2 1 
7 16 30 7 11 1 4 5 2 1 3 
12 61 13 1 
2 19 37 26 1 2 
49 30 8 
1 12 3 9 11 15 12 6 4 8 5 1 
3 3 29 38 7 5 1 1 
2 6 26 14 12 9 7 7 4 
1 9 21 45 4 4 1 2 
1 46 40 
2 60 25 
1 52 1 16 10 7 
1 76 10 
10 39 33 3 2 
2 33 52 
47 3 21 2 4 8 2 
1 81 3 2 
68 16 3 
1 85 1 
3 72 11 1 
2 46 16 19 2 2 
1 83 3 
3 55 24 2 3 
1 62 24 
1 70 2 12 2 
1 13 72 1 
8 49 12 2 16 
1 62 24 
6 37 15 11 3 2 2 7 4 
3 48 6 19 6 5 
1 58 1 24 3 
2 77 2 6 
16 25 41 5 
3 9 23 51 1 
83 1 2 1 
18 46 19 2 1 1 
40 4 36 3 4 
1 81 4 1 
2 72 5 1 4 1 2 
2 40 6 2 5 14 9 2 7 
17 34 33 3 
1 79 5 2 
10 73 4 
4 18 25 36 2 2 
8 68 6 3 1 1 
2 38 46 1 
9 47 29 2 
1 12 31 21 16 4 2 
1 67 4 7 2 6 
81 6 
1 77 9 
4 15 37 12 9 4 3 1 1 1 
21 51 6 1 8 
55 17 9 5 1 
3 71 3 6 1 1 1 1 
1 70 13 3 
1 7 70 7 1 1 
1 26 10 41 5 4 
1 18 23 24 17 2 1 1 
8 55 18 1 3 2 
2 6 45 28 1 3 1 1 
3 70 10 3 1 
1 24 32 20 9 1 
1 28 8 27 6 1 4 12 
1 60 11 6 1 7 1 
9 18 55 4 1 
1 78 5 1 1 1 
1 41 45 
1 5 8 40 21 3 2 1 2 3 1 
2 24 53 2 6 
1 24 36 4 13 7 1 1 
1 69 11 1 4 1 
4 52 10 12 5 3 1 
1 79 1 5 1 
14 57 7 5 2 2 
19 66 2 
1 1 6 27 47 5 
6 78 3 
3 25 39 19 1 
87 
3 16 50 11 7 
7 3 33 19 4 21 
5 75 5 2 
2 83 2 
1 86 
46 38 3 
4 23 33 25 2 
2 83 1 1 
19 13 36 1 13 4 1 
34 15 18 19 1 
6 34 31 12 2 2 
1 83 3 
1 73 3 1 5 2 2 
2 63 18 3 1 
1 86 
7 72 8 
5 65 17 
2 23 42 8 10 1 1 
1 68 6 3 6 1 2 
10 26 51 
1 37 15 22 4 4 3 1 
2 13 60 10 2 
2 8 30 40 7 
7 31 49 
11 71 1 1 3 
4 7 14 31 5 13 13 
2 73 11 1 
9 68 10 
7 32 5 11 29 1 2 
1 8 71 1 5 1 
5 5 51 13 5 3 5 
1 79 6 1 
29 5 29 2 6 5 7 4 
1 59 18 3 1 1 1 1 1 1 
45 2 19 8 11 2 
1 85 1 
15 21 22 23 1 5 
1 8 54 15 9 
81 3 3 
8 23 36 8 5 6 1 
27 58 1 1 
1 53 15 4 12 1 1 
6 45 31 2 1 2 
1 38 17 31 
1 56 23 3 2 2 
1 27 1 1 3 19 9 16 6 2 2 
1 25 14 37 9 1 
4 19 23 33 8 
4 35 10 8 28 2 
1 25 16 25 10 7 1 1 1 
4 83 
37 4 19 15 4 6 2 
1 41 21 16 6 2 
2 27 11 42 3 1 1 
2 41 40 1 2 1 
1 86 
1 26 58 1 1 
87 
1 84 1 1 
61 21 5 
24 11 7 3 35 3 4 
33 19 27 7 1 
6 72 8 1 
1 60 1 25 
1 32 44 7 3 
9 48 9 4 5 10 1 1 
4 33 24 4 21 1 
20 26 33 2 5 1 
4 26 40 17 
1 9 11 33 6 21 3 2 1 
1 86 
4 58 17 6 2 
3 12 70 1 1 
25 58 3 1 
13 55 1 1 13 2 2 
1 74 6 4 1 1 
11 20 23 11 22 
56 4 11 7 4 3 1 1 
15 17 19 15 15 1 5 
1 27 36 9 10 1 2 1 
12 63 9 3 
2 18 28 5 25 9 
3 10 27 30 4 12 1 
1 51 17 11 7 
2 8 3 10 60 3 1 
1 74 12 
1 14 68 4 
81 4 1 1 
3 52 15 2 14 1 
33 6 14 13 14 6 1 
14 48 5 17 1 1 1 
2 2 81 2 
1 37 27 3 8 2 7 1 1 
21 41 25 
2 35 14 8 26 1 1 
2 7 52 18 7 1 
70 12 3 1 1 
1 6 75 5 
12 17 4 20 16 8 9 1 
4 82 1 
1 67 13 5 1 
4 11 9 25 11 17 2 4 1 3 
1 71 9 6 
3 46 28 3 1 1 2 3 
26 17 21 16 2 1 1 2 1 
79 2 5 1 
2 84 1 
2 51 5 29 
4 17 60 3 2 1 
2 80 5 
1 67 10 9 
1 78 5 3 
1 26 19 9 24 8 
30 53 3 1 
1 2 19 35 24 3 3 
1 7 48 23 8 
1 55 1 29 1 
5 65 13 4 
1 23 43 17 1 1 1 
1 57 15 1 2 11 
25 59 3 
4 55 6 14 8 
1 48 15 1 22 
5 20 8 17 12 7 5 9 2 1 1 
86 1 
34 10 32 11 
84 1 2 
26 20 34 5 2 
5 56 4 22 
4 61 20 1 1 
1 76 9 1 
1 11 75 
2 81 4 
1 16 26 13 25 5 1 
14 8 65 
10 65 2 10 
1 14 17 29 8 6 1 5 3 2 1 
1 39 15 23 1 8 
1 50 1 31 2 1 1 
1 68 12 1 5 
9 26 52 
2 74 11 
1 12 23 29 12 5 4 1 
16 48 20 3 
1 28 11 25 15 7 
4 27 41 1 5 7 1 1 
2 7 25 24 10 15 1 3 
13 62 12 
2 28 23 24 2 4 3 1 
6 48 22 2 4 1 1 2 1 
1 70 13 3 
2 6 8 18 11 26 1 14 1 
1 42 22 10 10 2 
2 58 24 1 2 
16 56 7 5 3 
1 11 65 3 6 1 
50 10 9 1 11 4 2 
1 64 1 3 6 2 10 
1 42 17 4 3 5 13 2 
17 17 4 17 12 5 12 2 1 
7 53 7 13 7 
44 25 17 1 
1 80 1 2 3 
10 3 4 39 1 20 8 1 1 
13 18 18 3 10 24 1 
1 67 1 1 2 7 5 2 1 
25 51 11 
1 65 21 
79 4 2 1 1 
2 66 2 9 6 2 
1 9 67 2 4 1 2 1 
8 3 24 26 5 17 2 2 
1 11 19 54 2 
1 42 7 25 3 6 3 
1 80 2 1 1 2 
1 2 3 68 7 4 2 
1 21 16 20 20 5 3 1 
8 41 17 7 5 2 3 1 1 1 1 
54 23 1 3 2 2 2 
9 17 21 28 8 2 1 1 
12 62 4 5 3 1 
1 77 7 2 
14 72 1 
2 18 67 
2 47 14 8 4 2 9 1 
2 79 1 3 2 
11 12 3 47 14 
5 14 57 11 
87 
2 51 2 7 17 6 1 1 
1 20 12 22 18 13 1 
2 26 12 5 18 19 4 1 
27 3 38 13 2 3 1 
24 5 7 42 9 
1 45 20 8 13 
1 83 3 
1 67 19 
5 79 3 
2 73 9 1 1 1 
84 1 2 
2 36 43 2 1 1 2 
3 22 59 2 1 
4 29 54 
1 21 53 7 3 2 
3 44 36 3 1 
32 55 
4 1 69 11 1 1 
3 35 38 1 1 6 2 1 
14 67 1 1 2 2 
1 65 21 
4 27 45 10 1 
8 42 3 4 6 23 1 
61 2 16 1 4 3 
1 39 17 25 5 
1 32 15 12 4 5 18 
4 45 19 9 4 5 1 
3 5 42 34 2 1 
1 36 49 1 
23 3 57 4 
4 38 36 8 1 
2 31 12 31 9 2 
4 77 1 4 1 
59 18 2 3 2 2 1 
1 14 23 5 3 33 1 2 5 
1 7 5 2 43 19 4 6 
3 21 27 4 3 8 11 5 5 
1 49 15 4 8 6 3 1 
13 37 7 19 3 4 1 3 
20 18 49 
2 85 
1 76 9 1 
1 2 6 23 43 5 2 5 
2 6 12 67 
47 37 3 
1 17 7 1 41 18 2 
1 65 9 12 
1 74 12 
4 46 24 2 11 
4 44 34 5 
32 49 4 2 
1 61 6 18 1 
2 72 12 1 
1 18 53 8 3 2 2 
43 19 20 3 2 
1 28 14 44 
3 78 6 
1 24 13 4 35 5 3 1 1 
7 17 30 8 1 3 10 1 6 1 2 1 
3 29 25 16 1 7 3 2 1 
3 36 40 1 6 1 
2 12 39 10 17 1 3 3 
11 58 1 1 13 2 1 
1 79 7 
4 78 3 2 
78 6 3 
10 76 1 
8 23 8 13 18 2 8 5 2 
18 17 51 1 
2 55 8 3 18 1 
6 61 8 10 2 
2 44 34 4 3 
5 56 23 1 1 1 
44 37 5 1 
1 44 24 11 6 1 
84 3 
1 67 12 5 2 
3 13 2 12 16 1 8 6 7 3 6 3 1 3 1 2 
5 42 24 16 
1 27 34 6 2 9 3 4 1 
2 21 43 1 15 4 1 
4 3 58 11 3 5 2 1 
5 24 28 28 2 
1 80 4 2 
3 26 38 10 10 
4 1 34 7 21 13 7 
21 17 38 4 4 3 
1 65 12 6 1 2 
5 57 7 17 1 
3 33 37 1 5 4 4 
7 78 2 
1 67 11 1 7 
1 58 4 8 9 7 
2 67 2 13 3 
2 28 2 55 
1 57 29 
2 43 6 20 4 10 2 
1 43 41 2 
14 55 5 3 10 
1 67 16 1 1 1 
1 36 50 
5 26 51 4 1 
2 6 68 9 1 1 
4 82 1 
1 72 13 1 
44 22 10 8 3 
1 14 25 16 8 16 2 4 1 
1 17 54 6 6 2 1 
1 82 4 
2 72 4 8 1 
87 
36 48 3 
5 45 22 15 
1 41 31 1 2 1 3 4 3 
37 3 19 28 
9 6 45 20 7 
23 14 50 
6 12 69 
1 36 6 1 27 4 6 2 1 3 
4 5 17 17 7 6 27 4 
1 68 2 15 1 
2 63 11 8 1 2 
53 19 11 3 1 
21 14 27 21 1 1 2 
2 22 44 1 6 3 1 2 5 1 
1 22 6 28 15 15 
1 6 41 25 11 3 
2 36 11 23 14 1 
3 31 50 2 1 
2 12 21 47 3 2 
70 5 11 1 
87 
17 57 7 2 3 1 
4 57 22 2 1 1 
8 32 19 16 6 3 2 1 
3 56 1 1 16 3 2 1 2 2 
2 51 7 26 1 
1 7 61 2 6 2 1 6 1 
2 46 39 
1 60 5 14 5 1 1 
9 73 4 1 
14 14 15 10 15 4 15 
1 58 26 1 1 
13 72 2 
3 65 8 1 1 5 2 2 
4 60 2 12 8 1 
5 81 1 
1 18 57 1 9 1 
1 73 6 5 2 
1 62 24 
2 50 35 
44 20 10 6 3 1 3 
3 8 4 60 6 5 1 
3 62 22 
3 32 15 23 1 6 5 1 1 
1 65 14 3 2 1 1 
1 14 8 24 38 2 
87 
6 77 4 
1 38 11 7 10 14 1 5 
8 76 1 1 1 
21 12 10 37 4 1 1 1 
21 36 24 5 1 
1 73 6 3 4 
1 69 17 
5 40 10 25 7 
1 78 8 
8 9 8 32 21 5 4 
1 86 
3 54 14 12 1 2 1 
35 47 1 1 2 1 
19 13 24 10 1 11 2 5 1 1 
22 4 22 25 8 5 1 
1 48 30 2 4 2 
6 78 1 2 
3 29 1 43 1 5 1 4 
19 50 11 1 1 3 2 
1 82 2 2 
28 45 3 7 1 1 2 
2 62 22 1 
3 35 15 17 16 1 
3 10 56 3 9 5 1 
1 42 43 1 
1 14 9 12 23 1 22 1 1 1 1 1 
86 1 
25 44 18 
1 39 39 4 1 2 1 
55 4 2 20 3 3 
81 2 1 3 
1 42 4 14 21 2 3 
25 58 1 3 
28 12 9 4 16 15 2 1 
1 55 14 13 4 
85 1 1 
3 79 5 
1 64 20 2 
4 11 11 41 15 5 
1 22 50 1 2 1 1 2 3 1 1 1 1 
2 18 61 1 3 1 1 
1 63 20 1 2 
10 42 19 9 6 1 
2 50 11 16 7 1 
1 13 14 46 13 
2 59 10 3 3 5 4 1 
1 79 7 
64 11 11 1 
6 21 56 2 2 
3 46 35 3 
1 83 3 
3 72 3 5 2 1 1 
74 10 1 2 
2 64 16 5 
9 10 48 11 2 1 4 1 1 
1 39 47 
1 86 
3 55 7 6 1 14 1 
10 56 16 1 4 
2 31 1 13 16 10 6 1 5 1 1 
1 81 1 4 
1 56 18 4 3 3 2 
51 32 4 
4 59 16 5 1 2 
1 77 2 3 1 2 1 
34 10 34 6 3 
16 58 12 1 
6 60 20 1 
2 80 4 1 
1 85 1 
1 30 38 8 5 1 4 
1 85 1 
6 59 7 1 12 1 1 
1 39 11 32 4 
3 28 4 47 5 
83 4 
1 41 17 16 12 
24 37 26 
1 25 19 2 9 9 16 4 1 1 
16 13 37 5 12 1 1 1 1 
1 29 25 10 5 5 5 2 2 1 2 
1 11 35 6 34 
22 35 17 13 
1 75 7 1 2 1 
48 7 29 1 2 
2 53 5 19 8 
3 33 4 25 20 1 1 
8 26 16 4 20 5 7 1 
1 20 20 37 9 
39 30 9 6 1 2 
3 84 
4 28 6 46 3 
5 69 9 4 
1 30 55 1 
1 58 10 11 5 1 1 
2 15 34 18 10 8 
3 71 13 
1 74 2 1 6 3 
77 3 5 1 1 
2 39 35 7 4 
9 7 54 5 12 
1 34 19 12 8 13 
17 70 
1 40 33 8 4 1 
75 9 2 1 
1 17 40 18 6 5 
2 43 21 17 2 2 
1 84 2 
3 74 5 3 2 
3 37 11 5 19 7 4 1 
26 25 22 9 1 4 
1 34 34 8 8 1 1 
4 17 25 36 5 
2 74 11 
1 2 50 25 8 1 
3 21 15 18 11 8 2 9 
79 1 3 3 1 
1 20 49 8 8 1 
8 73 6 
1 9 42 6 24 1 2 2 
7 46 29 2 3 
4 24 59 
2 27 56 2 
22 33 18 7 3 1 1 2 
1 68 8 2 4 1 3 
83 4 
2 69 14 2 
26 15 42 1 1 1 1 
1 7 67 2 4 2 2 2 
25 31 22 2 4 3 
31 4 25 7 15 3 1 1 
11 65 10 1 
3 45 8 5 5 10 2 7 2 
81 3 3 
1 30 1 22 6 9 6 5 5 2 
34 21 32 
12 41 34 
1 76 9 1 
57 30 
4 41 26 13 3 
2 58 17 5 2 1 1 1 
3 80 1 3 
3 12 64 8 
67 4 13 3 
2 39 4 29 4 5 4 
1 20 45 5 16 
1 65 20 1 
87 
86 1 
12 63 12 
8 21 39 3 2 10 3 1 
1 4 82 
1 27 56 1 2 
8 19 59 1 
6 44 18 16 1 1 1 
87 
3 47 22 9 2 4 
11 7 15 51 3 
2 53 1 10 6 9 6 
5 8 46 1 23 3 1 
2 41 25 1 15 1 2 
1 28 3 9 8 14 6 8 3 4 2 1 
1 67 11 2 2 1 3 
4 13 19 29 5 14 3 
3 44 16 20 1 1 1 1 
10 57 15 5 
85 1 1 
4 23 19 8 4 16 11 2 
31 44 12 
1 39 30 9 3 3 2 
5 17 57 7 1 
2 82 2 1 
2 25 27 7 23 2 1 
2 80 5 
3 68 5 2 4 3 2 
4 56 3 9 3 4 3 5 
1 27 58 1 
1 71 13 2 
1 31 41 5 7 2 
4 25 4 12 38 1 1 1 1 
2 1 52 29 3 
1 26 59 1 
9 3 61 4 1 3 2 4 
2 13 71 1 
1 2 21 18 3 3 4 6 4 23 1 1 
1 60 18 4 1 3 
8 77 2 
3 51 31 2 
1 54 25 2 5 
4 82 1 
7 10 4 14 25 19 4 1 2 1 
18 56 12 1 
13 73 1 
1 73 6 7 
1 8 77 1 
61 21 5 
6 30 45 6 
1 41 22 16 6 1 
1 63 19 4 
4 11 53 7 12 
1 40 14 27 5 
29 5 53 
1 57 28 1 
1 24 56 3 2 1 
6 38 42 1 
2 26 57 1 1 
2 80 4 1 
6 36 44 1 
18 2 42 21 2 2 
83 3 1 
18 35 31 2 1 
1 82 1 1 1 1 
8 23 3 49 3 1 
1 73 13 
3 13 51 3 15 2 
3 6 74 1 3 
6 36 41 4 
4 66 17 
3 42 6 23 2 10 1 
11 64 11 1 
52 24 3 1 3 4 
3 10 71 1 1 1 
14 56 7 7 1 1 1 
26 53 6 1 1 
3 51 23 10 
5 10 21 46 1 4 
1 85 1 
1 3 54 13 7 7 2 
3 12 15 5 9 25 5 8 1 3 1 
2 63 21 1 
37 4 3 13 23 6 1 
3 30 33 19 2 
3 12 63 3 6 
6 58 21 1 1 
1 51 10 24 1 
5 70 7 4 1 
9 13 39 9 15 1 1 
9 25 24 8 5 13 1 2 
1 58 19 5 1 1 2 
4 75 2 4 1 1 
2 60 19 4 2 
14 27 35 7 4 
3 31 25 15 10 3 
1 41 41 3 1 
1 50 9 11 14 2 
15 60 5 2 5 
3 2 60 2 7 1 2 2 3 2 3 
2 41 10 23 9 1 1 
1 63 23 
3 67 3 1 1 1 8 3 
6 51 30 
1 16 43 27 
4 75 7 1 
4 43 14 7 4 3 7 2 2 1 
4 11 64 1 7 
79 8 
11 62 13 1 
9 1 40 18 15 3 1 
1 21 15 4 3 26 3 1 13 
1 11 53 3 2 6 5 1 5 
1 4 65 15 2 
3 18 22 25 2 5 2 3 3 1 3 
3 65 12 3 1 1 2 
12 14 19 3 6 10 5 4 5 7 1 1 
87 
86 1 
1 7 51 5 7 7 9 
1 8 24 2 13 1 4 32 2 
1 33 25 7 3 5 5 7 1 
6 5 67 6 1 1 1 
2 58 16 9 2 
3 55 27 2 
1 27 47 3 4 5 
1 63 1 7 2 3 9 1 
1 11 70 1 4 
65 3 7 12 
2 84 1 
1 71 2 13 
4 59 4 3 7 3 4 3 
1 56 11 11 5 2 1 
5 59 9 5 3 1 2 1 1 1 
83 3 1 
6 70 11 
1 47 39 
1 15 58 10 3 
1 23 20 11 14 12 1 1 4 
7 11 51 3 10 2 1 2 
15 65 4 2 1 
3 26 45 4 4 4 1 
20 1 16 47 3 
4 61 4 18 
6 80 1 
5 57 1 18 1 1 3 1 
2 24 24 1 16 7 6 6 1 
13 13 27 5 1 23 4 1 
1 61 9 1 2 3 5 5 
2 15 23 28 11 6 1 1 
2 13 62 3 4 3 
5 82 
21 7 51 6 1 1 
73 2 4 4 1 2 1 
4 82 1 
5 23 52 4 3 
9 72 1 4 1 
1 60 5 5 16 
2 68 16 1 
1 49 16 16 5 
1 72 14 
82 4 1 
5 52 22 8 
1 76 6 3 1 
6 63 18 
3 24 60 
5 38 13 5 3 22 1 
10 18 53 6 
1 72 14 
70 3 4 6 4 
26 41 4 14 2 
1 33 42 3 8 
1 49 10 17 4 5 1 
1 65 21 
4 82 1 
4 12 57 6 3 2 1 2 
44 35 5 1 1 1 
11 9 67 
15 64 8 
1 3 48 20 3 1 7 4 
3 62 3 17 1 1 
1 61 6 19 
3 23 9 38 3 9 2 
1 14 23 13 18 2 14 2 
1 79 7 
5 42 40 
49 25 5 1 7 
1 42 24 2 11 5 1 1 
1 63 23 
8 25 54 
1 79 6 1 
87 
1 20 57 5 1 1 1 1 
1 50 36 
22 27 8 2 6 16 3 2 1 
1 57 27 1 1 
7 69 11 
1 62 24 
7 15 8 47 7 1 2 
2 10 58 15 2 
6 78 3 
1 53 3 25 1 1 1 1 1 
1 62 15 5 1 3 
1 37 38 8 2 1 
7 66 9 1 2 1 1 
2 49 8 10 12 1 3 1 1 
1 43 31 1 6 2 1 1 1 
3 11 42 27 4 
1 51 6 29 
4 41 40 2 
1 57 27 2 
9 65 5 1 1 5 1 
1 29 57 
11 73 3 
1 42 13 22 2 7 
52 4 25 3 3 
35 20 10 2 9 2 8 1 
32 49 2 2 2 
2 74 1 1 7 2 
5 69 10 3 
1 43 11 21 5 4 2 
6 40 30 2 5 3 1 
1 21 11 18 19 10 6 1 
1 32 53 1 
82 4 1 
2 72 13 
46 36 3 2 
1 18 10 10 3 11 6 9 8 9 2 
7 35 45 
1 6 25 33 11 3 1 4 2 1 
4 45 38 
5 38 30 7 7 
13 72 2 
18 64 2 1 2 
1 56 30 
2 15 29 3 18 1 2 12 2 3 
33 3 38 11 2 
7 8 6 7 44 7 3 2 2 1 
1 80 6 
87 
21 64 2 
1 51 23 2 4 1 1 1 1 1 1 
1 32 49 4 1 
1 82 4 
5 37 9 8 12 7 5 4 
1 68 18 
4 49 1 2 25 1 5 
14 57 15 1 
26 44 1 13 3 
2 12 23 39 3 8 
1 3 61 18 1 2 1 
1 84 1 1 
2 71 1 9 2 1 1 
1 71 6 3 3 3 
5 67 6 6 3 
46 13 7 4 9 7 1 
1 35 34 11 1 2 1 1 1 
48 13 10 15 1 
8 47 13 4 15 
84 3 
1 70 6 1 2 7 
9 37 41 
68 8 3 4 4 
2 15 66 4 
1 49 36 1 
16 52 18 1 
4 20 62 1 
1 16 66 3 1 
2 13 35 2 32 1 2 
7 2 22 6 27 9 14 
4 57 9 6 5 3 2 1 
1 15 67 3 1 
1 70 4 9 3 
4 48 22 13 
2 76 2 2 1 1 2 1 
2 83 1 1 
1 83 3 
35 19 13 5 13 2 
1 31 40 3 4 4 3 1 
1 58 28 
11 51 24 1 
4 31 52 
1 43 34 9 
1 11 33 23 14 2 3 
2 5 75 3 1 1 
5 16 37 23 6 
3 47 31 2 4 
1 64 13 5 3 1 
1 10 16 6 35 11 5 1 2 
1 67 14 4 1 
1 29 4 5 17 12 5 11 2 1 
2 7 12 5 44 14 1 2 
2 60 24 1 
61 5 21 
1 55 1 17 7 5 1 
15 68 4 
1 52 30 1 3 
46 34 5 2 
11 42 12 15 6 1 
3 3 38 18 7 2 3 4 8 1 
76 2 9 
7 70 9 1 
6 18 47 9 4 3 
7 24 28 14 8 5 1 
54 21 12 
1 1 5 59 10 6 2 3 
1 65 17 4 
3 22 21 34 2 5 
14 47 6 20 
29 57 1 
4 57 26 
4 50 31 2 
1 85 1 
12 3 35 35 2 
13 25 23 14 8 1 3 
4 28 40 14 1 
1 56 16 14 
13 17 55 1 1 
69 9 9 
36 3 3 45 
1 15 23 25 23 
7 24 47 4 5 
1 1 59 7 2 2 10 2 3 
16 29 30 12 
1 19 13 46 8 
1 74 3 8 1 
3 59 10 8 3 2 1 1 
86 1 
35 1 25 2 20 4 
2 55 24 5 1 
1 80 4 1 1 
2 36 18 31 
3 82 2 
1 4 33 31 6 11 1 
63 13 10 1 
13 65 5 4 
33 36 6 5 7 
1 64 22 
2 42 29 2 5 1 3 1 2 
1 5 47 19 14 1 
1 13 14 59 
51 18 6 6 6 
1 46 39 1 
7 14 59 1 2 3 1 
3 64 18 2 
1 60 22 1 3 
1 66 13 1 2 1 2 1 
3 53 19 4 7 1 
1 59 14 5 2 6 
1 62 16 4 3 1 
73 14 
3 3 16 63 1 1 
1 12 29 22 20 2 1 
67 14 3 2 1 
86 1 
5 60 6 5 8 3 
1 56 14 7 3 1 2 1 2 
1 15 23 40 5 3 
6 8 25 10 11 26 1 
75 8 4 
3 44 14 2 12 5 4 1 2 
1 39 9 24 8 1 4 1 
1 86 
9 61 4 7 6 
2 42 23 16 1 3 
1 60 26 
72 12 1 2 
87 
7 57 23 
8 16 56 3 2 2 
1 42 19 3 2 9 3 4 1 1 2 
75 3 6 3 
19 65 3 
3 79 1 4 
1 38 31 7 4 4 2 
2 73 3 1 4 3 1 
61 11 6 9 
9 56 17 4 1 
1 79 4 1 1 1 
1 81 5 
6 73 8 
1 61 5 10 6 2 2 
1 47 30 7 2 
3 37 42 2 2 1 
1 6 36 39 3 1 1 
2 62 21 2 
1 14 41 13 18 
2 1 23 31 25 4 1 
24 54 6 1 2 
3 66 18 
2 14 64 5 1 1 
1 80 3 3 
3 6 42 29 3 1 2 1 
5 58 9 5 9 1 
2 3 55 23 2 1 1 
66 17 1 3 
1 65 7 14 
60 18 1 4 3 1 
2 80 5 
2 78 2 1 2 2 
29 1 44 11 1 1 
1 1 3 9 54 11 5 2 1 
16 5 53 7 3 1 1 1 
2 21 51 10 3 
21 10 24 15 3 13 1 
6 69 7 3 1 1 
51 3 13 10 10 
6 49 9 22 1 
3 7 17 37 5 14 4 
50 27 1 3 6 
1 84 1 1 
6 24 2 17 26 4 2 2 4 
1 3 49 32 1 1 
2 42 1 17 1 3 17 1 3 
9 45 33 
1 3 77 4 2 
27 13 2 27 17 1 
1 82 1 3 
3 79 4 1 
29 12 19 11 7 1 4 4 
2 71 13 1 
1 7 53 4 1 1 6 5 9 
24 40 8 8 3 4 
1 36 29 17 3 1 
2 32 13 8 5 13 4 3 3 4 
15 19 53 
4 15 67 1 
1 19 14 4 18 29 2 
1 80 5 1 
5 39 9 18 15 1 
2 21 5 27 19 7 1 5 
2 14 32 32 6 1 
2 64 11 10 
1 86 
1 82 1 3 
1 37 7 8 8 9 10 3 3 1 
55 4 17 11 
1 43 7 28 8 
40 9 11 9 15 2 1 
3 32 27 2 16 4 3 
1 48 21 5 4 6 1 1 
2 13 72 
38 43 2 2 2 
1 52 11 23 
1 66 15 2 1 2 
1 27 6 21 25 6 1 
1 20 46 2 2 8 5 1 1 1 
2 33 28 14 10 
30 44 13 
1 30 31 12 10 1 2 
1 86 
72 4 2 2 3 3 1 
16 59 12 
14 39 34 
2 41 24 16 2 2 
22 4 40 7 4 10 
1 28 38 18 1 1 
21 22 17 21 4 1 1 
2 4 57 1 8 5 2 1 6 1 
1 29 54 1 2 
8 72 4 3 
33 12 26 6 7 1 2 
1 27 6 11 42 
27 31 16 6 7 
87 
5 74 2 4 1 1 
39 46 1 1 
1 76 5 5 
1 75 10 1 
1 27 36 9 8 2 1 1 2 
4 36 47 
1 39 39 1 3 1 2 1 
34 5 14 5 12 1 16 
7 64 4 10 2 
3 20 31 2 13 2 7 1 1 5 1 1 
1 20 46 20 
53 2 12 9 1 2 4 3 1 
1 64 9 9 1 3 
2 7 78 
3 81 1 1 1 
1 58 9 10 8 1 
1 67 17 2 
1 78 7 1 
7 14 33 21 5 1 2 1 1 1 1 
3 46 34 1 2 1 
6 36 36 2 7 
1 14 9 63 
51 19 1 10 2 1 1 2 
1 77 2 4 2 1 
1 16 38 21 8 3 
14 34 6 13 14 1 2 2 1 
18 69 
37 23 11 4 2 2 4 3 1 
6 29 14 12 1 22 3 
1 79 2 5 
1 8 21 29 5 3 7 11 2 
1 75 10 1 
1 52 18 6 3 6 1 
1 56 6 3 17 3 1 
33 2 19 12 8 2 8 2 1 
1 78 8 
4 72 11 
1 18 51 3 3 5 6 
1 14 27 38 6 1 
15 39 9 16 8 
1 66 18 1 1 
1 40 4 25 7 2 4 4 
2 42 2 21 15 4 1 
11 70 6 
3 15 9 14 19 14 1 2 9 1 
1 70 1 13 2 
1 85 1 
1 21 10 8 15 14 2 16 
42 10 12 6 17 
2 79 1 5 
6 6 2 67 1 4 1 
3 79 2 2 1 
1 76 5 1 3 1 
1 73 13 
3 76 1 3 1 3 
8 8 21 31 5 12 1 1 
1 25 16 7 16 13 9 
13 50 10 2 3 4 2 2 1 
8 1 34 44 
1 33 34 8 11 
1 54 32 
12 11 58 5 1 
1 52 12 3 16 1 1 1 
9 21 54 3 
2 82 3 
18 42 20 7 
2 68 12 4 1 
5 67 13 1 1 
1 82 4 
14 67 5 1 
4 3 26 47 7 
62 1 17 6 1 
6 80 1 
2 77 1 6 1 
1 51 21 8 5 1 
3 21 22 23 11 2 5 
1 10 70 2 1 2 1 
3 18 27 9 18 10 1 1 
1 72 3 1 10 
1 33 52 1 
3 77 4 3 
1 67 17 2 
1 41 29 3 6 2 2 2 1 
9 34 44 
4 36 18 21 7 1 
1 86 
26 18 43 
3 19 38 26 1 
2 19 12 25 15 7 4 2 1 
11 53 1 9 4 3 5 1 
1 51 30 5 
10 39 24 8 1 3 1 1 
1 6 14 18 23 5 20 
4 74 8 1 
5 11 4 20 2 12 4 21 3 5 
2 27 22 34 1 1 
2 37 42 6 
33 51 3 
3 79 4 1 
2 72 6 7 
3 48 36 
1 53 33 
5 10 46 18 8 
3 40 6 5 17 13 3 
5 82 
1 50 36 
2 38 22 17 3 1 2 1 1 
6 75 1 2 2 1 
2 85 
4 31 6 40 3 1 1 1 
1 28 58 
78 7 2 
1 83 1 2 
1 20 30 16 9 7 3 1 
53 33 1 
1 52 25 2 6 1 
3 45 8 14 13 1 3 
1 53 22 8 2 1 
1 21 65 
1 29 16 11 12 16 2 
9 76 2 
1 23 39 10 11 3 
3 29 42 1 10 1 1 
1 33 52 1 
7 73 2 3 1 1 
8 22 38 10 1 3 5 
26 28 1 3 23 5 1 
19 63 3 1 1 
1 36 14 11 7 8 2 2 1 1 4 
82 5 
2 71 10 3 1 
9 53 22 2 1 
2 26 6 7 31 9 4 2 
10 33 26 18 
1 82 4 
2 71 7 1 1 3 1 1 
1 32 13 3 38 
7 20 2 29 1 27 1 
24 60 1 2 
4 51 21 10 1 
1 11 61 6 8 
1 25 56 3 1 1 
24 25 2 14 11 3 6 2 
6 68 11 2 
87 
1 37 4 2 18 12 4 3 3 1 2 
2 37 25 18 2 3 
1 27 59 
18 14 15 3 13 5 10 1 8 
3 66 13 2 2 1 
1 55 15 7 1 3 1 2 2 
57 28 2 
48 20 15 1 3 
1 84 2 
13 64 3 5 1 1 
1 61 13 6 3 1 1 1 
9 70 2 4 1 1 
9 22 11 37 6 1 1 
1 62 11 7 4 1 1 
43 7 19 6 6 2 1 3 
1 5 36 31 14 
1 65 21 
12 40 15 17 3 
5 4 43 5 30 
8 30 21 14 3 4 1 6 
7 54 19 3 1 1 2 
5 41 24 3 8 1 1 3 1 
44 25 1 6 1 1 2 3 3 1 
4 53 12 11 1 5 1 
9 21 38 14 5 
2 70 7 1 5 1 1 
16 12 4 16 2 34 3 
1 81 5 
3 69 13 1 1 
2 49 22 14 
3 35 1 39 9 
5 34 15 24 5 2 1 1 
1 23 63 
1 63 5 17 1 
10 31 16 5 18 1 1 1 1 3 
22 57 5 2 1 
1 35 9 1 11 10 19 1 
10 32 20 8 6 1 3 1 6 
67 14 1 4 1 
4 69 14 
1 56 30 
3 20 39 14 5 6 
26 3 3 37 2 2 1 8 3 2 
1 18 21 4 16 12 4 10 1 
11 15 19 22 4 6 10 
1 77 6 1 2 
87 
16 54 8 9 
40 14 33 
2 50 35 
2 52 13 16 3 1 
1 80 6 
2 7 61 7 10 
71 4 1 1 6 4 
2 59 1 7 13 5 
49 9 13 7 9 
1 24 18 17 12 11 1 3 
1 79 7 
1 25 30 11 6 4 3 4 3 
2 14 17 33 19 1 1 
1 78 8 
1 57 17 9 3 
12 34 2 30 3 4 1 1 
13 58 12 4 
1 24 7 52 3 
32 46 8 1 
2 50 24 5 1 4 1 
2 11 11 13 35 8 5 2 
27 28 31 1 
2 24 6 19 17 5 10 2 2 
1 41 38 1 3 3 
45 16 26 
1 14 71 1 
6 37 42 2 
5 78 3 1 
2 64 11 10 
3 40 17 2 10 12 1 2 
1 84 1 1 
1 76 2 5 3 
1 27 59 
12 69 5 1 
1 2 39 20 8 7 6 2 2 
1 42 33 8 1 1 1 
1 83 3 
1 52 1 23 10 
2 61 13 5 2 2 2 
11 70 2 2 1 1 
2 80 1 3 1 
1 22 55 9 
3 41 1 7 30 5 
3 6 29 1 15 6 2 12 6 1 4 2 
4 64 8 6 1 1 3 
1 43 11 19 1 12 
20 10 17 35 3 2 
1 54 27 3 1 1 
69 4 14 
4 66 13 2 2 
1 57 29 
24 5 57 1 
53 3 31 
1 77 6 1 2 
1 58 24 1 3 
61 12 1 4 2 4 3 
24 58 4 1 
1 85 1 
1 16 67 2 1 
38 33 9 7 
2 66 19 
70 5 6 2 3 1 
5 41 5 9 17 8 1 1 
1 3 69 3 6 4 1 
11 36 28 4 1 6 1 
1 14 20 9 5 1 16 17 2 2 
1 34 22 28 2 
1 38 47 1 
2 67 11 5 1 1 
2 32 46 5 2 
1 84 2 
2 18 18 2 34 8 1 3 1 
9 27 17 17 17 
1 62 20 4 
1 48 6 13 16 1 2 
2 1 19 55 3 1 2 3 1 
4 4 37 28 12 2 
3 32 52 
3 12 22 1 36 6 2 1 3 1 
1 47 2 35 1 1 
2 11 70 4 
6 8 18 1 2 32 7 2 3 6 1 1 
12 6 38 9 11 7 2 1 1 
1 52 17 5 2 9 1 
19 1 24 8 29 2 2 1 1 
30 26 16 3 10 1 1 
1 20 24 23 12 3 3 1 
1 38 16 29 3 
3 67 9 3 4 1 
1 51 32 1 1 1 
13 72 2 
15 69 3 
2 12 42 20 7 1 2 1 
2 6 44 14 3 6 8 3 1 
1 8 29 8 37 3 1 
2 36 22 27 
9 21 29 14 4 3 7 
14 5 40 2 19 2 3 1 1 
1 53 31 1 1 
1 57 13 3 1 11 1 
1 14 43 23 5 1 
74 1 4 1 6 1 
1 41 23 9 11 1 1 
37 8 40 2 
1 85 1 
76 8 1 2 
1 6 63 12 3 2 
1 15 63 8 
43 35 9 
1 6 66 14 
4 70 9 2 1 1 
10 52 22 3 
2 57 3 9 15 1 
3 83 1 
1 26 2 14 28 14 2 
1 71 11 4 
4 39 28 4 10 1 1 
12 58 5 10 2 
7 58 12 5 4 1 
5 44 23 4 6 4 1 
23 32 31 1 
6 18 2 5 30 7 18 1 
20 51 1 3 3 6 1 1 1 
1 49 3 30 3 1 
21 64 2 
10 3 14 46 6 8 
2 34 19 30 2 
6 51 18 6 2 3 1 
1 9 20 22 23 6 5 1 
1 39 20 3 17 4 1 2 
66 20 1 
6 78 1 2 
47 2 35 1 2 
1 24 57 3 2 
1 85 1 
2 72 12 1 
13 8 66 
1 3 30 18 18 17 
2 55 27 2 1 
2 16 29 12 6 6 3 13 
1 16 13 28 9 18 2 
1 64 20 1 1 
2 57 28 
1 80 1 2 2 1 
1 50 24 5 4 2 1 
63 18 4 1 1 
1 2 16 58 2 8 
9 30 19 3 12 4 7 3 
9 32 44 2 
6 11 12 21 29 3 5 
46 11 12 16 2 
1 15 20 31 15 2 1 1 1 
2 42 43 
5 47 35 
6 77 1 3 
4 54 27 2 
11 45 9 20 2 
2 59 17 5 3 1 
33 24 21 7 2 
1 26 53 4 2 1 
1 67 18 1 
38 24 24 1 
7 1 39 10 20 5 2 1 2 
1 32 36 10 5 2 1 
1 2 7 65 6 4 1 1 
1 5 36 31 11 3 
1 74 1 8 1 1 1 
1 67 15 4 
3 75 7 1 1 
1 24 27 21 14 
87 
7 6 37 3 10 9 1 3 2 9 
1 25 46 2 5 4 1 2 1 
2 47 12 14 9 3 
1 26 57 2 1 
2 76 3 3 3 
2 27 25 32 1 
1 79 5 1 1 
1 70 16 
19 66 2 
67 16 2 2 
1 44 40 2 
17 6 8 8 36 4 6 1 1 
11 71 5 
15 50 14 8 
7 26 12 31 4 3 4 
1 24 22 9 16 4 3 2 2 3 1 
3 49 11 13 1 6 2 1 1 
1 61 22 2 1 
2 29 43 9 4 
1 16 19 16 11 18 4 1 1 
1 48 37 1 
2 23 6 29 24 1 2 
29 40 12 5 1 
1 62 15 1 8 
1 83 3 
3 18 5 40 9 11 1 
21 13 3 12 30 5 1 2 
3 42 4 26 2 9 1 
3 56 7 17 4 
1 81 1 1 3 
19 27 1 1 5 1 17 5 6 5 
3 53 14 3 7 1 2 3 1 
2 66 9 4 1 1 4 
36 46 3 2 
3 14 23 15 7 20 2 2 1 
39 22 11 6 9 
78 2 1 1 4 1 
1 46 15 4 6 10 4 1 
7 62 16 2 
3 31 53 
2 28 16 38 3 
8 46 14 13 6 
1 85 1 
6 23 6 23 2 21 5 1 
2 60 18 6 1 
4 71 9 1 1 1 
31 18 12 17 9 
1 34 21 4 23 1 1 2 
4 42 8 15 5 5 7 1 
10 63 14 
77 2 8 
2 41 43 1 
2 47 12 7 2 10 1 6 
60 22 4 1 
1 29 49 3 2 2 1 
31 31 25 
60 20 6 1 
1 81 2 2 1 
2 39 26 14 2 1 2 1 
52 18 16 1 
45 41 1 
4 13 11 1 1 54 2 1 
1 74 9 1 1 1 
3 18 7 14 4 9 13 8 4 1 5 1 
2 27 1 11 27 13 1 4 1 
2 75 8 2 
85 2 
1 57 4 17 1 2 3 1 1 
6 8 1 4 49 11 1 2 1 4 
1 81 5 
2 68 12 5 
1 14 16 6 19 10 5 16 
1 47 16 18 4 1 
43 2 9 8 1 19 4 1 
43 39 4 1 
1 1 71 1 12 1 
13 9 39 25 1 
9 52 12 11 2 1 
53 18 16 
66 14 1 1 4 1 
1 5 8 68 5 
1 8 59 3 5 7 2 2 
1 83 2 1 
1 37 26 12 2 8 1 
1 75 2 9 
1 78 1 6 1 
2 12 38 7 9 7 6 3 1 2 
1 61 2 18 1 2 1 1 
68 5 8 2 2 1 1 
20 42 14 8 3 
9 1 43 27 4 2 1 
1 85 1 
1 21 38 18 3 3 1 1 1 
1 27 10 30 18 1 
2 71 14 
16 9 18 39 3 1 1 
23 37 24 3 
15 25 25 22 
1 46 40 
10 27 7 9 7 2 22 1 2 
54 16 17 
5 18 59 4 1 
1 54 2 2 4 19 4 1 
1 53 16 17 
4 9 55 12 1 2 4 
5 70 12 
3 23 27 6 11 16 1 
1 83 1 2 
64 21 1 1 
2 64 18 1 1 1 
3 53 21 6 3 1 
2 12 69 2 2 
70 12 3 2 
14 58 2 8 5 
5 78 4 
1 80 1 5 
6 23 45 10 2 1 
2 35 50 
1 16 33 21 16 
23 15 11 28 6 3 1 
1 41 9 12 10 12 2 
63 12 11 1 
3 2 32 9 5 14 5 7 7 1 1 1 
2 59 7 4 7 8 
5 74 8 
5 78 4 
2 51 26 6 1 1 
51 7 2 20 2 3 1 1 
8 79 
2 58 9 1 6 1 3 5 1 1 
1 81 4 1 
2 43 29 12 1 
50 29 7 1 
1 33 47 5 1 
4 68 5 8 2 
5 5 54 22 1 
59 20 4 2 1 1 
1 49 2 34 1 
20 66 1 
23 62 1 1 
1 83 1 1 1 
79 4 1 3 
17 39 26 4 1 
7 67 10 3 
6 33 25 23 
18 25 42 1 1 
1 65 10 11 
1 63 7 2 5 5 2 2 
6 50 21 2 1 1 4 2 
1 86 
53 13 1 1 6 6 6 1 
1 11 13 41 10 8 1 2 
2 23 4 2 27 5 12 11 1 
1 34 11 40 1 
17 64 6 
1 31 40 9 3 3 
1 67 18 1 
1 33 39 7 3 2 2 
1 62 5 12 4 2 1 
1 58 8 14 5 1 
22 11 1 22 26 1 4 
2 28 26 3 11 15 2 
3 47 16 18 2 1 
1 84 1 1 
84 2 1 
39 37 11 
75 5 2 1 3 1 
1 78 6 1 1 
53 5 12 10 7 
77 10 
2 8 7 3 1 41 20 3 2 
1 66 16 4 
1 59 19 7 1 
1 45 22 11 7 1 
83 3 1 
3 10 43 10 20 1 
64 23 
12 70 5 
4 60 5 13 3 1 1 
41 25 11 7 1 1 1 
9 64 4 7 1 1 1 
1 25 22 20 3 10 2 1 3 
6 21 39 21 
38 19 21 2 2 1 1 1 2 
14 37 17 15 4 
7 38 27 4 6 2 2 1 
2 27 2 11 27 8 1 8 1 
4 63 4 16 
1 67 12 4 1 1 1 
45 36 3 1 1 1 
18 67 2 
7 24 4 41 5 4 2 
1 70 3 2 5 1 5 
1 8 45 31 1 1 
2 80 1 4 
1 45 36 3 1 1 
2 56 10 11 4 4 
2 42 2 14 13 10 1 3 
17 33 33 3 1 
1 57 29 
2 66 8 9 1 1 
1 7 29 21 13 10 5 1 
5 31 9 24 2 3 7 5 1 
1 34 7 22 8 3 8 2 1 1 
1 48 34 2 2 
3 46 38 
1 20 1 17 16 15 2 10 2 3 
20 51 15 1 
1 14 19 38 2 8 1 3 1 
1 54 16 1 12 3 
2 52 21 4 7 1 
1 33 2 23 20 4 1 2 1 
2 75 1 1 8 
2 3 15 16 47 3 1 
2 46 37 1 1 
17 58 3 8 1 
1 14 26 8 18 11 9 
19 37 22 7 1 1 
1 68 2 12 4 
2 17 38 5 21 4 
4 54 25 2 2 
13 74 
7 42 25 4 8 1 
2 74 3 7 1 
1 1 25 53 4 2 1 
1 26 9 6 10 4 2 18 7 3 1 
3 64 11 2 7 
2 32 48 1 2 1 1 
1 21 48 12 3 1 1 
3 52 10 3 7 10 1 1 
5 43 17 20 2 
1 1 3 71 8 1 2 
2 51 33 1 
7 50 2 9 14 1 2 1 1 
1 36 28 21 1 
83 4 
5 47 21 10 4 
1 64 16 2 3 1 
43 11 22 7 1 3 
1 51 7 26 1 1 
6 36 3 6 3 8 5 15 2 2 1 
1 84 1 1 
12 34 14 27 
9 47 31 
3 67 11 3 2 1 
12 36 2 13 13 2 2 3 3 1 
24 8 2 44 4 2 2 1 
1 18 45 1 6 12 2 2 
1 25 18 36 7 
2 29 35 16 5 
1 27 59 
2 3 19 37 2 13 10 1 
1 4 81 1 
2 63 10 4 6 1 1 
1 5 61 2 10 1 3 2 1 1 
3 81 2 1 
36 46 5 
2 53 2 17 6 5 2 
5 25 36 10 2 5 4 
19 5 7 25 27 2 1 1 
16 45 15 10 1 
2 79 3 1 1 1 
1 6 37 27 9 1 3 1 2 
35 11 15 25 1 
3 83 1 
1 8 41 8 21 1 2 3 2 
1 22 20 14 22 6 2 
53 20 13 1 
3 17 11 43 9 1 1 2 
4 60 16 4 1 2 
1 18 50 5 8 2 1 2 
1 36 28 19 1 2 
2 84 1 
1 65 7 7 4 1 2 
7 1 62 15 1 1 
16 63 8 
3 72 11 1 
7 45 30 4 1 
1 7 61 2 16 
7 48 3 2 2 18 5 2 
2 83 2 
1 57 2 22 4 1 
2 50 16 17 1 1 
25 50 1 8 1 2 
6 2 20 52 5 2 
32 35 8 6 4 1 1 
4 71 12 
1 30 2 42 4 1 3 1 1 1 1 
1 70 16 
1 61 17 5 1 1 1 
8 62 14 1 2 
34 10 36 6 1 
3 56 22 3 3 
27 24 24 2 2 1 7 
5 49 20 4 3 5 1 
1 49 1 35 1 
3 62 21 1 
2 17 43 11 14 
1 69 6 6 5 
3 61 4 10 4 1 3 1 
3 75 9 
1 35 50 1 
50 25 2 1 1 6 2 
49 28 7 1 2 
1 66 2 17 1 
4 59 24 
4 8 48 17 7 2 1 
2 4 8 58 14 1 
1 63 23 
86 1 
10 2 46 3 9 14 2 1 
5 49 6 18 2 1 5 1 
35 9 18 4 7 6 5 3 
2 27 31 8 13 3 3 
1 61 25 
2 10 11 57 3 1 1 2 
1 69 5 5 1 6 
2 64 6 2 13 
18 37 27 1 4 
1 16 53 8 4 5 
1 81 1 3 1 
2 6 41 29 5 3 1 
1 56 10 7 11 2 
2 43 37 4 1 
1 47 28 11 
2 73 12 
3 67 8 6 1 2 
1 19 64 2 1 
1 19 53 12 2 
1 54 7 5 14 6 
1 75 10 1 
1 56 3 3 11 8 5 
1 77 5 4 
4 76 6 1 
1 31 4 3 41 1 6 
7 55 25 
1 48 6 6 2 15 1 6 1 1 
1 31 10 34 11 
1 74 6 5 1 
1 49 2 30 1 3 1 
5 67 10 3 2 
3 51 33 
1 85 1 
15 24 32 5 4 3 4 
2 35 12 13 1 2 14 4 2 2 
1 78 4 3 1 
1 54 18 8 1 5 
1 10 27 31 1 2 4 9 1 1 
3 51 5 8 13 5 1 1 
2 71 1 5 7 1 
1 30 56 
16 50 6 14 1 
3 7 45 22 8 2 
61 1 11 12 2 
1 37 40 9 
19 14 11 25 15 3 
1 84 1 1 
1 27 43 11 5 
3 69 5 8 2 
1 75 1 4 3 2 1 
5 71 7 4 
1 41 7 35 3 
4 10 16 26 31 
1 29 35 11 2 4 3 1 1 
1 22 3 4 13 9 31 3 1 
2 34 50 1 
5 78 1 1 2 
87 
1 25 51 7 2 1 
1 72 3 1 1 5 4 
1 62 1 21 2 
15 46 21 5 
1 39 14 24 6 1 2 
1 56 30 
86 1 
13 6 7 38 8 2 12 1 
15 17 49 2 3 1 
61 9 15 1 1 
1 85 1 
4 27 2 49 1 3 1 
2 21 44 9 7 1 2 1 
80 6 1 
7 2 44 32 1 1 
1 16 42 26 2 
2 23 26 33 2 1 
1 8 25 13 35 3 2 
2 53 19 1 10 2 
5 11 14 31 20 2 4 
1 65 8 1 7 3 1 1 
2 34 41 4 6 
1 3 36 41 4 1 1 
7 40 21 5 8 3 2 1 
8 64 15 
1 76 1 4 5 
5 26 55 1 
1 26 41 17 2 
5 79 3 
1 83 2 1 
1 43 16 4 13 7 1 2 
1 77 1 7 1 
2 69 16 
5 81 1 
16 41 25 4 1 
1 63 16 5 1 1 
16 34 29 4 4 
6 26 55 
14 56 15 2 
3 52 9 7 16 
23 62 2 
1 42 34 4 1 2 3 
1 41 38 2 3 2 
1 77 8 1 
1 15 26 22 4 4 2 1 3 8 1 
1 38 9 31 5 2 1 
2 61 24 
7 17 21 16 1 3 1 2 5 2 3 6 2 1 
1 1 19 3 5 5 34 12 2 5 
1 10 13 18 5 17 5 4 7 2 2 2 1 
6 44 27 9 1 
1 70 4 12 
7 24 40 11 4 1 
1 80 2 3 1 
1 80 5 1 
1 33 27 9 10 3 1 3 
1 76 7 1 2 
12 44 30 1 
1 18 50 1 7 1 5 3 1 
1 59 13 11 3 
1 21 55 10 
1 73 3 10 
13 31 3 2 10 10 3 3 2 3 2 2 1 1 1 
40 10 2 32 1 2 
2 26 26 27 2 3 1 
17 53 13 2 1 1 
63 19 5 
1 10 27 48 1 
4 58 9 1 2 9 3 1 
1 77 8 1 
1 38 2 45 1 
2 80 4 1 
1 86 
63 21 1 2 
58 28 1 
12 16 19 5 24 2 3 1 3 2 
6 74 5 2 
52 13 21 1 
1 79 1 3 1 2 
18 5 4 37 9 1 10 3 
1 81 5 
62 16 8 1 
11 33 17 10 7 3 2 1 2 1 
2 67 4 1 2 3 4 1 3 
16 8 39 18 2 2 1 1 
5 38 22 3 19 
1 13 3 3 20 11 22 13 1 
2 3 16 61 1 2 2 
4 70 13 
1 55 29 2 
18 11 14 31 2 10 1 
24 7 35 18 2 1 
1 45 23 10 7 1 
1 41 1 9 4 20 1 7 2 1 
1 12 37 13 18 5 1 
30 35 4 8 8 2 
5 74 3 4 1 
86 1 
1 85 1 
6 39 29 8 3 1 1 
11 60 7 3 1 2 3 
12 38 37 
1 70 1 4 1 3 3 3 1 
31 10 46 
1 75 3 8 
3 84 
1 77 9 
3 17 19 2 38 6 2 
1 36 30 16 2 2 
5 72 7 2 1 
5 36 13 9 8 10 1 4 1 
1 70 16 
1 74 6 2 3 1 
1 82 1 2 1 
1 65 1 5 13 2 
2 7 62 12 1 1 2 
1 66 5 1 12 1 1 
1 62 24 
2 40 29 4 7 3 2 
1 18 63 3 2 
2 48 31 1 4 1 
1 4 19 18 31 8 2 2 1 1 
37 30 9 7 4 
80 4 3 
2 9 6 15 25 1 12 1 14 2 
1 40 10 31 1 4 
41 20 23 1 1 1 
1 47 11 13 8 1 2 4 
1 59 26 1 
24 3 34 19 7 
2 17 1 58 9 
1 23 56 2 3 2 
1 74 2 7 3 
3 29 11 2 34 4 3 1 
1 82 1 1 2 
1 16 25 38 6 1 
1 67 15 1 1 1 1 
57 12 16 2 
1 57 27 2 
80 7 
1 82 4 
1 85 1 
13 61 6 5 2 
2 10 35 17 1 5 11 1 1 4 
28 52 1 6 
15 35 3 27 7 
2 52 31 2 
4 59 2 6 4 7 5 
2 5 60 18 1 1 
1 25 38 23 
6 38 40 1 2 
13 25 11 6 17 5 1 6 1 2 
1 26 19 29 9 1 2 
2 13 20 15 22 15 
1 75 7 2 1 1 
8 13 60 5 1 
16 19 46 3 1 2 
74 9 2 1 1 
29 47 7 1 2 1 
7 6 71 2 1 
2 82 1 1 1 
1 2 21 41 14 5 1 1 1 
3 83 1 
83 4 
5 32 27 13 10 
11 43 1 10 2 1 11 5 3 
10 53 24 
1 75 11 
34 11 40 1 1 
17 6 4 29 19 3 5 3 1 
20 54 1 1 7 2 2 
1 11 24 36 14 1 
2 53 4 4 17 2 2 3 
2 2 23 27 27 6 
1 50 24 10 2 
1 3 38 4 16 11 13 1 
2 8 57 1 11 6 2 
1 24 12 45 1 1 1 2 
12 56 19 
1 65 11 10 
5 64 4 12 1 1 
8 61 8 4 5 1 
1 79 7 
1 60 16 7 2 1 
5 16 17 38 8 1 2 
1 80 3 1 2 
1 54 32 
1 19 38 1 5 8 2 9 1 3 
1 67 8 11 
4 68 15 
2 16 66 2 1 
1 9 45 16 15 1 
5 80 2 
2 53 27 5 
2 67 15 1 2 
1 22 64 
7 15 53 4 1 1 1 2 2 1 
16 5 17 21 18 8 2 
11 33 9 19 9 4 1 1 
1 16 35 14 8 12 1 
6 24 49 1 4 3 
1 46 15 12 1 1 7 2 2 
1 26 4 17 14 5 7 3 2 7 1 
1 77 3 4 2 
3 72 12 
1 56 11 12 2 1 2 2 
1 55 27 1 1 1 1 
7 58 10 1 10 1 
1 48 18 18 2 
1 15 54 6 3 4 2 1 1 
2 7 60 3 10 2 3 
1 80 6 
22 28 26 3 8 
2 7 70 5 1 2 
1 51 7 10 3 2 12 1 
1 69 9 3 1 3 1 
3 7 1 75 1 
39 23 11 12 1 1 
4 39 38 4 1 1 
1 64 20 1 1 
10 48 19 7 2 1 
1 73 1 10 1 1 
5 36 21 3 9 10 1 1 1 
1 21 35 5 24 1 
15 45 16 8 1 1 1 
2 76 9 
2 58 3 8 5 9 2 
87 
5 25 4 4 32 5 11 1 
2 54 15 6 10 
4 49 4 3 15 3 9 
1 45 37 3 1 
3 69 4 2 8 1 
17 69 1 
1 9 16 52 8 1 
1 62 3 10 7 2 1 1 
1 11 65 8 1 1 
9 47 30 1 
1 26 16 23 9 9 2 1 
8 6 42 27 2 2 
2 12 73 
5 53 17 5 1 4 1 1 
1 75 6 1 3 1 
86 1 
1 48 32 4 2 
11 44 32 
67 1 11 3 5 
1 50 20 12 4 
1 83 3 
3 57 22 4 1 
1 21 63 2 
17 22 42 2 1 2 1 
3 43 14 25 1 1 
67 5 4 10 1 
1 9 37 2 34 4 
1 34 32 17 2 1 
3 66 6 6 2 4 
12 65 7 1 1 1 
1 35 17 2 20 1 1 9 1 
1 46 37 1 2 
3 44 39 1 
1 73 12 1 
21 43 17 2 2 1 1 
3 26 24 32 1 1 
3 78 6 
12 60 7 5 3 
1 35 7 18 14 3 6 2 1 
3 9 75 
1 42 2 35 5 2 
75 10 2 
1 2 16 39 7 18 1 2 1 
19 59 8 1 
1 48 36 1 1 
2 68 8 3 6 
2 3 57 21 2 1 1 
1 13 35 35 2 1 
1 14 69 3 
2 68 15 1 1 
1 59 10 1 6 6 1 2 1 
1 80 2 4 
1 78 4 4 
42 5 7 23 6 1 3 
76 2 4 4 1 
32 33 22 
1 38 35 12 1 
12 55 12 4 2 1 1 
1 22 52 6 6 
4 54 1 21 7 
1 55 1 23 2 5 
1 61 14 4 5 2 
5 64 17 1 
1 9 42 10 4 2 4 13 2 
1 48 2 26 2 6 2 
36 45 6 
77 8 1 1 
1 68 5 10 1 2 
1 62 12 12 
1 78 4 1 3 
1 59 22 5 
6 16 29 31 3 2 
2 84 1 
3 59 24 1 
7 29 44 4 3 
8 78 1 
2 65 11 3 2 2 2 
12 17 14 31 11 2 
33 32 8 2 6 4 1 1 
3 33 51 
1 43 7 9 12 5 8 2 
1 49 27 8 1 1 
2 76 4 2 3 
1 29 4 26 22 2 3 
2 9 55 17 4 
2 39 28 1 12 4 1 
1 86 
1 28 58 
6 78 1 2 
9 42 16 14 1 3 1 1 
4 80 3 
12 23 4 11 25 5 7 
49 35 1 2 
6 6 1 70 2 2 
2 40 14 3 25 2 1 
63 10 7 6 1 
1 28 2 14 18 23 1 
56 12 19 
2 8 34 8 35 
1 25 58 2 1 
1 41 44 1 
1 12 64 6 1 3 
2 8 46 12 5 5 3 4 1 1 
11 30 24 15 5 2 
2 72 4 8 1 
21 31 5 14 2 12 2 
2 44 41 
2 29 32 16 6 1 1 
23 61 3 
6 63 8 5 5 
8 30 46 1 1 1 
6 60 21 
1 58 17 5 2 1 1 2 
1 61 25 
1 69 4 7 1 5 
1 19 14 34 6 1 3 3 1 3 2 
12 33 2 3 25 9 3 
1 53 32 1 
48 3 12 8 14 2 
12 12 45 12 4 1 1 
1 68 13 4 1 
72 5 10 
66 18 3 
1 71 3 1 6 3 2 
22 22 11 1 7 11 2 2 4 2 2 1 
1 15 20 39 12 
12 57 15 2 1 
1 72 4 10 
1 67 14 4 1 
4 61 15 5 2 
14 50 14 2 1 2 2 2 
1 14 39 32 1 
1 70 2 3 2 7 2 
1 52 5 6 19 3 1 
1 21 7 58 
3 63 15 4 1 1 
1 22 45 6 8 3 1 1 
7 2 70 6 2 
2 32 15 34 4 
2 13 18 12 5 14 16 7 
