1 74 1 1 10 1 
72 3 8 1 1 1 1 1 
1 54 31 2 
1 56 13 18 
65 14 8 1 
1 12 7 17 14 17 16 2 2 
1 16 24 15 22 4 2 2 2 
2 69 1 3 2 3 8 
1 59 28 
6 72 5 4 1 
1 30 27 22 8 
1 22 64 1 
39 25 12 7 5 
28 41 18 1 
1 24 50 11 1 1 
12 14 52 4 1 5 
69 8 2 6 3 
3 39 14 28 2 2 
4 36 48 
61 1 6 20 
4 72 6 5 1 
2 84 1 1 
1 7 21 17 5 23 14 
3 63 10 4 4 4 
47 27 5 8 1 
8 30 6 37 6 1 
7 64 17 
47 21 3 5 7 2 2 1 
2 4 22 9 5 3 25 13 4 1 
1 42 30 9 5 1 
1 86 1 
1 21 53 1 12 
9 39 17 23 
4 74 5 4 1 
4 56 21 6 1 
1 20 61 6 
1 24 26 16 2 8 1 6 4 
1 38 7 13 7 21 1 
1 31 54 1 1 
5 22 8 26 22 5 
1 4 57 10 16 
1 59 18 9 1 
8 23 36 20 1 
1 16 7 30 16 6 5 3 2 1 1 
1 79 8 
1 8 25 24 14 11 3 2 
1 63 24 
7 74 7 
2 7 37 4 2 16 12 6 1 1 
8 20 27 11 22 
1 67 7 12 1 
3 54 27 3 1 
1 81 1 3 1 1 
83 5 
4 44 2 23 6 3 3 2 1 
4 74 4 6 
1 42 8 14 5 7 11 
1 20 45 18 3 1 
1 3 28 27 23 2 4 
2 34 36 11 4 1 
1 72 7 4 3 1 
2 68 4 5 2 7 
3 11 39 33 2 
2 59 13 7 3 4 
3 60 20 1 1 3 
1 59 1 25 1 1 
23 10 13 42 
2 69 17 
1 39 18 7 22 1 
5 23 13 21 19 6 1 
22 20 4 16 26 
80 5 1 1 1 
3 67 14 1 3 
1 21 20 18 12 1 5 9 1 
1 76 4 6 1 
38 49 1 
4 57 21 6 
1 41 41 3 1 1 
1 31 33 2 11 3 7 
2 25 5 28 1 12 1 6 7 1 
61 5 14 6 2 
3 25 25 17 11 5 2 
9 64 8 2 5 
2 70 16 
44 22 14 5 3 
1 10 54 18 4 1 
73 1 1 6 1 1 2 2 1 
4 36 48 
12 39 20 2 10 5 
1 40 10 11 4 12 8 1 1 
2 20 66 
13 33 26 8 4 3 1 
60 28 
1 59 3 15 2 2 3 3 
1 60 9 10 5 1 2 
1 22 48 2 1 1 3 9 1 
44 12 16 9 1 1 4 1 
22 12 46 6 2 
1 47 29 7 1 2 1 
5 62 12 3 4 1 1 
1 60 23 2 2 
16 31 22 10 6 3 
4 41 32 3 6 2 
2 40 17 17 10 2 
7 2 2 41 2 25 7 2 
1 11 19 9 21 4 18 5 
4 26 51 4 3 
3 3 63 13 4 2 
87 1 
80 1 2 4 1 
3 67 4 8 3 2 1 
19 30 35 1 1 2 
3 22 14 27 22 
4 13 33 10 6 17 5 
6 49 13 1 5 3 1 1 2 3 2 1 1 
1 43 41 3 
23 24 40 1 
1 2 42 12 3 19 4 1 3 1 
60 24 4 
2 8 22 14 33 1 6 2 
1 35 10 6 23 8 3 1 1 
1 54 2 7 8 14 2 
3 69 16 
70 7 4 1 3 2 1 
1 78 2 4 1 1 1 
25 16 12 23 12 
1 71 3 1 5 6 1 
7 25 45 10 1 
84 2 1 1 
1 71 13 3 
1 19 39 1 22 5 1 
1 39 42 6 
3 47 38 
1 30 6 18 3 25 3 1 1 
2 21 46 12 7 
1 53 22 7 5 
24 33 29 2 
2 48 5 1 4 6 19 1 1 1 
2 18 62 5 1 
1 54 27 4 1 1 
8 29 24 4 12 10 1 
3 3 77 1 2 1 1 
7 39 3 21 2 12 3 1 
2 83 3 
1 48 27 3 3 1 2 1 2 
1 24 45 17 1 
2 3 52 1 5 2 4 1 2 6 4 1 2 1 1 1 
4 74 2 5 3 
1 27 57 2 1 
9 26 46 3 4 
82 5 1 
45 34 4 1 1 3 
1 72 8 6 1 
1 20 14 41 10 2 
3 14 63 7 1 
2 32 4 30 8 12 
2 19 17 21 16 10 3 
30 44 12 2 
37 35 11 5 
1 70 1 9 5 1 1 
15 62 9 1 1 
33 32 19 2 1 1 
1 57 5 1 8 10 4 1 1 
1 40 47 
2 3 61 5 14 3 
1 32 44 8 2 1 
84 2 2 
4 81 2 1 
2 69 11 1 5 
2 56 15 13 2 
29 38 1 17 2 1 
1 50 13 8 1 11 4 
3 5 29 21 17 6 3 4 
1 73 6 3 1 2 1 1 
82 5 1 
4 44 9 17 13 1 
87 1 
2 43 20 21 2 
17 55 5 4 4 1 1 1 
2 62 1 21 1 1 
10 71 3 3 1 
88 
2 9 76 1 
2 61 23 2 
1 79 3 4 1 
17 69 1 1 
1 35 1 51 
1 55 28 3 1 
71 4 11 1 1 
2 56 5 14 8 3 
2 70 7 3 6 
1 9 21 35 16 5 1 
1 29 1 20 25 6 1 1 2 1 1 
2 16 59 11 
87 1 
1 30 36 21 
1 31 16 5 7 11 9 2 6 
19 6 26 9 12 16 
1 70 14 3 
38 33 9 5 3 
5 82 1 
1 54 29 3 1 
1 73 14 
32 15 41 
6 27 37 8 2 6 1 1 
57 10 4 6 6 1 4 
15 38 5 4 25 1 
1 79 5 1 1 1 
1 34 17 32 1 1 2 
1 8 68 3 1 5 1 1 
4 20 16 27 21 
1 45 12 20 10 
13 45 26 4 
1 8 58 11 10 
1 30 57 
4 38 29 10 7 
1 45 27 13 2 
1 57 11 18 1 
1 49 10 3 1 7 3 13 1 
1 18 39 1 10 13 5 1 
25 7 20 36 
29 13 14 31 1 
1 1 67 2 2 4 9 2 
2 58 19 2 5 1 1 
2 4 31 27 18 1 2 2 1 
66 6 12 4 
7 56 11 7 1 6 
1 85 1 1 
3 22 62 1 
2 37 45 3 1 
1 41 37 8 1 
4 66 18 
1 67 6 3 2 1 6 1 1 
28 40 15 1 3 1 
9 11 1 41 3 11 4 6 2 
1 42 8 17 4 9 3 4 
9 32 35 2 10 
83 2 1 1 1 
2 28 58 
3 34 15 3 29 3 1 
1 47 2 26 11 1 
4 65 7 2 3 3 4 
1 83 2 1 1 
6 21 61 
5 39 40 3 1 
1 69 12 2 4 
1 74 1 12 
9 70 1 5 1 2 
4 28 37 17 2 
11 22 6 3 38 8 
6 56 16 8 2 
1 3 29 34 2 10 4 5 
1 45 35 6 1 
6 23 17 13 1 1 1 9 7 7 3 
23 56 7 1 1 
1 27 15 10 34 1 
22 31 15 10 3 3 4 
14 10 32 31 1 
4 55 11 17 1 
1 79 8 
1 44 32 10 1 
9 12 42 11 2 10 1 1 
14 58 4 10 1 1 
9 52 10 2 12 2 1 
4 32 29 4 1 4 14 
1 16 61 9 1 
12 67 5 2 1 1 
24 7 2 23 7 5 16 2 2 
1 39 33 3 11 1 
2 9 15 19 24 9 2 2 2 4 
26 29 5 21 1 6 
37 16 21 13 1 
1 34 36 2 12 1 2 
18 36 34 
1 22 5 59 1 
1 9 30 29 2 1 13 2 1 
25 39 4 8 6 2 1 2 1 
1 40 8 1 37 1 
1 52 33 1 1 
9 17 47 9 4 2 
2 79 7 
2 11 68 7 
1 49 5 10 10 4 6 2 1 
1 70 5 5 3 4 
1 30 34 21 2 
8 20 4 55 1 
3 85 
3 61 23 1 
5 63 11 1 2 5 1 
7 63 6 4 6 1 1 
2 76 7 2 1 
63 10 14 1 
3 26 24 8 5 15 5 1 1 
2 2 43 22 10 8 1 
1 32 47 5 3 
1 57 12 5 3 1 9 
1 11 3 2 37 31 2 1 
2 3 15 66 2 
1 54 33 
2 16 6 54 10 
1 21 8 26 24 8 
1 85 2 
3 12 45 17 11 
1 56 31 
1 47 8 24 3 3 1 1 
1 80 3 2 1 1 
4 49 4 8 12 10 1 
3 85 
1 79 3 1 2 2 
2 24 48 14 
4 43 34 1 1 4 1 
22 31 5 30 
1 26 8 19 7 11 8 2 1 5 
13 58 1 10 4 1 1 
2 71 1 13 1 
2 55 28 3 
13 22 35 13 5 
1 78 9 
4 62 20 1 1 
31 14 27 5 6 3 2 
3 18 52 11 2 2 
2 9 6 57 8 4 1 1 
3 45 39 1 
11 7 57 3 6 4 
18 46 22 1 1 
1 76 5 1 2 2 1 
2 5 19 2 26 16 13 2 2 1 
1 85 2 
6 71 2 1 1 2 4 1 
9 55 15 6 3 
5 31 17 5 27 2 1 
2 29 14 30 6 7 
5 15 16 33 1 1 4 3 2 1 1 3 3 
1 34 4 4 14 6 17 7 1 
1 86 1 
77 1 10 
45 14 20 6 3 
10 72 1 1 1 1 1 1 
1 27 17 23 8 10 2 
1 28 24 8 23 1 2 1 
3 35 8 35 7 
1 34 30 4 5 12 1 1 
2 20 42 6 7 2 3 2 2 2 
1 82 1 4 
3 6 69 4 6 
2 12 17 11 15 25 4 2 
23 13 46 1 4 1 
1 3 81 2 1 
3 37 35 12 1 
1 36 12 29 6 2 2 
1 25 8 21 25 2 3 2 1 
15 57 3 11 1 1 
20 9 32 11 13 1 2 
1 16 15 44 5 3 1 1 2 
1 49 33 2 2 1 
1 3 83 1 
10 22 10 7 9 23 1 3 1 1 1 
2 37 17 26 4 2 
1 18 68 1 
1 13 17 3 3 4 38 5 3 1 
1 12 57 17 1 
18 38 29 3 
2 71 15 
72 1 7 8 
1 85 1 1 
3 48 37 
15 41 3 19 5 3 2 
11 21 40 2 10 4 
1 34 9 9 4 12 9 4 2 3 1 
32 17 29 1 3 2 3 1 
1 63 17 3 2 2 
4 29 24 28 2 1 
2 64 10 1 3 1 1 4 2 
2 21 59 5 1 
1 79 6 1 1 
1 18 42 11 8 7 1 
6 10 65 4 3 
78 1 2 2 4 1 
19 25 21 21 2 
6 36 44 1 1 
1 27 34 13 13 
1 72 12 3 
63 9 13 1 1 1 
3 28 26 2 14 15 
1 56 23 1 6 1 
8 32 30 1 2 7 8 
1 73 14 
5 55 28 
4 35 43 4 2 
36 1 10 23 10 2 4 1 1 
3 30 39 1 12 2 1 
1 21 66 
2 16 34 29 6 1 
46 40 2 
1 64 17 3 1 2 
2 64 4 1 2 15 
1 72 15 
1 56 12 2 11 5 1 
2 1 18 54 9 2 2 
9 69 10 
1 44 3 18 15 3 2 2 
29 5 5 35 10 2 2 
1 28 59 
37 10 33 2 6 
3 35 33 3 6 4 1 1 1 1 
44 6 15 1 13 5 2 1 1 
24 35 27 2 
9 5 39 15 3 12 1 4 
1 72 7 8 
1 63 4 15 5 
87 1 
1 76 1 7 2 1 
81 5 2 
4 60 24 
1 40 14 20 10 1 1 1 
66 16 3 2 1 
5 23 19 7 23 6 1 4 
32 25 28 2 1 
38 38 6 4 2 
1 26 9 45 4 3 
1 45 32 8 1 1 
2 26 28 31 1 
2 67 2 4 13 
7 46 23 3 7 2 
5 54 10 18 1 
1 81 5 1 
25 22 2 6 2 20 9 1 1 
1 63 10 1 13 
1 5 44 28 5 1 1 3 
4 69 15 
77 8 3 
1 85 2 
1 59 24 1 1 2 
2 5 79 1 1 
11 41 31 5 
1 46 34 5 2 
1 30 8 48 1 
1 46 41 
1 10 57 4 14 1 1 
1 18 17 9 2 26 5 6 2 2 
75 2 4 3 4 
1 64 19 1 2 1 
2 32 17 4 32 1 
4 34 17 27 6 
4 39 45 
3 43 7 29 3 1 2 
1 54 12 21 
1 68 3 11 2 1 1 1 
88 
1 68 18 1 
6 32 14 23 13 
33 1 45 3 2 3 1 
36 34 16 1 1 
5 75 4 1 1 2 
2 33 53 
2 5 32 21 12 13 3 
1 61 9 10 5 1 1 
4 55 12 8 7 2 
1 56 10 20 1 
1 79 3 3 2 
1 44 10 20 8 2 1 2 
1 58 3 1 2 2 9 3 1 2 1 3 1 1 
2 77 2 3 1 3 
7 75 6 
32 14 26 6 3 3 3 1 
8 40 40 
1 27 44 4 4 1 7 
80 5 3 
1 6 81 
1 65 21 1 
1 83 3 1 
1 43 16 7 8 13 
3 67 8 4 2 2 1 1 
1 56 26 4 1 
1 78 9 
2 53 27 6 
1 74 3 8 2 
88 
2 38 48 
76 3 9 
1 54 25 8 
35 44 9 
1 54 1 11 20 1 
36 30 21 1 
18 11 4 2 50 3 
18 22 14 24 3 3 4 
1 37 40 3 6 1 
11 7 34 7 11 2 6 6 4 
1 82 1 2 1 1 
16 12 41 2 4 12 1 
15 62 11 
25 48 4 5 6 
3 33 40 11 1 
57 20 6 4 1 
88 
2 7 68 2 7 2 
16 11 61 
1 10 11 6 33 12 5 8 2 
2 40 26 1 18 1 
50 5 12 6 13 1 1 
3 50 13 19 1 2 
56 12 20 
4 57 27 
1 63 24 
4 21 16 2 34 8 1 1 1 
1 8 31 10 8 24 4 1 1 
1 22 38 19 8 
8 68 2 10 
1 86 1 
2 8 64 10 2 1 1 
6 67 15 
9 3 24 43 5 3 1 
1 66 18 3 
73 9 2 1 2 1 
1 75 12 
1 17 16 42 12 
1 40 10 11 19 2 1 3 1 
2 12 4 46 13 3 5 1 1 1 
1 55 28 4 
1 20 43 7 16 1 
8 30 7 25 15 3 
2 11 9 60 1 2 3 
3 51 8 18 8 
3 12 40 17 9 5 2 
8 77 1 1 1 
1 73 14 
1 71 4 3 1 2 3 2 1 
4 33 1 32 3 4 1 1 8 1 
9 65 11 2 1 
35 27 11 10 2 1 1 1 
6 47 13 8 1 2 1 5 2 3 
2 27 3 45 1 3 1 2 1 1 2 
14 52 15 1 1 2 3 
2 35 15 19 6 1 6 3 1 
1 73 8 4 1 1 
1 13 41 11 9 6 5 2 
1 82 5 
4 62 9 9 4 
4 44 2 20 7 1 5 4 1 
1 69 14 2 2 
1 17 43 21 5 1 
2 44 30 1 3 3 2 1 2 
1 65 9 13 
4 46 14 6 5 3 6 3 1 
1 59 14 12 1 1 
2 14 23 47 1 1 
7 19 24 12 15 9 2 
1 32 17 7 28 2 1 
1 8 28 34 3 2 3 7 2 
12 68 3 2 3 
1 21 59 4 3 
4 57 21 6 
6 60 7 13 2 
2 57 15 2 7 4 1 
1 5 28 21 5 25 2 1 
77 1 1 8 1 
1 6 34 22 4 8 8 4 1 
3 61 19 4 1 
1 85 1 1 
1 17 4 61 1 3 1 
3 39 38 6 1 1 
1 20 67 
8 56 10 8 2 2 1 1 
39 47 2 
3 41 44 
68 8 12 
79 9 
46 35 3 2 1 1 
1 56 5 3 23 
1 4 2 26 15 36 1 1 2 
1 49 9 22 1 5 1 
6 7 19 39 8 3 2 1 1 2 
1 19 4 64 
42 16 17 13 
1 18 21 5 11 7 18 4 2 1 
1 1 33 19 9 5 9 7 2 2 
1 78 7 1 1 
4 58 20 4 2 
2 67 3 15 1 
3 2 36 34 2 6 1 2 1 1 
1 25 4 19 16 10 1 3 8 1 
3 52 25 1 6 1 
1 33 28 11 10 1 2 1 1 
10 75 1 2 
1 33 2 30 13 6 2 1 
1 17 10 17 8 31 1 2 1 
1 87 
7 57 11 5 4 1 1 1 1 
1 30 27 16 8 1 3 2 
2 8 72 1 1 4 
8 21 30 5 11 7 3 2 1 
1 7 27 25 11 17 
3 63 18 2 1 1 
2 54 21 11 
87 1 
1 43 12 3 15 12 2 
12 1 47 7 7 2 1 3 2 1 1 2 1 1 
6 54 23 4 1 
1 80 2 2 1 2 
1 51 14 13 1 5 2 1 
38 22 6 20 1 1 
2 51 21 2 5 5 1 1 
1 1 52 25 6 2 1 
4 79 5 
20 42 10 7 9 
2 68 15 2 1 
8 14 59 7 
4 67 6 10 1 
1 8 49 21 9 
2 41 25 12 8 
2 3 26 13 24 6 13 1 
6 32 30 14 3 1 2 
4 48 28 4 1 1 2 
1 2 14 53 2 16 
20 26 1 22 19 
1 61 16 7 1 1 1 
1 46 35 2 3 1 
16 1 64 3 3 1 
83 5 
1 1 50 14 9 8 4 1 
2 50 35 1 
1 41 2 12 10 18 3 1 
6 49 17 8 1 2 3 2 
14 20 47 1 1 1 3 1 
1 15 14 34 14 1 2 5 1 1 
1 12 54 21 
14 52 21 1 
20 64 3 1 
1 87 
2 83 1 1 1 
1 9 12 25 33 3 3 2 
2 78 7 1 
75 1 10 2 
1 59 28 
6 19 4 21 23 5 2 2 4 2 
1 67 12 5 1 1 1 
6 2 52 1 3 1 11 2 10 
26 10 50 2 
85 3 
1 47 7 7 9 16 1 
40 42 5 1 
2 24 38 21 3 
1 69 12 1 3 1 1 
2 36 11 39 
19 8 48 3 6 2 1 1 
5 17 64 1 1 
1 29 4 6 12 31 2 2 1 
4 52 31 1 
1 28 33 12 14 
48 4 21 5 9 1 
16 30 12 22 2 4 1 1 
3 45 11 18 1 10 
6 28 51 1 2 
4 44 2 35 2 1 
5 17 27 24 6 3 4 2 
17 19 30 20 1 1 
6 81 1 
3 34 45 3 1 1 1 
12 50 17 3 1 5 
1 4 25 11 16 26 5 
3 30 5 44 6 
2 39 31 2 13 1 
12 67 9 
49 34 2 1 1 1 
1 66 21 
1 18 22 30 6 1 5 5 
1 67 6 1 1 6 3 1 1 1 
38 48 2 
16 43 7 17 5 
4 7 54 11 12 
86 2 
1 67 15 1 2 2 
2 60 26 
8 57 21 1 1 
13 42 13 18 1 1 
2 52 12 15 2 4 1 
3 66 19 
7 6 11 55 4 1 2 1 1 
1 42 24 9 4 1 2 2 3 
83 5 
1 79 8 
1 45 10 5 4 18 5 
4 7 34 13 4 25 1 
8 11 56 1 3 3 1 3 1 1 
5 74 2 5 2 
1 45 10 3 25 2 1 1 
1 39 36 11 1 
2 22 31 9 13 6 4 1 
1 35 27 7 7 2 8 1 
1 54 15 14 1 3 
47 1 3 11 2 16 4 2 1 1 
1 19 25 32 1 8 1 1 
1 74 13 
1 10 48 23 4 1 1 
2 6 31 31 8 6 3 1 
86 2 
1 74 3 7 1 1 1 
1 38 42 6 1 
4 28 33 19 4 
1 15 12 31 18 7 2 2 
32 53 3 
10 43 34 1 
1 7 58 13 9 
4 35 49 
1 15 50 4 1 15 1 1 
1 34 39 5 6 1 1 1 
12 30 25 5 16 
1 37 47 2 1 
3 37 36 10 2 
1 1 68 6 8 4 
1 41 41 3 2 
50 19 19 
12 32 7 16 6 4 3 1 3 2 2 
6 17 6 50 7 1 1 
1 53 19 5 4 5 1 
4 58 25 1 
8 37 14 22 7 
2 25 40 18 3 
1 23 51 13 
23 61 1 2 1 
4 16 67 1 
58 30 
6 11 39 9 4 18 1 
4 18 47 5 12 2 
4 30 15 37 1 1 
88 
2 14 8 23 2 36 1 2 
4 59 5 18 2 
12 32 35 3 6 
3 55 26 4 
4 62 5 15 1 1 
1 37 50 
1 41 2 5 33 1 1 4 
1 23 8 30 21 1 2 2 
1 86 1 
64 24 
1 70 13 4 
27 50 1 5 3 2 
1 51 1 24 4 1 3 3 
28 43 11 2 4 
11 57 11 2 1 4 1 1 
4 75 3 2 4 
28 56 4 
1 48 17 3 2 3 3 10 1 
27 57 2 1 1 
13 20 32 14 7 1 1 
2 14 37 3 26 2 3 1 
2 43 41 1 1 
1 41 46 
1 22 61 4 
1 79 4 1 2 1 
11 54 20 3 
2 13 30 16 24 2 1 
85 3 
1 37 23 25 2 
11 42 10 22 3 
5 21 55 2 1 4 
2 47 38 1 
4 54 6 7 16 1 
1 71 16 
1 2 79 6 
7 5 28 11 3 10 1 7 4 2 5 4 1 
1 83 2 2 
8 17 49 6 8 
18 48 14 7 1 
1 79 7 1 
3 13 58 9 4 1 
1 33 19 31 4 
16 16 29 14 11 1 1 
7 24 34 3 12 7 1 
1 52 26 9 
5 61 13 7 2 
10 64 10 4 
10 16 38 15 1 5 1 2 
83 1 2 2 
1 75 2 8 2 
6 58 10 6 3 2 1 2 
76 3 7 2 
1 55 13 14 5 
1 20 5 24 8 21 6 2 1 
2 41 6 2 16 11 7 1 1 1 
1 22 61 4 
11 15 13 20 18 4 1 2 1 3 
46 8 10 20 4 
70 8 5 4 1 
1 56 31 
28 44 3 8 5 
2 21 46 5 12 2 
2 1 19 60 6 
2 33 53 
1 41 34 6 5 1 
1 52 25 10 
66 9 13 
1 21 23 40 3 
1 64 7 11 5 
1 77 5 2 1 2 
1 17 18 7 22 8 9 6 
5 48 35 
2 16 12 1 24 17 1 2 5 6 2 
1 6 58 1 13 4 1 2 2 
1 35 34 17 1 
1 9 28 39 2 7 2 
2 77 5 4 
1 21 66 
3 21 54 10 
8 72 5 2 1 
1 69 10 5 3 
81 1 5 1 
1 73 2 3 4 5 
2 17 20 12 5 1 12 3 1 3 6 3 1 2 
3 2 82 1 
1 66 12 5 4 
2 33 31 12 3 3 2 1 1 
15 58 10 2 2 1 
1 80 5 2 
8 64 16 
2 5 1 43 16 20 1 
1 24 2 2 20 18 6 4 7 1 1 2 
1 15 71 1 
1 4 16 51 3 4 5 4 
5 47 7 12 6 3 4 2 2 
1 82 1 2 1 1 
1 26 51 1 6 3 
3 68 4 11 2 
1 45 15 5 13 7 1 1 
73 13 1 1 
1 42 34 6 1 1 2 1 
1 10 34 37 4 1 1 
1 33 6 30 18 
1 69 15 3 
3 81 2 2 
3 52 20 12 1 
3 54 12 12 7 
1 54 32 1 
67 11 6 3 1 
8 79 1 
4 63 19 2 
5 16 26 32 6 3 
18 24 6 24 8 4 2 2 
1 68 3 8 1 1 2 2 1 1 
1 24 60 1 2 
6 55 27 
2 73 3 5 3 1 1 
5 73 5 2 2 1 
8 75 5 
14 68 5 1 
1 61 23 3 
1 44 38 3 2 
3 29 46 7 2 1 
4 56 19 2 7 
1 38 6 9 3 24 6 1 
2 49 19 5 10 3 
2 11 75 
2 4 71 5 5 1 
1 70 14 3 
2 24 58 3 1 
1 37 11 1 3 30 5 
1 77 5 2 3 
1 32 48 5 2 
19 43 26 
23 45 8 3 4 2 1 2 
1 68 19 
88 
24 9 26 10 14 2 1 2 
2 41 34 7 4 
1 38 24 8 7 7 3 
20 35 9 22 2 
2 32 10 15 26 2 1 
6 56 9 12 3 1 1 
86 2 
23 43 2 6 1 2 4 1 3 1 1 1 
1 71 8 5 2 1 
2 66 14 2 4 
1 45 3 13 16 6 1 3 
52 16 20 
1 60 2 7 3 15 
1 10 36 5 25 2 9 
84 2 2 
1 60 12 1 13 1 
30 41 12 5 
1 50 35 2 
1 61 19 1 6 
16 37 20 15 
8 36 1 5 10 17 7 1 3 
1 19 32 30 5 1 
39 7 13 22 2 1 1 1 2 
23 40 9 14 2 
3 42 27 16 
5 81 1 1 
1 47 26 2 6 3 3 
38 44 6 
86 1 1 
3 58 25 1 1 
1 34 16 16 9 7 4 1 
1 39 11 19 4 11 1 1 1 
8 20 3 51 2 1 2 1 
1 17 28 20 1 2 7 3 1 3 1 1 3 
13 21 54 
22 34 3 14 14 1 
11 43 4 5 8 16 1 
3 60 9 4 10 1 1 
11 58 2 14 2 1 
4 84 
3 62 8 11 4 
7 32 46 3 
2 73 2 3 1 7 
3 38 17 28 1 1 
7 66 1 6 7 1 
2 16 33 20 17 
47 27 8 1 1 3 1 
1 7 79 1 
40 33 5 5 1 2 2 
1 80 5 2 
7 2 13 40 26 
1 4 5 39 25 9 4 1 
5 48 17 10 7 1 
1 65 17 2 2 1 
9 44 5 1 2 2 7 13 2 3 
1 16 44 8 2 9 2 6 
1 18 20 34 14 1 
2 45 41 
2 68 7 6 3 2 
6 80 1 1 
1 16 33 35 3 
31 56 1 
14 14 42 13 1 3 1 
52 4 17 10 5 
2 73 9 2 1 1 
1 66 21 
7 77 4 
4 4 37 6 10 11 5 9 2 
2 35 5 17 21 2 3 3 
25 36 1 5 19 1 1 
1 3 59 13 6 1 2 3 
1 50 37 
1 70 17 
18 37 16 13 4 
1 12 38 5 8 7 16 1 
5 31 43 5 4 
2 61 10 4 4 5 2 
4 23 50 6 2 2 1 
75 1 10 2 
4 39 36 9 
2 19 5 33 19 9 1 
18 54 9 5 2 
5 56 23 4 
21 59 7 1 
8 68 7 4 1 
4 8 68 1 4 2 1 
4 38 8 16 20 2 
5 50 15 5 2 11 
2 52 3 8 8 7 7 1 
1 62 10 14 1 
47 13 3 15 5 2 3 
1 62 8 6 8 1 1 1 
45 35 1 5 2 
1 56 31 
1 37 6 22 5 11 5 1 
1 33 45 6 3 
1 54 20 8 5 
2 35 13 7 10 21 
1 41 6 28 1 10 1 
64 10 4 6 3 1 
40 7 25 4 11 1 
2 33 45 6 1 1 
2 80 4 2 
1 28 10 16 14 15 3 1 
5 24 29 12 9 3 2 1 1 2 
1 9 54 1 3 9 8 1 2 
2 83 3 
1 55 29 1 1 1 
10 50 18 10 
22 12 12 5 13 8 12 1 3 
4 50 26 3 2 2 1 
1 51 32 4 
44 42 2 
1 47 30 2 8 
4 43 11 8 2 8 2 5 5 
36 35 5 8 3 1 
3 84 1 
1 82 1 3 1 
1 66 4 11 1 2 1 2 
8 78 2 
1 10 31 25 2 5 5 4 5 
2 81 3 1 1 
36 45 1 2 2 2 
1 84 2 1 
2 36 21 1 18 7 3 
1 3 26 37 2 9 9 1 
13 53 21 1 
5 46 8 9 20 
1 70 7 9 1 
3 37 18 24 5 1 
1 27 16 33 11 
1 80 7 
1 2 10 27 43 4 1 
10 6 33 15 15 6 2 1 
4 69 15 
1 29 2 25 17 6 1 5 1 1 
6 19 60 2 1 
1 42 4 1 3 30 2 2 3 
4 53 3 27 1 
11 9 13 14 16 5 13 7 
1 78 5 1 2 1 
4 19 11 6 12 9 17 6 3 1 
6 48 34 
2 63 23 
1 57 28 1 1 
3 30 49 6 
1 33 17 4 30 2 1 
1 47 31 2 1 1 1 3 1 
88 
15 70 1 2 
44 4 14 5 14 3 1 1 2 
4 37 43 4 
3 83 1 1 
6 6 52 4 8 1 9 1 1 
1 66 19 1 1 
6 74 8 
1 15 9 2 21 21 6 7 3 3 
3 3 74 6 1 1 
1 18 7 39 14 7 2 
7 20 26 29 5 1 
6 58 11 12 1 
2 57 28 1 
2 71 9 2 3 1 
1 28 58 1 
11 54 23 
1 25 23 12 27 
11 68 1 1 6 1 
2 66 14 2 1 2 1 
3 33 40 10 2 
4 20 42 22 
23 7 2 8 13 5 29 1 
1 65 15 5 2 
1 36 6 23 19 2 1 
2 50 10 1 2 14 2 3 4 
62 19 1 2 3 1 
1 66 16 1 1 2 1 
82 5 1 
1 1 1 15 30 31 2 6 1 
1 58 15 12 2 
2 61 24 1 
78 7 2 1 
2 67 11 6 1 1 
2 48 5 18 13 2 
13 20 54 1 
5 10 30 10 14 8 3 8 
1 85 1 1 
1 65 18 3 1 
1 41 18 16 8 4 
4 55 16 10 3 
51 37 
3 81 1 2 1 
1 30 31 10 13 1 1 1 
1 84 3 
6 18 47 1 13 2 1 
2 37 45 3 1 
21 64 3 
1 56 8 1 8 4 1 9 
10 69 2 7 
15 58 15 
4 63 7 9 5 
1 21 30 10 2 17 6 1 
5 40 18 19 6 
1 21 38 19 1 7 1 
1 14 30 28 11 3 1 
1 42 12 28 5 
58 16 14 
6 34 36 4 6 2 
6 71 6 1 1 1 2 
2 17 35 34 
3 45 13 2 1 13 6 5 
16 61 1 8 2 
2 80 6 
2 86 
3 49 1 26 9 
5 9 48 12 9 1 4 
2 76 5 5 
1 32 10 9 11 7 18 
8 13 54 8 1 3 1 
17 48 19 1 1 2 
1 68 4 1 2 7 1 3 1 
1 67 19 1 
19 43 14 1 6 4 1 
7 75 3 2 1 
10 16 35 1 21 1 1 2 1 
2 66 20 
1 15 72 
1 43 26 6 12 
1 67 6 11 1 1 1 
3 21 3 44 9 6 1 1 
1 44 12 13 9 7 2 
4 33 21 25 5 
1 6 17 57 7 
4 7 55 3 15 3 1 
13 9 65 1 
17 67 1 3 
1 17 1 62 1 3 3 
7 71 1 5 4 
83 4 1 
10 28 47 2 1 
1 33 15 35 1 2 1 
1 16 23 45 3 
2 64 22 
2 43 39 4 
1 65 2 20 
3 1 56 10 13 3 1 1 
6 15 34 9 6 13 2 2 1 
1 29 29 4 12 8 5 
39 36 2 4 2 2 1 1 1 
1 85 1 1 
1 34 43 10 
6 36 45 1 
88 
5 54 12 4 8 5 
1 87 
2 26 24 23 13 
9 26 24 3 23 2 1 
3 71 14 
1 18 56 3 7 3 
11 53 17 6 1 
7 50 2 11 8 6 3 1 
2 51 14 19 1 1 
1 50 11 8 17 1 
2 21 42 5 7 11 
1 12 54 8 5 3 1 1 1 1 1 
11 16 6 45 4 6 
5 69 7 6 1 
55 31 2 
4 80 1 3 
86 2 
4 27 3 8 36 8 1 1 
70 6 12 
42 5 41 
26 4 8 35 15 
3 33 23 6 23 
1 50 33 2 1 1 
4 75 6 2 1 
1 18 53 15 1 
1 41 39 4 1 1 1 
18 64 2 2 2 
2 58 9 17 2 
1 65 11 1 1 5 3 1 
2 64 22 
2 42 32 1 9 1 1 
25 52 11 
3 37 41 4 3 
1 41 30 2 1 5 6 2 
52 35 1 
57 25 5 1 
87 1 
5 42 40 1 
1 73 10 3 1 
12 5 13 42 2 14 
1 3 61 9 8 3 1 2 
3 51 32 1 1 
1 13 55 11 2 4 2 
1 78 8 1 
1 51 3 18 5 2 8 
62 13 13 
2 29 4 3 3 36 9 1 1 
6 59 5 8 10 
41 3 22 11 2 7 2 
1 39 34 3 3 6 1 1 
1 42 21 12 12 
2 23 28 7 7 9 3 9 
10 47 26 4 1 
79 5 3 1 
4 28 43 11 2 
1 36 13 34 2 1 1 
1 60 25 1 1 
1 75 9 1 2 
12 46 18 11 1 
2 31 50 4 1 
28 4 20 16 15 5 
1 41 5 41 
3 16 33 17 1 5 1 6 2 1 2 1 
1 9 40 10 20 5 2 1 
60 26 2 
88 
81 7 
1 81 6 
3 24 61 
1 49 20 5 4 7 2 
35 31 8 11 3 
1 47 34 6 
55 15 8 3 5 2 
81 3 4 
1 27 9 24 10 1 3 3 8 2 
26 29 9 6 6 7 1 1 1 1 1 
1 11 4 71 1 
71 6 9 1 1 
1 2 13 44 20 5 2 1 
74 4 3 3 1 3 
1 81 6 
1 42 13 3 29 
1 26 4 43 2 3 4 4 1 
1 28 38 17 4 
2 44 8 17 11 2 2 2 
3 30 23 22 10 
7 24 53 2 2 
48 18 12 1 9 
20 27 24 12 5 
1 59 13 11 1 3 
82 1 1 2 1 1 
1 43 10 17 8 2 4 2 1 
1 85 2 
3 49 36 
1 47 39 1 
1 82 5 
29 38 19 1 1 
1 61 4 17 4 1 
1 66 18 2 1 
1 50 12 25 
74 8 3 2 1 
5 79 1 1 2 
3 30 55 
13 21 25 24 5 
28 42 12 4 1 1 
2 7 5 25 6 21 11 7 1 2 1 
4 51 14 13 2 4 
6 23 40 9 2 8 
14 26 48 
11 68 6 1 1 1 
1 32 25 3 20 4 3 
1 15 70 1 1 
81 3 4 
1 60 10 14 2 1 
1 65 20 1 1 
1 31 1 13 30 6 4 1 1 
4 51 13 9 5 3 3 
1 20 37 2 24 4 
2 53 25 4 1 2 1 
10 12 34 26 5 1 
3 23 13 7 27 9 1 5 
3 1 64 19 1 
1 39 46 1 1 
78 4 5 1 
48 11 23 4 2 
1 80 3 4 
1 66 18 3 
83 3 1 1 
2 25 52 6 3 
20 33 22 7 5 1 
37 16 14 4 6 11 
85 3 
1 80 5 2 
1 10 34 27 6 9 1 
52 17 12 4 3 
3 23 7 36 18 1 
82 1 4 1 
1 52 8 13 2 4 3 3 2 
6 26 46 5 5 
85 3 
13 36 2 11 12 13 1 
68 17 2 1 
2 54 15 9 2 2 3 1 
34 23 15 13 3 
1 37 16 29 4 1 
3 4 71 4 3 2 1 
2 23 24 36 3 
1 78 3 6 
1 25 62 
34 52 2 
1 73 8 5 1 
45 19 23 1 
12 48 4 15 4 2 1 1 1 
2 9 19 14 26 9 7 2 
4 15 8 21 27 13 
40 27 1 17 1 2 
1 61 17 6 3 
6 57 10 1 7 5 1 1 
82 4 2 
13 63 5 3 4 
2 20 56 4 1 4 1 
3 66 4 1 8 1 4 1 
17 25 19 23 1 3 
1 85 2 
4 45 14 11 5 7 2 
21 52 15 
2 19 23 5 6 1 10 15 7 
1 58 28 1 
1 78 4 2 1 2 
11 49 18 6 3 1 
2 73 6 4 2 1 
2 2 46 15 17 4 1 1 
88 
3 34 16 29 1 3 1 1 
5 60 16 6 1 
1 5 13 14 17 7 1 17 1 2 6 2 1 1 
1 34 41 6 1 4 1 
13 59 3 10 2 1 
1 37 22 5 22 1 
8 25 55 
24 30 16 16 2 
46 41 1 
2 32 54 
6 41 30 7 4 
3 23 35 10 2 1 4 4 4 2 
1 14 44 22 3 4 
78 6 4 
3 55 4 18 5 3 
17 25 30 15 1 
2 44 27 4 8 1 2 
1 25 62 
1 34 3 22 13 10 3 1 1 
1 85 2 
2 52 30 3 1 
1 55 32 
5 21 26 12 13 8 3 
3 50 13 16 5 1 
1 4 35 2 4 8 22 12 
65 14 6 1 2 
1 11 11 20 21 7 10 1 2 2 2 
63 23 1 1 
4 15 35 28 6 
13 15 51 2 1 1 1 1 1 2 
2 16 2 39 8 10 8 2 1 
2 40 17 19 9 1 
56 22 8 1 1 
24 35 1 16 2 4 2 2 1 1 
3 2 40 20 15 7 1 
1 2 68 17 
7 5 23 31 3 1 4 4 6 1 1 2 
1 38 24 4 17 4 
77 7 4 
1 40 45 2 
1 57 30 
1 28 14 6 15 19 2 1 1 1 
1 8 64 15 
32 10 32 6 2 2 1 3 
1 37 3 4 17 6 2 14 1 3 
1 62 6 3 12 3 1 
2 47 16 11 4 8 
3 24 4 17 30 5 3 1 1 
1 2 53 24 2 5 1 
4 32 17 6 1 7 7 6 1 7 
3 8 75 1 1 
4 72 3 8 1 
1 10 55 7 11 4 
3 80 2 3 
20 22 4 12 29 1 
4 28 1 52 1 1 1 
1 43 34 9 1 
1 25 34 14 13 1 
1 74 13 
1 37 42 2 3 1 1 1 
55 29 1 3 
84 2 1 1 
1 56 7 9 9 2 1 3 
3 35 45 2 3 
1 78 9 
86 1 1 
1 21 62 1 2 1 
1 27 48 12 
1 62 2 23 
3 76 6 2 1 
78 2 3 5 
2 63 15 6 2 
1 34 45 1 1 5 1 
1 65 22 
7 60 18 2 1 
3 65 20 
1 71 10 1 3 2 
6 71 10 1 
1 36 51 
17 39 4 2 14 11 1 
34 54 
1 35 21 27 4 
3 38 27 2 1 16 1 
1 16 56 9 3 3 
1 17 64 1 5 
3 53 8 11 10 3 
88 
1 69 16 2 
8 9 47 10 13 1 
1 64 22 1 
1 60 23 4 
1 44 43 
3 46 39 
4 41 43 
1 71 16 
60 2 7 10 1 3 3 2 
9 27 38 6 6 1 1 
38 25 5 6 3 4 2 5 
1 55 7 4 15 2 3 1 
6 14 3 53 8 4 
1 51 1 7 14 1 11 1 1 
4 38 12 17 10 6 1 
17 24 25 1 5 7 3 2 1 2 1 
88 
5 10 22 28 10 4 8 1 
1 77 4 3 1 2 
19 61 7 1 
1 33 48 1 3 1 1 
1 81 2 2 2 
56 10 13 9 
2 54 13 1 8 7 2 1 
1 42 45 
1 55 7 5 10 5 1 1 1 2 
3 35 39 7 3 1 
3 68 1 12 2 1 1 
1 5 8 14 48 2 4 4 1 1 
1 85 1 1 
9 63 2 1 3 4 1 1 3 1 
7 35 45 1 
3 73 11 1 
3 85 
3 3 2 32 34 12 1 1 
1 70 10 5 2 
10 78 
1 34 39 11 2 1 
36 11 29 1 10 1 
1 35 40 1 2 9 
4 3 37 29 5 9 1 
1 28 14 18 13 14 
20 17 3 32 7 7 2 
54 18 11 4 1 
16 13 9 7 35 3 1 4 
1 11 7 30 11 11 8 4 3 1 1 
1 12 4 1 33 31 3 3 
3 9 42 24 10 
1 47 33 5 2 
1 38 24 6 4 3 3 4 1 2 1 1 
2 33 2 41 4 6 
1 29 51 1 6 
2 50 8 21 6 1 
1 51 17 11 2 4 2 
1 44 40 2 1 
1 24 19 2 7 9 25 1 
26 59 2 1 
1 78 8 1 
4 56 3 18 5 1 1 
8 43 4 3 9 4 9 1 1 4 2 
2 61 15 4 1 4 1 
1 2 79 3 2 1 
1 34 46 5 2 
3 54 15 8 8 
2 21 9 13 30 13 
8 12 22 45 1 
1 19 25 1 9 3 5 7 10 4 2 1 1 
30 44 4 2 3 2 1 1 1 
2 38 46 2 
1 82 2 2 1 
8 44 5 12 3 12 1 1 2 
49 32 7 
4 28 52 1 3 
1 71 9 7 
1 4 56 16 9 1 1 
13 57 4 6 8 
80 7 1 
3 23 25 26 1 5 5 
2 57 24 3 2 
3 73 1 7 4 
1 61 26 
11 16 4 50 5 2 
3 45 33 3 2 2 
2 34 31 17 4 
1 25 1 39 19 3 
1 37 27 18 2 2 1 
1 36 4 16 1 10 1 7 7 3 1 1 
2 64 3 8 10 1 
5 19 10 17 22 15 
7 10 41 28 2 
1 31 6 44 3 2 1 
13 37 31 7 
13 23 10 34 3 5 
1 69 16 1 1 
1 9 27 46 3 2 
4 26 58 
1 48 27 1 8 3 
2 59 23 2 2 
1 64 2 19 1 1 
1 62 5 16 2 1 1 
1 75 7 3 1 1 
57 5 15 1 3 2 5 
1 33 12 26 7 7 2 
10 37 37 2 1 1 
16 41 20 3 2 1 2 3 
1 78 6 2 1 
3 60 7 13 3 1 1 
2 71 15 
2 83 3 
2 84 1 1 
1 85 2 
1 51 16 1 17 2 
48 20 2 4 12 1 1 
2 44 33 2 7 
2 67 13 2 2 1 1 
4 17 45 1 16 1 3 1 
1 6 38 16 10 2 9 3 1 2 
25 27 31 4 1 
7 1 78 1 1 
3 49 9 11 2 11 2 1 
16 33 39 
1 36 29 20 2 
88 
1 66 14 5 2 
34 35 9 6 3 1 
2 24 17 34 8 3 
1 86 1 
78 6 2 2 
1 10 56 4 15 1 1 
1 27 24 23 5 1 1 6 
4 79 2 2 1 
3 12 36 25 5 7 
1 4 71 10 2 
4 63 21 
1 57 2 14 12 1 1 
2 61 20 4 1 
18 44 20 5 1 
1 35 49 3 
1 49 27 7 2 2 
31 40 7 1 4 1 3 1 
34 35 5 1 8 2 2 1 
4 36 2 33 1 1 11 
4 60 10 3 5 6 
1 18 62 2 1 1 1 2 
2 68 10 7 1 
1 36 25 19 3 1 3 
1 29 49 9 
55 15 4 4 2 7 1 
22 53 5 6 2 
3 14 13 21 10 8 8 10 1 
4 65 17 2 
1 79 8 
2 20 13 5 34 7 4 2 1 
1 63 23 1 
4 83 1 
1 60 7 3 14 1 2 
81 3 1 2 1 
1 48 10 3 9 8 5 2 1 1 
86 2 
1 74 4 7 1 1 
3 72 13 
2 21 55 4 3 2 1 
64 15 2 5 1 1 
1 7 18 44 18 
15 53 5 6 7 2 
3 28 38 3 9 1 3 1 1 1 
32 26 13 1 14 2 
1 75 4 2 6 
24 40 2 18 4 
1 87 
4 40 7 13 12 2 8 2 
66 1 10 11 
21 15 9 34 3 4 1 1 
51 15 17 4 1 
10 38 9 2 24 1 4 
2 66 8 9 3 
80 8 
1 56 29 1 1 
48 4 22 3 4 2 1 4 
11 47 20 10 
67 20 1 
4 61 18 4 1 
5 65 18 
4 82 2 
59 28 1 
5 43 34 4 1 1 
8 11 34 19 1 15 
2 28 37 12 1 6 2 
88 
42 14 11 3 16 1 1 
7 43 30 5 2 1 
71 11 6 
2 83 3 
1 2 36 1 28 4 7 6 3 
1 68 10 3 6 
2 62 11 8 3 1 1 
2 9 35 16 10 4 4 5 2 1 
1 32 38 8 2 4 2 1 
9 41 8 2 18 6 4 
10 23 27 25 2 1 
1 53 23 5 6 
3 30 21 14 2 12 2 4 
3 67 6 1 9 1 1 
5 25 29 15 13 1 
1 78 4 5 
17 48 2 19 2 
8 32 15 17 6 10 
2 55 30 1 
1 15 72 
1 66 20 1 
3 20 53 11 1 
29 26 28 5 
1 16 11 17 13 7 9 1 2 4 7 
1 84 3 
4 52 17 10 3 1 1 
37 3 3 37 3 1 1 3 
36 3 5 41 3 
1 73 14 
4 8 64 8 3 1 
1 2 58 11 5 7 4 
5 5 33 22 20 2 1 
18 40 12 10 5 1 1 1 
1 68 8 5 6 
31 31 16 9 1 
1 18 24 27 9 9 
7 25 14 18 21 3 
1 84 3 
14 59 3 3 8 1 
13 22 53 
32 11 31 6 2 5 1 
1 58 2 12 6 2 3 4 
1 3 17 22 2 37 2 3 1 
2 28 36 22 
48 6 16 3 8 1 1 2 3 
1 44 27 12 1 2 1 
88 
1 14 70 1 1 1 
3 48 11 21 5 
88 
1 5 13 20 34 5 2 5 1 2 
1 84 1 1 1 
1 73 4 5 3 2 
3 74 2 7 2 
1 37 6 11 12 15 2 3 1 
1 87 
17 19 23 28 1 
11 72 5 
3 1 49 35 
4 65 14 2 1 2 
1 87 
2 26 18 21 6 15 
1 40 15 23 8 1 
6 60 6 14 2 
3 20 29 19 8 3 4 1 1 
13 51 24 
4 75 5 4 
3 19 63 1 2 
1 77 10 
1 87 
8 1 50 4 12 8 3 1 1 
3 26 10 34 6 8 1 
2 42 28 9 4 1 2 
1 38 22 19 7 1 
10 77 1 
5 31 40 4 3 4 1 
4 7 37 10 19 3 8 
1 14 46 5 9 3 2 8 
81 4 1 1 1 
11 38 14 21 3 1 
15 62 2 2 7 
1 70 17 
2 32 35 10 9 
2 14 72 
1 30 31 22 4 
3 52 8 6 16 2 1 
37 20 29 2 
3 11 35 31 3 1 3 1 
6 36 41 3 1 1 
5 52 15 14 1 1 
2 68 8 9 1 
3 13 64 8 
18 27 15 17 11 
2 13 71 2 
1 38 49 
81 5 2 
2 1 55 7 20 2 1 
9 40 33 5 1 
10 67 4 7 
1 69 2 15 1 
1 50 22 14 1 
13 31 44 
1 61 1 5 11 4 3 1 1 
1 20 1 42 3 10 6 4 1 
1 62 8 2 1 12 1 1 
5 35 33 4 11 
28 53 2 2 2 1 
1 62 5 1 16 2 1 
1 27 23 35 2 
88 
1 37 9 23 12 3 1 1 1 
45 17 15 10 1 
1 79 2 5 1 
1 20 58 4 1 1 2 1 
18 56 3 7 3 1 
2 38 21 20 2 3 2 
3 80 5 
1 59 4 24 
1 18 68 1 
1 69 15 2 1 
11 7 41 8 12 9 
1 32 30 5 11 6 2 1 
1 44 39 3 1 
2 41 38 6 1 
9 45 12 13 7 2 
3 66 19 
9 66 1 8 3 1 
1 80 7 
1 77 3 2 2 2 1 
1 50 17 9 5 3 2 1 
1 10 21 18 6 12 10 5 4 1 
1 25 54 2 4 1 1 
1 73 14 
2 14 50 8 8 2 2 2 
5 74 4 5 
1 6 12 12 54 2 1 
2 71 10 4 1 
1 44 43 
5 39 26 2 7 2 7 
1 30 2 3 49 1 1 1 
81 1 2 1 1 2 
78 1 4 3 2 
42 46 
2 51 3 17 15 
1 18 35 28 6 
64 1 3 4 4 6 6 
7 68 8 2 1 2 
1 67 20 
74 10 2 1 1 
2 51 7 6 22 
9 25 39 9 5 1 
2 80 2 3 1 
1 3 42 4 22 6 6 1 1 1 1 
3 53 3 11 13 1 4 
1 5 82 
16 57 15 
83 1 4 
1 80 7 
28 39 21 
1 36 5 36 7 2 1 
1 72 8 4 3 
3 9 4 34 11 14 13 
1 43 7 3 29 1 2 2 
1 20 30 30 5 1 1 
10 11 14 2 35 11 2 2 1 
1 28 10 45 2 1 1 
2 12 58 6 1 2 3 4 
1 11 10 47 12 2 1 1 1 1 1 
2 14 55 7 3 1 5 1 
22 33 17 2 2 8 2 1 1 
2 40 14 5 13 3 8 3 
2 20 51 7 5 3 
2 22 46 12 1 3 2 
1 2 28 48 7 1 1 
13 67 8 
5 17 10 24 26 4 1 1 
1 84 3 
1 78 1 8 
4 83 1 
1 72 14 1 
1 5 31 8 43 
2 38 9 19 16 1 1 2 
1 18 39 10 19 1 
1 43 44 
6 41 35 1 5 
1 74 13 
16 40 24 2 4 1 1 
73 5 8 2 
6 27 55 
7 17 62 1 1 
4 20 14 50 
19 41 24 4 
2 27 44 11 1 1 2 
87 1 
4 61 5 15 3 
1 13 32 5 24 12 1 
7 16 2 15 32 15 1 
2 38 47 1 
5 57 1 23 1 1 
2 10 55 18 3 
1 37 36 9 3 1 1 
1 81 4 2 
57 19 4 3 5 
4 62 9 9 4 
4 23 6 51 4 
82 5 1 
6 3 76 3 
2 43 43 
12 25 32 6 3 7 1 2 
41 22 18 1 5 1 
3 32 41 5 7 
7 56 4 10 7 4 
3 19 10 8 16 22 3 6 1 
1 33 54 
47 34 3 4 
1 55 1 16 14 1 
15 27 43 2 1 
2 13 11 59 2 1 
2 51 29 1 1 4 
4 70 14 
1 78 9 
1 60 27 
1 30 5 21 10 14 7 
1 20 24 3 39 1 
3 30 20 32 2 1 
7 46 23 3 6 3 
10 18 6 1 51 1 1 
6 47 17 6 3 3 1 5 
1 7 66 5 4 3 1 1 
4 65 11 4 1 2 1 
4 70 3 8 2 1 
66 3 17 2 
10 3 7 7 33 17 4 4 1 1 1 
1 41 26 14 4 2 
52 7 10 8 8 2 1 
19 9 58 2 
1 48 26 9 4 
18 37 33 
31 2 41 2 1 1 6 4 
1 41 28 10 8 
2 53 3 22 8 
37 6 36 7 2 
16 45 10 12 5 
1 19 1 42 19 5 1 
16 26 1 27 14 1 3 
1 51 29 6 1 
3 51 1 30 3 
77 10 1 
1 13 32 9 32 1 
2 80 6 
3 26 50 6 1 2 
3 36 1 31 12 5 
3 16 57 2 6 4 
1 36 51 
2 42 30 13 1 
5 65 14 2 1 1 
2 45 35 5 1 
43 13 24 7 1 
12 31 19 12 14 
44 20 13 7 2 1 1 
1 32 30 14 11 
10 53 25 
6 32 23 22 5 
44 33 9 2 
1 79 8 
40 33 9 4 1 1 
48 2 28 3 5 2 
1 3 43 18 8 3 5 4 3 
88 
1 67 6 14 
1 35 15 12 25 
21 5 40 13 9 
2 4 39 37 5 1 
15 10 7 35 15 2 2 2 
1 50 17 3 13 4 
6 33 49 
3 16 36 32 1 
1 39 4 3 41 
16 11 36 17 1 1 5 1 
11 4 64 8 1 
3 12 26 38 6 3 
1 17 50 12 6 2 
1 17 32 36 2 
2 30 5 13 18 13 1 1 5 
4 68 4 11 1 
1 80 7 
61 10 12 2 3 
2 41 39 1 2 1 1 1 
1 11 62 6 8 
13 2 10 54 6 1 1 1 
29 46 13 
2 73 8 1 1 1 2 
4 30 27 1 8 12 1 2 1 1 1 
27 2 55 1 3 
9 50 23 1 5 
5 79 4 
1 35 18 14 12 7 1 
1 9 28 8 17 11 13 1 
2 74 2 4 5 1 
7 53 8 12 7 1 
1 86 1 
1 82 5 
4 39 26 16 3 
8 53 6 12 9 
59 1 15 12 1 
1 54 25 5 1 2 
2 54 5 17 1 3 4 2 
1 52 21 13 1 
1 83 4 
1 11 49 13 3 7 2 1 1 
2 1 8 45 29 1 1 1 
4 82 2 
1 74 9 1 1 2 
1 67 3 9 2 2 2 1 1 
2 79 5 2 
1 27 14 16 8 10 4 7 1 
1 63 7 8 9 
37 29 4 5 7 2 2 1 1 
1 64 12 5 2 4 
20 43 15 8 2 
2 57 20 8 1 
1 29 16 37 5 
43 16 27 1 1 
59 25 4 
3 80 1 2 2 
9 73 2 1 1 2 
2 28 41 9 3 4 1 
1 84 2 1 
2 71 12 3 
1 58 22 5 2 
1 63 4 1 5 7 2 3 1 1 
3 6 27 24 20 6 2 
1 70 8 6 3 
1 21 66 
1 58 24 4 1 
64 9 12 2 1 
1 73 13 1 
1 15 48 12 11 1 
1 64 20 1 1 1 
2 12 33 27 9 4 1 
56 18 9 3 2 
3 16 41 15 2 9 1 1 
4 48 14 5 2 13 2 
1 10 71 3 2 1 
1 85 1 1 
39 28 17 4 
3 81 3 1 
2 14 71 1 
1 34 53 
1 69 8 5 3 1 1 
1 56 1 16 10 1 1 2 
2 31 32 5 16 2 
1 9 26 21 8 11 7 4 1 
7 3 75 3 
1 36 47 2 1 1 
2 84 2 
1 53 8 15 9 2 
7 53 1 20 1 6 
2 24 30 18 8 4 2 
6 72 6 4 
16 52 20 
10 16 32 8 19 3 
1 86 1 
1 16 47 1 13 1 5 1 2 1 
1 77 9 1 
5 18 11 3 15 16 2 11 2 1 1 3 
1 54 31 2 
1 50 5 4 9 11 1 1 1 4 1 
1 3 35 7 5 28 3 4 1 1 
3 4 5 44 9 11 1 10 1 
2 44 13 10 2 2 7 2 4 2 
1 83 4 
1 86 1 
13 75 
4 73 11 
2 66 12 8 
1 13 34 32 7 1 
1 44 2 41 
3 58 27 
45 25 3 14 1 
33 17 33 5 
28 16 3 4 24 6 4 2 1 
2 26 7 19 9 8 17 
1 40 24 7 12 2 1 1 
1 51 7 25 4 
1 75 12 
22 40 21 2 1 1 1 
11 64 13 
1 72 15 
1 45 11 16 5 1 8 1 
2 34 3 49 
44 3 36 4 1 
5 58 25 
7 9 45 2 19 6 
3 26 14 41 1 3 
37 15 16 19 1 
2 21 39 17 8 1 
81 6 1 
1 52 31 3 1 
1 35 20 4 2 4 1 12 2 3 1 1 2 
1 55 1 23 6 1 1 
27 29 2 29 1 
1 71 11 3 2 
1 29 27 19 9 1 2 
1 39 48 
1 51 36 
1 25 17 21 13 2 1 6 2 
1 27 30 19 11 
1 58 10 4 9 2 4 
1 80 6 1 
3 60 7 17 1 
2 37 14 15 4 5 7 2 2 
1 66 15 3 3 
78 1 9 
1 77 5 2 3 
1 62 20 2 1 2 
1 35 32 2 7 1 8 2 
2 31 49 6 
50 26 9 2 1 
1 47 22 5 7 6 
2 13 31 17 11 7 2 5 
1 52 4 24 3 2 2 
1 8 14 54 1 5 2 1 1 1 
1 15 13 22 7 17 3 5 2 2 1 
39 28 17 2 1 1 
1 69 18 
3 72 2 5 6 
1 68 3 3 8 1 2 2 
54 21 10 3 
4 29 55 
7 68 2 5 5 1 
6 52 30 
1 75 12 
1 20 6 61 
37 50 1 
1 8 78 1 
1 64 1 1 7 5 9 
8 38 15 20 4 2 1 
64 16 8 
7 10 71 
19 49 20 
1 86 1 
1 2 3 4 35 37 2 3 1 
1 15 68 2 1 1 
3 49 15 16 5 
1 47 38 2 
1 71 13 2 1 
4 22 35 3 10 10 1 3 
7 10 3 68 
1 83 4 
6 9 62 4 6 1 
1 69 3 8 5 1 1 
1 21 49 12 2 2 1 
1 68 6 3 3 6 1 
11 75 1 1 
1 36 39 3 5 1 3 
1 72 10 5 
1 57 23 4 2 1 
2 68 9 3 6 
1 1 21 22 18 17 2 3 1 2 
7 13 17 33 17 1 
5 10 19 13 13 19 7 2 
4 66 12 3 3 
37 27 1 1 9 8 5 
8 22 37 8 7 6 
2 50 5 11 12 3 4 1 
34 33 12 7 2 
60 24 2 2 
4 6 13 49 11 3 2 
3 40 40 5 
1 22 31 22 8 3 1 
20 44 17 1 1 2 1 1 1 
2 86 
1 41 39 5 1 1 
1 74 7 5 1 
5 18 10 6 48 1 
2 74 9 3 
1 56 14 13 1 3 
2 70 6 10 
1 65 22 
3 22 35 24 4 
6 22 11 43 2 3 1 
1 82 3 2 
2 79 7 
1 46 41 
1 72 15 
2 17 58 6 3 1 1 
1 83 4 
18 42 3 10 14 1 
3 10 10 41 10 13 1 
1 71 7 2 3 4 
45 38 1 4 
1 75 12 
1 41 12 8 20 6 
6 59 18 1 2 2 
1 65 2 7 12 1 
1 32 10 27 18 
3 57 17 4 7 
30 37 7 8 6 
1 60 3 14 1 1 1 2 5 
1 39 47 1 
3 75 8 1 1 
5 51 10 18 4 
1 29 9 25 16 2 6 
1 78 1 3 5 
5 35 23 6 8 1 5 5 
1 61 2 2 12 5 4 1 
85 3 
5 72 1 4 3 1 2 
1 81 2 3 1 
1 58 6 12 6 4 1 
3 1 20 46 17 1 
1 84 3 
2 45 38 1 2 
43 9 5 29 2 
10 29 32 2 10 3 1 1 
21 10 24 30 3 
4 78 4 2 
10 1 10 15 15 4 23 8 1 1 
1 13 14 39 16 3 2 
9 25 15 26 9 4 
3 52 18 11 3 1 
2 52 32 2 
59 9 3 14 1 2 
1 53 26 8 
1 54 8 16 1 7 1 
2 47 8 24 4 3 
66 17 1 4 
1 41 12 15 8 2 6 3 
1 80 2 2 2 1 
19 36 11 14 6 2 
55 6 15 8 2 1 1 
1 7 60 17 2 1 
2 33 38 10 3 2 
1 71 12 2 1 1 
15 14 32 23 1 3 
48 4 33 1 2 
2 24 5 33 5 7 3 1 4 2 2 
45 2 16 13 6 5 1 
2 53 13 13 4 1 2 
24 62 1 1 
7 21 21 2 31 2 4 
5 7 41 28 1 1 3 2 
2 22 5 33 17 4 2 2 1 
16 53 2 11 4 1 1 
1 63 15 4 1 2 1 1 
20 12 9 36 9 2 
5 41 22 16 4 
2 27 59 
8 17 30 7 8 9 2 3 3 1 
1 73 1 13 
2 64 18 1 3 
1 21 15 34 1 7 3 5 1 
1 87 
1 35 20 29 2 1 
81 3 4 
81 3 3 1 
62 10 6 5 1 2 2 
2 64 22 
6 78 1 2 1 
30 3 35 6 4 2 6 2 
1 33 45 4 5 
62 25 1 
18 64 2 3 1 
8 66 5 3 6 
87 1 
41 15 32 
1 83 4 
8 8 67 1 3 1 
2 31 9 44 2 
1 86 1 
2 29 3 38 8 3 2 2 1 
70 3 4 10 1 
1 26 36 15 8 2 
2 55 17 9 2 2 1 
1 18 43 16 6 4 
2 29 49 5 3 
1 39 42 3 1 1 1 
2 33 44 2 1 4 2 
1 1 71 6 6 2 1 
84 1 1 2 
1 45 40 2 
1 3 69 3 12 
1 32 28 9 8 5 2 3 
1 60 4 13 10 
31 14 41 2 
80 1 7 
26 55 6 1 
1 21 52 11 3 
50 16 10 2 5 5 
1 60 27 
1 85 1 1 
23 49 1 8 6 1 
1 68 7 9 3 
10 30 41 5 2 
7 29 44 6 2 
7 4 35 35 1 1 3 2 
2 78 1 7 
10 10 56 8 1 2 1 
1 4 56 19 5 1 2 
74 8 6 
14 33 22 1 17 1 
2 27 47 8 3 1 
9 62 11 2 2 2 
83 2 3 
1 55 9 6 14 1 2 
3 67 18 
2 16 8 11 44 6 1 
58 8 20 2 
2 11 33 17 8 2 5 5 1 1 2 1 
2 70 14 1 1 
1 45 34 2 3 2 1 
10 5 70 2 1 
6 53 20 4 2 3 
11 55 13 2 3 4 
1 54 27 2 4 
7 55 20 5 1 
1 52 4 8 20 2 1 
80 7 1 
5 23 18 28 12 2 
1 17 11 59 
34 33 16 3 2 
1 34 52 1 
2 31 14 33 7 1 
2 3 42 5 32 4 
24 48 16 
1 48 30 5 1 2 1 
43 2 43 
2 61 10 5 2 1 5 2 
1 8 43 3 18 4 11 
1 20 53 11 3 
5 46 34 2 1 
1 12 38 29 3 4 1 
1 16 71 
1 13 20 19 5 5 18 7 
1 17 67 1 2 
57 22 2 7 
1 9 6 4 62 3 2 1 
1 71 15 1 
2 71 14 1 
3 37 47 1 
1 84 3 
1 11 38 8 6 18 4 1 1 
3 62 10 6 3 2 1 1 
21 42 25 
2 73 9 2 1 1 
1 22 45 16 1 1 2 
9 49 23 2 5 
1 57 14 3 13 
1 87 
18 15 14 10 2 21 6 2 
18 57 13 
1 24 52 10 1 
1 81 4 2 
1 63 22 1 1 
1 78 9 
2 27 29 20 1 8 1 
1 10 25 32 8 8 3 1 
1 53 9 3 15 2 3 2 
1 25 8 44 8 2 
1 27 59 1 
41 23 21 1 1 1 
25 46 17 
74 6 4 2 1 1 
5 51 25 3 3 1 
1 33 51 1 2 
3 81 4 
1 2 68 14 2 1 
22 66 
24 6 56 2 
15 31 37 2 2 1 
1 42 4 15 12 12 2 
2 45 33 6 2 
3 48 36 1 
1 77 2 4 4 
1 54 33 
1 69 11 3 1 3 
1 78 7 1 1 
3 1 55 28 1 
88 
7 40 15 11 1 11 3 
8 39 8 3 11 3 4 7 1 3 1 
32 1 27 13 3 7 3 1 1 
1 3 18 8 5 6 5 37 2 2 1 
1 59 27 1 
9 69 7 1 2 
1 32 27 25 1 1 1 
1 70 5 5 4 3 
1 6 68 9 4 
4 11 7 38 19 7 2 
5 57 23 2 1 
7 22 25 13 12 4 2 3 
55 11 18 3 1 
2 55 30 1 
2 3 75 6 2 
1 52 34 1 
15 73 
5 12 6 44 5 3 1 2 3 1 3 3 
1 74 13 
4 7 74 1 2 
2 82 3 1 
14 64 10 
1 33 37 3 6 6 1 1 
63 6 15 1 2 1 
1 51 23 7 1 5 
4 77 7 
1 85 2 
1 83 2 2 
1 65 17 5 
14 35 34 3 2 
1 85 2 
13 19 56 
1 27 8 45 6 1 
3 18 20 27 14 1 1 1 2 1 
34 39 3 6 5 1 
3 57 21 5 2 
7 61 15 5 
1 60 24 2 1 
5 26 56 1 
16 35 22 8 3 3 1 
14 69 2 3 
3 25 45 15 
1 79 4 2 1 1 
2 5 65 8 2 5 1 
1 35 43 7 2 
1 29 23 23 10 1 1 
1 76 4 2 1 1 1 2 
2 76 10 
1 63 8 1 11 2 2 
8 6 23 41 10 
14 40 4 12 16 1 1 
2 68 18 
1 71 16 
69 10 2 7 
1 1 86 
2 39 28 6 8 4 1 
1 42 16 7 17 3 1 1 
1 18 46 18 5 
6 42 37 1 1 1 
2 7 43 15 4 2 9 1 2 1 2 
16 71 1 
1 24 23 38 2 
6 67 1 11 3 
1 20 55 6 2 4 
1 26 50 2 2 5 2 
10 73 5 
4 80 2 2 
1 53 23 7 4 
9 77 2 
8 50 25 2 3 
1 15 2 52 13 4 1 
20 15 9 32 1 4 4 2 1 
1 84 2 1 
7 28 25 1 19 1 2 1 1 1 1 1 
18 19 7 43 1 
7 26 40 2 11 1 1 
2 3 49 1 7 18 6 2 
9 39 37 3 
2 9 14 57 3 3 
2 69 10 2 2 1 2 
4 44 18 16 2 2 2 
37 24 24 3 
2 57 15 1 1 6 6 
2 77 2 7 
2 81 3 2 
1 52 22 6 6 1 
9 46 28 3 2 
2 27 59 
28 57 3 
1 23 63 1 
16 18 48 4 2 
1 26 42 6 2 10 1 
2 7 58 17 3 1 
7 24 11 4 33 6 2 1 
61 2 25 
4 24 30 23 1 2 2 1 1 
62 26 
71 9 8 
1 43 42 2 
4 34 2 3 20 2 15 1 2 2 1 2 
1 1 40 22 13 2 5 2 2 
6 10 48 17 2 4 1 
1 61 7 7 8 4 
15 34 3 20 7 3 4 1 1 
2 67 12 4 2 1 
1 13 18 15 19 14 8 
3 64 14 6 1 
1 32 31 23 1 
13 47 20 6 2 
1 32 3 1 1 6 11 26 3 1 3 
71 4 1 5 6 1 
2 54 4 12 15 1 
5 7 60 1 11 4 
5 34 36 11 2 
7 29 31 11 9 1 
28 6 6 5 21 5 15 1 1 
1 38 34 12 2 1 
1 42 17 25 3 
10 51 18 4 3 1 1 
1 85 1 1 
1 53 2 7 24 1 
4 7 44 5 23 1 4 
1 15 44 10 16 2 
1 45 1 17 20 3 1 
1 44 34 9 
1 85 2 
3 68 3 8 1 3 1 1 
1 80 7 
2 81 5 
2 82 4 
1 80 7 
2 11 53 15 4 1 2 
3 9 28 46 2 
2 21 35 22 3 4 1 
1 41 30 15 1 
8 48 12 12 1 6 1 
83 2 3 
1 12 55 5 6 8 1 
4 67 10 1 4 1 1 
47 13 25 1 1 1 
7 37 5 35 1 1 1 1 
1 48 39 
8 72 7 1 
35 11 9 28 3 1 1 
2 82 2 1 1 
1 41 27 8 5 6 
52 36 
22 38 6 17 3 1 1 
65 7 2 9 1 4 
1 86 1 
1 18 6 21 33 7 1 1 
5 18 4 42 12 7 
58 2 2 11 4 5 3 3 
1 66 18 3 
31 25 13 1 13 3 2 
8 79 1 
64 23 1 
1 17 8 29 16 3 8 2 4 
14 64 1 8 1 
1 82 4 1 
35 30 21 2 
7 21 60 
12 1 75 
2 83 2 1 
1 76 5 6 
1 72 12 3 
3 40 40 1 1 2 1 
29 26 30 1 2 
1 67 20 
16 11 27 4 5 6 1 16 1 1 
2 44 12 26 4 
11 56 12 3 5 1 
2 21 60 3 2 
5 51 10 14 4 3 1 
1 44 40 1 2 
44 43 1 
4 55 18 5 6 
3 50 35 
2 57 24 3 2 
6 3 50 11 4 6 8 
1 47 5 8 19 5 2 1 
2 81 1 3 1 
20 43 19 3 1 1 1 
1 41 8 17 9 3 4 3 1 1 
71 3 10 1 3 
52 15 14 6 1 
1 41 18 3 5 2 9 7 2 
1 86 1 
2 50 25 1 6 1 3 
1 42 42 2 1 
2 75 5 6 
1 47 1 38 1 
2 26 39 1 7 10 1 2 
4 30 52 1 1 
1 76 11 
1 84 3 
1 11 13 14 3 46 
1 63 18 1 4 1 
1 33 8 46 
1 87 
2 37 7 11 15 7 4 4 1 
1 74 13 
1 55 32 
1 29 5 48 2 2 1 
2 15 43 21 4 2 1 
45 17 12 13 1 
72 6 2 5 3 
2 55 11 10 10 
88 
6 42 29 7 4 
5 77 2 3 1 
1 67 11 2 7 
5 82 1 
1 41 46 
2 37 25 9 9 1 4 1 
83 3 2 
22 20 7 21 7 1 10 
1 72 15 
33 33 18 3 1 
3 36 46 1 2 
1 72 15 
1 77 1 7 2 
3 10 44 19 7 5 
5 63 17 1 2 
1 53 18 11 2 1 2 
1 5 26 8 46 1 1 
1 83 1 1 2 
1 27 10 36 6 1 1 1 1 1 1 1 1 
9 7 9 59 2 2 
2 30 52 3 1 
1 55 22 5 3 1 1 
1 12 73 2 
2 19 13 21 21 6 6 
5 60 9 8 6 
1 76 11 
3 35 42 7 1 
1 5 73 7 2 
2 44 7 21 10 4 
88 
1 34 10 12 16 8 7 
16 69 1 2 
82 5 1 
1 68 18 1 
2 78 4 4 
3 32 45 6 2 
6 56 13 12 1 
52 5 21 3 5 1 1 
1 69 7 1 10 
1 60 27 
2 59 6 18 1 1 1 
2 74 5 6 1 
38 11 3 14 13 5 4 
1 3 60 10 13 1 
1 26 38 19 4 
4 45 5 32 2 
1 47 30 1 9 
6 21 59 1 1 
1 36 34 4 6 7 
8 32 32 14 2 
11 10 3 40 5 1 16 1 1 
1 75 3 2 5 1 1 
21 49 4 12 2 
11 56 11 4 5 1 
1 6 12 20 22 9 8 9 1 
1 22 52 2 2 2 6 1 
1 13 40 2 3 22 4 2 1 
1 78 9 
3 69 4 3 6 1 1 1 
2 1 11 5 2 12 31 2 12 6 2 1 1 
7 59 10 9 1 1 1 
42 26 19 1 
3 23 8 9 1 37 2 5 
9 22 57 
19 45 23 1 
5 3 34 17 5 21 3 
1 82 3 2 
1 85 2 
1 86 1 
9 69 10 
5 38 1 28 11 4 1 
1 12 70 5 
1 13 5 18 7 1 20 20 1 2 
1 26 3 34 24 
2 83 1 2 
5 18 27 35 3 
1 53 30 1 2 1 
13 5 12 8 43 2 5 
5 56 27 
3 58 22 4 1 
1 3 27 56 1 
1 67 17 1 2 
20 37 13 12 4 2 
4 18 10 30 2 13 11 
1 29 28 4 1 15 6 4 
9 20 51 5 3 
15 37 20 9 4 3 
13 47 15 13 
1 48 25 3 9 2 
65 4 14 1 3 1 
3 43 18 22 2 
3 30 54 1 
28 12 8 34 6 
1 33 38 7 3 4 2 
2 78 8 
4 34 17 9 3 9 7 4 1 
2 12 50 16 7 1 
2 46 17 7 9 3 4 
7 47 30 1 2 1 
9 64 6 2 2 2 3 
3 3 10 40 27 2 2 1 
1 69 17 1 
4 53 20 4 2 5 
47 10 22 2 5 2 
2 41 9 19 16 1 
55 18 6 1 2 6 
1 46 31 9 1 
2 54 22 2 8 
28 20 31 9 
6 44 20 15 1 1 1 
1 31 49 7 
40 42 5 1 
8 27 51 2 
5 62 12 5 4 
47 17 16 7 1 
1 16 52 6 4 3 3 2 1 
1 52 1 24 9 1 
8 2 15 49 9 4 1 
1 24 34 15 14 
2 64 14 8 
1 77 1 5 4 
1 81 3 2 1 
1 73 13 1 
17 8 49 12 2 
8 53 5 13 8 1 
4 63 18 2 1 
20 61 1 3 1 1 1 
1 32 14 8 26 6 1 
11 60 13 4 
12 41 26 4 4 1 
1 28 51 5 3 
4 64 1 11 2 1 5 
1 81 6 
4 62 1 8 6 2 3 1 1 
2 4 22 9 5 14 30 2 
1 86 1 
1 40 10 29 2 6 
4 68 8 3 4 1 
2 65 14 7 
2 9 33 36 4 1 2 1 
5 3 5 30 37 7 1 
13 62 2 3 6 1 1 
3 35 21 11 18 
1 56 31 
1 76 10 1 
7 16 57 6 2 
3 54 5 6 2 12 4 2 
3 25 34 21 3 1 1 
1 29 49 6 1 1 1 
86 1 1 
88 
20 55 5 8 
1 74 6 7 
1 56 31 
61 7 18 2 
4 83 1 
2 75 7 3 1 
3 58 10 1 15 1 
1 33 10 17 27 
3 25 15 12 29 1 1 2 
1 79 8 
28 16 36 4 2 2 
1 59 1 5 17 4 1 
10 5 62 3 4 3 1 
1 73 4 6 4 
1 62 7 6 8 1 1 2 
52 1 20 11 2 2 
1 67 15 2 1 2 
85 1 1 1 
6 69 11 2 
1 35 43 9 
88 
18 29 37 4 
1 46 13 2 8 17 1 
15 21 35 4 2 4 1 6 
1 48 29 4 2 3 1 
9 46 31 2 
88 
25 63 
1 20 5 14 36 10 2 
1 45 12 26 4 
1 78 3 2 3 1 
2 28 31 13 14 
2 39 14 33 
3 5 33 6 28 11 2 
1 5 59 15 4 4 
80 6 1 1 
81 4 3 
5 50 19 4 2 5 1 1 1 
1 80 7 
1 7 6 66 4 3 1 
2 69 6 1 2 2 2 2 1 1 
2 45 29 1 6 3 1 1 
1 27 41 13 6 
12 75 1 
2 29 33 2 9 9 3 1 
11 50 18 1 5 1 2 
10 30 16 12 17 2 1 
3 29 56 
12 43 8 19 3 1 1 1 
3 31 48 5 1 
2 7 64 10 5 
3 81 4 
61 24 2 1 
1 60 18 2 5 1 1 
42 27 19 
4 35 32 12 4 1 
2 11 42 28 1 2 2 
5 83 
2 67 19 
6 55 3 12 11 1 
2 26 10 49 1 
2 27 57 1 1 
5 69 4 8 1 1 
78 10 
3 71 13 1 
1 55 19 4 2 4 1 1 1 
1 39 40 3 4 1 
1 52 11 3 20 1 
1 72 6 7 1 1 
1 38 49 
1 61 26 
88 
1 67 18 1 1 
1 33 30 12 9 1 2 
1 86 1 
1 79 2 4 2 
4 58 13 12 1 
2 39 26 20 1 
2 11 33 27 13 2 
31 22 8 8 11 2 2 1 2 1 
1 18 39 23 7 
4 14 13 51 6 
3 67 18 
37 51 
3 48 36 1 
5 43 38 2 
2 2 30 29 12 7 5 1 
2 2 51 4 28 1 
3 34 16 24 11 
1 4 40 25 16 1 1 
1 82 1 2 1 1 
29 27 32 
1 76 2 4 2 2 1 
2 76 4 2 1 2 1 
8 18 14 22 26 
11 49 28 
2 3 60 14 8 1 
88 
2 20 61 3 2 
1 23 47 1 7 7 2 
2 67 7 2 7 3 
9 55 5 5 8 2 2 2 
8 74 5 1 
2 77 9 
70 4 9 3 1 1 
1 25 49 10 1 2 
20 49 15 2 1 1 
3 75 2 7 1 
1 4 26 9 22 3 18 5 
2 32 17 16 10 2 2 4 1 2 
1 85 2 
32 48 8 
11 66 8 2 1 
1 58 4 4 10 6 1 4 
1 25 22 8 32 
42 33 9 2 2 
7 8 33 31 2 5 2 
49 27 12 
6 23 55 1 3 
2 48 24 8 4 1 1 
4 18 64 2 
1 76 11 
83 5 
1 82 5 
1 65 4 11 3 2 2 
3 75 1 3 6 
42 8 1 14 9 3 2 3 2 2 1 1 
13 70 2 2 1 
11 45 9 1 12 10 
7 68 11 1 1 
57 5 20 5 1 
1 48 4 23 2 7 2 1 
11 52 4 15 6 
22 49 6 10 1 
7 19 24 27 11 
2 64 9 1 2 4 1 2 3 
80 4 2 2 
3 14 19 42 4 4 1 1 
2 46 25 12 2 1 
24 63 1 
1 18 66 1 1 1 
1 20 25 14 1 23 4 
2 19 12 40 10 3 2 
2 62 3 8 4 8 1 
1 31 14 25 2 10 3 2 
5 58 21 3 1 
7 6 10 40 25 
5 77 6 
1 15 23 24 22 2 1 
1 1 58 16 11 1 
1 76 3 8 
3 32 1 52 
2 11 57 4 14 
1 57 4 21 5 
1 63 2 15 7 
31 12 9 8 16 4 3 4 1 
1 22 42 14 9 
3 55 18 11 1 
22 19 47 
2 44 42 
1 55 31 1 
73 8 3 4 
12 32 43 1 
73 14 1 
1 81 3 2 1 
3 22 52 7 4 
7 42 21 8 9 1 
30 43 2 6 4 3 
52 24 12 
28 32 21 2 5 
1 19 35 22 11 
1 67 20 
5 23 46 14 
1 19 64 2 1 1 
50 11 26 1 
1 15 38 19 3 4 7 1 
10 10 13 14 14 2 15 3 4 1 2 
1 15 22 20 18 1 7 1 1 2 
4 79 2 1 1 1 
5 37 9 37 
4 38 1 15 26 1 3 
1 12 3 18 36 11 2 5 
9 74 1 1 3 
1 26 54 5 2 
1 85 1 1 
20 52 11 1 2 2 
1 11 14 5 12 29 1 4 1 9 1 
4 8 57 3 10 3 3 
4 12 21 20 21 4 6 
1 45 41 1 
55 15 18 
4 27 20 36 1 
32 21 6 8 11 6 3 1 
1 41 3 41 2 
8 41 37 2 
3 35 46 1 3 
9 47 32 
1 53 24 8 2 
1 74 9 3 1 
4 19 55 10 
59 18 1 6 4 
6 26 32 10 12 1 1 
1 76 1 3 5 1 1 
1 21 66 
3 6 73 5 1 
9 39 35 2 1 2 
1 86 1 
1 25 33 26 3 
1 75 7 2 2 1 
13 71 2 1 1 
3 60 21 2 2 
2 63 6 12 3 1 1 
2 36 37 5 8 
1 57 29 1 
6 62 12 7 1 
35 17 16 16 1 3 
9 22 27 27 2 1 
75 11 1 1 
1 79 1 6 1 
21 42 4 21 
19 1 32 36 
55 27 4 2 
1 55 15 12 5 
1 46 39 1 1 
2 56 9 14 2 1 1 3 
31 56 1 
29 44 2 7 3 1 1 1 
1 12 33 19 7 4 11 1 
2 34 13 38 1 
1 4 35 4 17 25 2 
14 17 55 2 
2 43 34 3 2 3 1 
1 7 18 45 3 4 6 1 2 1 
35 35 8 2 2 5 1 
3 80 5 
1 54 25 4 2 2 
37 43 8 
1 22 11 11 28 3 7 3 2 
1 85 2 
88 
1 63 3 12 9 
1 27 60 
5 42 14 16 5 1 1 2 2 
3 81 2 2 
2 58 15 1 7 3 1 1 
1 59 4 13 11 
2 43 23 8 3 3 5 1 
4 35 48 1 
17 69 2 
8 24 28 2 5 6 5 8 2 
22 53 3 7 1 1 1 
1 59 3 19 4 1 1 
2 23 63 
1 72 15 
1 42 34 3 6 2 
85 2 1 
1 60 27 
2 44 4 35 3 
1 86 1 
1 7 8 29 32 10 1 
11 24 49 2 2 
1 62 5 19 1 
2 56 3 14 5 8 
8 22 58 
2 19 10 27 5 22 2 1 
3 7 31 47 
3 23 45 14 3 
2 56 18 7 4 1 
1 24 32 4 20 4 3 
4 23 8 11 36 6 
36 34 16 1 1 
2 82 4 
1 54 8 3 16 1 5 
26 53 8 1 
1 33 54 
57 21 6 1 3 
31 11 33 7 6 
1 66 20 1 
6 39 39 4 
1 67 14 6 
3 52 27 2 3 1 
1 73 14 
1 9 71 6 1 
1 6 13 31 7 4 18 6 1 1 
1 83 4 
63 16 7 2 
1 67 12 1 2 1 1 3 
1 13 29 4 4 21 1 10 5 
14 2 31 13 7 21 
4 59 14 7 4 
1 75 2 4 1 4 1 
3 52 33 
3 84 1 
1 63 2 13 7 1 1 
5 29 19 4 7 24 
64 1 13 5 2 1 1 1 
2 2 21 46 1 11 5 
8 33 32 10 2 1 2 
10 52 3 18 3 2 
1 44 43 
2 19 32 34 1 
1 75 1 7 3 1 
1 54 10 11 12 
18 4 66 
2 81 4 1 
2 77 4 5 
3 44 32 9 
3 29 6 12 8 12 15 1 2 
15 35 12 16 6 1 1 2 
34 32 14 5 2 1 
4 78 1 4 1 
2 81 2 3 
2 68 3 9 2 1 3 
2 1 41 38 1 3 2 
1 64 6 3 6 7 1 
4 54 24 6 
4 32 39 3 7 1 2 
4 43 2 33 4 1 1 
1 45 1 29 5 7 
20 10 18 28 12 
2 29 16 36 1 4 
1 5 7 44 3 6 21 1 
19 8 3 46 3 5 1 2 1 
2 23 6 55 2 
71 9 2 3 3 
32 19 10 23 4 
1 76 2 6 3 
2 27 48 11 
10 66 3 4 1 3 1 
1 32 49 3 1 1 1 
2 3 77 6 
10 78 
3 78 2 3 2 
1 18 68 1 
2 56 19 7 2 1 1 
40 22 14 10 2 
3 70 11 2 1 1 
55 32 1 
1 7 4 50 21 1 4 
1 4 48 4 21 5 5 
9 38 40 1 
1 12 3 48 6 4 5 8 1 
3 53 3 19 8 1 1 
2 68 7 1 7 1 2 
2 78 8 
88 
3 42 39 2 1 1 
31 2 54 1 
10 38 16 21 3 
3 6 71 6 2 
1 59 22 4 1 1 
1 56 26 4 1 
85 2 1 
2 28 21 36 1 
15 10 53 10 
15 14 43 12 2 2 
1 41 3 42 1 
2 77 7 2 
1 45 39 2 1 
1 46 14 15 10 2 
1 51 9 4 15 5 1 2 
1 76 2 2 4 3 
87 1 
60 20 7 1 
1 64 23 
1 23 2 7 34 10 10 1 
1 31 26 17 13 
3 13 61 9 2 
1 73 5 3 3 3 
2 3 45 2 33 3 
34 36 11 1 5 1 
1 6 69 5 6 1 
2 5 70 3 5 3 
1 70 10 4 2 1 
3 7 72 2 1 1 1 1 
88 
4 6 16 58 4 
1 65 22 
8 50 21 7 1 1 
4 77 7 
1 45 25 12 5 
4 40 1 20 9 14 
1 68 14 4 1 
1 79 3 4 1 
1 77 1 3 5 1 
4 14 33 33 4 
2 33 42 3 3 4 1 
1 8 76 1 2 
42 3 13 15 2 4 6 2 1 
2 20 48 7 3 3 4 1 
2 14 60 9 3 
2 23 36 4 12 4 5 2 
11 27 17 30 3 
1 11 41 21 14 
1 25 30 22 7 2 1 
1 57 3 3 2 4 5 6 4 2 1 
