1 44 3 11 11 16 2 1 
15 25 2 30 10 1 5 1 
1 87 1 
1 6 64 9 8 1 
21 23 31 3 5 3 2 1 
2 64 21 1 1 
5 16 36 10 22 
2 59 6 15 4 1 2 
2 18 6 27 5 17 13 1 
1 79 8 1 
1 31 39 14 3 1 
4 18 58 3 5 1 
3 3 33 32 14 4 
1 83 3 2 
1 87 1 
11 69 7 1 1 
1 41 22 21 3 1 
2 60 18 5 1 1 1 1 
7 70 12 
39 5 24 19 1 1 
1 38 33 12 5 
71 5 11 2 
1 51 37 
2 41 9 22 3 12 
1 76 12 
1 27 61 
2 55 25 6 1 
3 66 20 
1 5 34 25 4 6 6 7 1 
54 24 5 6 
1 66 15 7 
5 56 27 1 
5 32 33 6 6 6 1 
26 55 4 2 2 
82 5 2 
77 12 
3 27 15 10 34 
2 77 3 6 1 
3 65 1 12 6 1 1 
36 27 16 9 1 
6 65 5 11 2 
2 23 37 12 3 6 2 4 
1 53 23 2 8 2 
3 80 6 
12 44 33 
14 3 53 3 7 3 1 4 1 
2 75 8 4 
2 53 10 2 14 8 
2 60 1 12 5 2 3 3 1 
1 52 16 8 1 8 2 1 
1 41 32 8 6 1 
3 78 7 1 
1 42 27 15 1 2 1 
1 69 14 5 
1 51 37 
1 81 7 
8 48 26 5 2 
1 62 6 1 16 2 1 
1 40 31 10 7 
20 55 10 3 1 
1 53 10 2 4 12 7 
3 17 46 18 2 3 
6 62 8 8 4 1 
49 29 5 1 2 2 1 
5 22 29 4 5 4 16 2 1 1 
4 36 13 28 7 1 
1 80 5 1 2 
8 44 35 1 1 
1 26 26 1 10 1 10 4 6 1 3 
85 3 1 
8 18 40 14 4 2 1 1 1 
1 66 11 9 2 
2 23 9 8 41 1 3 1 1 
2 68 17 1 1 
4 16 38 1 21 3 2 1 2 1 
46 9 32 1 1 
1 45 15 23 5 
5 84 
1 48 13 7 15 3 2 
2 6 77 2 2 
1 26 52 3 6 1 
7 4 8 56 5 5 4 
17 14 22 5 27 2 2 
1 2 86 
1 65 19 1 2 1 
5 7 20 38 19 
4 11 7 26 2 7 3 6 3 5 6 3 4 2 
7 37 14 21 9 1 
13 27 19 22 2 1 5 
1 49 20 19 
2 57 13 13 2 1 1 
1 36 26 26 
1 8 27 3 29 19 1 1 
2 81 4 1 1 
3 5 73 5 3 
1 30 2 3 1 10 25 8 1 1 6 1 
4 6 67 11 1 
2 38 49 
4 67 12 1 5 
2 5 22 48 5 7 
1 12 18 39 7 4 2 3 1 1 1 
3 11 66 3 1 3 1 1 
1 80 6 2 
1 65 13 6 1 2 1 
1 51 33 1 2 1 
1 37 21 10 11 1 3 2 3 
83 4 1 1 
1 63 19 6 
1 40 19 18 10 1 
8 16 64 1 
4 8 1 70 6 
1 31 38 15 3 1 
20 13 13 3 37 1 1 1 
3 20 23 18 6 18 1 
1 61 1 19 1 5 1 
23 7 19 22 6 12 
3 39 21 12 13 1 
27 26 23 10 3 
1 40 11 13 13 8 1 2 
12 53 3 13 3 5 
7 32 40 1 2 2 3 1 1 
2 9 9 14 2 21 14 13 4 1 
3 17 65 4 
23 49 4 8 5 
1 18 9 40 1 8 8 1 3 
2 68 1 16 1 1 
1 11 64 8 4 1 
16 53 1 17 2 
5 42 39 3 
1 56 5 22 1 1 3 
89 
2 59 11 11 6 
2 79 6 2 
2 58 18 2 9 
1 49 33 3 1 1 1 
3 77 7 2 
89 
26 13 26 6 10 6 1 1 
1 54 7 1 11 11 1 1 2 
8 53 18 6 4 
52 8 29 
1 84 4 
67 20 2 
1 49 19 15 5 
8 28 46 2 2 3 
3 39 35 3 2 5 1 1 
1 47 15 6 16 3 1 
1 69 19 
2 21 14 20 27 1 2 1 1 
1 67 21 
1 59 6 16 6 1 
1 82 6 
11 61 9 3 4 1 
1 32 3 3 7 17 23 1 2 
2 17 14 32 11 9 1 1 1 1 
73 16 
1 87 1 
40 9 34 4 2 
5 28 45 2 8 1 
1 58 15 14 1 
51 22 1 4 1 2 2 2 3 1 
82 2 2 1 2 
1 40 13 30 2 2 1 
4 29 11 45 
48 35 2 3 1 
1 21 17 28 22 
85 2 2 
1 20 50 17 1 
1 80 4 1 3 
1 18 43 12 15 
5 74 8 2 
6 35 46 1 1 
60 22 7 
1 16 69 3 
3 60 9 6 4 3 1 2 1 
40 32 1 9 3 3 1 
7 70 1 10 1 
4 69 16 
3 32 49 2 2 1 
57 11 15 4 2 
6 33 4 39 7 
7 61 3 13 1 2 2 
5 8 18 38 20 
3 62 21 2 1 
1 48 27 4 9 
39 37 13 
1 15 59 10 3 1 
1 26 2 2 3 36 6 3 4 5 1 
1 84 2 1 1 
1 6 26 44 7 1 1 1 2 
1 6 5 75 2 
6 80 3 
11 68 8 1 1 
1 14 27 3 29 3 4 2 1 2 3 
26 2 54 3 4 
1 2 67 17 2 
2 14 2 8 13 28 17 1 2 2 
7 53 8 1 6 2 8 3 1 
1 5 54 11 1 14 1 1 1 
1 19 13 15 38 2 1 
4 40 20 17 2 1 5 
3 70 16 
13 41 22 7 6 
3 54 11 13 2 4 1 1 
2 26 5 24 1 24 7 
2 29 25 30 3 
89 
2 24 33 26 1 2 1 
2 87 
2 82 4 1 
8 35 3 25 18 
1 75 1 9 1 1 1 
6 69 5 5 1 1 1 1 
1 19 62 6 1 
29 30 25 1 4 
3 60 17 7 2 
2 46 40 1 
30 48 6 4 1 
1 20 43 3 4 14 2 1 1 
3 52 34 
7 7 3 30 38 2 2 
1 77 3 4 4 
30 49 10 
4 69 10 2 2 1 1 
6 13 23 28 13 5 1 
7 73 8 1 
5 41 6 13 23 1 
11 8 17 13 22 13 5 
2 52 20 3 7 5 
4 39 11 5 20 6 2 1 1 
4 83 2 
1 72 6 3 5 2 
1 34 4 46 2 2 
4 24 56 4 1 
3 23 17 13 28 4 1 
12 66 6 5 
1 43 2 42 1 
3 73 13 
3 56 7 1 5 1 16 
1 1 78 7 1 1 
1 52 8 3 16 2 2 2 3 
2 30 47 4 1 5 
3 64 11 9 2 
5 78 1 1 1 3 
9 21 33 19 6 1 
1 88 
86 1 2 
25 20 35 3 1 5 
88 1 
5 65 19 
2 46 11 24 2 1 3 
4 49 26 10 
1 15 43 18 7 3 1 1 
10 10 52 14 1 1 1 
1 44 21 9 8 3 2 1 
3 24 4 15 19 5 2 5 3 2 3 4 
3 10 69 3 1 2 1 
3 11 42 9 7 12 2 1 1 1 
2 58 29 
6 71 12 
2 46 18 22 1 
4 53 1 11 4 3 11 1 1 
34 24 28 1 1 1 
1 58 5 11 9 5 
1 42 46 
4 58 25 1 1 
1 6 82 
6 1 80 1 1 
17 39 5 7 13 5 1 1 1 
2 66 7 10 3 1 
1 21 28 36 2 1 
2 49 28 8 2 
6 41 8 14 9 11 
10 50 20 3 6 
1 39 6 41 1 1 
19 11 36 20 1 1 1 
1 26 54 4 3 1 
1 49 18 13 8 
70 18 1 
1 16 53 9 1 2 4 2 1 
2 82 5 
7 23 9 14 19 2 2 11 2 
4 28 3 39 6 4 2 2 1 
87 1 1 
1 49 2 29 6 1 1 
6 44 8 28 3 
1 56 3 19 5 1 3 1 
17 3 67 2 
1 9 14 19 10 8 8 7 8 1 1 1 1 1 
5 42 42 
3 48 24 6 6 1 1 
1 59 23 5 1 
4 43 12 14 9 5 2 
2 65 10 2 2 4 4 
20 27 35 1 5 1 
1 70 5 11 2 
3 78 7 1 
13 63 12 1 
1 36 52 
2 81 5 1 
26 11 52 
89 
1 34 9 31 3 8 1 1 1 
83 2 2 2 
4 33 2 26 24 
1 14 72 2 
2 23 14 14 16 13 4 3 
1 85 3 
18 40 28 2 1 
2 56 9 22 
1 82 2 4 
20 47 16 3 3 
46 23 13 5 2 
12 22 55 
1 29 54 2 1 2 
1 61 17 4 5 1 
20 60 2 5 1 1 
2 80 7 
43 29 7 5 2 1 1 1 
1 23 47 3 4 3 1 3 2 2 
1 13 75 
1 59 18 9 2 
1 85 1 2 
2 56 7 11 11 1 1 
1 73 5 5 2 2 1 
1 16 30 38 3 1 
1 5 48 1 10 14 3 2 1 1 2 1 
3 65 12 5 3 1 
67 10 3 4 1 1 1 1 1 
18 26 4 15 21 1 4 
1 32 15 18 14 6 3 
6 8 66 2 7 
1 58 2 4 23 1 
20 49 6 7 7 
1 13 31 14 18 10 2 
1 39 38 10 1 
11 56 16 6 
1 13 44 2 11 14 4 
87 2 
3 65 20 1 
5 64 5 11 4 
1 13 27 36 7 2 3 
1 70 9 3 4 1 1 
5 25 48 1 1 4 3 2 
1 60 16 2 1 5 1 2 1 
4 44 33 6 1 1 
1 79 1 8 
1 11 76 1 
3 6 32 1 13 13 9 4 4 2 1 1 
2 22 40 21 2 2 
44 15 13 16 1 
1 54 14 2 11 6 1 
1 88 
2 55 16 3 3 5 5 
3 69 10 2 3 2 
2 42 45 
9 70 6 3 1 
6 44 3 28 6 1 1 
3 6 20 22 7 28 2 1 
4 14 56 8 7 
1 81 7 
1 73 9 6 
31 28 1 29 
3 17 69 
70 16 1 1 1 
1 73 2 12 1 
1 51 25 12 
1 43 41 3 1 
8 25 21 4 20 6 5 
8 61 10 8 2 
1 18 36 3 4 6 17 3 1 
1 24 62 1 1 
1 77 6 5 
2 58 20 7 2 
47 21 21 
1 87 1 
1 2 14 45 1 11 5 1 4 5 
1 13 26 46 1 2 
1 78 6 3 1 
7 9 48 10 5 6 1 3 
23 12 34 2 7 7 3 1 
32 42 2 3 6 1 3 
1 74 13 1 
72 8 9 
1 65 18 1 3 1 
1 85 3 
1 49 39 
1 35 46 7 
16 43 12 1 8 2 2 1 1 1 1 1 
1 68 10 10 
2 76 11 
1 59 29 
1 6 21 12 5 17 20 3 3 1 
1 51 21 4 7 1 1 1 2 
13 16 46 9 4 1 
4 66 1 16 2 
1 24 21 23 11 4 3 2 
2 49 34 1 2 1 
58 10 13 4 1 2 1 
4 45 31 5 4 
1 27 12 16 21 8 1 2 1 
1 25 57 2 2 1 1 
6 59 10 10 4 
2 12 47 15 13 
1 38 38 9 3 
1 11 24 34 5 10 2 2 
1 47 9 5 3 24 
1 13 38 30 3 2 1 1 
1 13 58 3 6 6 1 1 
72 6 9 2 
76 13 
7 4 9 19 46 1 1 1 1 
1 57 24 5 2 
87 2 
2 67 20 
1 23 22 7 10 13 6 3 1 1 1 1 
1 84 2 1 1 
2 81 6 
2 41 46 
1 80 2 5 1 
12 73 4 
3 48 30 1 2 4 1 
89 
83 4 2 
7 14 10 5 31 2 16 3 1 
3 24 32 18 10 1 1 
6 72 3 8 
1 36 18 29 5 
3 50 36 
1 16 56 6 7 3 
7 22 50 2 5 1 1 1 
1 72 15 1 
3 42 18 19 4 3 
29 47 1 4 2 1 5 
2 55 25 2 2 3 
1 86 1 1 
1 63 5 9 1 4 5 1 
9 53 2 10 1 9 4 1 
1 60 28 
13 5 58 13 
22 67 
2 5 71 11 
7 67 15 
4 55 10 10 10 
6 66 2 13 1 1 
1 76 4 7 1 
8 12 26 12 18 5 2 4 1 1 
89 
1 28 31 15 3 1 9 1 
1 30 57 1 
1 55 33 
1 38 4 22 16 6 2 
4 58 26 1 
1 62 2 6 18 
2 46 5 8 28 
6 37 9 5 32 
1 55 23 4 3 2 1 
2 26 9 22 30 
1 46 21 17 1 1 2 
2 8 38 27 10 2 2 
1 75 8 2 3 
6 70 8 5 
4 19 11 47 8 
1 7 55 21 3 2 
21 41 2 9 7 7 1 1 
9 45 33 1 1 
1 82 3 2 1 
10 3 16 49 1 8 1 1 
1 47 16 17 2 3 3 
8 38 2 24 17 
3 59 1 23 3 
1 40 11 11 14 12 
21 30 18 8 5 7 
28 51 2 4 2 1 1 
1 21 53 3 8 2 1 
49 21 19 
34 12 29 2 8 4 
10 59 9 5 1 2 2 1 
17 38 15 8 1 3 2 1 2 2 
16 6 18 4 15 4 12 13 1 
1 10 12 54 11 1 
2 2 51 30 2 2 
1 66 17 1 2 1 1 
1 38 42 4 1 1 1 1 
48 28 3 9 1 
15 43 21 5 2 2 1 
1 47 31 3 1 3 3 
5 34 50 
1 12 21 55 
3 43 10 20 2 6 1 4 
5 10 32 9 32 1 
1 12 68 5 1 2 
3 38 36 8 2 1 1 
1 68 9 2 9 
6 76 7 
1 83 1 4 
1 86 2 
1 73 15 
1 32 1 55 
4 35 48 1 1 
2 6 30 23 13 2 10 2 1 
3 29 43 3 11 
62 13 14 
1 24 26 6 13 17 2 
1 38 33 17 
3 38 26 22 
53 24 12 
1 84 4 
2 58 7 20 1 1 
3 40 32 5 4 5 
1 1 30 9 27 12 7 1 1 
2 47 19 16 2 3 
2 35 6 28 17 1 
1 38 48 2 
34 39 16 
1 20 53 12 3 
65 11 12 1 
1 35 1 9 20 16 6 1 
1 64 19 2 3 
25 57 6 1 
1 48 20 5 13 1 1 
33 43 12 1 
12 49 4 2 2 20 
6 83 
1 2 20 30 24 9 1 2 
9 45 35 
2 66 13 5 3 
1 68 4 3 12 1 
3 34 41 1 5 1 4 
1 21 1 11 29 8 2 16 
43 42 4 
15 6 11 17 18 13 9 
7 80 1 1 
1 47 39 2 
1 39 29 15 4 1 
80 4 1 4 
1 71 5 4 3 2 3 
4 79 6 
1 25 26 18 2 17 
2 82 3 2 
1 11 24 18 12 2 3 12 3 1 2 
56 14 5 4 5 1 3 1 
1 84 4 
27 57 4 1 
6 33 29 20 1 
1 17 45 1 2 7 16 
1 36 1 25 6 4 6 2 1 5 2 
2 72 15 
26 4 46 8 2 2 1 
11 75 1 2 
2 11 49 10 2 14 1 
1 71 12 5 
1 30 20 33 3 2 
1 80 1 4 2 1 
4 23 50 9 1 1 1 
6 45 35 1 2 
6 2 23 13 21 23 1 
89 
67 18 2 1 1 
4 32 51 2 
4 38 18 6 10 2 6 4 1 
1 20 18 1 24 13 5 7 
1 8 39 14 17 10 
8 69 6 5 1 
2 69 15 2 1 
4 41 13 8 16 2 2 1 2 
1 84 4 
1 55 9 7 4 2 2 6 3 
2 46 41 
1 10 14 10 13 6 21 3 6 5 
6 27 22 1 2 18 1 9 3 
1 63 25 
1 18 57 6 6 1 
1 66 6 1 11 4 
3 52 26 7 1 
2 58 23 4 2 
1 43 32 2 10 1 
2 14 19 6 4 20 10 2 7 1 2 1 1 
5 82 1 1 
2 45 25 16 1 
89 
59 18 4 2 1 4 1 
1 42 45 1 
1 49 3 36 
2 71 7 5 2 2 
23 19 8 15 12 7 1 1 1 2 
12 48 5 17 2 3 1 1 
2 17 6 20 11 13 16 2 2 
5 3 62 1 1 5 12 
1 84 4 
1 53 35 
1 78 5 5 
17 66 6 
1 31 21 19 8 4 4 1 
4 52 20 7 5 1 
8 22 6 45 4 2 2 
3 17 38 26 2 3 
1 56 1 5 9 1 12 2 2 
3 74 1 2 7 1 1 
4 82 3 
1 5 1 68 13 1 
2 43 44 
1 84 3 1 
3 24 22 36 4 
7 71 2 5 2 2 
14 57 7 5 3 3 
1 32 21 12 16 5 1 1 
2 66 2 9 1 7 2 
2 86 1 
1 71 8 6 1 2 
14 19 10 40 2 2 1 1 
1 21 2 10 30 25 
21 40 5 21 2 
6 74 8 1 
6 9 72 1 1 
1 6 37 27 1 1 12 1 2 1 
1 35 47 6 
10 14 34 15 8 4 3 1 
89 
42 33 6 8 
1 17 17 39 14 1 
1 69 14 4 1 
2 81 4 2 
2 7 4 29 32 6 2 1 2 1 1 1 1 
18 67 1 1 1 1 
54 4 10 6 4 2 8 1 
1 63 20 1 3 1 
1 80 3 1 4 
57 30 1 1 
4 24 47 12 2 
1 74 5 9 
2 41 28 15 2 1 
1 10 32 45 1 
20 56 1 10 2 
28 12 3 22 10 8 1 1 4 
15 22 11 4 3 9 14 7 2 1 1 
1 13 30 18 15 2 10 
2 72 1 13 1 
1 47 29 11 1 
2 12 48 18 9 
21 12 26 17 10 3 
1 42 41 4 1 
1 41 1 24 18 2 1 1 
4 76 7 2 
4 14 39 10 5 3 3 6 5 
1 66 6 12 4 
1 82 1 4 1 
14 31 8 31 2 2 1 
1 86 2 
4 35 27 22 1 
1 34 54 
2 86 1 
1 69 11 8 
3 75 11 
4 62 9 3 3 7 1 
1 25 59 3 1 
25 27 27 8 2 
55 28 3 3 
1 9 49 10 20 
13 31 40 5 
1 9 56 7 10 2 1 3 
16 16 17 23 3 14 
1 14 34 36 3 1 
1 23 49 12 1 1 2 
1 52 17 16 3 
2 85 1 1 
44 28 15 2 
1 10 31 22 16 1 1 5 1 1 
1 36 20 11 3 17 1 
11 36 9 9 4 4 9 4 3 
1 60 3 21 2 2 
3 2 21 60 3 
8 57 1 22 1 
86 3 
1 77 6 4 1 
2 80 4 1 2 
4 23 60 2 
1 80 4 2 2 
74 5 10 
1 53 22 2 11 
3 75 7 4 
1 53 12 4 12 3 4 
1 55 19 12 2 
4 34 17 32 1 1 
1 78 6 4 
2 17 62 1 2 4 1 
4 1 78 1 5 
2 67 19 1 
2 84 2 1 
1 40 23 3 9 7 4 1 1 
1 80 7 1 
1 62 24 1 1 
1 17 19 33 1 3 4 8 2 1 
12 4 56 15 2 
3 71 9 4 2 
54 33 1 1 
1 46 20 9 11 1 1 
4 68 16 1 
1 69 18 1 
1 21 19 14 15 15 1 1 2 
1 44 8 15 12 4 5 
1 54 34 
1 13 42 29 3 1 
41 21 8 4 10 4 1 
3 35 18 18 2 3 4 4 1 1 
2 61 26 
2 67 16 2 2 
1 31 57 
2 20 67 
2 81 1 1 3 1 
3 66 19 1 
1 32 36 17 3 
1 18 4 24 24 2 15 1 
1 49 35 2 2 
33 11 16 7 22 
3 18 30 5 10 11 12 
1 28 37 23 
15 44 21 7 1 1 
10 57 20 1 1 
14 42 13 17 1 2 
1 55 6 13 9 2 3 
1 4 43 29 10 2 
1 26 18 13 8 6 4 4 2 2 1 1 3 
18 24 31 1 13 2 
1 17 66 4 1 
1 37 14 18 15 2 2 
1 67 1 14 6 
2 7 4 25 11 18 2 5 3 6 3 1 2 
1 82 6 
11 31 46 1 
1 41 3 18 6 7 9 2 2 
10 5 21 28 25 
6 79 4 
1 67 20 1 
1 13 72 1 2 
75 11 1 2 
3 11 70 3 1 1 
1 77 11 
28 58 2 1 
1 71 5 12 
10 27 10 28 3 1 10 
7 71 5 6 
34 55 
2 39 44 1 3 
80 2 5 1 1 
1 30 58 
7 19 3 2 29 5 4 5 4 2 3 3 1 2 
1 7 27 25 6 5 14 4 
5 44 30 9 1 
3 7 33 38 1 5 2 
2 86 1 
4 51 16 2 3 5 3 2 1 2 
1 59 26 2 1 
12 42 35 
79 1 9 
1 49 33 1 5 
1 57 7 18 6 
9 49 31 
67 13 1 1 7 
84 1 1 3 
3 79 2 1 2 2 
36 10 26 2 2 1 3 2 3 2 1 1 
4 79 6 
6 65 2 7 3 1 1 4 
2 51 9 6 3 15 2 1 
13 32 2 17 21 2 2 
23 23 35 6 2 
38 26 18 4 3 
1 79 4 3 1 1 
5 33 39 10 2 
89 
15 40 34 
83 6 
27 54 6 2 
1 37 15 27 3 6 
4 80 4 1 
4 74 8 3 
23 46 16 2 2 
35 7 24 2 10 7 2 1 1 
1 29 32 21 1 1 1 1 1 1 
6 30 1 27 3 5 1 9 4 1 2 
3 50 35 1 
14 45 25 2 3 
87 1 1 
6 22 61 
1 45 31 12 
1 31 17 13 6 12 3 3 3 
2 34 25 11 5 4 7 1 
2 24 9 29 25 
3 63 13 1 7 2 
1 80 7 1 
1 53 35 
3 8 53 12 3 8 2 
5 70 2 12 
2 58 14 2 13 
1 50 35 2 1 
4 68 10 7 
3 65 13 1 2 4 1 
4 4 39 13 25 2 2 
1 32 26 7 20 3 
8 78 1 2 
36 11 13 6 1 20 1 1 
23 20 6 40 
2 10 30 6 15 25 1 
1 12 32 21 5 8 3 1 4 1 1 
2 1 83 2 1 
24 26 13 16 3 4 3 
6 60 22 1 
3 85 1 
1 80 2 2 2 2 
7 1 2 40 33 4 1 1 
1 12 62 8 5 1 
7 37 21 20 2 1 1 
5 35 34 13 1 1 
3 32 31 18 1 1 1 1 1 
1 31 4 42 2 3 6 
2 61 8 12 1 2 1 2 
1 25 9 29 12 12 1 
9 78 1 1 
2 36 48 1 2 
3 10 57 18 1 
2 70 14 2 1 
23 17 34 2 11 1 1 
3 77 1 4 2 1 1 
34 33 22 
20 21 27 10 8 3 
4 29 41 15 
1 67 15 2 4 
1 1 26 10 11 36 4 
52 20 8 2 1 3 1 1 1 
2 24 4 27 17 12 2 1 
14 11 13 4 8 2 16 8 9 1 3 
10 50 3 4 22 
7 35 31 4 12 
1 30 58 
86 3 
1 47 34 5 2 
3 56 14 7 9 
6 15 35 23 2 4 3 1 
1 74 12 1 1 
1 41 10 2 19 9 7 
16 64 9 
9 25 55 
76 10 2 1 
17 42 15 11 3 1 
42 28 14 5 
2 48 9 3 22 2 2 1 
51 30 7 1 
1 30 14 10 8 12 1 9 4 
1 54 20 13 1 
1 64 13 3 7 1 
1 28 60 
19 61 2 4 3 
8 49 29 1 1 1 
1 60 23 3 1 1 
18 42 11 5 7 5 1 
88 1 
10 46 28 2 2 1 
30 11 41 1 4 2 
2 84 2 1 
1 24 9 25 27 2 1 
52 6 28 1 2 
7 27 30 1 6 15 1 2 
2 22 32 11 18 2 1 1 
3 79 7 
1 58 4 18 6 1 1 
5 30 9 5 23 6 5 1 1 3 1 
1 60 6 20 1 1 
2 11 39 2 11 3 18 2 1 
1 7 80 1 
10 38 4 8 20 7 1 1 
3 49 4 17 10 4 2 
1 69 5 8 1 3 2 
1 24 25 24 14 1 
5 71 6 2 4 1 
1 37 50 1 
1 42 27 4 12 1 2 
2 66 11 3 2 1 1 1 2 
2 31 43 11 1 1 
58 13 2 3 11 1 1 
4 32 42 8 3 
1 34 9 2 18 7 14 2 2 
66 8 13 2 
70 17 2 
61 5 6 5 3 7 2 
5 73 2 1 3 2 2 1 
3 16 12 5 21 6 6 8 5 5 2 
8 17 35 18 2 9 
6 81 1 1 
6 73 6 4 
1 41 45 1 1 
1 62 26 
1 2 45 17 7 5 12 
2 4 31 32 20 
4 58 6 11 9 1 
1 3 57 19 8 1 
1 57 9 4 5 4 5 3 1 
36 51 2 
3 61 25 
1 32 52 2 2 
2 1 5 81 
3 55 16 8 7 
4 63 18 1 3 
1 88 
1 84 4 
50 34 5 
2 27 41 19 
1 41 19 22 4 1 1 
21 63 2 1 1 1 
17 8 39 8 14 3 
3 8 15 21 18 10 9 1 3 1 
1 33 55 
1 18 33 2 21 12 2 
1 1 14 36 7 15 9 5 1 
89 
76 4 1 3 3 1 1 
2 36 27 11 9 2 1 1 
1 85 1 1 1 
1 24 28 17 7 3 8 1 
6 40 43 
1 14 6 44 20 4 
1 16 13 8 31 4 4 12 
1 80 8 
3 1 38 37 8 1 1 
1 58 29 1 
1 54 15 12 1 3 1 2 
9 28 52 
5 16 55 6 2 1 4 
1 72 6 6 4 
6 45 20 15 1 2 
24 31 7 10 16 1 
2 28 58 1 
2 70 17 
8 20 24 2 20 2 7 1 5 
1 31 6 8 16 24 3 
5 22 13 29 14 6 
1 42 29 13 2 2 
1 66 18 3 1 
1 21 56 9 1 1 
85 3 1 
81 2 4 1 1 
1 20 28 38 1 1 
1 83 2 1 2 
1 15 73 
9 39 37 3 1 
4 47 34 2 2 
6 66 1 6 6 3 1 
7 13 14 52 1 2 
26 61 1 1 
1 12 2 22 38 5 5 1 3 
1 55 7 2 18 2 4 
10 30 3 16 4 4 18 2 1 1 
32 8 32 12 4 1 
1 27 52 3 5 1 
19 53 8 6 3 
3 34 43 4 5 
3 47 25 1 10 3 
9 51 22 3 4 
4 47 17 11 8 2 
15 40 23 1 10 
1 67 14 2 5 
9 10 27 33 9 1 
2 42 44 1 
70 17 2 
5 36 4 6 20 13 4 1 
1 32 25 5 2 12 8 1 1 1 1 
1 45 7 16 16 1 2 1 
86 1 2 
1 46 11 12 6 3 3 5 2 
7 79 3 
1 53 19 7 1 1 2 4 1 
11 73 5 
1 45 6 1 11 24 1 
2 45 29 12 1 
49 30 1 3 4 2 
2 46 17 2 20 1 1 
1 73 8 3 3 1 
1 41 32 12 1 1 1 
1 12 72 2 1 1 
1 12 41 31 1 1 1 1 
1 44 33 9 2 
2 16 21 3 12 22 2 3 1 1 4 1 1 
5 54 30 
4 12 29 16 14 13 1 
3 84 2 
1 33 49 2 2 2 
66 22 1 
1 4 74 4 4 2 
2 26 38 18 2 3 
1 83 2 3 
2 35 18 12 14 3 1 2 2 
1 21 16 45 5 1 
1 69 1 17 1 
89 
3 8 38 1 10 5 5 7 2 4 3 3 
1 84 2 2 
3 15 31 34 1 1 2 1 1 
5 13 33 1 31 5 1 
1 47 22 1 17 1 
7 25 8 47 2 
2 33 27 27 
6 16 59 1 7 
4 28 9 25 23 
2 45 31 8 3 
1 75 4 1 5 3 
3 73 5 4 1 3 
1 30 4 1 7 2 24 20 
7 44 7 9 7 13 1 1 
36 6 2 8 5 3 4 16 6 2 1 
3 20 14 15 8 13 10 3 1 1 1 
1 70 11 1 5 1 
1 32 2 52 1 1 
2 58 6 23 
35 39 14 1 
4 28 13 35 8 1 
9 43 23 3 9 2 
1 80 6 2 
47 32 4 3 2 1 
12 70 7 
16 42 2 27 2 
68 21 
1 14 58 7 1 7 1 
11 4 34 2 37 1 
62 14 2 8 1 2 
54 32 2 1 
10 73 5 1 
1 16 37 24 8 3 
82 4 3 
9 71 4 2 1 2 
1 49 6 5 2 22 3 1 
4 29 6 30 1 10 7 1 1 
3 75 10 1 
1 42 26 18 2 
50 29 7 2 1 
4 72 13 
2 78 9 
1 53 15 1 9 9 1 
6 8 62 9 4 
1 65 4 16 3 
2 67 8 1 6 1 2 2 
12 61 16 
1 22 66 
3 37 22 12 15 
21 63 2 3 
1 83 5 
2 34 53 
7 56 6 13 3 1 3 
3 71 15 
1 66 17 2 3 
2 18 31 7 31 
6 54 14 13 1 1 
2 87 
11 33 7 22 2 7 3 1 1 2 
1 81 7 
87 1 1 
1 85 2 1 
2 38 11 16 3 15 3 1 
2 75 6 5 1 
1 6 74 7 1 
5 14 6 30 2 21 5 6 
12 29 47 1 
2 10 69 8 
1 46 10 20 8 1 2 1 
57 6 6 8 6 1 3 1 1 
1 5 59 9 14 1 
2 29 10 45 2 1 
34 42 10 2 1 
19 14 32 9 1 12 1 1 
2 19 10 25 12 8 10 1 1 1 
24 40 15 2 7 1 
3 30 56 
2 40 36 10 1 
1 58 26 1 2 1 
4 36 47 1 1 
1 86 1 1 
51 10 11 1 14 1 1 
1 86 1 1 
10 10 30 4 30 3 2 
37 12 5 27 5 3 
1 73 2 6 2 3 2 
2 56 15 1 5 1 7 1 1 
3 33 53 
89 
28 46 2 4 5 1 3 
3 71 12 2 1 
1 45 33 8 1 1 
3 35 51 
63 5 18 3 
1 1 8 70 5 1 1 1 1 
3 84 2 
1 27 45 7 1 3 2 2 1 
24 26 17 13 9 
1 67 21 
3 64 22 
1 14 3 6 5 4 2 6 16 24 1 6 1 
1 32 7 19 1 12 14 1 1 1 
1 20 12 7 34 2 10 2 1 
1 58 30 
2 37 4 12 23 2 2 1 1 3 1 1 
31 50 8 
7 35 13 33 1 
11 43 30 1 3 1 
1 82 1 4 1 
3 40 44 1 1 
1 57 8 11 12 
5 33 45 6 
49 19 21 
1 46 22 18 2 
3 18 44 17 1 4 1 1 
11 42 5 9 15 1 6 
46 4 29 6 2 2 
4 69 6 6 3 1 
3 14 24 44 4 
7 31 21 7 23 
11 36 9 20 9 3 1 
7 58 11 13 
1 2 14 35 8 24 5 
1 84 1 2 1 
2 4 58 3 7 4 5 5 1 
2 43 10 32 2 
1 86 2 
85 2 2 
6 57 16 5 2 2 1 
1 26 62 
1 26 43 11 3 5 
77 11 1 
26 35 9 12 5 2 
53 6 2 6 7 11 3 1 
19 68 1 1 
2 53 12 4 3 13 2 
1 4 46 2 35 1 
1 39 23 14 6 3 1 1 1 
71 3 2 4 9 
26 54 1 5 2 1 
1 63 10 11 4 
15 54 7 11 1 1 
1 56 13 10 7 2 
11 56 2 6 1 13 
1 4 50 27 3 2 1 1 
62 11 7 7 1 1 
4 14 59 6 3 3 
2 30 27 15 10 1 2 2 
86 1 2 
2 81 4 2 
3 49 3 13 5 5 4 1 3 2 1 
1 61 26 1 
39 23 11 6 1 6 2 1 
1 60 4 4 1 7 8 2 1 1 
1 38 7 27 5 9 2 
1 62 18 1 2 5 
2 20 56 4 6 1 
89 
1 38 46 4 
73 9 4 3 
2 23 17 27 6 10 2 1 1 
2 10 77 
30 28 23 4 4 
1 27 22 35 4 
4 35 34 6 4 2 2 1 1 
1 78 4 3 2 1 
4 24 52 6 1 1 1 
89 
4 64 7 5 2 3 1 3 
3 7 79 
1 33 15 28 1 5 4 1 1 
3 42 39 3 2 
1 6 78 3 1 
6 14 59 5 3 1 1 
2 71 16 
16 2 41 11 9 3 3 2 1 1 
58 3 28 
13 64 4 5 1 2 
28 16 33 7 5 
72 4 12 1 
2 35 25 14 9 3 1 
5 79 4 1 
2 18 65 2 1 1 
1 80 5 3 
4 29 34 12 6 1 2 1 
1 34 32 1 14 2 5 
1 25 10 40 1 11 1 
1 6 37 44 1 
1 35 52 1 
4 22 59 4 
26 63 
3 5 32 14 2 1 14 6 3 1 3 4 1 
1 31 55 1 1 
23 9 29 17 11 
21 53 15 
1 33 29 24 1 1 
2 55 25 2 4 1 
6 26 46 1 3 2 1 4 
1 21 6 46 9 6 
9 60 15 3 2 
1 44 35 6 3 
5 48 33 3 
89 
2 87 
17 23 35 3 4 3 3 1 
89 
2 11 47 16 11 1 1 
14 37 10 5 12 1 9 1 
73 16 
3 84 2 
10 63 5 2 5 2 1 1 
3 26 22 37 1 
1 29 26 3 2 17 3 3 3 1 1 
3 78 8 
89 
8 2 31 33 5 10 
2 77 8 2 
1 58 3 18 2 4 3 
16 6 26 30 3 2 2 3 1 
59 18 9 3 
36 30 9 3 4 1 4 2 
1 36 2 16 9 19 1 2 1 2 
84 4 1 
2 9 1 70 5 1 1 
6 59 17 2 1 4 
34 26 17 5 7 
3 21 1 5 33 25 1 
16 45 13 5 3 1 2 4 
4 32 7 4 10 10 22 
76 5 5 2 1 
1 18 16 38 11 3 1 1 
19 58 12 
10 39 14 5 17 2 2 
3 25 6 29 10 13 3 
5 18 8 16 7 5 7 13 3 3 1 1 1 1 
3 24 18 21 4 14 5 
89 
2 17 25 37 3 2 1 2 
78 5 5 1 
8 55 26 
16 61 8 1 3 
1 20 26 41 1 
9 9 71 
14 42 17 9 7 
1 87 1 
5 20 23 17 24 
2 44 37 3 3 
12 58 18 1 
30 40 19 
8 66 15 
29 56 1 1 2 
4 71 12 2 
32 6 7 26 13 5 
1 39 5 11 17 16 
1 7 2 3 45 6 18 7 
1 12 27 36 13 
3 42 42 1 1 
1 70 18 
1 45 10 33 
1 64 12 5 7 
3 7 4 6 15 16 14 3 20 1 
51 13 25 
38 6 14 29 2 
4 32 30 17 6 
7 33 8 6 18 5 2 7 1 2 
1 25 54 1 4 3 1 
2 79 7 1 
9 77 3 
1 38 3 16 23 3 3 1 1 
21 31 12 24 1 
2 74 10 1 2 
11 71 5 1 1 
79 7 3 
12 6 2 68 1 
14 7 31 15 6 2 8 1 2 3 
1 70 18 
2 49 3 7 18 4 6 
1 27 25 1 27 7 1 
6 59 24 
5 26 52 5 1 
1 12 52 14 9 1 
3 18 13 6 22 8 4 10 4 1 
3 12 32 34 4 1 3 
1 53 10 12 13 
1 68 4 5 2 7 2 
4 81 1 1 1 1 
1 20 22 19 25 1 1 
4 38 23 7 17 
8 8 42 13 1 9 6 1 1 
2 78 7 1 1 
3 47 3 8 3 16 8 1 
1 29 56 1 2 
3 15 64 3 1 3 
4 43 1 32 3 3 1 2 
1 84 1 1 1 1 
2 1 19 7 26 13 8 9 2 1 1 
1 55 33 
1 2 21 26 39 
2 30 33 15 9 
2 64 12 4 7 
60 27 1 1 
4 40 25 17 3 
26 25 1 17 15 2 2 1 
1 77 7 4 
89 
18 24 25 15 6 1 
9 9 1 67 1 2 
1 42 45 1 
5 41 3 8 18 6 3 4 1 
1 71 17 
1 87 1 
30 34 25 
2 23 60 4 
2 62 1 1 15 1 5 2 
2 68 2 9 6 1 1 
1 81 1 5 1 
1 54 29 4 1 
2 82 1 3 1 
3 52 10 5 3 8 2 4 2 
3 50 33 3 
1 37 8 14 4 20 5 
17 53 3 9 2 1 3 1 
2 78 9 
1 3 75 10 
1 23 54 9 2 
5 55 6 9 10 3 1 
32 50 7 
11 18 43 15 2 
1 57 12 6 8 5 
2 52 35 
1 61 23 1 3 
6 1 68 13 1 
2 51 36 
5 60 22 1 1 
2 16 38 3 18 3 2 3 3 1 
1 15 26 16 3 5 19 3 1 
1 53 29 1 3 1 1 
2 42 15 14 6 4 5 1 
2 59 26 2 
86 3 
47 2 7 15 13 5 
1 65 5 5 3 2 4 3 1 
74 13 1 1 
2 48 16 22 1 
1 19 34 14 20 1 
1 17 18 51 1 1 
2 16 62 3 4 2 
12 76 1 
1 50 31 5 2 
82 4 3 
1 69 9 9 1 
80 7 2 
89 
1 26 14 24 15 3 6 
1 13 8 21 6 39 1 
1 13 22 11 33 6 1 2 
1 65 3 20 
3 2 29 54 1 
1 76 10 1 1 
83 5 1 
2 21 16 4 8 9 20 6 1 1 1 
3 82 3 1 
2 42 18 12 8 2 3 2 
1 37 51 
1 52 4 20 6 1 3 1 1 
12 63 14 
39 39 7 2 2 
88 1 
3 60 2 15 9 
2 37 41 6 3 
2 11 60 9 5 1 1 
8 77 1 2 1 
1 15 16 42 9 5 1 
6 25 45 10 1 1 1 
3 53 29 1 1 1 1 
6 1 21 6 42 3 1 7 1 1 
2 50 35 1 1 
62 2 16 5 3 1 
5 21 44 14 5 
1 81 7 
88 1 
57 17 5 8 2 
1 86 1 1 
1 43 39 4 2 
1 30 21 4 20 9 3 1 
1 45 11 29 1 2 
66 4 7 12 
1 54 27 6 1 
1 87 1 
1 56 28 2 2 
1 78 2 1 2 1 2 2 
1 26 54 7 1 
5 23 20 31 6 2 2 
3 14 8 63 1 
4 22 36 17 3 2 4 1 
51 18 12 6 2 
2 30 50 3 1 2 1 
6 61 11 11 
45 12 15 5 12 
24 7 30 24 4 
2 48 31 7 1 
1 88 
24 4 23 34 4 
34 32 3 16 1 1 1 1 
3 26 60 
31 9 34 15 
53 6 9 10 11 
87 2 
2 49 34 3 1 
5 38 33 8 2 2 1 
3 52 28 5 1 
1 74 7 5 1 1 
2 14 39 6 28 
11 73 2 3 
3 12 36 4 26 3 3 1 1 
71 10 6 2 
2 59 9 14 5 
1 1 30 52 1 2 2 
8 40 10 29 2 
2 1 86 
1 44 23 5 15 1 
1 27 57 4 
9 12 41 6 11 6 2 1 1 
1 30 37 12 1 4 1 2 1 
1 63 16 7 1 1 
1 37 2 25 1 20 1 1 1 
4 39 35 11 
5 13 20 6 31 6 2 2 2 2 
27 49 4 1 3 4 1 
12 70 1 2 4 
17 7 16 9 10 6 2 8 7 1 6 
2 33 54 
1 50 4 1 20 8 1 2 2 
3 33 25 12 8 1 7 
1 3 37 43 4 1 
1 45 10 29 4 
3 51 4 11 6 2 4 5 3 
53 19 13 1 2 1 
1 41 17 6 12 8 4 
50 9 14 4 2 6 1 3 
1 83 3 1 1 
1 2 31 38 15 2 
3 5 80 1 
88 1 
1 61 9 15 3 
3 33 35 10 8 
7 22 55 4 1 
1 9 31 1 7 8 2 14 10 4 2 
2 87 
1 55 22 2 8 1 
2 68 2 6 9 2 
3 71 15 
15 47 13 9 5 
2 54 23 8 2 
2 10 73 4 
15 10 26 34 1 3 
89 
3 70 6 9 1 
26 58 3 2 
2 32 38 4 2 6 1 1 2 1 
1 62 5 21 
56 1 10 10 11 1 
8 36 9 34 2 
5 77 2 3 2 
1 15 54 15 4 
2 77 5 4 1 
1 14 42 25 2 3 1 1 
5 5 29 49 1 
3 43 19 10 1 2 11 
58 16 15 
3 21 10 45 3 6 1 
2 26 21 11 3 12 6 6 2 
1 19 15 53 1 
5 80 2 1 1 
2 68 17 2 
4 35 5 35 1 2 2 2 2 1 
15 61 12 1 
49 9 2 9 2 16 1 1 
85 1 3 
16 22 49 2 
51 29 5 2 2 
2 72 4 1 9 1 
2 72 3 8 2 1 1 
2 28 50 8 1 
1 36 39 10 3 
3 57 8 16 5 
1 33 13 20 3 11 5 1 1 1 
3 12 14 41 12 1 4 2 
1 3 63 5 12 5 
2 83 1 2 1 
5 66 5 4 7 1 1 
1 14 40 20 6 4 3 1 
1 72 16 
27 39 10 5 4 2 1 1 
2 82 5 
1 10 60 14 3 1 
31 21 29 8 
89 
1 81 7 
1 64 24 
1 69 19 
2 21 6 52 3 3 1 1 
3 55 19 6 2 4 
1 88 
8 56 15 5 2 3 
2 62 22 1 1 1 
1 30 54 2 2 
13 55 18 3 
1 2 76 5 3 1 1 
3 22 33 5 7 16 2 1 
1 65 6 2 8 1 2 3 1 
12 50 10 13 4 
3 33 20 28 3 2 
7 26 44 5 7 
6 74 4 2 3 
1 41 4 24 13 6 
39 50 
1 35 50 3 
15 37 17 5 12 3 
86 1 1 1 
10 32 30 2 11 3 1 
1 26 61 1 
11 26 3 49 
1 57 11 8 5 5 2 
1 79 9 
1 36 46 3 2 1 
20 33 11 3 1 2 16 2 1 
18 33 10 9 3 16 
3 72 10 3 1 
1 71 7 10 
1 12 44 11 10 6 3 2 
3 36 23 14 12 1 
1 17 21 20 22 8 
2 54 31 1 1 
1 5 69 3 8 1 2 
1 37 37 8 6 
2 61 24 2 
1 23 52 7 4 1 1 
1 45 26 1 5 2 4 4 1 
22 2 27 34 3 1 
2 48 22 11 2 2 2 
4 31 45 8 1 
1 24 58 4 2 
1 66 19 2 1 
1 6 24 38 8 3 3 3 3 
17 5 44 15 5 1 2 
5 6 38 40 
4 77 8 
9 6 18 27 8 13 1 1 5 1 
1 78 3 3 1 3 
1 65 10 13 
3 48 38 
1 88 
1 71 5 1 3 1 1 4 1 1 
1 45 43 
12 30 19 14 11 1 2 
1 1 40 11 6 2 7 4 17 
10 70 9 
46 37 1 1 3 1 
65 16 6 2 
32 12 18 26 1 
2 5 4 27 51 
89 
1 4 51 20 6 4 1 1 1 
8 24 49 2 3 1 1 1 
68 1 11 5 1 1 1 1 
1 73 15 
14 31 6 23 4 5 4 1 1 
2 82 3 2 
11 67 10 1 
3 38 42 5 1 
6 79 4 
2 39 3 43 1 1 
1 52 34 2 
1 18 3 47 20 
38 37 14 
4 84 1 
1 47 23 12 4 2 
1 52 36 
2 86 1 
7 73 4 2 3 
1 41 47 
9 54 26 
5 15 17 44 5 3 
1 19 27 30 12 
1 21 24 1 15 18 5 3 1 
2 70 17 
80 8 1 
3 27 4 10 19 3 17 4 2 
1 80 5 2 1 
24 11 54 
2 18 49 16 3 1 
1 25 44 7 11 1 
1 13 20 18 17 4 8 6 2 
1 41 3 2 24 18 
1 72 6 1 4 3 1 1 
2 1 61 19 4 2 
2 3 4 69 5 5 1 
68 17 1 3 
13 61 15 
2 76 3 6 1 1 
15 31 8 9 7 15 4 
22 19 35 13 
1 72 10 6 
17 40 22 1 8 1 
13 13 3 45 8 2 2 2 1 
52 9 16 9 1 2 
1 29 46 12 1 
3 72 2 2 2 3 5 
13 50 14 10 2 
2 59 11 16 1 
1 2 27 21 22 14 1 1 
1 47 38 2 1 
28 44 1 10 3 1 2 
2 50 9 19 6 2 1 
1 62 23 3 
1 55 29 4 
1 7 33 33 2 8 1 1 3 
5 7 19 14 5 2 19 8 7 2 1 
4 8 77 
5 13 20 25 1 11 11 3 
3 49 33 1 2 1 
2 75 10 2 
1 53 32 1 1 1 
2 9 63 11 4 
8 41 1 1 30 1 1 3 2 1 
1 9 20 45 1 4 6 3 
1 18 24 36 1 9 
1 9 28 40 6 1 3 1 
4 33 33 14 4 1 
87 2 
1 76 12 
3 85 1 
4 8 25 48 1 1 2 
1 17 30 30 1 6 3 1 
1 18 35 21 5 7 1 1 
1 45 39 2 2 
1 32 33 21 1 1 
1 23 20 26 6 7 2 1 1 2 
1 3 29 41 1 9 3 2 
6 47 19 10 3 2 1 1 
1 67 18 2 1 
1 59 10 18 1 
1 35 41 4 1 5 1 1 
1 14 51 2 17 3 1 
1 60 2 25 1 
1 75 6 5 1 1 
2 4 80 1 2 
14 42 20 4 6 3 
2 19 15 7 3 38 5 
8 61 12 4 4 
37 23 23 2 4 
6 78 1 2 2 
79 6 4 
2 82 2 3 
11 69 1 3 3 1 1 
8 52 28 1 
1 65 22 1 
4 12 7 22 27 17 
1 27 28 10 1 10 3 1 6 2 
6 28 31 3 4 8 1 1 1 5 1 
1 82 6 
2 39 3 5 17 13 5 5 
4 68 17 
1 22 45 10 1 4 3 1 2 
14 67 5 1 2 
5 57 12 15 
4 61 15 1 2 6 
3 17 20 9 14 3 9 3 10 1 
2 58 20 1 5 1 1 1 
6 26 39 14 1 2 1 
2 29 41 5 7 2 2 1 
3 74 2 2 4 3 1 
1 38 35 7 1 5 1 1 
2 30 57 
1 1 49 23 1 8 2 3 1 
49 39 1 
1 38 35 14 1 
1 7 53 12 16 
1 36 7 5 34 6 
1 6 15 9 58 
1 34 22 29 3 
5 78 2 3 1 
80 8 1 
2 41 40 4 1 1 
1 87 1 
1 12 33 12 10 3 4 13 1 
1 66 17 1 2 1 1 
1 5 16 21 22 1 15 4 1 3 
16 38 35 
1 22 27 32 4 2 1 
5 66 15 1 1 1 
89 
1 37 6 34 10 1 
1 88 
1 59 26 2 1 
2 31 23 1 29 1 2 
1 87 1 
3 81 1 1 2 1 
60 5 21 2 1 
1 50 19 14 4 1 
1 34 48 1 1 2 1 1 
7 4 46 15 11 3 2 1 
1 80 4 1 2 1 
1 34 36 17 1 
2 45 32 7 3 
58 7 22 2 
12 37 18 21 1 
1 85 3 
1 56 31 1 
1 81 6 1 
6 32 10 15 3 8 5 1 1 5 1 1 1 
1 49 2 6 3 2 7 7 1 2 1 8 
6 31 15 27 3 4 3 
21 59 9 
5 82 2 
25 17 46 1 
6 74 6 1 1 1 
4 5 6 31 9 32 1 1 
1 83 2 3 
1 84 1 1 1 1 
2 82 5 
8 67 13 1 
1 12 76 
1 63 24 1 
1 32 24 15 9 7 1 
18 14 28 23 6 
2 29 30 17 10 1 
1 86 2 
2 23 36 8 8 1 3 6 2 
6 49 2 15 3 9 5 
1 58 17 12 1 
17 53 1 2 14 2 
17 8 46 16 1 1 
9 49 3 6 12 1 2 5 2 
9 45 21 6 4 3 1 
1 86 2 
1 26 46 11 4 1 
2 41 16 17 7 1 5 
1 85 3 
1 76 6 5 1 
1 56 31 1 
8 39 37 4 1 
1 81 7 
2 30 7 31 4 11 1 2 1 
3 23 41 7 9 1 3 1 1 
15 51 3 9 4 4 3 
1 21 55 7 1 3 1 
1 42 46 
5 64 8 5 1 1 2 2 1 
11 57 19 2 
83 4 2 
37 47 1 3 1 
2 45 13 15 14 
3 81 2 3 
1 84 4 
3 45 1 37 2 1 
2 61 26 
82 2 5 
1 11 57 15 1 4 
2 56 20 10 1 
2 5 82 
11 25 19 20 11 1 2 
1 43 22 19 4 
3 40 19 23 3 1 
83 5 1 
7 22 53 3 4 
10 25 18 26 5 4 1 
10 54 12 5 8 
6 17 14 40 10 2 
85 4 
1 38 21 12 5 4 2 1 4 1 
2 16 10 22 14 3 9 11 1 1 
1 79 3 5 1 
1 43 44 1 
2 12 4 54 11 2 1 2 1 
1 41 44 2 1 
1 67 7 8 4 1 1 
1 24 23 1 12 18 4 6 
1 6 33 5 27 2 13 2 
3 59 11 14 1 1 
5 40 15 26 1 2 
2 70 12 1 1 2 1 
2 15 12 18 25 16 1 
36 8 19 25 1 
36 41 9 3 
3 27 47 2 1 8 1 
1 87 1 
2 32 8 21 18 2 3 1 2 
2 72 12 1 1 1 
1 33 26 1 28 
1 21 5 9 20 17 5 6 5 
1 27 19 29 12 1 
15 33 31 9 1 
1 43 14 5 18 8 
2 11 64 1 5 3 3 
4 46 36 2 1 
1 7 10 71 
33 3 37 6 3 5 2 
1 11 58 14 4 1 
23 9 53 3 1 
88 1 
1 57 30 1 
1 5 24 32 7 16 2 1 1 
78 6 5 
1 24 41 5 18 
1 66 18 2 2 
1 4 19 60 3 1 1 
1 57 9 9 10 3 
2 71 1 3 5 1 1 1 3 1 
1 84 1 3 
3 79 7 
1 18 20 3 43 4 
4 78 4 1 1 1 
2 86 1 
1 21 26 3 5 7 4 12 6 3 1 
89 
2 70 15 1 1 
9 26 54 
1 17 67 4 
2 80 5 2 
2 26 17 5 12 5 9 2 10 1 
9 71 9 
10 13 19 11 5 10 7 13 1 
2 59 2 17 8 1 
5 48 32 4 
2 59 1 21 6 
16 1 49 11 8 4 
1 21 34 20 8 1 4 
42 44 3 
2 81 2 2 2 
1 31 51 1 3 2 
64 5 5 2 9 4 
4 80 5 
1 83 4 1 
2 60 11 16 
1 19 4 7 13 9 28 4 4 
1 42 29 4 3 7 3 
4 80 5 
6 43 20 12 7 1 
4 33 52 
89 
2 10 70 6 1 
1 15 62 1 1 3 1 3 2 
1 75 13 
1 29 11 37 8 3 
81 6 2 
6 57 19 4 1 1 1 
2 1 55 15 16 
1 8 46 4 18 4 2 1 5 
6 21 24 38 
1 16 49 11 5 2 3 1 1 
1 87 1 
2 41 2 12 32 
2 78 1 1 7 
1 51 3 24 3 1 2 3 1 
2 76 3 3 5 
11 17 31 18 4 5 2 1 
10 63 5 10 1 
1 62 26 
23 32 2 32 
1 75 3 3 3 1 3 
2 80 1 6 
1 67 10 8 3 
1 74 9 1 1 2 1 
1 50 13 14 6 1 4 
5 44 9 3 5 7 1 14 1 
2 12 44 1 10 14 3 1 1 1 
1 61 26 1 
7 25 18 7 26 5 1 
1 30 51 7 
2 18 53 3 8 4 1 
65 2 1 2 2 2 2 7 3 2 1 
2 86 1 
9 18 14 14 11 9 1 4 3 3 3 
59 21 4 5 
1 65 23 
1 8 35 7 12 10 1 6 2 5 1 1 
16 71 1 1 
48 33 6 2 
1 57 23 2 4 1 1 
8 21 44 2 5 2 3 3 1 
1 32 39 17 
2 3 13 11 32 12 13 2 1 
12 26 51 
67 14 8 
6 65 12 4 2 
6 33 11 3 8 11 4 11 1 1 
24 40 23 2 
1 73 15 
7 20 44 6 6 3 1 1 1 
5 28 10 16 2 2 20 4 2 
1 62 6 9 1 5 3 1 1 
3 22 18 43 3 
1 48 39 1 
4 11 74 
2 36 41 9 1 
1 38 3 32 10 4 1 
27 46 15 1 
11 11 40 9 8 5 2 1 1 1 
10 35 5 5 3 26 4 1 
1 27 14 18 6 3 4 4 4 1 5 2 
1 22 33 11 7 10 5 
6 6 29 23 12 1 6 2 1 3 
5 64 9 6 3 2 
36 43 9 1 
1 39 20 28 1 
4 60 25 
8 80 1 
64 11 3 3 8 
4 6 35 8 19 3 13 1 
10 44 25 4 6 
2 84 2 1 
4 20 24 10 13 16 1 1 
1 37 32 9 7 2 1 
7 56 22 3 1 
4 54 18 6 4 1 2 
1 7 59 2 19 1 
4 62 14 6 1 2 
10 1 7 36 24 4 1 6 
79 8 1 1 
1 67 3 8 6 1 1 2 
57 17 15 
3 35 2 35 12 2 
1 62 16 7 3 
66 14 9 
3 20 8 44 7 1 6 
4 29 44 5 7 
1 80 8 
1 5 10 4 20 10 39 
5 68 16 
81 6 2 
2 71 3 12 1 
1 51 23 8 3 3 
1 81 7 
3 46 10 15 5 5 1 1 1 2 
2 43 6 3 9 7 3 7 5 1 1 2 
1 10 11 33 3 10 7 3 8 1 1 1 
1 62 26 
66 7 2 4 7 1 2 
1 82 3 3 
9 20 25 13 2 1 12 3 1 3 
4 43 24 13 2 1 2 
1 38 17 17 4 6 4 2 
1 56 1 29 2 
85 2 2 
3 43 39 2 2 
1 67 12 4 2 2 1 
85 1 2 1 
57 9 15 3 5 
18 23 21 22 5 
15 73 1 
35 20 18 13 2 1 
1 56 32 
20 35 9 20 2 2 1 
1 63 8 2 2 9 4 
64 7 18 
9 72 5 1 1 1 
6 71 10 1 1 
1 88 
2 23 7 40 7 10 
1 66 12 4 6 
3 15 29 33 2 4 2 1 
1 29 59 
3 17 17 14 32 2 3 1 
8 3 35 42 1 
1 48 35 3 1 1 
1 80 5 2 1 
66 6 4 2 2 8 1 
21 56 11 1 
18 63 5 1 1 1 
3 37 49 
6 78 2 2 1 
1 71 6 4 1 5 1 
2 73 8 5 1 
59 28 2 
1 84 1 2 1 
2 54 27 4 1 1 
1 61 16 6 1 3 1 
27 60 2 
5 81 2 1 
3 27 59 
1 46 25 7 10 
2 79 6 1 1 
10 8 64 1 4 1 1 
2 15 51 2 7 4 2 2 4 
7 65 10 5 2 
1 41 15 6 20 3 1 2 
83 6 
1 84 4 
1 49 26 13 
2 30 51 5 1 
15 25 47 2 
1 20 8 53 3 2 1 1 
1 53 8 4 19 4 
10 47 18 8 2 4 
1 20 55 11 2 
1 23 15 45 4 1 
2 44 14 27 2 
1 22 22 6 26 8 3 1 
2 23 5 17 33 8 1 
1 54 9 2 9 13 1 
2 4 22 5 31 5 4 14 2 
1 58 24 5 1 
1 5 14 50 5 11 3 
1 20 48 5 2 11 1 1 
1 32 49 2 5 
2 12 52 14 6 1 2 
5 80 2 2 
3 4 28 11 36 2 3 2 
73 6 8 2 
1 26 20 40 1 1 
7 35 7 20 20 
2 6 33 13 12 10 8 1 4 
1 29 17 21 8 11 2 
1 59 22 7 
2 60 12 5 3 5 1 1 
2 1 51 2 5 1 16 5 2 1 3 
2 61 6 3 13 4 
85 2 1 1 
2 47 38 1 1 
78 10 1 
43 43 1 2 
1 59 7 11 11 
1 53 3 7 10 1 5 4 1 1 3 
6 82 1 
4 33 49 2 1 
8 74 1 2 2 1 1 
7 23 11 20 2 20 3 1 2 
1 34 4 48 2 
1 42 46 
76 4 8 1 
1 87 1 
1 83 5 
1 14 30 26 5 8 1 4 
2 46 17 12 6 1 3 1 1 
46 35 6 1 1 
53 23 6 1 1 1 3 1 
1 85 1 1 1 
2 26 60 1 
5 54 26 1 1 2 
9 29 48 3 
1 42 34 9 1 2 
2 2 6 41 14 13 4 6 1 
1 18 23 30 2 4 10 1 
1 58 2 21 2 5 
3 41 45 
4 80 5 
1 64 3 13 3 1 2 1 1 
19 40 18 9 1 2 
1 76 4 4 4 
1 80 8 
1 88 
17 65 1 3 3 
2 32 20 5 14 1 13 2 
89 
1 86 2 
5 25 58 1 
1 88 
86 3 
1 45 40 1 2 
1 61 27 
5 25 59 
20 17 23 7 16 3 3 
10 77 1 1 
2 7 38 7 24 5 2 1 2 1 
4 56 24 3 2 
4 19 28 29 1 4 2 2 
1 10 15 2 27 20 3 5 6 
30 54 4 1 
11 74 4 
1 35 24 3 2 16 6 1 1 
16 12 31 3 26 1 
1 24 37 23 4 
7 10 25 2 27 11 2 5 
1 86 2 
1 57 31 
86 2 1 
12 58 8 4 2 5 
1 39 30 5 9 2 1 2 
7 48 23 8 3 
12 26 7 15 29 
1 39 22 8 10 5 2 2 
3 30 43 5 5 1 1 1 
1 41 30 14 2 1 
1 50 7 24 6 1 
3 41 16 3 3 2 11 1 4 2 3 
2 29 5 31 4 14 4 
1 83 5 
29 40 2 12 5 1 
1 58 25 1 1 1 1 1 
42 4 31 4 3 5 
89 
1 45 18 3 9 12 1 
1 76 3 5 4 
2 6 26 29 10 2 2 10 2 
62 8 19 
3 79 3 1 2 1 
1 21 61 3 3 
4 28 20 30 6 1 
1 53 26 9 
3 68 18 
4 39 12 24 10 
1 33 1 34 13 5 2 
2 11 44 28 4 
5 62 9 8 4 1 
85 2 1 1 
1 34 18 9 27 
3 73 13 
3 76 9 1 
2 75 12 
4 55 2 11 5 8 3 1 
1 72 10 6 
1 82 6 
1 80 7 1 
4 15 18 13 10 18 1 3 1 1 1 1 2 1 
1 73 10 2 2 1 
1 28 45 3 2 10 
9 51 21 2 4 1 1 
1 48 15 11 12 1 1 
2 1 86 
25 13 5 20 17 5 1 2 1 
7 24 8 6 22 4 15 1 2 
2 50 23 8 4 2 
5 23 22 21 17 1 
5 69 12 2 1 
3 47 39 
1 84 3 1 
8 2 35 37 3 4 
3 34 52 
89 
2 79 5 1 2 
1 42 42 2 2 
6 1 27 9 5 27 11 3 
1 54 4 13 11 6 
1 3 17 39 3 7 19 
53 28 4 4 
32 36 21 
6 56 24 2 1 
4 63 2 1 16 3 
1 71 17 
1 21 28 32 4 1 2 
12 37 31 3 2 1 3 
14 5 16 7 18 7 18 4 
2 49 1 13 11 11 2 
3 55 17 1 7 2 1 2 1 
16 32 41 
8 4 38 23 4 1 4 5 1 1 
84 4 1 
3 16 66 3 1 
1 37 39 10 1 1 
6 78 2 2 1 
49 3 15 9 12 1 
20 62 4 2 1 
55 19 15 
2 71 15 1 
2 68 3 15 1 
3 54 30 1 1 
1 15 2 64 5 1 1 
4 17 23 14 19 8 3 1 
2 71 16 
1 23 3 33 5 11 13 
1 60 1 10 3 10 1 1 1 1 
3 79 2 1 4 
1 72 4 9 2 1 
5 6 10 27 9 24 4 4 
2 50 16 12 1 7 1 
1 15 5 52 10 1 2 2 1 
55 17 11 1 5 
1 22 34 32 
1 37 31 9 11 
2 78 5 1 3 
33 56 
1 56 10 19 1 1 1 
87 2 
1 14 24 9 14 23 2 1 1 
37 1 18 20 5 3 1 3 1 
20 42 6 20 1 
4 17 62 4 1 1 
7 1 4 1 36 4 22 11 3 
3 27 14 38 3 4 
89 
1 17 52 11 8 
1 41 13 5 7 21 1 
60 18 11 
1 54 24 1 5 1 1 2 
6 63 2 13 1 3 1 
4 39 7 19 16 2 1 1 
1 9 22 4 23 5 24 1 
1 15 1 28 31 8 4 1 
60 8 16 4 1 
5 18 8 31 17 5 3 1 1 
5 76 1 3 4 
3 29 48 7 2 
2 72 10 2 2 1 
2 4 55 10 15 3 
13 45 10 1 8 2 6 4 
1 16 61 10 1 
2 75 12 
1 28 7 35 3 14 1 
2 87 
5 23 38 1 3 8 5 5 1 
1 83 3 1 1 
2 8 39 22 15 1 1 1 
1 84 4 
1 61 27 
1 8 22 46 1 3 3 1 2 1 1 
1 11 73 2 1 1 
1 16 53 17 2 
8 12 37 17 13 2 
1 63 13 11 1 
1 35 1 27 1 5 15 2 2 
15 8 3 10 13 3 24 8 5 
2 81 6 
1 19 68 1 
1 4 24 18 6 2 13 20 1 
1 56 20 11 1 
2 20 56 11 
1 11 37 4 21 4 4 4 2 1 
54 27 8 
1 82 2 1 3 
24 8 8 13 10 23 2 1 
1 24 44 14 3 2 1 
2 61 12 11 1 1 1 
2 63 19 5 
64 3 8 11 3 
5 64 20 
3 71 5 5 4 1 
20 52 17 
1 66 19 1 2 
18 51 17 3 
1 8 75 5 
43 40 5 1 
20 1 43 15 3 4 1 1 1 
1 68 7 6 3 3 1 
1 74 9 2 2 1 
1 45 1 29 11 1 1 
1 9 9 36 28 6 
54 7 7 21 
1 36 46 2 2 1 1 
1 45 2 3 29 4 1 4 
18 58 13 
1 4 5 27 46 3 3 
4 76 7 1 1 
5 50 34 
2 28 11 6 23 12 7 
3 50 14 22 
1 73 15 
86 2 1 
1 40 31 12 5 
1 38 50 
3 84 2 
1 43 4 38 3 
1 13 46 19 8 2 
1 41 42 5 
1 67 4 5 12 
12 47 3 14 13 
1 51 18 4 4 7 3 1 
41 12 7 5 2 12 9 1 
49 19 2 8 3 1 7 
13 48 18 8 2 
3 63 1 6 10 4 2 
3 85 1 
6 54 29 
2 9 4 28 40 2 3 1 
2 15 18 16 38 
1 71 7 9 1 
1 30 26 1 5 8 15 2 1 
1 23 9 19 34 2 1 
5 72 12 
40 43 3 2 1 
1 56 8 8 9 7 
17 68 2 1 1 
7 14 67 1 
72 3 9 4 1 
2 28 39 8 5 4 2 1 
2 52 5 18 7 4 1 
1 24 53 3 7 1 
1 16 8 34 15 9 5 1 
1 49 39 
10 9 46 1 14 7 2 
13 59 12 2 1 1 1 
4 51 25 8 1 
16 9 22 24 18 
1 68 12 2 6 
6 21 24 1 29 4 4 
2 70 8 4 3 1 1 
2 74 10 2 1 
11 47 19 7 1 4 
2 69 5 8 3 2 
22 1 8 39 9 2 2 3 2 1 
2 39 8 39 1 
1 26 5 19 11 3 5 1 15 1 1 1 
29 56 4 
3 16 35 34 1 
14 48 11 7 9 
34 26 1 28 
15 16 51 2 4 1 
2 76 11 
1 64 22 2 
26 46 6 4 1 6 
1 58 26 3 1 
5 35 49 
61 12 7 6 1 1 1 
1 25 16 12 15 1 2 1 8 5 3 
66 23 
7 22 29 22 4 4 1 
1 7 79 1 1 
3 29 55 1 1 
41 41 6 1 
1 74 14 
1 31 47 9 1 
15 65 4 4 1 
1 87 1 
54 19 16 
1 23 24 13 22 4 1 1 
4 37 13 22 11 1 1 
19 34 5 15 10 1 4 1 
1 32 54 2 
14 63 4 3 2 1 2 
4 21 58 2 3 1 
2 41 24 16 4 1 1 
33 5 23 16 1 7 4 
2 33 42 6 6 
1 60 28 
4 80 1 4 
89 
1 4 34 25 4 19 2 
8 37 36 1 5 2 
8 18 4 34 3 19 1 2 
19 31 24 15 
29 2 32 1 7 2 13 3 
7 8 12 8 19 17 16 1 1 
5 27 38 18 1 
1 3 23 4 14 22 2 5 7 2 6 
15 32 15 4 23 
2 60 1 17 8 1 
8 20 59 1 1 
1 56 19 2 8 3 
2 14 1 18 6 16 1 4 20 1 2 4 
8 9 65 4 2 1 
18 60 10 1 
14 35 6 9 2 11 1 7 2 2 
11 11 14 9 19 11 12 1 1 
1 9 5 63 6 1 4 
1 50 26 5 6 1 
2 49 20 18 
3 28 5 39 8 2 1 1 2 
76 12 1 
1 21 40 14 1 10 2 
3 60 2 4 4 16 
4 56 10 17 1 1 
2 19 20 42 2 4 
2 33 38 11 1 1 3 
1 21 61 1 2 1 1 1 
1 64 8 1 4 9 1 1 
1 45 30 8 5 
1 17 26 1 24 7 1 4 4 1 2 1 
1 34 15 29 9 1 
3 27 3 47 9 
1 80 3 4 1 
3 41 41 1 2 1 
19 31 11 24 4 
4 18 12 19 7 8 15 2 1 1 2 
1 76 12 
2 11 64 8 2 1 1 
16 40 8 3 16 5 1 
9 39 9 6 4 4 6 5 2 1 4 
3 53 23 5 5 
1 1 63 19 4 1 
2 80 4 3 
5 73 8 3 
3 26 8 46 1 1 3 1 
1 37 33 18 
2 55 19 7 3 3 
1 11 21 12 26 6 8 3 1 
5 16 66 1 1 
2 53 31 1 1 1 
1 70 18 
39 22 26 2 
4 23 25 15 7 4 9 1 1 
2 39 15 8 17 6 1 1 
2 3 58 25 1 
1 15 26 5 7 24 9 1 1 
3 20 55 4 3 3 1 
1 16 29 40 3 
37 4 28 5 11 4 
11 24 39 8 5 1 1 
9 28 52 
1 69 16 2 1 
4 14 35 16 2 12 3 2 1 
1 88 
27 32 20 10 
1 30 52 4 2 
1 21 24 38 5 
24 36 1 7 15 2 1 1 1 1 
10 79 
23 62 1 2 1 
1 16 17 6 40 6 1 2 
15 74 
57 19 5 7 1 
2 84 3 
2 33 54 
5 32 48 1 3 
1 32 42 10 4 
1 21 8 31 5 2 8 1 7 5 
2 35 43 8 1 
1 58 2 21 5 1 1 
1 67 6 12 3 
4 71 10 3 1 
6 5 78 
56 22 11 
11 9 6 49 1 6 4 3 
4 12 22 30 2 15 3 1 
38 29 2 5 3 8 2 1 1 
1 11 75 1 1 
1 76 7 4 1 
3 47 21 10 6 1 1 
1 67 20 1 
1 44 44 
28 39 20 2 
5 71 5 2 6 
18 41 30 
1 28 3 38 7 4 8 
1 4 71 12 1 
26 44 17 2 
1 22 24 4 2 19 4 1 10 2 
2 51 8 2 25 1 
1 88 
23 44 12 9 1 
1 61 6 14 2 5 
2 13 4 11 43 13 3 
72 16 1 
4 37 10 10 10 1 1 5 11 
84 3 2 
1 81 3 1 1 2 
67 15 6 1 
2 38 49 
2 27 5 50 2 3 
2 74 13 
1 34 38 2 6 2 4 2 
3 45 16 4 4 11 4 1 1 
22 9 22 22 11 3 
2 40 28 7 7 1 3 1 
5 55 24 4 1 
3 10 27 2 18 12 6 2 2 7 
9 80 
1 14 36 28 7 3 
2 45 42 
23 44 4 4 14 
2 46 3 8 9 18 2 1 
1 86 1 1 
4 50 20 12 3 
20 25 41 2 1 
1 35 50 2 1 
2 84 2 1 
1 84 3 1 
5 13 4 14 49 2 1 1 
1 67 4 9 5 1 1 1 
14 50 2 22 1 
1 7 21 47 6 2 2 2 1 
2 83 3 1 
18 64 6 1 
1 24 2 19 16 8 17 1 1 
2 49 5 19 6 6 2 
3 21 19 41 1 1 2 1 
2 69 3 11 3 1 
18 9 36 20 5 1 
1 62 11 13 2 
17 66 4 1 1 
1 40 48 
1 4 62 3 7 11 1 
17 18 8 16 19 1 3 5 1 1 
1 31 34 22 1 
10 8 71 
87 2 
2 12 12 34 12 5 6 4 1 1 
1 80 8 
6 12 71 
2 64 3 13 7 
1 22 13 2 13 33 1 4 
8 14 44 16 7 
1 59 26 2 1 
62 8 18 1 
17 26 46 
89 
89 
1 57 2 22 4 3 
1 64 6 3 14 1 
15 35 24 12 3 
89 
50 29 9 1 
1 21 67 
15 19 47 7 1 
2 7 70 3 3 1 1 1 1 
6 5 39 14 6 12 7 
3 17 50 19 
1 53 16 1 8 4 6 
4 38 15 5 9 6 7 5 
1 19 58 2 5 2 1 1 
2 62 24 1 
1 38 32 8 2 6 1 1 
11 77 1 
2 76 7 3 1 
7 42 2 12 12 6 7 1 
1 21 30 6 25 2 2 1 1 
1 15 73 
79 8 1 1 
41 31 15 1 1 
2 62 5 7 13 
2 53 6 10 5 2 6 4 1 
2 18 15 12 20 6 13 1 1 1 
2 39 2 28 9 8 1 
5 41 8 28 4 2 1 
1 63 7 5 2 1 6 2 2 
1 17 17 14 8 3 17 5 1 2 2 1 1 
2 34 21 19 4 7 2 
65 7 10 1 5 1 
2 52 8 25 1 1 
1 40 15 26 7 
3 6 47 18 1 3 8 3 
2 30 35 9 10 1 1 1 
2 61 26 
4 22 45 6 1 8 1 1 1 
8 51 6 23 1 
72 10 5 1 1 
2 50 35 1 1 
1 2 13 21 45 5 1 1 
1 6 47 19 10 2 3 1 
11 74 4 
1 3 20 43 7 15 
1 56 8 24 
2 69 16 2 
1 14 2 57 14 1 
1 74 7 3 1 2 1 
2 36 51 
1 59 9 19 1 
15 40 21 8 3 2 
4 47 38 
1 26 33 18 10 1 
1 87 1 
41 38 2 3 5 
2 12 63 11 1 
1 74 9 1 1 2 1 
1 29 36 19 4 
1 34 2 8 2 21 12 4 4 1 
3 76 4 5 1 
3 85 1 
2 39 29 10 4 4 1 
1 47 24 3 2 9 3 
10 9 65 5 
10 68 3 8 
1 38 7 21 14 5 2 1 
2 82 5 
1 27 27 3 17 13 1 
66 12 4 5 1 1 
2 53 30 1 3 
67 6 13 3 
1 49 33 6 
6 41 21 16 3 1 1 
15 18 21 16 1 8 6 3 1 
1 48 29 3 8 
1 87 1 
1 47 39 2 
51 36 1 1 
47 13 4 6 11 2 1 3 2 
1 26 12 34 15 1 
2 73 2 6 2 4 
2 59 26 1 1 
2 54 32 1 
12 75 2 
82 2 4 1 
67 2 5 1 10 1 1 1 1 
1 26 23 28 4 3 3 1 
11 13 7 41 16 1 
1 45 34 7 1 1 
20 60 8 1 
1 17 2 38 1 3 16 2 9 
20 22 31 3 7 5 1 
1 71 4 11 2 
2 19 50 14 2 1 1 
1 16 4 9 36 21 1 1 
1 5 44 23 14 2 
5 50 5 21 8 
3 51 16 18 1 
1 45 39 4 
4 61 24 
16 27 43 1 1 1 
6 11 12 40 10 7 2 1 
1 14 2 7 12 45 6 2 
1 21 61 1 4 1 
83 3 2 1 
2 50 36 1 
5 79 5 
1 3 20 23 38 3 1 
2 73 13 1 
1 77 3 5 2 1 
12 56 6 8 1 3 2 1 
1 40 22 3 2 9 1 9 2 
67 4 1 8 4 3 2 
1 79 3 2 3 1 
7 5 55 2 4 8 2 4 1 1 
10 41 12 13 9 4 
1 60 24 3 1 
2 33 17 33 4 
30 27 29 1 1 1 
11 10 41 7 7 2 3 2 6 
8 17 51 3 1 1 8 
43 9 5 26 6 
1 12 73 3 
1 10 61 11 6 
2 62 24 1 
88 1 
1 78 10 
88 1 
1 53 4 4 20 2 1 4 
1 16 51 5 1 14 1 
75 2 3 3 2 2 1 1 
30 54 5 
2 11 28 29 7 9 3 
21 25 41 2 
1 81 3 3 1 
4 41 34 7 1 2 
4 76 8 1 
1 39 10 37 2 
1 6 41 7 15 7 7 3 2 
1 62 5 15 2 1 2 1 
84 1 4 
2 77 2 8 
88 1 
64 18 7 
16 23 26 11 11 1 1 
1 84 1 3 
1 84 1 3 
13 23 6 5 36 5 1 
4 54 31 
1 58 23 1 4 2 
1 69 2 13 2 1 1 
25 41 1 11 6 5 
1 84 3 1 
1 10 60 8 6 2 2 
1 72 15 1 
5 54 9 2 10 7 2 
1 23 37 21 7 
6 57 26 
6 54 19 5 1 3 1 
2 70 14 3 
1 81 6 1 
10 63 6 4 1 1 3 1 
1 79 6 2 1 
2 3 9 2 4 19 7 25 4 4 1 2 2 2 2 1 
1 15 68 3 1 1 
1 88 
13 51 7 11 2 5 
1 16 37 12 22 1 
8 77 4 
43 45 1 
1 10 48 3 7 2 9 5 1 2 1 
2 72 6 6 1 1 1 
1 81 6 1 
8 42 21 18 
86 3 
1 39 41 2 4 2 
1 66 11 3 8 
6 46 32 2 3 
2 63 13 5 1 4 1 
1 15 17 51 5 
4 58 7 6 11 3 
4 55 9 10 11 
3 34 44 4 2 1 1 
1 80 1 1 1 3 1 1 
13 20 34 9 2 7 2 1 1 
2 48 1 5 8 10 5 9 1 
1 87 1 
1 17 1 43 3 11 1 3 6 2 1 
53 16 15 2 2 1 
1 79 5 2 2 
3 59 12 4 9 1 1 
74 9 6 
4 26 48 6 1 3 1 
2 39 36 1 5 3 3 
1 56 25 3 1 1 2 
2 60 2 25 
69 19 1 
1 1 44 40 1 1 1 
3 63 14 1 1 5 2 
5 13 40 8 15 8 
2 48 29 1 4 1 3 1 
3 37 29 8 7 5 
1 66 4 16 2 
1 74 6 6 2 
5 31 12 41 
32 3 3 26 3 8 9 5 
1 16 71 1 
3 3 70 3 1 4 1 3 1 
15 60 4 9 1 
17 47 23 1 1 
1 70 17 1 
2 82 5 
39 22 27 1 
5 73 5 6 
5 38 28 11 3 4 
3 38 13 15 1 1 10 6 2 
4 45 6 24 2 8 
8 47 16 2 12 2 1 1 
1 59 25 2 2 
4 82 2 1 
1 15 42 23 7 1 
39 34 6 9 1 
1 24 25 28 8 2 1 
6 15 52 4 1 11 
2 53 11 7 11 5 
1 84 3 1 
49 3 23 8 2 3 1 
20 40 1 12 13 3 
19 18 28 20 4 
87 1 1 
4 18 43 21 2 1 
27 27 4 1 25 3 1 1 
1 25 22 31 5 2 1 1 1 
1 22 30 15 21 
1 87 1 
2 69 6 5 5 1 1 
1 50 5 24 2 7 
1 21 32 17 15 1 2 
8 65 6 4 5 1 
5 41 41 1 1 
1 88 
11 1 23 19 12 2 19 1 1 
1 61 16 6 2 1 2 
1 61 24 1 1 1 
1 46 8 14 15 3 2 
7 75 3 2 2 
1 45 43 
3 34 9 9 8 6 14 5 1 
2 84 3 
2 50 35 2 
3 34 10 32 10 
7 28 22 3 5 20 2 1 1 
1 12 69 7 
1 59 16 11 1 1 
1 8 10 49 21 
8 79 2 
18 13 15 30 10 1 2 
1 84 4 
13 38 7 5 16 1 2 3 2 2 
43 20 18 4 1 2 1 
1 57 12 12 5 1 1 
13 74 1 1 
2 44 13 16 8 4 1 1 
1 33 20 28 6 1 
1 24 63 1 
1 27 23 19 3 3 7 6 
3 19 22 25 10 3 1 2 1 1 2 
1 11 12 22 40 2 1 
1 44 39 4 1 
2 84 3 
1 3 75 6 3 1 
2 81 5 1 
1 60 26 2 
7 55 23 4 
8 73 3 1 2 2 
11 18 33 8 7 10 1 1 
1 82 5 1 
17 38 12 12 3 6 1 
1 39 34 11 2 2 
1 28 56 4 
75 2 9 3 
5 34 45 1 3 1 
4 56 27 1 1 
3 73 6 3 1 3 
5 22 42 4 3 10 1 2 
1 41 9 19 15 3 1 
2 69 10 8 
1 50 36 1 1 
2 86 1 
3 83 3 
7 78 1 2 1 
48 13 23 3 1 1 
6 56 20 1 6 
1 51 20 8 3 6 
1 84 1 2 1 
13 55 20 1 
2 69 18 
1 36 24 21 3 2 1 1 
1 85 1 2 
1 54 13 19 1 1 
11 36 22 3 1 6 3 6 1 
15 60 10 1 3 
3 17 39 20 1 3 2 2 2 
7 29 19 21 12 1 
23 39 26 1 
15 10 10 40 10 2 1 1 
60 1 23 4 1 
37 16 36 
1 38 29 17 4 
1 14 53 16 4 1 
1 11 63 9 1 4 
54 28 7 
21 54 4 10 
16 38 34 1 
2 5 51 23 6 2 
1 74 13 1 
1 57 29 2 
3 55 24 5 1 1 
89 
1 12 76 
15 2 58 4 5 1 2 2 
1 85 2 1 
58 9 22 
3 18 30 23 2 1 10 1 1 
1 72 11 1 2 1 1 
64 11 3 6 1 4 
2 60 15 6 5 1 
3 59 2 17 2 6 
2 51 15 7 7 3 3 1 
7 27 5 35 3 6 1 3 2 
14 32 2 15 4 6 7 9 
1 80 8 
2 60 20 6 1 
1 20 53 14 1 
1 38 33 2 14 1 
3 74 4 8 
1 49 35 1 3 
2 19 32 1 6 24 5 
3 10 37 18 7 9 2 2 1 
68 1 15 2 2 1 
1 50 19 8 1 8 1 1 
1 17 35 13 5 7 6 2 2 1 
1 11 5 30 14 25 1 2 
35 30 2 21 1 
30 24 27 7 1 
16 51 22 
1 46 23 12 7 
1 31 20 1 16 15 4 1 
1 62 22 4 
1 46 25 10 6 1 
16 18 1 22 31 1 
1 81 6 1 
1 27 16 11 3 12 17 2 
2 82 3 2 
5 54 6 16 7 1 
1 45 3 18 22 
2 82 5 
2 46 24 3 6 5 3 
1 10 45 6 5 15 2 2 3 
2 4 28 13 39 2 1 
1 37 24 4 17 4 2 
6 51 4 3 3 10 5 1 2 4 
1 16 42 3 12 5 2 5 1 1 1 
1 57 20 8 3 
78 2 1 1 7 
33 19 24 7 5 1 
11 13 29 32 4 
1 37 9 2 29 9 1 1 
2 68 12 5 1 1 
1 21 17 42 2 4 2 
21 7 33 23 3 1 1 
3 68 16 2 
1 41 23 6 2 15 1 
1 51 19 7 10 1 
1 75 3 6 1 3 
1 85 1 2 
1 76 7 5 
12 58 19 
1 74 12 1 1 
11 76 2 
8 35 21 8 8 5 2 1 1 
24 35 30 
5 21 18 15 21 2 7 
1 7 61 2 7 5 5 1 
1 55 1 31 1 
2 74 13 
2 70 6 10 1 
1 1 79 8 
3 70 1 14 1 
3 1 56 24 2 1 1 1 
64 18 7 
2 52 2 13 11 8 1 
16 60 2 6 1 3 1 
1 10 2 8 33 2 3 16 7 3 2 1 1 
3 25 45 10 6 
3 67 19 
41 28 11 2 3 1 1 2 
4 30 23 6 15 1 5 4 1 
1 20 3 46 18 1 
2 62 14 11 
2 79 8 
6 61 18 1 1 1 1 
70 5 14 
33 41 15 
2 67 14 4 2 
6 60 23 
43 24 13 6 2 1 
1 27 30 9 7 5 8 1 1 
3 10 48 27 1 
1 31 56 1 
40 37 11 1 
1 50 36 1 1 
1 73 15 
3 27 1 39 2 14 3 
6 77 3 1 1 1 
12 57 1 14 4 1 
2 25 30 6 19 1 6 
1 57 30 1 
14 46 5 20 1 2 1 
5 11 68 4 1 
1 11 34 39 2 2 
1 60 13 3 12 
2 43 21 18 1 4 
11 55 8 9 2 4 
3 10 13 29 13 16 3 2 
1 49 23 4 1 7 2 2 
1 39 34 6 6 1 2 
5 48 36 
2 52 12 2 14 4 3 
2 81 4 2 
2 34 41 8 2 1 1 
1 62 24 1 1 
1 54 3 16 12 3 
2 69 13 5 
3 30 15 2 4 25 10 
89 
23 12 7 17 16 5 7 1 1 
85 1 3 
5 18 61 3 2 
1 63 24 1 
2 21 20 7 7 30 1 1 
3 23 16 47 
1 55 32 1 
1 53 7 5 15 2 5 1 
1 69 3 1 13 2 
2 54 18 13 2 
1 59 24 5 
4 29 12 18 4 14 4 4 
3 36 17 1 23 8 1 
1 32 15 24 7 2 7 1 
17 23 44 2 3 
2 33 2 34 5 1 12 
2 12 45 25 4 1 
2 5 79 2 1 
1 63 8 15 1 1 
3 60 12 9 3 1 1 
63 6 15 5 
1 49 36 2 1 
65 5 3 4 1 5 2 2 2 
1 42 15 25 2 2 2 
8 15 17 22 24 1 1 1 
27 32 7 12 1 10 
1 50 19 6 13 
1 80 6 1 1 
5 82 2 
6 17 35 1 9 6 9 3 3 
3 24 20 24 8 8 1 1 
1 40 18 8 16 2 4 
3 26 58 2 
1 14 21 37 8 3 4 1 
2 41 18 1 6 5 3 1 7 5 
1 55 8 22 1 1 1 
1 32 52 2 1 1 
1 22 48 7 2 6 3 
1 81 7 
2 11 39 9 8 14 1 1 2 2 
5 78 3 3 
1 6 78 2 1 1 
2 68 19 
6 35 45 1 2 
16 11 6 14 2 8 3 17 12 
4 9 5 25 17 28 1 
35 14 15 19 3 2 1 
4 54 2 28 1 
1 43 25 14 1 1 4 
2 36 28 3 10 7 3 
9 13 20 9 24 1 10 3 
22 25 12 29 1 
1 85 3 
3 23 63 
8 20 32 18 6 3 1 1 
24 13 23 29 
2 52 5 16 1 12 1 
1 23 33 27 4 1 
1 7 79 1 1 
50 2 26 3 6 1 1 
5 31 42 6 4 1 
20 11 45 11 1 1 
3 73 6 1 5 1 
1 24 23 31 1 2 2 2 3 
3 71 14 1 
63 19 3 2 1 1 
6 11 71 1 
1 44 39 3 2 
1 58 25 1 2 2 
9 2 33 26 16 2 1 
2 16 71 
45 34 7 3 
2 23 62 1 1 
1 61 5 3 4 12 2 1 
4 18 64 2 1 
1 26 14 15 19 6 1 5 2 
2 31 14 18 16 5 2 1 
12 44 14 5 14 
1 33 25 10 15 5 
2 70 17 
27 2 3 3 22 8 19 2 2 1 
1 39 29 9 4 6 1 
10 48 5 15 6 5 
