1 15 29 14 5 2 3 5 5 9 1 1 
47 5 25 9 3 1 
3 79 1 5 1 1 
1 15 68 1 3 1 1 
5 43 34 7 1 
9 42 20 16 2 1 
18 9 37 11 3 7 5 
8 15 20 13 12 13 4 4 1 
1 63 11 13 2 
4 10 17 1 15 34 5 3 1 
33 14 43 
1 87 2 
1 76 4 5 2 2 
10 49 19 2 1 9 
7 80 3 
5 20 24 16 16 4 5 
9 62 2 6 7 2 1 1 
6 69 14 1 
79 7 2 1 1 
7 54 28 1 
2 27 21 40 
1 18 12 29 10 3 7 2 6 1 1 
2 59 4 12 10 3 
89 1 
6 76 5 1 2 
2 19 68 1 
1 65 24 
71 6 9 4 
1 69 14 5 1 
79 1 5 1 4 
23 6 17 17 3 1 9 5 1 3 4 1 
83 5 2 
2 74 1 6 2 5 
1 15 60 9 5 
84 2 2 1 1 
16 25 29 1 16 3 
1 53 21 8 1 5 1 
88 1 1 
4 62 4 15 4 1 
1 8 21 55 5 
14 44 6 16 1 6 1 2 
39 16 24 3 7 1 
1 87 2 
5 54 15 4 9 2 1 
31 6 50 3 
2 65 21 1 1 
55 4 28 2 1 
1 35 46 4 1 3 
1 21 18 35 3 5 7 
4 67 2 6 3 8 
2 20 68 
2 51 20 4 6 2 1 2 2 
23 7 47 7 3 1 2 
1 52 24 9 4 
2 16 65 6 1 
4 13 61 5 4 1 2 
38 39 6 3 4 
1 54 24 8 2 1 
3 7 1 47 30 1 1 
85 1 4 
28 45 4 13 
1 21 48 6 9 2 1 1 1 
13 10 50 17 
1 13 2 73 1 
1 58 30 1 
1 63 21 1 3 1 
1 65 13 4 7 
1 25 22 30 11 1 
11 43 34 1 1 
1 24 47 7 3 3 3 2 
15 68 1 2 3 1 
2 32 39 9 5 1 1 1 
1 65 4 6 8 4 1 1 
36 24 30 
72 5 13 
7 66 12 2 1 1 1 
19 40 12 4 14 1 
32 7 4 11 35 1 
1 2 7 20 47 4 9 
2 66 8 2 12 
2 62 13 10 2 1 
1 41 29 9 10 
2 57 22 3 5 1 
2 5 63 17 3 
1 39 5 43 2 
7 30 9 22 17 4 1 
1 68 3 14 2 1 1 
1 73 15 1 
1 53 2 24 2 2 1 1 3 1 
11 2 57 7 13 
1 74 11 2 2 
66 5 5 10 4 
3 59 27 1 
2 18 51 10 2 3 2 1 1 
1 30 30 12 4 4 6 1 2 
46 16 4 12 6 6 
2 70 13 4 1 
1 13 69 5 1 1 
90 
5 33 34 4 4 5 1 3 1 
60 18 11 1 
1 84 5 
1 72 7 5 2 2 1 
1 68 21 
2 61 12 14 1 
1 36 26 24 3 
1 27 29 5 3 1 19 5 
1 75 1 1 6 3 3 
1 9 76 1 2 1 
1 30 35 4 14 5 1 
49 26 13 1 1 
7 69 2 12 
2 80 4 1 1 2 
21 11 39 9 3 6 1 
7 40 19 8 11 3 1 1 
18 23 39 10 
10 61 10 7 1 1 
2 31 27 23 7 
37 36 17 
1 56 5 7 12 3 2 4 
1 5 56 20 6 1 1 
1 80 7 2 
1 79 2 1 5 1 1 
1 79 9 1 
7 77 1 3 1 1 
2 78 2 4 2 1 1 
1 48 16 5 6 4 1 2 1 3 2 1 
4 18 68 
65 5 3 6 11 
1 46 20 8 7 2 2 4 
90 
1 24 22 37 4 2 
6 23 2 31 10 3 2 1 1 6 2 1 2 
2 6 36 19 10 14 2 1 
5 8 7 10 57 2 1 
3 2 46 37 1 1 
32 8 12 37 1 
1 72 15 1 1 
2 48 24 12 3 1 
1 75 1 13 
2 14 10 15 26 23 
1 47 36 1 2 1 1 1 
1 38 28 2 20 1 
2 15 54 12 2 4 1 
4 32 28 2 13 5 3 1 2 
1 76 13 
1 51 25 12 1 
4 25 7 46 2 5 1 
1 26 29 32 2 
13 56 19 1 1 
12 16 4 48 1 4 3 1 1 
75 15 
6 64 12 8 
1 19 38 25 4 2 1 
6 75 1 1 5 2 
57 9 8 14 2 
3 43 41 3 
7 5 8 30 25 6 9 
6 38 18 11 7 3 3 3 1 
90 
21 25 34 3 5 2 
2 31 47 10 
2 83 5 
1 75 14 
1 67 11 8 3 
26 57 7 
38 50 2 
1 33 32 9 9 1 2 2 1 
1 88 1 
4 43 43 
1 34 53 2 
5 79 4 1 1 
1 56 33 
4 63 10 6 2 1 4 
1 60 14 10 5 
4 65 4 5 2 7 2 1 
1 22 41 8 15 1 2 
1 9 17 2 55 3 1 2 
6 46 36 1 1 
1 14 27 33 7 7 1 
6 71 2 10 1 
1 34 30 12 1 3 4 4 1 
1 18 25 25 3 4 2 4 4 1 3 
23 51 7 8 1 
2 85 1 1 1 
16 47 16 2 8 1 
3 71 16 
3 34 24 22 4 2 1 
1 86 1 1 1 
26 53 7 4 
16 40 11 16 5 1 1 
1 6 28 1 14 27 3 10 
1 88 1 
42 5 39 1 1 2 
1 48 31 3 6 1 
1 27 32 29 1 
1 17 1 68 1 1 1 
2 33 18 7 11 1 2 14 2 
1 39 30 6 4 6 4 
4 25 58 2 1 
13 69 8 
1 27 47 5 10 
7 63 13 3 4 
8 37 9 4 19 4 7 2 
8 68 12 1 1 
5 15 40 4 18 7 1 
34 41 14 1 
1 22 19 30 17 1 
2 9 6 6 45 17 5 
8 62 5 14 1 
3 74 13 
1 32 23 8 18 7 1 
23 17 34 5 5 2 1 3 
2 54 30 2 1 1 
5 63 21 1 
26 56 5 2 1 
1 25 8 28 10 11 7 
3 73 7 6 1 
34 45 11 
1 70 11 6 1 1 
1 88 1 
1 27 3 11 29 15 3 1 
1 70 17 2 
1 8 30 34 7 5 1 2 1 1 
90 
6 66 18 
5 8 59 13 5 
1 1 24 8 16 28 1 9 2 
2 30 19 33 6 
1 25 33 27 3 1 
1 32 2 32 11 10 2 
4 50 33 1 2 
41 36 5 1 3 4 
3 66 21 
2 8 20 12 7 8 16 5 3 8 1 
2 6 24 16 12 13 15 1 1 
53 30 2 5 
1 37 52 
2 66 21 1 
2 5 66 11 1 4 1 
56 25 9 
1 5 19 61 1 2 1 
5 37 35 11 2 
2 12 57 6 6 3 4 
1 29 53 6 1 
3 38 21 2 16 5 2 2 1 
1 10 55 14 4 3 2 1 
1 58 26 1 3 1 
17 21 18 33 1 
7 60 5 2 12 3 1 
1 51 34 1 1 2 
6 61 10 12 1 
61 15 14 
1 64 13 8 4 
40 24 14 4 3 1 1 3 
1 23 15 32 6 1 11 1 
1 33 13 31 8 3 1 
51 5 18 11 3 2 
1 88 1 
1 17 11 6 21 2 29 1 2 
1 85 1 3 
27 24 4 25 10 
17 40 33 
1 43 31 12 1 2 
1 43 23 13 7 2 1 
1 19 1 15 7 2 32 1 2 8 1 1 
1 10 13 5 47 10 2 1 1 
1 35 53 1 
1 38 35 10 1 3 1 1 
2 45 27 5 8 2 1 
3 32 5 27 18 2 3 
1 88 1 
1 28 25 10 12 2 3 4 1 1 2 1 
18 69 1 1 1 
44 19 6 19 2 
2 68 20 
37 50 3 
8 3 71 4 4 
7 22 15 19 15 1 8 1 1 1 
1 59 19 1 5 3 2 
6 49 33 1 1 
83 1 2 3 1 
21 66 1 2 
7 36 15 24 6 2 
1 31 16 5 16 11 3 6 1 
1 38 18 22 1 3 7 
1 13 27 30 5 9 1 4 
87 3 
52 20 17 1 
1 37 52 
87 1 2 
1 65 18 3 3 
2 17 10 45 5 2 5 1 2 1 
1 17 72 
90 
2 1 35 43 8 1 
1 62 25 2 
3 65 2 10 10 
6 43 19 7 1 10 1 2 1 
90 
1 70 19 
14 68 8 
3 75 12 
5 76 2 6 1 
5 62 16 1 2 4 
3 80 7 
1 85 2 2 
4 31 18 13 23 1 
20 41 1 21 2 4 1 
5 35 39 4 3 1 3 
1 83 6 
3 22 65 
1 26 34 15 8 2 2 1 1 
1 57 6 19 6 1 
1 76 10 1 2 
1 55 19 1 8 4 2 
1 80 3 4 2 
2 55 20 5 3 2 3 
3 76 11 
4 64 2 2 15 1 2 
1 77 1 2 7 1 1 
1 11 51 2 2 11 10 2 
4 72 3 1 8 2 
6 8 64 1 3 2 3 1 1 1 
1 16 18 28 25 2 
1 41 48 
1 71 3 1 3 3 1 2 1 2 2 
1 20 9 36 3 19 2 
85 4 1 
1 55 3 29 2 
1 66 23 
2 45 9 18 10 3 2 1 
1 84 4 1 
7 33 50 
1 27 11 7 38 1 5 
25 29 15 21 
1 86 1 1 1 
20 62 2 5 1 
1 55 17 1 7 9 
20 9 44 3 12 2 
1 5 24 15 37 8 
14 51 14 11 
90 
6 84 
3 25 21 40 1 
19 43 20 7 1 
18 27 35 2 7 1 
4 69 10 2 1 2 2 
1 71 9 4 3 1 1 
1 25 18 21 11 9 2 2 1 
1 25 58 5 1 
1 6 62 1 10 4 5 1 
1 17 30 36 4 2 
52 17 3 6 4 3 3 1 1 
5 70 3 9 1 1 1 
1 59 9 10 4 3 3 1 
1 56 24 5 4 
87 3 
2 31 5 13 13 17 8 1 
1 21 5 50 1 11 1 
1 89 
1 16 37 35 1 
5 35 20 5 17 1 5 1 1 
23 46 12 2 6 1 
87 2 1 
8 81 1 
3 32 22 3 22 8 
1 65 10 10 3 1 
1 63 25 1 
2 25 19 28 10 2 3 1 
1 36 27 15 5 6 
19 4 17 11 9 24 6 
3 77 10 
1 42 38 3 5 1 
4 26 44 14 1 1 
3 13 72 2 
1 86 1 2 
3 53 34 
10 61 9 5 5 
17 48 12 2 5 1 2 1 1 1 
3 36 13 20 9 7 2 
1 10 19 23 13 4 5 9 3 2 1 
2 45 29 6 3 1 2 2 
1 21 36 13 5 9 3 2 
2 38 14 29 6 1 
28 58 2 2 
13 37 33 4 2 1 
18 24 34 7 7 
1 53 8 16 8 3 1 
14 75 1 
2 35 7 33 11 2 
1 83 6 
21 55 3 5 2 3 1 
24 3 34 16 9 2 2 
15 50 2 12 11 
10 29 41 8 2 
5 51 17 9 5 2 1 
6 6 50 8 13 1 6 
31 44 4 7 1 3 
28 32 16 3 6 3 1 1 
2 50 32 6 
4 58 16 11 1 
39 46 5 
1 51 28 5 5 
8 14 29 35 4 
60 6 23 1 
2 41 40 7 
1 88 1 
10 31 16 30 1 1 1 
1 28 21 36 2 1 1 
1 69 4 3 3 3 7 
59 11 17 1 1 1 
1 50 21 17 1 
3 65 13 1 3 1 2 1 1 
2 80 4 3 1 
1 59 12 5 5 1 2 1 1 3 
1 64 21 2 1 1 
3 67 19 1 
3 47 18 22 
52 25 2 1 10 
88 1 1 
1 28 2 48 1 1 2 5 1 1 
2 11 48 9 16 4 
9 55 1 6 5 7 6 1 
75 1 1 12 1 
87 1 1 1 
1 70 15 2 2 
4 43 11 19 13 
2 50 35 2 1 
1 39 26 20 2 2 
1 4 8 2 37 15 21 2 
2 21 53 6 8 
1 47 10 20 7 1 2 1 1 
1 32 56 1 
5 67 4 12 2 
3 9 71 2 2 1 1 1 
1 28 50 5 2 4 
75 9 1 3 2 
1 85 4 
13 15 51 10 1 
1 47 21 2 4 1 6 5 1 1 1 
10 11 39 27 1 2 
1 57 21 6 3 2 
1 4 27 22 5 5 13 1 7 2 2 1 
6 71 13 
1 62 6 9 6 5 1 
1 85 2 1 1 
11 23 10 1 11 19 6 4 3 1 1 
17 23 30 18 2 
1 2 21 56 10 
3 25 35 5 17 4 1 
1 65 8 15 1 
26 58 6 
1 51 12 6 6 14 
1 59 15 15 
3 48 24 10 3 1 1 
1 11 28 36 8 2 2 2 
1 55 29 1 4 
2 33 7 38 7 2 1 
38 39 10 2 1 
2 67 4 13 4 
1 75 5 8 1 
40 10 3 5 3 14 14 1 
1 27 61 1 
31 36 3 10 3 4 3 
1 87 2 
8 65 12 5 
1 68 17 4 
50 35 1 4 
61 19 4 6 
3 54 9 18 3 1 1 1 
90 
45 12 4 28 1 
2 51 3 17 17 
10 78 2 
1 14 17 5 47 5 1 
1 5 79 1 4 
12 17 12 49 
4 42 14 26 2 2 
7 16 5 26 14 1 3 11 2 2 3 
1 63 10 15 1 
2 24 64 
1 11 77 1 
6 41 4 11 28 
2 81 5 1 1 
32 17 9 28 1 3 
2 15 29 22 4 11 3 1 2 1 
2 6 35 46 1 
1 80 9 
35 17 8 27 3 
1 51 26 7 1 2 1 1 
1 58 16 1 2 2 1 2 1 1 2 2 1 
1 19 46 23 1 
1 86 3 
28 62 
9 64 15 1 1 
3 67 19 1 
1 26 63 
1 15 39 34 1 
1 14 69 4 2 
6 58 19 3 3 1 
6 76 3 3 2 
6 2 44 12 20 4 2 
36 6 39 9 
5 30 51 2 2 
2 1 17 31 36 1 2 
68 9 6 6 1 
5 40 29 2 3 1 8 1 1 
16 11 7 33 17 2 4 
1 20 45 18 2 2 2 
4 68 5 8 5 
1 48 41 
3 66 15 3 2 1 
1 10 40 22 15 1 1 
1 47 13 8 8 8 5 
2 85 3 
1 75 9 2 1 2 
7 34 37 6 1 3 2 
1 82 7 
1 60 29 
2 65 17 1 3 2 
1 34 54 1 
1 46 3 31 4 2 2 1 
2 41 18 7 18 4 
1 83 3 2 1 
1 63 20 2 2 1 1 
62 15 6 2 2 1 2 
4 29 49 5 1 1 1 
26 46 18 
9 78 3 
4 54 22 1 5 1 3 
2 46 35 6 1 
1 69 14 4 2 
1 34 55 
1 67 11 8 3 
82 3 2 1 1 1 
5 62 14 5 1 3 
1 16 42 2 9 1 5 1 4 7 1 1 
1 7 80 1 1 
1 2 19 26 8 12 16 4 2 
2 18 62 2 5 1 
81 6 2 1 
5 42 5 23 5 3 3 2 1 1 
1 36 38 5 6 4 
35 19 5 21 2 7 1 
4 13 31 38 4 
1 64 19 4 2 
3 31 3 16 8 17 12 
2 47 5 31 4 1 
7 82 1 
2 25 25 6 15 9 2 1 4 1 
1 47 16 7 6 12 1 
1 82 1 6 
37 49 4 
1 61 7 15 3 1 2 
3 1 68 13 2 3 
9 42 1 4 9 24 1 
1 4 84 1 
1 50 37 1 1 
1 61 4 10 14 
1 9 64 6 8 2 
47 22 2 19 
50 16 16 2 2 3 1 
1 72 4 9 2 2 
1 78 1 1 2 4 1 1 1 
2 60 19 2 5 1 1 
13 68 7 2 
1 74 8 2 3 1 1 
1 85 1 1 1 1 
3 45 41 1 
3 86 1 
2 65 4 18 1 
4 60 24 2 
2 59 14 14 1 
1 64 4 11 8 2 
9 11 46 6 8 8 1 1 
1 17 69 3 
3 31 3 36 13 1 2 1 
3 35 31 8 5 3 2 2 1 
10 9 42 14 1 5 3 2 4 
85 2 3 
5 51 27 4 3 
3 38 5 3 14 24 2 1 
3 46 30 9 1 1 
5 21 5 38 2 16 3 
1 34 26 5 22 2 
1 62 27 
7 41 27 7 7 1 
10 36 29 3 9 2 1 
8 8 37 9 16 7 1 3 1 
3 20 9 13 42 2 1 
2 77 6 2 1 2 
1 38 51 
18 21 51 
4 5 56 8 16 1 
1 17 53 11 8 
1 83 2 4 
3 76 6 1 4 
4 18 27 8 13 2 13 3 2 
77 8 3 1 1 
2 46 5 17 15 1 4 
1 16 11 38 13 9 2 
1 86 1 1 1 
1 77 12 
43 7 39 1 
2 40 26 16 3 3 
1 74 9 2 3 1 
8 47 34 1 
9 30 46 4 1 
1 50 13 1 18 7 
1 56 21 10 1 1 
1 13 75 1 
3 54 32 1 
1 18 25 12 2 4 13 13 1 1 
1 44 27 11 4 3 
1 56 8 17 3 5 
1 33 41 11 4 
4 20 11 10 12 1 12 15 2 1 1 1 
1 43 32 7 6 1 
4 23 26 2 3 22 9 1 
38 34 7 4 5 2 
1 67 15 5 2 
5 3 64 1 8 3 5 1 
2 42 37 7 1 1 
2 31 55 1 1 
1 89 
1 45 38 2 4 
9 44 20 11 3 2 1 
1 33 30 17 8 1 
2 4 67 10 7 
4 21 38 6 21 
1 63 26 
2 74 3 1 5 1 1 3 
1 8 73 5 1 2 
1 84 5 
26 3 10 19 6 3 20 1 2 
32 39 8 11 
1 51 27 9 2 
1 42 29 7 10 1 
1 79 1 6 3 
1 22 50 2 4 3 5 3 
2 88 
6 49 32 3 
1 40 46 1 2 
2 40 11 36 1 
6 77 6 1 
1 58 12 12 7 
1 23 46 17 3 
72 4 14 
1 9 18 55 6 1 
1 86 3 
2 80 1 6 1 
1 48 8 26 7 
22 49 4 1 4 2 4 1 1 1 1 
2 62 2 23 1 
1 18 3 32 15 4 2 13 1 1 
2 11 65 6 4 2 
68 15 2 5 
1 85 4 
1 7 19 57 6 
2 81 2 1 1 1 2 
20 21 14 32 3 
39 17 7 15 5 6 1 
1 4 19 13 29 9 15 
2 81 7 
1 83 5 1 
26 41 9 3 6 3 1 1 
90 
20 19 37 1 13 
90 
1 65 2 5 13 1 3 
4 69 14 3 
14 3 22 49 2 
1 16 64 6 2 1 
1 58 28 3 
1 17 35 37 
1 75 13 1 
3 63 24 
2 53 23 9 1 1 1 
1 59 21 4 4 1 
8 41 23 5 5 4 2 1 1 
1 45 40 3 1 
1 41 12 35 1 
1 34 51 1 3 
34 13 28 1 2 12 
1 51 3 33 2 
1 85 2 2 
13 64 6 4 2 1 
2 76 12 
3 68 4 2 4 2 2 5 
58 24 8 
23 48 5 12 1 1 
2 67 7 4 8 1 1 
2 71 10 4 3 
7 47 34 1 1 
8 3 62 3 14 
22 65 1 2 
2 25 32 31 
3 76 6 3 2 
2 10 58 17 2 1 
2 34 43 4 6 1 
1 14 34 24 8 4 3 1 1 
1 19 27 28 15 
1 41 2 34 5 7 
90 
8 70 5 2 2 3 
7 10 20 13 17 4 7 8 3 1 
2 74 11 3 
43 42 4 1 
2 70 16 1 1 
3 59 24 4 
80 1 8 1 
1 66 5 8 8 2 
20 45 10 12 2 1 
90 
1 44 34 11 
1 10 78 1 
16 38 16 10 5 2 1 2 
1 72 17 
1 24 5 48 4 3 2 3 
1 4 61 22 2 
1 89 
3 55 23 5 1 3 
5 49 29 7 
1 33 8 32 7 6 1 1 1 
11 74 5 
25 63 2 
1 40 7 36 3 1 1 1 
2 21 46 14 6 1 
70 11 1 5 3 
16 61 13 
15 75 
1 23 33 18 15 
3 8 61 8 5 2 1 2 
1 37 12 17 4 7 7 3 2 
1 42 4 39 4 
2 86 2 
6 43 40 1 
1 15 72 2 
55 22 2 10 1 
5 41 32 7 1 1 3 
9 1 19 31 11 16 3 
18 44 15 11 2 
2 71 17 
5 9 61 2 3 3 7 
1 12 71 1 5 
1 31 39 14 2 3 
2 83 5 
1 36 8 3 22 6 8 3 2 1 
3 76 4 2 5 
1 37 45 1 6 
78 7 4 1 
60 16 9 3 1 1 
6 52 5 21 5 1 
4 77 1 5 1 1 1 
86 4 
66 18 1 3 2 
1 19 34 14 22 
62 2 7 8 1 8 1 1 
1 8 69 12 
1 25 58 1 5 
1 30 22 34 3 
47 16 21 5 1 
6 20 58 2 4 
1 13 53 19 4 
1 8 54 7 19 1 
70 7 13 
10 72 4 1 3 
2 59 29 
5 71 8 4 2 
1 53 11 9 6 1 3 1 2 3 
1 50 35 1 1 1 1 
1 54 5 19 9 1 1 
22 68 
1 52 2 32 1 1 1 
1 50 31 5 3 
1 24 62 3 
3 63 24 
12 44 25 6 2 1 
1 3 6 48 1 11 4 2 9 3 1 1 
9 18 62 1 
1 67 6 11 5 
30 55 1 3 1 
88 1 1 
7 62 13 1 4 3 
1 71 6 11 1 
40 34 3 3 4 3 2 1 
1 53 3 28 5 
1 56 31 2 
1 78 10 1 
2 75 13 
27 7 2 20 12 18 3 1 
88 1 1 
1 19 43 17 9 1 
31 21 38 
1 32 16 39 2 
9 44 26 8 1 2 
2 4 19 17 2 4 14 12 8 3 4 1 
2 19 30 33 3 1 2 
1 31 9 45 1 3 
1 26 40 5 1 1 10 1 4 1 
2 56 1 7 20 3 1 
18 53 10 9 
7 29 12 25 14 2 1 
6 46 13 13 11 1 
34 21 2 9 8 16 
2 22 24 7 16 11 8 
8 43 1 23 2 7 3 1 2 
1 81 8 
1 67 20 2 
11 77 2 
6 8 29 29 11 7 
55 17 11 5 2 
4 68 15 1 1 1 
16 43 5 20 6 
3 14 60 13 
1 9 21 48 2 9 
1 57 6 7 8 10 1 
1 40 24 22 2 1 
20 59 1 10 
49 15 10 7 9 
9 31 40 8 1 1 
4 68 10 1 1 1 1 1 1 1 1 
2 42 2 9 34 1 
8 75 7 
19 66 5 
25 38 19 6 1 1 
4 6 71 2 7 
9 78 3 
1 16 51 12 7 2 1 
1 89 
1 58 3 14 6 6 1 1 
8 82 
15 6 53 7 7 1 1 
1 4 21 27 30 2 1 2 1 1 
1 60 9 16 2 2 
10 11 11 21 32 4 1 
2 88 
1 58 22 8 1 
1 75 7 2 2 2 1 
10 33 10 13 11 1 7 3 2 
2 25 54 9 
2 76 5 1 1 1 1 1 1 1 
1 37 2 43 5 1 1 
12 5 20 8 10 33 1 1 
1 43 38 8 
8 63 19 
2 34 28 22 2 1 1 
6 76 8 
26 54 6 1 1 2 
29 35 26 
1 57 19 9 4 
44 34 12 
2 51 12 15 1 3 2 1 2 1 
3 32 50 1 3 1 
2 46 14 5 23 
12 53 1 21 1 1 1 
1 88 1 
2 75 11 2 
2 65 10 5 3 2 1 2 
3 7 24 20 10 10 13 3 
5 79 2 1 1 1 1 
1 50 12 12 13 2 
1 6 80 3 
83 2 5 
31 7 43 5 2 2 
3 37 13 33 4 
2 71 1 9 5 2 
55 7 4 12 12 
1 86 2 1 
25 44 17 2 1 1 
1 15 10 41 14 8 1 
12 78 
2 85 1 1 1 
1 37 24 24 4 
1 69 4 12 2 1 1 
4 71 9 5 1 
5 16 60 4 3 2 
8 17 2 37 22 3 1 
4 84 2 
2 2 40 40 1 4 1 
1 12 57 1 8 5 1 3 1 1 
23 43 10 1 4 1 5 1 1 1 
6 73 8 3 
1 43 40 6 
1 20 15 46 2 2 3 1 
6 13 29 8 15 4 15 
1 24 15 39 3 7 1 
1 46 33 7 3 
74 2 1 1 5 5 2 
1 41 33 15 
44 19 24 1 1 1 
1 70 18 1 
6 56 11 8 4 5 
2 76 11 1 
1 15 66 1 7 
2 48 18 17 4 1 
1 18 10 49 2 9 1 
3 49 36 2 
7 2 3 67 11 
5 7 58 14 5 1 
1 48 37 4 
3 66 21 
1 47 40 2 
3 52 9 20 4 2 
1 80 9 
1 41 3 12 11 1 8 5 2 6 
4 56 22 2 4 2 
1 24 39 8 15 1 2 
1 48 37 3 1 
3 2 85 
3 24 16 43 2 1 1 
9 58 12 5 2 2 1 1 
3 22 54 10 1 
43 5 25 13 4 
1 48 31 10 
76 1 9 2 1 1 
10 21 55 3 1 
2 34 35 5 12 1 1 
10 9 8 12 50 1 
89 1 
3 16 1 53 9 7 1 
1 27 29 26 7 
1 64 24 1 
5 40 38 5 2 
2 27 11 26 2 15 7 
2 56 9 12 11 
14 69 1 5 1 
90 
4 45 28 6 3 1 2 1 
3 30 18 7 9 3 9 8 1 1 1 
17 32 28 4 7 1 1 
2 42 2 12 14 1 1 2 9 1 2 2 
13 61 5 5 2 1 1 2 
1 82 6 1 
1 9 11 3 32 26 5 1 2 
10 2 17 2 27 31 1 
1 35 38 9 3 3 1 
1 52 28 9 
2 27 10 4 27 16 1 1 2 
3 9 49 19 10 
1 5 19 22 35 1 4 1 1 1 
1 63 13 9 4 
1 11 77 1 
1 12 18 29 30 
1 72 17 
5 72 10 2 1 
5 30 52 3 
4 26 43 7 3 6 1 
1 66 8 3 5 2 4 1 
2 5 11 65 7 
2 10 12 41 18 1 5 1 
1 9 74 5 1 
79 6 5 
6 32 23 2 12 6 8 1 
1 19 5 38 27 
2 44 35 2 5 1 1 
5 36 42 2 4 1 
2 29 26 15 17 1 
5 37 32 2 12 2 
1 22 7 31 22 3 3 1 
21 13 37 6 1 3 5 1 3 
4 65 2 12 7 
7 49 30 3 1 
1 4 53 29 3 
2 70 18 
1 1 7 37 20 15 7 2 
1 38 44 6 1 
1 14 20 40 1 3 3 4 2 2 
2 46 42 
4 26 27 32 1 
15 73 1 1 
2 7 36 39 6 
5 2 9 20 35 5 13 1 
1 43 30 8 5 3 
1 52 29 6 1 1 
17 16 42 3 8 4 
2 30 11 11 11 19 5 1 
3 8 16 59 4 
5 14 38 22 8 2 1 
2 18 2 25 25 16 2 
1 1 8 26 14 20 9 1 3 3 4 
28 60 1 1 
73 2 14 1 
4 22 46 7 9 2 
1 62 17 9 1 
33 27 20 9 1 
3 72 3 1 4 3 3 1 
1 73 15 1 
3 47 17 18 1 4 
5 75 9 1 
4 11 19 53 3 
8 16 11 15 23 12 3 1 1 
1 79 7 2 1 
63 7 9 6 3 1 1 
1 63 26 
1 37 35 2 1 7 1 1 5 
36 20 11 22 1 
2 62 4 2 6 2 8 2 1 1 
1 66 22 1 
1 24 20 5 17 9 13 1 
2 54 3 3 2 14 12 
1 65 7 2 9 3 1 2 
1 38 22 4 2 23 
1 17 35 28 9 
11 72 6 1 
4 61 11 8 4 2 
1 48 9 4 18 8 2 
52 10 20 5 1 2 
2 61 6 4 7 9 1 
1 29 17 25 18 
4 49 1 8 27 1 
3 66 21 
1 24 56 5 4 
1 8 26 17 25 11 1 1 
64 21 4 1 
4 80 5 1 
1 40 38 6 2 2 1 
1 42 34 4 6 1 2 
7 37 25 16 3 2 
11 30 39 4 2 2 2 
2 17 70 1 
1 14 60 3 2 1 8 1 
1 66 10 6 7 
4 52 20 1 11 1 1 
1 80 9 
1 52 18 14 1 1 1 1 1 
7 48 4 17 4 9 1 
1 29 48 2 10 
2 22 36 30 
12 37 24 10 1 3 1 1 1 
1 59 17 2 4 4 2 1 
1 43 46 
1 81 6 1 1 
1 66 14 8 1 
9 76 5 
82 8 
3 52 2 28 5 
8 37 6 36 3 
78 1 6 4 1 
1 35 20 3 5 13 5 1 6 1 
3 44 10 31 2 
1 21 10 8 7 5 19 2 2 11 2 1 1 
4 85 1 
3 10 6 51 9 9 1 1 
1 7 6 58 18 
2 5 75 3 5 
5 83 2 
2 65 14 8 1 
2 61 21 4 1 1 
3 44 38 4 1 
74 10 3 3 
4 30 47 7 2 
1 2 47 34 5 1 
7 59 20 4 
66 22 2 
15 36 23 15 1 
16 46 23 1 3 1 
10 11 59 8 2 
3 53 4 27 2 1 
5 60 22 3 
2 60 19 8 1 
1 26 59 2 1 1 
1 85 4 
13 70 4 3 
20 19 27 5 6 8 1 2 2 
1 77 6 2 1 3 
1 60 15 11 3 
1 8 9 16 52 1 1 1 1 
11 44 4 20 10 1 
76 5 2 2 2 2 1 
3 21 21 24 14 4 3 
1 8 42 4 2 7 2 4 14 5 1 
1 13 48 19 6 3 
1 73 14 1 1 
5 6 55 5 16 1 1 1 
33 33 24 
4 18 33 16 12 7 
36 1 29 13 8 2 1 
2 54 31 3 
4 3 38 42 3 
2 19 30 1 18 7 11 2 
6 5 16 29 5 1 19 1 2 2 4 
1 40 37 12 
1 72 17 
69 17 4 
1 71 2 7 9 
65 14 1 8 2 
7 4 40 12 7 7 4 8 1 
1 28 41 16 3 1 
1 18 12 35 3 9 8 1 1 1 1 
1 65 8 9 2 3 1 1 
4 45 28 5 6 1 1 
1 56 4 8 5 1 1 10 2 2 
2 4 9 39 34 2 
1 84 3 1 1 
69 12 7 1 1 
1 43 40 1 2 2 1 
4 79 7 
3 86 1 
46 42 2 
1 26 63 
2 52 8 1 7 12 1 2 3 1 1 
11 13 12 24 12 8 6 4 
3 10 41 16 15 4 1 
1 26 43 1 1 1 1 3 9 2 2 
4 36 46 4 
4 56 22 7 1 
2 87 1 
2 81 2 1 3 1 
3 24 20 3 4 31 2 3 
1 75 2 12 
6 50 7 26 1 
1 19 6 16 7 5 23 3 2 8 
6 61 7 11 1 2 2 
3 7 43 13 23 1 
3 71 1 3 3 4 2 1 1 1 
1 70 19 
18 70 1 1 
1 44 7 12 23 3 
2 68 20 
5 64 2 16 1 1 1 
8 16 12 52 2 
1 27 29 25 8 
2 31 52 5 
1 64 25 
5 22 29 1 5 7 7 1 11 2 
1 18 13 29 16 5 8 
65 19 5 1 
4 48 25 4 5 1 2 1 
2 13 33 33 9 
3 42 40 1 3 1 
1 30 8 42 9 
64 21 2 2 1 
4 3 44 5 10 8 13 1 1 1 
1 80 8 1 
7 38 33 3 8 1 
14 4 4 32 1 19 12 4 
10 58 18 2 2 
8 66 16 
40 12 34 4 
4 75 11 
1 77 4 7 1 
1 30 10 7 15 6 4 1 11 2 3 
4 64 22 
1 86 3 
2 33 7 39 6 1 1 1 
1 71 16 2 
6 48 26 5 2 2 1 
5 27 53 1 1 1 2 
3 59 1 25 1 1 
3 46 36 4 1 
3 13 30 35 5 2 2 
81 3 2 4 
5 61 24 
2 24 8 18 23 11 4 
1 9 31 10 34 3 2 
1 28 42 4 10 1 4 
14 50 9 12 3 1 1 
1 76 8 4 1 
19 62 1 2 5 1 
89 1 
3 23 34 25 5 
1 53 13 23 
3 77 8 1 1 
2 20 33 27 2 4 2 
2 72 9 7 
2 50 28 10 
4 24 61 1 
1 52 4 2 27 2 2 
16 39 13 11 1 6 4 
1 34 49 3 3 
90 
1 74 15 
1 33 51 1 2 1 1 
2 45 9 14 8 7 1 3 1 
75 14 1 
59 26 5 
57 33 
1 16 36 15 22 
1 62 19 5 3 
1 35 32 20 1 1 
1 85 1 1 2 
9 74 7 
1 72 17 
62 21 4 3 
1 37 5 26 20 1 
3 42 5 34 5 1 
1 84 5 
1 19 70 
1 68 12 5 2 1 1 
42 44 4 
10 77 3 
1 70 18 1 
1 1 24 24 6 26 2 1 5 
1 63 24 1 1 
3 13 31 10 30 2 1 
2 88 
1 38 15 20 2 14 
3 32 9 33 5 1 1 2 3 1 
2 54 25 9 
1 89 
1 55 6 22 4 1 1 
1 6 4 21 41 8 2 1 6 
2 84 4 
74 14 2 
1 43 28 10 2 1 1 2 2 
8 32 21 8 18 1 1 1 
2 30 58 
2 39 9 22 11 7 
55 31 4 
2 60 10 2 13 2 1 
1 70 5 2 5 4 1 1 1 
1 72 10 5 1 1 
38 46 6 
30 16 40 3 1 
29 28 14 9 9 1 
1 89 
16 39 4 19 12 
1 79 1 1 2 6 
51 30 7 2 
1 3 41 6 6 15 10 3 1 1 2 1 
1 30 1 56 1 1 
1 63 26 
67 1 15 3 3 1 
78 10 2 
23 32 28 6 1 
3 28 47 9 3 
1 1 36 45 2 1 1 3 
6 71 4 8 1 
2 27 32 18 7 1 2 1 
1 62 9 9 9 
2 35 53 
1 12 21 41 5 1 4 2 1 2 
44 26 16 4 
1 70 13 6 
69 7 11 3 
1 78 2 1 2 4 1 1 
2 36 20 20 1 10 1 
1 39 50 
1 82 7 
3 58 29 
1 86 1 1 1 
55 14 7 10 3 1 
50 14 7 3 4 4 5 1 2 
1 48 41 
3 47 18 16 6 
8 69 13 
7 34 31 13 5 
1 67 14 6 1 1 
11 74 5 
1 49 21 6 1 4 2 3 1 2 
4 3 77 2 4 
88 2 
61 15 12 2 
1 53 1 28 3 4 
1 65 11 7 6 
1 19 5 17 46 2 
28 45 10 1 2 2 2 
1 13 21 25 10 18 1 1 
15 11 24 17 21 1 1 
2 13 13 16 13 2 4 15 12 
4 72 9 4 1 
1 17 8 22 3 22 10 7 
7 78 1 1 3 
2 75 13 
1 5 10 44 10 11 3 6 
57 4 13 7 7 2 
1 44 27 17 1 
79 10 1 
45 26 18 1 
3 40 8 36 1 2 
2 35 20 19 5 2 5 2 
1 30 19 32 6 2 
1 57 18 9 3 2 
1 43 34 10 1 1 
3 75 9 2 1 
9 81 
1 30 49 8 1 1 
1 9 46 21 12 1 
1 1 83 2 1 2 
8 82 
1 50 33 3 3 
4 15 52 6 3 7 2 1 
1 75 13 1 
15 22 25 8 10 6 1 2 1 
84 5 1 
5 51 34 
7 80 1 2 
44 27 6 13 
20 64 1 5 
7 80 3 
36 11 7 36 
1 37 36 8 1 5 1 1 
1 73 16 
1 13 65 7 3 1 
1 11 21 6 8 43 
2 30 10 13 25 5 1 1 2 1 
2 68 20 
74 10 2 3 1 
4 46 20 18 1 1 
1 67 11 5 3 1 1 1 
1 82 4 2 1 
5 58 16 5 1 1 4 
1 82 7 
8 80 2 
4 68 7 11 
6 47 11 26 
22 56 4 1 6 1 
1 18 22 4 27 8 3 7 
3 67 20 
1 66 12 2 6 1 1 1 
2 79 1 6 2 
1 42 10 25 12 
41 18 3 26 2 
2 80 8 
3 2 40 22 6 17 
2 75 1 7 5 
65 12 13 
16 36 5 22 2 4 1 1 3 
2 45 29 7 3 2 2 
28 9 50 2 1 
1 77 8 3 1 
3 44 30 1 6 4 1 1 
89 1 
1 15 39 4 20 6 4 1 
21 31 38 
1 60 25 3 1 
2 44 33 10 1 
3 54 33 
28 44 9 9 
1 24 20 30 2 1 3 2 3 2 2 
1 89 
1 37 13 32 3 2 1 1 
2 71 4 10 3 
4 85 1 
1 74 14 1 
1 52 21 11 5 
2 13 51 17 2 3 2 
5 77 7 1 
90 
1 2 51 30 2 3 1 
48 9 21 7 1 1 1 1 1 
3 7 64 10 5 1 
4 48 33 2 1 2 
10 30 42 1 7 
30 56 2 2 
5 11 13 56 5 
17 27 46 
89 1 
1 39 18 11 6 14 1 
2 12 30 25 18 1 1 1 
11 41 38 
1 9 18 8 26 9 16 1 2 
88 2 
23 31 5 18 1 1 11 
28 9 13 5 8 18 1 4 1 3 
84 3 2 1 
1 89 
90 
1 3 27 41 10 6 1 1 
1 3 35 1 8 25 3 11 3 
8 60 13 3 5 1 
23 21 24 16 6 
1 18 65 3 1 2 
1 58 28 3 
1 47 32 6 4 
1 71 6 9 2 1 
9 27 49 2 3 
5 75 4 4 2 
1 21 27 13 18 4 3 2 1 
3 8 36 35 8 
1 15 15 41 9 6 1 1 1 
33 51 3 2 1 
1 27 41 15 1 3 2 
3 8 52 15 10 1 1 
2 69 10 7 2 
1 88 1 
5 63 8 5 1 7 1 
1 16 16 55 2 
1 68 20 1 
1 46 42 1 
1 88 1 
3 74 3 8 1 1 
7 68 11 2 2 
10 68 7 4 1 
2 47 32 8 1 
15 47 19 8 1 
7 80 3 
76 12 2 
3 6 9 30 23 8 8 1 1 1 
15 42 7 18 3 5 
1 28 55 6 
8 58 2 7 11 4 
3 47 39 1 
1 68 3 9 3 3 2 1 
1 67 21 1 
1 76 1 12 
9 28 8 26 19 
25 5 5 55 
78 2 3 6 1 
2 6 11 71 
5 31 7 23 8 7 8 1 
1 8 51 4 21 1 1 3 
4 40 10 12 24 
38 40 11 1 
1 34 6 32 8 7 1 1 
77 11 1 1 
1 58 3 7 17 2 2 
12 32 1 23 1 20 1 
3 37 9 29 12 
3 42 23 7 7 4 3 1 
4 55 1 28 2 
1 70 12 4 2 1 
1 30 13 19 23 3 1 
1 40 25 13 8 2 1 
8 78 4 
1 86 1 2 
6 3 32 22 7 5 3 6 4 1 1 
1 40 16 6 14 10 3 
2 4 15 49 11 5 3 1 
1 69 19 1 
6 27 51 5 1 
22 56 4 7 1 
4 36 10 13 22 1 3 1 
2 71 17 
4 8 76 2 
2 35 38 7 3 1 2 1 1 
7 35 47 1 
2 50 37 1 
67 12 7 1 3 
6 53 31 
1 64 10 15 
1 37 15 4 12 16 3 1 1 
5 26 28 4 11 3 3 10 
5 41 22 1 15 3 2 1 
4 54 5 14 5 8 
82 1 1 2 4 
56 14 17 1 1 1 
1 20 35 28 3 1 2 
61 29 
6 14 9 16 15 1 13 15 1 
35 29 11 1 9 5 
1 29 60 
1 49 40 
81 1 7 1 
1 87 1 1 
1 59 10 4 6 7 2 1 
52 31 7 
41 49 
1 35 51 2 1 
17 61 4 5 1 2 
6 49 4 20 8 3 
1 45 42 2 
14 64 10 2 
4 4 35 5 21 2 11 1 5 1 1 
2 24 64 
25 9 11 9 9 20 7 
1 6 31 41 11 
1 46 41 2 
1 85 3 1 
1 56 29 2 1 1 
1 33 49 7 
1 52 31 3 1 2 
4 65 20 1 
4 23 49 3 6 1 2 2 
6 16 37 24 3 4 
2 39 31 14 4 
4 85 1 
73 6 3 1 4 3 
4 37 19 14 10 5 1 
4 47 5 18 2 14 
1 32 16 7 16 1 6 11 
19 47 22 2 
1 78 6 3 2 
18 26 45 1 
1 12 3 35 16 8 13 1 1 
1 15 31 39 4 
1 18 52 10 8 1 
13 72 4 1 
3 43 44 
12 2 15 3 54 4 
89 1 
1 5 31 30 11 2 2 7 1 
23 11 19 27 7 1 1 1 
1 72 9 2 2 4 
3 2 46 20 7 2 4 2 3 1 
1 30 16 27 3 6 5 2 
3 31 30 17 8 1 
1 65 15 7 1 1 
15 62 6 6 1 
2 37 45 1 1 1 1 1 1 
1 63 12 4 4 5 1 
3 54 20 4 3 4 2 
1 8 24 12 24 21 
1 22 66 1 
1 43 46 
4 36 4 41 5 
2 70 12 1 3 2 
4 5 47 21 6 7 
1 87 1 1 
9 57 4 4 1 7 8 
6 63 4 15 2 
1 49 16 8 2 8 5 1 
1 77 2 9 1 
1 26 28 8 14 9 2 2 
1 76 12 1 
1 87 1 1 
1 59 17 6 1 4 2 
1 15 37 1 18 16 1 1 
1 68 3 3 10 3 2 
2 15 32 16 13 4 4 2 1 1 
2 27 55 6 
28 57 4 1 
7 80 1 1 1 
26 39 22 1 2 
24 11 4 28 6 9 5 2 1 
2 22 46 20 
2 76 10 2 
10 13 43 23 1 
1 58 9 18 4 
2 50 20 14 2 2 
1 81 5 3 
4 83 3 
1 45 2 21 21 
1 61 6 21 1 
1 78 1 7 1 2 
1 24 16 23 15 11 
1 7 15 22 2 34 9 
1 80 9 
1 28 23 14 14 10 
2 12 7 24 26 1 6 3 9 
1 43 46 
3 14 31 15 3 15 6 2 1 
5 7 73 5 
2 5 16 51 10 5 1 
11 68 10 1 
81 2 7 
3 38 42 1 6 
11 39 27 5 6 1 1 
5 27 33 19 1 4 1 
1 82 5 1 1 
2 74 1 8 3 2 
28 53 6 1 1 1 
25 32 11 22 
1 80 2 1 6 
1 54 1 30 1 1 2 
2 56 12 16 4 
1 54 33 2 
1 19 15 15 37 2 1 
1 9 37 9 21 5 5 2 1 
3 38 4 42 2 1 
10 6 7 62 2 2 1 
3 18 24 28 17 
1 13 4 21 16 21 1 8 3 2 
3 82 5 
1 43 1 1 38 3 2 1 
1 33 26 19 6 3 2 
1 26 27 18 7 8 2 1 
5 42 41 1 1 
4 84 2 
6 61 23 
1 37 12 28 12 
1 46 15 21 3 2 1 1 
2 22 18 3 12 24 1 2 3 1 2 
14 46 2 17 10 1 
4 48 4 1 16 1 4 1 11 
1 37 22 18 1 8 3 
1 63 10 8 6 1 1 
1 4 11 19 44 5 6 
1 56 33 
1 34 14 30 2 7 2 
36 8 21 23 1 1 
1 39 39 6 2 1 2 
1 60 6 1 10 1 10 1 
1 76 5 2 6 
1 22 34 25 3 1 4 
1 67 12 1 7 1 1 
12 68 2 1 6 1 
1 50 2 29 5 2 1 
1 14 70 5 
3 36 39 1 9 1 1 
5 44 31 4 5 1 
30 18 16 8 15 1 2 
2 32 32 7 2 3 2 9 1 
4 84 1 1 
2 83 5 
8 3 50 3 15 8 2 1 
2 62 26 
74 8 1 5 2 
1 36 46 4 1 1 1 
6 12 29 5 21 13 4 
90 
60 24 3 2 1 
26 48 13 3 
11 24 54 1 
32 28 7 14 2 5 2 
27 13 4 5 12 4 22 3 
4 16 55 9 1 3 1 1 
51 29 10 
7 33 37 8 5 
1 30 58 1 
1 62 3 9 9 2 4 
5 21 25 14 10 5 4 1 3 2 
44 26 13 1 2 3 1 
8 14 1 39 4 4 9 1 5 4 1 
1 21 45 11 11 1 
1 34 27 19 7 2 
1 62 9 1 17 
37 16 1 29 3 3 1 
29 27 22 6 6 
1 72 17 
20 27 11 3 3 24 2 
1 79 5 1 1 2 1 
1 15 40 8 17 9 
20 21 29 1 2 9 3 4 1 
7 37 27 8 5 2 1 2 1 
42 15 2 26 3 2 
2 74 12 1 1 
18 71 1 
2 61 15 5 2 5 
1 85 3 1 
5 23 7 30 22 1 2 
5 37 40 1 4 1 2 
1 50 29 8 2 
1 24 47 4 9 1 4 
17 16 6 23 24 4 
1 13 24 22 30 
2 39 7 25 12 4 1 
2 76 12 
4 58 6 4 17 1 
3 16 16 29 7 1 18 
1 28 9 19 27 4 2 
2 77 3 4 1 3 
1 76 9 1 1 1 1 
63 12 4 11 
1 2 10 51 13 2 2 7 1 1 
5 80 5 
2 18 17 28 3 12 6 2 1 1 
10 64 1 10 5 
1 11 78 
2 40 2 28 8 8 2 
1 44 13 22 10 
1 18 63 3 3 1 1 
1 26 28 14 13 3 1 2 2 
5 57 1 27 
2 29 16 7 31 3 2 
12 42 34 1 1 
1 85 4 
1 10 9 53 16 1 
1 66 22 1 
7 6 45 16 5 11 
7 38 13 18 13 1 
4 84 1 1 
1 89 
1 66 7 5 7 1 3 
3 56 30 1 
1 68 19 2 
2 16 38 26 6 2 
2 47 1 6 3 3 7 8 7 5 1 
23 64 3 
2 34 35 6 4 7 1 1 
1 69 20 
3 83 3 1 
13 64 10 1 1 1 
2 73 10 5 
7 19 15 44 5 
12 3 3 62 2 3 2 2 1 
1 40 25 9 15 
5 85 
75 10 2 2 1 
1 61 17 5 1 3 2 
2 74 2 3 8 1 
1 28 1 19 32 7 2 
1 86 3 
2 63 6 1 18 
9 1 18 59 2 1 
1 35 30 12 9 3 
15 34 23 16 2 
1 15 44 2 28 
2 56 17 11 2 2 
7 32 47 3 1 
4 66 14 3 3 
2 48 34 2 2 2 
2 84 1 1 2 
1 7 58 1 1 8 9 3 2 
1 60 22 5 2 
1 53 23 12 1 
5 27 13 14 24 5 2 
1 53 35 1 
2 61 2 11 14 
1 42 2 23 2 1 11 6 2 
1 50 17 19 3 
1 68 7 14 
1 1 5 37 4 7 29 1 3 1 1 
1 3 52 19 12 1 2 
2 66 5 6 11 
88 1 1 
1 24 25 28 11 1 
75 6 3 2 4 
1 61 18 10 
6 52 17 11 2 1 1 
6 40 3 30 3 7 1 
2 52 6 13 3 13 1 
1 71 17 1 
4 49 30 5 2 
10 75 3 1 1 
6 53 21 9 1 
1 18 18 18 15 18 2 
56 9 22 3 
2 63 1 19 5 
1 54 17 8 1 6 2 1 
2 31 47 2 7 1 
6 42 40 2 
90 
1 4 31 24 15 13 1 1 
1 36 31 18 4 
2 33 12 42 1 
1 44 24 8 3 4 6 
4 81 2 3 
64 9 10 1 6 
2 23 32 4 9 8 12 
90 
1 27 48 8 6 
5 67 13 2 3 
11 18 45 10 4 2 
4 35 1 6 11 29 4 
1 78 11 
2 32 45 4 7 
2 16 39 28 4 1 
1 45 33 9 1 1 
3 85 1 1 
23 4 63 
6 27 29 13 12 1 2 
3 35 52 
22 27 2 22 12 1 4 
1 64 22 2 1 
4 36 44 1 1 2 1 1 
10 23 45 4 4 2 1 1 
1 38 45 3 1 1 1 
11 7 8 61 1 2 
1 68 6 3 3 4 5 
1 32 28 25 1 3 
3 22 16 43 2 1 2 1 
2 86 2 
1 73 16 
1 19 13 9 22 2 8 4 12 
5 37 3 32 9 2 1 1 
1 70 14 4 1 
2 23 64 1 
2 65 3 14 1 1 3 1 
9 52 11 12 4 2 
1 42 6 35 2 3 1 
6 62 4 7 5 3 3 
81 3 2 3 1 
90 
1 12 77 
3 81 3 3 
16 27 47 
1 36 48 2 2 1 
1 37 27 10 6 9 
3 36 49 2 
11 57 4 12 1 5 
1 35 48 1 4 1 
87 1 1 1 
11 40 3 20 13 3 
19 2 69 
9 78 1 1 1 
2 13 32 26 13 2 1 1 
13 71 5 1 
3 63 14 2 4 1 2 1 
5 48 19 9 2 6 1 
1 41 14 20 8 4 2 
4 47 9 26 2 2 
2 84 4 
26 49 13 2 
1 77 4 4 4 
3 83 4 
1 78 8 2 1 
3 8 23 3 10 30 5 1 4 2 1 
1 46 9 23 10 1 
32 22 9 11 12 3 1 
1 87 1 1 
1 64 11 14 
1 61 5 17 3 1 2 
2 10 39 1 15 8 14 1 
1 3 68 14 1 1 2 
1 80 5 1 1 1 1 
3 16 47 23 1 
1 87 2 
2 18 30 3 24 5 1 2 3 1 1 
71 12 7 
6 14 34 32 3 1 
64 24 2 
58 9 5 14 1 1 1 1 
67 4 5 12 2 
3 74 7 6 
30 10 39 8 3 
1 55 32 2 
1 86 2 1 
7 54 2 12 15 
1 29 12 10 17 4 3 1 4 4 1 2 1 1 
10 27 40 2 8 1 2 
6 57 26 1 
1 39 27 8 9 1 3 2 
1 47 36 2 2 1 1 
10 47 29 1 1 1 1 
1 25 47 6 7 4 
87 2 1 
1 38 24 19 2 4 2 
12 70 4 1 1 1 1 
1 30 19 8 32 
1 15 6 46 1 12 7 1 1 
1 81 2 5 1 
3 54 3 29 1 
33 15 28 12 2 
31 6 15 23 13 1 1 
1 84 1 4 
2 19 33 14 9 1 4 7 1 
56 31 2 1 
2 4 40 26 8 5 2 3 
1 69 20 
1 31 25 3 27 1 1 1 
1 19 60 4 3 2 1 
17 54 9 3 1 2 2 2 
3 1 37 14 22 4 5 1 1 2 
43 3 19 23 2 
7 28 27 25 2 1 
4 65 21 
22 22 21 10 6 2 7 
6 27 22 11 13 4 5 2 
18 18 43 7 1 3 
1 85 1 1 1 1 
1 18 61 5 5 
1 75 7 2 5 
3 40 38 1 8 
2 30 54 4 
3 38 22 1 1 14 1 5 1 2 2 
4 50 13 15 8 
9 69 12 
1 49 22 18 
5 65 20 
1 33 56 
12 25 10 19 10 14 
1 71 8 9 1 
1 4 56 9 6 11 3 
57 28 3 2 
2 30 23 4 2 11 14 3 1 
1 45 43 1 
6 25 1 22 21 15 
4 84 2 
10 29 37 4 5 5 
5 74 2 6 1 1 1 
12 26 14 12 2 21 1 2 
3 85 2 
65 7 10 3 2 1 2 
1 17 16 30 3 3 10 10 
2 40 22 22 4 
26 14 35 8 7 
1 29 31 23 2 2 1 1 
1 38 45 2 1 2 1 
1 34 24 26 2 1 1 1 
1 20 15 24 19 6 5 
1 34 30 13 1 6 4 1 
13 69 7 1 
1 73 1 11 1 3 
1 43 20 13 2 7 2 2 
1 76 7 3 3 
5 74 9 2 
84 5 1 
3 5 2 76 4 
6 69 9 2 3 1 
2 52 14 6 14 1 1 
6 42 31 6 3 2 
7 22 20 33 5 2 1 
1 19 44 13 8 3 2 
1 81 7 1 
1 51 37 1 
3 81 6 
1 52 30 7 
1 7 14 66 1 1 
56 10 2 6 12 2 2 
3 82 2 1 2 
13 32 34 9 1 1 
5 79 2 1 2 1 
1 13 20 8 16 16 5 8 1 1 1 
59 22 4 1 4 
2 35 36 1 12 4 
4 40 23 18 4 1 
13 47 13 4 2 4 2 4 1 
3 1 49 2 24 6 4 1 
1 40 18 3 14 13 1 
46 14 16 10 1 1 1 1 
1 69 4 10 3 3 
5 15 15 21 9 1 3 5 11 4 1 
11 51 28 
83 2 2 3 
1 45 12 15 15 1 1 
50 11 11 16 1 1 
3 78 7 1 1 
1 49 4 11 3 13 9 
54 12 24 
14 59 17 
1 35 50 3 1 
1 39 30 2 5 2 6 1 3 1 
1 71 8 1 5 1 1 2 
16 14 57 1 1 1 
5 61 5 9 5 1 3 1 
2 10 70 5 2 1 
12 47 6 21 3 1 
1 12 46 30 1 
3 8 16 60 2 1 
1 78 1 7 2 1 
1 79 8 2 
1 36 5 25 16 7 
15 28 10 16 14 4 3 
1 16 25 41 1 1 3 1 1 
1 24 28 7 30 
6 73 8 1 1 1 
2 88 
8 61 4 14 2 1 
89 1 
32 17 34 3 4 
1 4 70 11 4 
29 6 13 40 1 1 
3 84 1 1 1 
3 43 43 1 
23 41 26 
6 11 73 
7 82 1 
45 43 1 1 
37 27 4 17 3 1 1 
56 32 2 
1 64 25 
1 16 40 16 4 6 5 2 
1 82 3 2 2 
44 38 1 1 6 
6 27 56 1 
4 41 38 1 4 1 1 
1 75 4 2 4 4 
1 18 46 1 4 10 9 1 
39 31 1 19 
2 41 18 9 6 5 5 4 
1 80 8 1 
1 74 11 1 3 
12 49 22 6 1 
10 80 
1 66 8 7 2 6 
2 14 10 2 42 15 5 
11 10 69 
90 
60 12 15 1 1 1 
1 85 4 
10 55 25 
11 52 16 10 1 
9 4 12 63 1 1 
1 34 52 3 
1 56 13 9 11 
4 73 10 1 2 
1 22 21 9 17 15 3 1 1 
1 46 6 37 
7 35 44 1 1 1 1 
1 38 35 15 1 
4 5 81 
7 46 20 11 1 4 1 
1 22 1 64 2 
7 53 27 2 1 
33 28 13 3 8 1 1 3 
1 60 14 5 9 1 
20 44 9 3 14 
1 87 1 1 
1 48 29 4 3 4 1 
1 16 1 18 34 8 3 1 5 1 1 1 
6 54 23 6 1 
1 58 11 17 3 
3 5 72 10 
2 83 1 3 1 
1 76 10 2 1 
1 54 31 4 
2 9 60 3 6 8 2 
1 67 3 17 1 1 
1 71 2 16 
89 1 
1 9 24 8 26 20 2 
1 47 9 14 10 4 2 3 
7 42 9 3 18 4 2 3 2 
1 41 41 1 6 
1 63 22 4 
1 17 30 16 20 1 2 2 1 
1 43 32 7 1 2 4 
2 82 6 
21 69 
1 80 4 4 1 
2 37 21 21 5 3 1 
2 16 44 3 9 2 13 1 
1 14 51 20 3 1 
2 67 21 
2 9 70 3 6 
1 88 1 
5 84 1 
3 5 19 19 13 4 9 2 3 7 2 2 2 
1 83 4 1 1 
8 49 32 1 
1 49 11 10 12 3 4 
1 40 21 24 3 1 
2 65 19 4 
1 50 11 11 6 2 4 2 1 1 1 
1 58 26 2 3 
9 49 25 3 4 
3 10 21 29 13 14 
33 46 11 
12 61 9 1 7 
10 30 24 4 21 1 
5 7 15 5 54 3 1 
1 41 24 10 5 2 1 3 2 1 
2 2 21 19 5 14 21 3 1 1 1 
23 36 13 8 2 2 1 5 
14 75 1 
1 80 1 5 1 1 1 
1 7 50 6 1 10 6 4 2 3 
80 2 7 1 
6 76 7 1 
1 19 5 31 14 8 8 3 1 
2 12 76 
2 57 3 28 
14 45 8 22 1 
12 50 8 14 3 2 1 
2 44 5 26 9 3 1 
3 70 12 2 3 
9 63 5 12 1 
65 16 6 3 
2 8 14 10 20 16 3 4 11 2 
2 64 13 10 1 
5 49 19 5 2 8 2 
2 54 9 7 18 
7 78 2 2 1 
50 11 29 
13 57 20 
1 28 4 4 52 1 
34 24 24 6 2 
1 75 4 7 3 
1 35 54 
35 28 19 2 3 2 1 
2 19 15 43 8 3 
24 41 1 15 6 3 
1 21 44 14 1 3 1 4 1 
26 17 31 2 5 7 1 1 
1 20 59 8 2 
4 25 46 15 
1 2 14 72 1 
4 12 35 5 22 3 1 1 1 2 2 1 1 
67 13 5 2 1 2 
19 21 28 14 4 1 3 
1 76 13 
13 1 58 14 1 1 2 
2 5 39 23 8 3 5 1 4 
1 15 14 10 4 6 21 5 1 3 1 2 2 1 1 2 1 
8 41 32 4 1 1 1 2 
1 63 18 3 5 
16 34 40 
2 26 21 24 16 1 
1 19 59 3 1 3 1 3 
58 4 9 17 2 
27 25 15 6 11 2 2 2 
14 4 9 29 12 11 1 4 1 2 2 1 
3 61 13 8 3 1 1 
1 12 62 15 
1 82 7 
1 27 33 7 19 1 1 1 
1 73 10 1 2 1 1 1 
3 68 19 
3 40 47 
1 76 8 5 
84 1 4 1 
4 29 19 22 12 4 
24 26 6 5 19 6 2 1 1 
31 3 28 13 11 3 1 
1 70 13 3 2 1 
1 48 22 13 1 4 1 
13 29 36 3 4 1 4 
2 81 5 2 
13 30 34 11 2 
6 56 1 8 5 3 7 3 1 
1 32 57 
7 63 3 2 9 2 3 1 
89 1 
5 29 18 38 
16 73 1 
50 3 37 
2 19 54 6 7 2 
3 47 27 11 1 1 
18 35 5 31 1 
7 8 74 1 
1 21 16 1 51 
1 84 5 
4 69 11 5 1 
1 34 44 8 2 1 
57 12 1 14 3 2 1 
1 49 9 10 20 1 
8 16 7 59 
1 85 1 1 1 1 
1 12 62 2 4 2 6 1 
2 8 62 14 4 
16 28 37 4 4 1 
2 46 27 12 3 
1 23 22 6 9 19 4 1 5 
1 42 12 30 2 2 1 
66 20 4 
22 34 24 9 1 
28 15 25 2 5 6 9 
4 56 11 4 13 1 1 
4 6 26 12 29 1 7 1 3 1 
1 45 38 4 1 1 
2 67 13 4 1 1 2 
5 11 6 20 4 29 5 1 5 3 1 
28 40 14 3 1 3 1 
90 
67 12 10 1 
1 26 51 1 10 1 
1 7 56 20 2 2 1 1 
48 6 27 8 1 
2 6 10 5 23 24 20 
2 60 7 11 6 2 2 
1 77 2 6 1 3 
2 52 20 9 2 3 2 
1 71 5 5 2 5 1 
1 84 1 1 1 2 
67 17 6 
1 81 2 3 3 
90 
5 31 44 9 1 
4 28 33 21 2 1 1 
9 58 7 12 4 
61 26 3 
48 26 14 1 1 
1 50 39 
21 4 4 27 9 7 4 5 6 1 1 1 
4 7 57 3 19 
5 8 45 26 3 2 1 
2 62 7 16 2 1 
2 76 5 4 3 
71 12 4 2 1 
24 41 25 
29 5 13 26 13 4 
1 58 18 11 1 1 
90 
1 62 18 7 1 1 
10 41 29 1 3 1 4 1 
1 82 1 4 2 
4 77 1 1 7 
1 10 6 50 10 4 3 5 1 
30 30 30 
3 66 8 7 1 2 2 1 
5 79 5 1 
1 69 2 15 2 1 
40 4 26 5 2 7 5 1 
48 18 3 13 6 2 
10 41 39 
8 68 9 4 1 
1 68 17 1 3 
1 13 74 2 
71 18 1 
81 1 8 
4 45 15 15 5 2 1 1 1 1 
8 21 61 
4 61 5 16 1 2 1 
88 1 1 
5 28 41 8 7 1 
1 44 11 20 1 12 1 
27 16 41 3 3 
12 20 37 15 2 4 
2 35 16 10 27 
3 64 23 
8 62 14 3 3 
3 13 19 37 13 5 
1 69 4 5 5 4 2 
1 42 3 24 16 1 1 1 1 
70 14 2 1 1 2 
40 10 27 9 4 
6 48 33 3 
1 77 1 6 5 
7 44 19 17 2 1 
19 52 19 
1 47 16 13 4 1 1 2 5 
1 79 10 
1 81 1 3 1 1 1 1 
1 6 14 6 43 19 1 
1 69 1 4 15 
1 59 9 17 1 1 1 1 
2 53 33 2 
6 58 20 3 2 1 
1 37 39 6 1 3 3 
2 86 1 1 
11 65 1 9 1 1 1 1 
1 33 53 1 1 1 
1 11 1 32 3 33 8 1 
1 30 35 12 11 1 
83 2 2 3 
3 49 17 20 1 
88 1 1 
2 20 31 31 6 
1 56 1 2 3 1 22 1 1 2 
3 58 18 5 6 
4 54 11 6 3 2 3 6 1 
1 53 1 35 
2 81 2 4 1 
1 54 24 5 6 
2 72 11 4 1 
1 50 20 5 12 1 1 
36 29 4 20 1 
5 57 1 13 2 11 1 
1 49 40 
1 22 37 30 
1 6 35 10 15 23 
1 18 10 42 13 3 2 1 
1 15 53 14 3 1 1 1 1 
1 71 4 1 11 1 1 
1 73 10 4 1 1 
1 39 44 2 2 1 1 
1 63 10 10 6 
3 80 7 
2 33 53 1 1 
1 74 5 1 5 4 
24 54 6 2 1 1 2 
1 74 9 4 2 
1 54 20 7 1 3 1 3 
6 27 39 4 14 
1 13 11 60 2 1 1 1 
1 50 3 14 4 2 3 7 2 4 
19 6 14 51 
3 78 7 2 
2 13 40 28 6 1 
6 59 25 
9 76 3 1 1 
2 76 9 3 
69 10 7 3 1 
18 46 10 9 7 
1 8 52 19 8 1 1 
3 52 34 1 
1 20 69 
1 25 57 3 1 1 2 
1 69 9 4 5 1 1 
1 14 75 
11 39 10 29 1 
1 7 64 18 
1 75 7 6 1 
12 14 13 50 1 
2 55 26 4 1 1 1 
7 52 31 
22 52 11 5 
1 19 23 27 4 3 1 8 1 2 1 
14 60 5 11 
2 12 7 66 1 1 1 
7 83 
25 28 4 30 2 1 
3 86 1 
1 57 25 3 1 2 1 
1 63 15 2 9 
4 2 50 11 21 2 
1 36 25 8 7 1 5 4 1 1 1 
2 6 69 6 5 2 
1 9 27 4 41 4 3 1 
1 20 40 6 9 11 1 1 1 
3 6 67 2 6 4 2 
5 45 2 5 29 4 
1 63 14 6 5 1 
3 59 10 13 3 2 
12 53 15 9 1 
1 33 22 6 18 8 1 1 
52 24 1 6 2 4 1 
1 35 17 32 1 1 1 1 1 
1 87 1 1 
6 63 2 11 8 
2 50 26 10 1 1 
1 52 12 7 9 6 3 
2 42 19 5 20 1 1 
3 43 5 11 8 18 2 
1 5 34 34 1 4 5 1 3 1 1 
28 62 
85 1 2 2 
82 1 5 2 
1 23 66 
8 29 32 4 16 1 
1 48 34 7 
8 60 5 10 3 3 1 
1 88 1 
16 2 69 1 2 
2 59 3 25 1 
1 13 1 67 8 
5 63 17 1 4 
4 44 19 16 4 1 2 
2 12 72 1 3 
3 63 24 
2 77 3 8 
1 47 42 
1 39 25 21 4 
4 51 31 4 
4 24 17 30 12 3 
1 10 22 21 16 7 4 6 2 1 
1 10 43 11 16 6 2 1 
4 59 27 
3 28 24 32 1 1 1 
2 2 57 6 2 13 4 2 2 
1 50 34 1 1 3 
55 24 7 2 1 1 
1 4 7 27 24 4 11 2 3 1 3 1 1 1 
10 19 33 15 4 6 3 
1 11 11 19 27 19 1 1 
2 34 5 25 8 4 7 5 
12 19 59 
3 58 12 3 2 1 8 1 2 
68 8 1 11 1 1 
1 30 58 1 
16 12 13 15 27 6 1 
2 66 19 3 
3 64 23 
1 40 48 1 
1 70 19 
1 10 15 64 
3 27 52 1 3 4 
1 61 18 7 1 2 
1 65 8 4 2 4 6 
1 23 44 20 2 
1 44 37 1 1 5 1 
1 5 63 13 3 2 2 1 
7 72 4 4 3 
1 29 35 21 4 
16 66 6 2 
1 55 18 16 
78 5 3 4 
1 16 41 3 26 3 
29 41 20 
2 49 24 9 1 1 1 2 1 
13 55 7 5 5 1 3 1 
4 81 1 2 1 1 
1 4 17 59 6 3 
15 74 1 
6 5 16 52 11 
6 14 50 15 1 3 1 
2 57 30 1 
90 
1 68 20 1 
3 39 31 5 12 
1 39 2 4 39 3 1 1 
1 78 9 1 1 
82 3 4 1 
1 21 26 42 
1 58 13 2 3 8 1 2 1 1 
3 53 23 7 1 2 1 
6 51 23 2 8 
36 28 19 2 2 3 
4 30 26 17 1 4 6 2 
26 38 26 
1 79 7 2 1 
2 24 24 1 15 12 11 1 
6 10 37 30 1 4 1 1 
5 39 26 3 5 11 1 
1 61 16 2 10 
10 35 24 14 7 
32 13 20 21 3 1 
3 43 5 5 13 10 3 5 3 
3 83 1 3 
5 51 33 1 
1 63 18 6 2 
4 40 3 32 10 1 
46 1 15 28 
1 6 35 43 5 
22 65 3 
81 1 1 5 2 
10 68 12 
1 30 58 1 
17 13 59 1 
2 52 26 3 3 4 
1 71 17 1 
1 55 31 1 1 1 
3 84 2 1 
6 55 15 6 2 4 1 1 
1 20 12 56 1 
90 
1 72 1 12 4 
10 74 4 2 
1 28 54 3 2 1 1 
12 2 1 21 13 3 30 3 5 
37 49 2 1 1 
9 25 56 
83 2 2 3 
1 9 68 3 2 7 
2 12 75 1 
42 33 15 
1 68 9 6 6 
2 65 9 3 6 4 1 
1 49 35 1 1 1 2 
2 29 31 3 3 8 7 4 3 
5 38 46 1 
1 10 60 6 1 12 
1 60 24 3 1 1 
15 74 1 
2 27 61 
3 36 32 17 2 
2 40 1 29 16 2 
1 16 3 29 4 6 24 4 1 2 
39 41 4 5 1 
1 42 36 9 2 
1 56 11 21 1 
6 13 7 12 25 7 17 1 2 
2 81 3 3 1 
1 20 68 1 
35 19 13 5 2 6 6 3 1 
3 6 29 26 18 1 4 3 
1 73 15 1 
89 1 
2 78 7 3 
2 9 75 2 1 1 
2 58 30 
1 59 20 9 1 
1 53 31 3 1 1 
4 13 14 26 7 25 1 
2 68 12 1 7 
1 80 4 2 2 1 
6 36 46 1 1 
2 76 7 1 4 
27 54 3 6 
30 60 
37 25 3 9 7 4 1 1 2 1 
1 19 47 3 20 
1 61 7 17 3 1 
1 30 2 22 28 2 4 1 
1 82 7 
1 35 38 13 2 1 
12 12 45 21 
4 22 45 12 2 3 2 
1 1 42 40 6 
4 40 24 15 7 
69 6 1 2 10 2 
2 88 
30 27 33 
1 44 41 3 1 
50 28 10 1 1 
1 81 6 2 
1 59 12 13 5 
1 89 
54 32 4 
13 56 7 10 2 1 1 
1 37 16 7 9 19 1 
1 49 38 2 
7 66 13 2 2 
5 8 71 4 2 
9 55 15 8 2 1 
1 21 24 22 19 1 2 
28 9 34 8 2 1 4 2 1 1 
4 42 23 12 1 4 3 1 
10 58 11 1 3 2 5 
6 60 20 3 1 
2 67 13 2 6 
1 63 3 1 7 14 1 
50 1 35 3 1 
4 50 19 6 11 
1 61 28 
2 34 3 48 3 
2 41 33 8 1 4 1 
77 3 2 6 2 
9 31 50 
20 15 41 2 2 7 1 2 
2 58 13 14 1 1 1 
3 22 43 8 9 5 
1 77 11 1 
1 86 3 
88 1 1 
1 25 34 28 1 1 
1 25 55 3 2 1 2 1 
19 40 28 3 
1 52 22 12 2 1 
1 80 9 
1 80 9 
2 81 7 
1 84 3 2 
13 56 3 12 1 1 3 1 
4 29 31 12 11 2 1 
1 83 4 2 
1 38 29 8 8 6 
15 58 1 4 1 8 1 2 
1 31 14 8 4 18 12 2 
3 67 7 3 7 3 
2 12 48 25 2 1 
69 18 3 
51 1 3 7 5 6 7 6 4 
1 35 45 9 
3 87 
10 57 6 17 
1 10 58 10 8 3 
1 68 9 3 1 7 1 
2 48 23 1 14 1 1 
10 34 2 10 4 15 10 3 1 1 
1 76 13 
1 21 40 9 2 13 4 
32 40 13 5 
8 31 27 5 19 
4 68 17 1 
2 10 77 1 
4 27 6 30 10 9 1 1 2 
1 17 47 16 4 1 4 
2 69 19 
16 64 10 
1 47 35 2 1 2 2 
20 55 8 1 5 1 
87 1 2 
4 47 39 
1 59 3 8 7 9 3 
8 78 4 
1 81 8 
1 3 25 14 20 24 2 1 
2 75 12 1 
3 42 45 
2 85 3 
2 67 21 
5 79 5 1 
2 86 1 1 
3 7 1 78 1 
5 4 57 2 16 5 1 
2 61 10 16 1 
18 44 27 1 
1 79 2 3 4 1 
26 14 22 19 3 2 2 2 
6 2 50 8 4 12 7 1 
59 12 18 1 
7 62 15 4 1 1 
1 7 54 26 2 
2 34 5 13 24 6 3 1 1 1 
1 63 3 21 1 1 
19 68 3 
16 11 41 21 1 
1 19 10 1 26 7 1 13 6 5 1 
64 7 6 6 3 3 1 
3 25 60 1 1 
3 63 8 16 
1 30 27 4 17 11 
1 39 15 13 22 
16 19 17 8 2 17 7 1 3 
1 16 73 
1 88 1 
18 46 9 13 3 1 
5 79 6 
1 81 5 2 1 
20 4 4 19 19 8 15 1 
1 15 30 10 17 11 1 1 2 2 
2 88 
15 50 7 1 2 13 2 
2 22 47 5 11 2 1 
10 9 52 7 5 3 3 1 
90 
80 1 2 3 4 
1 78 4 5 2 
3 43 41 3 
87 3 
2 73 11 3 1 
1 66 4 7 10 2 
3 25 39 17 3 3 
1 52 35 1 1 
1 34 24 21 2 1 2 5 
17 69 4 
2 30 4 2 33 5 2 6 5 1 
6 12 20 20 18 4 4 6 
3 71 2 2 7 3 1 1 
2 48 11 17 4 3 3 1 1 
2 23 18 29 10 4 2 2 
1 23 31 30 2 2 1 
3 19 21 16 31 
12 3 26 43 5 1 
1 5 14 11 29 12 4 5 9 
1 64 18 5 2 
2 87 1 
7 70 3 5 1 2 1 1 
1 83 4 2 
34 41 10 2 3 
7 31 52 
1 62 16 2 6 3 
1 73 4 4 2 1 2 1 2 
12 77 1 
1 4 64 2 8 5 2 4 
1 68 14 1 2 1 1 2 
6 66 1 16 1 
3 61 5 2 17 2 
1 64 15 8 2 
8 81 1 
21 37 30 2 
58 28 3 1 
2 66 9 11 1 1 
90 
3 27 22 29 4 4 1 
1 44 41 2 2 
2 11 46 6 4 13 1 4 1 2 
61 28 1 
2 65 23 
6 20 10 51 3 
1 55 31 2 1 
3 74 5 6 2 
2 33 55 
5 23 13 42 5 2 
2 39 3 9 13 15 5 4 
1 56 16 11 6 
1 40 47 2 
77 4 9 
88 1 1 
1 56 17 8 4 1 3 
1 51 22 6 5 2 1 1 1 
4 9 56 8 4 2 1 3 1 2 
2 76 6 2 2 1 1 
1 22 25 25 5 10 2 
1 31 2 8 6 22 12 3 5 
26 50 10 1 2 1 
36 51 2 1 
2 55 33 
1 27 60 1 1 
6 62 14 3 5 
1 37 26 7 19 
16 25 49 
1 2 37 31 7 1 1 7 1 1 1 
3 19 20 32 2 9 5 
1 13 40 8 28 
5 82 3 
2 36 3 27 1 19 1 1 
2 58 10 8 8 2 2 
20 37 20 7 3 1 1 1 
1 52 15 8 7 3 3 1 
1 66 23 
4 46 11 12 17 
1 83 2 3 1 
4 29 23 17 15 2 
8 28 20 12 16 2 1 1 1 1 
1 88 1 
12 6 57 2 1 1 6 2 1 1 1 
7 70 13 
16 26 46 2 
1 32 32 9 7 8 1 
13 53 23 1 
1 39 45 4 1 
1 56 1 18 14 
2 34 22 10 2 4 15 1 
1 10 8 58 12 1 
3 20 23 23 14 3 4 
3 62 1 16 8 
2 43 43 1 1 
1 41 24 7 17 
3 38 30 13 6 
6 34 27 6 15 2 
50 36 1 2 1 
1 72 16 1 
1 22 9 46 5 1 6 
2 24 10 6 12 6 26 1 2 1 
1 51 38 
1 10 31 16 26 6 
2 46 42 
56 1 16 9 4 1 2 1 
6 56 28 
1 45 36 2 4 1 1 
2 80 8 
1 43 41 5 
1 87 2 
32 35 14 6 2 1 
4 40 21 12 1 5 4 3 
1 60 21 4 2 2 
3 50 5 14 7 10 1 
2 17 70 1 
1 83 3 1 1 1 
17 66 7 
59 29 2 
2 61 27 
2 6 82 
1 62 27 
42 25 7 1 4 3 7 1 
2 54 20 10 4 
24 41 1 13 5 6 
2 56 15 16 1 
69 1 6 6 7 1 
1 11 52 1 8 7 6 2 1 1 
1 12 30 33 9 1 4 
2 10 50 1 21 5 1 
59 24 2 5 
17 68 4 1 
2 64 12 1 9 1 1 
4 60 7 3 7 1 5 1 1 1 
53 7 16 4 1 4 5 
39 2 20 16 6 4 1 2 
2 17 46 18 7 
1 4 51 16 6 5 7 
66 18 4 1 1 
57 19 3 8 1 2 
3 59 24 1 1 1 1 
5 23 52 2 6 2 
3 61 10 7 1 8 
2 30 39 2 11 6 
19 65 6 
1 36 37 4 2 4 5 1 
1 63 9 3 9 5 
1 86 2 1 
1 65 24 
2 30 9 2 26 17 4 
6 49 28 7 
2 81 7 
1 79 5 1 2 1 1 
45 29 16 
1 51 13 16 6 1 2 
46 1 18 22 1 1 1 
1 76 13 
1 7 24 48 4 2 4 
14 14 50 2 8 1 1 
5 10 56 15 1 3 
3 24 56 4 3 
1 68 18 3 
8 69 8 2 3 
1 76 8 5 
90 
1 42 11 1 23 5 7 
11 4 19 31 11 13 1 
5 66 1 1 9 6 2 
1 45 3 4 1 12 9 9 5 1 
2 35 41 9 3 
90 
3 72 15 
1 59 13 14 3 
1 2 68 5 6 1 2 1 3 1 
1 84 5 
1 6 51 6 21 2 2 1 
4 58 16 11 1 
2 7 54 1 26 
2 19 69 
2 87 1 
3 57 14 8 7 1 
1 82 5 2 
1 82 7 
1 53 13 10 11 2 
1 36 21 7 15 9 1 
1 75 12 1 1 
3 83 4 
31 12 36 11 
6 1 11 55 11 3 2 1 
38 11 12 16 10 2 1 
2 14 49 16 9 
1 34 51 1 3 
2 22 7 20 9 4 19 2 4 1 
3 77 7 2 1 
19 52 19 
2 21 56 6 4 1 
12 77 1 
1 77 12 
31 4 3 45 3 1 3 
38 33 19 
1 2 69 8 10 
6 79 1 1 3 
4 50 6 27 2 1 
1 62 8 1 12 3 2 1 
2 77 8 2 1 
2 88 
1 44 41 3 1 
1 3 73 7 4 2 
1 74 9 6 
1 40 18 11 20 
40 42 7 1 
1 40 10 6 18 15 
1 88 1 
4 50 23 8 4 1 
1 49 9 4 26 1 
1 39 13 4 29 1 3 
3 82 5 
41 46 3 
1 5 77 5 1 1 
15 61 2 10 2 
84 1 2 2 1 
1 30 24 20 15 
1 58 10 5 12 1 1 1 1 
3 80 5 1 1 
25 38 9 9 5 4 
1 24 6 16 15 15 7 3 2 1 
1 80 7 2 
1 35 2 46 4 1 1 
3 15 29 13 24 3 1 1 1 
31 4 5 15 9 10 11 4 1 
81 8 1 
1 57 13 10 3 4 1 1 
10 53 16 5 6 
1 78 11 
1 22 31 32 4 
2 26 45 13 4 
1 81 6 2 
3 2 56 9 8 6 1 3 1 1 
1 67 18 2 1 1 
8 2 64 3 2 7 2 2 
1 50 9 17 8 1 4 
85 1 1 2 1 
1 50 23 9 3 3 1 
5 29 53 2 1 
4 28 13 12 27 6 
2 5 32 26 17 8 
1 9 54 17 4 2 3 
3 43 44 
9 26 46 6 1 1 1 
1 25 36 22 6 
1 33 50 4 2 
46 41 3 
1 31 9 45 2 1 1 
90 
2 64 22 2 
55 5 24 6 
1 27 24 12 1 21 4 
1 24 50 4 11 
1 66 14 3 1 2 1 1 1 
2 79 3 5 1 
3 1 34 40 7 1 1 2 1 
28 14 14 28 6 
1 37 17 29 5 1 
1 52 34 3 
6 63 21 
62 6 9 5 3 1 2 2 
1 22 65 2 
1 17 49 7 14 1 1 
1 75 11 3 
1 14 8 26 40 1 
4 71 7 4 3 1 
1 29 43 12 5 
1 48 39 1 1 
1 4 53 24 4 1 2 1 
1 41 39 5 1 2 1 
1 63 13 4 5 1 2 1 
68 3 11 7 1 
1 88 1 
1 49 24 4 3 3 3 3 
38 34 16 1 1 
4 54 2 3 1 6 7 12 1 
1 8 66 4 5 3 3 
1 60 2 26 1 
3 43 23 8 9 2 1 1 
1 61 14 4 8 2 
2 52 13 19 1 3 
1 69 15 1 2 2 
1 7 37 6 15 1 5 17 1 
1 60 11 1 5 10 1 1 
1 23 18 15 19 8 5 1 
1 77 12 
5 69 16 
2 87 1 
1 29 2 29 25 3 1 
9 1 54 3 16 4 3 
6 21 9 12 18 24 
1 56 33 
4 27 2 3 7 11 19 1 3 5 7 1 
1 89 
10 72 8 
15 14 19 22 2 11 7 
1 30 44 14 1 
1 28 16 24 21 
8 12 6 42 21 1 
36 7 17 9 17 2 1 1 
1 54 16 10 9 
3 38 22 7 9 8 1 2 
19 49 21 1 
1 33 52 3 1 
1 69 20 
2 83 4 1 
1 41 44 4 
87 1 2 
30 54 1 1 4 
1 35 49 3 2 
2 23 43 20 2 
1 41 30 2 10 6 
1 73 8 3 2 1 1 1 
5 68 2 9 5 1 
1 18 12 9 2 25 4 2 16 1 
8 44 17 15 1 3 1 1 
79 2 3 2 4 
2 50 36 2 
8 67 13 2 
28 37 6 5 5 8 1 
12 77 1 
1 56 29 4 
50 14 19 5 2 
1 3 56 5 12 12 1 
1 79 7 3 
1 69 8 3 2 7 
1 69 16 4 
2 29 1 40 14 1 1 1 1 
8 78 3 1 
2 13 46 13 3 3 4 4 2 
16 55 7 6 1 5 
1 59 21 9 
1 15 49 8 10 6 1 
39 32 19 
5 34 9 29 9 3 1 
68 17 3 2 
1 57 7 8 14 1 2 
1 80 6 3 
2 34 6 39 9 
1 45 4 16 12 5 3 4 
4 28 42 7 9 
1 1 27 54 4 3 
1 30 7 50 2 
1 64 5 18 2 
3 27 16 12 12 1 11 8 
4 85 1 
2 64 22 1 1 
2 62 25 1 
1 31 2 55 1 
87 1 1 1 
48 35 4 3 
14 76 
1 53 3 12 21 
1 86 1 2 
46 30 6 1 1 4 2 
32 56 2 
78 10 2 
56 13 2 15 4 
1 44 11 33 1 
35 41 7 5 1 1 
70 2 4 12 2 
1 54 28 4 1 1 1 
13 60 5 12 
8 24 58 
1 68 21 
90 
1 12 23 49 5 
1 79 3 3 1 1 2 
1 77 1 3 6 1 1 
1 2 62 14 1 2 8 
1 16 62 4 3 4 
34 31 25 
2 33 4 11 30 9 1 
8 60 22 
90 
2 39 14 29 4 1 1 
24 53 4 3 1 1 4 
11 65 7 4 2 1 
4 51 31 3 1 
1 1 1 38 49 
75 12 3 
7 64 5 6 8 
3 59 28 
48 20 5 8 5 1 1 2 
1 72 12 4 1 
10 57 23 
8 28 9 13 13 2 3 5 3 4 2 
1 51 37 1 
1 24 24 36 1 4 
1 36 14 11 14 1 3 2 1 3 1 3 
73 1 13 3 
2 40 47 1 
1 58 7 12 3 2 7 
13 70 7 
7 58 16 6 2 1 
2 61 11 5 5 1 3 2 
8 60 22 
1 67 6 2 5 6 3 
1 74 15 
4 4 20 12 39 9 2 
1 51 34 4 
13 66 4 4 1 1 1 
4 29 23 9 11 8 3 2 1 
6 75 7 2 
4 7 31 48 
76 7 3 2 1 1 
84 2 4 
4 56 16 11 2 1 
2 78 10 
1 70 19 
1 44 18 25 2 
1 66 20 2 1 
1 25 63 1 
47 10 24 2 3 1 2 1 
6 34 38 11 1 
2 9 17 24 16 17 1 1 3 
57 28 5 
1 84 5 
9 79 2 
11 56 23 
1 86 2 1 
18 38 13 8 5 6 1 1 
31 50 3 4 2 
1 73 13 3 
1 24 28 14 20 1 1 1 
2 51 25 9 3 
3 64 17 4 2 
1 33 56 
3 77 6 2 1 1 
1 36 25 15 9 3 1 
5 21 18 15 26 1 4 
1 45 33 9 1 1 
29 49 12 
12 63 11 2 1 1 
84 2 3 1 
3 83 4 
3 32 6 36 1 3 4 2 3 
1 26 19 11 33 
7 69 10 1 1 1 1 
58 25 1 3 2 1 
1 46 1 10 2 6 20 2 2 
2 16 28 4 35 5 
73 5 9 2 1 
1 2 11 38 21 2 2 1 3 1 2 5 1 
2 50 25 13 
87 3 
1 15 60 13 1 
1 78 11 
