11 56 21 2 1 
1 3 83 2 1 1 
1 76 13 1 
1 83 4 1 1 1 
71 5 15 
3 40 46 1 1 
6 76 7 2 
1 24 25 15 6 16 1 1 1 1 
91 
87 3 1 
3 83 5 
11 56 23 1 
2 18 6 55 4 4 2 
1 34 16 40 
1 28 14 26 12 10 
61 4 20 2 4 
1 88 2 
1 19 21 1 4 26 5 3 2 8 1 
14 35 41 1 
3 8 68 3 7 1 1 
3 34 25 14 7 6 2 
1 80 10 
1 51 9 9 17 4 
1 24 61 4 1 
25 64 2 
1 2 84 3 1 
6 27 48 8 2 
22 3 21 41 4 
73 12 6 
1 24 23 21 17 2 3 
2 60 9 15 5 
36 49 3 1 2 
2 83 5 1 
19 25 24 17 6 
1 28 51 1 8 1 1 
4 81 6 
2 52 1 30 1 3 2 
1 70 8 11 1 
1 24 19 4 18 2 23 
1 64 26 
62 19 5 5 
23 4 47 15 2 
80 9 1 1 
1 41 45 1 1 1 1 
1 33 34 19 4 
1 13 23 45 8 1 
1 23 30 26 7 2 2 
7 38 43 1 2 
6 85 
1 86 4 
2 77 1 1 10 
3 77 11 
28 25 26 10 2 
6 9 40 22 9 3 2 
3 7 47 23 7 2 2 
1 76 10 3 1 
1 71 10 8 1 
9 30 42 8 1 1 
23 38 25 1 4 
1 70 1 12 7 
1 6 63 4 5 3 4 3 1 1 
2 76 2 1 4 4 2 
1 37 27 19 4 3 
5 79 7 
22 65 3 1 
2 23 54 3 1 8 
31 26 30 2 1 1 
1 40 12 35 2 1 
31 13 47 
21 16 43 1 5 1 3 1 
4 49 23 12 3 
1 76 1 3 7 1 2 
22 5 41 17 4 2 
2 47 35 5 1 1 
1 4 66 16 1 2 1 
3 14 10 33 24 3 2 2 
74 9 4 4 
15 45 30 1 
2 62 20 1 1 1 3 1 
79 5 6 1 
1 32 13 27 12 6 
1 80 10 
2 73 15 1 
1 75 1 3 3 6 2 
1 15 46 17 5 4 3 
4 81 6 
1 32 12 35 8 1 2 
91 
4 59 15 4 4 2 1 2 
1 21 25 11 14 1 1 3 6 1 6 1 
1 40 25 14 3 6 1 1 
2 1 72 7 3 4 1 1 
1 82 2 3 3 
1 57 18 12 1 2 
3 22 5 10 13 23 1 13 1 
1 20 22 20 1 27 
2 81 1 4 3 
2 80 4 1 2 2 
1 13 20 19 13 17 8 
1 80 10 
9 51 20 4 7 
1 41 45 2 2 
1 89 1 
1 90 
1 25 3 19 9 22 2 7 3 
2 48 12 7 22 
9 53 2 13 9 4 1 
3 32 56 
89 1 1 
70 4 2 3 2 3 5 2 
42 10 14 1 7 12 3 1 1 
1 78 4 3 5 
1 87 3 
4 25 16 23 12 2 7 1 1 
8 64 18 1 
22 69 
3 85 3 
7 29 50 3 2 
1 12 13 34 16 7 1 5 1 1 
51 8 24 8 
87 1 1 1 1 
1 20 58 3 1 1 2 1 1 2 1 
86 2 3 
10 69 11 1 
3 9 5 32 22 18 2 
2 60 22 4 2 1 
2 84 1 2 1 1 
5 81 5 
56 34 1 
1 80 9 1 
6 85 
1 35 10 20 4 4 2 6 5 4 
1 59 6 16 9 
73 5 13 
1 8 34 6 39 3 
4 55 18 8 6 
1 74 4 6 4 1 1 
13 41 7 22 3 3 1 1 
10 55 19 1 2 4 
5 4 29 13 27 10 3 
6 57 16 12 
21 58 7 5 
18 44 29 
6 1 8 31 39 4 1 1 
2 17 72 
23 16 35 4 10 2 1 
3 70 7 7 1 3 
47 30 14 
79 8 2 1 1 
14 65 4 7 1 
2 81 6 1 1 
1 89 1 
1 86 4 
4 61 13 3 7 2 1 
68 9 3 6 2 1 2 
12 71 8 
1 72 18 
3 18 3 4 59 2 1 1 
1 80 10 
1 85 5 
12 40 23 3 10 3 
1 22 11 40 2 3 1 6 3 1 1 
25 16 22 4 6 17 1 
5 76 10 
50 41 
1 1 54 6 3 20 3 3 
1 62 28 
1 18 57 9 2 3 1 
3 78 10 
36 29 15 5 1 2 3 
2 40 35 6 7 1 
1 58 13 15 4 
7 13 18 37 14 1 1 
2 29 60 
59 25 7 
9 82 
2 66 21 1 1 
6 11 57 17 
2 54 25 6 2 1 1 
1 85 3 2 
1 22 45 15 8 
7 17 7 47 3 2 7 1 
11 33 25 11 9 2 
1 19 57 14 
1 31 51 6 2 
1 86 2 1 1 
11 66 14 
3 12 28 35 1 3 4 5 
1 82 4 4 
2 3 33 33 4 9 2 3 2 
33 47 8 3 
6 81 2 2 
4 64 11 11 1 
1 5 68 3 3 5 3 1 2 
11 73 5 2 
3 18 30 26 3 3 6 1 1 
2 86 3 
1 54 15 2 2 2 6 4 1 4 
33 4 20 20 9 3 1 1 
2 32 6 28 14 3 4 1 1 
2 66 19 1 2 1 
4 22 36 5 1 2 2 15 3 1 
12 70 1 5 1 2 
1 87 2 1 
87 1 1 2 
21 55 11 4 
5 23 58 4 1 
1 4 66 2 17 1 
1 14 1 69 3 3 
2 53 23 4 2 4 2 1 
1 90 
8 14 33 29 4 3 
8 54 3 16 3 3 1 3 
1 3 83 2 2 
51 11 3 9 9 5 1 2 
3 27 4 42 7 7 1 
25 22 11 23 9 1 
2 30 1 6 11 7 12 17 3 2 
1 37 28 13 2 8 2 
7 20 60 4 
1 50 36 2 1 1 
2 13 8 46 2 8 4 3 5 
7 47 22 10 4 1 
5 66 9 4 3 4 
1 64 24 1 1 
5 42 32 4 1 5 2 
1 79 11 
6 50 12 6 1 1 8 6 1 
1 35 37 10 3 5 
1 16 7 64 3 
1 87 3 
2 87 2 
6 45 40 
1 14 36 2 19 7 2 1 5 1 3 
27 37 6 6 9 6 
2 65 12 3 8 1 
1 22 43 4 8 2 2 2 3 2 1 1 
1 5 22 56 6 1 
1 43 22 6 2 11 5 1 
1 40 46 4 
5 6 15 38 14 6 2 3 1 1 
1 31 43 3 11 1 1 
1 33 52 5 
17 68 6 
22 4 65 
1 68 16 3 2 1 
1 37 37 6 10 
1 60 30 
28 56 2 2 1 1 1 
5 43 15 6 6 5 9 2 
1 52 35 2 1 
1 39 50 1 
1 40 50 
1 6 77 1 5 1 
1 48 39 3 
1 37 36 12 4 1 
1 75 1 8 1 2 3 
1 81 7 2 
1 49 34 7 
1 54 30 1 1 4 
1 54 10 16 6 3 1 
3 57 29 2 
6 7 16 58 4 
1 47 42 1 
1 90 
7 5 21 5 29 1 2 10 7 4 
3 31 44 6 2 3 2 
1 86 2 2 
1 69 12 3 3 3 
1 21 16 15 20 15 2 1 
1 80 2 2 1 2 2 1 
2 49 29 11 
47 31 9 3 1 
1 32 5 47 6 
2 56 9 16 4 2 1 1 
3 88 
1 22 42 23 3 
1 80 10 
1 24 12 3 9 14 4 5 4 1 12 2 
6 58 15 11 1 
3 75 7 1 2 1 1 1 
1 38 47 4 1 
2 40 40 2 7 
1 73 17 
1 51 22 4 13 
1 63 8 19 
21 30 2 22 5 7 2 2 
3 44 22 7 2 12 1 
2 73 16 
1 40 36 8 4 2 
3 35 10 6 6 9 20 2 
2 68 2 10 6 1 1 1 
4 35 22 10 16 4 
91 
1 86 4 
1 58 7 17 6 2 
21 25 31 1 9 3 1 
5 70 16 
3 68 12 1 6 1 
1 57 6 17 9 1 
1 27 13 31 13 1 3 1 1 
3 32 12 44 
2 38 28 20 3 
1 51 3 13 15 4 3 1 
3 33 55 
7 60 24 
2 72 1 13 3 
33 2 19 24 4 1 5 1 2 
26 39 13 12 1 
1 58 11 17 2 1 1 
1 71 17 1 1 
1 11 37 2 8 12 20 
1 9 12 58 6 5 
5 31 19 9 1 13 10 2 1 
1 40 30 12 6 1 1 
2 41 18 6 16 8 
6 60 13 8 4 
1 24 40 5 19 1 1 
36 36 12 4 1 1 1 
3 2 42 30 10 4 
1 34 21 18 5 8 4 
4 29 10 13 12 21 2 
1 90 
17 8 22 32 7 3 2 
7 21 56 2 4 1 
54 34 2 1 
1 70 9 5 2 4 
1 71 17 1 1 
1 82 8 
68 11 2 2 5 2 1 
1 82 7 1 
4 49 2 3 31 2 
12 43 23 10 3 
1 69 11 8 2 
1 21 22 35 3 5 1 3 
3 57 2 15 7 4 1 1 1 
4 82 5 
1 38 49 2 1 
52 2 33 3 1 
49 25 5 8 2 2 
6 53 11 8 4 2 3 3 1 
5 42 21 22 1 
18 42 18 9 3 1 
1 60 10 20 
15 61 15 
1 64 22 1 2 1 
2 5 53 19 6 1 3 2 
2 59 24 4 1 1 
1 52 1 8 7 10 8 1 1 2 
36 2 4 12 9 22 4 2 
1 16 4 34 14 15 7 
1 36 53 1 
4 54 33 
11 64 6 8 2 
2 55 11 23 
2 89 
4 28 5 44 5 1 1 3 
3 13 58 15 2 
1 3 74 13 
1 85 3 1 1 
1 63 6 11 6 4 
4 47 32 5 2 1 
1 41 27 10 12 
4 73 1 9 3 1 
2 60 27 1 1 
4 64 3 9 11 
43 46 1 1 
2 79 7 3 
12 48 28 3 
1 82 6 1 1 
2 27 2 2 29 24 2 3 
1 17 35 26 8 3 1 
1 3 65 3 10 2 6 1 
2 61 5 17 2 1 3 
78 1 3 2 7 
1 86 4 
23 32 2 15 2 6 8 2 1 
2 28 29 10 7 15 
3 65 16 4 1 1 1 
1 89 1 
5 25 53 4 1 1 2 
12 79 
3 54 14 7 2 6 1 4 
1 48 40 1 1 
5 75 11 
1 85 2 2 1 
1 58 25 4 3 
6 72 2 7 4 
2 40 16 25 2 2 4 
91 
1 61 17 8 4 
25 60 4 1 1 
91 
1 80 5 4 1 
27 52 3 1 4 1 3 
4 48 23 1 7 3 4 1 
10 8 13 11 14 27 3 3 1 1 
3 32 23 23 4 6 
66 2 2 10 10 1 
2 46 4 16 23 
13 51 2 1 20 4 
1 45 22 18 3 1 1 
3 54 30 4 
2 25 10 10 28 14 1 1 
9 38 33 6 1 4 
43 36 11 1 
71 15 4 1 
90 1 
3 64 1 10 12 1 
1 88 2 
1 42 8 15 16 6 2 1 
20 60 7 2 1 1 
66 14 7 2 1 1 
1 90 
1 36 3 36 13 1 1 
2 2 58 9 6 13 1 
3 61 27 
3 64 2 10 11 1 
2 70 1 11 4 3 
1 67 2 19 1 1 
2 28 6 1 41 5 7 1 
1 55 3 17 6 2 5 2 
1 35 19 7 12 6 2 1 8 
26 45 11 6 2 1 
6 15 53 5 5 3 1 1 2 
3 12 37 8 18 10 1 1 1 
4 30 23 29 2 1 2 
2 79 2 4 4 
6 79 1 3 1 1 
1 78 4 4 3 1 
3 33 46 4 5 
1 53 13 4 8 9 3 
4 70 1 6 9 1 
1 41 45 4 
1 13 19 17 9 12 2 9 2 2 2 3 
6 44 17 20 3 1 
5 56 23 6 1 
1 5 14 7 36 20 1 3 4 
1 15 37 37 1 
1 23 58 8 1 
13 20 24 23 8 3 
9 42 8 11 21 
1 57 7 22 1 2 1 
46 1 7 8 11 13 5 
71 4 16 
4 14 57 8 8 
1 20 31 15 2 18 3 1 
29 6 51 3 2 
25 29 10 26 1 
6 53 26 1 5 
1 52 17 10 7 3 1 
83 5 2 1 
1 16 57 17 
88 2 1 
10 57 4 19 1 
11 54 21 4 1 
2 28 25 15 18 2 1 
1 2 39 9 15 15 9 1 
1 80 10 
4 16 71 
1 1 68 20 1 
1 55 4 19 9 1 1 1 
10 81 
3 49 31 2 1 1 1 3 
1 49 20 8 10 2 1 
5 69 5 7 5 
21 10 21 25 12 2 
34 50 1 1 5 
13 78 
43 48 
2 77 8 4 
1 23 51 3 3 9 1 
7 44 21 9 4 1 4 1 
89 1 1 
2 9 30 43 3 4 
24 39 25 1 1 1 
58 9 14 3 3 2 1 1 
6 72 4 5 1 3 
1 10 17 29 11 5 15 3 
5 46 28 7 3 2 
4 29 40 15 3 
1 2 37 45 5 1 
2 12 54 23 
4 82 1 1 2 1 
68 13 3 6 1 
1 23 36 17 14 
17 15 58 1 
2 17 46 2 24 
2 74 13 2 
11 60 1 8 2 7 2 
88 3 
3 8 1 60 6 11 1 1 
18 65 7 1 
1 49 3 27 3 1 2 1 4 
1 42 35 9 4 
2 24 13 5 8 19 8 2 6 1 3 
5 31 55 
1 63 4 21 1 1 
2 13 36 37 2 1 
1 62 19 8 1 
2 16 21 25 10 13 4 
1 65 25 
21 34 25 9 2 
1 66 5 9 4 1 3 1 1 
16 12 6 37 3 3 3 7 1 2 1 
59 22 10 
81 9 1 
1 17 73 
2 62 6 16 1 2 2 
1 6 8 31 11 17 2 8 2 4 1 
1 61 29 
1 64 17 7 2 
3 13 31 21 11 10 2 
1 87 2 1 
1 76 11 2 1 
1 65 18 5 2 
1 3 85 1 1 
5 75 3 2 5 1 
1 3 15 42 28 1 1 
9 14 62 3 3 
1 14 62 13 1 
12 42 17 3 4 6 5 1 1 
1 9 59 16 3 1 2 
19 22 9 26 6 6 1 1 1 
5 49 30 6 1 
90 1 
26 20 44 1 
1 22 56 8 3 1 
10 54 3 12 8 4 
1 80 2 7 1 
54 13 14 2 3 2 1 2 
3 20 66 1 1 
7 61 2 6 4 5 5 1 
1 15 26 12 30 4 3 
1 7 31 26 23 1 1 1 
4 45 4 2 32 3 1 
2 25 28 11 7 9 2 6 1 
1 50 10 26 3 1 
1 29 11 23 23 2 1 1 
2 48 4 11 24 2 
1 77 2 3 2 6 
1 82 7 1 
4 82 1 1 3 
1 73 10 7 
1 22 60 7 1 
1 79 8 1 1 1 
25 40 15 9 2 
2 21 23 16 10 10 6 1 2 
16 5 67 3 
3 17 65 3 3 
48 33 7 1 1 1 
3 41 41 6 
2 83 4 1 1 
3 46 40 2 
6 81 4 
1 15 27 33 14 1 
1 20 49 21 
2 61 28 
83 5 3 
71 2 5 13 
3 34 48 2 2 2 
1 1 46 31 12 
1 37 35 8 10 
1 23 42 24 1 
1 51 22 10 5 2 
4 74 6 1 3 2 1 
6 75 5 2 2 1 
1 33 13 15 11 16 2 
45 17 29 
3 57 31 
2 34 27 12 2 5 3 3 2 1 
57 29 1 1 1 2 
1 15 23 3 10 5 7 24 1 1 1 
1 23 38 11 5 8 3 2 
2 14 37 17 6 7 2 4 1 1 
10 67 5 6 1 2 
3 16 26 30 2 7 1 5 1 
3 72 7 8 1 
1 81 8 1 
1 65 23 1 1 
2 58 7 8 11 4 1 
1 10 55 9 10 4 2 
1 31 4 48 1 1 4 1 
3 31 19 10 27 1 
43 24 5 13 6 
2 63 10 6 9 1 
10 2 42 11 12 1 4 8 1 
1 84 4 1 1 
9 16 28 6 22 10 
2 37 18 21 8 3 1 1 
1 28 2 21 1 29 5 2 2 
15 30 9 35 2 
3 63 14 4 7 
3 63 11 14 
1 9 23 11 16 4 23 3 1 
2 45 27 17 
10 18 2 9 20 6 13 6 2 4 1 
4 20 60 4 1 2 
21 68 2 
1 55 26 8 1 
1 58 32 
2 40 24 7 6 5 4 2 1 
7 77 7 
73 1 17 
1 81 1 3 5 
3 28 35 25 
1 18 2 48 5 7 5 5 
6 70 15 
1 82 2 1 2 3 
1 24 1 19 36 1 6 2 1 
1 13 69 2 4 2 
3 73 9 4 1 1 
33 53 2 3 
1 89 1 
2 26 9 13 3 15 9 8 3 1 1 1 
91 
7 51 6 17 3 6 1 
2 9 16 38 26 
6 76 9 
2 53 33 2 1 
1 75 13 2 
90 1 
1 48 42 
4 37 33 13 4 
4 5 67 10 4 1 
3 48 22 17 1 
1 29 5 5 2 20 17 4 4 2 1 1 
1 74 13 2 1 
2 18 55 8 8 
91 
9 48 10 1 5 12 5 1 
1 24 9 31 16 4 6 
2 18 11 3 23 11 20 1 1 1 
2 84 1 3 1 
3 58 21 8 1 
8 17 56 1 3 5 1 
57 17 6 7 1 2 1 
11 1 37 20 1 9 2 7 1 1 1 
3 69 13 5 1 
2 24 14 16 2 31 2 
3 39 8 5 5 7 8 15 1 
1 84 6 
7 39 39 4 2 
13 39 39 
2 30 31 13 15 
34 37 11 7 2 
7 81 2 1 
1 62 22 1 5 
61 11 13 5 1 
4 36 15 6 12 10 8 
6 78 7 
3 53 8 4 5 7 10 1 
1 87 2 1 
11 64 14 2 
1 27 27 33 3 
6 81 2 2 
6 29 19 17 9 11 
13 5 28 45 
21 60 8 2 
3 68 20 
1 34 9 34 8 5 
3 72 2 1 8 1 3 1 
2 33 14 18 1 7 3 5 4 1 3 
1 66 6 8 8 2 
91 
1 28 62 
1 89 1 
3 67 10 3 1 2 3 1 1 
7 60 15 4 1 2 1 1 
1 31 59 
6 50 4 4 6 5 8 6 2 
1 85 3 1 1 
1 83 3 1 3 
19 55 8 5 4 
1 22 36 28 4 
2 39 16 2 18 12 2 
1 33 46 4 6 1 
3 56 26 2 3 1 
1 51 28 11 
11 32 13 4 15 12 1 3 
91 
3 40 47 1 
10 67 9 5 
53 35 3 
4 17 8 3 11 39 7 2 
1 73 15 2 
1 71 19 
1 4 62 5 2 5 6 4 1 1 
1 85 3 2 
1 26 54 2 1 5 2 
3 87 1 
10 39 33 7 2 
1 35 29 3 5 18 
7 47 2 5 30 
2 35 30 14 3 6 1 
25 3 38 6 2 11 3 2 1 
9 29 49 3 1 
5 22 52 10 2 
91 
6 16 7 37 25 
1 51 11 6 3 4 10 4 1 
1 25 2 20 35 2 3 2 1 
2 2 77 7 3 
4 59 22 5 1 
18 51 22 
1 13 56 12 4 2 1 2 
91 
90 1 
56 2 28 3 2 
1 52 6 29 3 
1 45 16 6 17 3 3 
1 50 30 2 5 2 1 
7 19 28 30 7 
33 27 7 20 4 
1 21 51 7 8 2 1 
4 44 22 6 2 12 1 
1 30 6 3 12 28 6 2 3 
73 2 8 8 
2 74 7 7 1 
4 53 34 
1 4 30 5 49 1 1 
4 16 25 7 5 27 3 1 2 1 
1 5 74 6 2 3 
3 3 73 12 
1 13 34 33 5 1 2 1 1 
2 80 5 3 1 
1 28 21 40 1 
1 74 4 2 3 2 5 
2 87 1 1 
7 25 40 3 14 1 1 
1 65 21 3 1 
62 24 5 
2 59 30 
1 33 16 24 16 1 
1 27 9 8 8 19 10 1 2 4 2 
21 22 12 15 12 4 1 3 1 
2 34 7 7 6 23 1 8 1 2 
1 42 15 29 3 1 
3 48 38 1 1 
5 23 25 25 12 1 
1 45 44 1 
2 62 24 3 
45 1 1 39 2 1 2 
9 32 50 
3 49 15 4 16 3 1 
1 13 63 11 2 1 
1 60 30 
2 85 1 1 1 1 
1 50 40 
3 29 21 38 
1 5 30 13 18 17 6 1 
1 63 21 2 2 2 
1 69 21 
89 1 1 
9 70 9 2 1 
2 17 47 15 4 5 1 
1 24 45 18 1 2 
1 33 5 34 13 5 
91 
2 21 32 2 23 6 1 2 1 1 
26 2 8 41 11 2 1 
2 85 2 2 
1 42 43 2 1 1 1 
2 32 23 2 23 4 3 2 
1 12 78 
37 43 7 1 1 2 
3 25 43 3 10 7 
1 45 30 13 1 1 
2 47 15 24 3 
15 32 40 4 
1 31 46 13 
1 88 2 
1 25 18 4 6 17 10 8 2 
1 13 14 41 18 4 
1 39 46 5 
2 19 47 13 5 3 2 
2 2 39 25 17 2 1 2 1 
1 90 
1 59 31 
4 78 4 1 4 
2 18 61 8 2 
15 20 7 13 36 
1 26 43 3 2 16 
1 64 22 1 2 1 
5 46 39 1 
3 27 11 38 7 1 4 
2 46 34 5 1 1 1 1 
8 3 46 5 1 16 4 6 2 
1 83 2 3 2 
1 40 32 10 8 
1 27 24 8 30 1 
48 23 6 6 8 
1 80 7 2 1 
5 79 4 2 1 
3 77 10 1 
37 22 1 31 
15 53 17 6 
1 54 11 12 13 
12 41 37 1 
66 8 11 5 1 
23 48 6 2 10 2 
1 71 1 16 2 
29 53 5 4 
43 34 14 
1 48 22 11 4 3 1 1 
12 50 22 5 2 
3 42 19 15 8 4 
1 75 5 3 5 2 
6 30 30 16 9 
3 87 1 
3 25 27 20 4 2 2 8 
4 40 47 
1 58 2 26 2 2 
5 17 10 13 42 1 3 
2 35 16 19 12 6 1 
1 46 27 11 4 1 1 
62 20 4 4 1 
1 44 11 33 2 
1 52 8 25 5 
19 63 5 3 1 
4 58 17 3 2 5 1 1 
56 5 7 2 1 18 2 
1 79 2 9 
20 36 18 3 10 1 2 1 
29 11 13 11 7 17 2 1 
91 
3 78 10 
22 24 6 5 29 4 1 
10 15 15 42 5 1 3 
9 45 35 2 
1 76 7 3 4 
1 76 1 5 2 1 3 1 1 
1 28 7 32 1 9 10 2 1 
1 41 18 7 7 15 1 1 
6 66 16 1 1 1 
29 42 2 7 3 1 5 2 
1 37 19 23 7 2 2 
1 63 20 5 2 
3 74 13 1 
26 63 2 
2 4 9 5 58 12 1 
5 57 12 12 5 
9 12 9 44 11 2 3 1 
3 66 13 5 4 
2 69 20 
7 38 22 24 
1 12 60 10 4 4 
5 52 5 1 23 2 2 1 
1 16 19 6 32 7 6 1 2 1 
1 26 64 
11 17 33 11 18 1 
2 78 11 
1 36 47 2 3 1 1 
1 67 5 16 1 1 
1 65 25 
1 75 1 12 1 1 
3 58 9 6 3 11 1 
4 30 18 6 1 28 1 1 1 1 
2 88 1 
1 23 50 13 4 
1 31 44 5 10 
5 79 1 6 
1 7 18 33 32 
1 82 2 4 2 
57 18 16 
1 88 2 
2 53 36 
10 6 41 7 26 1 
9 37 44 1 
40 24 7 11 2 7 
2 80 7 1 1 
4 42 38 2 2 2 1 
1 14 22 53 1 
3 53 5 2 21 5 1 1 
2 34 41 2 12 
1 54 25 4 5 2 
1 83 5 2 
1 34 40 3 10 2 1 
1 44 45 1 
19 70 1 1 
9 23 49 4 6 
1 31 46 2 8 3 
1 29 32 18 8 2 1 
6 15 33 24 13 
4 78 5 1 3 
25 66 
1 17 7 17 16 19 3 4 7 
1 59 9 12 8 2 
1 29 10 40 6 1 4 
2 35 22 4 17 5 2 3 1 
3 6 65 7 6 3 1 
1 90 
1 7 11 15 1 17 31 4 4 
78 1 12 
1 3 69 12 3 1 2 
4 24 47 3 10 2 1 
3 58 20 1 5 1 1 2 
1 75 14 1 
13 72 1 2 3 
23 20 31 10 4 3 
2 58 1 29 1 
2 63 15 8 3 
49 36 3 1 2 
9 80 2 
1 40 20 19 11 
13 45 20 4 1 2 6 
1 10 52 23 5 
91 
1 21 56 6 1 5 1 
9 35 6 4 34 2 1 
18 62 8 3 
17 49 13 11 1 
10 38 37 2 2 2 
3 26 18 33 2 7 1 1 
30 38 11 6 2 4 
2 80 2 1 1 5 
2 78 11 
15 50 22 4 
1 32 58 
24 34 6 16 1 3 1 2 2 2 
1 42 32 16 
2 2 64 15 7 1 
1 4 39 46 1 
1 85 5 
2 84 3 2 
4 53 34 
2 84 4 1 
1 34 9 46 1 
76 13 2 
15 37 8 20 5 5 1 
79 12 
9 67 2 2 5 2 1 1 1 1 
1 87 2 1 
63 26 2 
2 60 29 
3 26 61 1 
1 76 12 2 
2 16 53 15 1 2 2 
8 73 3 6 1 
1 73 6 6 3 2 
6 22 16 6 20 10 8 3 
10 1 22 6 30 1 1 13 3 1 2 1 
88 1 2 
2 80 1 1 4 3 
1 65 24 1 
34 11 25 4 11 2 4 
3 47 35 5 1 
1 67 19 1 1 2 
3 47 14 15 10 1 1 
2 27 32 2 6 20 2 
1 6 24 57 2 1 
6 58 23 3 1 
16 55 19 1 
2 19 67 2 1 
13 4 63 9 1 1 
8 16 26 30 11 
76 10 5 
1 32 14 4 31 2 7 
25 1 21 43 1 
1 64 12 4 8 2 
1 90 
1 67 7 7 9 
3 52 6 16 10 3 1 
1 22 55 5 8 
91 
7 23 17 4 14 13 5 6 1 1 
2 74 3 6 4 1 1 
1 54 23 11 1 1 
1 42 48 
1 14 35 38 3 
17 56 2 2 5 1 8 
1 30 4 56 
1 47 43 
1 23 10 30 8 3 6 1 4 2 3 
31 10 29 6 11 3 1 
2 66 17 6 
1 8 82 
9 46 16 3 14 1 1 1 
6 42 23 9 8 3 
2 51 24 6 4 4 
83 2 3 1 1 1 
1 88 1 1 
63 16 12 
4 76 11 
1 5 84 1 
4 27 4 33 23 
1 74 4 12 
11 7 43 13 7 4 4 2 
1 13 10 48 2 7 7 2 1 
1 81 1 3 3 1 1 
1 57 33 
25 8 37 10 10 1 
4 51 11 13 5 5 2 
9 12 7 63 
4 60 27 
1 2 55 30 3 
1 69 15 5 1 
3 47 8 32 1 
1 22 12 1 53 1 1 
89 2 
3 61 2 21 3 1 
1 17 49 9 8 7 
1 69 21 
7 75 9 
7 37 22 9 3 9 3 1 
1 66 7 9 6 2 
1 16 74 
2 20 5 8 41 14 1 
4 22 34 4 14 9 4 
74 15 2 
2 71 18 
3 7 36 17 19 2 1 1 4 1 
1 2 21 35 32 
1 16 13 57 4 
6 15 9 60 1 
1 65 8 11 3 2 1 
1 55 11 8 13 3 
4 17 49 3 4 11 2 1 
3 61 14 11 1 1 
2 1 62 26 
51 2 18 20 
13 43 6 26 1 2 
16 29 27 17 2 
1 84 6 
6 42 18 24 1 
2 68 21 
3 51 6 8 10 6 6 1 
38 53 
39 19 33 
2 11 36 12 3 5 1 11 4 5 1 
1 9 1 14 4 31 22 6 1 1 1 
1 43 8 31 4 3 1 
1 82 3 3 2 
91 
2 66 8 1 6 6 2 
1 86 1 3 
13 23 54 1 
9 4 49 12 4 5 2 2 3 1 
1 60 30 
1 24 66 
14 63 13 1 
7 14 59 7 2 2 
1 66 3 12 4 4 1 
5 47 11 4 1 9 9 5 
2 73 15 1 
9 21 47 5 8 1 
6 6 13 51 7 5 1 1 1 
32 25 27 1 5 1 
1 5 65 19 1 
2 45 41 3 
63 26 2 
2 77 1 10 1 
2 33 51 3 2 
1 75 5 1 3 3 2 1 
1 18 33 31 3 4 1 
13 11 56 7 2 2 
11 70 5 4 1 
1 9 21 42 11 4 3 
1 84 6 
2 15 28 34 11 1 
1 28 59 2 1 
1 58 32 
15 61 1 10 1 1 1 1 
2 76 3 6 1 3 
1 42 14 29 3 1 1 
1 56 23 7 3 1 
3 17 1 30 31 3 2 1 3 
6 17 25 8 19 8 3 3 2 
1 54 9 26 1 
1 57 31 1 1 
3 20 68 
9 45 25 9 1 1 1 
84 3 2 1 1 
9 28 25 11 4 3 7 3 1 
2 15 60 14 
87 2 1 1 
1 87 3 
6 58 4 4 5 1 2 3 3 1 3 1 
1 41 30 4 6 6 2 1 
1 76 13 1 
3 34 21 5 18 9 1 
1 79 4 6 1 
1 8 2 17 4 22 11 18 2 1 5 
2 58 21 5 2 1 1 1 
2 36 27 21 5 
13 56 3 12 2 4 1 
3 1 75 6 6 
1 74 6 3 3 4 
12 38 36 1 2 2 
1 65 10 5 10 
3 11 30 21 15 6 5 
10 47 33 1 
1 29 10 14 10 20 4 1 1 1 
3 56 8 11 12 1 
2 57 26 5 1 
50 12 15 9 4 1 
3 2 40 14 21 1 9 1 
3 54 6 12 8 8 
73 12 6 
1 41 24 21 2 1 1 
1 54 2 32 2 
3 75 4 6 3 
1 35 2 37 10 6 
1 67 23 
2 18 60 11 
9 47 35 
2 72 1 10 5 1 
2 20 66 1 2 
3 84 1 1 2 
3 76 9 3 
7 71 6 6 1 
6 76 4 3 1 1 
11 10 16 10 21 23 
1 31 20 5 20 8 3 1 1 1 
2 65 21 3 
71 4 8 5 3 
6 40 3 32 10 
4 76 1 3 3 3 1 
3 58 29 1 
79 11 1 
1 26 44 10 5 4 1 
15 57 10 2 7 
8 10 66 3 4 
1 40 50 
1 31 25 15 17 2 
86 3 2 
4 23 62 1 1 
11 1 25 19 4 29 2 
2 42 41 6 
4 56 4 7 3 11 2 3 1 
8 14 1 35 6 14 12 1 
10 47 26 1 7 
21 20 14 17 19 
2 53 10 5 19 2 
3 49 21 9 4 1 4 
9 29 45 5 3 
1 13 51 10 16 
6 69 7 7 1 1 
8 58 23 2 
1 84 3 2 1 
70 15 3 3 
3 31 49 1 7 
3 2 68 15 1 1 1 
1 49 3 14 3 3 5 8 1 3 1 
7 7 68 9 
91 
3 3 59 12 10 3 1 
7 36 23 22 1 2 
1 85 5 
2 67 14 4 1 1 2 
1 11 40 20 14 3 2 
89 1 1 
3 80 1 4 1 1 1 
4 17 30 5 11 1 6 16 1 
6 17 44 2 20 1 1 
85 5 1 
4 69 18 
1 66 19 2 2 1 
3 80 6 2 
64 15 11 1 
1 83 6 1 
6 45 30 10 
8 17 29 22 7 5 2 1 
87 1 1 2 
2 73 3 6 5 2 
1 42 26 9 8 5 
35 10 46 
3 14 34 30 2 1 3 2 2 
1 48 35 3 4 
1 85 5 
1 10 43 22 3 10 2 
1 40 4 44 1 1 
1 57 14 11 4 4 
1 65 16 6 2 1 
11 70 10 
6 35 36 5 5 3 1 
48 20 21 1 1 
2 87 2 
1 78 2 6 2 1 1 
1 12 16 26 13 18 2 2 1 
2 74 5 3 5 2 
3 34 39 14 1 
1 35 30 12 9 1 2 1 
4 42 1 8 7 4 12 9 1 1 1 1 
1 52 33 5 
1 52 19 15 3 1 
7 12 37 34 1 
1 31 14 27 18 
1 10 56 14 6 4 
10 43 30 5 3 
4 60 10 13 1 2 1 
11 32 40 8 
1 39 42 7 2 
38 53 
3 80 4 4 
3 52 22 5 3 1 4 1 
1 18 7 65 
2 13 46 2 11 17 
5 79 4 1 2 
2 67 18 2 2 
1 48 10 5 21 6 
16 64 2 2 5 1 1 
29 47 15 
2 72 4 4 7 2 
1 17 30 38 2 2 1 
27 4 45 10 4 1 
1 31 22 5 32 
1 7 35 44 1 2 1 
72 13 3 1 2 
4 33 11 4 12 10 12 4 1 
3 64 2 1 8 9 3 1 
1 44 13 15 12 6 
3 27 24 32 5 
1 30 22 30 1 4 3 
1 78 3 9 
1 4 2 74 7 1 2 
76 6 8 1 
15 41 12 10 3 4 4 1 1 
6 73 10 2 
16 33 20 14 2 1 4 1 
1 47 25 17 1 
3 26 62 
1 56 26 5 1 2 
1 60 23 3 4 
1 77 13 
3 14 4 6 19 9 32 1 1 1 1 
49 26 5 4 5 1 1 
4 69 1 8 9 
87 1 3 
26 26 24 7 3 2 1 2 
70 9 5 6 1 
4 56 15 7 4 5 
2 51 38 
1 84 1 2 1 1 1 
1 50 30 8 1 1 
1 54 27 1 6 2 
5 75 11 
1 45 16 11 15 2 1 
2 43 35 1 4 6 
7 79 1 2 2 
1 29 9 42 2 4 3 1 
1 35 33 10 3 6 1 1 1 
17 41 32 1 
22 48 19 2 
86 4 1 
1 32 20 8 5 5 12 7 1 
64 20 5 2 
1 62 19 5 3 1 
40 45 2 3 1 
1 4 23 5 17 18 9 5 4 5 
1 48 28 1 2 2 5 2 1 1 
1 69 13 5 1 1 1 
11 62 15 1 2 
4 44 1 4 16 10 9 2 1 
4 41 6 23 14 2 1 
8 22 7 39 12 1 2 
10 8 22 51 
20 46 25 
73 9 3 1 1 2 1 1 
1 34 3 9 18 7 5 3 4 6 1 
5 80 3 1 1 1 
3 45 3 33 3 2 2 
12 70 4 1 1 3 
1 74 12 2 1 1 
3 65 23 
1 23 42 16 6 2 1 
13 59 13 3 3 
1 79 8 1 2 
1 60 13 6 7 3 1 
1 58 32 
2 34 11 32 10 2 
5 35 51 
1 40 50 
5 2 83 1 
1 87 3 
1 39 47 4 
5 56 25 1 3 1 
1 67 2 11 9 1 
2 74 4 6 3 1 1 
4 68 5 9 1 4 
7 2 33 7 39 1 1 1 
1 27 16 22 14 11 
1 16 51 4 3 7 1 7 1 
8 56 6 8 13 
87 1 3 
1 11 67 4 1 7 
2 27 40 6 4 7 1 3 1 
1 9 2 77 1 1 
1 6 75 8 1 
4 22 15 40 6 4 
1 74 2 2 9 1 1 1 
2 63 15 6 5 
1 68 2 18 2 
1 4 45 3 25 2 2 5 2 1 1 
3 88 
2 83 2 2 2 
5 31 51 4 
2 70 11 3 5 
1 47 5 25 13 
8 71 12 
75 2 6 2 1 4 1 
5 79 7 
90 1 
3 8 78 1 1 
1 86 3 1 
6 32 29 14 7 1 1 1 
4 73 11 2 1 
9 57 15 6 4 
15 68 7 1 
1 6 17 26 35 3 3 
64 14 3 9 1 
1 80 5 1 4 
1 20 18 15 7 5 2 1 18 4 
1 55 6 9 13 6 1 
1 39 18 3 8 1 21 
89 1 1 
1 70 20 
1 60 6 9 13 1 1 
10 46 22 8 5 
1 53 23 11 1 2 
1 27 35 22 6 
1 47 37 2 4 
6 37 16 4 18 5 5 
1 25 57 1 2 2 1 1 1 
91 
38 7 13 24 6 1 2 
26 5 57 1 2 
54 26 11 
8 62 2 17 1 1 
1 10 74 4 2 
1 10 52 28 
83 2 1 1 2 2 
1 13 77 
1 34 4 21 25 6 
1 36 12 8 22 6 6 
6 72 7 6 
1 15 54 21 
91 
1 15 69 6 
1 18 20 42 9 1 
6 13 8 47 9 7 1 
1 82 3 3 1 1 
3 17 31 1 9 11 13 5 1 
1 47 24 7 8 1 1 2 
1 2 36 23 25 3 1 
25 44 6 9 1 4 1 1 
1 69 4 3 10 1 3 
1 13 35 26 2 8 2 2 1 1 
4 70 5 7 2 2 1 
1 51 11 9 15 3 1 
62 29 
75 2 3 8 3 
1 22 33 32 1 2 
33 34 19 2 3 
1 10 4 45 21 5 4 1 
1 82 7 1 
75 12 3 1 
1 23 22 8 25 1 6 2 2 1 
4 2 23 51 4 1 5 1 
13 52 26 
1 85 5 
1 67 23 
2 16 2 35 7 5 4 7 4 1 2 1 2 1 2 
69 15 1 2 1 2 1 
54 18 9 9 1 
1 40 36 11 3 
19 11 16 43 2 
43 25 23 
85 3 1 1 1 
5 32 31 16 3 2 1 1 
4 21 10 41 6 3 5 1 
11 61 16 3 
5 46 38 1 1 
26 29 18 3 2 6 6 1 
1 56 8 2 12 7 1 1 1 1 1 
1 66 24 
2 4 42 5 34 1 2 1 
1 55 35 
87 2 2 
1 60 27 2 1 
1 5 81 2 2 
1 74 7 7 2 
62 14 4 7 2 2 
1 55 18 3 12 2 
1 31 39 9 3 4 4 
19 65 7 
7 33 37 7 2 4 1 
27 64 
2 40 3 31 5 6 4 
1 81 4 3 2 
1 47 36 7 
1 65 6 4 7 5 1 1 1 
1 35 49 6 
3 10 12 50 4 7 3 1 1 
1 17 2 60 9 1 1 
9 68 14 
2 29 20 16 13 6 5 
6 81 4 
1 41 32 2 11 2 2 
74 14 2 1 
1 76 3 9 2 
60 10 17 4 
1 31 45 12 1 1 
26 50 14 1 
1 31 39 8 11 1 
2 58 11 14 6 
1 69 1 1 5 10 4 
1 27 37 21 3 2 
2 62 12 11 2 1 1 
1 18 11 25 21 5 7 2 1 
3 73 10 3 2 
12 16 50 11 2 
3 4 69 15 
1 37 50 3 
1 73 1 8 2 5 1 
2 68 16 2 1 1 1 
1 28 62 
5 9 53 5 2 5 7 3 2 
1 77 13 
1 32 25 31 2 
4 55 8 11 6 2 4 1 
30 34 22 5 
1 88 2 
2 18 7 47 2 1 12 1 1 
2 75 14 
1 89 1 
1 7 3 13 33 5 21 5 1 1 1 
3 68 16 4 
3 4 80 1 1 2 
1 38 8 3 15 13 4 8 1 
66 20 5 
3 3 29 46 2 4 1 3 
1 48 7 31 2 1 1 
7 81 3 
1 48 10 9 18 4 1 
1 10 67 2 4 3 1 2 1 
8 54 11 15 3 
2 25 11 49 2 1 1 
2 77 10 1 1 
2 52 4 8 20 3 2 
2 21 11 26 4 10 11 5 1 
2 78 10 1 
4 31 12 43 1 
1 72 17 1 
48 3 33 6 1 
5 10 56 20 
1 1 44 4 31 6 2 1 1 
4 25 62 
25 31 12 23 
1 82 8 
2 76 9 4 
13 49 25 3 1 
2 46 28 14 1 
1 10 16 10 34 4 4 11 1 
19 13 56 1 1 1 
67 20 1 2 1 
1 68 3 2 16 1 
4 53 24 3 5 2 
3 49 8 5 11 6 3 2 4 
24 18 49 
10 54 5 1 7 1 5 6 1 1 
5 60 17 4 5 
6 6 57 17 4 1 
4 24 19 5 7 23 2 1 1 2 2 1 
24 22 33 8 2 2 
4 87 
2 5 50 23 5 3 2 1 
90 1 
4 76 5 5 1 
8 65 9 8 1 
2 19 56 5 5 3 1 
3 24 33 3 6 21 1 
1 15 6 4 10 8 18 6 11 10 1 1 
1 69 14 1 1 1 3 1 
2 3 10 10 15 21 19 3 5 3 
1 9 14 20 24 14 3 1 4 1 
58 17 5 1 6 3 1 
4 16 35 23 6 4 2 1 
3 60 11 17 
1 27 6 10 8 1 6 7 16 6 2 1 
1 80 9 1 
43 14 19 1 9 1 1 3 
5 35 45 6 
1 47 42 1 
1 69 6 11 4 
1 18 44 16 1 7 2 2 
7 39 3 15 16 8 3 
6 44 31 6 3 1 
7 81 3 
13 5 10 46 5 8 4 
5 49 24 2 10 1 
1 42 12 26 7 2 1 
9 12 63 1 6 
10 11 32 18 4 11 3 1 1 
37 40 2 6 2 3 1 
1 65 21 1 2 1 
1 33 23 10 9 15 
3 16 43 15 10 3 1 
2 24 58 5 2 
2 66 19 1 3 
3 19 64 3 1 1 
1 76 12 2 
1 53 11 3 21 2 
1 45 14 12 3 15 1 
5 18 65 2 1 
1 37 47 5 1 
1 70 14 3 1 1 1 
1 66 9 14 1 
31 33 13 14 
2 87 2 
1 27 35 11 7 9 1 
2 1 73 14 1 
1 47 20 14 5 1 3 
20 12 2 2 5 20 5 13 2 4 2 2 1 1 
2 16 33 19 12 2 6 1 
1 26 1 55 8 
1 58 20 2 5 1 2 2 
1 25 46 6 5 7 1 
47 42 2 
9 19 30 24 7 2 
4 26 42 19 
16 70 4 1 
17 15 31 20 1 2 1 2 2 
1 30 7 35 2 11 1 2 1 1 
2 76 13 
1 50 34 4 1 1 
2 21 51 2 10 1 3 1 
1 79 4 4 3 
1 53 37 
40 10 27 9 5 
3 19 45 18 6 
35 15 30 10 1 
1 88 2 
1 46 16 5 20 1 1 1 
1 55 35 
1 45 42 1 2 
51 39 1 
24 47 4 1 6 8 1 
1 64 8 5 1 7 4 1 
2 76 10 3 
29 25 35 2 
2 54 3 21 7 1 1 1 1 
1 4 85 1 
23 13 27 23 5 
5 35 5 40 1 5 
1 14 68 2 5 1 
2 2 81 2 4 
2 76 4 5 2 1 1 
1 69 9 4 3 5 
1 81 5 4 
60 16 8 3 2 2 
5 60 24 1 1 
19 38 24 6 4 
13 51 9 17 1 
1 72 9 5 4 
1 86 1 2 1 
10 1 79 1 
56 24 3 3 2 2 1 
1 80 5 4 1 
57 23 1 8 2 
1 76 3 7 1 1 1 1 
2 41 48 
23 64 4 
1 61 4 23 2 
5 59 5 20 1 1 
1 57 23 3 1 4 2 
1 11 13 26 21 13 2 1 1 1 1 
64 24 3 
1 8 23 11 46 2 
2 2 87 
71 16 4 
2 40 48 1 
10 71 7 2 1 
1 42 12 18 16 2 
2 5 55 19 9 1 
4 35 27 13 8 3 1 
1 84 4 2 
3 26 21 40 1 
49 23 17 1 1 
1 47 35 7 1 
4 84 3 
1 75 15 
4 28 18 40 1 
33 28 30 
2 13 33 21 8 1 2 8 2 1 
37 24 9 3 13 4 1 
4 77 1 1 8 
3 53 25 5 2 1 1 1 
76 12 3 
2 73 4 9 3 
31 58 2 
9 39 36 7 
3 80 6 2 
4 8 76 3 
45 33 1 12 
2 83 6 
3 54 8 2 13 4 5 2 
1 15 41 8 13 12 1 
4 87 
7 46 13 3 12 4 4 2 
6 50 18 17 
3 75 7 2 1 1 1 1 
2 79 3 7 
1 56 16 2 7 4 5 
1 19 67 3 1 
4 2 74 3 5 1 1 1 
1 77 12 1 
8 61 20 1 1 
1 61 8 16 4 1 
44 13 10 22 1 1 
9 1 52 13 14 2 
5 81 2 3 
19 38 19 2 13 
1 11 10 9 22 12 25 1 
15 59 16 1 
1 55 30 5 
9 69 13 
57 22 11 1 
6 26 31 20 2 5 1 
10 55 23 1 1 1 
1 66 20 2 2 
1 51 11 27 1 
1 80 7 2 1 
2 51 20 6 1 1 9 1 
2 26 60 3 
1 4 21 50 3 1 6 3 2 
82 3 4 1 1 
2 56 27 6 
1 87 3 
26 7 13 2 11 27 1 2 2 
1 90 
2 32 57 
1 34 19 18 12 4 3 
23 53 8 3 3 1 
15 63 2 9 2 
5 62 10 7 2 4 1 
69 17 5 
2 44 8 19 13 3 1 1 
5 76 8 1 1 
2 6 7 5 21 19 19 7 2 2 1 
1 75 15 
2 89 
3 57 31 
11 47 33 
1 55 13 1 17 2 1 1 
1 6 75 8 1 
1 11 40 26 2 8 2 1 
56 8 18 6 1 1 1 
3 69 18 1 
15 73 3 
3 56 22 6 3 1 
1 29 37 19 5 
1 61 24 5 
14 69 8 
1 60 5 22 2 1 
20 20 28 23 
10 17 45 8 10 1 
1 60 30 
1 8 81 1 
1 81 5 2 2 
3 58 30 
1 55 2 16 9 6 2 
4 30 49 8 
1 17 65 3 2 2 1 
2 39 29 5 9 7 
42 34 8 4 3 
1 60 6 21 3 
1 42 8 2 24 11 3 
2 47 12 1 16 13 
2 19 65 3 2 
1 20 34 9 21 1 2 2 1 
5 12 53 8 10 1 2 
2 44 30 1 12 1 1 
4 36 29 4 12 3 2 1 
3 25 9 51 2 1 
2 20 8 56 1 3 1 
2 1 55 18 3 11 1 
2 23 7 30 11 17 1 
1 76 2 2 10 
1 80 10 
1 20 37 11 17 2 3 
4 2 54 20 7 4 
3 1 54 15 17 1 
2 82 2 1 2 2 
1 79 1 6 3 1 
1 65 25 
4 39 23 15 8 2 
2 48 15 26 
70 6 4 4 3 4 
1 17 50 8 8 5 2 
1 26 19 44 1 
6 62 7 15 1 
1 23 42 11 4 3 5 1 1 
7 9 1 51 8 1 1 3 3 1 3 1 2 
61 7 6 3 6 3 2 3 
1 7 22 59 2 
1 14 32 38 6 
4 45 24 1 12 5 
2 18 69 2 
4 85 2 
19 30 25 4 9 1 1 2 
91 
17 25 6 40 1 2 
1 82 5 3 
1 58 12 17 3 
1 19 42 1 21 7 
1 79 3 6 1 1 
2 52 22 10 2 2 1 
1 88 1 1 
3 21 4 56 5 1 1 
12 25 29 18 2 2 2 1 
1 28 52 1 5 4 
2 89 
52 10 26 3 
2 13 27 46 1 2 
1 36 17 37 
2 31 45 4 4 4 1 
1 17 13 14 7 28 8 2 1 
42 47 2 
91 
1 17 65 3 3 2 
9 20 16 3 4 1 9 21 7 1 
1 37 1 39 6 6 1 
1 83 6 1 
13 43 2 15 15 3 
5 9 9 55 13 
1 83 5 2 
2 36 15 25 5 1 2 1 1 2 1 
2 89 
1 46 43 1 
1 82 3 4 1 
2 44 39 1 1 1 3 
25 21 34 9 2 
2 10 54 20 1 1 2 1 
3 77 11 
1 88 1 1 
35 49 7 
1 73 5 11 1 
48 7 1 35 
1 87 3 
1 78 12 
2 61 20 8 
3 63 14 1 8 2 
25 52 12 2 
16 60 9 5 1 
2 4 28 41 11 4 1 
1 24 15 46 3 2 
4 10 3 58 11 2 3 
1 78 12 
1 81 6 2 1 
1 22 7 7 7 10 30 3 2 1 1 
3 64 15 3 6 
1 73 1 9 5 1 1 
7 28 56 
1 30 29 9 4 5 6 5 2 
1 31 42 2 15 
4 40 39 5 3 
1 9 36 8 28 2 7 
2 28 49 10 1 1 
2 26 61 1 1 
1 13 28 9 20 13 5 1 1 
9 55 8 9 3 2 2 1 1 1 
1 70 20 
48 37 1 4 1 
2 12 12 38 8 17 2 
2 81 2 1 1 3 1 
4 52 27 2 1 1 3 1 
1 39 48 2 1 
23 38 13 4 10 3 
2 51 6 18 12 2 
13 52 17 5 4 
2 38 11 8 27 1 2 1 1 
2 37 5 41 1 5 
8 21 32 23 6 1 
21 54 7 5 4 
26 47 1 15 2 
83 4 4 
1 8 78 1 2 1 
39 18 14 12 2 1 1 2 1 1 
9 72 1 3 5 1 
2 39 23 10 8 3 6 
2 53 29 5 2 
1 2 38 44 3 2 1 
1 28 14 37 11 
1 74 16 
2 13 76 
20 47 5 16 3 
1 61 8 20 1 
2 17 23 23 14 5 1 3 3 
19 67 1 1 1 1 1 
61 23 1 5 1 
1 83 2 4 1 
7 27 36 9 4 4 3 1 
20 54 11 3 3 
2 20 69 
7 8 21 7 34 12 1 1 
11 72 7 1 
22 12 2 52 3 
1 48 42 
2 11 41 3 3 5 11 1 9 2 1 1 1 
1 60 9 9 2 1 3 6 
1 29 42 1 1 16 1 
1 42 32 9 4 3 
15 41 5 15 13 1 1 
8 39 19 3 1 7 11 1 1 1 
2 45 30 14 
1 44 3 43 
2 5 43 18 15 1 3 3 1 
79 11 1 
12 57 3 1 7 3 7 1 
8 44 29 3 2 1 4 
1 1 7 16 13 2 13 6 3 5 3 15 1 1 1 2 1 
9 72 10 
2 40 48 1 
91 
2 31 44 2 12 
1 72 1 5 7 2 2 1 
1 17 10 14 8 14 2 25 
2 44 19 12 6 3 3 2 
1 87 2 1 
4 9 31 6 23 5 12 1 
1 49 37 1 3 
1 41 28 20 1 
3 59 9 13 3 3 1 
8 10 54 14 3 2 
71 8 11 1 
6 5 67 8 1 3 1 
1 54 19 6 6 4 1 
4 35 52 
1 70 11 8 1 
6 56 4 15 4 5 1 
53 15 1 10 8 4 
1 25 22 37 5 1 
1 52 28 2 8 
14 60 5 10 2 
3 81 2 1 1 1 1 1 
2 41 17 31 
13 69 6 1 2 
2 9 56 11 11 1 1 
2 65 8 14 2 
2 72 15 1 1 
10 9 60 4 8 
12 34 45 
4 80 7 
3 1 83 4 
1 24 23 26 16 1 
1 32 23 19 16 
1 52 24 5 7 2 
2 45 28 8 6 1 1 
1 41 27 4 4 11 2 1 
1 21 39 7 5 14 1 3 
5 28 50 7 1 
4 67 9 10 1 
2 9 33 5 22 20 
1 47 37 2 3 1 
25 32 6 10 13 1 2 1 1 
59 30 1 1 
3 88 
1 38 48 1 3 
1 4 66 2 11 4 1 2 
32 41 1 6 3 3 1 2 2 
13 41 37 
1 32 34 7 11 1 2 1 2 
2 11 10 29 9 3 16 6 5 
2 13 31 7 20 15 3 
22 1 40 8 11 4 3 2 
1 72 7 8 1 2 
91 
1 6 16 29 1 2 2 15 16 2 1 
1 81 9 
11 6 62 2 9 1 
6 27 15 22 8 4 8 1 
1 67 19 3 1 
4 56 1 11 18 1 
5 10 60 13 3 
1 4 24 32 11 4 3 2 5 2 2 1 
1 50 36 4 
1 53 23 6 1 3 4 
40 31 2 7 11 
2 72 16 1 
58 21 8 3 1 
6 46 21 11 5 2 
1 33 34 17 5 1 
33 7 34 3 8 2 4 
6 49 11 18 2 3 2 
1 77 11 1 1 
1 36 30 5 19 
15 74 1 1 
2 68 12 8 1 
32 35 24 
18 27 5 41 
42 49 
2 68 7 1 9 3 1 
11 43 8 27 1 1 
1 12 51 20 2 1 1 1 2 
51 33 7 
7 11 58 15 
2 33 25 11 10 2 5 2 1 
2 5 46 18 4 14 2 
1 23 62 5 
3 49 9 19 11 
3 27 4 12 11 12 11 2 2 6 1 
2 12 36 33 4 1 1 2 
12 33 46 
1 83 7 
23 10 53 1 4 
1 14 9 61 6 
7 22 32 13 4 4 7 1 1 
1 71 15 2 1 1 
4 58 11 9 2 5 2 
2 43 24 4 2 8 7 1 
70 1 10 8 1 1 
5 18 46 10 9 1 2 
90 1 
1 68 7 2 1 12 
1 46 9 10 7 17 1 
1 57 20 12 1 
1 47 43 
10 21 60 
66 21 3 1 
1 20 15 5 6 6 37 1 
3 46 40 2 
1 66 3 3 11 1 2 1 3 
1 72 3 6 7 2 
6 40 16 4 1 21 3 
5 12 14 58 1 1 
1 17 32 2 8 19 6 3 1 2 
1 69 5 2 1 10 1 1 1 
19 45 22 2 1 2 
6 60 7 7 5 5 1 
3 50 8 10 11 6 2 1 
1 41 29 9 8 1 1 1 
1 20 46 10 5 7 2 
2 75 4 9 1 
1 90 
32 57 1 1 
3 35 6 20 14 6 5 1 1 
1 24 62 2 2 
1 77 10 2 1 
1 89 1 
14 68 3 6 
3 11 41 15 16 3 2 
59 25 1 4 2 
1 67 8 5 4 4 1 1 
1 51 17 8 14 
7 33 18 9 18 3 1 1 1 
82 7 1 1 
1 35 19 27 9 
7 52 8 10 3 2 7 2 
1 72 14 3 1 
3 68 20 
1 74 3 13 
1 83 7 
26 53 7 1 4 
1 74 16 
52 15 6 10 1 5 2 
1 54 27 2 6 1 
11 63 17 
85 5 1 
15 5 8 14 28 9 11 1 
68 13 10 
19 28 13 30 1 
40 39 7 3 1 1 
1 36 15 4 29 3 2 1 
1 2 13 9 24 16 22 3 1 
4 70 13 2 1 1 
30 27 11 15 3 2 3 
1 60 19 11 
8 15 8 22 1 7 5 20 4 1 
2 34 8 43 3 1 
1 85 3 1 1 
55 30 4 1 1 
27 11 37 9 4 2 1 
5 14 54 8 7 3 
1 78 3 3 2 3 1 
1 77 3 3 4 1 1 1 
7 27 50 1 2 4 
4 1 62 24 
6 7 14 30 8 17 2 4 1 1 1 
1 88 1 1 
50 21 19 1 
1 51 36 2 1 
4 59 15 11 2 
1 3 11 13 50 10 3 
1 39 49 1 1 
1 75 6 8 1 
1 85 5 
1 67 23 
2 73 8 7 1 
1 8 29 5 4 16 1 5 5 6 2 1 4 1 2 1 
11 44 36 
1 40 50 
70 9 4 3 2 1 1 1 
84 6 1 
43 12 19 11 2 4 
1 77 12 1 
2 68 5 10 3 2 1 
1 70 16 2 2 
4 21 12 44 1 8 1 
1 63 19 8 
11 28 18 10 19 1 3 1 
1 73 15 1 1 
1 43 42 4 1 
1 51 3 11 7 9 6 2 1 
2 66 2 1 1 5 7 1 5 1 
1 13 30 20 22 3 2 
21 61 9 
2 84 1 4 
1 70 5 6 9 
6 76 7 1 1 
17 64 7 1 1 1 
3 51 29 1 6 1 
1 78 9 2 1 
51 3 9 19 4 5 
29 59 3 
3 43 20 4 21 
3 48 4 16 20 
1 43 4 8 1 29 3 1 1 
1 12 22 11 16 7 4 7 4 1 1 1 1 2 1 
1 19 2 65 2 1 1 
4 29 26 20 7 3 1 1 
1 88 1 1 
29 11 8 1 30 9 3 
24 20 17 4 12 3 10 1 
1 2 22 43 8 4 4 3 4 
10 11 41 6 20 2 1 
3 81 7 
6 78 4 2 1 
1 26 64 
5 6 8 4 42 8 7 7 2 1 1 
2 29 5 2 6 39 7 1 
5 53 33 
79 3 5 4 
1 45 19 3 1 18 3 1 
1 13 9 41 11 13 2 1 
1 74 7 9 
36 10 11 17 11 5 1 
1 11 49 11 2 5 12 
3 27 46 13 2 
1 10 12 10 16 20 16 3 3 
71 5 9 3 2 1 
2 52 20 9 3 2 3 
39 12 35 2 3 
30 61 
24 20 43 4 
1 68 14 5 1 1 1 
1 63 4 23 
1 30 27 7 14 8 2 1 1 
2 51 38 
75 12 3 1 
19 5 51 2 6 6 1 1 
2 37 37 9 1 3 2 
85 2 1 3 
3 16 28 34 5 2 3 
38 24 28 1 
1 73 2 6 1 8 
87 2 2 
18 21 18 33 1 
17 58 14 2 
11 45 35 
1 4 18 51 15 2 
1 49 17 5 11 2 3 3 
2 84 4 1 
1 54 15 10 10 1 
10 39 20 15 6 1 
1 76 5 1 7 1 
4 34 17 10 8 10 1 7 
1 57 31 1 1 
3 86 2 
10 8 65 2 1 5 
8 20 60 2 1 
1 66 20 3 1 
19 70 2 
3 39 33 12 4 
1 37 6 20 27 
23 42 26 
1 39 26 11 12 2 
1 59 31 
3 50 18 3 1 11 1 3 1 
40 44 4 3 
1 63 27 
2 33 42 3 3 3 4 1 
4 30 57 
1 10 42 25 10 3 
2 35 22 6 14 7 1 3 1 
1 81 8 1 
1 22 51 15 2 
18 18 55 
1 7 7 60 2 7 4 1 1 1 
59 17 8 5 2 
1 88 1 1 
68 1 5 8 9 
1 59 21 4 3 1 1 1 
1 88 2 
1 34 32 13 11 
8 77 5 1 
70 18 1 2 
91 
1 39 23 12 7 6 2 1 
1 29 42 6 4 3 3 3 
1 59 23 8 
1 81 8 1 
18 23 14 16 5 13 1 1 
9 22 8 11 30 6 1 2 2 
1 67 7 4 3 9 
1 19 10 25 29 6 1 
6 33 25 3 16 4 4 
3 19 4 40 13 12 
1 56 6 18 3 5 2 
1 41 44 1 1 2 1 
1 13 17 34 3 4 12 5 2 
3 45 34 1 8 
2 87 2 
1 82 8 
2 59 29 1 
2 46 5 34 4 
1 53 1 11 4 9 11 1 
3 8 65 15 
3 69 1 18 
5 36 46 1 3 
1 77 2 11 
37 47 5 2 
2 29 38 22 
2 77 12 
3 8 33 7 22 7 9 2 
2 35 54 
2 3 56 13 6 1 7 2 1 
1 27 52 6 2 3 
4 80 1 6 
2 31 31 1 5 12 6 2 1 
1 4 65 19 2 
2 48 3 3 2 11 14 2 6 
1 14 37 6 1 1 28 1 2 
22 49 20 
2 25 5 6 30 6 9 1 5 1 1 
10 77 1 3 
4 22 15 12 30 6 2 
44 47 
12 76 1 2 
3 18 33 30 1 6 
1 62 26 2 
1 88 1 1 
1 9 37 13 24 2 2 3 
46 25 6 1 9 1 2 1 
1 31 59 
3 75 12 1 
3 81 7 
2 17 55 12 4 1 
1 66 2 20 2 
5 83 1 1 1 
1 50 19 5 1 8 2 4 1 
1 62 28 
1 15 48 15 5 5 2 
10 48 1 22 10 
1 58 24 8 
2 73 4 11 1 
31 11 35 10 3 1 
15 5 58 13 
2 46 41 2 
1 19 26 17 17 11 
2 60 29 
5 22 62 1 1 
4 3 70 13 1 
1 74 16 
5 17 36 11 21 1 
1 75 12 1 2 
4 78 6 1 2 
1 83 3 4 
7 78 4 1 1 
29 40 22 
1 70 11 3 6 
1 31 20 3 20 4 4 1 2 5 
3 40 32 11 1 4 
1 40 39 10 1 
12 50 23 4 2 
1 46 2 2 24 2 9 3 2 
1 43 26 12 8 1 
1 79 3 2 1 1 4 
9 30 37 10 1 3 1 
1 48 38 2 2 
9 70 5 6 1 
32 25 6 5 14 8 1 
1 55 7 9 10 8 1 
3 61 10 10 4 1 1 1 
40 8 33 6 2 2 
4 43 36 6 2 
25 59 6 1 
83 1 6 1 
18 58 5 3 7 
14 44 7 17 3 6 
1 58 8 3 20 1 
1 20 42 10 16 2 
4 56 3 23 4 1 
4 30 6 2 10 17 1 11 3 1 1 4 1 
1 35 5 34 11 4 1 
1 42 44 1 2 1 
13 75 3 
4 46 41 
70 4 4 8 5 
2 5 19 27 5 12 3 5 7 3 1 1 1 
2 13 51 25 
1 81 4 4 1 
6 37 40 7 1 
1 69 15 5 1 
4 17 56 6 4 4 
2 18 51 6 13 1 
18 73 
1 72 18 
1 56 22 4 8 
30 4 50 3 4 
4 44 30 8 1 2 2 
76 9 6 
5 38 31 12 5 
4 33 29 9 15 1 
2 81 2 1 1 3 1 
9 2 16 13 16 14 15 1 3 1 1 
4 44 41 2 
1 60 30 
2 37 7 41 2 2 
8 7 76 
1 32 12 20 9 11 6 
7 47 37 
1 23 22 37 7 1 
11 14 41 20 1 3 1 
45 38 8 
13 52 22 2 1 1 
29 50 9 2 1 
1 41 16 24 8 1 
38 35 2 12 3 1 
38 39 10 1 3 
3 82 5 1 
5 80 6 
2 47 23 9 9 1 
1 20 35 22 3 7 3 
5 53 5 25 2 1 
8 66 12 5 
3 9 7 59 7 2 3 1 
1 17 3 26 42 1 1 
1 49 12 8 13 5 1 1 1 
72 4 15 
3 28 34 18 3 1 4 
2 59 26 3 1 
1 54 15 3 8 1 3 6 
21 21 20 8 13 1 4 1 2 
45 30 16 
8 57 26 
7 14 1 57 11 1 
2 42 14 20 7 4 1 1 
10 76 2 1 1 1 
1 74 10 6 
3 20 29 18 4 17 
9 45 30 1 6 
1 21 68 1 
2 5 81 1 1 1 
4 79 8 
1 16 58 14 1 1 
1 9 81 
28 56 5 2 
14 26 11 39 1 
1 4 33 5 9 7 15 2 7 3 5 
1 7 49 4 1 12 3 9 5 
2 23 66 
9 63 2 17 
5 14 13 16 31 2 5 4 1 
6 61 24 
1 66 14 4 1 1 2 1 1 
30 43 11 6 1 
1 51 38 1 
70 2 11 4 1 1 1 1 
3 13 12 43 20 
1 37 53 
2 83 1 1 1 1 2 
63 17 2 2 3 4 
2 6 64 11 8 
17 19 26 29 
2 81 3 4 1 
23 17 6 18 19 2 4 1 1 
1 58 1 30 1 
1 41 49 
3 30 58 
1 24 51 2 2 8 2 1 
1 26 36 23 5 
34 16 34 6 1 
5 35 35 16 
9 19 34 19 3 1 5 1 
8 17 59 1 2 3 1 
3 16 72 
2 11 62 5 10 1 
52 16 23 
89 1 1 
3 1 33 47 7 
1 89 1 
2 66 23 
1 2 17 42 7 21 1 
1 63 27 
1 61 22 4 1 1 1 
2 87 1 1 
1 53 15 18 4 
56 4 19 11 1 
1 75 8 3 3 1 
7 41 6 20 10 2 3 1 1 
2 80 1 3 4 1 
2 47 37 5 
25 42 14 10 
1 24 20 44 2 
63 16 12 
55 31 3 1 1 
1 25 38 14 3 3 2 4 1 
1 85 1 3 1 
91 
91 
1 10 27 46 3 1 2 1 
4 65 8 8 1 3 2 
17 56 6 11 1 
2 66 21 1 1 
3 7 74 2 2 3 
1 49 39 2 
2 15 58 6 10 
1 51 38 1 
9 20 47 11 3 1 
3 53 35 
1 55 33 2 
2 8 81 
2 84 5 
5 13 25 11 15 8 2 7 3 2 
2 68 16 2 2 1 
1 51 1 8 10 10 10 
84 2 3 2 
1 51 39 
1 14 75 1 
2 64 15 7 3 
82 6 1 1 1 
1 78 9 2 1 
1 31 27 23 8 1 
3 20 31 6 8 4 5 11 3 
1 78 10 1 1 
1 65 16 7 1 1 
1 34 8 23 1 19 1 2 1 1 
1 6 67 1 4 2 5 3 2 
1 49 41 
66 4 4 7 1 3 2 4 
1 45 35 9 1 
59 5 27 
5 69 15 1 1 
9 33 46 3 
2 12 20 52 1 1 3 
9 68 5 6 1 1 1 
2 28 48 5 5 2 1 
3 13 55 1 16 2 1 
5 52 1 22 1 4 3 2 1 
1 56 7 6 10 2 8 1 
58 13 18 2 
1 68 9 9 1 3 
2 12 1 76 
5 38 28 20 
10 36 8 1 32 3 1 
1 35 26 25 3 1 
2 16 55 14 4 
18 67 6 
1 35 7 40 1 2 4 1 
28 49 10 2 1 1 
3 12 27 27 14 4 1 1 2 
2 46 39 2 2 
2 68 17 4 
24 18 49 
2 67 12 7 3 
3 88 
1 43 29 9 9 
1 68 16 1 3 2 
4 3 9 21 33 14 7 
11 11 10 44 12 1 2 
89 1 1 
4 17 39 11 4 12 4 
1 58 5 3 4 1 12 4 1 2 
26 10 30 3 17 5 
7 32 15 10 6 15 2 4 
1 62 28 
1 34 10 37 2 6 1 
1 24 49 6 4 6 1 
8 36 26 12 4 2 3 
2 87 2 
1 89 1 
22 46 5 3 1 6 1 7 
1 80 5 2 2 1 
1 36 52 2 
15 43 27 3 3 
6 52 20 5 3 2 2 1 
3 5 22 22 6 14 1 9 5 1 2 1 
2 4 52 20 9 1 3 
13 1 77 
2 85 4 
2 63 26 
15 40 26 6 4 
53 22 13 3 
1 19 59 6 1 2 1 1 1 
19 34 33 5 
2 44 23 17 1 4 
4 9 9 59 9 1 
1 61 26 3 
1 2 62 21 1 2 2 
3 22 54 1 10 1 
18 13 50 6 2 1 1 
2 20 60 5 4 
1 46 14 16 5 3 4 2 
4 9 16 8 32 17 5 
1 18 54 14 1 2 1 
28 46 17 
1 17 4 48 11 7 1 1 1 
1 10 47 6 7 10 10 
5 70 13 3 
1 27 59 2 1 1 
20 55 16 
1 89 1 
1 63 25 1 1 
1 32 2 19 7 25 3 2 
1 14 20 10 29 2 7 7 1 
2 32 29 23 4 1 
24 11 7 19 6 16 2 3 3 
78 11 2 
91 
3 7 9 26 30 14 2 
1 15 54 7 4 8 1 1 
91 
1 21 23 32 12 2 
24 67 
2 51 21 13 1 3 
2 36 6 42 1 3 1 
7 33 6 2 29 9 3 1 1 
1 71 15 2 2 
1 6 20 43 16 5 
4 47 14 1 1 1 9 2 6 3 3 
4 37 50 
1 15 56 9 9 1 
1 57 33 
21 43 27 
1 37 22 1 2 4 10 3 8 2 1 
2 12 37 36 3 1 
3 80 2 6 
1 33 25 23 8 1 
1 34 35 13 3 1 4 
8 78 2 3 
4 65 1 9 7 4 1 
2 27 47 2 6 4 1 1 1 
22 8 18 1 12 1 18 3 3 4 1 
3 67 8 6 6 1 
4 12 16 27 4 28 
2 75 12 2 
2 40 10 1 34 2 2 
26 22 41 1 1 
2 14 44 22 4 5 
37 32 5 10 7 
3 85 2 1 
90 1 
1 16 9 63 2 
1 19 4 46 2 9 3 4 3 
1 10 16 30 16 11 6 1 
1 51 17 4 18 
7 64 11 7 2 
1 20 67 1 1 1 
1 26 5 43 16 
2 45 31 13 
26 37 20 3 3 1 1 
1 16 22 50 1 1 
11 12 24 5 33 6 
3 52 13 4 5 7 3 2 2 
13 40 6 10 6 10 5 1 
6 71 1 5 6 2 
87 1 1 1 1 
6 79 1 1 4 
1 79 5 6 
9 4 8 29 38 2 1 
2 73 12 2 1 1 
1 74 5 9 1 1 
1 81 8 1 
12 67 2 5 5 
81 4 1 4 1 
2 26 23 27 10 3 
1 26 61 2 1 
13 69 4 1 3 1 
77 4 6 1 2 1 
89 2 
1 52 9 14 1 5 1 1 6 1 
15 57 15 2 2 
1 52 25 9 1 3 
1 45 12 7 13 10 2 1 
1 88 2 
1 4 47 13 21 2 2 1 
75 4 7 3 1 1 
1 49 2 8 15 13 3 
1 13 22 45 6 3 1 
69 19 3 
4 49 8 22 5 3 
42 9 21 9 10 
44 31 15 1 
2 81 2 6 
1 26 7 14 19 13 1 3 6 1 
40 5 12 5 15 10 1 2 1 
1 63 14 9 1 3 
3 20 45 4 4 7 5 2 1 
1 36 32 3 14 3 2 
1 12 59 13 4 1 1 
63 3 7 13 2 3 
1 45 35 4 1 2 1 1 1 
1 60 27 2 1 
29 14 48 
1 12 25 9 3 31 4 4 2 
1 77 10 2 1 
1 18 59 3 8 1 1 
2 46 28 4 8 3 
1 70 20 
2 49 2 1 1 3 6 8 18 1 
3 20 44 18 1 1 1 3 
1 84 6 
1 70 19 1 
2 33 10 25 16 5 
1 69 19 1 1 
2 75 7 3 4 
15 42 10 17 1 4 2 
43 44 1 3 
1 26 58 4 2 
68 15 8 
12 68 4 1 5 1 
22 67 1 1 
1 3 77 7 2 1 
1 21 65 1 3 
4 57 28 2 
3 30 48 4 6 
44 3 18 19 1 2 3 1 
4 81 2 4 
2 28 52 5 1 3 
1 49 41 
3 2 81 4 1 
2 63 16 3 2 1 2 1 1 
1 13 52 8 17 
11 58 22 
1 43 1 36 4 2 4 
2 7 11 1 51 2 11 1 3 2 
21 3 38 1 6 18 4 
1 75 6 3 6 
1 64 15 6 3 2 
4 56 11 14 3 1 1 1 
1 78 5 7 
91 
1 73 15 2 
1 63 9 7 11 
1 8 58 13 4 5 1 1 
1 75 3 11 1 
7 31 46 5 1 1 
3 81 6 1 
3 57 4 24 1 1 1 
66 13 11 1 
1 89 1 
2 68 9 10 1 1 
2 14 41 25 7 1 1 
1 12 59 11 4 1 1 1 1 
3 34 13 21 2 6 7 3 1 1 
1 41 34 11 1 2 1 
46 13 25 4 3 
16 40 29 2 4 
1 14 49 13 12 2 
2 11 51 17 10 
10 40 8 10 8 2 2 4 2 5 
2 52 25 7 5 
91 
3 2 70 5 4 1 3 2 1 
28 47 15 1 
16 32 2 36 1 1 2 1 
3 11 18 33 26 
1 74 5 8 3 
5 47 26 4 4 2 3 
7 47 11 7 13 1 2 1 2 
1 86 3 1 
6 39 30 10 5 1 
25 42 22 1 1 
1 71 9 2 3 1 2 2 
19 30 11 18 5 3 3 2 
1 16 23 7 11 3 9 4 3 3 5 2 1 2 1 
10 78 1 1 1 
79 4 3 1 1 3 
3 69 8 3 4 2 1 1 
34 30 14 13 
9 26 28 4 17 2 1 4 
52 34 3 2 
91 
5 72 6 5 2 1 
2 36 23 12 6 8 3 1 
1 65 25 
3 12 6 11 50 2 1 1 5 
1 63 4 18 4 1 
4 81 3 3 
1 85 2 2 1 
1 60 10 2 15 3 
2 40 20 21 7 1 
5 71 1 4 2 4 1 3 
55 3 19 2 8 4 
10 55 23 1 2 
40 15 12 23 1 
2 42 36 6 5 
1 72 2 12 4 
10 37 44 
37 41 5 8 
1 64 6 1 18 1 
26 1 10 17 22 9 6 
1 25 20 25 12 8 
10 38 43 
1 8 2 74 3 2 1 
7 59 1 1 20 1 1 1 
5 54 10 4 6 7 2 3 
1 76 14 
3 83 5 
1 53 15 6 16 
1 37 25 25 2 1 
1 3 57 19 3 7 1 
87 1 2 1 
1 34 39 11 4 2 
1 25 4 33 26 2 
2 26 15 8 14 8 5 13 
56 21 1 9 1 3 
4 65 15 6 1 
5 44 30 6 6 
5 34 44 2 2 4 
37 28 26 
4 61 24 1 1 
16 71 1 1 2 
15 45 8 5 10 3 3 2 
1 90 
1 68 1 3 15 2 1 
3 70 3 15 
6 80 5 
10 21 41 6 6 3 4 
1 43 42 1 3 1 
12 79 
2 33 49 3 3 1 
1 18 31 20 17 1 3 
28 29 32 1 1 
1 58 21 4 3 3 1 
1 71 8 3 4 4 
1 78 3 3 4 1 1 
1 39 1 28 15 3 1 2 1 
4 72 7 2 2 4 
13 21 20 18 16 2 1 
7 50 22 4 7 1 
40 20 30 1 
2 39 1 10 33 6 
1 29 61 
1 20 49 21 
9 10 48 22 2 
1 52 29 5 3 1 
1 66 24 
1 17 50 12 11 
2 6 53 9 2 9 5 2 1 1 1 
1 62 28 
1 52 37 1 
2 24 65 
2 55 9 18 7 
45 8 36 2 
9 57 20 4 1 
4 61 14 7 4 1 
24 50 17 
9 29 38 13 2 
1 28 37 2 19 3 1 
1 90 
36 9 32 5 4 5 
27 54 8 2 
55 33 2 1 
1 46 43 1 
1 53 17 9 11 
9 72 10 
2 8 29 38 8 3 3 
2 46 17 26 
1 58 32 
91 
1 69 8 8 4 1 
1 75 6 7 1 1 
2 45 3 23 13 5 
2 82 1 3 1 1 1 
1 39 30 14 7 
2 53 17 3 1 3 4 8 
2 51 15 10 7 2 2 2 
6 46 39 
91 
1 17 73 
1 56 1 31 2 
11 10 3 19 28 19 1 
2 37 16 32 4 
1 55 32 2 1 
1 62 9 2 15 2 
1 12 24 41 3 3 6 1 
4 87 
9 35 41 5 1 
9 62 7 4 9 
1 59 11 5 12 1 2 
22 18 51 
4 60 6 12 8 1 
77 3 4 2 2 1 2 
4 48 2 34 3 
2 69 8 11 1 
4 85 1 1 
1 60 7 21 1 1 
49 34 8 
2 30 4 21 13 8 6 6 1 
19 22 40 8 2 
1 34 28 24 4 
5 42 16 26 2 
2 19 25 28 9 4 4 
1 70 8 6 5 1 
1 35 22 10 11 1 10 1 
1 88 2 
3 78 1 6 2 1 
1 63 7 14 6 
59 18 14 
1 8 11 53 8 8 1 1 
7 19 65 
4 53 3 24 3 2 2 
9 62 2 11 7 
1 16 42 20 2 1 7 2 
2 15 7 20 35 8 3 1 
61 27 1 1 1 
74 2 12 3 
1 13 24 33 8 9 3 
5 7 49 3 26 1 
1 27 58 4 1 
85 2 4 
2 29 40 14 5 1 
8 5 15 42 21 
1 39 14 1 3 3 30 
12 31 23 14 4 4 3 
1 44 43 3 
1 46 38 2 2 2 
5 64 1 16 3 1 1 
88 2 1 
1 59 31 
2 22 53 13 1 
1 90 
2 28 30 17 1 12 1 
2 17 72 
91 
1 23 33 24 10 
12 46 24 5 1 1 2 
13 11 47 17 2 1 
1 1 56 11 21 1 
2 84 2 3 
1 77 1 4 6 2 
2 4 70 11 1 2 1 
16 45 18 6 6 
1 19 18 2 5 19 22 5 
15 27 11 29 5 2 1 1 
2 79 4 1 4 1 
1 37 51 1 1 
1 18 19 40 12 1 
11 53 5 19 1 2 
8 83 
3 52 16 10 3 3 2 2 
1 69 6 10 5 
2 57 29 2 1 
2 25 56 6 2 
14 14 43 8 2 2 1 1 1 2 3 
1 38 52 
74 13 4 
1 34 10 41 1 2 1 1 
71 10 1 6 2 1 
1 30 17 31 3 1 6 1 1 
37 23 31 
1 83 2 2 3 
28 61 2 
1 59 14 7 5 3 1 1 
90 1 
1 89 1 
1 57 24 1 6 1 1 
5 22 49 6 6 3 
71 5 14 1 
4 77 2 4 3 1 
71 4 4 11 1 
2 18 23 3 1 12 24 4 4 
4 71 3 3 7 1 2 
21 25 34 11 
1 31 27 14 8 1 7 2 
1 12 39 19 18 2 
4 63 24 
1 43 11 26 7 3 
3 27 3 17 31 8 1 1 
21 47 3 18 1 1 
27 3 34 9 18 
1 69 16 5 
3 51 34 2 1 
4 6 49 28 4 
6 51 21 2 2 3 6 
5 16 26 41 3 
1 31 5 1 36 16 1 
1 80 4 1 1 4 
1 69 15 6 
1 66 21 1 2 
1 33 26 8 3 17 3 
1 57 10 7 5 8 1 2 
3 72 15 1 
4 48 25 9 1 1 3 
4 10 2 60 7 1 1 1 1 3 1 
91 
4 80 3 2 1 1 
1 15 70 2 1 1 1 
1 12 33 3 11 11 7 5 1 2 1 1 2 1 
1 34 5 42 7 2 
1 71 12 3 4 
10 36 14 9 11 7 4 
1 43 5 27 13 2 
1 52 2 33 2 1 
3 54 24 10 
4 73 12 1 1 
20 28 10 13 7 4 2 7 
5 47 1 14 5 12 5 1 1 
5 31 45 7 3 
1 23 10 29 22 2 1 2 1 
10 57 3 14 1 4 2 
4 81 1 4 1 
1 6 33 16 19 5 9 1 1 
6 79 6 
33 10 39 7 2 
5 13 21 6 7 6 12 16 5 
2 75 10 2 2 
86 1 4 
17 69 5 
1 11 16 8 33 17 1 1 2 1 
1 8 36 14 14 12 3 3 
1 17 73 
23 7 61 
1 42 34 2 9 1 2 
1 51 18 16 1 2 2 
1 60 13 11 6 
6 32 1 33 13 1 2 3 
6 65 20 
3 13 1 57 4 8 1 1 2 1 
25 24 14 2 11 8 6 1 
1 39 2 7 19 14 1 5 3 
10 46 35 
1 29 61 
6 6 65 8 1 5 
2 39 24 13 11 1 1 
54 15 22 
1 57 33 
4 25 4 12 4 14 17 11 
1 12 49 2 15 8 4 
4 48 34 4 1 
1 67 12 8 1 2 
3 40 22 23 3 
2 25 10 7 12 15 1 13 4 2 
3 68 20 
8 9 32 3 13 5 10 3 5 3 
1 73 7 8 2 
3 25 26 27 3 7 
13 68 9 1 
5 45 11 26 3 1 
6 28 4 7 30 11 4 1 
8 1 38 14 24 2 3 1 
47 19 25 
1 41 49 
89 2 
5 26 36 7 10 3 3 1 
1 40 19 31 
1 13 46 28 3 
8 18 3 33 2 20 3 3 1 
4 85 2 
8 75 1 6 1 
38 21 31 1 
32 31 28 
3 59 7 15 2 5 
2 21 17 4 32 4 3 1 2 3 2 
76 15 
1 90 
1 75 2 10 1 2 
7 64 13 7 
1 2 88 
2 29 1 28 11 18 1 1 
1 9 57 13 3 2 3 2 1 
33 55 1 2 
13 61 4 4 8 1 
1 85 5 
2 14 16 28 27 1 3 
90 1 
17 10 64 
1 3 68 4 4 3 3 1 1 2 1 
1 76 10 4 
1 26 31 22 1 1 1 3 5 
1 88 1 1 
82 4 3 1 1 
2 46 43 
1 38 35 12 5 
1 66 14 9 1 
3 87 1 
1 87 3 
5 36 48 2 
4 73 1 12 1 
1 8 75 4 2 1 
58 3 20 9 1 
14 29 22 11 11 2 1 1 
4 35 52 
6 25 39 12 2 1 4 2 
51 37 1 2 
83 8 
17 73 1 
1 66 16 8 
1 39 39 12 
1 53 20 14 3 
8 9 11 58 3 1 1 
1 41 21 13 13 2 
2 22 15 44 6 1 1 
1 35 52 2 1 
5 84 2 
1 57 15 12 6 
74 15 1 1 
1 6 74 4 6 
1 70 14 2 4 
1 75 12 1 1 1 
11 77 3 
18 22 16 6 12 4 10 3 
1 31 33 10 2 1 3 3 2 4 1 
1 85 1 2 2 
3 84 1 2 1 
1 9 81 
1 67 3 17 2 1 
9 47 6 4 8 5 4 4 1 3 
9 68 14 
2 52 10 16 2 2 2 2 1 2 
62 10 4 9 3 2 1 
1 45 1 3 20 4 2 12 1 1 1 
1 9 59 1 13 4 4 
1 86 4 
1 8 26 13 23 13 7 
9 33 49 
1 81 8 1 
1 11 19 29 1 18 12 
2 69 3 9 3 2 1 2 
4 54 28 2 3 
42 46 1 1 1 
1 70 20 
9 34 38 6 3 1 
3 14 70 3 1 
1 26 41 19 1 3 
7 30 17 18 8 11 
1 82 6 2 
1 3 1 13 12 30 21 8 2 
4 26 7 53 1 
1 8 8 22 44 7 1 
2 17 8 47 1 4 12 
3 7 11 36 26 1 1 1 1 1 1 2 
1 7 50 4 21 7 1 
7 45 14 17 5 3 
3 7 33 33 1 3 7 2 2 
91 
7 75 3 4 2 
28 63 
13 67 11 
1 8 16 27 14 2 19 1 3 
2 71 4 12 1 1 
47 44 
6 41 39 2 3 
1 13 18 19 12 6 9 10 3 
27 51 11 1 1 
25 57 8 1 
2 9 30 26 17 1 2 1 1 2 
10 67 6 3 4 1 
1 62 17 2 5 1 1 2 
1 82 2 2 3 1 
2 53 9 10 4 3 7 2 1 
3 9 79 
1 68 3 12 1 2 3 1 
1 12 67 5 2 2 2 
43 23 3 15 5 1 1 
1 59 24 3 3 1 
3 2 45 14 23 2 2 
9 21 9 44 3 3 2 
42 26 23 
14 50 27 
1 42 4 7 19 7 1 1 2 4 1 2 
47 2 38 4 
1 79 10 1 
87 1 3 
1 61 4 2 22 1 
3 19 49 5 6 2 1 1 5 
1 45 11 5 13 1 4 7 2 1 1 
8 71 12 
1 90 
1 39 34 5 1 1 6 1 1 2 
3 13 20 16 7 27 2 1 1 1 
1 70 10 10 
1 33 29 19 8 1 
1 36 54 
1 85 5 
5 83 3 
4 35 11 18 13 10 
2 54 18 5 9 3 
1 36 48 3 3 
2 59 13 10 3 1 2 1 
54 3 17 4 7 4 2 
8 66 12 5 
1 44 8 10 16 10 2 
18 23 32 16 1 1 
1 19 56 5 8 2 
1 6 65 16 3 
1 61 27 2 
3 50 8 17 7 3 1 2 
