66 17 1 8 
2 40 3 21 19 4 2 1 
33 30 19 4 5 1 
32 2 39 15 3 1 
1 91 
15 44 15 1 4 11 2 
10 36 4 21 18 1 2 
1 71 17 3 
1 44 25 8 9 3 2 
1 1 1 45 4 6 9 11 10 4 
1 67 23 1 
3 16 63 3 5 1 1 
1 1 18 45 4 3 8 7 2 1 1 1 
5 72 1 6 3 5 
5 25 61 1 
7 3 15 67 
12 55 1 11 7 4 2 
1 28 5 29 15 6 6 1 1 
1 15 30 44 1 1 
1 63 22 3 3 
4 3 31 12 22 3 2 1 6 1 3 1 1 1 1 
1 6 66 15 4 
5 5 13 48 7 13 1 
3 44 17 25 1 1 1 
84 5 2 1 
2 61 27 1 1 
9 64 13 3 2 1 
26 61 5 
1 88 1 2 
5 84 3 
26 27 4 1 32 1 1 
50 29 2 2 1 2 1 5 
1 32 16 8 35 
10 16 23 17 7 1 11 3 4 
1 28 50 13 
4 67 12 6 1 1 1 
4 63 2 9 8 3 3 
65 23 1 1 2 
4 79 1 2 6 
7 58 18 6 2 1 
3 53 7 1 24 3 1 
1 25 5 35 14 9 3 
1 18 10 7 24 14 4 12 1 1 
1 72 8 3 6 1 1 
5 32 22 17 13 3 
6 85 1 
4 61 1 25 1 
1 8 66 6 2 5 1 2 1 
1 67 19 5 
9 73 4 6 
8 71 7 2 1 1 2 
87 1 4 
1 24 35 20 3 9 
4 74 8 4 1 1 
92 
5 37 20 14 4 4 8 
2 77 8 4 1 
1 14 41 17 13 2 1 2 1 
1 34 6 22 23 4 2 
59 19 14 
1 58 11 9 4 2 3 1 3 
18 12 40 7 14 1 
12 67 13 
2 13 42 26 2 5 1 1 
3 69 3 3 1 6 4 1 2 
8 41 41 2 
1 89 2 
1 45 19 14 7 4 1 1 
3 37 51 1 
1 50 27 6 7 1 
1 75 3 12 1 
1 15 28 19 17 11 1 
1 59 3 1 3 22 1 1 1 
2 90 
2 88 2 
1 44 3 31 12 1 
1 43 15 32 1 
5 80 7 
1 56 2 33 
46 3 16 5 14 3 1 2 2 
1 5 37 34 11 2 1 1 
6 78 8 
9 4 48 13 15 1 2 
1 41 50 
1 28 49 10 1 2 1 
5 50 37 
1 49 30 3 1 2 4 1 1 
8 77 7 
3 80 9 
2 45 14 5 5 8 7 2 4 
1 85 6 
2 13 30 22 1 18 2 3 1 
1 46 34 7 4 
4 84 2 1 1 
6 78 1 2 2 3 
2 69 4 1 13 1 2 
1 40 41 5 5 
8 45 6 12 7 11 3 
4 85 2 1 
5 72 5 1 3 3 3 
1 52 37 1 1 
1 46 34 2 6 2 1 
30 47 13 1 1 
23 27 16 9 17 
7 38 37 8 2 
2 70 20 
66 20 2 4 
21 16 5 1 42 4 2 1 
2 24 22 3 9 29 1 1 1 
1 27 17 34 2 1 6 4 
1 1 7 23 5 4 7 35 4 3 2 
18 36 30 5 3 
1 14 46 6 19 5 1 
1 48 1 32 6 1 1 2 
3 53 30 4 2 
79 5 3 5 
2 65 22 2 1 
1 46 16 20 1 3 3 1 1 
1 1 65 19 5 1 
1 46 27 16 2 
4 85 2 1 
5 75 2 2 8 
1 12 43 24 3 9 
4 80 5 3 
76 14 1 1 
91 1 
58 26 5 2 1 
3 30 31 21 2 2 3 
84 6 2 
15 31 9 1 11 6 8 8 1 2 
29 33 14 16 
20 69 1 2 
4 79 1 2 3 1 2 
5 21 29 2 10 23 2 
7 19 65 1 
3 6 80 2 1 
3 39 24 10 7 1 5 1 2 
1 65 13 6 2 2 1 2 
2 62 9 6 4 7 1 1 
5 71 4 11 1 
71 15 3 2 1 
51 8 14 13 3 3 
5 35 50 2 
1 74 9 3 2 2 1 
1 37 28 20 4 2 
3 41 44 2 2 
1 8 9 67 5 2 
1 57 20 6 3 5 
3 41 31 16 1 
3 60 28 1 
4 55 18 8 7 
1 55 32 4 
48 9 21 8 5 1 
6 51 16 16 3 
13 8 12 50 8 1 
41 46 2 3 
2 88 1 1 
12 57 23 
8 67 10 1 2 4 
1 79 9 1 2 
11 19 62 
92 
1 7 12 41 17 12 2 
7 42 39 3 1 
1 61 4 13 9 1 2 1 
16 6 6 24 4 23 1 1 9 2 
92 
4 59 27 2 
1 86 1 1 3 
2 18 56 7 7 1 1 
66 4 20 1 1 
1 53 10 13 9 2 4 
1 59 8 24 
1 90 1 
58 33 1 
2 65 4 9 1 10 1 
1 24 22 32 7 2 4 
1 62 7 10 6 3 3 
1 13 57 9 4 1 6 1 
6 46 35 4 1 
4 36 30 21 1 
1 70 21 
5 55 9 19 1 1 1 1 
1 6 25 7 43 2 1 5 2 
1 38 7 7 1 18 9 11 
1 85 6 
90 1 1 
1 25 37 21 8 
1 79 9 2 1 
1 62 16 6 5 1 1 
1 43 21 8 6 2 10 1 
5 20 25 40 2 
81 8 1 2 
4 80 8 
10 7 75 
20 21 31 7 6 2 4 1 
2 22 17 18 8 20 1 4 
1 45 28 5 12 1 
49 18 17 7 1 
13 2 60 10 3 4 
1 7 46 35 1 1 1 
15 54 12 9 1 1 
5 48 13 15 11 
5 35 23 9 4 6 3 2 1 2 2 
1 21 66 4 
1 47 1 30 6 1 3 1 1 1 
3 17 3 29 39 1 
62 12 9 1 2 6 
1 21 7 60 2 1 
1 73 10 7 1 
1 31 10 34 13 3 
2 33 13 33 7 4 
2 40 2 39 5 3 1 
73 6 7 6 
1 80 11 
14 20 1 30 19 1 5 2 
20 70 2 
4 46 42 
2 70 19 1 
2 11 57 6 5 5 4 2 
3 83 2 1 2 1 
21 51 3 13 1 3 
40 33 10 3 3 1 1 1 
2 21 27 26 16 
6 23 30 16 8 9 
55 1 36 
74 5 3 8 2 
5 32 15 9 12 5 14 
1 29 2 48 10 1 1 
40 16 13 10 10 1 1 1 
2 2 5 47 13 4 16 1 1 1 
7 13 7 31 3 14 13 3 1 
1 49 29 12 1 
1 55 5 25 1 5 
3 28 39 22 
3 68 4 15 1 1 
73 6 13 
1 10 24 24 30 1 2 
67 16 5 4 
4 1 81 5 1 
52 34 5 1 
1 26 35 2 13 3 6 5 1 
1 65 24 2 
5 41 7 16 23 
4 55 33 
1 91 
1 63 11 3 13 1 
1 4 15 46 5 9 5 1 3 1 1 1 
1 2 40 25 16 4 4 
1 68 1 20 2 
89 3 
2 65 25 
1 10 6 72 3 
1 60 16 5 10 
48 37 4 1 2 
1 32 59 
11 38 4 12 11 3 13 
2 70 12 6 2 
2 71 6 5 1 2 4 1 
1 74 16 1 
4 47 5 21 14 1 
1 17 23 47 3 1 
1 64 11 11 2 3 
2 48 37 4 1 
2 37 32 6 3 4 5 2 1 
1 57 19 12 1 2 
1 29 27 21 7 3 3 1 
2 56 30 2 1 1 
76 8 8 
2 32 50 8 
1 56 2 30 3 
1 85 4 2 
1 66 2 14 3 6 
3 9 8 7 20 42 3 
48 42 1 1 
1 81 3 5 2 
2 16 12 2 15 1 30 5 5 1 2 1 
12 14 6 15 25 17 2 1 
92 
1 74 14 1 2 
1 28 8 9 24 5 8 1 1 2 5 
2 8 7 52 10 11 1 1 
21 67 4 
3 70 10 5 4 
77 15 
3 70 8 4 3 3 1 
5 46 21 8 11 1 
4 24 9 8 23 18 3 3 
16 56 3 14 1 2 
32 53 3 2 2 
1 30 16 23 13 5 4 
1 82 8 1 
1 41 2 32 1 7 6 1 1 
83 7 1 1 
1 60 29 1 1 
1 39 41 5 6 
12 8 7 55 10 
92 
61 3 28 
14 65 2 9 1 1 
1 45 2 22 2 13 1 5 1 
3 2 43 7 23 11 3 
1 3 10 36 23 6 13 
26 62 2 2 
12 51 28 1 
2 23 10 49 4 3 1 
2 16 21 6 47 
21 3 21 37 9 1 
63 1 23 1 2 1 1 
49 25 5 6 2 5 
1 76 15 
2 69 2 17 2 
5 84 2 1 
92 
6 48 38 
1 14 4 41 32 
1 13 51 6 14 4 2 1 
4 4 4 5 25 30 12 8 
9 70 2 4 2 3 1 1 
1 40 45 1 4 1 
1 58 8 3 18 3 1 
1 38 1 11 17 24 
61 13 18 
1 70 13 3 2 3 
1 20 48 14 3 1 4 1 
1 87 1 2 1 
43 20 1 24 2 1 1 
1 89 2 
4 46 17 18 7 
60 26 6 
1 67 9 9 5 1 
3 6 36 38 3 2 1 1 1 1 
9 4 77 1 1 
6 67 9 7 1 2 
64 16 6 3 2 1 
18 30 36 1 3 3 1 
1 30 60 1 
1 49 34 2 6 
1 23 50 18 
5 8 9 3 24 35 5 1 2 
5 41 13 32 1 
9 4 61 15 1 2 
7 50 21 13 1 
4 12 40 13 16 1 3 3 
2 77 9 1 2 1 
2 29 54 7 
1 88 3 
79 9 4 
67 14 1 5 1 2 2 
2 62 23 4 1 
72 1 11 1 7 
25 51 2 4 3 7 
4 57 19 3 5 2 1 1 
3 24 30 15 15 4 1 
23 43 8 15 2 1 
8 79 2 2 1 
1 17 65 9 
1 31 60 
66 1 17 4 3 1 
1 16 39 32 4 
1 76 3 10 2 
1 64 26 1 
91 1 
6 8 5 8 13 31 4 2 10 1 2 2 
1 83 1 7 
2 56 29 2 3 
50 41 1 
2 16 14 29 13 5 5 7 1 
50 19 1 8 5 9 
1 91 
1 28 32 12 12 7 
3 7 47 5 27 3 
8 33 42 5 4 
28 11 29 21 3 
28 56 6 1 1 
1 26 58 1 6 
11 39 23 14 4 1 
1 59 10 2 3 5 2 9 1 
8 17 49 17 1 
85 1 6 
92 
1 80 4 1 3 1 1 1 
18 15 19 18 22 
5 74 8 5 
1 15 16 6 26 13 10 5 
31 11 35 8 5 1 1 
2 70 13 2 4 1 
1 62 3 7 19 
1 30 35 26 
4 61 26 1 
26 21 7 38 
1 39 34 16 2 
8 26 49 4 1 2 2 
1 23 1 66 1 
1 76 14 1 
2 10 64 4 10 2 
5 47 12 5 7 12 3 1 
92 
1 76 11 2 1 1 
4 35 45 6 2 
3 65 20 3 1 
1 63 19 2 6 1 
1 74 17 
1 63 26 1 1 
8 13 13 16 39 1 2 
92 
58 3 21 4 3 1 1 1 
1 16 48 17 2 5 3 
1 65 14 12 
1 19 72 
1 59 25 5 2 
10 82 
1 62 23 3 1 2 
50 13 29 
3 87 2 
2 12 40 29 6 1 2 
2 50 7 26 5 2 
10 72 3 3 1 2 1 
1 47 39 2 2 1 
2 40 27 4 15 4 
92 
1 82 9 
1 89 2 
1 4 52 34 1 
14 3 30 21 6 13 4 1 
3 28 20 37 4 
28 44 12 2 6 
1 45 26 2 13 2 2 1 
34 43 2 8 2 2 1 
2 56 34 
1 34 53 4 
1 16 30 8 4 12 3 15 2 1 
2 70 20 
3 14 51 4 14 6 
1 50 27 11 1 2 
6 26 12 31 11 4 2 
3 41 46 1 1 
1 46 13 1 6 20 5 
3 54 8 22 1 2 2 
3 9 43 5 9 15 7 1 
2 32 46 4 8 
3 13 49 18 9 
1 62 2 9 1 11 3 1 2 
5 33 9 39 4 1 1 
8 65 19 
1 4 39 27 16 4 1 
76 3 13 
1 51 31 9 
1 62 28 1 
92 
2 84 2 3 1 
3 65 7 9 8 
9 16 42 22 2 1 
14 41 18 8 10 1 
46 32 14 
8 55 3 16 6 1 1 1 1 
25 26 37 1 2 1 
14 1 45 25 2 3 1 1 
23 44 23 2 
6 81 5 
7 2 21 8 20 14 10 2 5 1 1 1 
3 15 18 28 2 11 1 5 7 2 
26 21 37 7 1 
1 30 26 1 14 6 4 8 2 
82 6 1 1 1 1 
1 78 5 1 4 1 1 1 
3 8 18 41 17 3 2 
10 58 20 4 
1 24 22 29 16 
1 45 27 9 10 
84 6 1 1 
1 76 9 3 3 
2 34 17 37 2 
5 59 28 
1 48 43 
7 65 16 1 2 1 
1 37 49 5 
1 21 29 8 32 1 
1 79 7 5 
2 34 42 6 2 6 
8 77 5 2 
1 73 18 
46 34 4 3 5 
4 26 62 
1 39 19 8 13 6 6 
2 4 49 13 2 17 2 3 
1 29 50 4 4 3 1 
13 26 34 10 1 6 1 1 
2 13 33 18 10 10 6 
1 32 10 49 
2 54 24 9 1 2 
73 4 1 1 4 2 7 
17 51 22 1 1 
1 4 59 4 8 1 1 3 2 3 6 
1 47 36 8 
1 18 55 7 7 4 
5 52 27 6 1 1 
46 1 34 7 4 
1 91 
2 14 34 29 13 
1 66 19 1 4 1 
1 87 4 
1 44 23 13 5 4 2 
7 42 4 35 2 1 1 
1 35 30 9 11 2 1 2 1 
1 71 11 7 1 1 
1 57 22 4 2 4 1 1 
1 78 2 9 2 
12 37 22 6 7 1 5 1 1 
6 80 6 
12 79 1 
8 76 3 4 1 
6 51 1 22 1 1 2 2 1 4 1 
16 24 46 2 4 
3 14 12 3 5 28 5 12 7 2 1 
1 85 6 
6 29 10 12 25 2 1 7 
1 35 1 53 1 1 
1 20 34 20 8 2 2 1 3 1 
8 44 38 2 
4 60 27 1 
14 19 45 8 3 3 
4 16 5 21 35 10 1 
10 48 11 10 4 2 3 3 1 
1 86 5 
1 17 74 
9 37 19 6 7 2 1 4 3 2 2 
32 7 5 48 
1 2 23 10 51 5 
7 40 30 14 1 
21 40 27 3 1 
1 1 20 64 3 3 
9 59 3 10 10 1 
31 28 17 5 8 1 1 1 
43 31 9 3 5 1 
4 1 66 19 2 
1 71 20 
13 21 45 5 8 
2 10 35 25 14 6 
1 78 13 
1 80 9 1 1 
1 86 5 
44 30 18 
2 4 1 56 7 21 1 
92 
8 33 7 29 15 
3 71 2 5 11 
10 1 5 21 10 28 10 2 1 3 1 
1 50 39 2 
2 33 22 31 3 1 
2 72 13 1 1 2 1 
10 35 13 32 2 
2 71 18 1 
8 18 21 43 1 1 
2 63 27 
1 84 3 3 1 
1 38 51 1 1 
1 33 5 50 3 
92 
38 2 43 1 5 1 1 1 
3 35 3 39 4 5 1 1 1 
1 10 22 34 1 20 4 
1 65 11 6 2 7 
1 57 2 1 29 1 1 
2 50 33 2 5 
1 17 13 16 13 1 11 4 3 2 5 3 3 
17 28 7 39 1 
1 13 7 22 28 19 2 
31 12 41 3 4 1 
1 88 1 1 1 
17 18 57 
1 86 5 
1 74 7 1 8 1 
2 72 4 3 7 1 2 1 
6 4 8 2 24 7 6 5 7 13 5 2 3 
1 14 61 8 4 4 
6 8 23 39 6 10 
4 25 38 9 6 5 5 
6 1 5 78 1 1 
1 5 86 
11 29 17 32 2 1 
5 52 5 26 1 1 1 1 
63 6 6 11 3 2 1 
6 27 17 12 30 
3 32 56 1 
2 37 16 5 29 3 
1 48 2 19 22 
5 82 4 1 
10 32 25 9 12 2 2 
7 24 42 10 7 2 
1 43 32 4 1 3 4 2 2 
6 57 18 3 6 2 
3 54 31 3 1 
1 8 38 18 25 1 1 
1 84 1 3 3 
1 67 23 1 
1 2 34 47 2 5 1 
27 26 17 20 2 
5 2 75 9 1 
5 23 35 22 6 1 
28 31 10 15 1 4 2 1 
5 80 3 2 2 
1 60 31 
1 30 53 5 3 
1 60 31 
2 7 53 21 3 4 2 
2 35 34 8 8 2 1 1 1 
3 24 54 4 4 1 2 
1 9 82 
26 16 37 4 9 
16 21 10 29 4 12 
7 73 11 1 
26 3 15 5 3 15 25 
1 53 33 2 3 
3 71 1 11 2 3 1 
22 42 4 3 9 11 1 
7 36 10 27 8 4 
1 11 1 13 26 27 10 3 
1 29 47 11 2 1 1 
1 48 32 7 3 1 
1 49 42 
6 1 21 19 32 3 4 4 1 1 
1 64 2 6 12 5 2 
52 40 
2 40 20 5 17 5 1 1 1 
1 81 10 
43 5 29 10 5 
19 43 1 22 6 1 
5 21 44 10 1 9 2 
17 14 12 6 1 28 7 5 2 
1 78 7 1 5 
68 8 8 1 5 1 1 
2 61 16 10 2 1 
1 68 1 3 19 
5 55 6 23 2 1 
4 32 32 3 7 6 1 2 1 4 
28 64 
1 87 4 
3 25 47 10 4 1 2 
1 30 11 11 6 10 11 5 1 1 2 1 2 
2 78 2 4 1 3 1 1 
1 88 2 1 
2 12 46 18 11 2 1 
24 31 1 28 8 
6 66 8 3 5 2 1 1 
1 14 39 22 16 
4 69 16 1 1 1 
5 25 20 25 12 2 1 2 
1 49 34 7 1 
59 25 6 2 
1 51 24 7 2 1 6 
2 84 3 1 2 
8 49 25 1 1 2 2 3 1 
1 10 3 40 19 19 
1 14 36 30 9 1 1 
31 61 
89 2 1 
84 1 2 2 2 1 
5 73 4 5 2 1 2 
28 11 2 23 26 2 
3 74 15 
12 35 45 
4 85 2 1 
1 62 13 15 1 
2 66 7 1 5 6 1 2 2 
1 62 25 2 2 
1 79 10 1 1 
2 68 8 4 6 4 
5 10 7 32 3 5 6 10 2 3 6 1 2 
1 86 4 1 
2 9 34 23 14 1 3 2 3 1 
1 90 1 
2 88 2 
5 72 14 1 
1 79 9 1 1 1 
1 59 29 1 1 1 
2 22 18 11 17 6 1 8 6 1 
2 50 9 22 7 2 
12 3 72 1 3 1 
16 68 8 
79 1 7 5 
23 33 18 14 4 
38 20 34 
48 31 3 4 3 3 
2 72 15 2 1 
2 34 15 14 5 11 3 1 3 2 2 
1 75 4 6 1 2 3 
26 38 13 6 5 4 
3 53 27 7 2 
4 35 53 
1 16 3 46 1 24 1 
3 80 7 1 1 
1 74 17 
8 69 8 5 1 1 
1 56 23 11 1 
39 21 13 12 6 1 
1 77 14 
81 10 1 
5 21 64 1 1 
8 1 1 12 42 2 25 1 
2 49 29 4 7 1 
5 81 2 3 1 
1 8 45 23 10 3 2 
3 5 63 12 7 1 1 
1 78 5 6 1 1 
28 39 14 4 4 1 2 
3 4 40 15 1 22 2 4 1 
2 22 68 
5 52 33 1 1 
1 80 9 2 
1 74 13 2 1 1 
1 40 17 12 18 1 1 2 
3 46 29 10 1 2 1 
2 15 65 4 1 5 
2 71 16 3 
1 90 1 
1 38 37 16 
1 21 20 32 13 2 1 1 1 
1 64 24 3 
3 9 61 16 1 2 
86 3 2 1 
2 85 3 2 
38 1 1 51 1 
1 6 35 43 3 2 2 
21 52 19 
4 70 2 16 
3 78 3 2 1 4 1 
1 83 8 
10 41 15 22 2 1 1 
18 1 27 46 
13 34 37 3 4 1 
3 57 15 4 12 1 
88 2 2 
3 28 32 14 5 2 7 1 
14 67 10 1 
4 71 17 
1 16 65 8 2 
1 34 33 18 3 1 2 
1 73 18 
2 74 2 7 4 2 1 
1 91 
1 14 13 52 5 4 1 2 
71 20 1 
19 19 41 7 2 1 1 2 
1 56 34 1 
18 67 7 
1 23 48 16 1 1 2 
1 76 3 7 4 1 
9 60 2 3 13 4 1 
1 79 12 
2 86 2 2 
6 31 50 5 
28 16 45 2 1 
2 70 13 3 2 2 
8 42 30 2 2 6 2 
1 54 19 10 4 4 
1 76 15 
1 31 8 22 26 2 2 
5 83 3 1 
1 23 58 9 1 
2 33 18 14 1 23 1 
28 39 14 8 3 
5 33 40 10 2 2 
1 67 15 2 6 1 
22 9 51 7 1 2 
4 52 12 5 17 1 1 
2 70 1 11 8 
2 83 4 2 1 
19 18 50 3 2 
2 16 53 20 1 
1 72 19 
2 40 32 7 6 2 3 
1 32 30 8 5 12 3 1 
2 28 56 6 
8 83 1 
1 84 5 2 
26 27 24 10 2 2 1 
1 14 76 1 
2 10 56 4 18 2 
32 56 4 
9 43 11 8 12 2 5 2 
1 45 1 45 
1 14 13 18 27 12 7 
58 25 7 1 1 
2 29 24 32 4 1 
1 61 1 21 4 4 
4 20 55 11 1 1 
1 72 1 18 
1 90 1 
92 
90 1 1 
1 55 1 26 3 1 1 1 3 
68 23 1 
1 61 23 7 
2 75 11 1 3 
6 48 27 10 1 
4 68 8 12 
2 58 6 10 16 
10 54 2 23 1 2 
2 19 56 6 4 3 1 1 
2 10 74 4 1 1 
4 52 33 3 
14 20 20 22 2 4 2 4 3 1 
4 22 20 8 29 3 4 1 1 
4 1 22 27 10 7 17 1 3 
1 47 8 30 4 1 1 
2 3 79 5 1 2 
3 60 28 1 
1 79 11 1 
1 52 13 25 1 
1 40 35 5 11 
1 40 33 13 2 3 
2 63 22 1 4 
1 12 12 7 35 8 3 9 2 1 2 
1 8 37 43 2 1 
2 14 9 33 4 13 2 3 9 1 1 1 
1 53 24 8 4 2 
17 7 58 7 2 1 
3 75 9 2 3 
1 66 11 1 1 12 
20 67 2 1 1 1 
12 21 45 11 2 1 
65 25 1 1 
63 20 3 1 1 2 1 1 
7 45 21 15 2 2 
37 29 26 
37 19 14 19 3 
1 44 3 4 28 2 2 3 1 2 1 1 
1 59 4 21 2 2 1 2 
3 35 2 34 3 13 1 1 
1 62 20 9 
91 1 
5 34 29 22 2 
1 89 2 
27 23 19 22 1 
7 70 2 2 5 4 1 1 
4 3 83 1 1 
1 42 30 13 6 
1 7 39 35 5 2 2 1 
2 77 10 2 1 
1 51 8 16 13 3 
2 82 3 4 1 
2 52 18 3 17 
1 60 19 2 6 1 3 
1 13 20 1 36 10 8 3 
1 90 1 
1 60 30 1 
6 61 5 1 3 11 2 1 2 
31 60 1 
6 13 34 17 6 9 7 
1 59 31 1 
3 83 6 
1 59 22 8 2 
4 51 14 18 5 
3 67 8 10 1 2 1 
1 28 25 35 3 
26 52 6 6 1 1 
11 3 72 1 4 1 
68 24 
40 5 11 9 20 1 2 4 
1 42 32 15 1 1 
7 35 16 1 31 1 1 
4 81 4 1 2 
1 72 13 1 2 3 
13 40 18 17 2 2 
1 34 48 8 1 
1 43 11 27 6 2 2 
1 26 33 27 3 1 1 
15 59 4 11 3 
1 13 4 39 29 4 2 
4 27 45 8 7 1 
4 7 41 27 9 4 
1 88 2 1 
43 7 13 15 12 2 
4 69 19 
1 27 62 2 
1 69 3 3 15 1 
5 54 33 
2 57 32 1 
63 11 4 7 3 1 2 1 
1 55 20 6 10 
10 16 9 10 6 9 8 2 5 15 1 1 
61 9 16 1 3 1 1 
1 65 17 3 5 1 
1 5 38 26 6 8 1 5 1 1 
1 12 61 10 1 1 6 
27 62 3 
4 14 58 16 
5 87 
2 32 48 1 7 2 
78 3 3 4 1 1 2 
67 12 10 2 1 
1 26 27 33 2 2 1 
1 90 1 
54 15 9 10 4 
8 48 13 22 1 
2 77 13 
5 42 42 1 1 1 
6 33 12 28 3 2 6 2 
1 4 68 10 9 
3 60 24 5 
19 2 22 19 21 2 1 1 5 
1 52 9 7 16 1 2 2 1 1 
2 62 19 7 2 
2 41 4 3 31 7 2 1 1 
4 25 63 
9 19 2 28 27 2 2 2 1 
8 34 50 
92 
6 9 64 2 10 1 
2 47 14 22 3 2 1 1 
1 15 8 6 6 21 19 2 8 2 1 2 1 
1 20 32 37 2 
1 48 28 9 4 2 
1 50 18 14 9 
2 11 4 68 5 2 
1 16 74 1 
92 
1 78 8 5 
1 11 47 21 10 2 
1 75 16 
1 22 43 24 1 1 
1 19 44 17 4 2 2 1 2 
43 19 4 17 7 2 
2 86 4 
1 39 31 5 14 1 1 
9 8 19 51 4 1 
7 61 7 1 13 3 
3 55 34 
54 8 15 8 6 1 
1 17 44 16 3 7 1 2 1 
2 15 2 7 40 19 7 
1 45 37 1 1 6 1 
1 26 49 14 1 1 
5 66 16 4 1 
1 8 61 5 11 6 
5 86 1 
7 41 42 1 1 
2 81 4 3 1 1 
1 37 10 30 13 1 
7 71 3 1 3 4 1 2 
1 18 58 6 3 1 4 1 
11 66 11 1 1 1 1 
1 20 2 52 9 1 2 5 
3 16 41 15 3 6 8 
3 16 64 1 3 2 1 2 
1 46 26 7 3 3 1 3 2 
1 82 2 5 1 1 
2 70 2 4 10 4 
1 34 21 22 10 2 2 
1 37 49 5 
2 75 12 3 
92 
1 28 35 7 11 10 
15 59 18 
9 77 3 1 1 1 
2 81 2 4 3 
1 65 26 
4 15 60 13 
2 86 1 3 
3 47 40 1 1 
5 27 18 27 13 1 1 
4 68 6 10 1 2 1 
6 38 31 8 7 1 1 
75 11 3 1 2 
1 47 1 33 10 
1 88 1 1 1 
87 2 3 
8 70 8 2 4 
80 6 2 3 1 
8 46 31 1 1 2 3 
9 41 12 3 20 4 1 1 1 
21 5 66 
5 37 23 11 13 2 1 
1 55 1 27 6 2 
3 66 14 2 2 2 2 1 
14 67 1 5 2 1 1 1 
1 31 35 1 19 3 2 
2 19 21 19 30 1 
50 15 22 4 1 
2 76 10 3 1 
2 60 18 4 2 1 1 3 1 
1 25 5 40 18 3 
1 52 21 17 1 
5 87 
3 36 52 1 
1 63 5 19 4 
37 17 22 10 3 1 2 
1 19 28 18 1 25 
92 
40 2 44 1 3 2 
1 78 11 2 
2 71 8 1 5 1 3 1 
1 80 2 7 1 1 
1 2 14 6 33 15 21 
5 21 12 31 12 7 1 3 
2 61 29 
73 4 8 7 
3 42 33 14 
1 7 56 20 5 1 2 
1 53 34 3 1 
1 72 18 1 
1 29 16 25 5 5 1 2 7 1 
4 44 20 21 2 1 
1 74 16 1 
52 27 11 1 1 
25 62 5 
14 31 7 9 24 1 4 1 1 
12 76 4 
3 7 7 23 25 8 19 
2 12 75 1 1 1 
2 79 11 
1 60 29 2 
7 33 43 7 2 
2 1 55 19 10 1 3 1 
36 4 31 21 
1 13 73 5 
28 11 33 18 1 1 
3 29 8 8 35 7 1 1 
48 28 5 11 
1 7 68 15 1 
7 42 32 5 3 3 
1 29 3 29 2 14 11 1 2 
1 76 2 12 1 
6 82 4 
4 42 8 28 9 1 
1 9 82 
1 38 5 48 
37 4 2 22 15 10 1 1 
5 5 63 9 3 3 4 
17 27 27 9 6 1 5 
9 26 16 22 2 3 5 4 2 1 1 1 
1 1 58 20 3 2 2 1 4 
1 40 45 1 2 1 1 1 
89 1 2 
1 12 14 57 8 
2 4 59 1 7 12 5 2 
3 58 9 5 5 4 6 2 
1 73 8 9 1 
3 48 2 3 26 10 
83 2 3 1 3 
2 59 23 3 2 1 1 1 
60 25 5 1 1 
9 52 4 21 3 1 2 
1 17 24 7 36 6 1 
4 45 5 19 13 5 1 
3 20 44 16 7 1 1 
43 40 8 1 
5 69 17 1 
1 50 38 3 
3 13 30 43 3 
11 24 12 12 20 4 1 4 1 1 1 1 
5 83 3 1 
23 44 25 
1 42 47 2 
1 48 6 36 1 
6 18 55 13 
58 6 17 2 8 1 
92 
1 89 2 
1 27 36 4 18 2 2 1 1 
2 7 46 37 
4 78 6 1 2 1 
1 2 56 1 16 14 1 1 
40 28 8 7 4 2 2 1 
2 77 3 8 2 
24 6 18 41 2 1 
1 16 74 1 
1 59 32 
3 70 16 1 1 1 
1 48 39 2 2 
10 59 15 4 4 
10 69 11 1 1 
91 1 
1 83 8 
91 1 
1 27 55 4 2 2 1 
3 25 36 4 2 13 6 2 1 
2 49 36 3 2 
2 12 46 21 8 1 2 
17 53 22 
1 5 20 65 1 
81 5 6 
1 54 27 5 1 3 1 
1 27 54 3 3 3 1 
1 9 22 20 7 20 13 
3 67 1 3 11 6 1 
5 18 67 1 1 
6 83 2 1 
2 70 16 2 2 
2 65 6 19 
1 66 13 8 4 
1 52 3 23 2 2 2 6 1 
3 78 1 8 2 
1 60 31 
1 79 10 1 1 
2 67 16 4 1 2 
5 39 14 29 1 4 
1 60 31 
6 40 38 4 4 
21 33 19 5 3 6 4 1 
1 10 19 18 27 3 3 3 4 1 3 
6 29 32 9 3 8 4 1 
52 21 6 1 7 1 2 1 1 
13 75 1 3 
1 29 55 4 3 
6 70 5 6 3 1 1 
2 19 63 5 2 1 
8 22 17 38 5 2 
1 41 14 15 21 
1 51 19 6 7 7 1 
3 87 2 
1 48 43 
17 60 8 4 3 
1 63 28 
6 36 10 5 19 3 2 4 7 
1 32 57 1 1 
1 87 2 2 
1 4 13 68 3 2 1 
1 62 29 
49 36 3 3 1 
2 49 8 31 2 
1 17 15 50 4 3 2 
15 50 20 3 1 3 
10 25 6 30 4 10 7 
1 13 38 8 20 1 6 3 1 1 
3 30 12 18 14 5 3 6 1 
2 70 10 5 2 1 2 
36 55 1 
1 20 29 9 14 7 3 9 
5 32 47 7 1 
1 86 4 1 
2 9 61 6 1 4 1 3 2 3 
2 21 24 39 5 1 
1 82 2 7 
5 77 6 1 3 
1 40 24 8 7 11 1 
7 60 21 3 1 
3 2 55 9 18 4 1 
1 39 26 8 2 16 
27 2 35 2 15 4 1 6 
92 
1 10 50 28 2 1 
1 59 13 16 3 
1 13 4 45 22 7 
15 26 48 2 1 
89 2 1 
9 29 49 3 1 1 
1 3 44 2 30 10 2 
1 35 40 12 3 1 
1 87 4 
1 88 2 1 
1 65 2 20 4 
1 20 24 9 28 10 
2 75 15 
1 62 11 11 2 1 2 2 
2 12 58 19 1 
91 1 
57 19 13 1 2 
92 
3 9 31 48 1 
13 43 27 3 5 1 
2 42 27 18 3 
89 1 1 1 
1 67 19 3 1 1 
13 57 15 6 1 
2 17 4 44 3 12 10 
1 51 2 19 5 4 1 5 4 
1 9 48 31 3 
1 34 25 17 4 5 1 4 1 
5 74 13 
7 37 6 20 12 3 4 2 1 
2 73 15 1 1 
1 66 20 5 
87 2 1 1 1 
2 21 20 30 18 1 
3 32 9 47 1 
92 
6 74 12 
1 40 46 5 
86 5 1 
1 55 22 14 
85 7 
1 7 68 16 
15 27 16 15 14 3 2 
1 12 60 14 2 1 1 1 
13 47 18 9 3 1 1 
3 44 2 42 1 
1 55 34 2 
2 3 87 
5 83 2 2 
3 49 30 1 9 
2 13 65 7 4 1 
2 32 36 8 6 7 1 
2 28 2 22 20 5 13 
29 15 2 11 2 12 1 9 10 1 
3 84 5 
91 1 
17 36 2 4 20 12 1 
2 17 54 8 11 
2 60 6 4 3 12 2 2 1 
2 37 4 36 8 4 1 
1 70 3 10 7 1 
9 14 14 51 3 1 
14 29 27 21 1 
2 54 33 2 1 
5 56 21 9 1 
2 80 10 
6 66 1 5 5 9 
2 49 19 4 13 4 1 
6 64 20 2 
1 27 6 12 38 6 2 
4 63 5 8 4 1 1 5 1 
1 5 31 36 19 
3 33 55 1 
7 80 4 1 
14 73 4 1 
2 62 25 1 2 
1 56 25 5 5 
1 27 23 17 20 2 2 
2 56 26 7 1 
23 15 18 27 6 3 
14 30 10 30 2 3 2 1 
6 28 25 12 4 4 4 2 7 
1 72 4 1 3 9 1 1 
1 76 14 1 
74 15 3 
1 46 18 9 18 
14 60 4 9 3 2 
5 61 18 1 3 2 2 
6 33 22 9 17 1 1 2 1 
1 75 6 3 6 1 
5 80 4 1 2 
1 62 19 10 
3 34 21 30 4 
2 88 2 
1 69 18 2 1 1 
2 48 42 
32 52 4 4 
53 29 3 2 4 1 
4 23 47 9 9 
14 43 25 5 5 
1 49 32 4 5 1 
3 46 43 
1 17 54 15 1 4 
14 26 31 4 9 7 1 
92 
21 6 26 2 23 8 5 1 
1 19 42 22 4 1 3 
1 87 4 
5 56 16 14 1 
9 27 56 
4 8 6 6 10 35 22 1 
1 86 3 1 1 
1 88 3 
18 69 5 
8 59 25 
16 34 41 1 
6 79 2 1 3 1 
1 6 40 40 2 2 1 
5 81 3 2 1 
15 22 44 1 4 2 2 2 
5 64 10 13 
4 36 16 26 1 1 3 1 2 1 1 
1 8 15 66 1 1 
1 36 33 7 1 13 1 
7 51 26 2 3 1 1 1 
92 
1 23 34 20 14 
1 13 7 32 5 21 11 2 
1 43 48 
1 20 19 24 1 3 14 6 1 2 1 
23 1 8 59 1 
3 19 60 4 6 
1 43 22 3 7 12 1 1 2 
1 34 38 7 12 
1 86 1 2 1 1 
1 10 50 7 19 5 
13 19 3 35 8 10 3 1 
2 32 53 5 
84 2 4 1 1 
63 9 10 9 1 
12 62 3 12 1 2 
70 20 2 
34 20 18 1 1 14 3 1 
1 54 14 2 13 3 1 3 1 
1 18 1 43 18 4 5 2 
2 44 20 1 19 6 
10 39 12 11 8 9 3 
1 28 34 5 1 6 13 4 
11 31 5 3 18 3 5 8 6 2 
1 32 25 6 12 3 13 
4 4 29 21 26 6 2 
1 87 4 
9 34 24 8 4 7 5 1 
1 48 8 32 3 
1 15 25 10 15 22 1 3 
5 60 1 26 
5 55 9 9 8 4 2 
1 38 52 1 
1 44 43 4 
9 80 3 
6 51 16 16 2 1 
3 35 11 5 13 3 20 1 1 
4 14 55 3 12 4 
3 53 28 4 2 1 1 
3 62 20 4 2 1 
1 59 24 4 2 2 
71 4 15 2 
1 55 33 2 1 
2 60 5 18 7 
1 66 25 
1 78 2 7 1 3 
1 59 18 12 2 
2 12 44 23 10 1 
13 69 6 3 1 
4 20 58 9 1 
1 9 11 23 38 2 8 
8 31 37 12 4 
28 51 4 8 1 
4 4 5 41 9 26 1 1 1 
46 22 20 3 1 
1 60 31 
1 53 38 
68 5 12 6 1 
1 18 52 8 4 4 2 2 1 
70 18 3 1 
12 20 2 5 37 3 13 
2 87 1 2 
13 49 30 
1 86 5 
1 78 3 1 7 2 
1 58 6 8 4 9 5 1 
1 32 4 49 5 1 
1 57 6 22 6 
3 13 49 16 1 1 2 2 1 3 1 
1 58 3 24 6 
1 67 20 2 2 
2 74 7 4 1 2 2 
5 65 16 6 
55 7 3 9 13 2 1 2 
92 
1 15 37 35 2 1 1 
67 23 2 
5 61 2 10 14 
4 68 2 16 2 
5 22 61 3 1 
2 35 18 6 12 18 1 
17 4 57 8 6 
1 56 10 18 6 1 
1 75 9 1 2 3 1 
1 36 5 28 3 10 5 1 2 1 
3 29 58 1 1 
1 55 10 19 7 
1 75 2 7 7 
1 19 62 2 2 2 1 2 1 
1 85 6 
3 37 34 14 4 
5 46 33 8 
35 40 8 7 2 
1 6 53 22 8 1 1 
92 
31 43 17 1 
3 51 38 
1 71 7 11 2 
23 62 6 1 
1 7 31 51 2 
28 21 15 27 1 
1 43 43 3 1 1 
1 79 11 1 
45 10 28 3 3 3 
1 27 23 12 8 12 9 
60 6 15 2 4 4 1 
66 26 
3 11 72 5 1 
19 15 14 43 1 
1 45 40 5 1 
6 36 21 26 3 
2 67 16 5 2 
29 29 27 3 3 1 
1 25 49 6 7 4 
1 18 40 6 8 4 7 4 4 
1 49 41 1 
88 2 1 1 
8 35 21 21 1 5 1 
1 28 10 35 13 3 2 
92 
1 37 18 10 3 22 1 
1 3 78 3 3 2 1 1 
3 36 3 50 
2 26 3 9 31 15 2 3 1 
1 21 26 40 4 
21 18 10 31 10 2 
11 65 9 7 
1 31 10 26 17 3 1 3 
12 43 14 8 10 2 2 1 
7 59 24 1 1 
3 86 2 1 
1 2 70 13 6 
3 11 59 11 7 1 
17 25 50 
2 39 49 1 1 
2 18 19 32 3 18 
1 54 15 8 4 5 1 4 
2 74 3 4 1 4 3 1 
92 
2 14 68 5 1 1 1 
9 15 21 19 8 2 3 8 2 5 
1 24 61 3 1 2 
1 88 3 
13 32 31 7 9 
11 68 12 1 
3 19 11 52 5 2 
1 69 7 10 4 1 
6 38 47 1 
1 24 23 17 7 13 4 2 1 
20 30 7 3 21 8 2 1 
1 24 64 1 2 
4 77 4 4 2 1 
2 55 6 11 13 3 2 
8 16 60 3 4 1 
1 1 69 17 2 1 1 
24 49 5 2 9 2 1 
47 27 11 4 3 
1 87 2 1 1 
1 21 51 15 3 1 
7 66 17 2 
14 27 51 
1 41 1 46 3 
1 27 17 32 10 3 2 
1 67 2 13 1 5 1 1 1 
1 31 60 
17 3 68 2 2 
11 54 27 
5 42 16 28 1 
6 44 18 18 2 4 
3 62 23 2 1 1 
4 69 19 
4 73 10 5 
4 37 13 25 3 2 8 
2 70 18 1 1 
18 50 1 20 3 
1 8 9 39 9 10 9 5 2 
1 33 5 7 1 3 17 16 7 1 1 
1 53 6 16 2 4 3 4 2 1 
5 2 13 17 12 1 6 2 3 8 3 9 7 2 1 1 
10 5 33 16 1 4 1 4 7 8 1 1 1 
1 13 28 25 20 4 1 
8 71 6 5 2 
36 34 21 1 
3 74 11 3 1 
2 49 31 6 1 3 
1 7 70 1 1 2 2 4 1 3 
1 47 17 8 9 2 3 1 3 1 
30 30 22 6 4 
2 81 7 1 1 
1 76 15 
2 86 3 1 
6 71 15 
1 89 2 
16 18 56 1 1 
1 41 11 28 2 9 
47 5 13 13 10 4 
23 56 6 1 6 
1 15 31 44 1 
1 51 39 1 
83 9 
1 25 33 22 4 3 1 2 1 
8 32 2 23 23 4 
7 32 20 11 11 11 
1 44 30 10 2 5 
1 19 71 1 
16 4 11 7 40 10 3 1 
7 6 54 24 1 
1 26 40 23 1 1 
1 37 5 15 17 14 2 1 
9 68 8 3 4 
1 88 3 
30 9 9 11 30 1 2 
1 56 3 15 6 6 1 4 
25 36 9 16 2 3 1 
1 58 11 9 12 1 
4 82 4 2 
1 59 21 9 2 
78 5 4 1 4 
4 82 5 1 
2 82 1 3 3 1 
13 79 
4 84 4 
1 35 40 3 12 1 
1 68 19 3 1 
92 
1 57 11 21 2 
32 59 1 
2 66 24 
4 19 43 3 15 1 2 3 2 
74 17 1 
1 27 43 10 1 3 4 1 1 1 
3 43 16 23 7 
1 19 2 28 37 1 3 1 
2 86 3 1 
8 43 6 31 4 
6 61 15 1 7 1 1 
3 20 32 16 9 3 8 1 
17 44 6 24 1 
2 27 8 2 1 5 13 5 26 1 1 1 
1 72 14 2 1 2 
1 12 36 30 10 1 1 1 
92 
1 90 1 
1 5 21 24 7 29 5 
2 47 37 2 4 
5 76 8 1 2 
1 61 26 2 2 
1 84 2 3 2 
7 64 5 14 1 1 
46 46 
4 62 11 1 3 11 
4 20 35 1 2 15 11 4 
1 57 17 1 3 3 10 
24 4 47 6 5 1 2 1 2 
1 54 20 5 10 1 1 
2 66 11 2 1 8 2 
1 3 7 74 3 1 1 1 1 
40 34 7 10 1 
1 33 56 1 1 
2 87 3 
1 70 14 1 5 1 
68 8 11 4 1 
1 52 39 
2 77 12 1 
92 
1 50 14 4 14 1 3 2 3 
2 26 51 12 1 
1 69 8 10 4 
1 29 3 3 49 2 4 1 
1 12 71 2 1 2 2 1 
1 37 5 14 20 4 11 
3 60 25 4 
44 25 1 3 12 2 2 3 
5 48 38 1 
1 73 15 3 
52 33 7 
1 80 11 
84 7 1 
1 63 5 1 18 4 
17 69 4 2 
73 19 
7 18 15 23 9 6 1 7 3 2 1 
4 46 1 38 1 2 
10 26 19 33 3 1 
21 70 1 
6 48 35 2 1 
63 25 4 
1 45 46 
16 70 5 1 
1 10 14 16 5 43 3 
4 20 1 33 6 22 4 2 
1 8 10 59 4 2 2 5 1 
1 72 19 
1 29 43 4 4 1 3 3 1 2 1 
4 68 20 
1 74 8 9 
1 9 33 22 22 4 1 
2 81 5 4 
3 19 51 1 8 7 3 
3 15 25 21 25 2 1 
2 19 70 1 
1 39 52 
22 16 39 5 8 2 
4 40 12 3 22 5 6 
1 88 1 2 
32 54 6 
18 69 2 1 1 1 
1 29 10 44 5 1 1 1 
44 6 11 18 12 1 
26 23 3 5 17 18 
2 77 12 1 
5 38 49 
89 2 1 
4 85 1 1 1 
12 72 8 
1 76 1 11 2 1 
6 47 28 8 1 1 1 
2 44 2 5 9 7 3 10 8 2 
2 53 37 
21 63 6 2 
38 42 5 5 2 
1 54 26 1 9 1 
1 40 36 6 2 5 1 1 
54 4 1 17 8 6 2 
1 71 9 11 
1 48 1 38 3 1 
34 21 33 4 
3 81 8 
2 45 22 19 4 
3 39 7 1 38 3 1 
1 73 7 10 1 
19 69 2 2 
1 67 18 4 1 1 
1 19 25 32 4 3 6 1 1 
4 18 63 5 1 1 
1 68 19 4 
2 25 57 6 2 
5 72 15 
1 63 28 
1 28 2 38 10 6 1 5 1 
3 13 13 12 51 
23 43 19 5 2 
6 12 71 1 1 1 
1 83 3 4 1 
5 27 38 16 3 1 2 
3 43 10 23 4 5 1 2 1 
2 72 7 8 1 2 
5 70 11 4 2 
76 4 8 4 
3 63 17 2 7 
4 64 24 
1 28 7 33 12 2 9 
1 23 6 10 7 27 14 3 1 
92 
5 39 14 23 9 1 1 
1 53 2 27 9 
3 73 16 
1 14 64 1 8 2 1 1 
2 77 3 6 2 1 1 
1 9 13 63 2 3 1 
2 56 5 18 10 1 
1 68 12 3 1 5 1 1 
2 33 8 9 27 2 6 4 1 
1 61 24 3 2 1 
1 57 25 1 8 
7 26 12 4 19 4 14 5 1 
5 84 3 
2 23 47 7 1 6 6 
90 2 
2 61 4 25 
3 60 14 5 8 2 
1 29 5 52 3 2 
1 39 28 20 4 
1 73 7 11 
4 55 33 
10 37 31 12 1 1 
1 62 5 24 
2 4 35 28 17 5 1 
1 33 1 9 25 18 4 1 
1 18 51 12 10 
1 36 52 3 
10 25 8 20 24 1 2 1 1 
13 37 5 6 22 4 5 
1 25 28 8 8 8 1 6 4 2 1 
1 83 8 
91 1 
1 31 54 6 
91 1 
1 6 15 13 45 10 2 
9 17 39 2 8 8 9 
1 5 65 6 7 3 3 1 1 
1 90 1 
19 58 12 1 2 
1 12 21 44 11 3 
3 15 56 15 3 
1 37 42 12 
65 19 1 6 1 
1 65 26 
3 11 76 1 1 
66 22 1 1 1 1 
50 35 2 2 2 1 
2 54 26 5 1 3 1 
2 37 45 4 4 
3 39 18 27 5 
1 39 25 8 7 1 5 2 2 2 
69 7 14 2 
92 
1 30 36 17 7 1 
2 59 17 12 2 
4 31 28 5 14 10 
2 85 4 1 
1 52 6 13 18 1 1 
22 60 4 2 3 1 
1 65 7 11 6 1 1 
33 35 16 7 1 
3 10 44 12 11 12 
74 8 6 4 
1 48 7 10 2 3 15 2 4 
2 87 1 2 
6 26 41 11 8 
2 78 12 
1 23 22 45 1 
1 45 46 
2 73 5 5 5 1 1 
36 56 
1 69 10 7 3 1 1 
2 87 1 1 1 
5 86 1 
1 52 21 15 3 
1 78 8 3 2 
92 
88 1 1 2 
4 81 6 1 
2 21 34 34 1 
75 14 3 
43 24 19 3 1 2 
1 84 5 2 
1 69 17 5 
57 33 1 1 
1 48 11 7 4 1 8 4 3 1 2 1 1 
3 46 18 5 14 6 
3 22 66 1 
1 21 47 1 9 12 1 
3 57 32 
30 62 
9 50 29 1 1 1 1 
5 15 6 2 51 10 3 
1 20 24 2 40 1 1 2 1 
1 12 56 21 1 1 
6 78 8 
1 86 5 
2 22 67 1 
2 89 1 
2 53 37 
5 77 8 2 
3 57 32 
4 37 44 6 1 
1 42 37 10 2 
4 46 28 5 1 3 1 1 2 1 
2 1 28 61 
1 30 30 26 1 1 1 2 
46 1 10 8 5 5 13 1 3 
5 74 4 8 1 
4 71 17 
36 52 4 
1 36 16 39 
3 29 11 13 9 9 1 9 8 
3 88 1 
5 52 4 25 6 
1 47 2 41 1 
7 5 21 7 13 20 18 1 
41 50 1 
9 27 31 22 3 
11 21 7 37 6 4 4 1 1 
1 36 27 21 3 1 1 1 1 
11 58 18 3 2 
1 50 22 13 3 1 2 
73 6 4 9 
2 11 67 2 7 1 2 
3 31 57 1 
4 78 10 
1 91 
4 69 6 4 4 5 
2 24 39 3 17 2 2 2 1 
9 41 36 3 3 
3 84 1 1 3 
5 57 20 7 1 1 1 
1 58 33 
15 46 6 6 8 1 8 2 
3 41 24 3 2 6 4 2 3 4 
1 86 1 4 
2 49 38 2 1 
65 26 1 
3 14 55 8 3 2 4 3 
9 27 41 1 14 
2 33 44 6 1 6 
66 14 12 
4 71 7 6 2 2 
14 3 14 58 2 1 
1 84 1 4 1 1 
3 35 17 21 15 1 
2 70 19 1 
1 90 1 
1 43 34 14 
22 45 16 2 4 1 1 1 
5 28 23 36 
3 7 63 3 3 10 3 
2 8 57 17 4 1 2 1 
1 41 50 
2 75 5 2 2 6 
1 57 19 1 8 5 1 
92 
7 22 15 43 1 4 
2 48 2 28 12 
23 9 12 5 20 22 1 
83 4 5 
1 37 41 12 1 
1 84 4 2 1 
3 88 1 
1 46 3 33 6 2 1 
1 46 7 8 13 2 1 14 
27 37 17 3 6 1 1 
1 71 20 
2 47 38 3 1 1 
1 45 20 15 8 1 2 
2 1 79 5 2 1 1 1 
4 83 1 3 1 
2 45 43 1 1 
6 17 42 21 3 1 2 
14 29 31 3 15 
1 59 26 1 3 1 1 
1 73 17 1 
1 45 5 22 14 3 2 
7 31 43 11 
1 61 30 
3 66 19 2 1 1 
1 58 24 3 2 3 1 
2 41 2 2 20 22 3 
92 
2 30 41 16 1 1 1 
4 64 24 
2 86 4 
2 67 8 14 1 
17 31 15 23 2 3 1 
7 3 42 15 22 3 
15 65 2 4 3 1 1 1 
3 9 32 13 5 1 27 2 
1 36 15 7 29 2 2 
55 25 2 2 5 2 1 
5 50 7 13 16 1 
4 79 5 2 1 1 
3 1 2 8 40 2 21 8 7 
12 7 55 13 4 1 
2 77 8 3 2 
81 8 3 
82 3 1 4 2 
1 16 17 15 23 15 5 
2 51 36 3 
2 23 62 3 2 
2 80 2 7 1 
1 51 31 2 6 1 
1 87 4 
2 37 7 43 3 
3 14 31 19 18 2 2 2 1 
8 79 5 
1 4 76 1 2 8 
4 35 32 1 8 9 3 
5 18 33 5 4 10 17 
5 86 1 
4 45 39 4 
4 17 69 1 1 
7 27 17 30 9 2 
58 10 24 
19 70 1 2 
1 26 14 41 8 2 
1 42 22 16 5 6 
10 28 15 30 4 1 3 1 
2 8 48 24 1 3 1 2 2 1 
91 1 
1 69 12 7 3 
3 76 7 4 1 1 
7 57 10 10 5 1 2 
3 4 48 14 22 1 
2 81 2 7 
1 55 2 2 27 1 4 
1 53 29 6 2 1 
2 58 2 16 3 8 1 2 
1 6 28 38 4 11 3 1 
1 64 27 
1 37 43 6 5 
46 22 11 1 9 2 1 
4 50 28 9 1 
6 39 10 29 4 2 2 
1 41 3 23 1 7 13 3 
7 39 45 1 
6 41 8 5 30 2 
1 2 57 24 3 1 2 1 1 
6 36 2 12 20 1 1 7 3 2 2 
1 91 
13 51 6 5 9 8 
11 4 22 36 19 
19 15 12 45 1 
2 41 2 33 8 1 3 1 1 
1 88 1 1 1 
81 10 1 
3 43 36 8 1 1 
10 70 1 10 1 
92 
1 47 44 
5 40 47 
3 86 3 
2 36 50 4 
18 19 55 
1 34 38 5 8 6 
1 73 15 2 1 
25 50 17 
56 29 7 
5 87 
23 47 3 6 5 2 1 4 1 
3 11 38 2 25 13 
1 1 40 49 1 
4 58 4 10 7 7 2 
2 88 2 
7 2 60 17 5 1 
9 44 21 4 5 6 1 1 1 
8 81 3 
1 63 23 1 1 3 
2 55 32 2 1 
2 80 10 
8 77 5 2 
1 86 4 1 
92 
45 35 4 4 4 
4 63 21 3 1 
8 36 44 2 1 1 
1 22 23 28 16 1 1 
3 16 32 20 5 7 9 
3 36 52 1 
3 30 59 
3 71 17 1 
3 18 21 12 10 13 5 6 3 1 
1 27 9 39 16 
1 55 24 10 2 
1 38 38 8 4 3 
2 51 31 3 2 3 
1 25 44 7 2 3 7 1 2 
1 42 7 1 32 9 
1 33 14 14 29 1 
16 13 25 11 2 9 3 1 9 3 
5 16 68 1 2 
4 53 17 13 5 
2 27 43 20 
1 44 1 1 22 12 7 1 2 1 
3 82 3 3 1 
11 29 28 19 2 2 1 
15 72 5 
1 86 4 1 
2 42 1 19 6 18 3 1 
40 42 7 2 1 
24 18 33 15 1 1 
10 9 26 27 16 4 
91 1 
1 69 17 5 
1 32 32 1 10 9 5 1 1 
1 35 25 1 30 
2 79 2 2 2 3 2 
1 66 17 3 1 4 
1 79 12 
1 59 7 14 9 1 1 
90 2 
2 51 7 7 7 7 10 1 
1 33 32 2 19 5 
2 44 30 8 8 
2 46 40 4 
1 10 2 68 3 4 4 
1 82 8 1 
2 84 1 2 2 1 
1 19 12 34 26 
4 35 44 3 3 3 
4 49 25 10 1 3 
1 47 39 5 
2 16 2 15 9 10 4 8 6 8 8 1 2 1 
5 67 20 
1 13 53 4 12 1 7 1 
1 79 12 
3 9 27 13 40 
9 65 4 5 7 1 1 
4 68 13 7 
2 44 39 4 3 
2 15 30 45 
4 51 18 17 2 
1 67 11 4 1 8 
2 34 56 
3 46 35 3 2 2 1 
2 43 18 9 2 18 
16 30 2 31 2 2 9 
27 1 54 9 1 
1 10 10 10 49 3 7 1 1 
4 47 39 1 1 
3 65 12 8 1 3 
7 8 69 4 2 1 1 
1 34 12 24 9 12 
1 62 17 2 4 5 1 
3 12 33 31 13 
41 37 8 1 5 
1 80 9 2 
2 22 21 18 29 
12 73 4 1 2 
2 62 20 7 1 
1 53 36 1 1 
85 2 4 1 
1 81 9 1 
1 20 71 
9 77 2 2 2 
3 77 9 2 1 
1 72 19 
23 63 6 
1 11 56 6 15 1 1 1 
35 15 22 12 1 3 1 1 1 1 
3 3 37 25 12 1 6 4 1 
71 9 9 1 2 
15 27 4 16 17 8 3 1 1 
1 90 1 
3 60 19 6 4 
17 13 52 1 9 
8 77 7 
1 42 10 11 15 8 5 
1 70 5 6 1 9 
1 69 22 
31 8 33 18 1 1 
3 9 25 21 10 9 10 5 
21 16 25 10 15 4 1 
1 85 5 1 
57 10 22 1 1 1 
1 29 42 5 2 11 1 1 
2 89 1 
5 23 36 10 4 13 1 
3 86 3 
7 63 1 11 3 4 1 2 
8 18 37 26 3 
12 76 4 
22 57 11 1 1 
3 36 7 15 13 4 9 1 2 2 
29 48 4 1 5 4 1 
1 79 5 1 3 3 
3 54 4 1 15 13 1 1 
17 37 38 
11 78 1 2 
1 61 4 18 2 1 2 1 2 
17 29 14 2 20 5 1 4 
1 47 6 11 4 16 3 2 2 
5 39 2 33 3 1 3 2 1 2 1 
2 80 6 3 1 
13 49 13 12 5 
1 14 4 71 1 1 
8 19 38 12 14 1 
40 45 7 
3 30 2 23 5 23 4 1 1 
1 66 4 19 2 
1 78 7 1 2 2 1 
3 84 5 
1 63 6 8 2 6 6 
66 26 
1 89 2 
1 91 
2 60 20 8 2 
1 16 17 25 15 2 13 3 
1 9 35 11 19 17 
77 9 6 
7 24 61 
1 18 44 16 9 3 1 
15 3 64 7 2 1 
1 38 9 27 4 12 1 
27 14 20 18 13 
69 22 1 
2 68 3 11 3 2 1 1 1 
3 80 3 6 
11 12 26 39 3 1 
1 47 43 1 
26 10 42 1 6 2 5 
5 22 5 51 7 1 1 
4 6 1 43 8 17 5 8 
3 81 8 
1 73 1 9 6 2 
1 17 74 
1 66 23 1 1 
6 75 7 2 2 
1 44 41 5 1 
1 2 7 64 1 8 8 1 
1 27 59 3 1 1 
4 29 2 9 15 15 2 7 1 2 6 
1 48 6 29 2 1 4 1 
3 15 73 1 
1 3 17 12 8 49 1 1 
1 33 53 5 
1 2 27 16 37 5 1 1 1 1 
1 41 28 7 13 2 
1 22 14 34 10 8 2 1 
2 22 53 2 8 4 1 
1 85 6 
2 4 47 1 19 6 6 5 2 
1 45 9 8 4 2 4 6 2 2 6 1 1 1 
1 74 17 
3 6 4 1 60 5 9 1 3 
4 2 49 33 4 
11 27 8 6 36 1 2 1 
3 30 53 1 3 1 1 
17 30 34 7 1 3 
1 44 44 3 
1 57 22 7 5 
1 81 3 6 1 
75 13 4 
2 30 38 8 4 7 3 
22 26 37 7 
2 48 4 28 1 3 2 2 1 1 
19 18 7 29 10 5 1 3 
49 15 28 
18 32 15 19 7 1 
68 12 4 2 6 
4 34 25 22 7 
1 18 34 26 5 2 2 2 2 
18 4 45 5 18 2 
7 51 22 1 11 
3 61 7 18 2 1 
24 3 4 44 10 3 3 1 
1 67 24 
35 39 14 3 1 
2 36 54 
3 89 
28 4 7 6 38 9 
1 8 25 41 2 13 2 
1 42 11 10 11 1 12 2 1 1 
1 29 23 16 18 5 
45 21 4 17 1 1 2 1 
1 4 59 13 5 5 2 2 1 
2 25 27 8 23 2 1 4 
8 80 2 2 
1 41 13 12 7 15 2 1 
2 44 45 1 
1 1 53 25 5 2 4 1 
9 7 5 2 18 43 5 3 
1 2 71 9 1 8 
3 57 8 15 4 3 2 
1 52 9 15 15 
11 30 44 5 2 
34 4 10 41 3 
1 34 49 6 1 1 
1 1 47 18 3 11 5 1 1 3 1 
7 85 
1 32 17 30 4 2 1 2 3 
7 10 69 3 3 
2 55 4 2 9 5 2 7 6 
1 69 7 6 9 
4 30 34 5 10 6 2 1 
1 2 64 13 8 3 1 
1 12 11 50 9 7 2 
19 2 23 8 7 5 16 3 5 3 1 
6 65 2 19 
1 70 10 1 3 7 
14 17 23 1 15 8 10 3 1 
89 3 
2 74 13 2 1 
44 46 2 
45 33 1 3 1 9 
2 3 64 6 5 9 1 1 1 
72 11 2 2 4 1 
3 5 17 52 1 9 5 
7 62 11 4 8 
72 7 8 2 3 
1 75 16 
1 42 29 4 16 
10 62 7 2 7 2 2 
2 66 16 4 4 
5 4 32 20 24 2 4 1 
1 50 31 6 4 
1 50 25 15 1 
92 
2 40 34 15 1 
1 78 13 
89 2 1 
3 50 20 9 9 1 
88 4 
7 42 39 2 2 
3 3 72 8 6 
1 49 26 15 1 
1 19 53 15 4 
3 63 20 2 1 1 2 
14 77 1 
7 28 2 50 4 1 
79 8 1 4 
4 12 75 1 
1 55 13 8 5 6 4 
1 31 29 17 7 7 
1 13 71 2 4 1 
23 37 13 11 8 
1 14 22 6 20 17 5 1 3 1 1 1 
3 76 13 
4 32 22 25 2 5 1 1 
1 35 35 11 7 3 
1 33 26 17 15 
3 86 2 1 
7 76 7 2 
2 48 4 4 1 24 4 4 1 
36 38 13 5 
6 21 27 2 29 4 3 
1 23 32 19 7 2 4 1 1 2 
3 50 32 6 1 
14 57 12 4 1 3 1 
2 81 4 3 1 1 
1 49 20 18 2 2 
1 73 17 1 
1 47 4 20 8 3 2 6 1 
18 72 2 
1 23 39 17 3 1 3 3 2 
2 89 1 
1 60 14 7 5 3 1 1 
19 49 11 5 8 
13 48 28 2 1 
1 36 54 1 
1 61 30 
4 31 46 5 6 
7 11 42 3 28 1 
2 6 23 45 4 2 10 
1 29 47 10 5 
2 66 12 8 2 1 1 
1 78 2 2 5 1 3 
17 65 7 1 1 1 
1 12 60 19 
1 26 65 
3 3 63 20 3 
2 90 
1 91 
9 73 7 2 1 
4 58 27 1 2 
23 67 1 1 
8 28 55 1 
18 21 46 4 2 1 
1 10 72 6 3 
3 33 28 20 8 
1 42 22 16 6 1 4 
1 81 7 3 
2 77 10 2 1 
12 1 29 33 2 4 2 1 2 3 2 1 
1 28 26 8 3 20 2 1 1 2 
3 38 6 25 20 
61 24 5 1 1 
8 68 12 4 
60 20 11 1 
5 74 10 2 1 
1 66 1 20 4 
1 22 65 3 1 
5 57 11 4 3 3 2 4 2 1 
1 67 6 6 4 2 6 
1 20 60 3 4 4 
6 70 1 9 3 1 2 
1 16 39 28 3 4 1 
3 26 49 13 1 
10 78 4 
1 67 4 2 12 2 4 
1 89 2 
1 23 67 1 
50 25 11 6 
49 36 1 6 
5 38 13 16 13 2 4 1 
11 4 68 2 6 1 
1 61 12 7 7 2 1 1 
2 62 27 1 
7 44 39 2 
1 40 44 5 1 1 
1 54 24 8 2 1 1 1 
30 26 4 19 11 1 1 
1 50 19 12 10 
2 19 20 47 1 1 2 
92 
3 29 35 5 20 
7 50 35 
1 36 21 11 21 1 1 
1 49 25 10 7 
1 38 6 12 24 5 2 3 1 
60 12 20 
1 59 28 3 1 
4 71 14 2 1 
86 6 
1 73 12 2 3 1 
3 29 23 35 2 
28 14 13 18 4 13 2 
1 43 36 1 9 2 
2 51 5 1 3 26 4 
27 57 8 
14 20 51 2 2 3 
47 27 15 1 1 1 
4 51 28 8 1 
43 47 2 
44 29 1 8 10 
26 64 2 
1 61 7 10 10 3 
11 68 8 1 4 
5 24 24 19 11 2 6 1 
11 76 2 3 
16 72 4 
1 62 19 6 2 2 
2 73 17 
52 28 11 1 
1 87 3 1 
1 90 1 
1 37 8 2 1 12 9 2 3 4 6 6 1 
27 63 2 
15 57 6 3 11 
2 19 39 12 19 1 
1 49 12 9 21 
30 51 8 2 1 
1 11 32 7 1 8 4 22 3 1 2 
7 66 7 3 9 
9 51 27 2 2 1 
3 46 20 9 13 1 
1 8 45 27 9 1 1 
4 22 25 35 5 1 
4 14 48 13 12 1 
2 28 38 7 16 1 
14 41 27 4 3 1 1 1 
8 16 3 14 23 3 19 1 2 2 1 
5 37 24 6 11 3 1 1 2 2 
19 12 51 1 1 4 4 
60 6 18 8 
10 58 24 
1 40 17 23 2 3 5 1 
49 18 17 4 2 1 1 
2 15 16 41 6 2 1 7 1 1 
2 60 28 1 1 
73 19 
1 34 41 12 3 1 
1 14 32 3 8 6 12 2 4 2 5 3 
1 6 20 7 56 1 1 
1 76 2 12 1 
5 54 15 9 7 1 1 
1 5 20 15 49 2 
1 61 1 18 8 1 2 
23 6 15 24 20 4 
92 
1 30 27 7 23 1 2 1 
1 86 4 1 
3 68 1 19 1 
1 13 51 15 10 2 
17 14 57 2 2 
2 90 
1 27 46 5 2 2 9 
7 78 4 3 
1 82 8 1 
9 73 7 1 2 
47 24 18 1 2 
2 73 4 3 7 2 1 
3 87 2 
59 12 17 3 1 
1 51 30 9 1 
1 54 7 8 22 
1 91 
2 68 16 5 1 
7 82 3 
2 48 42 
5 51 15 8 8 4 1 
5 10 49 11 17 
37 35 9 9 2 
2 10 10 22 31 3 11 3 
1 3 36 14 31 3 1 2 1 
1 46 28 12 2 3 
1 10 81 
7 60 24 1 
1 58 6 5 19 3 
1 54 10 13 8 5 1 
1 30 47 14 
62 3 15 3 8 1 
66 12 6 2 2 2 1 1 
1 3 65 15 7 1 
2 41 34 5 1 4 3 2 
5 11 34 24 15 1 1 1 
2 2 1 80 2 5 
73 2 1 11 3 2 
1 44 30 8 5 2 2 
1 50 41 
12 64 16 
7 77 4 1 1 2 
1 6 49 2 1 5 8 16 1 2 1 
34 29 12 12 5 
2 15 49 17 6 3 
1 36 11 12 32 
2 77 13 
2 77 13 
1 68 9 3 8 1 2 
1 75 7 3 4 1 1 
22 52 8 8 2 
1 77 2 6 6 
1 76 8 3 2 2 
33 16 5 16 22 
1 80 10 1 
2 71 9 4 1 2 2 1 
7 17 20 48 
36 50 1 1 1 2 1 
2 37 13 36 1 2 1 
1 30 7 35 19 
1 33 22 11 25 
1 70 2 19 
1 71 16 4 
22 70 
1 37 12 25 17 
1 32 33 20 1 4 1 
4 8 36 8 5 9 1 18 2 1 
92 
2 54 2 16 8 3 5 2 
1 3 5 79 3 1 
1 72 11 4 2 1 1 
4 11 22 7 19 9 6 4 5 2 2 1 
1 48 2 17 18 5 1 
1 75 11 3 2 
4 80 3 1 1 1 1 1 
30 37 17 7 1 
10 37 21 10 3 1 10 
3 83 5 1 
25 4 61 1 1 
2 26 62 2 
5 8 59 3 16 1 
2 37 16 13 21 2 1 
1 3 62 11 9 6 
2 88 2 
3 28 48 10 1 2 
45 38 9 
1 73 10 8 
1 17 62 8 2 2 
1 21 6 56 7 1 
16 25 15 9 25 1 1 
1 60 2 15 4 3 2 1 3 1 
2 9 57 10 12 1 1 
4 12 11 44 17 2 2 
2 10 39 36 5 
12 12 1 33 31 2 1 
1 81 10 
1 20 61 3 1 1 2 1 2 
18 39 33 1 1 
2 35 10 24 11 4 6 
8 42 10 24 4 3 1 
18 4 13 1 52 4 
1 4 38 3 25 1 6 10 2 2 
4 80 5 3 
1 91 
17 39 6 25 5 
1 82 9 
1 48 42 1 
1 9 43 30 4 5 
4 36 6 27 3 1 4 8 2 1 
1 62 9 7 2 10 1 
10 17 41 20 4 
3 26 61 2 
7 79 6 
1 83 8 
1 62 26 1 1 1 
1 84 6 1 
2 61 1 10 9 6 2 1 
14 12 45 9 10 2 
2 17 43 28 2 
8 27 47 5 3 2 
1 5 60 24 2 
1 64 22 5 
1 42 22 1 14 3 1 6 1 1 
1 59 28 2 2 
5 22 64 1 
4 63 8 14 2 1 
3 26 34 1 13 11 3 1 
2 31 55 2 1 1 
2 90 
6 16 70 
15 74 2 1 
1 49 12 13 17 
1 14 35 22 2 15 2 1 
90 2 
16 46 8 19 3 
92 
1 31 12 46 2 
2 66 17 7 
6 58 10 6 4 1 3 3 1 
1 79 7 4 1 
7 32 44 7 1 1 
13 65 12 2 
1 73 17 1 
2 8 37 12 12 9 9 3 
1 9 63 3 12 3 1 
14 40 19 6 2 6 2 1 1 1 
1 75 5 5 4 2 
1 51 40 
1 6 36 39 6 2 1 1 
90 2 
1 6 32 13 20 4 10 4 2 
79 6 5 2 
1 89 1 1 
2 26 64 
1 55 25 10 1 
9 19 38 20 2 1 1 1 1 
1 64 16 3 4 4 
14 47 8 3 7 13 
78 12 2 
1 34 56 1 
2 13 35 26 5 9 2 
2 31 19 22 13 1 4 
1 79 3 5 4 
1 1 13 14 18 42 1 1 1 
1 15 29 20 24 1 2 
1 76 8 6 1 
1 78 6 2 2 2 1 
1 74 2 14 1 
4 46 39 1 2 
1 22 19 1 15 16 12 6 
41 21 22 4 1 3 
7 16 69 
2 26 64 
5 82 5 
7 36 18 25 3 3 
1 76 15 
7 61 12 12 
28 56 5 1 1 1 
34 41 13 4 
1 81 5 4 1 
24 67 1 
1 13 43 6 3 2 7 10 2 1 4 
1 86 5 
13 35 3 41 
3 7 78 2 2 
1 20 24 24 3 10 5 1 3 1 
1 75 7 7 2 
1 39 40 12 
4 52 17 11 8 
3 89 
28 14 22 3 9 5 7 1 3 
10 54 23 2 1 2 
1 31 34 15 11 
1 82 9 
1 85 6 
4 18 57 2 8 2 1 
1 84 7 
1 74 13 4 
24 61 2 4 1 
2 5 9 27 24 11 6 2 3 1 1 1 
3 19 30 37 1 2 
1 85 1 2 2 1 
62 9 13 5 1 2 
1 36 45 2 7 1 
69 10 4 6 3 
1 70 21 
66 5 16 1 4 
1 11 47 9 4 14 3 2 1 
2 17 30 29 5 8 1 
1 50 34 7 
1 47 21 7 8 8 
1 39 48 3 1 
1 91 
2 56 13 9 2 1 7 1 1 
3 20 11 12 14 11 7 12 1 1 
1 8 1 58 13 7 4 
3 74 7 5 2 1 
5 69 11 4 1 2 
91 1 
3 72 10 1 4 2 
2 59 31 
2 3 44 43 
1 12 42 24 9 3 1 
2 29 41 17 3 
1 81 9 1 
3 45 22 6 1 4 1 6 4 
31 9 25 18 7 2 
2 26 24 33 7 
77 1 9 5 
7 49 33 3 
2 49 11 1 19 10 
1 62 6 9 3 10 1 
2 19 45 7 14 4 1 
1 37 33 4 13 4 
1 25 56 10 
1 18 54 11 2 1 5 
30 42 19 1 
1 76 4 8 2 1 
7 13 56 2 2 3 2 2 2 1 1 1 
22 16 54 
55 25 10 2 
4 41 9 18 4 11 2 3 
1 28 30 9 7 13 4 
21 68 1 1 1 
1 37 51 1 2 
42 31 11 3 3 2 
6 57 12 17 
1 86 5 
1 68 2 19 1 1 
8 46 6 9 7 1 1 7 5 2 
1 89 1 1 
17 23 4 25 20 3 
15 5 53 12 3 1 3 
2 58 7 21 4 
2 28 24 31 4 3 
3 43 44 2 
4 17 44 3 15 1 7 1 
1 43 30 13 5 
1 68 23 
34 49 4 5 
1 4 23 48 8 5 2 1 
4 8 66 12 2 
92 
1 45 1 5 14 4 14 5 1 1 1 
3 44 11 18 12 4 
6 50 22 2 11 1 
60 12 3 2 11 3 1 
1 8 27 30 5 6 13 1 1 
57 16 19 
7 18 40 10 12 3 2 
1 28 63 
1 39 25 24 2 1 
1 76 6 7 2 
1 24 66 1 
2 81 9 
3 24 46 5 12 1 1 
1 46 1 4 33 4 1 1 1 
28 61 2 1 
5 61 1 4 7 7 6 1 
3 2 15 52 6 9 2 3 
1 40 36 11 4 
10 65 4 13 
11 9 67 2 3 
6 70 15 1 
2 38 31 3 6 4 1 2 2 1 2 
61 17 9 4 1 
22 49 6 3 7 2 1 2 
3 26 56 1 6 
9 77 6 
3 84 2 2 1 
6 54 7 18 6 1 
1 21 15 10 10 11 8 9 2 4 1 
1 34 57 
30 53 5 1 1 2 
92 
82 7 1 1 1 
1 54 2 5 7 11 8 1 1 2 
2 71 18 1 
1 67 21 2 1 
2 30 38 8 13 1 
19 56 14 1 1 1 
3 58 31 
10 57 13 2 4 5 1 
1 85 3 3 
92 
6 42 41 1 1 1 
2 27 16 29 10 5 3 
5 56 8 22 1 
2 43 23 7 14 1 2 
3 28 47 3 6 5 
1 4 61 2 2 8 7 7 
2 54 15 11 9 1 
1 43 33 7 1 5 2 
1 78 6 2 4 1 
18 28 6 13 5 16 1 2 1 1 1 
1 3 7 75 6 
18 9 56 5 2 2 
1 84 6 1 
62 3 24 3 
1 11 58 1 15 4 1 1 
1 60 17 8 6 
4 19 36 28 4 1 
2 18 57 15 
8 10 36 10 19 5 4 
1 43 8 33 3 1 2 1 
2 73 13 4 
3 57 26 4 2 
3 46 2 15 18 7 1 
1 45 39 7 
13 57 18 2 2 
3 42 25 8 2 1 6 1 1 3 
1 38 39 7 3 2 2 
1 20 39 25 3 3 1 
1 15 55 1 20 
58 21 13 
2 19 12 9 22 14 11 2 1 
5 77 8 2 
2 15 73 1 1 
41 37 6 8 
2 24 5 10 33 9 1 1 5 2 
1 44 27 16 4 
43 9 20 9 10 1 
2 57 29 3 1 
1 81 8 2 
1 55 18 15 1 1 1 
2 26 32 21 11 
1 66 14 11 
2 62 10 3 14 1 
1 81 6 3 1 
50 4 30 6 2 
22 11 36 9 4 8 2 
1 62 27 2 
3 25 32 15 13 4 
18 63 3 3 1 3 1 
3 48 1 15 25 
24 52 5 9 2 
5 14 27 21 17 1 4 2 1 
4 24 64 
1 79 8 2 1 1 
11 62 7 7 1 1 1 2 
41 24 5 2 18 2 
3 10 45 30 1 1 1 1 
1 91 
2 29 59 2 
1 29 52 10 
14 52 19 2 5 
1 40 3 5 23 16 1 1 2 
1 23 1 49 13 2 2 1 
15 13 31 30 3 
1 32 13 5 41 
3 8 73 5 3 
8 67 7 1 6 3 
8 83 1 
1 58 33 
16 48 13 1 7 2 4 1 
1 91 
1 27 2 39 15 1 4 1 1 1 
1 35 16 31 3 2 4 
1 76 14 1 
2 65 15 7 1 2 
1 55 19 3 6 8 
1 46 5 14 20 2 3 1 
37 6 36 6 4 3 
1 6 66 18 1 
1 2 15 8 26 21 1 15 2 1 
1 19 58 12 1 1 
3 71 18 
3 26 1 36 16 8 1 1 
3 83 1 2 2 1 
1 14 31 4 38 4 
15 64 8 5 
1 68 12 6 3 2 
2 26 13 41 5 2 3 
11 57 21 3 
6 42 28 4 11 1 
11 53 23 4 1 
11 2 18 36 25 
1 4 83 1 3 
1 37 13 20 1 9 11 
18 31 27 1 7 4 2 1 1 
1 37 9 1 12 24 6 2 
1 64 25 2 
1 11 12 10 14 30 3 3 5 3 
56 27 6 2 1 
2 5 47 4 15 5 6 1 7 
2 15 41 3 1 2 12 3 2 2 3 3 1 2 
1 59 32 
1 75 12 2 1 1 
11 23 9 15 33 1 
1 60 30 1 
1 11 45 23 4 2 4 2 
1 68 23 
3 79 5 1 2 2 
1 40 28 16 4 1 1 1 
1 49 32 9 1 
1 7 58 22 3 1 
4 29 41 3 2 13 
1 34 3 29 5 7 12 1 
1 86 5 
42 9 29 11 1 
2 45 8 17 7 11 2 
5 12 64 8 3 
12 56 17 6 1 
3 34 12 5 3 14 4 8 9 
23 35 26 4 1 3 
1 64 17 6 2 1 1 
7 40 10 11 6 7 4 3 1 3 
4 62 10 9 4 3 
5 63 23 1 
4 58 2 22 4 2 
32 42 16 1 1 
3 14 8 7 11 20 6 13 4 2 3 1 
1 52 25 7 2 4 1 
9 74 3 3 1 1 1 
30 25 7 27 2 1 
1 64 24 2 1 
10 38 8 3 30 2 1 
3 89 
68 9 6 5 2 1 1 
37 18 37 
6 62 1 6 13 1 2 1 
66 17 5 4 
8 43 36 2 2 1 
6 5 6 25 17 30 1 1 1 
6 57 6 9 7 1 3 1 1 1 
1 26 19 44 2 
5 9 39 24 10 2 2 1 
18 65 9 
11 65 9 2 1 4 
1 1 89 1 
58 23 11 
2 37 2 38 1 12 
36 56 
1 64 9 6 10 1 1 
1 13 24 39 11 3 1 
1 60 15 7 6 1 1 1 
1 13 42 20 10 6 
10 53 5 24 
3 21 20 44 4 
1 10 49 13 15 4 
2 87 3 
1 89 2 
6 40 46 
2 51 1 21 2 1 10 2 2 
3 9 18 37 23 2 
1 77 13 1 
9 24 32 17 8 1 1 
2 28 62 
2 77 13 
3 87 2 
1 88 3 
1 16 68 2 3 2 
1 74 7 6 4 
13 22 28 9 14 6 
6 30 15 22 7 3 7 1 1 
1 74 15 2 
3 21 19 26 17 3 3 
2 7 3 23 18 15 15 2 7 
1 8 58 20 2 3 
1 30 59 1 1 
15 47 12 18 
92 
1 67 2 22 
3 58 8 18 3 1 1 
1 67 24 
2 12 38 9 10 4 8 5 4 
3 38 5 15 3 23 2 3 
13 40 22 1 7 3 4 1 1 
1 4 66 20 1 
7 18 64 1 1 1 
1 73 15 3 
8 60 1 15 7 1 
3 63 25 1 
8 81 1 1 1 
2 62 1 24 3 
1 89 2 
4 8 9 18 53 
1 17 5 60 5 4 
1 69 22 
89 2 1 
92 
3 55 30 4 
27 15 20 18 11 1 
1 31 23 21 9 7 
3 36 7 36 8 2 
4 6 15 34 23 10 
1 44 47 
2 1 4 57 12 4 6 3 2 1 
27 46 7 5 7 
20 46 10 6 9 1 
40 29 15 8 
47 27 16 1 1 
33 4 43 5 5 2 
1 75 7 7 2 
1 5 16 14 21 27 2 1 2 1 1 1 
52 26 13 1 
3 79 6 2 2 
4 21 47 20 
4 44 24 13 5 1 1 
56 22 7 7 
4 84 4 
4 19 51 12 2 1 3 
2 27 43 3 17 
92 
1 81 6 1 1 2 
4 49 15 23 1 
1 16 52 19 1 2 1 
6 21 46 1 1 6 4 2 1 2 1 1 
87 2 1 2 
1 21 53 1 1 14 1 
1 31 43 16 1 
1 70 15 2 4 
1 47 44 
1 4 80 2 2 1 2 
1 43 4 22 9 11 1 1 
5 63 20 3 1 
1 80 4 6 1 
4 33 16 8 16 9 5 1 
7 35 16 2 7 24 1 
20 19 52 1 
1 59 32 
40 19 30 3 
1 37 6 41 5 2 
1 68 16 6 1 
1 84 7 
1 43 48 
1 23 27 15 9 16 1 
7 45 9 11 7 5 3 5 
1 64 1 24 2 
87 3 2 
1 22 68 1 
1 73 18 
1 31 25 2 7 20 2 1 1 1 1 
1 9 54 20 8 
1 26 40 14 1 3 6 1 
4 3 28 1 3 13 29 1 3 1 6 
34 27 22 2 3 3 1 
2 12 50 2 9 1 5 5 3 1 2 
1 47 42 2 
2 41 1 2 21 13 12 
2 14 54 9 6 3 4 
2 38 3 29 17 1 1 1 
12 47 10 2 16 1 3 1 
1 39 43 6 3 
1 60 3 1 27 
1 57 34 
1 51 17 6 1 3 3 1 3 2 4 
1 54 19 11 1 6 
1 34 40 12 2 3 
5 37 19 11 20 
4 7 68 5 6 1 1 
3 75 14 
5 25 29 8 12 1 8 4 
6 63 7 1 7 1 5 1 1 
1 60 1 18 7 4 1 
6 9 46 24 2 2 2 1 
1 51 14 12 3 4 7 
1 68 19 1 2 1 
11 59 9 7 2 4 
2 65 9 5 6 3 1 1 
2 55 3 10 12 8 1 1 
1 82 6 2 1 
1 85 5 1 
1 90 1 
12 6 10 16 3 5 1 8 18 4 4 3 2 
1 72 19 
5 6 5 56 11 4 3 2 
2 6 8 1 65 5 1 1 3 
6 81 5 
3 38 3 18 1 19 1 9 
53 34 1 4 
3 26 57 4 2 
1 35 46 10 
1 28 58 1 3 1 
1 29 22 12 8 13 3 4 
92 
1 73 11 1 4 1 1 
1 24 59 5 3 
18 67 4 1 2 
1 49 5 18 12 6 1 
2 1 42 28 12 5 2 
2 78 1 4 3 3 1 
3 16 20 32 5 4 4 4 1 2 1 
3 79 6 4 
6 25 28 26 4 1 2 
1 18 44 27 2 
1 35 54 1 1 
2 31 6 25 21 3 3 1 
1 41 35 13 2 
4 5 75 1 5 2 
3 87 1 1 
2 79 7 4 
41 21 23 4 2 1 
1 88 3 
16 53 8 5 10 
1 23 57 9 2 
1 17 29 27 9 1 3 3 1 1 
1 59 29 3 
1 5 57 22 2 1 4 
1 78 4 6 1 2 
1 65 15 9 2 
11 80 1 
28 9 46 8 1 
2 54 36 
1 81 1 3 3 1 2 
5 84 1 1 1 
7 16 19 34 13 2 1 
3 85 3 1 
1 10 29 4 35 3 2 3 2 2 1 
1 29 1 22 31 6 1 1 
1 72 19 
7 24 39 6 10 6 
1 91 
1 73 17 1 
43 21 6 5 12 3 2 
1 15 11 30 31 1 1 1 1 
1 80 7 2 1 1 
1 72 4 11 1 2 1 
2 89 1 
1 45 43 1 1 1 
4 82 5 1 
1 80 4 6 1 
1 1 73 9 2 3 2 1 
5 5 17 27 30 4 3 1 
1 75 2 6 1 7 
8 42 5 28 3 3 3 
3 18 44 21 6 
1 39 21 22 3 1 1 2 1 1 
3 65 21 3 
2 54 20 8 7 1 
1 40 16 15 7 4 9 
25 7 24 30 2 4 
14 29 5 18 4 21 1 
32 15 33 12 
1 15 3 73 
1 60 30 1 
1 58 29 1 2 1 
7 81 1 2 1 
1 69 17 4 1 
2 6 11 60 9 1 1 2 
2 69 11 3 6 1 
1 16 64 5 3 1 1 1 
1 53 12 6 3 7 7 1 1 1 
5 13 14 12 6 5 13 1 4 7 7 1 1 3 
3 30 56 2 1 
63 4 3 5 13 2 2 
2 67 4 7 9 2 1 
1 89 1 1 
1 76 10 5 
50 11 8 17 3 1 2 
1 45 18 3 4 19 1 1 
53 5 31 3 
2 57 15 12 2 3 1 
8 45 17 21 1 
8 1 54 17 11 1 
2 58 18 14 
1 76 14 1 
3 59 6 15 2 4 3 
5 67 2 11 3 4 
79 4 4 2 3 
6 66 17 3 
14 64 8 6 
9 5 47 5 18 4 3 1 
41 32 1 17 1 
6 18 37 28 3 
1 31 60 
2 89 1 
1 4 69 14 4 
1 53 17 8 7 4 2 
14 73 5 
19 50 19 3 1 
1 13 69 1 1 1 1 4 1 
1 38 33 9 3 7 1 
15 43 34 
