1 71 12 1 1 1 6 
1 89 3 
2 76 1 8 5 1 
3 17 12 48 13 
1 46 15 8 20 1 1 1 
3 74 11 4 1 
27 19 18 4 3 12 3 1 1 2 1 1 1 
22 63 3 5 
4 66 21 1 1 
1 61 29 1 1 
1 36 13 21 15 3 3 1 
7 35 48 2 1 
1 25 37 1 3 8 6 2 5 3 2 
1 21 6 28 37 
6 68 14 3 2 
4 57 21 3 8 
3 32 34 8 1 9 2 2 2 
1 47 16 1 21 4 1 2 
3 48 1 21 13 4 3 
23 29 26 12 3 
1 34 13 4 12 22 1 4 2 
47 37 9 
2 78 10 2 1 
1 52 20 15 2 1 2 
1 5 37 42 6 2 
77 14 2 
43 44 5 1 
6 7 78 1 1 
1 69 11 12 
24 14 36 18 1 
5 9 65 14 
23 19 17 19 13 1 1 
2 46 28 14 3 
2 74 13 4 
3 64 23 1 1 1 
1 49 37 4 1 1 
34 49 2 4 3 1 
13 61 4 9 5 1 
1 30 62 
45 8 4 1 7 14 4 2 1 1 4 1 1 
5 84 4 
6 7 7 26 13 17 13 2 2 
73 4 16 
1 13 78 1 
2 15 7 32 3 23 3 4 4 
1 7 8 35 22 7 9 1 1 2 
2 12 52 9 13 5 
27 26 12 20 8 
1 87 1 3 1 
5 54 8 15 8 2 1 
1 71 13 8 
1 92 
92 1 
93 
2 4 66 8 11 1 1 
1 64 22 6 
3 17 27 13 7 13 11 1 1 
2 86 5 
1 21 52 18 1 
1 26 53 1 12 
1 28 39 20 1 2 1 1 
2 28 3 60 
38 54 1 
44 21 28 
3 56 22 5 5 2 
16 14 42 4 6 11 
3 28 48 5 1 2 2 1 1 2 
91 2 
1 38 43 11 
6 55 1 18 9 1 2 1 
1 86 2 3 1 
1 57 17 11 7 
87 6 
3 15 56 15 1 2 1 
1 79 1 1 10 1 
6 62 11 8 1 5 
1 35 57 
33 44 12 3 1 
8 60 7 17 1 
2 91 
2 70 21 
42 10 28 5 5 3 
14 42 25 2 9 1 
4 51 38 
2 85 1 3 1 1 
1 19 71 1 1 
1 8 24 40 6 12 2 
1 1 89 1 1 
17 55 2 11 4 2 1 1 
2 12 51 6 22 
1 51 7 13 8 5 4 1 2 1 
3 22 54 12 1 1 
67 17 9 
73 18 2 
7 56 16 14 
12 67 14 
76 4 9 2 1 1 
1 72 3 16 1 
1 48 10 20 4 1 2 7 
1 29 53 8 1 1 
2 37 29 8 15 2 
1 82 10 
1 58 12 4 9 1 5 2 1 
1 25 6 45 4 5 6 1 
1 89 3 
2 29 62 
1 57 26 8 1 
4 46 41 1 1 
2 4 73 9 4 1 
15 5 18 17 38 
2 31 23 27 1 3 3 1 2 
16 74 1 2 
1 50 39 2 1 
1 74 10 6 2 
1 62 19 10 1 
1 92 
1 50 27 5 5 1 2 1 1 
1 74 3 12 1 1 1 
68 8 2 6 2 3 3 1 
1 9 20 44 15 3 1 
6 87 
1 85 3 4 
2 86 5 
1 73 5 11 3 
10 55 23 4 1 
1 83 4 4 1 
1 49 43 
1 50 13 19 8 1 1 
2 71 16 2 1 1 
5 80 8 
3 89 1 
1 36 4 25 10 15 1 1 
12 64 4 5 3 4 1 
12 42 33 6 
1 40 52 
5 19 57 1 8 2 1 
11 73 9 
1 64 1 4 18 4 1 
1 89 1 1 1 
1 20 6 16 36 1 11 1 1 
4 33 7 16 18 4 3 8 
6 62 3 18 2 2 
17 22 48 1 5 
1 31 16 2 20 8 14 1 
30 48 4 11 
2 79 12 
4 79 7 3 
1 1 7 64 9 9 2 
1 27 35 14 10 3 2 1 
2 77 2 10 2 
1 57 7 23 5 
24 32 34 2 1 
19 41 24 8 1 
1 30 50 8 1 1 1 1 
3 35 55 
17 7 52 7 10 
1 16 51 16 6 2 1 
2 32 33 26 
7 54 21 10 1 
1 7 19 50 2 9 5 
12 24 28 23 2 3 1 
18 4 1 22 23 3 20 1 1 
1 22 17 20 1 4 23 4 1 
2 45 27 5 13 1 
20 26 15 4 19 5 2 2 
39 30 13 4 1 6 
1 54 35 2 1 
93 
37 40 6 8 1 1 
42 44 2 3 2 
3 5 77 4 4 
7 82 1 2 1 
13 38 5 31 2 1 2 1 
4 44 18 19 8 
2 65 14 5 7 
1 13 12 1 49 2 2 2 3 3 3 2 
93 
1 30 9 11 22 20 
1 38 24 23 5 2 
1 89 2 1 
2 39 20 12 6 5 7 1 1 
1 34 42 13 2 1 
3 39 46 1 1 1 1 1 
4 39 1 15 24 5 4 1 
1 59 10 1 6 2 9 4 1 
59 21 9 2 1 1 
2 44 13 10 2 7 9 2 4 
5 64 22 2 
2 76 10 5 
1 18 74 
2 78 4 6 3 
5 43 19 1 6 7 3 5 1 1 2 
1 76 11 1 2 1 1 
1 57 11 7 1 2 1 8 4 1 
1 34 20 24 14 
1 44 17 24 6 1 
1 78 7 1 1 3 2 
52 21 1 19 
6 35 27 2 15 2 3 2 1 
1 31 40 8 12 1 
1 28 43 15 2 1 3 
1 81 11 
9 5 76 1 1 1 
51 12 8 9 2 5 2 1 1 2 
2 58 32 1 
58 26 5 1 3 
12 7 31 12 5 14 9 2 1 
19 7 58 9 
2 80 4 5 2 
1 24 58 6 3 1 
5 46 26 6 7 2 1 
1 51 29 2 6 4 
18 70 4 1 
1 65 11 16 
40 16 13 7 3 13 1 
6 42 28 11 6 
1 34 17 11 21 6 1 1 1 
12 46 15 14 6 
1 54 12 21 2 2 1 
1 86 1 5 
11 30 52 
15 35 18 25 
92 1 
2 1 45 39 6 
1 31 21 4 36 
64 6 22 1 
1 21 14 54 1 1 1 
1 57 25 6 3 1 
87 6 
2 69 5 12 2 3 
47 1 8 24 4 9 
1 57 35 
3 88 1 1 
1 68 15 2 2 3 2 
5 69 5 1 5 1 2 5 
7 48 3 19 13 3 
1 53 28 10 1 
1 61 14 1 6 6 4 
1 22 4 23 34 6 3 
8 49 21 8 3 3 1 
2 72 2 3 13 1 
1 80 9 1 1 1 
1 43 47 1 1 
77 16 
2 25 23 5 18 14 3 3 
1 51 3 33 1 2 1 1 
1 6 50 17 1 6 10 1 1 
4 66 17 6 
3 87 3 
2 15 6 66 4 
22 4 43 3 21 
1 39 34 1 2 2 2 12 
76 16 1 
3 27 28 21 13 1 
9 84 
41 48 4 
4 32 57 
5 26 56 5 1 
2 76 1 14 
7 34 11 1 22 12 3 3 
51 3 7 31 1 
1 43 36 2 8 1 2 
3 90 
3 54 31 4 1 
2 62 1 20 8 
11 20 13 9 15 4 18 2 1 
10 33 46 3 1 
79 11 3 
5 10 31 20 13 1 5 1 2 5 
3 63 22 5 
3 18 72 
1 58 3 10 1 8 10 1 1 
3 20 20 40 10 
4 45 44 
15 37 36 3 2 
3 85 4 1 
1 73 3 9 1 1 4 1 
1 30 48 4 8 1 1 
14 63 12 1 3 
2 20 8 52 6 2 3 
8 46 6 24 2 3 4 
1 2 32 25 27 4 1 1 
17 2 50 21 2 1 
5 62 11 2 8 4 1 
8 73 12 
1 87 4 1 
1 19 73 
1 13 14 29 16 14 6 
5 27 46 10 4 1 
1 85 1 1 3 2 
1 2 72 14 2 2 
2 22 18 42 9 
1 33 13 41 4 1 
19 12 36 26 
18 67 3 4 1 
1 21 47 18 5 1 
28 11 48 2 2 1 1 
2 15 28 40 1 3 4 
1 17 25 24 23 2 1 
3 20 47 22 1 
2 63 25 2 1 
1 14 14 47 7 6 3 1 
1 88 4 
3 19 66 3 1 1 
13 59 9 3 2 3 1 1 2 
12 31 49 1 
1 13 12 38 18 1 5 5 
1 32 42 8 3 4 2 1 
1 32 30 2 11 6 1 9 1 
38 27 16 7 1 2 2 
55 13 25 
60 8 11 6 8 
2 54 19 11 1 6 
5 82 6 
15 72 3 2 1 
11 24 17 1 4 11 6 14 4 1 
12 44 37 
2 21 60 5 1 2 1 1 
1 56 1 34 1 
3 78 12 
1 34 30 6 22 
3 53 2 26 2 7 
4 35 23 7 13 9 1 1 
14 37 20 1 3 1 11 2 1 2 1 
47 3 38 4 1 
86 2 5 
1 16 27 41 5 1 1 1 
46 12 21 9 5 
1 63 27 2 
9 67 17 
32 12 22 3 24 
3 1 87 1 1 
12 31 1 19 26 4 
7 33 46 5 1 1 
1 7 62 18 1 3 1 
3 81 8 1 
1 14 75 2 1 
35 38 20 
1 14 56 2 16 4 
1 27 35 21 8 1 
2 42 4 36 7 1 1 
2 4 47 18 5 9 5 3 
1 77 2 1 6 1 2 1 1 1 
3 48 22 8 5 1 4 2 
3 34 7 11 16 12 8 1 1 
1 54 38 
1 40 50 2 
1 48 14 26 1 3 
2 15 53 15 8 
2 38 41 10 2 
47 42 3 1 
71 22 
3 2 1 54 1 8 2 9 4 5 4 
33 42 13 1 3 1 
1 18 67 7 
2 15 8 27 26 4 11 
4 81 5 1 1 1 
1 34 12 35 10 1 
9 65 3 12 1 1 2 
1 60 32 
91 1 1 
8 20 31 24 8 1 1 
1 41 51 
9 33 51 
58 26 6 1 2 
3 15 24 13 12 6 19 1 
4 87 2 
1 7 38 11 19 5 3 1 7 1 
4 28 18 35 4 2 1 1 
1 78 8 1 3 2 
5 15 52 4 5 4 5 3 
1 74 17 1 
90 3 
1 2 3 23 1 29 14 11 2 3 1 3 
1 71 8 10 2 1 
3 36 19 26 7 2 
2 84 7 
4 83 5 1 
2 49 42 
12 39 35 4 1 1 1 
3 39 2 18 16 6 1 2 1 3 2 
8 3 5 54 16 2 4 1 
43 6 7 34 3 
1 70 1 4 1 8 7 1 
2 71 18 1 1 
5 21 4 54 7 1 1 
2 45 33 7 1 5 
1 90 1 1 
22 13 39 2 2 4 2 4 2 1 1 1 
72 21 
30 29 1 8 5 13 7 
5 56 15 7 1 4 4 1 
3 59 10 17 1 2 1 
1 80 11 1 
7 32 20 19 2 9 1 3 
1 18 18 12 5 20 15 4 
52 8 1 8 13 10 1 
8 32 2 26 10 3 2 7 3 
1 32 6 45 1 2 1 2 2 1 
29 29 32 2 1 
4 82 6 1 
42 45 6 
1 52 40 
28 60 1 2 1 1 
1 92 
1 44 37 11 
28 63 1 1 
1 25 59 6 2 
1 92 
2 68 1 11 10 1 
1 6 5 6 22 23 21 9 
1 28 15 25 15 6 1 2 
3 80 4 1 4 1 
3 75 8 1 1 3 2 
1 76 1 3 7 3 1 1 
8 70 2 4 1 3 1 1 2 1 
1 47 32 7 6 
17 74 2 
69 17 1 2 2 1 1 
10 39 2 3 21 2 2 5 1 2 2 2 1 1 
24 65 1 1 2 
2 57 29 1 4 
9 70 5 7 2 
1 53 36 3 
3 61 6 10 4 8 1 
15 67 4 2 1 1 2 1 
1 41 3 35 13 
1 66 21 5 
6 42 15 29 1 
1 88 4 
25 43 7 6 9 1 1 1 
3 73 17 
5 55 7 2 5 11 2 4 1 1 
1 35 26 16 14 1 
1 57 15 2 1 13 4 
2 53 36 2 
1 7 43 6 4 26 3 1 1 1 
1 33 3 9 38 6 3 
1 5 18 55 14 
1 55 33 4 
1 16 57 15 3 1 
1 44 12 26 6 3 1 
1 8 12 45 12 8 6 1 
43 50 
2 21 29 14 7 2 15 3 
2 46 31 4 10 
2 61 10 18 2 
1 69 4 1 4 11 2 1 
6 34 51 2 
1 18 32 8 11 2 10 5 4 2 
34 47 7 5 
88 1 1 2 1 
14 27 27 11 1 11 1 1 
2 28 48 10 1 4 
28 46 8 6 4 1 
1 13 23 48 4 4 
1 80 12 
1 64 4 14 6 1 3 
1 15 41 19 17 
44 37 11 1 
3 57 5 27 1 
2 27 20 13 31 
7 85 1 
1 59 30 1 2 
3 43 29 14 1 2 1 
74 1 8 9 1 
1 82 5 2 2 1 
20 12 20 36 1 1 2 1 
8 4 35 8 28 3 1 6 
1 76 9 2 5 
1 7 46 10 10 13 6 
9 29 55 
1 92 
4 23 41 12 2 11 
9 11 21 35 11 1 3 2 
8 77 6 1 1 
8 37 29 6 3 6 2 2 
7 51 2 19 14 
1 6 85 1 
1 78 4 6 2 1 1 
1 90 2 
1 22 19 10 18 15 2 6 
1 62 14 9 5 2 
1 80 12 
2 41 30 4 8 1 2 1 4 
3 49 39 2 
1 82 3 4 1 1 1 
1 35 17 12 18 7 2 1 
54 5 31 3 
93 
9 25 18 30 3 6 2 
80 13 
3 47 6 9 17 10 1 
6 18 18 41 10 
2 25 4 61 1 
8 21 22 42 
1 6 85 1 
71 19 3 
1 9 74 8 1 
3 37 20 24 5 4 
1 59 33 
1 30 17 17 3 16 5 3 1 
4 13 18 8 20 30 
6 8 67 3 6 1 1 1 
3 21 27 19 9 3 4 5 1 1 
83 5 5 
52 8 3 6 1 22 1 
5 3 40 24 2 14 5 
8 28 43 10 1 2 1 
2 70 7 4 3 1 1 1 1 2 1 
1 72 20 
9 69 9 1 1 4 
2 38 53 
2 12 16 15 27 17 1 3 
1 92 
1 18 50 19 2 2 1 
14 71 8 
22 29 5 5 2 4 13 1 5 4 1 2 
84 9 
1 16 23 31 14 2 6 
2 24 62 5 
28 39 4 22 
45 11 18 16 2 1 
1 79 3 4 6 
9 41 14 16 9 4 
3 66 19 1 4 
1 91 1 
2 80 11 
1 52 33 3 1 2 1 
1 11 23 42 14 1 1 
3 3 11 11 1 47 6 5 1 1 3 1 
36 7 4 5 27 13 1 
1 73 7 12 
3 58 2 14 16 
23 12 39 2 11 2 1 3 
30 57 1 1 3 1 
1 21 2 38 12 19 
3 37 21 19 5 6 2 
27 26 10 13 8 8 1 
38 15 32 4 3 1 
1 74 7 3 8 
10 76 1 6 
4 40 20 9 14 6 
1 45 46 1 
6 61 23 2 1 
5 74 6 3 2 2 1 
1 58 29 1 4 
1 88 1 1 2 
1 30 23 30 8 1 
5 18 69 1 
1 69 17 6 
18 3 35 37 
15 28 8 25 6 6 3 2 
6 69 15 1 2 
1 26 60 3 3 
1 60 13 11 7 1 
66 15 12 
2 87 4 
1 88 3 1 
1 48 22 12 6 3 1 
13 27 49 3 1 
28 19 32 9 2 3 
1 51 41 
2 45 44 2 
2 24 67 
1 28 59 1 3 1 
2 62 5 5 8 9 1 1 
2 19 46 24 2 
1 7 24 2 39 4 15 1 
64 25 2 2 
3 67 8 13 2 
48 39 6 
1 40 25 23 2 2 
45 33 3 9 2 1 
3 58 27 2 2 1 
58 18 13 3 1 
1 74 6 1 3 1 6 1 
8 84 1 
2 48 24 19 
1 77 11 1 1 1 1 
18 6 11 3 46 3 6 
2 4 56 10 8 7 1 2 3 
1 6 83 2 1 
1 35 56 1 
1 82 10 
4 33 1 18 11 11 14 1 
12 51 2 19 5 4 
1 76 1 13 2 
30 47 4 4 8 
1 66 24 2 
1 90 2 
2 77 13 1 
5 28 49 8 1 2 
1 17 2 26 32 10 4 1 
2 68 8 1 9 1 3 1 
1 27 46 4 5 5 2 1 2 
6 58 29 
89 3 1 
9 22 41 3 8 5 4 1 
2 85 3 1 1 1 
74 18 1 
42 7 32 3 6 2 1 
1 38 13 21 12 4 1 2 1 
13 34 1 28 13 3 1 
1 85 1 5 1 
1 85 1 3 1 1 1 
2 73 17 1 
1 8 34 40 9 1 
1 51 3 8 18 11 1 
1 42 50 
3 74 4 8 4 
2 35 9 27 14 5 1 
1 71 21 
1 91 1 
1 45 5 27 13 2 
3 83 4 1 1 1 
3 45 44 1 
1 28 64 
29 59 3 1 1 
4 80 3 3 2 1 
2 24 35 8 17 2 2 1 1 1 
1 36 31 11 5 6 1 1 1 
1 10 55 15 9 1 2 
10 52 17 11 3 
1 91 1 
1 57 35 
1 52 12 19 5 4 
18 70 4 1 
1 72 17 1 2 
15 20 39 11 2 2 2 2 
3 79 11 
1 60 32 
1 21 52 15 4 
10 46 30 4 1 2 
2 30 46 15 
1 66 23 1 1 1 
72 4 17 
2 23 57 8 3 
83 1 2 1 4 1 1 
1 4 67 18 3 
25 4 9 15 7 31 1 1 
2 15 66 9 1 
6 54 30 2 1 
2 51 2 15 23 
4 23 65 1 
46 17 21 9 
84 4 5 
1 88 1 1 1 1 
1 74 18 
36 41 10 2 2 2 
1 52 4 31 2 1 2 
7 49 16 4 4 3 10 
1 35 51 6 
1 20 62 4 6 
11 7 15 36 10 13 1 
87 1 5 
1 59 31 2 
4 45 44 
44 4 44 1 
76 1 11 1 4 
2 28 59 2 2 
1 3 15 32 12 15 15 
1 44 46 1 1 
2 38 7 15 23 5 1 1 1 
1 31 23 31 6 1 
1 42 50 
4 49 16 16 1 4 3 
2 81 10 
2 74 8 1 6 2 
3 88 1 1 
7 69 6 11 
6 16 66 1 4 
1 66 13 4 9 
2 40 26 5 7 13 
1 53 32 4 3 
80 6 7 
83 1 3 6 
2 10 70 10 1 
1 76 5 5 4 2 
37 45 11 
1 77 14 1 
1 89 3 
1 1 33 46 12 
1 92 
2 55 2 31 3 
5 66 20 2 
1 10 53 3 10 8 1 1 6 
1 81 1 9 1 
4 37 52 
20 15 27 22 6 3 
9 61 3 8 2 4 2 4 
18 66 7 1 1 
2 7 10 7 6 17 19 14 4 4 2 1 
4 59 23 1 2 4 
22 53 7 7 1 1 2 
1 42 49 1 
1 37 2 18 3 28 3 1 
1 6 34 29 21 2 
3 22 37 10 6 3 6 2 2 1 1 
2 18 71 1 1 
2 76 5 7 1 1 1 
1 13 48 29 1 1 
1 74 18 
6 80 7 
2 79 11 1 
2 75 12 2 2 
5 13 62 8 3 2 
2 8 31 18 6 22 5 1 
4 81 4 1 3 
81 1 6 4 1 
84 6 3 
5 66 17 5 
1 39 4 1 29 1 9 1 3 1 2 1 1 
1 57 12 13 8 1 1 
1 13 14 52 11 1 1 
4 82 7 
6 85 2 
1 64 12 13 1 1 1 
78 11 1 3 
3 18 70 1 1 
2 45 42 1 2 1 
29 13 32 5 2 1 6 3 1 1 
8 8 13 19 45 
5 71 15 2 
1 5 69 2 12 1 1 2 
2 85 5 1 
3 8 35 45 1 1 
3 56 5 10 17 1 1 
8 19 10 32 16 5 1 1 1 
1 72 18 1 1 
1 3 26 39 4 1 4 13 1 1 
1 34 29 12 8 5 1 1 2 
1 25 62 1 1 1 1 1 
15 20 33 11 11 2 1 
5 35 52 1 
1 51 34 2 2 3 
12 14 66 1 
4 28 56 4 1 
3 15 41 6 16 10 1 1 
7 52 14 1 13 3 3 
46 20 4 7 16 
1 4 32 45 5 1 3 1 1 
93 
1 17 29 7 21 1 3 3 3 3 4 1 
1 47 16 10 17 2 
1 89 1 1 1 
6 87 
1 31 47 14 
5 86 1 1 
1 22 16 41 4 5 2 2 
2 25 59 3 1 3 
3 50 37 1 1 1 
1 61 9 22 
1 74 17 1 
4 77 10 1 1 
2 55 31 4 1 
1 18 26 6 10 22 4 3 2 1 
2 34 51 5 1 
15 16 20 4 32 3 3 
1 89 3 
1 57 28 1 6 
1 53 35 2 2 
12 8 29 42 1 1 
3 30 31 19 3 3 4 
2 85 4 2 
1 27 6 33 3 7 3 8 3 1 1 
2 71 1 15 1 1 2 
1 42 49 1 
8 77 4 1 1 1 1 
1 56 24 11 1 
2 40 3 20 17 7 4 
93 
1 92 
1 84 8 
4 11 19 46 1 1 2 1 2 4 1 1 
9 12 59 11 1 1 
2 72 11 8 
2 23 10 49 5 4 
1 13 70 3 6 
1 18 44 22 6 2 
67 1 1 20 4 
1 32 5 9 24 9 3 7 3 
3 23 44 12 7 4 
1 23 31 21 12 1 2 2 
19 72 2 
17 67 9 
2 81 2 6 2 
1 82 8 1 1 
1 57 6 3 2 7 8 2 5 1 1 
1 4 87 1 
1 37 12 2 15 5 17 1 2 1 
8 11 38 24 5 6 1 
1 26 40 21 5 
10 14 57 6 1 4 1 
1 18 17 10 34 10 3 
1 58 33 1 
3 26 27 36 1 
4 3 52 4 19 2 8 1 
1 63 12 4 12 1 
6 4 67 1 3 7 3 1 1 
16 51 16 5 3 1 1 
1 74 1 4 6 7 
1 23 18 42 2 4 2 1 
5 1 22 17 45 1 1 1 
6 7 80 
1 70 18 2 1 1 
93 
1 37 54 1 
1 32 10 15 6 8 9 9 3 
3 87 3 
2 64 26 1 
3 18 17 13 5 14 17 4 2 
8 32 37 4 5 5 1 1 
3 82 6 2 
1 80 7 1 3 1 
2 79 1 11 
1 28 5 20 13 8 2 11 1 2 2 
51 13 15 1 12 1 
1 58 19 5 8 2 
1 31 61 
6 68 15 3 1 
16 17 36 9 11 3 1 
1 90 1 1 
7 80 6 
2 80 10 1 
1 40 33 6 13 
1 34 31 1 14 6 6 
1 5 51 5 3 26 2 
9 80 2 1 1 
5 18 34 11 4 1 10 8 2 
90 1 1 1 
1 75 2 13 2 
2 50 14 13 13 1 
1 75 12 2 1 1 1 
4 30 35 12 7 4 1 
2 63 22 2 2 1 1 
3 51 13 13 4 4 2 3 
8 84 1 
1 60 11 5 6 3 5 1 1 
1 29 30 25 8 
92 1 
19 29 19 12 13 1 
1 55 36 1 
4 38 2 49 
2 48 10 1 21 3 1 2 1 2 2 
14 71 8 
53 2 7 14 4 10 3 
1 27 65 
1 22 31 18 7 8 2 1 2 1 
54 36 1 1 1 
12 11 14 50 2 1 3 
93 
93 
1 41 8 17 26 
2 42 2 11 36 
1 16 58 11 5 2 
9 8 49 4 17 5 1 
15 39 8 15 1 15 
77 10 6 
2 12 13 63 3 
1 20 9 58 3 1 1 
1 84 6 1 1 
14 79 
3 59 26 5 
3 87 2 1 
1 55 22 14 1 
86 3 1 1 1 1 
7 11 6 56 13 
21 4 68 
80 11 1 1 
2 30 24 16 17 2 2 
2 14 77 
3 35 39 6 1 1 5 1 1 1 
3 10 65 4 6 5 
1 14 78 
1 87 2 1 1 1 
50 31 3 1 8 
9 60 17 1 1 3 2 
7 85 1 
1 37 53 2 
1 21 1 1 9 12 48 
5 12 33 24 19 
35 34 5 17 1 1 
32 7 13 5 34 1 1 
9 58 15 3 1 1 2 2 1 1 
2 34 44 9 4 
15 11 65 1 1 
28 5 60 
2 44 8 36 3 
61 19 10 1 1 1 
6 65 17 3 2 
1 78 7 1 3 1 2 
1 21 14 16 24 3 10 3 1 
27 27 36 2 1 
8 41 31 13 
19 42 22 9 1 
1 47 32 13 
4 18 30 41 
7 58 18 10 
1 59 10 12 1 2 5 1 2 
4 5 58 4 5 12 3 1 1 
2 43 10 19 8 7 4 
2 28 29 11 19 1 1 2 
1 92 
84 9 
1 16 35 28 5 3 5 
69 10 1 12 1 
2 54 13 14 9 1 
64 21 5 3 
2 1 33 20 37 
2 91 
2 2 13 30 17 25 3 1 
16 75 1 1 
1 23 39 10 20 
2 28 14 10 5 15 2 8 2 6 1 
73 2 15 1 2 
6 27 49 1 1 2 6 1 
1 46 24 5 11 2 2 1 1 
53 21 6 5 2 1 2 2 1 
24 4 9 47 6 2 1 
2 41 21 20 4 3 2 
1 79 1 7 3 2 
1 70 10 3 6 2 1 
1 63 6 2 6 8 4 1 1 1 
1 62 30 
86 4 1 1 1 
15 59 9 9 1 
2 77 7 7 
31 23 17 13 6 3 
4 41 14 19 5 3 3 1 1 1 1 
1 59 31 1 1 
3 70 2 12 5 1 
2 22 3 47 9 8 2 
1 44 30 11 6 1 
1 67 24 1 
1 12 24 35 12 7 2 
85 1 3 3 1 
73 2 2 1 13 2 
8 18 57 3 3 1 1 1 1 
69 14 10 
1 30 57 1 4 
83 8 2 
2 55 21 5 9 1 
47 2 30 5 3 4 2 
63 17 12 1 
2 32 25 21 11 1 1 
6 47 33 1 6 
2 10 64 13 3 1 
3 37 2 43 1 6 1 
1 17 52 8 12 1 1 1 
3 50 39 1 
1 53 37 2 
2 1 13 63 1 2 8 2 1 
1 88 4 
2 16 2 51 1 14 5 2 
2 58 33 
74 12 3 3 1 
1 9 12 9 13 8 37 3 1 
9 26 58 
21 46 17 2 7 
3 12 45 8 24 1 
2 90 1 
8 49 26 1 8 1 
3 19 38 1 17 15 
1 90 2 
1 67 18 7 
90 3 
1 9 36 1 9 12 5 6 2 5 6 1 
1 33 3 8 4 12 20 11 1 
25 43 19 1 4 1 
17 66 3 4 3 
6 7 9 39 20 8 1 1 1 1 
3 41 7 39 1 2 
92 1 
9 68 16 
2 14 20 54 3 
1 42 39 2 3 4 2 
6 79 3 3 2 
89 3 1 
2 54 9 12 5 1 5 3 1 1 
1 2 42 39 5 1 1 2 
1 3 70 19 
4 13 67 2 4 2 1 
25 26 40 2 
22 55 16 
1 30 45 16 1 
2 29 34 22 6 
2 88 2 1 
1 28 5 27 14 2 6 8 2 
2 12 24 31 12 1 8 3 
1 43 28 12 5 3 1 
3 5 26 44 6 3 4 1 1 
1 92 
86 1 2 4 
1 14 33 42 3 
24 27 22 14 6 
1 69 12 3 1 2 5 
7 39 47 
1 72 20 
89 1 2 1 
7 22 53 9 2 
93 
8 12 46 8 2 9 4 4 
93 
5 5 42 17 12 1 2 7 1 1 
5 23 9 40 12 1 1 2 
7 19 2 20 26 13 4 2 
7 60 1 8 10 4 1 2 
13 2 77 1 
4 38 38 9 2 2 
80 7 3 1 2 
2 81 8 1 1 
1 39 2 19 20 9 3 
2 79 11 1 
1 91 1 
46 33 2 8 3 1 
30 12 51 
5 78 1 3 5 1 
3 61 10 11 5 2 1 
63 15 10 2 2 1 
1 21 25 1 24 14 1 4 1 1 
2 64 6 6 2 3 9 1 
1 19 12 3 26 23 8 1 
2 61 4 4 1 7 7 4 2 1 
77 11 4 1 
1 74 4 13 1 
16 11 8 39 19 
1 46 43 1 1 1 
8 75 1 5 1 3 
1 84 8 
4 15 19 50 4 1 
9 43 36 4 1 
23 43 18 4 3 1 1 
6 44 25 3 6 9 
1 1 57 11 13 1 4 3 2 
1 57 20 9 3 1 1 1 
3 82 7 1 
35 9 15 13 21 
2 84 6 1 
1 31 22 9 17 8 3 1 1 
3 12 41 31 2 4 
1 84 4 4 
1 10 43 25 5 4 1 2 2 
13 35 10 3 23 8 1 
8 75 9 1 
92 1 
2 83 2 3 2 1 
1 88 3 1 
4 17 72 
1 32 60 
15 31 38 7 1 1 
3 45 31 3 2 6 2 1 
93 
1 15 17 14 29 8 5 2 2 
26 17 35 8 6 1 
1 54 6 6 11 10 2 2 1 
1 62 29 1 
4 31 58 
2 1 79 7 3 1 
1 39 26 14 13 
5 12 65 2 1 8 
1 63 12 4 4 4 5 
8 30 44 3 8 
1 85 3 1 2 1 
2 28 22 17 9 8 5 1 1 
70 22 1 
17 64 3 5 1 3 
1 2 18 14 3 23 9 7 12 1 1 2 
3 68 22 
1 57 17 12 5 1 
1 66 5 11 6 3 1 
1 85 6 1 
43 8 18 2 3 16 2 1 
1 87 1 2 1 1 
1 30 35 15 2 9 1 
3 15 11 4 45 2 5 4 1 3 
2 51 36 2 1 1 
2 63 5 22 1 
1 80 12 
1 20 1 21 44 1 3 2 
93 
2 40 25 19 3 3 1 
10 45 14 21 2 1 
1 74 2 16 
1 44 21 17 5 4 1 
1 30 8 3 45 4 1 1 
31 61 1 
3 34 56 
15 5 15 46 8 3 1 
1 27 15 8 12 3 7 5 5 7 1 1 1 
2 56 3 27 3 1 1 
3 79 1 8 1 1 
1 58 1 25 4 2 1 1 
2 77 1 10 3 
12 25 11 18 13 10 2 1 1 
1 30 61 1 
82 4 3 3 1 
1 47 29 15 1 
5 33 17 15 10 4 4 1 4 
7 23 41 2 13 7 
1 25 57 8 2 
1 13 6 52 11 1 7 1 1 
5 30 58 
2 5 78 3 4 1 
5 39 12 3 28 3 3 
41 37 2 5 2 6 
1 62 9 12 4 1 1 1 2 
5 30 51 6 1 
1 82 9 1 
1 82 10 
4 26 1 53 3 6 
1 63 22 4 1 2 
1 42 33 14 1 1 1 
1 37 49 4 1 1 
25 65 3 
1 42 4 22 3 4 9 4 1 1 1 1 
3 56 25 8 1 
47 11 19 2 3 2 5 1 3 
2 42 9 12 5 5 8 5 1 3 1 
10 21 1 27 6 20 4 1 3 
1 18 52 14 6 1 1 
5 71 17 
1 89 3 
1 27 57 3 1 3 1 
1 65 23 3 1 
4 7 6 4 56 10 3 2 1 
19 4 36 1 8 20 1 4 
17 22 28 4 12 4 4 1 1 
3 52 38 
10 2 66 1 1 8 3 1 1 
1 82 6 2 2 
3 81 9 
29 9 26 19 7 1 1 1 
25 17 14 36 1 
5 53 6 21 1 2 2 3 
25 42 23 3 
18 49 1 8 15 1 1 
1 61 22 8 1 
6 54 15 13 1 3 1 
7 55 20 9 2 
9 39 29 1 13 1 1 
3 55 24 9 1 1 
16 30 33 2 3 2 6 1 
11 5 59 16 2 
41 4 39 3 1 2 2 1 
6 51 36 
5 77 11 
2 11 55 19 3 2 1 
1 22 12 37 16 3 2 
4 6 2 65 3 2 10 1 
27 20 44 2 
3 90 
2 4 44 14 29 
31 49 9 3 1 
41 32 6 2 7 1 3 1 
1 38 54 
46 41 1 4 1 
36 8 7 36 2 2 2 
1 30 33 18 5 2 4 
16 12 24 1 19 6 4 2 1 5 3 
2 56 20 15 
58 24 7 3 1 
1 47 9 16 20 
2 86 5 
8 74 11 
1 17 35 1 23 12 2 2 
92 1 
56 12 19 4 1 1 
22 50 8 6 5 1 1 
1 29 34 14 8 3 1 1 1 1 
90 2 1 
1 68 24 
1 89 3 
3 79 10 1 
10 74 7 1 1 
7 44 33 5 1 3 
2 83 4 3 1 
1 14 72 1 5 
12 27 9 17 5 9 8 6 
39 54 
8 71 2 11 1 
2 53 34 3 1 
1 67 25 
8 69 9 5 2 
65 28 
2 74 13 4 
1 71 11 4 5 1 
2 44 16 11 8 9 1 2 
20 48 23 1 1 
1 65 17 4 6 
2 70 21 
40 36 14 3 
8 56 21 3 1 4 
26 56 3 3 3 2 
1 17 24 18 6 10 12 3 1 1 
1 37 52 2 1 
3 41 15 9 8 10 4 1 1 1 
1 13 64 5 7 1 1 1 
8 21 45 9 3 7 
1 23 69 
3 71 19 
3 58 31 1 
1 7 8 2 50 16 9 
3 20 30 12 5 8 4 9 1 1 
5 85 3 
3 59 16 11 4 
1 73 12 2 1 2 2 
1 73 5 9 2 3 
2 61 6 19 1 4 
1 2 14 53 1 4 1 4 2 3 3 1 4 
1 17 63 11 1 
10 33 39 6 5 
2 43 19 28 1 
11 43 9 4 12 8 2 4 
51 41 1 
54 8 19 7 5 
1 91 1 
5 74 4 4 5 1 
2 2 14 7 37 10 16 5 
2 70 21 
2 20 71 
2 46 9 18 2 8 1 7 
23 24 45 1 
2 59 11 21 
16 44 33 
2 36 43 6 1 4 1 
2 72 9 10 
8 32 16 16 6 1 14 
6 75 11 1 
70 16 7 
1 67 8 16 1 
1 23 69 
2 88 3 
2 13 69 4 2 3 
1 47 32 13 
42 2 40 3 5 1 
1 67 13 11 1 
1 55 11 11 11 4 
1 20 35 34 3 
88 4 1 
3 72 2 10 1 1 2 2 
1 17 34 4 15 10 2 3 5 1 1 
1 4 43 16 27 1 1 
8 67 2 15 1 
57 3 25 6 2 
6 17 70 
4 59 29 1 
40 39 7 3 2 2 
7 12 70 1 3 
10 24 54 3 2 
7 34 14 27 2 6 2 1 
47 11 17 16 2 
1 82 4 1 3 2 
4 43 2 15 16 7 4 2 
86 6 1 
5 66 16 4 2 
1 90 2 
1 51 26 15 
4 54 4 12 5 10 4 
3 77 13 
66 6 15 2 4 
1 28 46 4 7 2 1 1 3 
34 28 29 2 
1 73 15 2 2 
37 20 34 1 1 
1 73 11 2 4 2 
1 6 42 44 
12 49 27 1 2 2 
9 39 21 18 2 1 3 
6 67 16 4 
1 67 8 11 1 2 2 1 
3 42 46 1 1 
1 64 8 8 12 
74 9 10 
3 4 72 2 4 1 6 1 
10 41 15 24 3 
1 50 18 15 1 7 1 
1 47 38 7 
3 64 10 4 9 1 1 1 
1 87 3 1 1 
9 7 31 37 1 2 1 3 2 
5 28 23 5 28 1 2 1 
2 90 1 
1 64 28 
14 1 6 55 12 4 1 
8 41 5 6 18 6 9 
1 33 41 14 3 1 
1 74 3 15 
7 53 22 1 9 1 
1 4 73 13 1 1 
4 62 15 6 4 1 1 
3 86 3 1 
3 56 14 17 2 1 
2 44 2 18 17 5 5 
1 38 5 39 6 2 1 1 
19 18 26 19 4 1 5 1 
87 1 5 
3 10 61 13 1 1 1 1 1 1 
1 12 35 32 6 6 1 
1 74 1 17 
4 73 6 7 1 2 
1 1 73 13 5 
1 90 2 
1 34 22 9 27 
29 44 1 6 1 4 3 3 2 
1 55 1 11 15 3 3 4 
5 58 19 8 3 
5 77 11 
2 91 
1 83 9 
1 37 6 21 15 10 3 
4 61 14 8 6 
83 6 4 
1 26 30 16 2 10 4 2 2 
1 53 32 6 1 
23 27 42 1 
1 70 3 13 3 3 
2 50 12 21 1 1 4 1 1 
1 33 50 7 2 
2 56 16 10 9 
6 26 53 8 
18 31 18 6 11 2 1 5 1 
5 56 30 1 1 
4 36 1 42 6 2 2 
2 71 9 2 6 1 1 1 
27 44 10 3 2 2 2 2 1 
1 90 1 1 
4 65 24 
2 60 31 
3 3 18 58 8 2 1 
15 7 31 30 9 1 
34 4 30 6 12 2 4 1 
1 10 51 30 1 
6 9 30 37 7 1 2 1 
6 8 31 15 12 6 2 3 8 2 
8 45 31 1 2 1 1 1 3 
16 56 19 1 1 
1 31 9 18 19 13 1 1 
7 70 5 8 3 
1 25 37 7 21 1 1 
1 59 2 27 4 
3 12 5 51 7 11 4 
1 22 46 4 4 6 5 3 2 
60 7 23 2 1 
1 59 21 10 2 
1 58 3 26 5 
2 83 5 3 
3 65 14 2 5 1 2 1 
44 44 2 2 1 
46 8 34 5 
2 45 4 41 1 
2 87 1 2 1 
6 45 8 26 8 
12 7 47 7 12 5 1 2 
1 45 41 6 
6 29 12 10 10 17 2 2 1 2 1 1 
14 62 5 2 2 7 1 
1 90 2 
2 42 18 18 8 1 1 2 1 
1 8 17 58 4 1 3 1 
1 66 5 10 11 
1 34 37 19 2 
1 84 1 1 5 1 
63 21 8 1 
1 15 75 2 
19 63 5 2 3 1 
32 35 23 2 1 
5 27 41 3 13 2 1 1 
85 2 2 1 2 1 
27 65 1 
18 52 3 16 4 
19 24 50 
62 19 2 5 1 4 
1 71 18 2 1 
1 86 6 
2 46 44 1 
1 84 1 5 2 
1 6 62 21 2 1 
1 63 29 
1 43 32 11 1 1 4 
2 1 48 12 21 4 4 1 
9 70 8 5 1 
1 89 3 
1 60 32 
2 46 32 1 5 5 2 
4 28 31 16 9 4 1 
8 45 40 
10 73 1 9 
3 51 2 36 1 
1 75 9 4 2 2 
62 18 13 
2 66 23 2 
1 59 33 
1 66 13 2 10 1 
1 84 6 2 
1 87 5 
2 38 46 7 
3 47 14 20 1 5 1 2 
33 7 36 3 9 1 2 2 
1 77 4 10 1 
1 4 24 62 1 1 
6 55 14 15 3 
1 22 45 1 20 4 
1 1 69 15 1 5 1 
93 
1 83 1 6 2 
1 42 28 10 11 1 
1 71 10 3 8 
84 5 4 
1 24 56 3 4 3 2 
6 5 1 72 6 2 1 
84 4 3 2 
1 11 5 58 15 2 1 
35 22 31 5 
1 12 18 3 35 15 5 1 2 1 
3 67 1 2 19 1 
1 72 13 7 
8 6 16 8 26 27 2 
1 56 28 1 1 3 3 
3 7 82 1 
1 28 20 19 1 10 4 4 4 2 
11 67 3 6 1 2 2 1 
9 24 2 6 10 28 8 5 1 
40 15 37 1 
85 8 
7 28 44 11 2 1 
5 65 5 14 2 1 1 
1 70 15 6 1 
2 89 2 
4 33 26 15 8 3 2 2 
38 16 20 10 1 4 4 
3 31 20 24 4 7 2 2 
1 41 27 13 9 1 1 
4 35 54 
4 34 39 2 4 6 4 
1 18 46 9 7 7 2 1 2 
3 30 15 13 23 8 1 
4 15 30 31 10 2 1 
31 56 1 2 2 1 
1 33 15 35 9 
1 48 43 1 
9 45 15 3 18 2 1 
2 66 25 
1 53 1 27 9 2 
1 25 7 1 29 4 4 13 4 4 1 
1 74 13 1 4 
56 18 18 1 
1 48 28 14 2 
1 55 2 34 1 
45 18 16 11 1 1 1 
20 52 21 
18 23 27 5 19 1 
3 34 6 38 6 2 4 
3 80 10 
1 21 7 7 28 7 16 4 2 
1 91 1 
9 81 3 
2 35 26 2 4 21 3 
2 91 
1 39 13 18 12 9 1 
3 70 9 7 1 1 2 
2 23 15 53 
18 43 8 14 10 
2 73 12 1 4 1 
29 15 33 3 4 4 3 2 
7 53 33 
23 33 17 3 8 6 1 1 1 
1 61 9 3 5 13 1 
9 37 13 7 21 3 3 
1 2 90 
7 9 2 61 4 6 4 
2 71 6 11 1 1 1 
19 34 22 9 4 4 1 
1 18 20 20 20 1 9 1 3 
1 32 3 46 1 3 1 2 3 1 
2 45 46 
6 21 28 2 18 18 
9 35 32 9 7 1 
1 70 6 16 
29 34 26 2 1 1 
1 33 17 38 3 1 
1 21 19 23 1 20 2 1 3 1 1 
18 50 10 12 2 1 
1 65 8 1 8 3 7 
1 57 29 3 2 1 
47 20 19 2 4 1 
1 88 1 1 1 1 
6 7 15 10 40 8 4 1 1 1 
1 90 2 
7 72 14 
1 16 23 38 5 5 3 1 1 
2 88 1 1 1 
1 90 1 1 
1 2 57 21 6 1 1 4 
1 39 13 26 6 4 3 1 
2 66 8 9 1 5 1 1 
1 14 21 1 39 11 4 2 
1 76 15 1 
5 43 18 5 18 4 
1 41 21 22 4 4 
5 63 20 5 
7 8 27 14 29 2 1 4 1 
6 20 3 15 20 23 6 
7 46 39 1 
1 65 13 6 3 3 2 
1 77 14 1 
1 13 39 19 12 5 2 1 1 
1 19 1 43 3 6 4 15 1 
1 60 32 
1 36 56 
1 72 3 10 3 3 1 
1 34 44 5 5 3 1 
1 17 41 15 8 4 4 2 1 
21 22 23 5 2 19 1 
47 43 3 
5 4 3 9 19 1 20 7 4 5 14 1 1 
62 10 9 1 3 7 1 
6 75 1 5 4 2 
6 45 37 2 3 
2 90 1 
1 53 39 
4 60 3 19 2 1 2 1 1 
1 56 21 15 
1 50 21 3 3 1 14 
1 10 78 3 1 
1 56 7 23 5 1 
1 85 6 1 
29 14 37 13 
1 21 45 9 10 6 1 
1 50 23 14 4 1 
1 66 9 7 10 
78 3 8 3 1 
51 34 8 
1 46 46 
3 86 2 1 1 
1 17 75 
7 37 19 21 7 2 
1 82 1 4 4 1 
1 22 28 5 17 8 11 1 
18 67 1 6 1 
1 60 17 15 
1 70 13 3 6 
1 19 12 25 22 7 3 4 
23 59 9 1 1 
3 15 2 42 22 1 8 
1 62 8 7 8 7 
2 91 
72 19 2 
1 36 25 18 6 5 2 
2 1 26 4 54 4 1 1 
3 42 18 17 1 6 3 3 
3 29 3 20 24 13 1 
3 89 1 
19 21 29 1 23 
1 19 46 26 1 
1 28 32 8 9 6 4 4 1 
3 79 8 3 
6 11 62 3 8 3 
13 34 28 16 1 1 
1 54 22 14 2 
15 78 
1 92 
1 38 8 36 6 2 2 
2 38 21 29 3 
1 91 1 
2 53 38 
1 14 28 20 12 4 14 
2 60 27 2 2 
1 39 39 7 6 1 
10 59 9 13 2 
2 29 48 14 
2 55 3 8 25 
1 14 78 
14 8 4 39 28 
2 15 30 6 6 18 11 2 1 1 1 
1 15 23 3 15 18 15 2 1 
1 91 1 
6 74 4 5 4 
1 24 56 12 
2 7 64 16 4 
1 37 46 2 7 
12 73 5 1 1 1 
1 64 22 6 
41 15 30 3 1 2 1 
7 83 1 1 1 
1 22 57 4 7 1 1 
1 70 6 4 11 1 
2 76 11 2 2 
9 48 23 1 9 3 
9 18 11 6 20 17 6 4 1 1 
89 1 1 1 1 
52 39 2 
1 75 15 2 
90 1 1 1 
8 38 46 1 
1 59 30 2 1 
1 51 19 6 4 2 8 2 
1 64 10 2 1 3 9 1 1 1 
3 71 5 4 7 3 
2 38 7 46 
3 24 31 31 1 1 1 1 
2 50 38 3 
1 61 16 1 5 2 5 2 
4 69 13 6 1 
7 82 4 
29 29 35 
1 46 38 7 1 
2 14 7 7 17 24 20 2 
59 5 23 1 1 3 1 
7 70 15 1 
5 87 1 
2 45 46 
1 7 71 10 4 
1 51 37 3 1 
1 19 30 13 3 5 4 2 10 2 2 2 
1 58 8 2 7 3 6 8 
2 81 4 2 1 2 1 
1 67 7 8 6 4 
1 34 36 7 2 1 11 1 
5 5 70 1 6 6 
2 55 32 4 
2 80 5 5 1 
1 57 27 6 1 1 
90 3 
1 71 4 5 2 9 1 
13 64 16 
1 66 4 2 17 2 1 
2 2 66 19 1 3 
8 16 43 14 12 
1 61 31 
14 55 1 21 1 1 
1 84 7 1 
14 74 3 1 1 
26 17 4 38 3 4 1 
1 43 49 
76 8 3 3 3 
1 44 22 17 9 
38 48 3 4 
1 69 3 1 1 11 4 2 1 
2 1 67 18 5 
1 18 67 1 1 3 2 
6 31 12 1 33 7 3 
1 43 2 3 32 9 2 1 
2 79 10 1 1 
4 59 30 
91 2 
1 13 13 26 7 9 10 5 5 1 1 2 
46 28 10 1 4 4 
2 1 80 1 2 5 1 1 
7 55 26 3 1 1 
31 9 40 13 
1 29 63 
2 47 23 11 10 
1 24 14 27 7 1 1 15 3 
23 65 1 2 2 
1 17 13 8 34 2 3 3 1 2 6 3 
8 60 23 2 
1 16 51 13 10 2 
27 4 40 7 12 1 2 
1 80 7 4 1 
2 38 40 2 7 1 2 1 
5 53 17 14 3 1 
3 66 23 1 
1 58 34 
1 70 4 6 12 
3 14 55 15 1 3 2 
18 25 50 
2 89 2 
1 41 43 4 4 
1 17 15 32 10 2 11 1 2 1 1 
4 73 11 3 2 
1 11 35 32 4 3 6 1 
2 5 39 13 14 1 2 7 1 4 5 
3 19 71 
26 34 22 4 1 5 1 
2 71 18 1 1 
1 69 12 5 2 3 1 
14 39 14 10 5 1 9 1 
22 21 34 4 1 1 2 3 2 2 1 
1 1 56 29 2 2 2 
1 20 19 49 1 3 
12 65 11 5 
2 1 14 13 6 1 4 20 30 2 
1 47 8 33 4 
2 67 22 1 1 
86 6 1 
1 37 22 16 12 2 1 2 
1 57 35 
1 12 18 42 13 5 1 1 
17 65 8 2 1 
4 89 
1 66 15 10 1 
2 89 2 
9 31 4 45 1 3 
9 18 66 
1 18 73 1 
1 28 7 3 29 5 6 13 1 
1 45 45 1 1 
2 5 74 11 1 
3 13 26 39 12 
7 67 19 
2 83 3 4 1 
1 7 79 6 
13 1 54 9 14 2 
1 52 18 7 13 1 1 
1 4 86 2 
9 3 22 15 8 17 5 12 1 1 
1 4 15 62 8 3 
1 44 28 16 2 1 1 
47 43 2 1 
2 20 32 11 8 1 14 5 
1 83 1 4 2 2 
1 92 
16 43 11 17 2 1 2 1 
63 26 1 3 
2 64 2 4 8 6 3 4 
22 1 70 
2 87 4 
5 47 23 12 6 
2 58 20 6 2 5 
1 6 83 3 
9 1 8 44 6 3 9 7 6 
1 92 
1 9 76 4 3 
1 29 44 2 14 1 2 
1 27 54 11 
3 26 62 2 
2 33 44 10 1 2 1 
2 54 14 4 8 8 2 1 
6 83 4 
20 35 30 1 1 3 1 2 
1 31 20 39 2 
1 68 4 17 1 2 
1 38 36 12 2 4 
92 1 
1 18 6 27 19 1 1 9 10 1 
8 6 25 21 10 22 1 
17 66 2 1 7 
2 42 23 13 12 1 
5 35 40 5 7 1 
92 1 
47 12 33 1 
1 46 13 1 3 2 23 2 2 
8 77 5 2 1 
2 50 33 3 5 
1 44 38 6 4 
1 3 29 23 8 24 5 
3 49 19 18 4 
1 87 1 3 1 
1 86 1 5 
1 88 3 1 
2 82 9 
1 56 36 
3 53 8 1 22 5 1 
2 79 11 1 
13 9 69 2 
9 58 26 
1 91 1 
4 79 10 
3 42 46 2 
4 53 7 24 5 
2 87 4 
1 82 4 1 3 1 1 
3 56 34 
16 34 8 29 1 4 1 
3 25 25 29 2 6 2 1 
12 57 12 7 4 1 
6 13 66 6 2 
2 61 15 11 1 3 
1 41 20 31 
1 35 50 2 1 4 
27 3 25 20 18 
3 45 18 2 11 6 6 1 1 
1 34 18 15 17 1 4 1 2 
1 78 7 1 1 4 1 
1 31 40 1 17 2 1 
2 74 4 3 10 
1 30 62 
20 14 39 13 1 2 2 2 
5 1 9 43 11 2 6 5 10 1 
10 9 18 48 8 
1 51 29 3 8 1 
2 13 28 37 13 
3 34 6 4 36 6 3 1 
12 71 4 1 3 1 1 
2 82 6 2 1 
2 59 20 4 1 5 1 1 
4 57 8 3 7 14 
86 1 5 1 
1 89 1 2 
4 61 10 6 1 5 1 2 1 2 
1 9 36 44 3 
47 42 4 
14 71 8 
6 19 33 18 1 8 6 1 1 
7 78 3 5 
1 28 47 3 2 5 4 2 1 
1 1 79 3 8 1 
1 84 8 
4 6 37 9 37 
1 35 22 1 13 14 7 
1 22 41 24 4 1 
90 3 
1 68 8 9 7 
1 64 24 1 3 
1 68 1 11 12 
1 66 24 1 1 
8 5 38 23 5 3 5 3 2 1 
1 32 60 
4 75 14 
1 89 1 1 1 
1 1 72 16 1 1 1 
14 35 32 7 5 
2 30 20 37 3 1 
2 62 4 9 12 4 
1 59 19 5 6 2 1 
86 6 1 
1 46 43 3 
1 39 37 4 3 6 3 
1 57 9 23 1 2 
2 43 17 16 15 
3 18 72 
65 12 7 5 3 1 
1 46 24 22 
2 13 32 45 1 
3 10 65 12 3 
5 61 25 1 1 
3 46 30 10 4 
1 44 40 2 2 3 1 
1 15 30 18 7 6 6 2 4 3 1 
2 5 28 38 6 7 6 1 
8 15 58 6 6 
1 11 22 36 14 4 2 1 2 
6 13 44 1 10 9 4 4 2 
1 46 2 41 3 
40 5 12 22 6 1 1 1 1 1 3 
13 19 17 7 20 10 5 1 1 
2 68 23 
2 5 23 2 23 24 1 6 2 4 1 
2 72 11 5 3 
2 73 14 1 2 1 
2 66 4 18 2 1 
1 85 6 1 
93 
15 66 1 6 1 1 1 1 1 
1 56 36 
1 87 5 
1 52 13 16 5 2 1 2 1 
1 75 5 9 1 2 
42 11 40 
14 34 41 2 2 
3 76 5 8 1 
5 56 32 
3 1 21 13 8 44 1 1 1 
1 12 2 15 38 14 6 5 
11 45 21 10 6 
1 12 54 10 9 3 1 2 1 
1 81 8 3 
1 10 52 10 2 3 14 1 
1 28 23 32 9 
16 72 4 1 
41 15 22 14 1 
52 16 1 19 5 
1 60 28 3 1 
2 56 16 19 
2 25 34 16 13 2 1 
1 6 19 8 53 1 1 2 2 
4 48 38 2 1 
3 5 10 20 32 6 4 11 1 1 
1 58 34 
2 12 16 45 1 7 6 1 2 1 
71 5 17 
1 18 68 5 1 
1 65 22 4 1 
1 38 3 45 6 
1 85 2 4 1 
1 28 45 9 7 1 2 
5 27 18 29 10 4 
6 53 34 
46 42 5 
81 1 3 5 3 
2 73 17 1 
6 57 7 8 5 4 1 3 1 1 
1 44 10 14 4 8 2 9 1 
1 31 14 47 
12 62 2 10 6 1 
1 36 35 9 2 10 
1 55 31 1 2 1 2 
6 43 3 40 1 
10 46 11 6 8 10 2 
1 87 4 1 
1 51 30 6 2 2 1 
1 38 35 13 6 
12 24 6 39 6 1 4 1 
1 43 12 28 6 3 
5 78 5 5 
2 46 8 3 10 13 4 3 3 1 
1 30 62 
2 72 2 1 1 8 6 1 
2 58 24 1 1 7 
1 41 44 4 2 1 
1 19 70 3 
1 58 11 11 4 7 1 
5 85 3 
1 49 12 26 1 4 
2 90 1 
43 15 19 10 5 1 
43 24 26 
5 31 30 14 11 2 
1 38 30 11 9 3 1 
1 18 64 9 1 
29 37 22 4 1 
1 50 16 4 12 10 
1 56 17 4 8 3 2 2 
1 72 12 4 4 
2 28 38 15 1 7 2 
1 91 1 
6 15 37 27 2 6 
3 11 20 5 25 27 1 1 
93 
2 89 2 
3 3 53 9 17 6 2 
2 14 5 60 11 1 
24 65 1 3 
1 18 15 3 17 10 4 12 3 9 1 
1 64 4 23 1 
2 81 5 2 3 
6 87 
2 84 6 1 
2 70 20 1 
73 8 6 3 2 1 
2 29 50 8 4 
23 13 44 5 2 6 
58 15 1 3 8 5 2 1 
2 67 8 15 1 
2 69 20 2 
15 63 11 2 2 
2 24 1 50 5 9 1 1 
85 6 2 
1 38 21 8 16 8 1 
10 52 20 5 6 
7 20 25 3 23 1 3 6 5 
2 66 9 14 1 1 
4 28 19 33 9 
1 84 8 
43 27 8 11 1 3 
2 87 4 
3 76 8 1 4 1 
1 72 17 2 1 
1 17 41 4 24 2 2 1 1 
24 34 27 3 5 
10 28 29 14 3 7 1 1 
36 11 46 
24 4 38 15 2 4 6 
1 27 25 12 9 10 8 1 
2 61 30 
10 50 23 6 2 1 1 
5 69 11 6 2 
1 84 3 1 1 1 1 1 
1 67 16 4 4 1 
3 62 8 6 14 
81 12 
6 39 25 4 5 10 1 3 
8 8 44 23 1 1 1 1 6 
6 8 47 19 4 5 4 
12 38 30 7 4 2 
1 74 17 1 
2 47 7 21 12 2 2 
2 73 7 6 5 
47 36 8 1 1 
1 67 2 15 3 1 4 
1 31 17 37 7 
32 39 21 1 
6 66 9 10 1 1 
1 27 30 28 7 
2 54 5 13 19 
1 12 74 6 
27 60 5 1 
44 28 14 5 2 
1 18 21 2 43 1 1 3 2 1 
1 53 1 14 7 2 15 
2 18 5 61 3 3 1 
1 49 2 2 12 14 11 1 1 
4 68 20 1 
1 92 
6 61 22 2 2 
2 61 20 9 1 
1 10 51 8 4 4 12 1 2 
67 21 3 1 1 
20 40 32 1 
1 12 61 4 3 1 9 1 1 
3 79 11 
32 31 2 16 2 9 1 
1 67 16 7 2 
1 12 43 33 2 1 1 
2 51 38 1 1 
3 15 45 8 4 7 3 3 4 1 
13 39 41 
2 73 5 12 1 
2 40 39 1 8 1 2 
9 81 3 
12 37 19 19 3 2 1 
10 48 12 1 10 2 10 
1 76 16 
2 52 8 22 9 
8 40 14 21 2 6 2 
2 32 57 2 
2 30 24 34 2 1 
2 46 4 4 29 4 3 1 
8 64 11 6 2 2 
1 15 73 4 
54 26 1 10 1 1 
17 66 7 3 
4 33 7 47 1 1 
3 67 17 3 1 2 
93 
75 2 7 3 4 1 1 
1 10 74 7 1 
1 53 30 7 2 
4 88 1 
56 28 9 
1 85 4 2 1 
1 37 15 15 23 2 
3 60 28 2 
11 80 2 
18 51 5 9 1 3 5 1 
47 4 42 
28 48 2 14 1 
1 71 16 2 1 1 1 
1 18 16 43 3 12 
1 10 9 36 7 16 11 3 
2 27 36 9 17 2 
3 51 4 9 19 1 1 1 4 
20 12 23 13 10 11 4 
1 11 29 24 8 16 2 2 
2 1 62 7 12 1 6 2 
31 12 42 7 1 
2 10 23 37 1 15 4 1 
4 76 13 
6 37 15 17 4 7 1 2 1 3 
22 9 50 2 8 2 
13 21 25 7 10 9 4 4 
10 55 10 4 4 6 3 1 
3 11 12 62 5 
40 9 8 8 5 4 3 10 3 3 
15 12 12 32 12 4 5 1 
86 4 1 1 1 
1 24 30 3 26 7 2 
2 63 20 2 2 2 2 
7 75 5 6 
1 54 14 18 2 3 1 
18 47 20 1 5 1 1 
2 29 28 27 3 1 1 2 
8 65 5 15 
1 84 6 1 1 
1 67 21 2 2 
19 58 3 1 10 1 1 
1 29 47 15 1 
7 62 6 17 1 
42 35 1 13 2 
1 11 53 16 8 4 
84 1 1 3 3 1 
78 11 4 
1 85 6 1 
29 9 34 21 
15 47 22 3 5 1 
5 7 5 71 5 
6 13 25 9 8 1 9 16 4 1 1 
4 66 7 11 1 4 
2 41 45 2 1 2 
4 85 1 2 1 
5 29 19 15 11 14 
83 5 3 1 1 
1 60 10 1 9 1 1 8 1 1 
2 66 14 6 1 4 
1 72 12 4 4 
3 43 2 44 1 
24 63 1 2 3 
2 7 26 32 15 10 1 
4 20 16 17 2 7 24 2 1 
26 10 9 34 12 2 
1 33 33 4 22 
1 62 26 1 1 2 
19 40 25 9 
1 20 29 25 7 11 
1 83 1 2 4 2 
4 33 45 1 4 3 3 
2 19 54 2 9 2 5 
12 33 35 6 6 1 
2 55 33 1 2 
2 68 15 4 4 
1 25 15 11 10 12 13 6 
7 72 1 6 7 
2 35 31 24 1 
1 62 21 1 7 1 
1 60 32 
1 90 2 
1 16 76 
2 81 7 1 2 
1 64 22 1 5 
7 12 19 19 30 4 2 
2 67 6 7 4 7 
1 41 51 
1 73 6 6 3 3 1 
1 48 43 1 
1 52 28 5 7 
1 15 64 4 3 4 2 
2 70 11 8 2 
1 12 67 3 3 1 1 1 1 1 1 1 
19 71 3 
4 71 3 14 1 
6 30 49 7 1 
1 59 29 4 
2 75 6 10 
1 60 32 
27 63 3 
2 90 1 
10 32 50 1 
8 84 1 
92 1 
6 46 31 10 
77 11 1 4 
1 19 67 4 1 1 
30 52 3 2 2 4 
14 50 8 14 7 
1 29 22 2 39 
3 48 7 22 2 10 1 
3 66 18 1 3 1 1 
1 78 2 7 1 2 1 1 
42 4 33 12 2 
32 33 8 11 4 3 2 
2 18 2 26 44 1 
1 34 44 2 8 1 2 1 
1 30 55 5 2 
33 27 33 
1 50 21 19 2 
9 50 12 9 12 1 
1 89 3 
1 30 18 4 37 3 
2 45 1 29 4 3 5 4 
3 76 9 4 1 
1 43 29 17 2 1 
1 6 17 68 1 
3 86 4 
1 71 21 
8 47 19 12 1 6 
1 37 47 4 3 1 
1 36 23 33 
54 20 5 14 
1 80 12 
2 56 15 5 11 4 
17 21 34 11 3 1 1 1 2 2 
93 
77 13 3 
1 1 27 14 37 13 
1 18 10 19 17 13 13 1 1 
1 7 18 19 30 13 4 1 
1 20 47 25 
2 40 27 7 13 3 1 
3 55 33 1 1 
2 83 4 3 1 
3 53 17 5 9 5 1 
1 30 29 12 11 8 1 1 
30 18 10 13 8 12 2 
2 69 8 3 4 5 2 
1 75 7 9 1 
1 15 50 14 10 1 2 
5 32 34 21 1 
3 56 2 13 19 
3 66 14 8 1 1 
19 71 2 1 
19 10 38 18 5 3 
1 4 82 6 
88 5 
1 26 5 22 20 13 1 3 2 
4 58 31 
2 49 35 7 
2 74 5 2 7 2 1 
1 55 2 14 10 9 2 
2 90 1 
1 77 6 7 2 
21 41 4 5 11 4 7 
2 55 32 3 1 
86 2 2 3 
40 35 3 9 6 
2 42 7 10 1 14 1 16 
1 56 13 15 8 
5 20 68 
3 11 25 32 6 12 4 
1 50 16 23 3 
1 60 18 5 7 1 1 
92 1 
8 64 2 14 2 2 1 
1 48 5 33 6 
13 49 5 19 7 
47 5 38 2 1 
3 79 9 1 1 
1 18 27 6 11 10 1 6 4 5 1 1 1 1 
2 91 
5 80 4 3 1 
1 85 6 1 
3 78 10 2 
1 1 74 6 5 4 1 1 
1 27 64 1 
1 38 30 21 1 2 
5 55 27 2 4 
1 78 14 
1 88 2 1 1 
7 58 28 
1 56 24 9 1 1 1 
12 46 1 16 8 10 
2 54 6 24 7 
43 49 1 
2 89 1 1 
1 5 49 24 13 1 
2 70 3 4 3 7 1 3 
12 12 32 7 6 24 
10 74 7 2 
1 63 22 1 4 1 1 
1 43 47 1 1 
91 2 
1 92 
2 48 15 5 2 11 3 5 2 
1 45 46 1 
7 69 3 14 
1 51 23 15 1 1 1 
2 9 3 78 1 
1 92 
1 16 22 24 21 3 5 1 
1 19 52 1 4 11 2 3 
3 80 10 
1 44 33 8 7 
41 42 10 
1 24 57 10 1 
2 33 23 25 6 3 1 
6 42 45 
9 71 10 1 1 1 
3 33 15 33 8 1 
3 77 6 1 3 3 
1 67 4 21 
18 56 10 3 5 1 
1 38 14 1 34 1 3 1 
93 
1 61 17 2 8 1 2 1 
1 85 3 3 1 
36 24 1 24 4 2 1 1 
1 68 22 2 
1 87 5 
2 47 22 15 4 1 1 1 
5 46 6 21 8 6 1 
2 85 3 2 1 
1 41 26 10 4 8 1 2 
1 69 23 
1 58 33 1 
66 23 3 1 
1 79 11 1 1 
51 33 8 1 
2 51 35 1 2 2 
1 51 19 10 4 6 2 
3 71 2 4 13 
4 7 4 35 32 11 
1 9 6 25 40 6 3 2 1 
44 7 35 1 1 5 
58 25 7 1 1 1 
1 53 25 5 4 4 1 
81 11 1 
1 60 1 8 2 11 2 5 2 1 
1 35 50 7 
1 43 40 5 4 
26 54 5 4 4 
32 21 35 4 1 
2 5 45 15 23 2 1 
7 51 14 9 2 4 5 1 
79 7 2 3 1 1 
1 69 22 1 
2 90 1 
91 2 
21 10 52 5 3 1 1 
35 6 34 8 8 1 1 
91 2 
2 15 54 8 2 10 2 
2 54 9 3 24 1 
9 10 38 31 2 1 1 1 
1 83 2 6 1 
1 15 38 17 13 1 7 1 
3 14 23 43 6 4 
3 82 2 2 2 2 
1 20 23 47 1 1 
6 62 16 3 2 3 1 
28 25 22 13 4 1 
3 81 3 1 5 
2 22 58 2 8 1 
7 59 12 13 1 1 
93 
13 18 60 1 1 
18 6 37 15 6 5 3 2 1 
93 
2 44 7 33 1 5 1 
9 63 14 6 1 
3 29 58 1 1 1 
92 1 
2 88 3 
16 77 
1 88 4 
10 36 6 1 7 10 3 4 11 4 1 
5 21 58 9 
3 34 43 3 7 2 1 
1 91 1 
1 44 34 7 4 2 1 
1 62 12 4 9 2 2 1 
4 51 38 
6 48 26 6 5 1 1 
38 31 24 
2 31 8 30 6 2 2 3 9 
10 7 6 24 22 4 1 9 6 1 3 
1 29 10 48 2 1 1 1 
1 5 73 6 2 5 1 
3 67 13 1 6 1 1 1 
8 9 25 35 5 1 10 
8 82 3 
2 45 2 27 7 1 2 1 6 
73 7 8 4 1 
1 76 16 
2 21 19 41 8 1 1 
2 72 10 9 
13 44 12 8 13 2 1 
2 69 19 3 
1 73 8 1 4 5 1 
10 30 51 2 
3 2 6 78 4 
2 50 3 19 5 1 4 4 3 1 1 
7 2 55 1 11 10 6 1 
49 6 4 10 7 2 7 2 3 2 1 
11 31 30 12 1 2 1 1 4 
5 46 6 17 14 5 
2 14 3 50 24 
1 31 60 1 
6 87 
1 63 4 2 6 2 2 6 7 
17 51 1 21 3 
1 22 56 11 3 
1 42 50 
1 24 61 2 1 3 1 
1 84 7 1 
3 51 27 7 2 3 
32 28 13 18 2 
1 24 21 18 15 6 1 4 1 2 
1 10 6 50 1 24 1 
1 6 15 20 4 34 3 5 4 1 
1 64 3 2 23 
54 17 22 
2 9 7 27 13 27 6 2 
2 56 5 30 
40 14 33 1 5 
4 80 3 5 1 
2 78 8 5 
1 53 1 32 5 1 
1 87 3 1 1 
1 72 18 1 1 
6 56 20 8 2 1 
1 91 1 
4 86 3 
4 26 2 11 33 5 7 1 1 1 2 
1 83 9 
52 40 1 
4 70 12 6 1 
1 27 43 7 11 3 1 
9 27 31 2 9 3 5 7 
12 47 4 1 20 3 6 
4 26 12 7 20 16 4 2 1 1 
22 11 18 31 10 1 
32 24 24 1 7 5 
34 32 3 22 2 
21 64 8 
28 45 9 8 3 
7 85 1 
21 67 1 4 
13 7 35 1 10 2 3 13 4 4 1 
3 42 4 19 23 1 1 
2 74 3 13 1 
93 
1 86 6 
2 66 14 5 6 
3 23 66 1 
39 44 8 1 1 
7 68 18 
1 40 4 25 21 1 1 
1 21 57 7 3 1 2 1 
1 48 44 
87 2 1 1 2 
2 49 28 4 2 1 2 3 2 
93 
93 
4 1 29 20 25 2 5 3 3 1 
33 54 4 2 
14 9 35 20 15 
1 22 8 16 32 8 1 4 1 
4 75 6 3 5 
1 86 2 2 1 1 
3 1 75 7 4 3 
1 75 13 3 1 
1 35 57 
13 1 47 23 9 
6 45 32 5 4 1 
2 54 33 1 2 1 
1 16 2 46 17 6 1 1 3 
2 8 74 2 4 2 1 
2 86 2 1 1 1 
8 21 11 5 39 2 4 2 1 
2 16 17 19 9 17 13 
5 9 4 43 3 1 1 16 4 1 2 4 
55 38 
1 39 50 2 1 
1 4 79 6 1 2 
1 23 51 15 3 
4 30 59 
1 21 70 1 
3 59 21 1 8 1 
4 42 42 1 2 2 
27 54 7 3 1 1 
65 22 6 
20 28 7 5 5 13 6 3 1 2 1 1 1 
86 1 1 4 1 
1 30 2 33 1 7 4 2 5 5 3 
85 4 1 3 
92 1 
1 55 18 13 5 1 
2 86 5 
37 51 4 1 
1 40 4 26 13 4 1 2 1 1 
10 55 28 
1 32 60 
1 79 9 2 1 1 
1 8 16 28 5 25 10 
46 34 6 3 4 
1 56 36 
1 39 30 5 4 1 7 6 
32 29 26 6 
27 33 31 2 
45 40 7 1 
19 36 25 11 2 
1 25 25 4 6 7 20 1 2 2 
2 17 19 36 8 1 10 
1 53 1 24 10 3 1 
2 42 12 25 2 5 3 2 
1 83 4 1 1 2 1 
8 80 2 2 1 
5 9 64 8 5 2 
1 30 22 40 
7 52 12 16 6 
5 63 19 6 
1 32 38 21 1 
2 79 11 1 
11 1 57 23 1 
5 11 77 
9 83 1 
42 29 11 6 5 
4 48 25 6 4 1 1 2 2 
5 33 23 18 12 1 1 
1 29 63 
4 9 63 2 12 2 1 
3 54 8 12 11 1 2 1 1 
1 67 23 1 1 
1 66 11 8 7 
2 79 12 
11 10 44 3 22 1 2 
1 90 2 
1 8 68 9 5 1 1 
6 12 65 2 7 1 
18 37 19 14 4 1 
1 79 5 5 2 1 
15 20 38 17 3 
1 87 3 1 1 
1 19 73 
8 23 35 7 7 10 2 1 
2 46 36 7 1 1 
2 5 20 53 7 5 1 
13 63 6 11 
1 31 32 23 3 3 
1 62 30 
22 35 4 12 9 2 6 2 1 
1 6 76 4 6 
1 44 48 
1 71 6 2 2 11 
6 14 5 50 6 12 
11 41 26 2 5 5 3 
1 77 15 
1 16 38 8 24 1 2 3 
3 12 37 41 
3 86 3 1 
2 91 
2 26 36 19 2 6 2 
1 7 59 13 7 4 1 1 
1 13 79 
1 87 3 1 1 
1 71 20 1 
29 60 4 
18 17 17 15 9 7 2 6 1 1 
1 72 20 
5 51 30 1 3 3 
1 85 1 6 
1 27 40 7 1 10 4 2 1 
4 65 24 
9 28 40 6 5 2 2 1 
7 63 11 4 7 1 
1 26 61 1 1 3 
1 29 8 44 9 2 
1 34 23 31 2 2 
2 86 3 1 1 
1 14 50 19 2 7 
36 21 1 17 8 4 6 
1 64 28 
1 18 61 8 5 
9 42 38 3 1 
83 6 2 1 1 
2 43 3 27 14 1 3 
1 16 65 9 1 1 
91 2 
2 79 2 4 5 1 
5 21 19 34 7 3 2 1 1 
93 
28 25 24 5 8 3 
3 47 2 27 10 4 
4 55 5 19 5 2 2 1 
1 42 10 29 10 1 
1 6 59 5 11 4 7 
17 13 8 39 7 4 5 
1 3 51 37 1 
1 1 44 47 
7 20 23 6 21 10 6 
1 22 55 3 6 5 1 
36 50 1 5 1 
1 76 16 
1 24 60 3 1 2 2 
13 25 30 25 
3 11 11 47 3 6 2 7 3 
8 80 1 2 2 
1 54 5 10 1 20 2 
2 40 44 7 
1 46 22 5 18 1 
11 63 15 4 
28 53 3 6 2 1 
5 37 39 3 2 1 3 3 
2 3 56 9 4 9 1 4 1 2 1 1 
1 58 33 1 
1 71 20 1 
5 51 37 
1 77 6 2 1 2 3 1 
2 64 27 
1 61 30 1 
54 31 2 2 3 1 
2 45 8 35 2 1 
11 33 10 11 11 12 1 4 
4 76 5 3 5 
1 80 7 5 
2 42 48 1 
53 27 3 7 1 2 
3 10 15 45 19 1 
1 90 2 
4 21 25 29 8 1 3 1 1 
83 9 1 
31 47 7 4 3 1 
92 1 
28 30 11 6 16 2 
1 37 24 14 17 
2 2 71 15 1 2 
1 34 54 3 1 
79 2 7 3 1 1 
1 61 14 15 2 
2 39 47 3 2 
93 
1 38 28 5 13 7 1 
20 25 13 12 4 2 13 4 
3 5 19 24 4 16 5 2 9 4 2 
11 31 28 11 1 2 9 
3 32 56 2 
4 76 13 
1 48 13 2 1 9 2 8 6 1 1 1 
13 42 7 30 1 
16 17 4 49 3 3 1 
24 39 30 
1 23 4 15 8 15 10 14 3 
1 32 7 42 3 2 5 1 
23 52 11 7 
1 49 30 12 1 
3 52 14 14 7 3 
3 7 80 1 2 
1 85 3 4 
88 2 1 2 
1 82 3 6 1 
1 29 51 9 3 
30 50 12 1 
1 27 65 
1 38 40 6 3 5 
1 17 35 22 8 6 3 1 
42 10 33 1 7 
3 39 49 2 
1 5 67 12 6 2 
67 23 3 
1 75 17 
2 16 67 6 2 
22 33 8 11 12 3 4 
71 3 2 7 5 4 1 
17 45 30 1 
57 28 6 2 
3 73 3 12 1 1 
3 49 28 8 5 
3 26 7 23 24 9 1 
2 8 76 5 1 1 
72 13 5 2 1 
7 41 1 25 6 11 1 1 
6 22 12 50 2 1 
1 32 43 13 2 1 1 
12 57 23 1 
1 34 39 5 4 10 
2 91 
2 70 8 5 2 2 4 
1 3 17 3 49 7 11 2 
1 11 9 23 17 10 6 5 10 1 
11 51 30 1 
5 40 46 1 1 
1 78 10 4 
82 7 4 
80 3 4 3 1 1 1 
43 36 13 1 
1 11 25 53 3 
2 68 14 6 2 1 
6 35 7 2 8 1 14 2 7 5 2 3 1 
92 1 
1 10 81 1 
1 42 48 2 
9 82 2 
1 84 4 1 1 2 
2 85 5 1 
9 72 1 3 6 2 
1 67 24 1 
9 51 14 7 11 1 
1 53 39 
1 84 7 1 
4 19 28 34 6 2 
1 42 45 3 2 
9 76 7 1 
1 14 39 34 5 
19 36 28 2 3 1 1 3 
1 54 25 6 7 
1 11 37 36 7 1 
2 4 3 8 64 6 2 3 1 
73 20 
2 56 21 3 8 1 1 1 
1 8 80 3 1 
1 12 77 3 
6 27 59 1 
1 25 50 11 5 1 
2 82 9 
92 1 
1 72 2 1 12 5 
4 47 29 4 4 4 1 
1 75 2 4 1 7 3 
2 55 11 21 2 1 1 
62 30 1 
8 40 21 16 3 1 2 1 1 
3 75 14 1 
15 13 40 2 3 10 10 
1 38 54 
6 67 16 1 1 2 
9 9 40 5 23 2 3 2 
36 33 24 
1 88 4 
1 21 70 1 
2 40 11 14 19 4 3 
2 26 31 17 11 3 3 
6 30 41 4 1 2 9 
74 6 4 9 
1 29 57 2 3 1 
13 27 41 8 3 1 
1 91 1 
4 34 53 1 1 
1 8 50 24 5 3 2 
18 50 24 1 
3 88 2 
3 19 11 11 28 1 3 7 2 2 6 
6 81 1 2 2 1 
2 59 13 13 6 
6 36 48 2 1 
1 82 9 1 
9 32 9 1 27 12 2 1 
2 44 36 6 3 1 1 
79 11 3 
22 11 5 17 6 7 8 14 3 
1 6 10 17 15 3 8 18 1 8 5 1 
1 89 3 
5 42 36 10 
1 4 73 6 4 1 2 1 1 
2 51 21 4 15 
1 17 58 16 1 
20 52 16 1 1 2 1 
32 1 15 21 21 1 1 1 
56 31 4 1 1 
1 70 7 12 2 1 
1 91 1 
1 81 11 
9 1 3 6 11 54 3 5 1 
2 32 15 19 22 1 2 
8 54 29 2 
9 23 37 16 1 4 3 
1 37 4 1 22 20 4 2 2 
86 1 2 3 1 
1 1 50 13 20 2 2 4 
1 50 33 5 2 1 1 
4 41 35 5 6 1 1 
1 24 58 3 3 3 1 
74 1 3 13 2 
11 20 14 39 5 3 1 
3 44 13 16 6 6 3 2 
13 21 53 5 1 
1 83 3 1 4 1 
1 59 31 2 
5 52 14 2 1 19 
1 18 16 14 22 1 19 2 
5 1 43 35 7 1 1 
4 44 45 
4 63 17 6 1 2 
14 61 17 1 
3 66 15 8 1 
2 89 1 1 
1 89 3 
2 3 84 3 1 
62 26 5 
10 15 44 23 1 
2 12 62 15 2 
1 59 12 7 4 3 5 1 1 
1 17 36 32 6 1 
4 56 6 2 4 3 15 2 1 
12 39 42 
3 89 1 
4 32 32 22 3 
2 75 10 6 
1 67 24 1 
2 58 6 5 4 1 17 
2 34 57 
3 8 7 6 6 14 15 2 9 2 10 4 5 1 1 
2 22 35 31 2 1 
1 61 10 11 10 
2 11 46 5 10 17 1 1 
1 90 1 1 
6 77 6 3 1 
3 32 57 1 
1 68 1 5 15 1 1 1 
11 82 
74 10 7 2 
19 41 8 3 7 9 1 1 3 1 
1 69 16 5 1 1 
2 86 5 
1 22 69 1 
1 91 1 
2 83 8 
15 42 11 2 16 3 2 1 1 
1 12 19 22 33 5 1 
1 73 14 4 1 
1 14 50 4 7 1 16 
1 18 58 12 3 1 
3 35 3 5 41 1 4 1 
5 86 2 
1 84 5 2 1 
33 48 4 4 1 1 2 
13 4 8 34 5 9 16 1 3 
92 1 
69 7 7 2 2 4 1 1 
3 47 32 4 4 1 2 
87 6 
1 32 20 23 4 6 5 1 1 
8 56 3 6 18 1 1 
1 10 48 3 10 15 3 1 2 
5 18 60 5 5 
25 13 54 1 
1 52 40 
16 13 17 4 30 3 6 3 1 
4 57 3 27 2 
70 23 
2 60 28 3 
1 13 43 11 16 1 8 
26 56 6 2 2 1 
1 9 58 2 9 3 3 3 3 2 
1 19 66 6 1 
1 41 45 6 
18 44 9 1 9 10 2 
2 75 16 
1 21 10 50 9 2 
1 61 25 2 3 1 
93 
2 47 3 14 20 7 
6 9 37 38 3 
1 91 1 
12 44 34 3 
1 75 17 
7 34 29 19 2 1 1 
1 39 41 4 6 1 1 
32 46 13 1 1 
6 7 80 
1 31 47 4 5 2 1 1 1 
1 6 38 28 3 17 
50 7 13 20 3 
1 13 57 5 2 13 1 1 
1 39 35 11 4 1 1 1 
1 2 18 57 8 5 2 
1 68 7 10 1 4 1 1 
33 18 37 3 1 1 
1 30 14 41 2 3 1 1 
11 50 29 3 
20 12 24 6 4 4 18 1 4 
3 36 27 5 21 1 
1 45 4 23 13 7 
2 64 6 6 13 2 
6 72 14 1 
2 44 35 2 1 1 3 5 
2 55 2 26 2 1 4 1 
1 44 24 8 6 9 1 
14 40 39 
2 75 11 1 4 
21 31 15 24 1 1 
7 73 3 7 2 1 
51 37 2 2 1 
2 26 65 
8 45 23 6 11 
20 28 20 15 9 1 
43 12 23 1 4 1 4 1 2 1 1 
2 27 43 13 4 2 2 
7 55 3 18 7 3 
1 3 30 27 32 
1 46 11 34 1 
5 50 3 11 4 19 1 
1 74 18 
32 54 5 2 
2 63 28 
1 3 80 9 
1 82 4 4 2 
1 13 21 1 49 3 5 
2 31 23 20 17 
3 88 1 1 
1 57 11 23 1 
2 82 4 5 
3 30 50 8 2 
1 74 18 
2 17 8 9 36 4 3 8 6 
1 45 27 5 4 6 5 
1 35 34 13 10 
1 22 65 2 2 1 
3 54 29 6 1 
1 55 34 3 
1 77 15 
1 87 1 3 1 
3 36 3 16 9 8 8 4 5 1 
1 80 4 6 2 
1 65 9 7 11 
2 32 57 1 1 
89 1 2 1 
2 29 44 8 6 3 1 
5 84 4 
7 36 48 1 1 
93 
1 11 51 21 2 6 1 
1 17 2 48 19 5 1 
1 17 46 15 3 10 1 
2 29 7 36 3 5 10 1 
45 5 34 4 4 1 
1 74 18 
93 
55 13 9 1 8 4 2 1 
1 48 39 3 2 
38 42 12 1 
14 31 22 14 8 2 2 
1 72 7 6 1 2 1 3 
23 30 16 20 2 1 1 
93 
3 67 23 
1 31 59 2 
1 72 18 1 1 
1 83 9 
1 64 4 23 1 
1 51 29 2 9 1 
1 25 61 5 1 
2 74 17 
79 3 8 1 2 
2 2 5 83 1 
1 36 24 24 5 1 2 
29 8 3 10 17 8 6 6 5 1 
1 61 30 1 
2 20 41 21 9 
1 65 25 1 1 
1 70 11 11 
3 81 1 4 2 2 
6 7 39 32 6 3 
1 90 1 1 
2 60 31 
92 1 
25 60 8 
1 62 30 
1 87 3 1 1 
1 40 50 2 
2 57 25 4 1 2 2 
1 6 44 28 5 4 4 1 
1 4 50 35 3 
1 2 2 83 5 
23 57 9 3 1 
1 17 9 21 32 8 2 1 1 1 
2 22 55 8 4 2 
78 8 5 2 
1 91 1 
14 49 18 10 1 1 
87 3 2 1 
2 15 41 25 3 5 2 
2 46 12 28 2 3 
1 58 23 2 1 2 2 4 
8 66 1 5 6 7 
1 70 2 17 1 1 1 
1 2 20 27 37 3 1 2 
3 27 15 25 23 
1 57 24 10 1 
1 80 11 1 
11 76 4 1 1 
5 35 12 23 6 3 4 5 
7 79 4 2 1 
1 26 4 5 7 27 11 1 3 7 1 
15 67 7 3 1 
85 1 4 3 
7 76 9 1 
3 32 42 16 
1 38 13 40 1 
1 5 17 25 43 2 
27 15 3 29 13 4 1 1 
2 34 57 
3 51 37 1 1 
2 21 32 8 9 3 8 3 2 5 
3 61 12 1 3 12 1 
2 39 4 8 6 20 12 2 
1 30 50 2 3 3 4 
3 36 46 4 3 1 
81 8 2 2 
1 1 39 9 22 9 10 1 1 
22 51 2 13 5 
17 9 49 15 3 
1 55 37 
1 15 31 32 14 
39 7 37 1 1 3 1 4 
8 71 8 1 3 1 1 
2 88 1 1 1 
1 71 21 
13 78 1 1 
3 21 20 21 6 10 12 
1 2 24 64 2 
1 83 9 
9 68 12 4 
43 20 29 1 
1 86 3 1 2 
1 55 29 5 3 
6 64 9 12 1 1 
2 2 45 14 23 4 2 1 
5 67 1 12 4 2 1 1 
7 4 3 15 41 1 8 5 3 5 1 
3 44 8 10 21 2 3 2 
1 27 12 53 
2 2 31 57 1 
7 31 21 19 15 
1 88 4 
2 64 17 9 1 
2 73 2 12 2 1 1 
47 13 9 24 
1 82 1 7 2 
1 36 20 2 12 7 2 1 4 7 1 
1 9 21 11 26 18 4 1 2 
6 11 76 
1 53 16 18 5 
2 89 2 
5 57 8 6 4 6 7 
5 75 3 9 1 
1 62 25 2 2 1 
5 9 30 42 1 4 2 
2 28 7 35 3 5 10 1 1 1 
25 52 12 1 2 1 
2 9 3 9 36 19 7 2 2 1 1 1 1 
1 70 21 1 
93 
18 72 3 
1 79 11 1 1 
55 35 3 
1 5 14 6 32 32 1 1 1 
2 57 16 6 3 4 2 2 1 
3 71 1 1 11 3 2 1 
3 45 45 
4 46 41 1 1 
1 73 16 2 1 
2 61 18 8 2 2 
1 70 7 12 3 
3 67 18 2 1 2 
35 51 7 
1 90 1 1 
2 21 60 2 8 
8 74 7 1 1 1 1 
1 46 9 17 3 8 9 
3 84 2 4 
