6 17 67 3 1 
3 21 38 18 9 5 
84 3 6 1 
1 13 13 55 2 1 7 1 1 
2 57 3 32 
2 91 1 
75 4 15 
1 84 7 2 
2 58 19 11 3 1 
22 14 28 10 3 4 11 1 1 
1 30 45 5 6 6 1 
1 41 52 
1 30 8 23 18 9 5 
9 26 49 9 1 
4 59 27 1 1 2 
1 72 21 
1 17 23 16 1 12 1 22 1 
1 41 35 7 1 2 5 2 
1 6 79 2 5 1 
71 17 5 1 
8 82 2 2 
5 80 3 4 1 1 
1 30 1 54 6 1 1 
49 1 39 1 1 3 
1 85 1 7 
17 26 26 25 
1 29 8 7 47 1 1 
2 34 21 4 20 2 10 1 
1 77 16 
4 73 17 
9 82 2 1 
1 38 41 2 2 8 2 
1 68 19 3 1 2 
7 69 14 4 
1 56 9 19 7 2 
3 58 5 19 7 2 
2 60 7 16 7 2 
2 51 32 2 2 4 1 
12 33 3 6 38 2 
12 51 28 3 
41 35 3 12 1 2 
1 91 1 1 
1 40 52 1 
1 17 76 
2 12 16 20 21 22 1 
7 69 10 8 
2 12 42 7 4 11 7 3 4 2 
6 76 12 
1 63 10 3 15 1 1 
1 8 50 10 13 3 1 1 6 1 
2 29 11 19 8 24 1 
2 16 27 48 1 
3 3 41 4 23 16 4 
14 46 29 1 3 1 
1 27 29 9 26 2 
4 48 36 4 1 1 
1 31 26 32 4 
94 
1 61 32 
3 68 17 1 3 2 
7 25 54 4 4 
38 33 10 6 1 2 2 2 
10 2 39 14 13 16 
1 68 4 20 1 
1 9 56 9 7 2 6 3 1 
1 48 3 15 1 24 2 
3 67 14 7 1 2 
3 58 22 1 8 2 
71 18 4 1 
50 20 17 1 4 1 1 
2 56 6 16 8 4 1 1 
8 19 67 
4 70 4 12 2 2 
57 26 10 1 
1 2 5 36 13 10 2 24 1 
25 3 36 7 12 7 1 3 
16 30 34 6 1 4 3 
1 87 4 2 
1 63 16 10 2 1 1 
87 1 4 1 1 
4 66 24 
1 41 14 24 9 1 4 
3 47 43 1 
3 63 8 16 2 1 1 
2 26 33 32 1 
7 54 33 
69 11 14 
1 90 3 
3 42 32 11 4 2 
1 26 36 4 14 2 5 1 5 
1 60 7 2 11 7 5 1 
1 13 80 
7 81 4 1 1 
3 58 1 26 6 
5 53 9 20 7 
5 82 7 
3 51 32 5 2 1 
1 78 15 
26 38 27 3 
1 27 35 21 1 3 1 3 2 
1 58 8 7 2 8 4 3 3 
2 71 3 16 2 
21 29 24 3 2 10 3 2 
24 59 2 7 2 
1 84 9 
1 41 5 14 5 25 3 
61 2 10 11 6 2 1 1 
55 28 3 2 5 1 
3 47 25 10 9 
2 1 79 8 2 2 
1 60 31 2 
2 76 13 3 
3 4 11 31 31 12 2 
5 15 52 4 2 5 5 4 2 
2 26 13 19 20 12 2 
1 20 72 1 
1 53 21 9 1 5 1 3 
1 48 18 27 
1 53 39 1 
1 23 31 26 11 2 
1 26 21 2 40 1 3 
5 5 83 1 
1 48 31 13 1 
4 28 47 13 2 
2 3 37 18 25 2 7 
3 42 10 30 7 1 1 
1 71 17 3 2 
1 66 6 18 3 
1 57 16 10 1 1 2 1 1 4 
7 33 40 9 1 1 3 
3 44 42 4 1 
9 40 23 20 1 1 
1 88 5 
1 27 15 3 23 3 15 5 2 
3 81 8 1 1 
14 37 29 11 1 1 1 
56 9 3 1 23 2 
2 28 23 29 1 3 5 1 1 1 
1 72 1 13 1 5 1 
85 4 4 1 
1 89 3 1 
1 16 40 21 6 1 1 6 1 1 
1 75 5 7 2 3 1 
3 72 11 1 3 3 1 
1 14 48 3 14 9 5 
9 43 15 11 4 5 7 
12 59 23 
1 53 3 4 22 10 1 
3 68 1 8 12 1 1 
3 22 26 3 29 10 1 
1 14 74 2 3 
15 51 28 
2 33 25 13 9 3 5 3 1 
1 68 12 13 
2 72 7 11 2 
2 49 3 31 3 5 1 
11 83 
5 17 13 36 21 2 
1 77 9 6 1 
4 82 1 7 
1 7 77 7 1 1 
1 90 1 2 
2 60 11 14 7 
1 10 58 1 5 15 4 
2 85 7 
1 73 11 2 7 
3 46 39 3 1 1 1 
1 46 43 4 
1 51 39 2 1 
1 70 9 2 4 5 2 1 
1 41 19 25 8 
5 84 2 2 1 
4 70 20 
1 23 32 10 23 2 1 1 1 
66 27 1 
1 68 23 2 
26 25 30 9 1 1 1 1 
21 41 12 14 6 
2 7 73 8 1 1 2 
17 22 17 15 15 4 1 2 1 
8 39 18 21 2 5 1 
2 50 18 7 7 3 4 2 1 
4 86 1 1 1 1 
1 58 21 5 8 1 
93 1 
1 70 8 9 2 4 
1 63 9 21 
3 6 22 11 12 1 1 23 11 1 2 1 
3 54 34 1 1 1 
5 63 22 2 2 
10 60 21 1 2 
2 52 31 3 4 1 1 
2 13 68 9 2 
5 86 1 2 
6 20 23 10 30 4 1 
1 52 16 17 8 
4 4 79 7 
4 51 30 1 2 5 1 
13 69 12 
1 43 25 1 23 1 
2 2 40 45 5 
15 34 15 10 5 13 1 1 
1 10 79 3 1 
1 9 45 15 4 5 13 1 1 
10 73 6 3 1 1 
5 44 29 15 1 
3 12 63 14 2 
1 14 76 2 1 
6 40 7 13 7 9 1 3 1 7 
61 27 3 2 1 
1 24 30 4 22 2 2 7 2 
91 3 
1 20 1 63 8 1 
31 58 1 2 2 
26 48 9 11 
1 83 7 1 1 1 
1 19 34 25 11 3 1 
3 57 34 
1 19 38 11 17 1 5 2 
12 63 19 
13 9 18 26 28 
2 63 27 1 1 
2 32 38 22 
3 68 2 12 4 5 
89 4 1 
5 17 72 
1 85 8 
1 21 69 2 1 
2 89 3 
2 44 6 25 15 1 1 
57 10 3 14 9 1 
42 23 2 3 17 6 1 
2 42 3 36 2 8 1 
2 57 9 17 4 1 1 3 
2 67 1 19 5 
17 77 
2 66 7 18 1 
9 61 15 8 1 
13 47 20 7 4 3 
1 89 4 
1 78 11 2 1 1 
13 56 1 16 7 1 
1 22 38 8 17 2 3 2 1 
1 1 68 20 4 
5 14 19 17 14 13 6 4 2 
85 9 
1 10 76 1 4 2 
1 33 13 22 4 14 6 1 
9 62 13 4 5 1 
1 1 66 16 3 1 1 5 
1 35 6 47 1 1 2 1 
3 5 72 9 5 
21 70 2 1 
91 2 1 
1 47 2 38 4 1 1 
7 7 15 58 7 
3 53 2 13 15 5 3 
17 74 2 1 
1 31 19 9 31 3 
5 44 15 4 3 17 4 2 
8 69 1 3 9 1 3 
1 69 3 7 3 1 6 2 1 1 
10 51 11 4 1 6 2 2 4 1 2 
38 56 
21 54 18 1 
19 1 60 10 2 2 
2 46 33 12 1 
23 71 
9 78 5 1 1 
1 20 9 34 5 9 2 2 4 3 5 
1 75 18 
1 14 48 9 18 4 
2 56 15 18 3 
1 75 5 2 11 
3 68 4 9 1 6 3 
3 31 59 1 
2 21 46 25 
1 76 6 1 5 3 2 
1 72 4 10 6 1 
5 39 46 2 1 1 
3 51 7 21 1 10 1 
5 72 8 1 7 1 
9 56 3 23 3 
42 3 8 41 
5 57 32 
2 78 11 2 1 
1 57 2 14 17 3 
1 48 23 21 1 
1 34 33 4 22 
2 37 51 1 3 
88 3 2 1 
17 22 39 14 1 1 
5 34 48 5 1 1 
36 23 31 3 1 
3 59 31 1 
6 23 34 12 12 7 
4 52 14 6 9 7 1 1 
27 31 36 
52 4 27 4 2 1 2 1 1 
1 53 16 1 15 2 6 
33 21 25 2 7 2 3 1 
93 1 
6 75 5 8 
1 33 44 8 5 2 1 
4 74 16 
1 64 3 3 12 11 
3 28 53 1 6 3 
2 83 5 3 1 
2 64 20 6 1 1 
2 3 80 2 1 3 1 1 1 
11 7 35 41 
2 54 11 6 16 4 1 
7 4 47 28 8 
4 41 49 
2 91 1 
1 46 42 1 2 1 1 
19 16 49 7 3 
6 60 18 7 3 
1 40 39 5 3 2 4 
5 44 45 
1 20 29 3 3 20 2 6 4 6 
1 70 3 14 1 3 1 1 
1 86 3 3 1 
21 55 15 2 1 
2 38 3 15 1 20 4 11 
10 82 2 
1 75 18 
1 5 23 13 45 1 6 
94 
4 57 32 1 
20 70 4 
53 39 2 
9 52 16 15 1 1 
1 74 8 11 
42 40 12 
4 20 69 1 
10 47 36 1 
1 27 49 13 2 1 1 
1 73 19 1 
1 63 12 7 5 6 
14 45 17 4 3 8 2 1 
19 70 5 
1 91 2 
53 18 11 5 5 2 
1 3 50 2 15 18 5 
1 26 1 24 18 14 9 1 
2 60 13 17 2 
56 34 3 1 
1 53 17 21 2 
1 55 14 17 6 1 
1 65 5 9 8 6 
1 56 20 2 9 6 
11 9 2 44 25 1 2 
1 45 48 
2 28 24 5 11 15 1 7 1 
37 7 44 3 3 
1 18 29 14 7 7 9 9 
1 40 29 23 1 
2 76 15 1 
44 8 32 1 9 
4 54 4 16 13 2 1 
19 62 13 
11 2 38 23 5 3 1 4 1 1 4 1 
6 12 6 5 31 24 6 2 1 1 
2 16 28 4 12 22 3 1 4 2 
5 28 35 22 4 
3 67 7 2 5 3 2 3 1 1 
1 47 7 28 4 2 5 
4 35 38 11 3 2 1 
1 9 29 26 6 20 1 1 1 
1 81 4 5 3 
3 73 18 
8 19 32 33 2 
1 81 7 3 1 1 
6 58 22 8 
3 15 8 42 13 2 8 2 1 
8 45 40 1 
1 59 1 33 
1 47 11 32 3 
1 20 5 27 23 13 2 1 2 
1 34 43 6 4 5 1 
1 55 10 3 3 3 17 2 
41 47 1 3 2 
11 23 60 
45 26 3 6 14 
7 45 9 25 1 4 3 
2 65 26 1 
1 89 4 
1 48 27 5 13 
13 15 8 5 15 28 3 5 2 
3 65 8 5 9 4 
1 73 5 13 1 1 
4 20 3 38 4 22 3 
1 5 15 50 1 5 7 6 2 2 
4 78 4 1 1 4 1 1 
2 84 5 3 
1 56 36 1 
7 15 67 3 2 
1 88 4 1 
1 20 53 13 7 
5 25 9 36 16 1 1 1 
2 39 53 
14 74 2 1 2 1 
1 51 39 1 2 
2 33 41 16 2 
1 61 32 
1 65 2 24 1 1 
3 19 43 7 8 8 1 4 1 
11 83 
1 54 37 1 1 
15 68 2 7 2 
16 15 20 21 22 
1 90 3 
14 57 3 1 18 1 
54 3 22 14 1 
1 32 10 18 2 4 7 3 12 3 1 1 
1 17 58 13 5 
1 46 31 10 6 
1 71 12 3 6 1 
4 58 14 12 3 3 
4 18 9 14 27 16 6 
21 29 3 33 1 5 1 1 
1 15 23 49 6 
1 26 53 1 7 1 4 1 
1 55 22 1 10 3 1 1 
1 49 12 26 4 1 1 
3 24 23 14 28 1 1 
2 23 4 5 7 40 13 
5 10 53 1 7 9 3 4 1 1 
28 38 21 5 2 
1 37 2 36 2 10 2 2 1 1 
4 29 30 30 1 
2 63 8 6 12 3 
3 15 43 20 5 6 2 
3 91 
4 54 34 1 1 
3 78 12 1 
2 90 2 
14 10 67 1 2 
2 89 1 2 
4 6 17 21 20 26 
1 93 
18 57 12 3 4 
7 76 3 3 1 2 2 
1 44 25 19 3 2 
1 78 4 8 1 2 
5 34 22 24 9 
3 80 8 3 
58 17 19 
2 4 42 35 4 2 3 1 1 
1 24 42 7 20 
25 48 21 
2 44 21 11 3 1 10 1 1 
37 2 40 4 2 1 6 1 1 
40 53 1 
3 65 13 4 1 8 
2 28 30 17 17 
1 44 8 12 7 12 6 4 
1 55 14 17 2 1 3 1 
10 25 10 26 18 3 2 
1 50 15 26 2 
1 84 2 3 4 
1 2 5 46 8 18 8 4 2 
3 28 62 1 
1 57 31 2 3 
1 36 57 
3 40 31 11 4 4 1 
2 59 2 11 17 1 2 
33 57 1 3 
1 32 6 35 13 3 2 2 
55 17 15 5 1 1 
1 54 16 14 2 1 6 
46 38 5 3 2 
1 84 4 5 
1 9 59 3 6 1 7 6 1 1 
1 19 37 11 16 7 2 1 
4 1 19 5 30 18 12 3 2 
1 89 3 1 
3 6 36 39 1 6 2 1 
1 23 27 41 2 
2 7 23 20 36 2 1 3 
27 25 31 7 1 3 
1 82 11 
61 32 1 
1 41 51 1 
2 64 12 15 1 
4 74 15 1 
1 33 21 26 13 
1 58 3 18 3 5 6 
35 17 2 10 11 2 9 1 1 1 2 1 2 
1 21 48 22 2 
1 55 32 3 2 1 
1 92 1 
47 21 25 1 
4 13 20 42 15 
31 49 13 1 
6 11 16 32 17 1 6 1 3 1 
9 53 28 3 1 
3 32 5 43 10 1 
1 73 11 7 2 
20 10 30 14 19 1 
2 73 19 
77 11 5 1 
3 66 8 11 1 1 4 
3 27 21 16 4 22 1 
4 75 14 1 
3 81 2 7 1 
8 37 12 16 8 11 2 
93 1 
5 82 6 1 
1 54 6 1 10 11 10 1 
3 76 2 13 
36 58 
1 3 62 6 19 3 
15 22 13 3 26 1 13 1 
1 51 39 1 1 1 
18 68 7 1 
94 
1 32 49 1 8 1 1 1 
85 4 3 2 
1 30 62 1 
4 10 27 21 18 9 2 1 1 1 
1 29 9 34 8 11 2 
3 87 4 
1 4 62 12 10 4 1 
1 76 14 2 1 
22 8 4 34 6 18 1 1 
9 49 33 1 2 
2 84 8 
2 59 18 9 1 2 2 1 
21 28 40 1 2 1 1 
52 26 14 2 
1 68 25 
1 27 62 1 3 
4 7 56 23 2 1 1 
13 73 4 2 1 1 
2 68 2 20 2 
1 56 21 16 
3 78 13 
1 79 7 1 6 
7 60 9 17 1 
21 46 2 10 12 1 1 1 
1 18 68 1 4 2 
6 56 20 4 1 6 1 
1 48 45 
10 56 15 3 10 
45 16 16 8 2 5 1 1 
1 79 12 2 
5 46 28 4 8 2 1 
3 76 8 1 4 1 1 
11 72 2 8 1 
10 56 19 6 3 
21 54 2 6 3 8 
3 36 10 31 14 
49 36 9 
1 52 41 
2 39 49 4 
1 35 55 2 1 
94 
1 79 11 1 1 1 
24 62 8 
3 6 58 11 16 
1 21 18 52 2 
1 5 51 34 2 1 
2 74 8 9 1 
1 52 11 1 10 9 6 3 1 
2 64 21 4 3 
1 84 2 2 3 2 
1 13 19 53 1 7 
51 33 5 5 
1 40 20 23 8 2 
29 13 27 6 17 2 
3 35 3 5 43 2 2 1 
1 3 7 27 20 10 17 7 2 
1 92 1 
34 1 27 9 5 7 9 2 
4 61 29 
2 87 2 2 1 
1 34 11 40 6 1 1 
1 9 42 23 9 4 5 1 
1 9 39 19 7 12 5 2 
10 21 52 4 7 
1 48 44 1 
1 30 36 27 
2 89 2 1 
18 24 43 5 4 
3 38 21 12 14 3 3 
1 39 19 10 21 1 3 
1 10 9 15 14 6 19 3 2 4 2 9 
1 79 2 9 2 1 
2 40 50 2 
1 72 4 11 3 1 1 1 
1 78 9 1 2 2 1 
1 29 35 26 1 2 
4 36 36 2 12 4 
40 47 1 4 2 
4 60 22 2 2 3 1 
3 62 7 2 1 18 1 
91 2 1 
70 19 4 1 
72 22 
1 73 18 1 1 
2 32 19 14 6 7 4 5 3 1 1 
3 40 35 4 10 1 1 
1 10 79 3 1 
1 60 24 4 5 
4 33 18 4 9 9 8 1 6 2 
83 5 6 
1 58 35 
9 11 74 
28 47 5 9 2 2 1 
1 75 15 2 1 
2 75 6 10 1 
74 8 2 4 6 
1 11 33 3 1 41 4 
29 33 8 2 22 
24 48 14 8 
1 65 15 3 5 4 1 
1 7 37 4 22 3 8 9 2 1 
1 90 1 2 
1 81 9 1 1 1 
2 89 1 1 1 
50 20 18 6 
1 67 13 4 9 
2 58 33 1 
80 11 2 1 
1 54 11 19 6 2 1 
1 66 1 19 4 2 1 
1 91 1 1 
3 34 7 42 1 2 2 3 
2 83 3 5 1 
1 48 25 19 1 
10 31 22 30 1 
7 42 38 4 3 
62 26 5 1 
1 1 56 12 12 9 3 
4 39 50 1 
72 21 1 
1 77 6 3 6 1 
1 81 2 7 3 
2 55 9 13 6 4 4 1 
12 52 1 28 1 
3 57 34 
1 58 29 3 2 1 
1 43 12 10 16 3 9 
2 5 17 28 29 7 6 
1 50 19 9 11 3 1 
14 39 13 11 3 13 1 
1 37 39 13 1 3 
1 71 13 1 8 
1 92 1 
2 28 60 2 2 
1 4 3 60 13 13 
3 41 8 8 29 2 1 2 
13 40 9 18 10 3 1 
3 44 25 11 8 3 
1 91 2 
2 11 28 11 14 6 12 3 2 5 
3 16 56 5 3 7 3 1 
3 25 8 42 11 5 
2 86 6 
1 80 12 1 
15 3 47 25 1 2 1 
1 88 2 3 
46 1 43 2 2 
18 57 7 8 3 1 
17 29 25 2 21 
5 21 43 18 7 
1 30 48 8 7 
83 10 1 
6 66 3 18 1 
1 80 12 1 
4 27 63 
1 78 1 8 3 3 
7 70 13 1 3 
82 7 2 3 
5 46 10 28 5 
3 35 56 
35 4 1 23 6 2 12 6 4 1 
13 2 32 33 3 3 2 2 3 1 
36 20 30 5 1 1 1 
75 16 2 1 
1 53 11 8 1 19 1 
94 
1 87 4 1 1 
1 32 33 20 2 5 1 
9 66 14 1 1 1 2 
1 9 11 26 12 11 3 3 4 7 4 3 
7 1 74 8 2 2 
1 26 17 32 13 1 1 1 2 
6 78 6 1 1 2 
6 76 4 7 1 
31 14 47 2 
1 14 42 14 6 3 2 4 8 
13 41 11 12 13 4 
2 77 10 1 4 
70 20 1 2 1 
19 56 8 9 1 1 
1 50 43 
2 39 6 3 22 13 8 1 
2 24 5 11 40 3 1 8 
1 45 25 3 9 1 8 1 1 
9 48 12 2 9 1 3 10 
24 64 3 2 1 
16 64 14 
92 2 
23 56 10 3 1 1 
1 50 7 8 6 3 2 4 1 1 6 3 2 
7 52 34 1 
1 69 24 
87 3 4 
3 36 36 5 9 3 2 
2 58 34 
4 14 19 43 13 1 
1 65 27 1 
1 46 32 13 2 
9 34 51 
39 18 1 8 26 1 1 
4 85 4 1 
69 14 8 1 1 1 
19 51 18 3 2 1 
2 7 69 16 
1 21 70 2 
1 28 47 9 9 
9 84 1 
9 28 49 5 3 
90 3 1 
2 37 41 4 1 1 4 1 2 1 
1 21 48 5 12 4 2 1 
9 67 3 15 
3 67 1 3 10 2 7 1 
1 36 27 6 6 17 1 
18 22 35 8 4 2 3 1 1 
2 67 2 17 2 1 2 1 
1 44 9 40 
3 62 3 8 5 1 2 6 2 2 
3 80 1 10 
2 7 73 5 2 1 1 1 1 1 
2 54 1 5 1 27 2 2 
15 40 25 10 1 2 1 
1 20 62 4 7 
1 56 10 16 7 4 
20 6 46 14 6 1 1 
11 20 4 6 41 4 1 6 1 
2 67 25 
3 2 8 38 16 9 10 5 3 
1 17 30 43 1 2 
5 18 44 7 15 1 3 1 
1 89 3 1 
2 43 10 11 11 7 4 1 3 1 1 
1 42 10 28 7 3 2 1 
1 14 50 15 14 
1 40 9 39 1 2 1 1 
1 82 10 1 
8 60 13 5 4 4 
5 27 56 3 2 1 
2 30 4 39 3 10 4 2 
4 31 56 2 1 
3 3 4 20 34 19 10 1 
1 6 46 25 14 2 
1 56 37 
27 39 4 8 10 1 3 1 1 
1 44 26 21 1 1 
1 79 14 
1 87 6 
1 36 35 5 11 2 2 2 
1 91 2 
3 31 19 1 1 36 3 
3 75 16 
2 32 55 4 1 
1 19 74 
1 65 27 1 
2 74 17 1 
1 47 21 3 19 3 
1 52 19 6 15 1 
11 30 48 1 3 1 
5 49 40 
61 14 10 9 
18 42 4 23 1 5 1 
1 86 7 
8 47 31 3 4 1 
1 31 39 8 14 1 
1 44 5 19 3 2 10 1 6 1 1 1 
1 24 18 42 7 1 1 
3 61 26 2 2 
2 62 7 1 4 13 1 1 1 1 1 
2 37 7 19 6 16 5 1 1 
1 54 8 27 4 
1 20 13 15 26 9 9 1 
2 90 1 1 
10 80 3 1 
1 71 9 8 3 1 1 
94 
25 3 29 5 28 4 
48 16 10 10 7 2 1 
2 62 19 10 1 
1 81 9 1 2 
88 6 
11 7 27 2 41 6 
2 13 9 29 1 33 3 4 
30 22 14 7 13 7 1 
1 32 25 36 
18 64 2 10 
8 61 20 1 1 2 1 
1 18 40 30 2 3 
1 44 33 2 5 2 1 1 5 
2 79 6 1 4 2 
26 62 6 
62 26 3 2 1 
14 28 48 2 1 1 
1 27 27 37 2 
4 73 15 2 
16 9 35 34 
2 58 28 5 1 
1 78 1 12 2 
2 11 12 10 23 29 6 1 
44 21 20 9 
2 59 13 4 16 
1 60 4 4 1 1 15 1 2 1 2 2 
14 2 76 2 
9 53 21 11 
28 29 13 22 2 
10 10 14 26 6 16 11 1 
48 17 14 8 1 2 3 1 
2 41 13 26 5 1 6 
31 36 20 4 2 1 
19 49 12 11 3 
5 26 7 16 18 9 6 5 1 1 
11 18 63 1 1 
2 65 23 1 3 
19 63 11 1 
1 91 1 1 
1 60 18 12 1 1 1 
1 43 21 3 4 1 11 7 1 1 1 
5 66 11 10 1 1 
1 7 80 4 2 
2 21 39 19 2 6 2 3 
1 77 8 7 1 
1 57 15 21 
50 43 1 
1 69 18 5 1 
1 30 24 17 4 18 
1 12 75 5 1 
9 4 2 7 37 2 19 5 3 6 
3 86 5 
4 42 13 13 5 1 1 9 3 1 1 1 
80 1 13 
2 50 20 16 1 5 
3 35 8 17 9 5 11 2 1 2 1 
2 39 45 5 2 1 
1 62 26 3 1 1 
8 68 17 1 
7 11 27 1 31 3 6 3 5 
2 52 21 7 10 2 
16 2 9 42 23 2 
1 54 8 13 2 7 2 1 2 4 
1 86 5 2 
1 91 2 
30 9 22 1 10 6 5 10 1 
1 19 47 9 12 4 1 1 
1 79 9 3 1 1 
6 52 16 2 12 1 4 1 
2 37 50 5 
1 76 6 1 10 
4 5 56 11 17 1 
1 74 3 6 4 4 2 
94 
1 44 49 
87 6 1 
1 38 49 1 1 3 1 
2 89 2 1 
6 42 1 8 7 24 6 
3 71 20 
2 11 78 3 
4 25 36 27 2 
44 49 1 
1 60 20 10 2 1 
1 34 22 22 7 3 2 1 2 
1 27 56 3 4 1 1 1 
1 57 9 3 22 1 1 
14 36 19 10 2 9 2 1 1 
6 70 17 1 
12 23 29 5 2 22 1 
2 9 2 21 50 8 1 1 
41 33 4 2 11 2 1 
2 68 6 10 5 2 1 
7 41 24 16 1 5 
4 83 4 1 2 
8 71 3 8 3 1 
1 4 20 10 44 3 10 1 1 
7 54 23 4 1 2 1 2 
1 36 57 
1 62 31 
5 48 20 21 
13 64 17 
48 19 13 11 2 1 
6 2 55 30 1 
1 39 19 23 4 3 5 
60 31 2 1 
2 77 15 
5 34 17 34 4 
1 43 29 17 3 1 
2 30 33 14 2 10 3 
1 86 4 1 2 
5 32 32 24 1 
2 40 22 8 6 3 3 9 1 
1 10 68 6 9 
1 18 6 27 36 6 
3 39 19 31 1 1 
1 63 18 9 2 1 
4 41 9 11 5 18 2 3 1 
1 54 37 2 
7 81 2 3 1 
15 59 9 9 2 
28 39 14 6 5 2 
2 72 8 12 
2 2 41 3 36 6 1 2 1 
1 91 2 
1 48 41 1 3 
1 68 22 1 1 1 
80 8 2 2 1 1 
3 30 17 6 28 7 3 
3 67 2 3 2 4 2 4 7 
1 88 5 
7 63 7 4 9 2 1 1 
21 42 26 2 1 2 
51 25 5 12 1 
2 46 7 34 1 1 2 1 
1 22 32 1 19 5 7 2 4 1 
2 31 7 11 3 24 1 11 1 3 
51 35 1 3 4 
10 62 22 
77 14 3 
71 7 8 6 1 1 
1 55 36 1 1 
59 15 13 1 5 1 
5 27 5 34 2 3 3 1 3 6 4 1 
57 37 
2 63 24 5 
2 44 48 
90 1 3 
2 68 23 1 
8 63 4 13 4 1 1 
1 74 19 
1 5 70 1 12 5 
13 78 3 
7 11 72 3 1 
23 32 24 2 4 6 1 1 1 
3 12 72 5 2 
1 29 19 41 4 
46 32 9 2 2 3 
62 27 5 
26 29 35 3 1 
62 30 2 
17 1 22 54 
10 53 6 9 9 4 3 
6 20 14 5 21 19 1 1 2 5 
1 37 24 1 17 5 1 6 1 1 
8 3 26 11 23 19 3 1 
1 10 12 2 28 4 2 15 7 13 
1 35 52 5 1 
3 47 22 20 2 
11 34 42 2 4 1 
3 38 2 4 22 10 14 1 
5 33 8 40 2 5 1 
1 77 16 
3 25 2 41 6 6 1 1 2 2 2 3 
13 5 59 6 11 
9 9 35 3 18 4 9 7 
73 2 5 13 1 
1 7 62 21 1 2 
2 73 14 1 3 1 
20 48 14 8 1 3 
1 70 11 4 1 6 1 
45 18 24 7 
1 54 20 13 6 
5 34 3 6 22 2 20 2 
6 64 24 
1 10 43 22 17 1 
1 30 39 7 10 7 
3 68 23 
1 74 2 7 3 2 4 1 
1 37 47 9 
70 14 2 6 1 1 
1 39 1 42 6 2 2 1 
25 53 12 3 1 
4 59 19 11 1 
16 21 32 18 6 1 
1 13 3 16 44 12 5 
1 31 56 4 2 
7 47 34 5 1 
2 71 18 3 
1 55 4 28 5 1 
9 74 11 
2 27 11 45 1 2 5 1 
2 7 47 36 1 1 
1 35 55 1 1 1 
37 48 4 2 1 2 
29 57 7 1 
1 49 14 9 21 
1 65 19 5 2 1 1 
9 39 33 11 1 1 
18 57 16 2 1 
2 41 15 28 4 4 
1 9 43 6 27 5 1 2 
2 20 39 1 28 3 1 
2 69 21 1 1 
1 70 23 
3 69 8 11 3 
1 92 1 
4 37 25 15 6 4 2 1 
1 37 15 40 1 
1 25 16 23 13 2 9 2 2 1 
1 31 49 7 6 
1 82 9 2 
2 57 22 3 10 
1 78 10 2 3 
1 56 15 6 6 6 2 1 1 
2 25 34 32 1 
24 69 1 
14 41 39 
4 37 20 22 3 7 1 
1 62 9 17 5 
1 74 9 9 1 
2 65 10 15 2 
22 24 4 8 10 9 11 6 
1 90 3 
1 42 10 6 7 12 2 2 3 9 
3 64 3 10 11 2 1 
8 25 44 4 9 3 1 
2 24 44 3 17 3 1 
1 35 21 5 26 6 
1 10 6 18 1 38 20 
1 69 10 7 6 1 
2 89 3 
5 82 4 1 2 
1 7 70 2 2 9 1 2 
1 50 8 22 13 
1 53 2 26 10 1 1 
85 2 1 2 1 2 1 
1 74 19 
1 75 17 1 
2 1 24 8 31 20 3 4 1 
8 25 23 38 
5 57 11 3 5 3 10 
1 31 32 5 15 2 1 2 3 2 
1 67 2 4 9 9 2 
1 16 70 3 3 1 
69 5 16 2 1 1 
2 11 64 6 11 
3 33 20 12 12 6 2 4 1 1 
1 12 62 5 6 2 1 3 1 1 
1 19 23 11 34 4 2 
93 1 
14 80 
2 92 
1 36 53 3 1 
47 15 17 1 5 7 1 1 
1 81 3 9 
4 35 39 16 
5 28 19 16 15 1 1 5 1 2 1 
90 1 3 
6 86 2 
31 43 20 
81 9 4 
2 72 2 16 2 
1 24 33 32 4 
1 17 76 
9 43 20 21 1 
1 41 1 26 1 24 
7 74 10 2 1 
1 90 3 
2 47 44 1 
1 73 19 1 
2 48 2 6 31 1 1 3 
3 20 44 21 5 1 
3 76 14 1 
17 56 14 1 3 3 
5 55 31 3 
3 38 1 8 13 27 3 1 
2 30 47 6 3 5 1 
2 74 5 1 6 4 2 
4 75 8 3 2 2 
2 87 4 1 
4 69 6 9 2 3 1 
1 66 3 22 2 
4 85 5 
5 4 53 18 10 1 3 
94 
4 55 35 
3 44 7 3 9 8 9 11 
15 73 4 1 1 
2 43 21 19 2 3 4 
2 12 65 12 3 
2 77 15 
29 17 48 
3 11 17 33 26 3 1 
1 72 21 
7 35 17 15 1 6 10 3 
2 28 16 18 24 5 1 
22 9 59 1 2 1 
3 23 6 57 5 
59 17 7 5 3 1 2 
54 9 18 11 2 
2 35 20 2 27 4 2 1 1 
32 52 3 4 3 
1 3 34 41 6 9 
1 72 15 4 2 
28 9 42 2 9 1 3 
6 42 36 6 3 1 
1 66 10 9 1 6 1 
1 80 13 
1 57 7 15 3 7 3 1 
1 71 4 9 2 2 1 1 2 1 
84 6 3 1 
1 89 4 
7 76 10 1 
1 25 67 1 
7 83 3 1 
1 59 34 
5 63 9 6 10 1 
4 77 10 1 2 
1 54 36 3 
1 17 2 70 2 2 
7 47 21 4 3 6 6 
2 83 5 1 2 1 
3 15 3 54 4 9 4 1 1 
2 30 38 13 3 4 1 3 
1 59 9 2 7 13 1 2 
12 39 10 14 16 3 
3 31 7 12 21 7 5 7 1 
1 53 40 
19 38 25 6 5 1 
1 3 60 27 2 1 
58 14 14 2 2 1 2 1 
2 49 5 3 8 12 11 2 2 
21 44 28 1 
1 46 18 6 5 8 1 1 3 1 4 
2 17 56 4 3 6 3 1 2 
1 59 18 15 1 
1 79 12 2 
8 49 13 7 16 1 
2 44 33 5 7 2 1 
4 53 37 
2 23 17 11 41 
1 31 32 28 2 
21 24 44 2 2 1 
2 92 
1 28 28 3 11 20 1 1 1 
1 92 1 
1 1 67 10 3 10 1 1 
33 4 10 13 17 5 4 3 3 1 1 
3 71 19 1 
3 73 7 5 2 3 1 
1 24 34 21 1 6 3 4 
2 91 1 
1 38 9 33 5 5 1 1 1 
1 13 36 3 35 1 1 1 1 1 1 
2 28 33 1 16 6 6 1 1 
3 29 12 10 2 25 13 
2 2 80 6 4 
1 48 28 2 6 7 1 1 
34 43 11 2 4 
7 36 41 8 1 1 
3 46 35 5 1 1 2 1 
18 8 55 6 7 
5 17 27 26 15 1 2 1 
34 16 13 19 9 3 
2 72 1 12 5 1 1 
1 46 47 
1 85 8 
1 5 58 13 14 2 1 
18 46 4 3 1 6 7 8 1 
2 47 41 2 2 
21 20 23 19 6 3 1 1 
1 40 5 3 15 9 3 18 
1 64 11 10 7 1 
10 57 20 6 1 
25 55 5 9 
1 41 38 3 3 8 
7 73 14 
19 34 27 4 3 1 4 1 1 
5 18 20 10 31 2 3 1 1 2 1 
44 14 36 
1 31 8 3 14 4 12 9 7 1 3 1 
1 84 2 3 4 
10 76 1 6 1 
1 21 63 7 1 1 
1 12 79 1 1 
14 37 25 13 4 1 
4 74 16 
25 44 3 21 1 
1 2 52 22 7 8 2 
11 75 7 1 
13 48 11 19 3 
5 77 11 1 
4 87 2 1 
3 71 12 1 2 2 2 1 
8 40 3 32 11 
4 65 15 7 1 2 
1 17 62 5 5 4 
8 59 8 9 1 6 3 
1 54 26 5 3 1 3 1 
1 81 11 1 
1 7 19 32 32 2 1 
1 59 16 7 7 3 1 
1 21 68 4 
2 11 27 12 36 3 1 1 1 
1 38 29 13 9 4 
1 86 1 5 1 
7 44 3 8 12 2 10 4 2 2 
4 44 23 11 4 3 5 
21 44 16 3 7 2 1 
1 70 6 7 7 3 
1 74 3 5 11 
6 31 11 37 3 2 1 2 1 
1 82 3 5 3 
1 84 9 
2 20 51 17 4 
4 25 45 13 2 5 
8 50 24 6 1 3 2 
3 22 59 7 3 
34 12 18 12 10 3 4 1 
2 56 36 
27 52 2 10 2 1 
1 58 29 3 3 
1 29 10 10 3 22 10 2 1 4 1 1 
4 31 43 5 2 8 1 
94 
29 31 34 
1 47 14 18 12 2 
94 
1 26 39 9 11 1 4 1 2 
67 23 1 2 1 
1 61 3 4 20 5 
21 71 2 
71 4 3 12 4 
3 27 56 8 
1 37 56 
2 75 3 11 3 
1 42 43 5 3 
1 73 8 12 
3 13 1 25 27 4 19 2 
1 6 10 30 7 37 2 1 
2 92 
61 31 1 1 
22 21 24 18 9 
5 58 30 1 
2 7 23 5 17 13 17 8 1 1 
1 80 7 1 5 
14 22 17 22 17 2 
1 56 20 9 4 4 
9 3 40 4 22 13 1 2 
15 24 8 30 5 6 3 1 1 1 
2 82 4 2 3 1 
7 84 3 
28 27 35 3 1 
12 13 34 26 7 2 
51 3 22 12 3 1 2 
47 41 3 2 1 
1 31 23 36 3 
55 2 7 25 1 1 1 2 
20 51 4 3 4 6 3 3 
2 17 54 16 1 2 2 
3 91 
1 20 45 14 13 1 
5 40 39 8 1 1 
1 6 12 61 1 6 4 2 1 
1 37 38 3 7 4 2 2 
1 69 11 13 
5 11 71 3 1 1 2 
1 3 44 23 16 7 
1 68 3 11 9 2 
2 31 38 7 16 
1 52 41 
6 51 37 
54 31 9 
14 42 37 1 
57 9 2 24 1 1 
9 48 3 2 8 8 6 1 1 4 3 1 
1 64 29 
16 25 31 16 6 
1 86 6 1 
5 20 10 57 2 
10 11 49 7 6 9 2 
7 77 7 1 2 
3 8 67 4 4 7 1 
21 73 
23 2 50 14 5 
3 51 24 4 5 1 6 
3 34 30 23 2 1 1 
1 59 19 8 2 1 2 2 
2 63 4 5 2 18 
1 71 4 1 1 1 7 4 2 2 
2 92 
1 25 59 6 2 1 
1 81 1 5 6 
1 63 26 2 2 
5 46 37 6 
2 62 9 8 12 1 
4 41 12 26 6 4 1 
9 2 5 14 22 7 28 2 3 1 1 
36 48 7 2 1 
3 10 27 7 11 13 6 14 3 
6 7 4 3 1 60 3 1 2 6 1 
1 16 69 8 
78 9 3 2 1 1 
1 4 44 13 11 7 13 1 
16 27 7 4 34 3 1 1 1 
2 31 6 35 4 11 3 2 
1 28 18 36 11 
1 37 28 17 8 1 2 
2 55 35 2 
2 87 5 
28 58 4 1 2 1 
3 15 67 9 
1 84 4 3 1 1 
1 41 11 35 1 5 
1 91 1 1 
1 67 6 13 4 2 1 
5 49 33 7 
13 32 34 4 6 3 2 
6 8 40 6 6 25 1 2 
84 7 2 1 
1 90 1 2 
32 6 13 41 1 1 
1 1 59 9 20 2 1 1 
1 15 62 10 3 3 
1 11 70 4 1 3 1 1 1 1 
1 47 44 2 
1 35 34 1 18 5 
44 40 2 6 2 
1 42 5 10 12 13 1 5 4 1 
1 57 3 15 8 4 1 2 2 1 
7 52 18 4 10 3 
1 19 60 7 1 5 1 
1 93 
7 30 23 23 8 1 1 1 
1 11 68 12 1 1 
2 33 55 2 2 
3 51 8 16 16 
3 75 7 3 3 3 
2 59 6 23 1 3 
5 59 22 5 2 1 
2 42 26 23 1 
2 7 76 4 5 
14 62 17 1 
3 31 3 52 5 
2 18 33 28 3 4 1 5 
1 93 
1 1 66 16 2 7 1 
3 43 13 14 18 1 1 1 
1 2 25 19 9 29 3 3 2 1 
73 1 14 1 3 1 1 
1 82 7 3 1 
1 89 4 
7 23 9 10 9 28 7 1 
1 3 80 1 3 1 4 1 
2 31 38 8 9 5 1 
14 51 9 17 3 
12 74 8 
5 60 29 
22 40 14 7 3 7 1 
2 6 86 
1 91 2 
3 74 3 13 1 
1 92 1 
1 12 18 19 1 10 13 1 17 1 1 
8 53 31 1 1 
8 5 45 16 12 3 2 1 1 1 
6 43 43 2 
2 71 15 4 1 1 
9 6 72 6 1 
45 42 3 2 2 
1 77 7 7 2 
1 70 20 2 1 
1 32 15 38 8 
56 12 12 3 11 
4 36 32 13 3 4 2 
2 82 10 
2 26 66 
2 36 24 17 13 2 
1 66 6 21 
1 54 7 13 4 14 1 
6 63 23 1 1 
3 29 5 16 37 2 2 
12 77 1 3 1 
1 76 5 3 7 2 
11 22 61 
3 72 5 8 4 2 
7 25 22 24 7 9 
1 11 22 50 7 1 1 1 
1 60 33 
1 10 14 29 1 20 2 16 1 
1 74 11 6 2 
1 78 4 11 
1 43 49 1 
1 21 18 12 11 30 1 
92 1 1 
1 41 7 24 20 1 
40 38 9 7 
11 25 57 1 
5 18 17 42 8 4 
1 34 50 1 2 1 2 2 1 
1 86 6 1 
9 73 12 
3 37 16 25 3 4 1 2 2 1 
1 30 4 54 2 1 2 
1 67 1 20 3 2 
1 22 51 13 5 1 1 
1 72 20 1 
1 73 18 2 
92 1 1 
3 64 2 1 23 1 
31 47 16 
1 79 7 7 
2 78 3 5 1 3 2 
14 65 3 4 8 
1 88 1 2 2 
2 50 10 10 6 2 4 9 1 
2 72 1 6 7 1 5 
13 5 18 2 24 3 25 3 1 
68 17 9 
2 28 9 36 11 8 
6 10 8 67 3 
2 40 40 7 1 2 2 
4 80 5 2 3 
13 62 13 1 1 3 1 
70 14 10 
1 49 24 9 11 
2 45 19 13 3 12 
3 10 6 72 2 1 
1 22 70 1 
94 
2 25 44 5 12 4 2 
1 17 11 32 11 15 5 2 
1 67 2 23 1 
1 71 22 
1 80 7 2 3 1 
4 47 33 8 2 
1 90 3 
1 91 2 
1 41 43 3 3 2 1 
1 69 10 7 1 4 1 1 
3 84 2 4 1 
1 89 4 
5 43 45 1 
1 92 1 
3 37 34 1 4 3 5 5 1 1 
5 31 40 16 2 
1 26 4 18 28 6 6 5 
4 39 20 22 9 
2 35 21 10 1 25 
1 21 27 15 9 9 11 1 
30 29 7 15 9 4 
1 10 29 9 32 3 10 
3 10 17 18 23 13 6 2 2 
1 64 9 16 4 
1 72 16 4 1 
1 30 36 25 2 
54 39 1 
2 53 13 5 4 14 1 1 1 
2 3 5 20 1 61 1 1 
1 60 3 28 1 1 
2 62 23 1 6 
36 50 6 2 
1 24 11 56 1 1 
5 39 39 3 6 1 1 
76 12 3 3 
1 1 53 17 1 10 9 1 1 
2 51 33 3 2 3 
93 1 
1 57 22 14 
1 73 16 2 2 
3 84 4 2 1 
1 86 6 1 
10 82 1 1 
4 17 35 21 1 6 5 2 2 1 
1 58 23 4 6 1 1 
3 91 
6 20 41 24 3 
2 69 14 2 4 3 
1 86 2 4 1 
2 45 9 12 24 2 
3 28 36 6 19 2 
2 68 11 6 6 1 
34 51 1 3 4 1 
1 3 89 1 
1 40 27 9 8 6 3 
1 71 22 
11 43 20 6 11 1 2 
69 14 5 2 4 
3 48 25 14 4 
3 13 39 19 4 13 3 
10 79 2 1 1 1 
2 75 1 12 3 1 
4 77 2 7 3 1 
74 6 9 4 1 
3 10 28 1 10 29 10 2 1 
1 39 53 1 
50 33 10 1 
1 56 36 1 
3 16 22 36 10 7 
70 17 2 2 1 2 
1 43 28 3 9 1 1 3 2 1 2 
2 54 33 2 2 1 
2 3 17 38 7 24 1 2 
4 69 18 1 1 1 
6 28 11 32 11 5 1 
5 47 17 3 5 8 4 2 1 1 1 
58 20 13 3 
2 61 25 5 1 
2 56 29 7 
1 13 41 24 11 3 1 
13 73 8 
91 1 2 
1 45 5 15 16 4 7 1 
3 53 5 24 9 
5 54 3 4 15 6 6 1 
1 1 86 1 3 2 
2 72 13 6 1 
3 5 52 10 14 3 4 3 
91 3 
1 63 19 2 9 
33 34 27 
2 3 70 15 2 2 
3 83 8 
2 52 27 12 1 
1 65 4 10 3 7 1 2 1 
1 76 11 6 
2 61 31 
1 61 16 11 1 1 3 
1 53 32 8 
67 8 3 15 1 
3 48 18 2 9 10 4 
1 18 71 3 1 
1 6 34 47 4 1 1 
3 66 21 1 3 
11 13 1 17 17 7 20 6 2 
1 18 68 3 4 
1 72 3 11 1 2 4 
1 90 1 2 
1 91 1 1 
1 3 3 6 42 26 13 
1 49 22 15 4 1 2 
2 67 7 7 8 2 1 
1 28 40 5 14 6 
4 40 31 1 13 2 3 
7 6 10 34 15 6 8 1 4 1 2 
6 83 5 
91 3 
1 58 16 13 6 
84 6 1 1 2 
1 72 9 7 5 
1 26 36 6 15 3 1 6 
1 80 12 1 
93 1 
1 88 2 2 1 
2 42 14 17 14 3 2 
1 73 7 13 
2 9 70 11 1 1 
1 70 22 1 
3 60 26 2 1 2 
4 57 24 8 1 
88 1 5 
2 88 2 1 1 
2 90 1 1 
1 65 6 4 2 6 10 
1 43 34 8 1 6 1 
2 46 7 5 8 11 8 7 
72 11 6 2 1 1 1 
1 83 8 1 1 
2 56 28 7 1 
3 11 57 4 16 2 1 
1 78 14 1 
1 29 59 1 1 2 1 
2 40 11 22 17 1 1 
1 24 50 9 10 
4 10 68 5 6 1 
1 8 30 54 1 
9 75 8 2 
2 87 2 2 1 
2 43 37 2 6 4 
2 4 9 12 40 17 1 1 8 
1 41 30 6 3 4 5 2 1 1 
4 29 39 5 3 13 1 
1 53 1 10 28 1 
1 8 42 28 2 13 
2 84 8 
7 63 5 17 2 
1 83 5 3 1 1 
2 36 22 4 28 1 1 
94 
11 13 69 1 
8 59 26 1 
8 77 5 3 1 
11 54 11 14 2 2 
12 29 50 1 1 1 
1 43 7 5 21 3 4 8 1 1 
1 30 36 20 7 
27 33 22 7 2 1 2 
2 26 52 7 5 2 
15 23 12 43 1 
86 6 2 
5 81 7 1 
1 84 7 2 
37 51 5 1 
1 69 20 1 1 1 1 
1 13 38 14 23 3 2 
1 40 42 1 5 1 4 
1 10 64 15 1 2 1 
2 72 16 4 
1 69 12 8 1 1 1 1 
1 35 31 6 3 1 7 10 
1 31 60 2 
3 51 6 8 23 3 
13 58 16 3 1 3 
1 75 18 
10 56 6 19 3 
5 57 26 5 1 
30 21 6 11 19 7 
3 58 14 13 4 2 
13 60 16 2 3 
2 80 10 2 
2 82 10 
3 82 7 1 1 
1 21 14 15 13 28 2 
2 58 5 17 9 1 1 1 
1 58 30 1 4 
1 65 21 6 1 
2 4 61 16 2 8 1 
1 41 28 16 6 1 1 
1 5 46 36 6 
4 14 33 26 12 2 3 
1 83 10 
94 
3 2 21 14 18 17 15 1 1 2 
4 58 23 2 5 1 1 
1 33 10 14 31 2 3 
4 69 19 1 1 
53 22 10 3 1 4 1 
3 76 2 2 8 2 1 
4 42 24 3 21 
1 25 18 19 28 2 1 
8 23 26 5 5 14 11 2 
3 30 50 7 3 1 
1 71 11 11 
2 48 26 10 3 1 4 
1 55 15 9 12 1 1 
5 59 30 
87 3 4 
6 85 3 
1 27 16 47 3 
5 15 29 28 10 1 3 2 1 
11 28 19 25 9 2 
16 45 5 11 6 3 7 1 
1 6 29 22 25 2 3 1 2 1 2 
1 76 8 2 6 1 
42 26 4 19 3 
1 45 36 10 2 
1 21 12 38 18 3 1 
1 77 5 7 3 1 
2 5 48 35 4 
13 49 2 12 4 6 7 1 
1 58 34 1 
3 57 31 3 
5 41 26 4 3 5 1 3 3 1 1 1 
1 9 43 16 22 2 1 
1 14 42 14 15 8 
4 65 15 10 
6 87 1 
1 24 15 9 18 12 3 12 
8 39 32 4 4 6 1 
10 10 19 22 20 12 1 
4 36 29 20 3 2 
5 23 65 1 
18 74 2 
1 69 1 20 3 
3 63 7 10 6 5 
1 38 10 44 1 
93 1 
17 44 2 11 20 
1 72 2 19 
1 52 9 10 1 15 3 1 2 
29 34 9 13 9 
3 81 7 3 
1 78 6 2 7 
1 44 47 1 1 
1 87 1 4 1 
1 64 12 2 3 9 1 2 
91 1 2 
67 21 1 4 1 
1 35 19 7 11 2 13 4 2 
39 19 22 10 2 1 1 
78 10 2 3 1 
1 81 6 5 1 
20 68 2 3 1 
1 43 12 23 8 1 4 2 
4 53 34 1 1 1 
1 93 
7 32 29 14 7 4 1 
1 50 41 2 
1 18 16 49 4 4 1 1 
1 7 44 15 7 5 9 3 1 2 
2 18 44 17 11 2 
54 14 12 10 3 1 
1 61 12 9 3 3 1 3 1 
9 55 5 22 3 
8 69 17 
4 13 75 2 
2 37 27 14 8 1 2 2 1 
94 
1 33 11 48 1 
5 88 1 
6 47 31 2 1 2 4 1 
2 54 32 3 1 2 
1 69 17 6 1 
3 18 60 2 10 1 
1 73 9 7 3 1 
1 85 4 2 2 
5 18 54 12 2 3 
1 75 5 5 6 2 
1 45 1 37 5 5 
2 5 53 22 11 1 
94 
3 80 5 1 5 
16 57 21 
1 53 37 2 1 
1 18 25 14 5 12 19 
1 20 53 20 
19 69 6 
1 30 4 3 31 18 6 1 
4 72 14 3 1 
68 16 9 1 
2 35 31 15 7 4 
1 66 23 3 1 
1 70 2 1 3 7 5 4 1 
1 28 38 13 9 4 1 
30 29 26 1 6 1 1 
32 57 5 
3 49 2 21 8 10 1 
1 22 44 16 7 2 2 
13 34 7 10 2 3 25 
1 53 28 3 1 3 4 1 
66 16 7 2 1 2 
25 68 1 
3 49 42 
1 47 27 7 10 1 1 
2 78 6 7 1 
1 83 8 1 1 
3 81 7 1 2 
1 13 26 32 5 13 3 1 
5 19 12 32 12 10 1 1 1 1 
1 40 18 19 12 1 3 
1 70 1 15 6 1 
1 33 55 2 3 
1 39 48 1 1 3 1 
2 62 24 5 1 
1 67 25 1 
19 42 1 12 20 
1 48 5 24 2 3 11 
3 59 27 1 3 1 
1 36 48 4 4 1 
4 89 1 
2 6 49 27 8 2 
1 43 3 25 22 
1 30 11 28 1 18 5 
84 8 1 1 
1 86 1 6 
6 18 53 2 13 2 
2 48 2 37 1 3 1 
1 91 1 1 
30 53 5 3 1 2 
10 27 37 4 15 1 
2 15 14 22 25 10 1 5 
17 17 46 6 8 
2 90 2 
11 36 39 7 1 
8 85 1 
1 20 25 13 32 2 1 
87 6 1 
1 5 74 6 4 1 2 1 
21 72 1 
1 66 26 1 
1 36 6 44 5 1 1 
1 25 68 
1 76 12 2 3 
1 65 24 1 1 1 1 
4 43 37 4 6 
2 3 44 27 6 11 1 
16 68 3 4 2 1 
50 28 16 
3 52 9 3 3 17 1 2 3 1 
4 69 18 2 1 
2 14 32 38 7 1 
93 1 
1 9 61 2 20 1 
1 76 17 
1 64 19 3 5 1 1 
13 66 5 10 
6 43 8 12 12 3 6 4 
2 66 17 8 1 
3 77 13 1 
1 92 1 
17 39 2 22 13 1 
2 48 11 7 10 15 1 
1 52 36 1 4 
20 64 4 6 
3 18 52 5 16 
5 73 8 2 6 
1 72 19 1 1 
94 
1 68 7 3 3 12 
6 37 47 3 1 
1 14 56 18 5 
42 18 21 2 8 2 1 
24 36 27 4 3 
2 29 60 1 2 
1 73 9 9 2 
25 3 22 21 3 3 9 1 7 
11 77 6 
2 38 1 31 11 1 5 1 1 1 1 1 
94 
1 77 3 7 6 
7 5 19 18 33 10 2 
2 26 23 25 12 5 1 
2 74 8 5 3 1 1 
5 51 23 6 4 1 4 
7 50 37 
2 85 1 2 3 1 
8 85 1 
3 37 9 12 12 18 3 
3 2 42 37 8 1 1 
3 83 8 
2 82 10 
1 42 51 
3 14 21 53 3 
4 74 7 7 2 
4 46 26 5 7 1 4 1 
2 18 65 8 1 
4 83 4 1 2 
2 70 9 3 5 3 2 
2 43 9 9 15 16 
11 29 6 41 5 1 1 
2 61 30 1 
2 74 9 9 
22 17 8 15 19 10 1 2 
5 54 17 18 
1 65 28 
15 10 30 12 14 5 8 
7 25 47 2 2 4 1 6 
84 1 7 2 
3 13 57 19 2 
8 28 22 7 17 7 1 2 1 1 
1 87 5 1 
2 44 33 9 3 3 
1 44 49 
76 9 4 2 1 1 1 
1 25 8 10 1 8 22 5 4 4 2 1 1 2 
12 61 1 12 1 3 2 1 1 
1 51 42 
2 86 2 2 2 
91 1 2 
2 32 43 4 1 7 5 
1 59 6 23 3 1 1 
1 42 16 4 1 5 3 11 1 3 4 2 1 
74 15 1 3 1 
6 41 36 6 2 1 1 1 
19 20 31 11 3 1 8 1 
1 89 4 
1 15 72 3 3 
2 62 16 6 8 
2 43 13 22 4 5 2 3 
1 55 5 1 11 21 
5 52 28 1 3 1 1 1 2 
1 24 21 35 13 
1 13 13 33 23 10 1 
1 75 9 9 
3 84 5 2 
2 14 20 25 21 2 9 1 
1 9 29 34 8 11 2 
1 48 12 18 11 2 1 1 
19 14 2 30 19 3 4 1 1 1 
3 77 11 1 1 1 
4 42 33 9 3 1 2 
1 82 10 1 
1 13 11 15 2 44 2 5 1 
2 22 28 34 3 4 1 
1 19 69 3 2 
1 31 62 
1 93 
1 77 14 1 1 
9 9 31 7 24 2 3 5 1 2 1 
6 71 3 4 10 
17 69 5 3 
25 11 16 15 27 
1 62 3 22 5 1 
27 37 21 9 
1 1 4 42 36 7 3 
87 1 1 4 1 
1 33 27 6 13 6 8 
2 48 11 16 15 2 
1 72 16 1 4 
1 22 7 5 20 2 27 3 4 1 2 
18 40 29 6 1 
17 1 2 51 23 
1 43 43 1 6 
3 29 62 
8 55 27 3 1 
2 84 4 3 1 
2 88 1 3 
93 1 
5 75 6 8 
67 11 15 1 
1 78 2 9 3 1 
12 39 15 26 1 1 
1 65 4 21 3 
11 24 47 10 2 
52 22 14 1 1 2 2 
1 86 7 
1 75 14 4 
5 24 40 5 9 5 4 2 
2 69 3 17 2 1 
7 72 15 
4 20 56 2 10 2 
10 57 3 11 5 2 5 1 
1 48 33 4 8 
21 70 3 
2 20 20 52 
17 67 1 4 2 1 1 1 
54 37 1 1 1 
4 12 78 
2 5 74 7 5 1 
21 6 9 48 3 2 5 
1 11 46 21 7 5 1 1 1 
4 70 20 
11 41 6 21 2 12 1 
1 79 10 4 
1 4 67 22 
1 49 27 5 9 1 1 1 
20 14 4 46 8 1 1 
4 67 18 2 1 1 1 
64 11 18 1 
1 75 16 1 1 
8 77 9 
21 39 34 
7 73 13 1 
1 91 2 
4 86 1 2 1 
1 13 68 10 2 
1 80 12 1 
24 18 33 19 
1 7 58 9 3 1 10 4 1 
1 93 
1 68 8 15 1 1 
1 37 40 8 5 3 
21 19 49 3 1 1 
70 11 6 5 2 
1 13 28 42 10 
1 46 33 2 5 3 4 
5 51 16 2 2 7 7 2 1 1 
3 54 37 
1 16 38 25 11 2 1 
77 8 4 5 
15 32 38 4 5 
2 84 6 1 1 
1 87 6 
1 36 29 19 9 
2 3 36 26 27 
1 32 28 31 1 1 
1 38 43 11 1 
1 85 7 1 
2 51 41 
1 88 5 
1 6 12 27 33 9 6 
1 79 1 11 2 
1 16 32 6 6 3 3 4 13 6 1 1 2 
58 21 11 3 1 
5 52 24 12 1 
68 8 2 3 2 5 1 2 3 
13 62 10 9 
4 50 37 1 2 
3 71 1 12 4 2 1 
18 58 4 12 1 1 
1 61 5 13 13 1 
2 2 21 13 39 6 11 
1 8 16 21 47 1 
3 20 9 25 14 15 7 1 
45 26 13 8 2 
1 77 15 1 
1 46 29 1 16 1 
2 62 30 
1 1 47 27 3 3 2 8 1 1 
45 7 1 11 19 2 2 4 3 
8 77 6 3 
1 80 1 9 1 2 
1 51 25 16 1 
6 17 23 35 3 8 2 
2 11 8 30 18 7 13 2 1 2 
3 17 3 18 31 11 2 7 2 
24 55 8 4 2 1 
45 3 14 31 1 
3 10 71 4 3 1 1 1 
3 47 15 7 17 2 3 
3 9 8 21 22 8 14 1 5 2 1 
1 87 3 1 2 
1 91 2 
1 13 18 41 4 4 6 1 5 1 
1 10 20 12 14 35 1 1 
5 27 33 4 5 12 3 3 1 1 
5 63 16 2 2 4 2 
1 78 2 9 4 
2 71 21 
4 58 22 5 3 2 
59 10 7 1 8 5 2 2 
1 49 5 21 11 7 
2 50 39 2 1 
1 56 16 10 2 3 4 2 
2 52 38 1 1 
1 57 30 4 1 1 
1 75 18 
2 14 17 25 20 14 1 1 
2 41 13 9 6 22 1 
3 16 73 1 1 
86 2 5 1 
1 60 17 13 1 2 
1 15 48 22 5 1 2 
29 65 
1 80 3 4 3 2 1 
1 76 8 5 2 2 
2 24 5 43 1 7 6 3 3 
1 46 21 8 1 11 6 
3 58 23 2 1 6 1 
4 49 34 2 5 
1 80 10 3 
2 74 5 2 3 4 3 1 
1 31 50 3 9 
4 43 17 13 3 2 4 2 5 1 
6 78 9 1 
2 83 1 5 1 2 
3 28 2 35 11 13 2 
10 23 51 3 4 1 1 1 
10 11 6 30 24 8 2 2 1 
4 80 3 5 2 
11 42 3 13 7 7 1 7 3 
1 4 64 1 5 7 4 2 3 2 1 
8 49 35 1 1 
21 38 32 2 1 
14 64 16 
87 4 3 
4 46 30 8 1 5 
1 3 51 36 3 
7 73 4 2 3 2 1 2 
5 49 25 2 7 3 2 1 
69 5 19 1 
1 51 30 2 3 2 4 1 
28 43 23 
1 51 30 6 1 2 2 1 
41 41 12 
49 32 12 1 
16 43 26 9 
1 93 
2 85 1 3 3 
1 36 12 10 10 6 3 1 11 3 1 
1 85 8 
33 30 18 9 4 
32 37 7 13 1 4 
49 32 2 5 3 1 1 1 
66 21 4 1 1 1 
17 47 8 20 1 1 
6 49 15 11 2 10 1 
3 68 4 12 7 
1 59 27 2 1 4 
1 60 31 1 1 
2 46 20 24 2 
2 31 41 15 2 3 
1 63 28 2 
2 37 26 20 3 5 1 
3 21 61 5 3 1 
1 69 6 2 10 6 
2 42 16 5 14 2 11 1 1 
12 15 39 22 5 1 
94 
19 45 5 13 8 3 1 
5 67 12 4 5 1 
2 50 39 1 1 1 
19 39 18 6 8 2 2 
4 19 63 4 2 1 1 
2 83 8 1 
9 18 50 13 4 
2 11 5 13 13 29 12 5 1 1 2 
1 57 17 12 5 2 
1 64 7 18 4 
6 44 29 6 1 1 4 1 1 1 
1 58 27 6 2 
1 48 30 4 4 4 2 1 
1 7 44 24 6 5 6 1 
2 33 59 
1 91 2 
17 42 21 9 1 1 2 1 
1 86 7 
10 1 72 3 4 2 2 
3 57 11 7 6 10 
1 9 84 
1 22 52 11 5 1 1 1 
2 37 34 20 1 
1 52 20 1 7 2 10 1 
28 25 41 
2 66 21 3 2 
1 81 8 3 1 
2 39 39 3 11 
2 40 13 9 1 23 1 2 3 
3 14 67 5 1 3 1 
1 84 8 1 
2 17 14 37 11 7 2 4 
1 73 19 1 
8 10 25 21 25 5 
10 15 14 11 12 19 3 4 3 2 1 
1 86 7 
6 43 3 17 17 4 1 1 1 1 
2 76 1 1 8 4 2 
2 1 26 41 2 5 17 
2 26 44 11 9 2 
4 85 3 2 
3 53 15 10 10 3 
3 20 24 38 6 3 
1 2 26 3 62 
1 43 50 
1 35 38 18 2 
2 31 46 7 7 1 
3 32 28 14 16 1 
5 80 6 1 1 1 
1 90 3 
4 53 19 10 1 1 4 2 
2 78 8 5 1 
74 8 3 9 
8 13 13 55 4 1 
17 17 48 12 
3 40 32 4 6 8 1 
7 9 33 40 2 1 1 1 
6 73 3 3 2 1 4 2 
1 83 10 
1 75 10 5 3 
13 11 50 1 3 11 2 2 1 
1 84 1 5 3 
16 69 8 1 
1 40 23 2 13 5 9 1 
1 76 16 1 
3 81 10 
1 22 69 2 
9 82 2 1 
92 1 1 
13 49 30 2 
1 11 52 10 20 
55 29 10 
22 16 23 33 
28 51 14 1 
2 20 12 23 9 18 10 
36 50 8 
17 55 21 1 
4 34 55 1 
2 42 44 2 3 1 
62 26 1 2 2 1 
16 60 16 1 1 
1 44 5 20 5 5 2 1 3 3 3 1 1 
14 53 15 4 4 2 1 1 
3 34 18 35 2 2 
1 35 5 40 10 2 1 
1 16 75 2 
5 88 1 
1 2 69 21 1 
1 46 20 22 4 1 
2 20 72 
3 18 20 31 22 
2 76 14 2 
5 64 7 17 1 
2 9 41 19 2 6 15 
2 8 9 6 7 7 39 5 7 4 
33 26 29 2 1 2 1 
5 66 23 
5 78 10 1 
1 5 7 52 16 10 3 
2 72 10 5 5 
1 76 3 2 6 5 1 
23 7 53 6 4 1 
17 8 19 26 8 1 14 1 
1 65 28 
19 41 34 
18 33 41 2 
1 79 10 3 1 
3 83 8 
24 15 41 12 2 
1 78 2 3 2 3 5 
14 37 3 26 3 7 1 1 1 1 
1 51 24 13 3 1 1 
1 17 76 
1 4 37 15 11 3 21 2 
3 56 24 9 1 1 
13 31 20 28 1 1 
1 12 9 49 13 3 6 1 
1 65 24 4 
1 61 31 1 
6 18 62 5 3 
1 74 19 
2 9 60 9 8 1 5 
1 89 1 1 1 1 
42 44 1 3 1 2 1 
78 4 10 2 
21 48 25 
4 3 77 3 5 2 
3 55 2 31 1 2 
7 23 31 26 2 4 1 
1 42 51 
1 74 2 2 5 3 1 2 2 2 
1 81 12 
1 5 86 1 1 
1 71 4 15 2 1 
7 25 54 2 3 1 1 1 
2 64 8 17 2 1 
2 75 4 1 10 1 1 
28 46 5 12 1 2 
91 1 2 
2 39 23 2 12 1 15 
67 23 4 
3 91 
3 75 16 
2 22 25 11 2 2 23 1 6 
57 1 20 6 3 1 2 3 1 
1 19 5 20 12 27 5 3 2 
1 10 62 5 10 2 1 1 2 
5 80 1 6 1 1 
6 26 59 2 1 
2 39 30 3 1 19 
1 54 39 
2 46 46 
2 1 34 26 7 3 1 15 4 1 
65 5 20 1 1 2 
3 38 53 
2 2 29 29 21 9 2 
1 31 15 24 12 4 7 
1 48 41 2 2 
1 87 4 1 1 
62 1 4 18 9 
1 4 72 16 1 
57 28 6 2 1 
2 64 14 12 1 1 
7 43 42 2 
20 15 2 26 30 1 
23 45 3 12 10 1 
2 43 46 2 1 
5 37 14 38 
1 32 59 2 
1 59 23 10 1 
57 20 12 4 1 
1 89 1 3 
3 91 
1 61 23 6 1 2 
2 27 12 4 8 16 19 1 4 1 
6 28 5 36 15 3 1 
1 91 2 
6 57 19 3 1 8 
7 68 8 6 5 
4 47 35 6 2 
1 5 18 27 12 17 7 1 3 2 1 
1 35 5 50 3 
1 7 54 18 14 
1 21 21 21 27 3 
2 63 16 5 8 
17 2 21 25 11 9 2 2 1 3 1 
1 66 4 3 2 18 
69 11 9 4 1 
1 17 21 19 3 27 1 1 4 
2 12 2 28 50 
9 75 10 
23 14 11 21 10 9 4 1 1 
3 72 13 6 
1 50 25 16 2 
33 4 28 3 19 6 1 
20 64 9 1 
3 52 9 27 2 1 
3 68 3 5 7 1 6 1 
1 13 12 39 19 6 2 1 1 
11 43 35 2 2 1 
1 72 21 
1 6 11 38 32 5 1 
3 80 11 
1 71 1 9 10 2 
1 18 73 2 
2 43 23 2 2 5 17 
1 80 6 4 3 
1 69 16 4 3 1 
3 65 18 6 1 1 
5 42 2 7 12 21 1 2 2 
2 90 1 1 
11 34 49 
87 6 1 
1 33 51 2 5 1 1 
16 75 3 
59 15 14 3 3 
1 58 34 1 
15 69 7 1 2 
1 3 21 56 13 
9 66 9 8 1 1 
1 40 9 15 28 1 
1 86 4 1 2 
1 63 26 3 1 
14 69 5 6 
5 1 87 1 
1 1 60 11 2 16 3 
1 68 8 1 12 1 1 2 
6 2 56 8 10 2 3 3 3 1 
9 74 1 4 1 3 2 
5 56 29 2 1 1 
2 62 26 4 
11 4 9 17 25 20 3 2 3 
18 73 2 1 
8 70 16 
7 45 31 6 1 4 
14 52 12 16 
47 24 15 8 
1 64 17 11 1 
24 29 7 34 
2 89 3 
1 89 4 
3 53 38 
70 21 3 
3 59 14 18 
10 72 10 2 
1 81 6 4 1 1 
1 68 10 1 9 3 2 
1 17 30 3 6 7 2 7 11 3 3 2 1 1 
2 19 64 4 2 1 1 1 
28 8 2 47 9 
5 56 1 13 13 4 1 1 
48 9 8 6 17 2 3 1 
3 1 23 25 27 7 8 
1 92 1 
1 74 16 1 1 1 
4 87 2 1 
8 5 58 17 6 
91 3 
11 25 4 2 4 21 27 
18 45 4 25 1 1 
3 28 63 
1 33 47 8 1 4 
19 48 2 12 6 2 5 
1 23 36 17 16 1 
3 85 1 5 
1 84 8 1 
56 36 1 1 
1 16 12 8 17 20 4 12 4 
1 51 9 28 4 1 
16 61 17 
7 1 19 21 3 14 5 16 5 2 1 
2 9 5 21 22 27 8 
1 60 1 4 2 10 12 1 3 
2 36 35 10 11 
92 1 1 
1 45 28 1 16 2 1 
2 20 45 22 5 
1 61 13 2 1 2 13 1 
81 9 4 
16 20 15 6 28 2 4 3 
12 22 43 5 10 1 1 
41 25 27 1 
17 24 17 32 3 1 
4 46 41 3 
15 13 28 17 2 13 6 
56 38 
1 56 7 30 
1 16 14 14 28 14 4 2 1 
3 2 38 1 41 7 2 
49 40 4 1 
1 89 1 3 
1 33 53 5 2 
87 4 3 
1 84 5 1 3 
9 51 34 
1 82 2 4 3 1 1 
1 87 5 1 
1 84 8 1 
1 69 11 7 6 
42 10 34 2 2 4 
1 50 1 3 33 3 3 
10 46 14 21 2 1 
11 67 8 7 1 
5 31 11 3 29 6 1 7 1 
94 
2 60 12 13 5 2 
1 79 14 
1 15 75 3 
2 61 14 5 3 4 4 1 
1 11 4 17 15 5 26 9 3 3 
1 40 37 8 2 2 1 2 1 
56 36 2 
1 44 35 4 8 2 
2 60 24 6 2 
1 50 37 5 1 
1 78 10 3 1 1 
41 39 8 2 4 
94 
1 76 4 11 1 1 
4 41 45 4 
11 11 17 11 42 2 
1 52 5 16 19 1 
13 38 26 4 3 4 1 3 2 
17 30 5 36 6 
1 62 22 1 3 5 
79 14 1 
5 71 5 4 4 3 2 
1 21 44 2 16 2 4 1 1 1 1 
1 86 3 2 1 1 
1 44 33 13 2 1 
2 1 17 44 6 17 1 1 4 1 
3 64 20 1 3 3 
84 7 2 1 
1 70 20 3 
1 29 34 11 9 6 2 1 1 
4 23 9 11 2 10 22 10 3 
18 54 2 12 6 1 1 
1 54 15 5 7 2 1 2 5 2 
6 41 47 
5 39 43 6 1 
2 12 62 18 
11 67 16 
1 28 50 14 1 
1 75 18 
92 2 
1 25 54 10 3 1 
6 23 39 10 10 6 
2 57 24 7 4 
1 48 24 14 6 1 
44 17 25 5 1 1 1 
3 81 10 
1 35 58 
4 86 3 1 
1 27 41 2 13 5 4 1 
2 65 27 
1 90 3 
1 59 4 21 1 5 2 1 
93 1 
1 50 18 5 2 5 13 
2 75 14 1 2 
9 37 10 28 7 3 
1 11 18 48 14 2 
4 35 41 4 10 
72 12 3 6 1 
1 57 16 8 1 3 1 6 1 
38 10 29 5 5 3 1 1 2 
82 11 1 
1 63 5 8 6 8 2 1 
16 71 3 1 1 2 
1 84 9 
1 45 40 1 3 4 
2 15 47 30 
1 32 7 7 1 37 8 1 
1 20 69 2 2 
2 89 3 
2 2 36 6 28 9 10 1 
2 84 8 
1 9 68 14 2 
59 25 2 6 1 1 
3 27 17 33 6 4 3 1 
84 2 8 
10 72 9 3 
1 6 85 2 
72 17 3 2 
1 36 50 1 5 1 
1 7 33 24 8 18 1 1 1 
10 24 3 5 51 1 
19 39 10 14 8 1 3 
2 70 21 1 
11 45 1 13 4 4 16 
1 11 13 3 10 17 8 29 2 
2 83 1 4 2 2 
1 34 20 23 11 1 2 1 1 
1 35 1 41 8 1 1 1 1 3 1 
1 42 42 7 2 
1 15 14 51 10 2 1 
5 18 44 13 2 10 1 1 
1 72 5 13 2 1 
1 55 10 14 2 2 5 4 1 
20 66 1 1 1 3 2 
2 20 18 16 25 11 1 1 
4 55 1 15 4 6 4 4 1 
1 69 8 15 1 
1 35 51 4 1 1 1 
2 2 10 69 4 2 3 1 1 
1 83 9 1 
1 30 39 14 7 2 1 
1 72 1 20 
40 37 4 13 
1 84 6 3 
1 21 64 6 2 
4 51 32 6 1 
82 9 1 2 
1 77 2 2 6 4 2 
2 68 22 1 1 
16 32 45 1 
7 47 40 
1 66 3 4 7 2 5 1 4 1 
1 16 56 5 13 3 
1 71 12 8 2 
1 4 66 23 
14 58 13 1 8 
1 89 4 
2 30 41 14 7 
3 88 3 
18 68 6 2 
11 44 7 1 21 6 4 
3 86 1 3 1 
19 66 5 2 1 1 
1 41 52 
1 9 64 16 3 1 
6 74 12 1 1 
3 91 
1 7 37 21 20 1 1 6 
5 86 3 
6 67 9 6 4 1 1 
1 77 15 1 
3 37 15 33 4 2 
1 13 52 2 5 6 4 10 1 
1 2 77 1 9 2 2 
1 52 41 
2 69 16 2 5 
2 56 27 1 4 2 2 
3 16 27 34 5 2 7 
2 27 63 1 1 
7 9 54 16 1 7 
6 69 16 3 
2 32 41 14 4 1 
92 2 
90 3 1 
1 42 38 9 3 1 
2 76 1 1 6 7 1 
39 10 16 11 18 
1 19 28 38 8 
1 45 43 4 1 
8 53 32 1 
1 87 2 1 1 2 
6 85 1 1 1 
3 50 12 18 5 6 
3 31 59 1 
2 79 3 7 3 
1 61 28 3 1 
4 4 13 11 37 1 3 2 11 2 6 
2 77 15 
2 85 7 
8 8 63 7 8 
3 69 8 10 2 2 
1 33 44 13 2 1 
65 25 1 3 
1 72 1 18 1 1 
10 78 1 3 1 1 
1 47 44 2 
2 67 25 
12 10 7 32 11 8 12 2 
2 91 1 
52 7 9 3 5 8 10 
5 28 10 39 11 1 
4 34 39 11 4 1 1 
1 33 19 4 12 3 14 3 2 2 1 
42 21 15 14 2 
7 9 1 66 1 1 7 2 
33 25 13 15 5 3 
1 82 10 1 
3 67 24 
6 86 2 
30 17 41 3 2 1 
2 42 25 22 3 
48 35 8 2 1 
11 58 3 13 1 6 1 1 
17 28 47 2 
14 33 47 
6 40 5 11 8 7 1 2 7 5 1 1 
9 52 22 8 3 
18 74 1 1 
2 10 63 9 7 2 1 
58 11 23 2 
1 25 68 
1 61 32 
19 27 35 2 3 5 2 1 
2 7 28 33 19 2 2 1 
1 2 16 13 6 32 7 11 3 3 
1 32 58 2 1 
1 46 3 27 1 16 
79 5 9 1 
1 75 2 8 3 4 1 
1 40 17 1 21 9 3 1 1 
2 58 22 5 7 
4 16 46 26 2 
1 11 54 9 3 14 2 
16 44 17 12 5 
1 16 21 20 2 13 12 3 4 2 
64 1 4 17 3 1 1 1 1 1 
1 21 34 38 
1 4 82 2 3 2 
1 78 5 5 1 4 
1 78 4 3 6 2 
7 41 46 
1 56 18 16 3 
1 64 9 1 1 7 9 2 
7 54 27 1 3 2 
1 24 51 12 4 2 
19 16 26 8 4 4 7 10 
1 87 4 2 
2 30 6 1 30 18 4 2 1 
2 78 14 
2 3 45 29 2 12 1 
1 43 14 6 17 11 1 1 
4 8 66 13 1 2 
1 88 5 
1 37 51 5 
2 34 11 4 43 
1 49 32 9 3 
1 92 1 
2 81 11 
61 33 
19 61 5 8 1 
1 43 26 20 4 
93 1 
1 85 6 1 1 
1 25 31 34 3 
1 13 61 5 5 2 7 
3 58 32 1 
1 60 11 12 2 4 1 2 1 
2 86 2 3 1 
26 66 2 
2 39 15 14 15 1 8 
1 60 31 2 
1 37 18 37 1 
6 50 38 
2 72 16 2 2 
1 16 6 13 7 17 3 12 14 4 1 
20 62 8 1 2 1 
2 72 20 
1 75 17 1 
1 17 21 42 1 2 9 1 
92 2 
2 25 42 20 5 
29 13 21 13 9 8 1 
53 27 11 1 2 
11 50 27 3 2 1 
7 71 5 8 3 
1 3 71 18 1 
5 20 63 1 4 1 
44 32 11 4 1 2 
7 38 30 10 7 1 1 
6 52 27 9 
6 29 47 6 6 
1 34 52 1 6 
1 4 29 23 10 10 14 2 1 
8 24 35 17 3 6 1 
57 21 3 10 1 2 
1 76 5 4 6 2 
1 20 36 9 23 5 
3 77 7 3 2 1 1 
32 4 28 4 13 4 3 3 2 1 
5 58 1 21 9 
34 56 4 
3 42 49 
8 74 12 
1 21 40 21 1 2 1 2 2 2 1 
1 42 28 1 5 7 10 
28 21 31 2 7 1 2 2 
1 23 55 15 
1 17 11 11 12 6 13 6 17 
77 17 
4 29 54 3 1 2 1 
6 18 53 16 1 
2 11 3 8 35 23 4 6 1 1 
17 53 22 1 1 
3 40 44 1 5 1 
4 30 50 9 1 
2 72 20 
4 28 27 4 11 11 9 
1 42 40 6 1 4 
5 44 27 9 7 1 1 
11 69 1 12 1 
1 72 18 3 
2 52 32 8 
1 36 57 
2 50 35 1 5 1 
4 54 36 
9 19 42 23 1 
2 48 4 29 4 2 1 1 2 1 
6 85 3 
3 77 5 2 2 5 
2 41 24 12 7 6 1 1 
2 72 4 14 2 
4 24 3 4 2 25 6 18 1 7 
2 69 23 
1 90 3 
2 37 15 12 22 4 2 
1 20 26 37 10 
1 43 23 15 9 3 
94 
1 10 57 10 16 
1 79 2 2 5 4 1 
21 24 26 6 17 
6 52 27 4 4 1 
1 37 20 25 1 6 4 
1 80 1 12 
1 61 29 2 1 
30 62 2 
1 85 5 1 2 
1 37 50 6 
15 18 38 18 3 2 
65 25 3 1 
3 30 47 6 8 
1 81 7 3 2 
1 11 59 11 11 1 
1 73 20 
84 9 1 
2 85 7 
28 48 18 
1 50 10 21 6 5 1 
5 41 26 4 15 1 1 1 
6 73 14 1 
5 22 39 7 2 17 1 1 
16 74 1 2 1 
1 71 22 
4 67 23 
1 45 48 
30 37 27 
11 19 15 18 6 9 4 2 10 
4 11 54 16 7 2 
9 71 14 
5 38 31 12 4 2 1 1 
22 43 18 6 2 3 
5 55 8 26 
74 15 5 
1 65 28 
10 12 21 38 8 4 1 
1 7 75 8 1 2 
1 68 25 
16 39 13 21 5 
1 41 3 22 13 9 3 1 1 
1 68 17 7 1 
2 78 6 5 2 1 
12 19 33 3 20 4 1 1 1 
37 43 13 1 
7 32 55 
4 55 21 6 2 1 4 1 
6 61 6 5 6 6 1 2 1 
1 80 12 1 
1 45 16 23 3 5 1 
87 3 4 
1 39 31 4 7 8 4 
2 19 13 37 9 12 2 
1 33 36 12 4 1 6 1 
4 49 39 1 1 
7 62 11 6 6 2 
2 49 6 17 18 2 
2 65 4 2 10 3 5 3 
1 87 6 
2 77 4 8 3 
6 83 2 3 
65 28 1 
1 67 9 10 5 2 
14 36 6 3 4 19 5 1 1 4 1 
1 86 7 
3 36 11 37 3 1 3 
2 72 13 2 1 4 
4 1 31 10 6 16 26 
87 6 1 
66 22 3 2 1 
21 24 10 10 2 10 5 12 
12 12 17 44 1 5 2 1 
1 61 6 17 1 6 2 
1 46 18 20 4 5 
1 59 22 12 
8 34 47 4 1 
1 79 8 1 3 1 1 
1 46 40 5 2 
2 67 7 17 1 
1 39 5 4 44 1 
1 45 32 9 7 
1 61 28 4 
1 64 27 1 1 
1 91 2 
7 51 21 5 8 1 1 
3 82 9 
4 52 37 1 
6 54 14 7 10 3 
1 40 6 23 22 2 
2 74 5 11 1 1 
3 2 10 19 7 27 23 2 1 
12 82 
4 76 4 3 2 5 
8 25 9 3 4 34 8 1 1 1 
2 12 11 27 4 33 5 
1 63 19 7 2 2 
9 73 12 
1 75 7 4 7 
6 66 21 1 
65 23 6 
1 24 47 19 3 
17 3 28 40 6 
4 83 3 1 2 1 
2 46 35 8 2 1 
2 17 24 29 9 13 
1 1 92 
4 33 23 18 14 1 1 
4 9 6 37 18 1 5 1 6 2 2 3 
1 8 23 54 3 5 
1 25 2 14 26 16 4 1 4 1 
13 37 39 5 
1 15 32 44 1 1 
15 14 8 16 23 17 1 
3 51 22 10 2 2 4 
2 19 24 27 4 5 5 8 
1 33 6 54 
3 84 4 3 
1 63 23 5 2 
3 16 33 42 
1 22 58 1 12 
2 85 7 
1 5 42 11 5 1 14 1 2 7 1 3 1 
1 52 22 14 3 2 
1 82 6 2 1 2 
1 20 5 58 7 1 2 
21 40 22 1 7 3 
1 85 8 
1 11 10 47 21 3 1 
2 20 4 10 26 3 20 9 
3 20 4 5 52 4 3 3 
2 1 47 13 21 1 4 2 1 2 
63 1 23 3 3 1 
2 64 20 4 4 
4 65 2 2 1 8 3 5 1 2 1 
1 87 1 3 2 
16 58 16 3 1 
4 1 89 
5 6 16 32 23 12 
16 69 6 3 
17 54 20 2 1 
15 35 30 1 4 2 1 5 1 
5 43 9 28 4 3 2 
1 1 26 17 13 16 16 2 1 1 
1 9 64 15 2 1 2 
94 
1 32 10 45 6 
2 22 2 44 17 7 
2 34 35 8 3 1 8 2 1 
3 72 16 2 1 
1 3 83 7 
3 24 34 32 1 
1 33 57 1 2 
2 6 85 1 
1 90 1 1 1 
2 83 6 3 
26 29 3 6 11 11 4 4 
1 93 
1 12 70 7 4 
2 65 20 3 1 2 1 
5 71 17 1 
40 28 12 10 3 1 
3 54 24 3 9 1 
2 10 81 1 
1 30 60 3 
1 10 62 1 15 3 1 1 
89 1 2 1 1 
25 23 25 13 8 
35 11 35 11 1 1 
6 31 41 4 7 2 3 
6 4 3 63 7 10 1 
4 27 17 21 2 18 2 3 
1 83 10 
70 16 4 1 3 
5 26 40 7 4 2 9 1 
6 55 11 6 5 7 1 1 2 
2 70 22 
2 22 59 7 3 1 
13 40 10 30 1 
1 85 5 3 
2 32 53 4 2 1 
94 
4 4 15 35 36 
14 56 23 1 
1 74 2 17 
28 66 
4 41 5 3 33 8 
1 12 15 63 2 1 
1 47 13 25 5 1 1 1 
13 12 20 35 7 6 1 
59 16 2 12 4 1 
10 82 2 
1 93 
1 10 20 3 32 10 2 14 2 
1 3 87 1 2 
3 26 64 1 
1 70 4 18 1 
7 23 55 3 5 1 
1 93 
2 30 13 1 26 7 7 2 1 1 3 1 
1 37 13 17 4 1 8 7 3 1 1 1 
4 41 8 36 5 
1 84 8 1 
49 41 1 2 1 
2 11 30 42 5 4 
92 1 1 
1 51 1 9 24 3 1 3 1 
2 24 24 10 11 4 1 9 1 2 1 1 1 2 1 
1 45 19 5 12 8 3 1 
4 61 9 10 2 1 3 3 1 
1 43 17 22 2 8 1 
1 1 9 4 11 8 8 19 5 24 3 1 
33 15 5 41 
18 38 38 
3 48 14 17 12 
2 6 27 12 35 10 1 1 
8 46 30 7 2 1 
2 25 15 44 7 1 
6 44 38 4 2 
1 60 8 19 3 1 1 1 
1 93 
1 21 42 14 5 5 3 3 
13 18 33 23 1 5 1 
1 78 1 9 5 
1 53 23 13 4 
1 14 64 4 11 
33 41 18 2 
1 66 26 1 
3 21 48 14 1 7 
48 10 4 11 21 
63 4 11 1 3 2 5 3 1 1 
11 23 32 25 3 
2 27 60 2 1 2 
1 5 80 7 1 
1 92 1 
1 83 2 4 3 1 
1 50 43 
27 64 3 
1 43 10 23 17 
5 18 61 10 
47 2 21 2 14 1 2 2 3 
4 32 14 15 20 3 1 4 1 
1 40 22 12 14 3 2 
6 10 20 58 
1 56 37 
25 32 37 
19 4 71 
52 26 11 3 1 1 
3 36 55 
1 46 23 22 2 
3 9 3 11 16 5 10 19 4 13 1 
69 23 2 
2 71 17 1 2 1 
94 
94 
1 37 55 1 
1 46 20 21 2 2 1 1 
4 41 19 6 11 7 1 4 1 
4 81 9 
2 64 25 3 
2 70 18 2 2 
1 9 83 1 
2 85 1 4 1 1 
1 78 12 3 
1 17 15 23 9 23 6 
5 23 10 20 22 4 1 1 5 3 
73 8 3 6 2 2 
1 48 36 2 1 1 4 1 
2 89 3 
42 31 3 16 2 
3 91 
35 38 19 1 1 
1 56 16 17 4 
4 17 23 1 35 9 5 
29 10 15 33 5 1 1 
9 83 1 1 
1 70 15 8 
1 5 80 4 3 1 
12 5 57 19 1 
3 67 5 12 6 1 
1 10 5 6 15 40 10 2 5 
1 74 7 1 11 
1 61 8 9 1 7 3 1 2 1 
2 11 67 7 1 5 1 
6 79 3 2 4 
1 33 17 25 12 1 2 2 1 
40 42 3 2 1 2 2 2 
5 39 32 4 5 8 1 
2 23 22 3 28 5 1 2 6 2 
2 44 9 15 8 16 
1 48 26 15 3 1 
21 45 23 3 1 1 
4 62 8 2 7 6 1 2 2 
2 63 14 13 2 
34 31 26 2 1 
11 63 18 1 1 
1 16 43 10 6 17 1 
32 22 36 1 1 1 1 
11 23 26 18 15 1 
8 86 
1 5 1 4 30 30 13 5 1 1 3 
2 49 3 20 19 1 
6 8 9 28 27 10 2 1 3 
3 40 33 18 
