1 60 34 
1 79 9 3 2 1 
72 2 2 14 5 
2 43 27 15 8 
1 94 
1 12 47 9 26 
5 9 29 18 14 7 2 3 8 
63 24 8 
6 59 1 29 
2 85 8 
2 29 53 11 
8 52 11 15 9 
56 27 9 3 
8 3 52 23 4 1 4 
4 43 22 5 3 10 3 4 1 
2 44 25 6 16 2 
1 71 4 18 1 
1 23 56 10 5 
95 
61 22 7 4 1 
8 30 18 35 3 1 
3 92 
1 37 43 1 6 5 2 
1 86 2 3 3 
1 48 17 24 4 1 
1 66 6 18 3 1 
9 22 46 12 4 1 1 
9 29 26 1 19 6 2 2 1 
1 8 46 30 8 2 
31 40 10 4 6 3 1 
1 71 14 7 2 
56 9 29 1 
4 32 11 30 1 3 9 5 
1 3 76 8 5 1 1 
1 72 1 14 1 6 
8 47 25 1 5 6 3 
8 80 1 1 1 1 2 1 
1 60 34 
8 81 2 2 1 1 
4 9 17 22 19 9 5 2 5 2 1 
1 2 41 4 44 3 
3 1 4 8 23 34 20 2 
3 55 37 
1 76 9 8 1 
1 88 6 
7 2 24 34 16 1 2 4 3 1 1 
1 12 54 9 15 4 
3 20 56 5 5 6 
2 35 58 
7 66 15 7 
93 2 
2 20 58 14 1 
8 53 26 2 1 4 1 
27 60 1 4 3 
1 12 12 10 34 5 7 7 5 2 
1 45 19 6 13 5 1 3 2 
1 91 3 
1 50 43 1 
7 56 1 23 1 4 2 1 
10 20 40 1 16 2 5 1 
4 46 34 6 5 
1 91 3 
1 37 11 11 6 2 14 2 2 2 3 2 2 
1 15 64 5 7 2 1 
8 31 46 3 3 4 
9 14 10 10 38 1 5 4 1 1 1 1 
3 21 19 16 35 1 
1 92 1 1 
1 31 51 10 2 
2 48 7 9 26 3 
1 77 11 6 
2 49 15 8 16 5 
45 36 14 
4 10 1 72 4 4 
1 4 82 1 6 1 
2 71 18 2 2 
5 24 65 1 
1 86 2 3 3 
12 43 40 
3 65 15 9 2 1 
12 46 36 1 
28 45 17 4 1 
27 30 4 26 6 2 
40 31 11 4 8 1 
7 45 11 3 13 9 5 2 
1 12 54 19 6 1 1 1 
4 67 21 1 2 
10 66 1 10 2 4 1 1 
1 47 32 4 11 
3 35 40 6 9 2 
19 51 24 1 
1 17 13 49 7 7 1 
2 89 4 
2 84 8 1 
39 17 11 27 1 
2 87 2 3 1 
3 76 5 3 4 3 1 
78 13 3 1 
1 45 6 36 7 
4 87 4 
40 3 40 10 2 
4 52 32 6 1 
1 31 36 16 5 1 2 3 
2 16 4 70 3 
2 39 33 4 2 10 5 
11 69 15 
2 21 48 24 
1 41 14 21 13 4 1 
1 48 46 
1 4 60 24 3 1 1 1 
1 90 4 
3 91 1 
4 85 6 
1 91 3 
40 36 14 5 
1 50 29 12 1 2 
2 84 4 4 1 
28 61 3 1 1 1 
1 71 1 7 12 2 1 
9 1 47 11 2 11 7 2 3 1 1 
1 77 12 4 1 
4 45 42 3 1 
1 37 9 14 29 2 3 
80 8 7 
1 60 32 1 1 
1 90 4 
1 23 12 16 13 3 3 24 
7 54 29 5 
5 82 7 1 
1 63 28 2 1 
1 9 14 29 15 4 13 7 1 1 1 
11 58 26 
2 66 22 3 1 1 
2 66 11 16 
2 70 15 6 2 
1 36 50 8 
3 20 41 8 7 4 5 3 3 1 
2 33 55 4 1 
13 69 10 3 
1 70 20 2 2 
28 2 57 4 1 3 
1 6 10 33 18 26 1 
1 92 2 
1 36 56 1 1 
15 15 30 2 1 1 23 6 1 1 
1 68 7 19 
7 54 29 4 1 
36 33 11 9 6 
4 16 34 9 23 6 1 1 1 
7 54 28 3 3 
1 68 2 21 3 
2 74 3 4 11 1 
3 69 21 1 1 
2 68 21 2 1 1 
17 53 25 
2 37 48 3 2 2 1 
1 16 42 25 3 3 5 
12 68 9 6 
2 32 17 44 
1 89 2 2 1 
13 2 34 22 3 11 2 3 4 1 
4 26 1 40 14 7 1 2 
9 85 1 
1 73 17 1 2 1 
24 51 5 5 9 1 
2 60 30 2 1 
3 9 83 
1 14 47 23 6 4 
1 27 67 
2 29 37 13 6 7 1 
5 77 11 1 1 
65 12 8 8 2 
10 28 42 6 3 4 1 1 
1 88 6 
1 83 11 
6 79 10 
3 58 29 5 
2 34 58 1 
1 17 52 15 10 
3 6 77 1 3 3 2 
12 61 13 5 3 1 
30 31 9 25 
3 6 16 2 55 4 2 2 2 1 1 1 
1 68 10 5 8 3 
1 45 37 10 1 1 
6 73 11 3 1 1 
84 11 
2 73 13 2 2 2 1 
1 61 30 1 2 
44 25 1 4 11 1 7 2 
2 13 34 4 14 10 18 
1 46 48 
5 65 15 3 4 3 
1 11 43 36 4 
3 48 31 6 1 6 
18 38 21 10 3 4 1 
2 17 37 3 19 12 1 3 1 
11 65 19 
1 62 17 5 7 2 1 
1 35 53 3 2 1 
4 10 14 62 3 1 1 
4 41 40 8 2 
1 4 47 37 5 1 
1 4 13 27 24 12 9 2 1 2 
24 55 16 
8 82 2 2 1 
1 58 12 5 15 2 1 1 
2 46 13 28 1 1 1 1 1 1 
13 77 5 
1 84 5 1 3 1 
3 78 8 2 1 1 1 1 
3 76 16 
1 60 14 17 1 1 1 
17 75 2 1 
5 22 66 2 
1 30 62 2 
1 21 58 2 12 1 
4 61 4 15 7 1 2 1 
5 3 63 4 2 7 10 1 
91 2 2 
92 3 
93 1 1 
15 63 12 1 4 
2 61 24 7 1 
1 57 28 3 6 
75 17 3 
2 46 45 1 1 
1 66 12 16 
1 15 76 1 2 
62 25 8 
38 45 12 
3 64 24 1 1 1 1 
1 9 20 62 3 
3 1 62 10 15 2 1 1 
70 16 3 3 2 1 
2 86 7 
10 29 19 31 3 1 2 
39 13 18 19 6 
1 83 8 1 2 
75 13 4 2 1 
1 60 20 10 1 3 
1 29 38 15 7 2 2 1 
14 74 2 2 2 1 
67 11 1 13 3 
81 13 1 
3 84 3 1 1 3 
41 11 43 
1 67 13 7 1 6 
19 44 5 10 16 1 
3 18 70 2 2 
2 27 46 5 3 12 
8 87 
1 81 13 
19 10 52 8 6 
1 3 47 33 5 5 1 
1 9 78 1 3 3 
5 43 27 1 6 9 2 2 
34 29 32 
1 84 9 1 
5 10 37 19 12 7 1 2 2 
1 16 4 24 12 27 3 3 2 2 1 
95 
1 14 33 16 25 2 3 1 
2 6 9 23 50 2 3 
1 62 8 15 9 
1 84 3 3 1 1 1 1 
14 60 17 2 1 1 
5 26 22 3 4 32 2 1 
26 21 29 1 14 3 1 
78 5 11 1 
13 48 9 15 4 4 2 
9 52 8 17 8 1 
29 24 5 26 2 8 1 
3 84 5 1 2 
1 79 10 1 3 1 
3 85 6 1 
2 26 46 8 2 3 8 
2 83 6 4 
1 5 58 17 14 
1 56 33 3 2 
1 94 
1 52 8 11 3 8 4 4 1 1 1 1 
9 13 9 27 10 4 2 2 14 4 1 
45 6 3 32 6 1 1 1 
17 26 50 1 1 
4 8 81 2 
2 6 31 15 16 4 19 2 
2 40 28 14 11 
1 18 26 19 6 24 1 
2 27 12 29 25 
1 39 46 1 2 1 5 
8 19 41 8 15 2 2 
1 88 1 5 
2 13 19 17 18 19 7 
3 49 8 31 1 1 2 
14 63 18 
58 5 11 21 
4 85 6 
58 16 21 
16 46 7 24 2 
44 44 7 
3 80 12 
1 7 35 24 27 1 
1 58 36 
1 35 46 12 1 
1 91 3 
83 4 6 1 1 
2 65 27 1 
2 76 4 2 7 4 
1 47 25 17 1 4 
5 84 6 
1 45 1 42 1 4 1 
6 81 5 3 
4 3 44 4 28 5 3 3 1 
46 39 10 
10 37 23 18 1 4 2 
1 67 20 2 2 1 2 
1 93 1 
8 59 19 7 2 
1 27 19 45 2 1 
10 46 29 6 4 
5 12 5 70 2 1 
9 15 46 17 2 1 3 1 1 
6 42 21 22 1 1 1 1 
12 64 13 4 1 1 
1 41 14 5 21 9 3 1 
3 78 14 
12 14 66 3 
1 67 8 13 1 2 2 1 
27 36 10 11 6 2 3 
1 65 14 1 2 8 2 2 
1 4 44 28 1 6 2 3 6 
1 40 54 
7 37 8 38 4 1 
3 77 15 
2 11 63 10 9 
1 4 31 53 6 
19 47 16 12 1 
3 62 29 1 
1 93 1 
1 85 7 2 
1 46 29 8 7 4 
13 72 7 1 2 
1 48 33 9 4 
1 14 53 25 1 1 
1 43 26 9 16 
4 74 6 7 1 1 2 
73 22 
3 21 59 10 1 1 
25 12 27 16 6 9 
10 51 10 8 16 
3 47 11 17 17 
11 76 3 2 1 1 1 
2 66 10 6 10 1 
3 79 3 4 3 3 
1 18 14 4 16 4 24 12 1 1 
80 1 5 9 
2 15 33 8 21 8 3 2 1 2 
8 21 44 17 5 
1 43 51 
16 36 3 36 1 1 1 1 
1 79 2 12 1 
19 48 6 12 8 2 
5 47 15 1 15 4 1 2 4 1 
2 63 30 
6 79 7 3 
27 24 41 2 1 
5 44 26 11 9 
3 72 1 5 14 
1 78 16 
46 38 10 1 
1 28 35 20 11 
28 3 1 6 1 38 11 4 2 1 
19 52 23 1 
15 13 14 42 5 4 1 1 
7 65 23 
4 79 8 2 2 
18 17 44 14 2 
4 29 6 14 7 7 23 3 2 
10 79 3 1 1 1 
52 41 2 
1 45 34 2 2 7 2 2 
2 56 37 
2 20 13 38 2 10 5 2 2 1 
1 57 5 22 9 1 
11 41 27 4 11 1 
2 60 31 1 1 
1 88 2 4 
4 21 27 11 8 20 1 3 
3 10 44 17 13 5 3 
7 77 8 3 
2 28 63 1 1 
29 48 9 4 5 
1 90 4 
2 41 34 17 1 
4 15 26 4 14 22 10 
1 58 15 7 14 
11 58 1 15 2 6 1 1 
41 25 18 7 1 1 2 
2 22 9 55 4 2 1 
5 21 8 42 6 4 4 4 1 
3 52 36 3 1 
1 80 14 
1 87 1 5 1 
1 79 6 5 2 1 1 
7 48 33 4 3 
3 28 29 23 6 2 1 3 
1 86 3 4 1 
1 49 1 11 13 20 
1 31 35 6 17 2 3 
1 2 16 44 7 19 4 2 
20 62 11 2 
1 21 61 1 5 2 2 1 1 
3 91 1 
92 1 2 
1 78 8 7 1 
1 9 45 7 21 7 1 3 1 
9 68 3 1 6 6 1 1 
1 49 45 
64 14 13 3 1 
31 24 33 6 1 
1 76 14 1 2 1 
2 30 34 6 8 4 1 4 1 1 2 2 
27 65 3 
1 9 35 2 8 5 11 13 5 3 3 
1 6 48 9 10 19 1 1 
71 9 10 4 1 
2 47 29 1 10 3 1 2 
1 48 28 7 9 2 
3 49 21 21 1 
2 23 19 22 18 8 1 1 1 
3 88 2 1 1 
2 69 15 3 2 4 
1 17 4 70 2 1 
13 14 22 45 1 
4 44 44 3 
7 74 6 7 1 
4 87 3 1 
1 54 22 5 6 6 1 
1 11 30 20 2 6 15 5 2 1 2 
1 49 25 14 3 2 1 
1 52 14 12 3 12 1 
1 37 57 
1 8 36 39 9 1 1 
1 32 6 8 30 18 
3 52 11 11 2 5 1 6 1 2 1 
38 21 9 16 6 5 
1 39 24 29 2 
9 19 49 10 6 2 
1 79 15 
6 14 43 13 5 4 10 
1 52 18 22 1 1 
1 47 29 18 
1 94 
26 40 26 2 1 
9 70 10 4 1 1 
4 23 59 7 2 
1 43 1 16 10 11 6 4 2 1 
2 46 24 18 5 
2 73 14 3 1 2 
3 28 31 14 14 1 1 2 1 
1 2 6 86 
1 12 14 3 33 15 10 3 4 
1 58 9 14 1 2 9 1 
7 16 72 
49 37 9 
6 65 24 
5 5 5 21 59 
1 66 11 2 6 6 2 1 
54 9 27 5 
3 8 22 31 28 2 1 
1 27 8 8 26 15 6 3 1 
2 82 10 1 
5 56 31 1 1 1 
14 71 6 1 1 1 1 
5 23 58 6 1 2 
9 26 60 
1 14 60 1 5 11 1 1 1 
1 10 43 23 3 5 4 2 4 
1 55 17 18 4 
1 76 10 8 
3 28 27 35 2 
19 13 53 6 2 2 
12 81 2 
1 36 49 2 5 2 
3 89 3 
3 88 3 1 
5 67 18 1 4 
5 49 20 13 4 1 1 1 1 
89 6 
95 
1 39 19 12 9 7 3 3 1 1 
1 7 30 40 11 1 3 2 
9 68 18 
1 46 30 7 4 4 1 2 
2 39 5 39 7 3 
1 91 3 
5 76 13 1 
2 21 41 25 3 3 
67 26 2 
5 26 57 1 1 1 1 3 
1 93 1 
4 74 15 1 1 
2 70 21 2 
5 13 19 11 13 23 8 1 1 1 
2 77 14 1 1 
2 52 8 32 1 
95 
2 22 16 27 25 2 1 
3 82 1 8 1 
6 67 3 14 1 2 2 
18 70 6 1 
75 20 
2 50 43 
5 34 22 10 18 4 1 1 
3 9 24 1 54 2 2 
1 58 16 1 2 5 10 2 
71 8 6 7 2 1 
1 76 13 1 4 
66 14 10 3 2 
58 35 2 
10 55 21 7 2 
1 6 30 25 23 5 1 1 1 2 
10 31 6 15 27 4 2 
95 
1 31 51 12 
15 14 40 1 22 3 
3 35 5 11 40 1 
1 84 10 
17 65 13 
56 27 5 5 2 
3 54 21 16 1 
8 19 47 18 2 1 
1 46 48 
13 56 20 5 1 
11 55 8 13 5 1 1 1 
1 9 21 19 35 10 
1 38 29 20 6 1 
2 65 28 
1 56 14 22 2 
17 17 58 2 1 
1 18 76 
2 57 31 1 4 
61 29 1 3 1 
1 72 10 5 4 1 2 
7 38 27 15 1 3 4 
10 61 12 9 3 
2 37 34 21 1 
19 10 58 7 1 
2 68 9 13 2 1 
2 30 13 3 46 1 
28 15 25 15 11 1 
53 37 3 2 
3 52 9 31 
4 3 1 40 28 6 4 1 5 1 1 1 
1 15 39 22 16 2 
1 8 75 6 3 2 
1 3 76 8 3 3 1 
2 1 82 5 1 3 1 
1 67 27 
66 10 16 1 2 
3 37 3 35 13 1 1 1 1 
5 72 15 3 
4 48 14 17 3 5 1 3 
3 19 4 43 3 12 10 1 
1 24 6 10 10 13 13 5 9 4 
2 24 68 1 
1 33 40 16 1 2 2 
5 86 2 1 1 
95 
31 42 21 1 
59 26 10 
3 59 17 9 7 
1 27 66 1 
1 15 21 37 15 1 3 2 
6 56 23 10 
1 43 49 1 1 
16 16 19 4 12 5 4 1 4 2 8 3 1 
3 43 10 3 35 1 
1 40 35 10 6 2 1 
1 22 5 63 4 
18 44 18 10 4 1 
19 66 7 2 1 
1 54 22 4 14 
1 61 7 13 12 1 
95 
16 62 14 1 2 
5 66 22 2 
3 87 5 
1 60 34 
3 9 6 1 56 20 
1 18 41 33 1 1 
5 48 9 4 23 2 1 3 
1 42 38 3 9 2 
1 3 23 5 38 10 7 7 1 
87 8 
3 24 21 32 7 4 4 
5 85 1 2 1 1 
3 56 4 2 14 7 7 2 
22 23 47 1 2 
1 47 40 7 
1 1 89 3 1 
2 59 31 2 1 
56 3 24 2 2 2 2 3 1 
1 54 20 2 3 11 2 1 1 
2 22 18 49 2 2 
14 61 3 11 5 1 
1 50 21 16 7 
5 64 18 6 2 
2 93 
6 81 7 1 
1 90 4 
1 40 4 10 14 6 8 5 3 2 1 1 
1 87 1 2 3 1 
2 27 60 5 1 
4 72 17 2 
44 12 39 
1 69 18 3 1 1 2 
6 1 35 7 41 2 1 2 
39 31 12 11 1 1 
49 17 12 4 8 1 3 1 
1 46 48 
2 23 34 35 1 
4 56 2 33 
1 87 7 
7 84 1 3 
92 1 1 1 
1 35 35 5 11 8 
1 32 24 15 5 5 6 5 1 1 
1 46 9 14 11 7 7 
1 12 37 15 24 3 3 
78 11 6 
4 11 5 25 29 7 6 6 2 
1 39 21 30 4 
3 91 1 
1 53 2 17 3 5 4 3 5 1 1 
2 64 27 1 1 
1 58 33 3 
1 76 13 1 4 
3 66 5 20 1 
8 75 2 9 1 
7 26 32 24 6 
2 5 34 29 6 5 8 2 2 1 1 
88 1 3 1 1 1 
3 44 7 17 12 12 
1 68 10 15 1 
11 66 18 
2 67 23 1 1 1 
5 27 51 6 5 1 
17 28 23 13 1 12 1 
15 49 6 22 3 
1 5 51 5 32 1 
1 43 2 16 2 26 3 2 
3 32 22 11 22 4 1 
4 58 2 11 3 8 7 1 1 
21 34 40 
1 2 33 47 11 1 
5 30 43 3 6 5 1 2 
1 41 37 6 3 1 4 2 
4 83 5 2 1 
13 17 9 20 22 2 5 1 6 
9 42 44 
1 90 1 3 
5 35 24 29 2 
1 12 79 2 1 
12 62 20 1 
5 59 3 11 9 2 5 1 
2 71 3 9 4 2 1 2 1 
7 57 16 4 7 1 3 
12 80 1 1 1 
1 71 3 18 1 1 
26 3 13 35 15 1 1 1 
3 11 81 
19 65 5 3 3 
1 81 12 1 
3 26 1 60 2 2 1 
94 1 
2 37 27 1 4 5 9 5 1 3 1 
1 36 24 7 23 2 1 1 
1 35 39 20 
1 25 44 4 2 15 2 2 
3 18 66 2 4 1 1 
14 19 13 48 1 
1 20 44 30 
1 10 17 35 16 15 1 
2 86 7 
11 33 32 10 8 1 
3 50 32 1 3 6 
10 85 
1 40 50 3 1 
72 16 2 5 
89 4 2 
7 51 36 1 
7 23 51 5 9 
4 16 23 5 7 31 9 
2 63 25 3 1 1 
13 34 3 22 11 10 2 
10 52 9 24 
1 60 20 5 7 1 1 
1 28 31 16 18 1 
3 61 16 3 7 2 3 
95 
1 91 1 1 1 
2 10 17 46 2 5 1 1 5 5 1 
1 50 29 4 2 5 1 1 1 1 
5 90 
1 77 17 
4 73 18 
76 15 4 
1 83 10 1 
2 43 48 2 
85 5 5 
1 14 4 50 11 5 9 1 
89 6 
1 42 2 43 7 
3 12 70 10 
47 35 13 
4 7 10 49 16 7 2 
8 15 41 20 9 1 1 
1 83 1 4 1 2 1 2 
2 90 3 
1 78 3 1 6 5 1 
1 75 17 1 1 
2 88 5 
19 44 3 21 1 6 1 
4 49 5 30 2 5 
3 33 59 
1 74 10 5 4 1 
6 62 13 13 1 
5 12 1 24 7 9 32 1 4 
5 80 8 1 1 
95 
2 3 12 23 24 8 23 
41 16 34 2 1 1 
1 30 36 26 2 
2 92 1 
1 87 6 1 
1 61 33 
1 42 39 12 1 
1 69 21 3 1 
90 2 3 
2 60 25 6 1 1 
3 59 26 6 1 
1 18 12 1 55 8 
4 77 14 
24 27 6 4 8 14 6 5 1 
1 29 44 4 12 3 2 
1 26 33 4 20 6 1 2 2 
4 25 31 20 15 
2 66 20 5 2 
2 29 12 4 45 3 
1 28 63 2 1 
1 5 89 
1 93 1 
1 81 8 4 1 
52 5 8 9 3 16 2 
1 22 59 11 1 1 
1 66 25 3 
1 72 15 3 3 1 
1 85 5 3 1 
1 33 50 9 1 1 
1 67 26 1 
1 83 5 3 3 
1 36 23 31 3 1 
1 20 25 35 5 7 2 
1 53 19 16 6 
1 85 9 
1 50 26 8 8 1 1 
1 13 27 40 14 
1 71 13 4 2 4 
12 14 19 32 9 2 3 2 1 1 
1 53 28 12 1 
35 47 13 
1 10 36 23 22 1 1 1 
3 21 4 40 25 1 1 
1 38 44 12 
2 69 11 6 1 6 
4 4 64 20 1 2 
2 83 7 3 
8 51 27 6 3 
2 43 24 6 4 9 5 1 1 
1 27 67 
1 93 1 
12 56 5 4 9 6 2 1 
7 34 20 29 2 2 1 
1 76 1 3 6 1 3 2 2 
1 55 9 20 9 1 
1 89 2 1 2 
15 43 30 6 1 
7 2 16 26 23 7 9 2 3 
1 28 11 10 39 2 4 
50 6 39 
11 24 57 2 1 
31 30 33 1 
3 19 12 6 20 2 23 8 1 1 
4 63 23 4 1 
94 1 
3 44 16 31 1 
60 2 22 1 5 1 1 1 2 
15 41 23 9 7 
8 24 41 15 3 1 2 1 
1 29 40 6 17 1 1 
1 32 6 10 23 13 7 1 1 1 
1 7 41 13 16 13 4 
32 45 14 3 1 
1 39 55 
1 43 15 7 6 22 1 
3 80 2 1 7 1 1 
1 88 3 2 1 
1 77 16 1 
1 78 9 2 2 3 
3 82 2 7 1 
30 42 1 4 18 
1 36 34 4 2 6 6 6 
2 1 84 2 3 2 1 
47 2 42 2 1 1 
16 30 37 10 2 
1 2 76 14 1 1 
9 78 8 
1 32 56 3 3 
48 42 5 
3 61 11 7 5 4 1 3 
5 48 28 11 2 1 
17 44 34 
1 79 1 13 1 
2 54 27 5 1 1 1 1 3 
3 31 59 1 1 
1 92 2 
1 33 61 
1 19 3 50 10 11 1 
24 26 22 17 6 
3 80 7 2 2 1 
1 74 19 1 
15 35 5 23 3 4 2 1 4 2 1 
2 79 14 
76 10 2 2 3 2 
1 28 18 10 22 5 8 2 1 
4 43 19 21 8 
2 31 19 4 22 2 5 1 5 1 3 
2 85 5 2 1 
4 87 4 
1 62 32 
15 52 26 1 1 
1 42 26 8 16 2 
2 12 26 4 24 21 6 
7 12 35 29 1 1 8 1 1 
3 55 36 1 
4 24 7 20 18 9 4 9 
2 80 12 1 
10 36 2 40 4 3 
6 42 47 
1 47 17 11 2 7 1 5 4 
7 13 37 29 8 1 
1 46 9 34 1 4 
9 44 14 8 2 8 8 1 1 
71 13 4 3 2 2 
68 25 1 1 
2 22 21 15 11 23 1 
13 35 19 24 4 
1 7 51 36 
1 70 24 
3 7 77 1 4 3 
1 85 9 
1 78 4 10 2 
6 45 31 13 
1 23 18 3 8 2 11 22 6 1 
4 70 5 2 8 3 3 
44 18 22 6 5 
1 24 23 18 27 1 1 
9 2 44 24 11 4 1 
1 37 48 3 2 3 1 
1 94 
1 41 9 11 1 16 16 
12 18 31 6 28 
43 8 18 1 22 1 2 
13 18 40 8 9 3 2 1 1 
1 18 24 28 16 8 
1 16 78 
37 51 2 3 1 1 
1 17 48 1 28 
5 55 32 3 
1 69 10 9 2 4 
1 58 11 10 9 6 
10 85 
1 35 18 40 1 
4 72 10 9 
1 2 71 1 12 1 5 2 
1 67 11 2 14 
1 15 40 6 17 1 10 3 2 
5 24 33 7 9 3 6 3 2 3 
1 1 5 78 4 3 2 1 
2 14 25 24 16 8 1 3 2 
93 1 1 
1 1 83 8 2 
38 44 13 
1 27 59 5 3 
7 19 41 5 21 1 1 
1 26 9 34 14 11 
5 57 7 26 
2 51 21 21 
5 18 26 14 2 6 17 7 
1 37 11 18 20 8 
27 15 8 13 11 12 4 3 1 1 
2 64 27 1 1 
4 30 59 1 1 
6 75 6 7 1 
10 26 59 
1 42 3 33 8 4 2 2 
41 46 5 1 1 1 
16 73 6 
2 32 61 
1 72 20 1 1 
1 46 46 2 
4 19 32 17 12 11 
1 81 13 
8 69 18 
1 32 29 18 6 3 3 3 
47 15 11 10 3 7 1 1 
1 24 15 9 8 24 7 2 4 1 
1 90 1 2 1 
4 67 2 7 14 1 
13 64 10 3 1 2 1 1 
21 1 13 32 2 21 3 1 1 
6 45 44 
4 42 1 13 21 6 2 3 3 
7 41 17 2 4 17 6 1 
1 53 30 1 10 
1 27 46 10 9 1 1 
2 44 12 12 22 1 2 
5 40 8 36 2 2 2 
2 67 9 9 7 1 
1 82 5 1 3 2 1 
4 47 10 20 10 4 
6 75 7 7 
1 70 9 13 2 
1 89 4 1 
19 44 19 3 3 6 1 
7 87 1 
1 70 2 6 5 7 4 
1 6 57 9 1 21 
1 18 73 1 1 1 
2 17 5 2 5 5 6 32 15 2 4 
2 92 1 
1 42 22 10 20 
1 91 1 1 1 
5 10 6 64 2 1 3 3 1 
58 23 6 8 
1 52 33 8 1 
20 54 15 3 2 1 
1 22 47 15 1 6 3 
8 49 35 1 2 
1 55 30 7 1 1 
91 2 1 1 
5 45 43 1 1 
1 94 
5 29 18 28 8 4 1 1 1 
1 72 19 2 1 
6 74 15 
6 16 67 2 4 
1 3 23 43 3 17 2 2 1 
1 19 71 4 
95 
1 55 13 4 11 3 2 1 1 3 1 
1 40 2 11 33 2 5 1 
1 38 30 16 2 8 
1 73 4 6 1 6 1 2 1 
31 63 1 
1 81 6 5 1 1 
1 46 10 30 7 1 
5 31 48 2 1 1 1 2 2 1 1 
9 14 48 15 1 1 7 
3 58 33 1 
3 16 22 36 3 1 8 4 2 
1 91 1 1 1 
1 58 22 7 1 2 3 1 
3 63 14 13 2 
21 7 15 27 1 23 1 
51 44 
1 40 1 52 1 
53 20 16 6 
1 49 38 2 2 1 1 1 
15 8 5 3 9 10 16 11 5 13 
90 1 4 
5 43 1 42 2 1 1 
1 9 54 8 9 13 1 
35 1 7 8 25 4 4 1 7 1 1 1 
1 88 2 1 2 1 
1 18 7 4 56 4 3 1 1 
10 37 44 3 1 
1 78 15 1 
1 53 17 20 3 1 
1 30 48 2 10 1 1 1 1 
8 18 17 22 30 
1 39 6 37 7 2 3 
31 7 7 25 12 3 5 5 
1 18 58 14 3 1 
19 75 1 
1 23 31 20 19 1 
1 19 66 7 2 
4 2 12 32 30 9 2 3 1 
1 3 52 16 6 15 1 1 
58 7 6 8 13 1 1 1 
3 84 8 
2 68 7 2 16 
2 43 22 6 8 13 1 
3 19 37 34 2 
8 30 51 2 2 2 
2 73 20 
1 63 23 2 3 2 1 
4 24 33 15 19 
3 58 18 16 
1 2 62 21 1 5 3 
2 11 29 18 14 3 3 5 6 1 3 
1 53 39 1 1 
73 2 18 2 
1 3 39 8 2 15 2 1 10 4 6 1 1 2 
1 34 37 12 6 3 2 
1 51 1 5 15 14 5 3 
6 82 2 2 2 1 
19 10 23 3 10 3 10 11 4 2 
1 75 19 
4 46 4 12 2 24 1 2 
2 80 9 1 1 2 
4 45 7 2 21 8 4 4 
10 75 7 3 
8 21 21 24 19 2 
1 30 35 17 7 2 3 
1 26 42 19 7 
2 13 78 1 1 
1 34 2 13 27 6 4 6 1 1 
6 41 43 1 3 1 
24 31 22 1 12 5 
5 11 8 12 46 10 2 1 
6 69 20 
6 41 30 4 11 3 
36 51 3 4 1 
2 4 39 15 1 1 12 20 1 
1 62 11 9 11 1 
2 33 26 16 7 6 5 
1 55 34 1 4 
1 79 9 5 1 
1 1 24 11 14 22 18 4 
1 31 19 39 5 
1 93 1 
3 68 8 6 8 1 1 
10 70 1 13 1 
2 68 22 1 2 
44 23 6 7 2 10 3 
1 69 24 1 
92 3 
54 23 5 4 5 2 1 1 
1 52 30 1 6 5 
89 6 
1 40 47 2 2 3 
89 3 3 
2 8 83 1 1 
3 25 9 38 6 8 1 5 
2 76 17 
5 35 33 12 8 2 
9 8 52 22 2 2 
54 32 8 1 
1 44 16 8 3 11 4 8 
4 5 51 22 1 11 1 
3 88 2 1 1 
2 5 35 23 1 28 1 
3 77 3 11 1 
3 92 
1 14 7 59 3 4 3 1 2 1 
1 8 60 11 5 4 2 1 3 
1 1 42 24 27 
9 71 7 1 4 1 2 
6 74 4 5 2 2 1 1 
1 14 77 3 
1 62 15 1 16 
3 86 2 2 1 1 
29 60 3 3 
22 48 4 18 1 2 
1 69 16 4 3 1 1 
1 84 10 
3 73 19 
7 45 28 7 8 
29 15 23 4 6 3 12 1 2 
4 72 5 8 6 
9 73 7 1 2 2 1 
39 16 39 1 
40 35 17 2 1 
3 14 6 72 
9 22 63 1 
1 21 43 28 2 
1 47 19 19 4 5 
2 74 19 
2 32 28 19 8 3 3 
9 19 29 28 6 2 1 1 
27 51 13 4 
30 45 13 6 1 
79 6 9 1 
16 4 69 3 3 
1 53 8 18 10 4 1 
85 5 1 3 1 
87 3 3 2 
1 24 7 39 4 10 5 2 2 1 
1 90 4 
5 80 5 3 1 1 
1 15 8 27 4 15 11 3 4 4 2 1 
37 26 30 2 
2 91 2 
1 74 2 1 16 1 
4 66 2 23 
6 78 11 
1 61 1 8 1 1 21 1 
1 1 7 43 17 12 12 1 1 
27 47 7 6 4 4 
2 24 60 1 3 5 
89 3 2 1 
10 76 2 4 1 1 1 
7 87 1 
5 65 25 
2 2 54 36 1 
1 37 28 12 1 2 1 7 1 1 1 3 
1 42 50 2 
9 40 44 1 1 
15 45 35 
2 80 6 4 1 1 1 
3 3 12 49 11 1 4 9 2 1 
59 32 4 
1 13 28 28 22 3 
3 34 25 21 6 3 3 
1 86 1 7 
2 41 40 5 4 2 1 
3 28 25 39 
1 45 46 1 2 
2 53 35 1 3 1 
1 86 8 
59 9 13 3 1 3 1 3 3 
10 38 27 2 12 1 1 3 1 
1 28 19 18 9 9 10 1 
73 13 9 
31 37 27 
2 40 34 9 2 2 1 2 1 2 
1 56 31 1 6 
4 35 15 29 8 3 1 
1 58 7 21 4 4 
8 35 1 5 13 10 1 8 2 1 5 4 2 
2 57 20 4 6 3 2 1 
2 74 2 8 7 1 1 
29 53 9 1 3 
17 73 5 
60 30 1 3 1 
4 6 23 15 16 27 1 2 1 
15 48 32 
8 46 22 4 10 5 
9 77 9 
4 49 27 14 1 
94 1 
3 8 83 1 
1 21 55 15 3 
83 11 1 
1 75 15 2 2 
9 68 10 8 
1 28 8 45 10 1 2 
37 24 30 3 1 
9 32 21 4 8 4 4 7 2 4 
1 86 2 4 2 
65 5 2 23 
14 74 3 3 1 
2 77 6 7 1 1 1 
1 47 33 6 4 4 
1 9 77 5 2 1 
1 27 67 
62 11 5 16 1 
7 54 5 27 1 1 
71 5 12 7 
5 49 26 15 
1 43 6 26 14 5 
6 36 53 
4 51 37 1 2 
1 8 78 1 6 1 
93 1 1 
1 70 24 
86 2 1 4 1 1 
82 11 1 1 
3 42 1 21 27 1 
1 65 15 9 1 2 1 1 
82 10 3 
33 53 6 1 2 
3 38 43 5 1 2 3 
2 48 8 36 1 
3 18 16 3 15 38 2 
11 42 12 1 29 
16 60 18 1 
12 28 53 2 
2 60 19 12 2 
4 90 1 
87 8 
7 55 27 5 1 
6 49 12 6 21 1 
1 36 47 2 4 3 2 
1 26 61 7 
1 43 11 10 10 16 3 1 
1 64 30 
33 17 28 8 3 2 3 1 
5 71 18 1 
14 50 3 22 4 2 
3 69 8 8 2 4 1 
6 35 27 1 2 12 12 
8 52 33 2 
16 54 25 
18 58 19 
1 22 18 17 3 20 11 1 1 1 
1 37 30 7 13 5 2 
1 31 15 16 3 2 9 7 1 3 6 1 
17 8 2 57 7 2 2 
2 12 43 1 7 5 9 11 3 1 1 
59 24 2 6 3 1 
1 26 17 35 11 4 1 
1 30 9 34 13 8 
21 13 52 6 1 2 
11 21 16 44 1 1 1 
1 64 23 6 1 
1 89 3 2 
90 5 
2 5 6 11 45 24 1 1 
13 71 11 
8 74 12 1 
1 85 8 1 
51 8 20 16 
1 67 27 
6 50 23 11 2 2 1 
1 78 1 2 1 7 5 
6 50 21 18 
14 54 22 1 2 1 1 
6 63 2 8 15 1 
39 56 
1 87 3 4 
1 8 16 4 19 11 17 14 5 
3 59 2 8 17 6 
72 11 12 
1 69 23 2 
1 32 62 
11 34 40 9 1 
1 34 57 3 
3 89 2 1 
95 
3 24 44 14 5 5 
1 14 27 43 10 
6 86 3 
2 23 1 61 5 1 1 1 
32 46 4 13 
12 9 33 5 10 11 7 5 3 
21 40 26 3 3 1 1 
2 42 40 1 1 8 1 
55 35 4 1 
56 30 5 3 1 
28 48 1 6 2 3 7 
1 43 42 2 4 3 
1 94 
26 57 9 2 1 
11 7 26 17 3 5 12 12 2 
1 72 22 
4 47 44 
1 29 28 26 1 1 1 4 4 
2 84 8 1 
1 88 6 
2 53 9 10 4 3 10 1 2 1 
1 21 10 17 44 2 
1 85 6 3 
2 31 47 13 2 
1 18 68 6 2 
21 68 6 
1 62 8 5 17 2 
1 65 29 
1 88 5 1 
1 35 52 1 1 4 1 
3 30 62 
2 60 12 10 10 1 
1 35 50 8 1 
1 67 16 3 2 5 1 
5 24 22 42 2 
10 6 29 33 7 7 2 1 
1 82 1 10 1 
1 53 16 7 13 4 1 
1 58 20 10 4 1 1 
1 75 17 1 1 
95 
83 12 
4 29 4 26 9 2 14 3 3 1 
1 32 60 2 
5 66 1 4 1 10 4 2 2 
1 62 22 9 1 
2 6 9 24 36 11 6 1 
1 50 40 2 2 
3 18 22 26 2 12 10 2 
7 77 5 5 1 
5 33 35 8 8 2 4 
1 49 16 27 2 
1 19 75 
10 60 22 3 
69 17 8 1 
1 37 48 8 1 
1 20 74 
2 54 17 7 6 1 6 1 1 
85 10 
1 56 7 3 26 2 
1 91 2 1 
11 59 23 1 1 
1 1 67 19 3 2 2 
12 53 7 15 2 1 4 1 
2 22 18 40 9 2 2 
89 3 1 1 1 
9 47 23 11 5 
7 23 55 10 
1 14 5 6 29 1 34 3 1 1 
2 26 66 1 
1 46 27 19 1 1 
38 22 35 
39 25 11 20 
4 88 1 1 1 
6 72 14 2 1 
37 48 3 5 2 
4 67 24 
1 52 31 6 5 
1 41 29 5 14 4 1 
6 16 31 39 1 2 
1 43 36 9 3 3 
1 62 25 1 2 1 1 1 1 
1 18 76 
7 24 24 31 1 1 1 5 1 
6 50 18 4 8 1 4 2 1 1 
3 40 52 
1 65 8 17 4 
12 50 11 4 8 10 
2 6 47 21 19 
3 2 29 24 28 3 4 1 1 
1 59 17 15 3 
38 43 13 1 
1 94 
2 44 12 6 3 12 12 4 
2 83 4 5 1 
57 30 5 3 
6 23 4 24 24 2 12 
7 70 14 2 2 
1 48 43 2 1 
1 42 46 2 1 1 1 1 
1 45 34 15 
1 68 13 10 3 
1 17 72 4 1 
2 30 5 17 11 13 17 
2 83 5 2 2 1 
2 64 29 
3 57 18 11 3 1 2 
1 30 64 
1 70 24 
28 51 14 1 1 
1 53 7 5 11 13 3 2 
2 69 13 11 
1 54 40 
93 1 1 
4 12 61 14 4 
3 83 5 4 
48 41 2 1 1 1 1 
2 16 12 28 32 2 3 
13 28 53 1 
2 64 25 1 1 1 1 
63 28 4 
95 
1 71 10 8 3 2 
78 5 3 9 
1 70 16 6 1 1 
2 24 29 4 3 8 7 11 7 
6 44 18 1 25 1 
15 37 34 5 1 1 2 
29 31 25 9 1 
4 22 39 6 20 3 1 
2 78 2 13 
3 31 59 1 1 
1 52 11 22 2 1 6 
4 39 40 12 
1 26 56 7 4 1 
1 6 67 20 1 
4 11 51 11 17 1 
2 41 23 19 5 4 1 
9 25 18 22 4 8 2 3 1 2 1 
3 62 28 1 1 
8 36 24 22 2 3 
1 89 2 2 1 
5 9 9 29 25 15 2 1 
3 77 5 6 2 2 
1 25 60 1 1 2 3 1 1 
1 4 68 21 1 
1 29 33 23 8 1 
12 54 27 1 1 
1 92 1 1 
1 66 6 12 5 3 1 1 
64 30 1 
15 33 11 7 7 22 
1 36 21 13 6 7 2 2 6 1 
1 80 11 3 
1 53 31 4 4 2 
1 85 1 1 3 1 2 1 
2 72 9 3 4 1 3 1 
4 45 1 18 6 10 9 1 1 
2 58 10 19 3 2 1 
3 88 4 
3 52 33 6 1 
21 47 9 14 4 
1 48 18 12 7 4 3 2 
1 28 16 41 2 5 2 
1 40 51 1 1 1 
1 69 19 2 2 2 
1 14 19 26 11 4 10 6 2 2 
38 1 14 36 4 1 1 
3 2 26 11 38 9 2 3 1 
7 84 3 1 
1 6 10 14 48 1 10 5 
25 57 9 4 
1 92 1 1 
10 8 40 7 28 1 1 
8 41 10 4 32 
8 80 5 1 1 
13 64 4 9 5 
61 4 23 7 
1 6 70 14 1 1 2 
8 47 14 8 2 1 8 5 1 1 
51 34 2 5 1 2 
20 60 15 
32 20 4 7 12 17 3 
1 72 16 3 3 
4 11 76 1 3 
20 31 37 2 3 2 
8 4 2 18 24 8 16 5 4 1 3 2 
1 25 50 7 2 7 3 
2 14 61 4 3 3 1 1 3 1 1 1 
10 45 32 3 1 2 2 
2 61 29 1 2 
13 59 23 
6 51 26 9 1 2 
2 36 53 3 1 
21 36 36 1 1 
2 54 18 17 2 1 1 
1 35 4 23 28 2 1 1 
3 16 6 13 41 14 2 
1 22 34 5 19 2 9 3 
6 82 7 
1 37 54 2 1 
1 64 25 1 3 1 
2 50 38 1 2 1 1 
16 6 25 33 3 8 4 
5 61 24 4 1 
9 59 27 
16 74 5 
13 43 18 11 9 1 
1 26 68 
3 57 29 3 1 1 1 
8 23 4 7 13 21 3 15 1 
52 22 19 1 1 
4 89 2 
1 9 28 31 4 22 
1 23 13 42 12 1 1 2 
2 2 72 4 2 8 2 2 1 
1 44 50 
1 60 32 1 1 
1 45 9 15 17 1 3 1 2 1 
1 83 2 8 1 
13 79 2 1 
81 3 9 2 
7 61 17 8 1 1 
1 74 1 2 10 4 2 1 
1 53 25 16 
2 2 31 20 16 13 11 
3 88 4 
1 32 13 11 5 6 7 5 13 1 1 
1 51 11 22 6 1 1 2 
29 51 10 4 1 
3 44 44 2 2 
15 33 47 
2 2 45 27 14 5 
15 32 27 5 16 
32 20 8 13 8 5 1 1 1 5 1 
1 83 11 
3 56 5 13 17 1 
2 88 1 4 
1 21 27 39 2 2 3 
1 27 19 15 8 3 8 8 3 2 1 
35 20 2 17 2 19 
13 34 48 
16 30 26 10 5 1 2 1 4 
1 63 20 3 6 2 
27 50 13 5 
83 8 1 3 
3 32 18 2 1 10 23 1 2 2 1 
7 7 23 25 1 14 7 9 1 1 
1 83 2 7 2 
6 5 39 18 13 12 1 1 
5 57 32 1 
6 28 39 21 1 
47 36 12 
2 43 47 2 1 
1 50 17 5 19 2 1 
1 93 1 
1 19 73 1 1 
1 84 5 4 1 
7 47 10 25 5 1 
3 1 13 47 25 5 1 
4 90 1 
94 1 
3 15 40 1 22 12 2 
1 37 1 31 6 3 16 
17 15 33 8 16 1 1 1 3 
58 18 2 16 1 
1 22 58 6 8 
2 45 13 16 12 5 2 
1 64 26 3 1 
1 39 45 8 2 
1 88 3 3 
1 94 
17 21 28 20 2 1 3 2 1 
1 16 32 7 38 1 
1 44 23 6 16 4 1 
1 86 2 4 1 1 
59 9 22 3 1 1 
23 32 39 1 
1 71 21 1 1 
3 43 49 
8 47 3 27 1 4 2 1 1 1 
1 88 6 
1 31 35 19 3 3 1 2 
1 68 24 2 
1 82 10 1 1 
1 86 6 2 
9 9 16 61 
14 80 1 
7 66 19 1 2 
14 24 37 10 9 1 
2 15 75 3 
7 40 22 17 1 7 1 
4 14 69 8 
3 24 42 11 7 5 3 
10 78 7 
1 47 9 16 15 3 2 1 1 
6 10 1 41 35 2 
1 9 26 32 18 5 2 1 1 
3 24 54 1 5 6 2 
1 58 3 20 9 4 
4 70 16 4 1 
31 40 11 2 4 1 3 2 1 
3 13 14 27 25 4 1 2 6 
1 39 34 15 5 1 
10 15 17 28 25 
87 1 1 6 
1 76 17 1 
1 36 46 1 8 2 1 
21 72 2 
9 65 20 1 
3 73 2 17 
3 10 61 13 5 2 1 
2 49 18 13 5 5 3 
6 67 16 6 
1 76 8 2 1 1 5 1 
25 62 8 
1 61 9 14 3 3 2 1 1 
4 61 21 6 1 2 
8 38 15 5 19 4 5 1 
1 42 31 3 15 1 2 
1 35 28 9 1 19 2 
1 35 59 
1 82 10 2 
1 36 1 23 12 16 4 2 
77 15 2 1 
6 50 39 
4 42 43 1 5 
7 9 28 29 21 1 
11 62 11 9 1 1 
47 40 6 1 1 
2 32 52 2 1 3 2 1 
5 90 
1 46 16 16 12 4 
1 6 58 5 21 1 1 2 
6 10 25 30 10 2 4 8 
65 27 3 
1 25 35 2 32 
30 4 26 35 
1 42 34 2 1 3 7 3 1 1 
1 14 41 25 4 3 7 
1 19 40 27 6 2 
1 11 24 24 24 9 2 
1 40 12 11 8 9 6 7 1 
16 54 23 2 
1 34 22 30 1 4 3 
15 54 5 4 9 1 5 1 1 
39 6 3 21 20 3 3 
1 68 4 16 3 1 2 
15 16 14 19 5 3 5 1 5 5 5 2 
1 1 86 1 5 1 
35 56 1 3 
5 48 24 17 1 
11 39 41 4 
6 70 15 3 1 
6 52 7 20 2 2 4 2 
2 29 45 11 2 2 1 3 
2 62 25 2 4 
1 58 27 3 2 3 1 
5 25 41 11 12 1 
25 35 5 18 2 5 4 1 
1 35 50 5 4 
2 36 18 27 7 4 1 
1 58 36 
51 13 3 15 10 2 1 
16 36 43 
59 32 4 
2 84 8 1 
5 83 1 3 3 
11 30 30 14 9 1 
93 2 
95 
1 7 67 5 13 2 
2 73 1 15 2 1 1 
1 66 16 4 7 1 
20 45 3 10 11 2 2 2 
1 65 15 9 5 
24 32 6 26 2 4 1 
2 44 20 23 6 
1 54 1 7 6 5 7 1 10 1 1 1 
57 11 25 2 
4 5 84 1 1 
5 36 48 1 5 
7 32 30 23 3 
6 83 2 3 1 
7 51 37 
16 57 17 5 
95 
1 38 34 1 4 8 9 
40 16 32 6 1 
12 14 63 2 1 3 
95 
3 57 15 3 16 1 
1 58 2 3 21 9 1 
6 68 2 6 4 3 1 2 3 
1 15 41 28 10 
1 70 3 8 11 1 1 
1 35 19 26 10 2 2 
42 36 12 4 1 
4 8 23 5 49 5 1 
1 59 29 4 2 
1 52 7 6 28 1 
4 81 10 
1 27 21 17 28 1 
1 2 44 18 3 4 12 5 1 1 2 1 1 
95 
50 13 19 8 5 
10 63 22 
8 52 32 2 1 
3 31 5 37 3 6 2 7 1 
4 52 37 1 1 
10 37 10 15 19 1 1 2 
1 88 4 1 1 
17 60 18 
2 37 49 6 1 
88 7 
2 6 78 1 2 5 1 
8 38 48 1 
1 36 51 3 1 3 
5 86 3 1 
2 17 3 10 39 21 3 
15 25 22 5 5 15 7 1 
86 2 4 3 
6 51 1 8 16 10 1 2 
12 8 42 1 31 1 
3 5 38 39 5 3 2 
3 55 10 18 2 6 1 
1 64 12 17 1 
1 86 8 
29 37 29 
3 81 5 3 1 2 
2 7 60 10 9 2 3 2 
10 32 18 33 2 
6 66 5 16 2 
2 2 40 8 11 8 7 8 4 1 2 2 
57 17 18 1 2 
25 39 26 1 4 
75 16 2 2 
10 65 6 13 1 
1 91 2 1 
1 18 22 41 1 9 2 1 
1 29 64 1 
1 10 21 3 59 1 
2 83 10 
3 46 44 1 1 
10 64 10 8 1 1 1 
2 60 9 18 1 3 2 
2 74 7 10 2 
2 69 23 1 
18 23 24 24 4 2 
1 35 45 11 1 2 
8 38 27 15 6 1 
6 74 15 
1 37 36 13 4 4 
2 42 32 18 1 
1 57 36 1 
1 24 25 15 25 5 
3 47 45 
5 37 4 46 1 1 1 
2 80 10 3 
1 59 34 1 
26 61 8 
1 94 
25 47 23 
2 68 3 21 1 
2 75 1 6 11 
19 49 16 2 3 2 3 1 
7 12 18 18 37 2 1 
2 47 31 13 2 
4 8 15 18 24 7 18 1 
19 4 59 11 2 
1 68 24 1 1 
3 39 53 
1 52 37 2 3 
27 30 11 1 5 14 6 1 
23 36 11 8 6 6 1 1 2 1 
2 23 18 12 23 10 5 2 
19 44 31 1 
8 3 9 24 13 19 17 2 
1 84 10 
4 19 62 7 3 
2 3 31 57 2 
1 37 19 11 10 2 15 
1 59 26 4 3 1 1 
5 73 9 8 
2 51 42 
1 8 76 2 8 
2 43 46 3 1 
1 82 5 3 2 2 
2 24 50 11 3 4 1 
1 73 2 4 5 2 8 
1 28 55 9 2 
5 41 23 12 10 4 
1 56 22 9 7 
41 9 17 16 4 7 1 
1 15 52 26 1 
1 22 65 2 3 1 1 
1 2 27 4 43 6 7 1 3 1 
3 59 32 1 
11 3 19 12 20 28 2 
2 59 6 11 4 2 11 
2 4 49 37 1 2 
1 70 15 6 3 
1 10 39 1 44 
5 61 21 2 6 
8 35 48 4 
7 62 20 1 5 
2 23 30 7 16 15 2 
4 88 2 1 
2 90 3 
16 70 9 
1 43 5 1 8 35 1 1 
22 7 66 
43 15 7 30 
1 56 21 9 5 1 1 1 
7 60 7 4 9 3 5 
3 91 1 
7 17 66 4 1 
1 41 48 2 1 2 
70 24 1 
1 43 29 13 9 
7 85 1 2 
7 30 58 
9 60 4 11 11 
6 26 18 20 2 15 8 
1 2 74 17 1 
1 60 34 
3 44 47 1 
3 64 15 5 4 3 1 
21 38 31 4 1 
1 31 15 27 17 1 3 
24 54 8 2 4 3 
79 15 1 
4 13 36 10 20 10 1 1 
1 5 50 4 33 2 
1 85 9 
13 22 54 3 3 
1 23 24 42 3 1 1 
1 85 9 
6 51 27 2 3 6 
11 30 40 3 3 1 7 
1 7 67 4 12 4 
2 12 58 4 11 5 2 1 
1 37 6 5 2 44 
4 77 14 
2 11 17 28 3 19 3 12 
8 77 9 1 
1 63 31 
95 
1 50 35 7 1 1 
8 46 19 19 2 1 
1 18 15 31 8 2 8 11 1 
4 27 32 26 5 1 
1 86 6 2 
5 20 69 1 
1 9 32 31 6 5 4 4 2 1 
5 68 22 
4 72 9 9 1 
3 89 2 1 
2 62 11 19 1 
2 25 5 14 35 9 4 1 
2 33 10 18 8 24 
1 74 3 9 4 4 
4 17 33 41 
62 16 6 9 2 
1 65 17 1 11 
1 87 7 
4 57 4 7 20 2 1 
2 56 14 8 3 9 3 
3 23 7 23 9 15 14 1 
5 78 7 4 1 
18 48 22 1 5 1 
3 71 3 10 8 
2 82 3 4 4 
2 67 26 
1 20 29 6 3 12 20 2 2 
1 80 6 8 
1 84 10 
1 26 26 42 
2 40 17 20 5 1 7 1 1 1 
3 90 2 
16 71 8 
1 64 5 15 8 1 1 
15 21 41 8 7 3 
1 72 2 4 5 1 3 7 
1 81 13 
2 67 2 1 19 1 3 
15 24 56 
1 14 7 67 1 1 2 1 1 
1 55 14 20 1 1 2 1 
2 76 1 14 2 
1 86 8 
6 61 9 10 4 4 1 
93 2 
1 21 55 8 9 1 
1 40 11 33 4 5 1 
1 71 14 7 2 
3 70 20 1 1 
3 4 57 22 6 1 2 
1 42 5 28 6 7 1 2 2 1 
39 35 1 3 2 4 8 2 1 
85 5 5 
29 60 6 
3 41 49 2 
12 42 10 21 1 6 3 
3 70 3 14 2 2 1 
92 1 1 1 
70 10 12 2 1 
7 41 47 
12 42 4 11 1 1 15 9 
2 89 3 1 
1 8 5 8 40 9 9 7 3 5 
1 37 57 
1 24 33 9 26 2 
4 45 36 8 1 1 
15 61 19 
1 12 38 3 12 14 7 3 3 2 
1 80 11 1 2 
67 25 3 
1 70 19 1 1 2 1 
2 2 37 19 5 24 5 1 
2 78 12 1 2 
2 93 
42 52 1 
18 29 10 12 17 1 6 1 1 
1 84 4 2 1 1 2 
1 61 3 4 25 1 
2 14 1 43 11 2 20 1 1 
3 88 4 
1 86 7 1 
1 52 24 15 2 1 
1 52 42 
23 52 1 1 5 10 3 
1 1 36 48 3 2 4 
1 1 16 18 39 10 8 1 1 
1 80 4 3 2 4 1 
1 6 12 69 4 2 1 
30 62 1 2 
1 40 25 23 3 3 
4 69 7 5 9 1 
1 63 28 3 
3 65 1 6 2 9 5 2 1 1 
5 22 36 29 3 
1 94 
1 40 54 
1 37 53 3 1 
12 31 24 4 8 6 7 1 2 
6 76 2 9 1 1 
7 72 9 1 6 
1 24 57 6 1 6 
4 68 22 1 
3 78 1 11 1 1 
1 80 14 
1 78 16 
2 7 82 3 1 
1 50 13 1 24 1 4 1 
1 62 15 15 1 1 
60 15 10 4 5 1 
1 65 3 15 1 1 9 
1 39 12 26 11 6 
1 68 20 4 1 1 
1 73 18 1 2 
3 59 33 
1 62 26 5 1 
1 85 8 1 
2 36 20 18 12 3 2 1 1 
77 16 2 
5 29 15 12 30 1 1 2 
32 42 21 
55 38 2 
59 9 27 
13 52 30 
1 44 36 2 8 3 1 
3 61 28 3 
1 54 23 8 9 
1 68 5 17 4 
24 47 19 5 
77 6 9 2 1 
1 21 3 2 43 22 2 1 
3 64 28 
17 76 1 1 
3 54 6 22 5 3 2 
15 40 26 12 2 
2 86 2 1 2 2 
15 17 8 20 22 5 3 3 2 
5 30 2 56 1 1 
1 64 14 8 4 2 2 
1 83 9 2 
1 94 
1 37 46 2 7 1 1 
55 27 6 6 1 
4 71 20 
1 90 4 
9 22 62 1 1 
10 15 52 10 2 6 
1 23 60 3 6 2 
4 70 8 11 2 
1 24 40 22 8 
4 84 7 
2 60 6 22 2 2 1 
1 74 6 2 2 10 
54 40 1 
5 29 35 5 8 5 2 3 3 
4 7 59 13 7 2 1 1 1 
1 35 18 17 5 12 6 1 
1 43 26 21 3 1 
1 34 3 50 4 3 
1 60 34 
5 30 33 9 10 7 1 
1 11 36 26 2 5 1 11 2 
80 2 3 9 1 
1 4 8 34 34 1 6 7 
1 44 50 
1 57 6 13 8 9 1 
1 26 60 6 2 
1 71 7 15 1 
7 61 2 5 14 3 3 
1 5 37 52 
1 22 72 
1 26 44 16 1 2 2 1 1 1 
2 6 8 77 1 1 
1 8 33 39 3 6 1 1 3 
82 5 2 5 1 
1 25 68 1 
6 67 22 
2 88 1 4 
1 26 36 24 6 1 1 
2 12 61 16 4 
1 62 12 11 7 1 1 
3 20 17 7 5 19 18 3 3 
2 72 13 1 7 
1 33 34 16 6 3 1 1 
1 19 55 11 1 1 7 
3 85 6 1 
12 76 7 
2 77 16 
2 40 28 10 10 4 1 
8 10 21 23 33 
93 1 1 
1 22 20 49 3 
1 75 3 7 7 2 
3 58 21 11 2 
1 40 53 1 
2 61 8 16 3 4 1 
1 4 74 1 8 7 
7 54 34 
9 9 16 8 9 39 1 3 1 
4 48 25 8 3 2 2 3 
8 68 11 5 3 
1 12 72 8 2 
2 37 37 2 11 5 1 
1 8 78 6 1 1 
3 55 26 11 
1 12 78 3 1 
1 46 18 28 1 1 
1 93 1 
1 80 14 
1 15 31 16 27 4 1 
3 63 25 1 3 
4 91 
39 12 34 2 8 
1 39 5 29 21 
68 10 4 10 3 
13 30 50 2 
4 29 35 17 2 5 2 1 
5 63 10 10 2 1 4 
1 32 26 32 2 1 1 
1 71 23 
1 71 4 14 4 1 
34 49 8 1 1 1 1 
30 23 26 9 7 
44 32 15 1 1 1 1 
2 35 13 43 2 
1 80 14 
1 56 34 2 2 
3 17 52 23 
37 54 3 1 
5 34 53 3 
1 70 24 
49 36 2 4 1 3 
1 11 10 13 51 9 
1 58 14 12 5 2 1 2 
1 78 10 3 2 1 
88 6 1 
1 18 27 34 9 5 1 
2 60 30 3 
1 9 67 15 1 1 1 
3 75 12 2 2 1 
2 87 6 
1 85 5 4 
1 71 18 2 3 
1 92 1 1 
9 7 1 32 40 1 1 1 3 
1 2 57 21 14 
6 80 9 
46 27 18 1 2 1 
3 91 1 
4 30 33 25 2 1 
1 13 76 3 2 
21 72 1 1 
91 3 1 
9 2 60 1 6 9 7 1 
48 31 8 7 1 
1 54 8 10 5 4 1 2 3 2 3 2 
5 8 80 1 1 
1 85 9 
2 48 43 2 
5 54 32 2 2 
1 48 45 1 
1 83 8 1 2 
2 85 1 2 3 2 
9 38 32 9 4 1 1 1 
9 72 14 
2 10 82 1 
1 84 10 
3 18 18 55 1 
1 56 14 12 10 1 1 
3 4 61 27 
87 2 6 
5 39 18 8 3 12 3 2 5 
1 64 14 6 5 5 
26 58 1 6 1 3 
4 43 9 38 1 
10 72 10 2 1 
16 62 15 1 1 
39 24 32 
27 41 22 4 1 
4 87 4 
30 24 34 5 2 
95 
36 56 2 1 
2 34 31 12 9 7 
1 40 29 21 2 2 
75 7 1 2 5 3 1 1 
1 32 62 
5 37 10 32 8 2 1 
1 74 19 1 
1 44 34 14 1 1 
1 54 35 2 3 
5 16 47 8 9 2 2 1 3 1 1 
1 66 28 
1 44 2 24 24 
1 40 14 21 3 7 7 2 
1 30 26 38 
1 56 13 24 1 
1 9 84 1 
31 64 
1 83 9 1 1 
3 19 40 9 21 2 1 
13 48 13 5 12 4 
32 53 6 2 2 
1 22 69 2 1 
1 44 12 10 25 2 1 
46 11 36 1 1 
5 59 21 1 6 3 
92 1 1 1 
9 39 25 14 1 4 3 
2 32 32 14 2 13 
5 74 3 2 11 
36 31 1 19 8 
47 26 6 8 2 2 1 2 1 
15 3 10 22 1 21 11 12 
12 33 17 6 4 7 16 
2 73 2 13 5 
2 2 90 1 
40 39 9 5 2 
4 75 7 2 4 2 1 
1 10 49 12 7 16 
18 44 33 
3 35 1 4 27 11 10 3 1 
1 70 20 3 1 
25 7 58 5 
8 47 39 1 
3 29 12 1 38 6 5 1 
1 57 22 5 8 2 
2 61 5 25 2 
7 4 15 62 5 1 1 
1 46 30 3 4 6 1 2 1 1 
2 19 24 34 6 1 8 1 
1 33 23 12 25 1 
10 14 58 1 1 5 5 1 
6 44 11 18 10 2 3 1 
1 37 5 21 28 1 1 1 
1 78 8 6 1 1 
4 90 1 
1 16 47 19 1 10 1 
1 7 48 21 1 8 1 5 2 1 
17 20 44 8 3 1 2 
4 90 1 
2 30 29 17 17 
49 42 4 
27 14 33 5 5 10 1 
1 12 44 6 5 11 9 1 4 2 
3 51 14 19 7 1 
18 70 3 4 
4 34 35 15 7 
1 8 24 29 8 22 2 1 
84 6 2 3 
1 23 3 67 1 
20 3 36 22 11 2 1 
1 70 2 14 1 4 1 2 
24 28 35 6 2 
92 3 
1 34 59 1 
3 44 14 8 6 1 8 3 5 3 
3 68 19 2 3 
1 71 14 6 3 
1 74 17 2 1 
2 7 4 15 52 7 3 1 2 2 
14 3 25 36 17 
29 4 62 
2 64 5 3 12 7 1 1 
20 45 21 1 8 
95 
8 23 7 4 2 12 12 21 2 1 3 
56 30 3 3 2 1 
1 10 42 20 3 16 1 1 1 
1 19 56 18 1 
4 83 1 3 4 
7 65 21 1 1 
1 63 17 14 
1 64 17 13 
1 22 9 2 41 19 1 
92 1 2 
1 87 1 6 
2 5 38 31 1 2 13 2 1 
7 53 31 4 
2 4 39 6 6 9 7 15 1 4 1 1 
2 42 40 7 4 
1 51 43 
1 84 4 5 1 
1 88 5 1 
2 5 14 13 12 1 22 11 3 1 10 1 
2 52 26 4 3 1 3 2 2 
1 4 88 2 
3 50 34 5 2 1 
1 22 16 27 8 1 10 4 1 3 1 1 
3 77 2 2 1 8 1 1 
1 78 14 1 1 
1 87 1 2 3 1 
1 70 3 20 1 
7 31 5 15 10 24 1 2 
12 54 29 
1 40 52 1 1 
1 52 16 11 5 1 2 3 3 1 
1 55 9 14 12 3 1 
12 75 7 1 
1 48 2 20 11 5 7 1 
2 83 10 
2 20 37 1 19 8 7 1 
1 87 6 1 
3 20 71 1 
5 40 38 11 1 
5 80 6 1 3 
3 51 5 4 30 2 
23 42 16 8 2 3 1 
1 63 3 15 8 4 1 
90 2 3 
24 56 13 2 
95 
6 47 13 16 13 
21 47 5 9 6 3 3 1 
2 87 4 1 1 
1 13 23 29 2 14 8 4 1 
31 12 27 22 3 
27 30 18 5 2 2 5 2 4 
1 24 8 28 21 1 11 1 
1 86 8 
1 17 57 10 6 4 
1 64 10 9 6 3 2 
1 74 12 5 2 1 
19 67 8 1 
2 62 2 3 14 10 1 1 
1 6 68 15 5 
2 66 18 1 2 2 3 1 
1 39 50 4 1 
32 40 9 5 9 
1 84 10 
4 20 30 15 11 2 10 1 1 1 
2 42 7 29 11 4 
2 40 14 9 2 20 7 1 
2 53 27 12 1 
1 76 3 15 
34 54 7 
55 40 
1 32 24 33 4 1 
1 26 22 26 10 2 4 2 2 
87 2 1 3 1 1 
2 46 2 24 7 2 6 1 4 1 
1 32 29 17 8 2 1 5 
61 18 4 5 2 3 2 
35 48 5 1 6 
46 32 5 11 1 
3 48 43 1 
13 52 14 6 1 1 6 1 1 
1 52 9 15 18 
39 42 5 3 4 2 
1 78 14 2 
11 27 4 13 23 12 4 1 
8 74 13 
7 67 19 1 1 
5 84 1 3 1 1 
67 11 15 2 
90 2 1 2 
1 35 4 30 2 18 4 1 
1 68 20 2 3 1 
3 35 49 8 
92 3 
90 2 3 
1 78 3 11 2 
2 15 70 6 2 
2 78 4 2 4 5 
3 73 16 1 1 1 
7 28 59 1 
1 53 39 2 
2 38 37 18 
1 52 42 
1 64 12 5 8 3 1 1 
5 24 20 33 11 1 1 
2 41 51 1 
1 2 63 13 2 5 1 5 2 1 
13 52 7 2 12 3 4 1 1 
2 10 43 27 7 4 2 
1 88 3 3 
1 91 3 
91 4 
80 8 6 1 
1 42 5 42 4 1 
2 11 62 7 1 2 7 1 2 
3 79 2 11 
2 52 31 7 2 1 
10 10 25 44 2 3 1 
14 79 1 1 
5 73 2 14 1 
1 20 30 3 8 24 8 1 
39 10 13 14 13 5 1 
1 13 32 7 3 4 7 6 16 4 2 
1 4 3 65 15 6 1 
41 2 14 18 2 2 7 7 2 
1 51 13 2 20 1 1 1 5 
20 5 32 35 2 1 
2 51 21 18 3 
1 54 34 6 
2 91 2 
28 28 39 
1 21 14 20 7 15 5 5 6 1 
1 9 48 28 6 3 
3 72 2 5 5 1 3 2 1 1 
1 93 1 
2 62 2 1 27 1 
1 42 52 
1 90 4 
1 81 6 7 
1 60 18 12 4 
83 11 1 
1 85 7 2 
18 37 23 16 1 
45 2 26 7 12 2 1 
4 5 13 19 42 3 4 1 2 2 
1 55 25 3 5 1 1 1 1 2 
1 54 28 2 2 4 2 1 1 
3 4 26 1 17 24 8 11 1 
17 69 9 
2 82 8 1 2 
18 66 10 1 
26 7 22 1 7 16 11 4 1 
4 30 43 5 5 6 2 
6 75 1 6 3 1 3 
19 41 2 11 20 2 
2 29 19 37 2 3 2 1 
11 83 1 
3 38 17 21 9 3 2 1 1 
1 81 2 8 3 
2 74 18 1 
1 31 3 15 26 8 3 7 1 
11 5 14 65 
4 78 13 
28 53 7 1 6 
8 74 13 
7 61 27 
90 2 2 1 
10 78 7 
12 63 7 7 6 
77 14 1 1 2 
1 15 41 3 24 6 5 
31 32 1 31 
7 23 43 10 9 1 2 
7 68 15 1 1 1 2 
6 77 12 
1 8 76 10 
12 79 3 1 
1 7 87 
2 18 57 2 2 11 2 1 
1 36 30 6 9 1 2 8 2 
22 14 11 5 13 6 15 6 1 2 
1 29 1 17 46 1 
4 40 22 22 4 1 2 
2 13 4 17 33 11 8 1 4 2 
6 16 32 2 13 15 8 3 
19 21 23 30 2 
51 37 4 1 2 
7 57 12 12 6 1 
5 75 15 
1 1 7 24 15 19 14 7 4 3 
2 1 19 32 25 3 2 3 6 2 
26 53 8 2 1 4 1 
43 6 2 27 1 4 7 4 1 
8 79 2 5 1 
23 10 40 10 5 7 
2 31 2 30 17 2 2 3 5 1 
24 70 1 
4 12 45 30 4 
1 53 9 25 1 3 1 1 1 
18 64 5 2 5 1 
10 54 3 11 15 1 1 
1 78 4 10 1 1 
2 45 46 2 
3 68 4 20 
9 27 18 41 
2 20 17 45 7 1 2 1 
3 83 5 2 1 1 
14 35 26 20 
1 60 12 11 3 1 6 1 
11 74 9 1 
4 77 10 3 1 
2 60 15 10 4 2 2 
2 27 54 4 2 4 2 
1 45 15 20 14 
1 94 
2 71 21 1 
2 33 58 2 
1 60 1 31 2 
1 66 2 11 5 6 1 3 
2 5 15 61 5 4 2 1 
18 74 3 
13 26 16 24 14 1 1 
16 77 1 1 
7 34 3 24 21 1 1 3 1 
1 42 8 22 4 17 1 
43 28 12 3 6 3 
2 66 27 
1 27 42 15 9 1 
92 2 1 
1 76 1 3 4 9 1 
1 26 65 1 2 
9 78 2 2 3 1 
1 74 17 1 1 1 
2 50 26 12 4 1 
1 2 89 2 1 
1 66 27 1 
12 54 27 1 1 
4 78 7 4 1 1 
1 57 32 2 2 1 
5 20 40 18 8 2 2 
1 81 13 
1 35 35 17 6 1 
2 84 8 1 
48 11 19 4 5 2 2 2 1 1 
8 11 71 2 2 1 
2 65 26 1 1 
1 6 53 9 19 7 
1 60 6 22 2 2 2 
9 32 31 3 10 5 2 3 
1 86 6 1 1 
76 10 9 
58 8 22 1 6 
4 76 3 11 1 
3 73 9 4 2 4 
1 14 52 5 11 3 4 3 1 1 
6 54 6 3 18 4 2 1 1 
63 21 9 2 
2 65 21 1 4 2 
1 87 5 2 
3 59 18 15 
9 44 38 3 1 
95 
1 90 4 
2 85 6 1 1 
1 28 15 28 10 12 1 
1 78 10 5 1 
6 67 4 8 5 1 2 1 1 
2 76 1 3 7 5 1 
9 53 32 1 
6 75 5 7 2 
1 21 17 12 2 13 13 12 3 1 
4 58 31 1 1 
2 66 17 2 8 
67 17 8 1 1 1 
1 36 42 10 2 1 2 1 
1 39 9 46 
94 1 
93 1 1 
14 68 1 1 11 
27 24 12 10 14 6 2 
2 14 79 
9 71 8 2 2 2 1 
29 34 29 1 1 1 
1 43 33 15 3 
1 17 20 23 16 14 2 2 
1 51 29 12 2 
40 25 15 4 1 5 1 2 1 1 
1 49 22 13 5 1 2 1 1 
2 16 39 3 16 10 4 4 1 
3 57 35 
3 87 5 
94 1 
1 57 26 7 1 3 
14 70 9 1 1 
1 54 27 13 
1 14 38 14 13 13 1 1 
14 34 6 41 
1 7 62 12 10 3 
5 13 10 11 9 42 5 
2 5 44 3 29 7 2 1 1 1 
1 35 49 6 1 3 
25 18 41 10 1 
3 81 10 1 
12 57 13 9 2 2 
57 25 13 
1 77 17 
1 33 59 1 1 
48 30 1 6 1 4 1 2 2 
5 10 74 3 2 1 
11 68 2 5 7 2 
2 85 2 4 1 1 
1 68 15 7 2 1 1 
4 15 21 24 12 8 3 4 1 3 
7 12 6 47 13 1 6 2 1 
1 38 25 9 16 4 2 
3 68 24 
3 13 53 23 2 1 
1 14 72 1 4 1 2 
21 52 12 3 1 3 2 1 
5 32 34 14 10 
1 36 47 7 4 
1 92 2 
1 31 38 5 13 1 4 1 1 
4 54 33 1 3 
9 84 2 
1 75 1 18 
1 32 1 24 4 17 4 10 2 
91 3 1 
2 69 22 2 
2 33 44 14 2 
1 62 11 2 4 2 2 4 3 2 2 
4 75 16 
6 81 2 5 1 
1 86 6 2 
4 35 42 2 6 4 1 1 
1 71 2 11 2 7 1 
27 29 4 5 22 1 3 1 1 1 1 
2 62 7 15 1 4 4 
1 52 7 19 7 1 7 1 
1 67 1 14 1 7 2 2 
1 63 7 11 5 1 5 1 1 
90 5 
4 79 11 1 
1 18 71 4 1 
46 1 39 7 1 1 
4 40 34 4 3 7 2 1 
5 60 30 
79 16 
1 62 32 
8 70 1 7 9 
1 19 9 56 3 3 1 2 1 
70 12 13 
6 32 8 36 2 6 4 1 
1 55 10 6 13 6 4 
2 25 29 6 15 7 5 2 4 
18 75 2 
10 46 39 
10 39 12 10 19 3 2 
2 75 7 9 2 
3 79 4 5 2 1 1 
58 34 3 
3 56 1 20 5 6 1 1 1 1 
16 16 25 14 23 1 
1 35 28 3 14 6 7 1 
1 78 16 
82 6 2 5 
1 36 7 30 10 8 2 1 
1 75 5 1 1 8 2 1 1 
1 16 48 5 12 2 5 5 1 
1 58 34 2 
1 36 49 7 1 1 
6 89 
1 6 1 61 9 17 
2 13 77 3 
1 48 46 
1 56 37 1 
47 42 5 1 
2 56 33 3 1 
2 43 50 
2 41 11 38 2 1 
1 53 29 4 3 3 1 1 
9 79 6 1 
15 79 1 
54 3 30 4 3 1 
12 72 9 2 
1 31 24 20 15 3 1 
19 20 11 10 7 14 1 2 1 7 3 
1 14 35 25 7 7 6 
20 19 22 30 4 
35 43 3 5 9 
5 42 30 5 11 2 
19 55 6 8 6 1 
1 8 8 71 1 4 2 
3 45 7 14 18 7 1 
2 54 16 17 2 1 1 2 
14 60 18 2 1 
4 59 2 19 5 1 2 2 1 
1 68 10 16 
56 2 1 10 20 2 3 1 
19 29 20 20 6 1 
1 77 12 4 1 
12 34 3 46 
8 43 31 9 1 3 
6 46 42 1 
1 1 27 48 18 
1 39 49 1 1 3 1 
1 50 13 18 8 5 
1 78 1 4 7 1 2 1 
2 18 8 20 36 10 1 
1 15 14 14 37 3 3 7 1 
13 79 2 1 
1 40 43 2 6 3 
1 68 22 2 1 1 
2 67 21 4 1 
1 48 45 1 
1 65 24 1 2 2 
1 73 2 15 4 
90 4 1 
1 65 5 12 12 
5 65 20 4 1 
3 18 4 5 41 6 17 1 
1 55 26 2 6 3 2 
56 27 12 
10 41 35 2 1 2 1 3 
2 16 59 15 3 
7 21 42 13 1 3 1 4 3 
18 67 7 1 2 
7 54 15 2 1 5 6 1 2 2 
1 21 19 17 23 6 2 4 2 
1 72 7 13 2 
6 86 3 
1 80 8 4 2 
12 39 8 20 4 12 
19 76 
2 71 14 2 6 
2 80 13 
1 91 3 
10 22 8 49 6 
1 1 65 20 4 1 1 1 1 
5 31 25 34 
91 4 
1 76 15 3 
12 74 7 1 1 
1 75 4 8 4 2 1 
2 42 13 25 1 9 1 1 1 
35 4 9 39 6 1 1 
2 48 45 
1 45 46 3 
1 48 44 2 
1 73 4 15 1 1 
9 39 37 8 1 1 
1 56 7 10 4 11 3 3 
29 59 3 2 1 1 
1 90 4 
1 54 40 
79 9 1 4 1 1 
1 19 17 55 1 1 1 
1 73 21 
2 75 1 10 5 2 
3 91 1 
5 90 
95 
6 64 13 7 5 
1 11 76 6 1 
1 48 38 4 1 3 
1 60 34 
15 22 36 8 14 
1 30 19 27 11 5 2 
1 42 52 
1 85 3 2 2 2 
1 72 20 2 
1 34 39 9 12 
8 24 52 7 4 
1 78 16 
1 32 33 5 13 4 3 4 
1 8 78 3 5 
1 76 2 3 13 
3 54 16 3 9 5 1 1 2 1 
1 73 7 5 5 3 1 
1 25 14 28 17 4 5 1 
1 93 1 
1 40 32 20 2 
3 50 17 5 11 8 1 
2 31 24 35 1 1 1 
1 8 61 2 23 
1 15 16 48 15 
1 94 
2 50 9 29 5 
31 44 2 1 16 1 
3 75 13 1 2 1 
1 28 30 9 2 2 2 20 1 
1 26 68 
3 12 51 2 11 8 1 5 1 1 
4 69 1 13 1 2 5 
1 22 61 3 8 
1 30 52 5 5 2 
1 22 66 3 3 
4 75 10 5 1 
11 71 5 4 2 2 
1 16 25 21 23 9 
95 
1 14 13 7 19 17 12 4 8 
82 8 3 1 1 
1 59 34 1 
2 58 34 1 
8 41 16 17 11 1 1 
1 81 1 8 3 1 
37 44 3 7 4 
7 14 10 5 48 6 3 1 1 
13 58 24 
6 75 6 6 2 
14 65 1 8 6 1 
5 89 1 
1 27 40 27 
4 69 10 1 7 1 1 2 
30 41 17 3 3 1 
1 53 26 13 2 
8 86 1 
23 49 8 5 1 1 1 5 2 
1 9 46 21 10 5 3 
3 23 65 4 
6 40 41 8 
1 55 13 2 21 3 
1 85 8 1 
1 73 11 2 4 1 3 
5 81 9 
1 60 21 9 4 
2 79 11 3 
11 51 5 6 13 8 1 
1 67 6 13 3 4 1 
3 23 7 34 20 4 3 1 
62 14 17 1 1 
72 10 5 7 1 
1 64 2 23 3 2 
1 47 33 8 6 
9 4 45 6 28 1 1 1 
4 35 23 1 32 
1 41 4 4 43 2 
14 4 74 3 
3 12 10 15 18 7 30 
1 73 2 4 9 4 1 1 
3 14 29 30 3 5 5 3 2 1 
4 22 67 1 1 
72 14 3 5 1 
1 22 5 39 8 17 1 2 
1 82 12 
1 14 59 21 
2 69 16 5 3 
3 54 9 24 4 1 
32 41 16 3 3 
7 86 2 
2 47 22 16 2 4 1 1 
17 54 3 15 4 1 1 
1 56 26 8 2 2 
3 14 54 7 15 1 1 
11 83 1 
1 72 18 3 1 
3 50 16 4 12 6 3 1 
20 27 47 1 
2 93 
2 33 22 5 31 2 
1 21 30 35 7 1 
18 10 26 2 5 2 25 5 2 
1 21 18 45 3 2 3 1 1 
2 78 4 8 1 1 1 
2 61 3 1 3 2 19 1 3 
2 73 6 7 3 2 2 
1 70 9 2 6 4 3 
1 69 20 1 3 1 
4 14 68 6 2 1 
5 55 27 5 1 2 
1 60 33 1 
1 91 2 1 
1 32 43 3 4 3 1 7 1 
1 16 27 8 1 38 1 3 
1 67 24 1 2 
1 81 8 1 3 1 
2 75 9 6 1 2 
1 20 21 16 24 7 3 1 2 
36 14 44 1 
34 34 23 2 1 1 
2 6 74 10 2 1 
1 47 14 13 17 2 1 
4 57 10 8 1 11 1 1 2 
10 82 2 1 
6 65 11 1 5 4 2 1 
4 77 3 8 3 
1 30 31 20 12 1 
1 56 25 2 7 4 
1 49 45 
3 47 16 23 4 2 
1 37 56 1 
1 31 29 21 9 3 1 
3 71 18 1 1 1 
6 40 2 30 9 8 
1 23 22 39 10 
1 10 61 18 5 
1 44 38 4 1 6 1 
1 42 1 2 12 6 26 4 1 
7 85 2 1 
1 67 26 1 
68 14 4 5 4 
7 26 3 31 6 1 18 1 2 
1 16 7 32 2 2 32 3 
5 66 4 16 2 2 
2 87 6 
13 52 12 13 4 1 
92 1 1 1 
2 65 20 6 2 
10 36 34 14 1 
1 42 20 15 9 8 
3 71 8 3 6 3 1 
2 64 1 6 21 1 
71 23 1 
39 19 2 25 5 2 1 2 
1 76 18 
1 30 50 6 4 2 2 
1 46 1 12 15 13 7 
1 24 13 16 14 3 10 5 3 1 1 2 1 1 
7 77 4 1 2 4 
1 63 15 6 2 6 2 
1 9 4 37 8 18 9 3 5 1 
1 59 28 6 1 
2 23 68 2 
2 69 11 7 2 2 1 1 
20 61 3 4 5 2 
7 69 18 1 
7 49 16 7 10 5 1 
73 4 10 6 2 
1 2 2 29 20 25 1 4 5 3 3 
12 74 4 2 2 1 
53 11 20 4 6 1 
89 5 1 
61 28 2 3 1 
1 70 10 2 3 2 4 1 1 1 
38 50 7 
2 82 5 5 1 
2 18 61 14 
4 63 3 17 4 1 3 
8 11 75 1 
1 55 8 25 1 3 1 1 
2 82 2 8 1 
5 11 36 34 4 1 3 1 
1 1 12 45 5 12 16 3 
5 65 8 13 4 
1 83 11 
8 29 33 22 3 
1 21 38 12 7 6 7 1 2 
45 38 3 6 3 
1 18 75 1 
1 17 46 31 
95 
1 3 70 21 
2 91 2 
1 54 39 1 
5 31 16 7 15 6 3 3 7 2 
5 27 37 20 6 
3 8 20 49 4 4 2 4 1 
1 56 32 4 1 1 
1 18 16 8 14 35 3 
88 4 2 1 
16 21 56 1 1 
1 20 60 5 1 2 4 1 1 
41 33 8 1 6 2 4 
3 55 37 
2 90 3 
1 90 2 2 
4 59 7 5 11 4 4 1 
1 52 37 2 2 1 
4 2 39 13 10 27 
1 77 17 
9 37 13 21 7 1 1 3 1 2 
4 25 63 3 
3 81 1 3 2 4 1 
2 63 1 20 5 1 3 
1 54 14 7 9 6 4 
3 75 5 7 2 2 1 
1 3 56 8 13 8 2 1 3 
2 36 39 5 9 2 2 
55 10 20 5 2 3 
11 2 9 73 
4 68 11 12 
7 26 51 4 1 3 2 1 
9 46 10 6 18 4 1 1 
6 5 74 6 4 
2 34 10 21 20 3 5 
1 89 2 3 
2 67 11 9 4 2 
9 49 27 7 2 1 
1 84 2 7 1 
13 55 26 1 
5 42 26 14 6 2 
42 23 10 11 3 1 4 1 
76 16 2 1 
95 
4 83 1 7 
3 81 10 1 
4 52 26 1 3 9 
3 33 40 13 6 
1 30 30 1 30 3 
8 85 2 
10 54 2 23 1 2 1 1 1 
1 62 18 11 2 1 
4 80 2 4 4 1 
14 36 16 13 12 2 2 
95 
3 72 17 3 
7 63 3 2 13 2 4 1 
1 63 25 2 4 
12 3 55 15 2 3 2 1 2 
3 90 2 
3 43 42 1 6 
1 12 21 31 26 3 1 
37 13 25 5 4 11 
92 3 
9 66 5 2 3 8 2 
23 63 6 3 
1 21 72 1 
4 82 9 
13 3 61 15 3 
1 60 6 2 21 1 3 1 
63 7 7 17 1 
2 31 30 13 12 1 2 4 
29 37 29 
1 75 13 2 1 1 2 
3 78 11 1 2 
1 88 2 1 2 1 
29 8 11 7 21 2 10 3 3 1 
1 69 16 9 
1 70 23 1 
61 29 2 1 1 1 
91 3 1 
4 24 46 2 9 9 1 
6 75 13 1 
1 80 4 6 2 1 1 
1 26 14 53 1 
3 18 42 6 19 5 2 
1 58 1 27 6 2 
2 5 80 7 1 
20 73 2 
4 57 12 16 5 1 
23 52 20 
1 48 34 7 5 
4 4 28 36 20 3 
37 4 52 1 1 
13 82 
2 59 25 3 2 3 1 
1 16 12 51 13 2 
7 67 6 1 7 4 3 
2 42 48 2 1 
15 2 59 2 9 1 1 1 4 1 
1 61 19 6 7 1 
12 64 11 2 3 2 1 
8 66 13 6 1 1 
74 2 1 2 2 5 6 1 1 1 
2 89 4 
1 38 48 5 3 
13 48 5 11 6 12 
1 89 5 
8 74 8 4 1 
1 2 58 18 12 1 2 1 
30 51 4 9 1 
5 53 9 7 4 2 13 1 1 
1 16 54 3 19 1 1 
2 9 84 
1 3 26 5 53 2 5 
1 86 2 6 
46 13 28 8 
1 5 89 
1 10 57 10 4 6 2 5 
2 54 2 8 5 13 2 5 3 1 
58 1 16 2 1 9 8 
2 20 47 4 10 3 1 3 4 1 
8 73 14 
13 65 13 3 1 
3 43 29 17 3 
36 30 29 
1 7 86 1 
54 9 32 
4 7 9 52 5 9 6 1 1 1 
2 72 2 10 5 1 2 1 
4 68 23 
1 71 23 
1 51 30 9 4 
92 1 2 
80 3 3 4 2 1 1 1 
1 28 55 5 3 2 1 
2 8 4 19 6 37 4 15 
10 46 33 5 1 
9 29 15 4 25 1 2 5 3 2 
2 88 5 
1 69 14 9 2 
6 6 80 3 
1 9 29 16 30 2 8 
10 66 19 
7 46 24 10 5 3 
2 35 26 3 11 1 6 3 7 1 
1 90 4 
2 36 43 12 2 
4 47 9 32 2 1 
2 60 28 2 1 1 1 
2 59 22 11 1 
6 82 6 1 
3 10 48 9 15 4 6 
4 57 6 14 10 3 1 
41 23 19 12 
22 1 27 17 9 17 2 
3 24 23 35 1 5 3 1 
3 67 21 3 1 
1 55 26 11 2 
1 78 10 5 1 
2 21 16 1 40 1 3 7 3 1 
1 83 11 
5 65 17 8 
3 76 9 7 
19 39 25 12 
3 22 25 25 16 3 1 
1 10 53 17 14 
2 72 21 
1 23 9 1 4 5 52 
1 25 49 12 2 3 2 1 
15 46 8 14 10 2 
13 39 10 2 26 5 
1 57 22 15 
1 21 21 24 14 3 2 7 2 
1 44 21 20 4 3 2 
2 73 8 8 3 1 
6 13 26 3 41 6 
1 43 40 6 3 2 
23 21 6 6 26 2 6 4 1 
3 23 9 25 34 1 
1 28 59 3 1 2 1 
1 43 36 1 3 7 4 
2 31 35 9 11 7 
3 12 77 2 1 
1 50 31 2 2 2 2 4 1 
1 21 20 28 16 6 3 
2 2 41 29 15 6 
1 75 2 1 2 11 2 1 
3 54 13 6 7 7 4 1 
1 57 1 19 3 14 
1 49 39 2 3 1 
1 71 8 4 9 1 1 
3 89 3 
