1 3 28 9 32 9 4 2 7 1 
1 71 1 8 9 2 2 1 1 
4 77 15 
1 56 38 1 
2 93 1 
12 43 12 4 5 15 5 
96 
1 52 42 1 
8 52 11 13 6 4 2 
1 22 20 28 8 17 
1 45 26 5 19 
1 71 24 
1 14 56 7 3 15 
1 91 4 
96 
2 44 16 13 3 11 3 1 3 
2 40 48 4 2 
1 81 2 7 1 1 1 2 
5 6 37 39 3 4 2 
4 82 10 
1 73 6 10 3 2 1 
2 58 16 19 1 
3 18 7 11 19 24 2 3 6 2 1 
1 53 41 1 
3 83 4 3 3 
5 68 17 1 5 
1 85 5 4 1 
8 36 51 1 
35 31 11 3 14 2 
3 82 1 7 3 
6 38 7 20 18 4 1 1 1 
1 51 11 25 8 
19 9 66 1 1 
1 86 5 1 3 
1 78 7 6 3 1 
1 84 7 4 
30 6 27 6 11 5 3 2 5 1 
1 92 1 2 
27 45 12 1 1 4 4 1 1 
2 12 22 1 51 6 2 
7 24 3 12 11 5 8 7 5 1 12 1 
1 1 35 48 6 1 3 1 
1 5 55 23 8 4 
22 28 20 4 2 7 1 8 1 1 2 
1 75 3 9 1 5 2 
6 54 36 
2 4 23 12 18 27 10 
1 11 21 29 11 23 
84 6 4 2 
1 86 9 
1 77 11 5 2 
80 13 3 
10 22 33 26 5 
62 30 2 1 1 
6 32 20 35 2 1 
2 80 14 
1 60 27 2 2 4 
4 9 9 9 19 27 16 2 1 
1 2 14 44 33 1 1 
2 59 35 
6 55 26 7 2 
4 7 60 18 1 6 
25 7 11 19 34 
6 86 4 
3 9 73 11 
1 45 41 4 2 2 1 
24 69 3 
1 41 44 6 1 1 2 
1 84 1 9 1 
1 28 42 25 
21 43 15 3 13 1 
2 39 39 16 
4 24 34 23 4 4 2 1 
1 1 5 48 41 
13 34 49 
2 55 39 
84 1 7 2 1 1 
5 43 4 10 20 12 2 
1 48 4 7 31 3 1 1 
2 43 33 18 
2 29 43 10 8 1 3 
1 5 25 39 2 9 8 2 5 
14 75 1 1 5 
1 9 42 19 5 9 1 6 4 
3 86 6 1 
4 42 29 11 5 3 2 
1 39 21 30 4 1 
1 53 25 7 2 4 4 
93 2 1 
2 8 36 48 2 
2 47 34 12 1 
1 64 25 6 
13 39 44 
1 93 1 1 
10 9 21 43 3 3 2 5 
2 37 51 5 1 
1 28 22 8 37 
1 87 3 1 4 
3 58 9 17 9 
23 35 10 27 1 
1 78 2 12 2 1 
2 20 55 9 8 1 1 
8 79 4 4 1 
2 79 13 2 
12 83 1 
6 34 33 8 2 12 1 
19 77 
1 83 12 
3 54 21 1 1 8 5 1 2 
1 34 15 40 5 1 
6 41 9 18 12 2 2 4 1 1 
9 40 16 8 10 13 
7 39 18 25 6 1 
64 6 3 23 
2 9 64 8 13 
2 11 55 21 5 2 
1 49 24 8 9 1 2 1 1 
58 28 10 
1 94 1 
6 81 2 4 1 1 1 
96 
4 22 18 15 36 1 
13 50 26 3 4 
4 50 21 20 1 
2 67 26 1 
2 42 31 19 2 
2 84 4 2 4 
18 7 6 18 7 15 5 9 11 
5 9 69 6 7 
96 
3 16 16 58 2 1 
8 87 1 
1 36 2 27 17 12 1 
5 47 44 
36 47 6 1 6 
1 83 2 1 8 1 
3 45 40 3 1 2 1 1 
1 30 50 1 14 
79 11 2 2 1 1 
1 48 8 21 5 12 1 
4 50 19 20 2 1 
1 26 50 19 
53 15 18 8 1 1 
2 30 62 2 
4 58 25 1 1 2 2 1 1 1 
1 60 1 9 7 9 9 
60 35 1 
9 4 70 12 1 
1 47 33 9 3 2 1 
1 10 21 38 10 15 1 
88 3 5 
2 4 57 26 5 1 1 
1 58 16 17 4 
11 84 1 
1 92 2 1 
2 15 49 4 15 7 3 1 
2 73 3 16 2 
3 26 27 32 4 1 3 
8 75 12 1 
1 50 26 12 4 3 
8 46 22 8 9 1 1 1 
1 48 31 2 2 6 3 1 2 
2 77 17 
1 25 52 14 4 
1 90 3 2 
1 45 49 1 
22 56 12 3 1 1 1 
13 37 11 33 2 
1 16 26 51 1 1 
1 33 40 11 4 6 1 
1 37 28 10 17 3 
94 1 1 
8 30 24 24 6 2 2 
3 14 71 8 
34 3 31 1 10 2 13 2 
7 46 30 2 11 
4 55 7 17 12 1 
3 9 10 6 42 20 2 1 3 
3 21 4 50 7 7 2 2 
46 32 6 9 2 1 
1 72 8 11 2 1 1 
2 51 37 5 1 
84 3 2 2 2 2 1 
16 67 13 
1 15 42 27 11 
2 83 2 7 2 
5 11 20 21 8 11 12 3 3 2 
59 21 12 4 
1 65 5 15 2 4 4 
89 1 6 
2 56 9 18 8 2 1 
49 8 24 13 2 
2 15 74 5 
1 27 67 1 
93 3 
2 4 79 5 4 1 1 
1 53 19 4 14 3 1 1 
1 33 54 5 1 1 1 
1 24 30 14 10 8 3 4 2 
1 78 7 3 4 2 1 
2 83 3 2 2 1 1 1 1 
5 36 39 2 5 8 1 
1 82 13 
4 20 50 9 9 4 
1 8 65 18 4 
3 63 22 5 3 
1 38 11 16 13 9 6 2 
87 6 1 1 1 
13 14 26 27 3 10 3 
1 64 4 8 5 11 3 
2 74 15 1 4 
28 36 8 13 1 8 1 1 
21 33 42 
1 64 21 5 4 1 
3 50 15 20 8 
6 61 7 2 4 6 1 7 1 1 
1 28 40 23 4 
1 9 30 19 20 15 1 1 
2 44 28 10 8 1 3 
1 40 55 
1 91 3 1 
20 32 43 1 
17 18 10 9 3 16 13 3 5 1 1 
5 66 24 1 
1 47 26 21 1 
1 6 37 39 6 1 6 
7 16 46 14 13 
1 52 10 12 5 9 2 4 1 
1 21 66 8 
1 69 21 1 1 1 2 
4 80 3 8 1 
1 68 6 16 2 2 1 
28 61 2 1 2 1 1 
74 12 9 1 
1 27 68 
6 33 57 
3 74 13 2 2 2 
61 10 20 2 3 
1 18 69 4 4 
1 49 32 4 4 3 2 1 
1 84 7 1 3 
3 86 2 3 1 1 
1 84 11 
4 54 30 7 1 
2 91 1 1 1 
1 63 19 10 3 
2 93 1 
1 55 27 8 5 
1 13 43 34 1 2 1 1 
3 29 59 2 3 
86 10 
9 75 9 1 1 1 
96 
1 74 4 1 16 
2 10 29 14 1 5 7 15 10 3 
6 58 12 9 10 1 
24 49 9 8 6 
2 37 35 1 4 3 1 6 4 2 1 
2 19 36 10 1 17 3 8 
18 72 6 
2 23 14 3 34 11 4 1 4 
1 70 20 4 1 
18 51 27 
1 4 45 43 3 
1 57 35 2 1 
6 40 36 12 1 1 
2 27 8 56 1 2 
1 71 13 7 3 1 
9 34 40 4 4 3 2 
1 8 76 6 5 
1 57 37 1 
15 75 4 1 1 
1 43 3 8 6 23 3 4 3 1 1 
9 48 4 14 11 1 4 3 2 
26 53 1 2 8 6 
3 14 29 15 28 6 1 
90 4 2 
10 41 40 3 2 
4 16 16 25 33 2 
1 45 34 4 3 3 5 1 
3 37 44 11 1 
6 5 36 47 1 1 
1 29 36 3 23 1 3 
3 33 40 3 6 10 1 
7 9 78 2 
46 17 11 14 2 6 
6 14 68 3 4 1 
7 71 14 3 1 
1 4 8 44 3 6 12 6 11 1 
1 93 2 
96 
1 71 10 11 3 
1 77 10 7 1 
1 92 3 
10 48 1 27 6 2 2 
43 19 21 3 5 2 3 
1 50 26 13 3 3 
1 62 22 2 6 3 
1 52 30 6 7 
1 69 7 11 2 6 
4 19 49 4 17 1 1 1 
2 68 19 5 1 1 
1 14 81 
1 84 11 
56 36 3 1 
1 48 6 33 5 1 1 1 
92 1 3 
1 41 43 11 
3 51 15 15 2 8 2 
3 86 5 2 
1 91 4 
1 43 11 31 2 3 1 2 1 1 
2 87 7 
1 20 71 3 1 
3 84 6 3 
6 55 16 6 6 4 3 
1 64 7 3 21 
3 58 18 6 7 1 2 1 
55 30 3 3 2 1 2 
6 87 2 1 
3 84 4 5 
10 57 7 8 13 1 
84 7 5 
1 40 27 13 2 3 3 2 3 2 
1 22 65 1 4 2 1 
8 12 15 15 12 32 1 1 
5 85 5 1 
2 50 18 16 2 6 1 1 
1 84 11 
4 41 38 6 4 2 1 
44 28 6 3 7 8 
96 
1 23 13 42 6 1 10 
46 14 11 18 3 3 1 
1 40 36 7 4 7 1 
1 17 33 9 26 7 1 2 
1 9 53 30 3 
1 73 7 2 2 10 1 
1 89 4 1 1 
1 27 22 12 34 
32 53 6 5 
4 53 33 3 3 
6 31 59 
1 60 4 26 3 1 1 
19 34 43 
1 87 3 2 2 1 
1 24 33 9 24 3 2 
4 74 17 1 
5 23 39 10 12 3 2 2 
1 79 3 9 4 
1 11 45 8 19 8 2 1 1 
3 65 21 2 3 1 1 
95 1 
1 57 27 7 4 
96 
1 20 21 2 24 6 22 
6 42 12 17 16 2 1 
96 
1 58 6 10 7 12 2 
26 62 2 3 2 1 
2 52 2 32 5 1 2 
6 73 15 2 
1 18 13 33 7 21 3 
1 5 55 19 2 1 5 4 2 2 
5 91 
52 14 9 9 12 
1 90 1 1 2 1 
90 1 5 
13 14 17 14 27 8 1 2 
18 21 2 35 13 3 1 1 2 
1 7 20 32 6 11 8 8 3 
11 3 42 9 2 14 8 7 
2 92 1 1 
1 73 7 2 7 3 2 1 
2 57 26 11 
1 24 7 42 6 5 11 
1 44 33 9 9 
1 4 37 53 1 
3 6 16 2 53 13 2 1 
2 79 6 8 1 
4 22 37 14 4 11 4 
1 84 10 1 
1 15 33 45 2 
1 3 43 48 1 
2 65 27 1 1 
1 10 85 
1 50 12 22 6 5 
2 10 31 22 1 12 17 1 
12 28 37 3 6 5 1 2 2 
1 10 54 28 1 1 1 
1 58 3 19 3 4 1 7 
21 47 27 1 
3 27 54 10 2 
7 56 33 
1 14 42 14 13 4 6 2 
3 30 54 2 7 
19 64 9 3 1 
1 62 22 9 2 
1 8 61 8 17 1 
1 68 14 9 3 1 
51 28 2 10 4 1 
1 75 3 2 5 10 
3 62 29 2 
1 43 31 17 1 1 1 1 
13 41 42 
1 20 74 1 
29 4 10 23 11 7 10 2 
96 
65 15 7 1 6 1 1 
1 9 34 30 2 3 5 1 1 3 3 2 2 
2 62 15 15 1 1 
6 15 52 21 1 1 
1 59 13 3 2 6 5 6 1 
5 65 11 5 10 
60 26 8 1 1 
7 23 61 1 2 1 1 
72 24 
1 61 16 8 8 2 
6 17 73 
67 28 1 
2 7 72 4 6 1 2 2 
3 89 2 2 
20 30 4 10 1 16 9 1 5 
6 40 8 18 2 7 4 8 2 1 
3 25 20 46 2 
7 13 74 1 1 
9 31 22 23 10 1 
1 82 13 
1 10 14 41 1 2 23 1 2 1 
2 13 51 5 13 3 7 1 1 
1 62 30 1 1 1 
1 20 23 46 4 2 
1 73 20 1 1 
1 33 58 3 1 
78 10 4 4 
25 19 22 5 25 
10 84 2 
1 64 29 1 1 
2 91 3 
2 60 16 6 11 1 
16 1 79 
2 69 24 1 
2 7 11 38 24 2 2 8 2 
9 44 43 
36 59 1 
6 45 41 3 1 
1 7 58 7 15 8 
48 14 34 
5 6 35 24 20 1 1 1 3 
1 81 12 1 1 
8 28 9 18 14 11 2 3 2 1 
1 8 54 7 17 9 
2 63 7 2 3 14 5 
2 29 61 1 2 1 
89 5 2 
1 53 20 22 
4 36 18 21 11 5 1 
7 84 1 1 2 1 
1 40 17 9 18 3 4 4 
1 27 20 42 4 1 1 
54 4 29 7 2 
3 48 44 1 
3 90 3 
2 68 10 3 6 3 4 
47 23 13 4 6 1 2 
1 67 16 11 1 
1 83 2 9 1 
2 48 9 12 15 8 2 
1 51 40 1 3 
8 41 33 13 1 
2 92 2 
29 25 29 10 3 
12 82 1 1 
5 10 53 21 7 
2 68 7 1 10 5 2 1 
1 57 26 12 
3 65 3 14 8 1 1 1 
14 69 1 6 3 3 
4 22 19 13 33 3 2 
28 47 21 
95 1 
1 82 11 1 1 
1 17 23 48 7 
1 50 22 3 5 8 7 
3 68 24 1 
4 84 8 
90 6 
1 82 7 4 2 
36 23 3 9 9 9 1 2 3 1 
7 78 9 2 
38 16 42 
1 83 12 
41 2 53 
26 4 10 24 24 1 4 3 
1 42 20 4 15 1 6 3 4 
3 11 48 10 11 3 9 1 
1 24 12 1 18 5 16 5 4 5 5 
34 44 18 
1 48 10 12 10 6 2 4 2 1 
1 37 56 1 1 
4 51 27 10 1 1 2 
1 77 18 
3 25 40 15 8 5 
2 34 60 
52 37 2 5 
3 15 46 25 6 1 
2 27 58 1 4 1 3 
1 28 11 29 20 7 
1 29 39 7 13 6 1 
5 18 35 27 10 1 
1 16 11 24 2 13 2 22 4 1 
6 21 27 15 11 2 12 2 
95 1 
5 38 4 47 1 1 
8 13 9 41 16 8 1 
24 5 51 4 1 11 
1 18 64 6 6 1 
6 40 33 5 2 6 3 1 
81 10 1 1 1 2 
2 49 21 4 15 3 2 
6 4 83 2 1 
35 42 12 7 
1 76 18 1 
6 57 33 
5 9 19 56 1 1 4 1 
2 65 14 4 6 3 1 1 
68 22 5 1 
1 51 42 2 
1 65 27 2 1 
5 6 13 18 1 18 10 1 3 5 15 1 
25 38 11 14 3 4 1 
2 42 27 24 1 
1 27 64 3 1 
91 1 2 1 1 
2 34 11 41 1 1 5 1 
2 77 13 4 
1 20 59 10 4 2 
59 25 2 7 3 
2 19 28 44 3 
1 11 44 17 10 4 1 6 2 
1 92 1 1 1 
3 60 33 
1 17 21 47 7 3 
1 1 33 38 14 1 2 6 
1 34 16 29 6 8 1 1 
40 40 5 7 2 2 
2 38 36 7 13 
1 64 13 1 15 1 1 
7 41 19 16 13 
1 81 1 5 6 2 
1 47 34 13 1 
3 51 12 10 14 4 1 1 
2 15 64 10 4 1 
1 81 6 7 1 
3 19 65 6 2 1 
1 42 45 6 2 
5 12 48 21 2 5 3 
1 35 13 8 7 17 15 
2 35 5 7 32 11 2 1 1 
1 69 10 12 4 
1 33 14 15 8 5 11 2 6 1 
1 41 28 9 2 13 1 1 
3 60 33 
1 81 1 3 8 2 
6 74 1 8 5 1 1 
1 6 36 49 4 
69 8 4 8 1 2 4 
6 30 42 8 10 
3 23 36 34 
10 21 36 9 11 3 2 3 1 
4 5 33 9 38 6 1 
1 17 7 62 7 1 1 
1 54 27 2 6 1 5 
3 59 22 8 1 1 2 
2 41 53 
1 43 1 20 9 5 10 1 5 1 
1 30 30 32 3 
10 46 29 5 6 
1 3 89 2 1 
29 9 58 
1 20 50 15 3 4 2 1 
3 20 5 11 35 19 2 1 
1 59 17 18 1 
1 11 14 20 15 15 4 10 3 1 1 1 
48 14 33 1 
1 83 5 5 2 
10 4 66 1 5 4 3 1 1 1 
1 22 55 17 1 
1 42 31 18 2 1 1 
18 73 5 
5 25 42 8 4 7 3 2 
6 50 40 
6 69 10 10 1 
34 12 44 3 3 
1 13 40 17 8 5 7 1 4 
57 37 2 
1 5 67 3 18 2 
1 62 19 6 4 3 1 
1 20 26 10 36 2 1 
22 9 1 33 1 3 11 1 7 1 2 4 1 
4 41 42 2 6 1 
1 15 16 26 31 3 1 2 1 
2 67 1 11 6 1 3 4 1 
2 90 2 1 1 
2 53 3 19 11 2 4 1 1 
1 28 26 28 2 5 6 
1 91 2 2 
1 73 20 1 1 
2 3 31 35 2 23 
22 33 16 23 1 1 
1 93 1 1 
1 69 25 1 
82 1 2 5 6 
16 38 13 12 4 6 7 
35 15 29 5 12 
1 78 10 6 1 
2 14 7 37 24 2 1 2 4 1 2 
1 88 2 2 3 
2 54 28 2 8 2 
1 60 5 11 10 2 1 6 
2 36 1 57 
41 28 21 2 3 1 
1 61 33 1 
3 28 1 14 11 6 15 2 8 1 7 
1 43 32 2 3 5 4 1 4 1 
1 72 20 1 1 1 
24 47 5 3 5 2 4 6 
2 63 31 
1 36 52 1 6 
2 33 61 
22 2 55 17 
6 4 64 6 5 9 2 
9 12 21 22 16 3 2 4 1 2 3 1 
25 14 29 11 14 2 1 
30 47 14 3 2 
1 71 11 2 7 1 2 1 
1 6 84 2 3 
1 34 11 36 14 
3 80 13 
1 65 20 5 4 1 
2 17 48 7 21 1 
1 92 2 1 
16 42 24 6 6 2 
1 12 66 11 6 
1 35 26 16 12 1 3 2 
30 58 7 1 
94 1 1 
3 53 10 2 16 9 1 1 1 
19 64 6 6 1 
1 42 35 13 1 2 2 
3 89 1 1 2 
1 18 44 5 15 10 2 1 
1 45 18 12 1 16 1 2 
63 2 8 8 7 8 
6 78 6 6 
90 1 2 1 2 
6 32 14 44 
1 11 36 31 6 11 
18 1 25 9 26 6 2 6 1 2 
1 18 41 16 1 4 13 2 
6 65 3 19 2 1 
1 92 2 1 
1 91 1 2 1 
1 9 76 3 3 4 
2 49 45 
18 54 14 1 4 3 2 
2 12 44 7 13 2 2 10 1 2 1 
4 67 25 
3 64 3 22 4 
2 29 59 4 2 
1 11 22 33 3 18 5 1 1 1 
1 5 14 39 19 17 1 
1 79 16 
1 74 9 5 3 3 1 
44 46 6 
15 25 17 29 1 6 3 
1 1 34 57 3 
1 38 31 15 11 
12 2 33 29 10 1 7 1 1 
1 68 19 8 
1 78 15 2 
1 44 50 1 
1 93 2 
51 30 4 9 2 
1 17 70 2 3 3 
4 68 8 8 6 2 
3 59 24 9 1 
4 33 27 4 13 9 5 1 
29 39 28 
5 73 2 15 1 
1 74 11 7 3 
4 43 22 21 4 1 1 
1 32 62 1 
6 5 52 10 20 3 
1 63 17 10 1 1 3 
23 28 2 38 2 3 
1 74 13 2 2 1 3 
44 7 2 36 4 3 
1 43 18 34 
35 45 12 4 
18 13 61 1 3 
2 50 13 19 3 8 1 
1 40 45 2 6 1 1 
7 24 17 20 8 14 2 4 
22 62 11 1 
1 44 11 3 27 6 4 
1 39 7 12 3 23 9 1 1 
5 56 8 27 
20 65 8 3 
1 69 8 4 3 7 3 1 
15 8 71 1 1 
9 23 30 18 16 
9 10 7 31 8 6 5 3 12 4 1 
1 43 14 14 1 9 7 3 1 1 2 
4 13 23 53 3 
1 38 38 12 3 4 
1 87 6 1 1 
2 94 
6 65 6 9 5 2 1 2 
41 54 1 
2 41 35 2 14 1 1 
3 11 47 2 26 2 1 3 1 
20 1 63 10 1 1 
1 48 2 8 25 3 8 1 
2 67 18 9 
2 26 31 11 3 19 2 1 1 
12 33 23 22 6 
1 38 39 2 9 4 3 
86 2 6 2 
28 57 4 6 1 
1 65 23 4 3 
1 74 19 2 
6 54 33 1 2 
12 61 16 4 3 
4 2 68 13 3 4 2 
42 45 3 5 1 
13 56 16 11 
2 68 23 2 1 
1 93 2 
2 55 25 11 3 
3 29 1 45 15 3 
2 90 3 1 
8 51 16 21 
1 33 28 1 10 11 8 1 1 2 
90 5 1 
2 16 1 58 11 5 3 
2 47 23 7 4 8 3 2 
3 29 44 6 14 
1 11 11 40 15 2 2 9 1 1 3 
3 82 11 
21 7 26 23 12 7 
19 33 39 2 3 
2 26 7 52 3 5 1 
4 2 28 55 3 4 
1 36 59 
6 44 40 1 1 1 1 2 
27 40 10 9 3 5 2 
1 1 31 3 38 7 14 1 
1 31 52 2 7 3 
4 13 39 12 24 1 1 1 1 
1 79 8 4 1 1 1 1 
1 79 15 1 
6 14 23 18 24 9 1 1 
1 57 38 
15 30 19 26 2 2 1 1 
1 23 17 23 12 8 8 3 1 
1 73 18 2 1 1 
2 32 62 
1 39 10 35 1 7 3 
1 2 45 36 9 2 1 
2 65 29 
15 34 16 28 3 
1 13 20 31 9 3 19 
95 1 
1 11 44 22 1 13 3 1 
2 19 3 34 28 1 6 1 1 1 
4 65 27 
8 34 21 19 12 2 
7 5 29 44 7 3 1 
5 15 64 7 1 3 1 
2 25 23 24 12 4 2 2 1 1 
3 24 39 28 1 1 
25 61 6 4 
6 88 1 1 
3 70 5 18 
1 52 37 2 4 
71 10 6 9 
1 75 5 6 2 7 
1 19 47 10 9 1 7 2 
4 47 18 8 2 4 1 1 1 4 2 4 
31 7 32 12 11 1 2 
6 37 41 10 1 1 
2 61 25 8 
1 26 68 1 
1 64 14 13 2 2 
1 77 4 9 5 
2 68 22 4 
2 27 35 29 3 
3 77 3 2 5 1 2 2 1 
11 34 39 3 1 7 1 
17 50 8 2 5 2 3 7 2 
6 78 12 
53 14 17 10 2 
1 72 22 1 
1 19 73 1 2 
27 37 19 9 3 1 
20 65 1 1 6 2 1 
2 30 48 9 4 2 1 
1 86 7 1 1 
1 89 6 
1 46 16 26 5 1 1 
47 43 5 1 
2 80 2 9 1 2 
19 69 1 1 6 
1 72 23 
12 74 4 1 2 3 
1 40 8 20 24 3 
1 82 10 2 1 
11 60 18 5 2 
17 61 18 
1 15 66 8 1 4 1 
1 7 10 59 2 11 3 3 
3 43 39 3 4 3 1 
1 30 44 15 5 1 
1 43 21 8 10 12 1 
66 20 10 
5 86 5 
28 44 15 9 
22 48 2 23 1 
1 19 42 10 15 7 2 
2 54 13 7 3 1 6 7 3 
1 69 1 8 5 3 7 1 1 
1 57 29 4 4 1 
7 88 1 
5 75 10 1 3 1 1 
1 22 12 3 19 20 4 4 4 3 1 3 
3 18 38 5 24 2 5 1 
2 52 7 31 2 2 
49 10 4 26 4 2 1 
3 88 5 
47 25 8 5 7 1 3 
1 30 49 7 7 2 
1 90 5 
3 72 21 
1 58 11 26 
12 54 12 5 6 7 
1 53 22 16 1 2 1 
2 51 1 23 2 11 6 
49 44 3 
39 29 8 15 4 1 
3 71 14 3 2 1 1 1 
3 3 10 13 67 
1 64 6 22 3 
3 43 50 
5 31 43 10 5 2 
5 31 31 1 21 7 
1 62 4 7 22 
4 2 11 28 51 
1 43 22 4 18 3 2 3 
92 2 1 1 
2 61 22 8 1 1 1 
1 56 19 18 1 1 
72 11 13 
1 60 34 1 
5 19 32 11 1 2 10 6 3 5 1 1 
1 86 9 
1 52 18 22 1 2 
49 30 1 2 7 6 1 
1 94 1 
1 21 74 
16 21 39 3 17 
52 13 13 9 7 1 1 
8 14 45 2 26 1 
1 12 63 9 4 2 4 1 
1 83 11 1 
1 5 62 19 9 
1 78 3 7 3 4 
10 77 1 2 4 1 1 
1 58 15 9 4 3 1 5 
1 92 1 2 
5 43 27 4 3 1 2 9 1 1 
5 89 1 1 
1 84 11 
2 53 41 
20 71 4 1 
1 28 20 5 23 9 6 4 
1 57 38 
2 77 17 
67 21 7 1 
1 5 31 43 16 
4 53 20 12 3 4 
1 33 37 10 2 6 4 3 
12 38 28 1 1 13 2 1 
6 6 61 16 7 
81 12 1 1 1 
5 9 13 1 60 7 1 
4 67 2 13 7 1 1 1 
3 13 14 48 14 1 1 1 1 
54 14 9 5 12 2 
1 28 4 39 9 11 2 2 
1 87 6 2 
1 26 45 2 13 3 1 1 2 1 1 
2 4 17 37 26 1 2 3 4 
86 2 8 
3 42 25 17 2 5 2 
1 27 42 7 16 3 
9 55 1 7 22 2 
5 55 31 4 1 
2 37 57 
1 37 26 14 18 
36 38 3 15 1 3 
3 16 18 3 3 44 5 3 1 
6 22 67 1 
22 41 17 3 13 
6 11 12 44 23 
1 13 16 9 6 37 10 1 3 
6 28 5 52 3 1 1 
1 70 18 6 1 
1 1 92 2 
2 47 43 2 1 1 
11 55 15 3 12 
1 30 32 14 4 6 4 1 4 
2 18 1 11 19 24 16 1 3 1 
6 15 38 29 6 1 1 
2 84 10 
2 43 11 35 3 2 
1 62 5 24 4 
25 63 2 5 1 
6 29 58 1 2 
39 41 16 
1 6 36 50 3 
1 84 4 2 3 2 
1 54 29 8 4 
3 2 59 22 3 3 2 1 1 
1 8 18 53 11 3 1 1 
1 79 16 
1 26 22 24 10 13 
96 
95 1 
1 95 
1 63 29 3 
23 17 14 11 23 4 1 1 1 1 
2 73 14 5 2 
44 34 6 8 1 3 
2 40 32 17 2 3 
39 23 13 5 9 5 2 
6 47 9 26 1 4 3 
4 10 34 41 5 1 1 
27 28 36 5 
1 90 5 
9 61 1 7 6 10 2 
5 69 9 6 3 1 1 1 1 
49 6 35 1 5 
1 91 3 1 
12 63 5 6 4 4 1 1 
71 18 5 2 
1 71 17 4 3 
2 87 7 
1 95 
7 38 35 3 10 2 1 
1 39 39 12 4 1 
1 38 37 5 13 1 1 
1 65 28 2 
1 36 36 18 4 1 
1 40 9 31 15 
3 20 48 10 15 
1 30 54 5 3 2 1 
2 15 61 17 1 
2 40 33 2 2 2 13 2 
1 38 52 3 2 
1 3 18 21 22 4 20 6 1 
1 43 11 9 18 3 5 1 3 1 1 
12 51 12 7 6 3 5 
1 45 30 11 8 1 
2 24 67 2 1 
1 46 43 1 5 
6 57 18 5 4 1 1 1 3 
1 77 6 9 2 1 
6 41 4 23 9 9 2 2 
1 24 8 16 12 1 12 3 12 2 1 1 1 2 
1 28 34 10 6 11 2 4 
3 61 23 9 
10 16 26 36 5 3 
1 69 16 10 
1 74 19 1 1 
2 19 23 23 12 16 1 
1 12 28 28 6 2 1 3 6 6 1 2 
50 7 26 3 7 2 1 
16 67 11 1 1 
1 81 14 
3 2 4 63 2 15 5 1 1 
3 73 8 12 
6 45 43 1 1 
54 20 12 1 2 3 2 1 1 
6 66 10 12 1 1 
24 11 51 6 3 1 
3 60 1 12 20 
1 52 14 18 5 3 2 1 
1 79 13 1 2 
16 61 3 8 2 4 1 1 
25 63 7 1 
1 26 35 18 5 4 4 2 1 
14 55 15 8 3 1 
2 46 9 29 10 
10 24 2 17 30 3 9 1 
1 18 55 8 3 2 1 6 2 
74 21 1 
6 73 6 3 4 4 
1 42 28 24 1 
4 55 33 2 2 
1 5 41 20 19 6 1 2 1 
5 40 33 17 1 
62 1 4 23 2 4 
1 27 31 5 28 1 1 2 
21 43 22 2 8 
5 74 12 5 
1 47 20 7 1 12 1 4 2 1 
5 50 8 33 
1 9 35 13 23 8 7 
2 52 42 
31 5 1 16 3 14 23 1 1 1 
4 68 24 
20 6 53 5 1 5 4 2 
1 73 21 1 
1 8 86 1 
1 45 29 18 1 2 
74 6 14 2 
2 16 52 18 6 2 
6 50 31 1 6 1 1 
2 81 12 1 
3 48 44 1 
1 68 8 8 3 3 3 1 1 
1 15 40 13 27 
7 36 16 13 8 15 1 
1 14 61 9 5 5 1 
80 3 5 1 3 3 1 
2 43 13 16 19 3 
1 90 5 
5 36 17 17 21 
77 5 10 2 2 
1 13 82 
8 45 24 2 5 8 3 1 
5 57 28 1 1 1 1 2 
1 38 22 18 7 3 3 2 2 
41 27 14 12 2 
58 17 15 4 2 
1 38 16 31 1 9 
28 6 45 9 5 2 1 
1 61 19 3 12 
96 
11 10 44 21 6 2 2 
33 41 1 17 1 1 1 1 
71 3 14 2 1 2 2 1 
1 39 41 8 7 
2 94 
17 30 36 13 
45 32 11 2 6 
6 58 5 25 2 
1 88 7 
91 4 1 
95 1 
1 38 7 34 8 1 1 5 1 
1 68 9 17 1 
1 1 44 22 19 6 1 1 1 
1 54 7 26 7 1 
2 88 6 
1 80 13 2 
1 45 39 9 1 1 
44 23 14 11 4 
64 8 12 3 4 3 2 
62 4 20 9 1 
4 15 54 4 7 1 9 1 1 
8 47 38 3 
1 30 13 3 38 9 1 1 
3 40 35 2 16 
8 27 32 29 
10 34 7 29 13 3 
2 50 44 
1 24 9 12 18 2 16 3 5 4 1 1 
1 18 5 32 36 1 3 
1 47 31 1 9 1 2 2 2 
2 70 13 8 2 1 
3 28 16 49 
1 36 5 2 10 27 3 3 1 8 
9 64 18 5 
1 88 7 
1 13 24 6 44 2 5 1 
1 44 20 3 8 14 1 4 1 
7 85 4 
23 46 27 
1 31 38 25 1 
1 58 20 1 5 9 2 
5 26 10 23 12 13 4 2 1 
46 28 3 5 3 8 2 1 
30 27 29 1 8 1 
7 54 34 1 
1 18 14 62 1 
23 48 25 
1 31 53 2 9 
15 38 39 2 2 
1 64 9 22 
86 8 1 1 
4 29 63 
70 24 1 1 
1 63 32 
4 36 48 5 3 
13 63 5 6 6 3 
39 4 10 31 6 4 1 1 
3 39 21 15 12 2 1 1 1 1 
1 60 31 1 3 
1 81 9 4 1 
1 24 6 60 5 
1 8 81 4 1 1 
1 80 15 
4 89 2 1 
6 20 49 5 4 9 2 1 
15 74 3 1 1 1 1 
1 48 46 1 
34 1 37 4 10 4 1 3 1 1 
1 15 16 60 4 
3 68 25 
1 11 68 8 8 
1 59 14 6 16 
12 67 6 7 4 
4 25 54 3 6 3 1 
2 58 9 5 4 18 
4 26 39 25 1 1 
1 92 3 
1 67 3 20 1 4 
1 30 42 21 1 1 
15 1 8 53 2 9 5 3 
12 76 8 
1 94 1 
1 78 11 3 3 
1 24 15 4 51 1 
16 13 67 
31 33 2 19 1 2 2 1 3 1 1 
2 71 19 1 3 
44 22 24 5 1 
2 3 42 4 45 
39 38 14 5 
2 86 6 2 
1 29 17 8 8 20 3 3 5 2 
1 33 42 12 6 1 1 
4 12 18 54 2 2 2 1 1 
1 85 4 1 2 3 
1 83 6 2 2 1 1 
72 22 1 1 
1 70 16 9 
4 3 74 14 1 
24 12 46 10 1 3 
1 13 77 3 1 1 
6 61 21 6 2 
2 44 44 1 1 1 1 1 1 
8 71 5 10 1 1 
1 42 3 17 20 1 3 1 4 2 1 1 
4 26 61 1 1 2 1 
1 34 49 2 2 4 4 
3 7 81 5 
1 48 36 4 1 6 
1 61 30 2 2 
50 32 12 2 
2 14 15 48 13 1 3 
1 47 7 26 15 
32 53 10 1 
82 1 3 7 2 1 
1 30 40 19 6 
1 82 13 
5 22 4 57 5 1 1 1 
2 67 5 3 4 5 6 2 2 
1 30 49 12 1 3 
1 22 73 
2 11 6 50 27 
3 17 12 40 19 2 1 2 
1 45 37 13 
1 57 38 
1 1 40 29 4 6 1 12 2 
1 55 13 14 6 3 4 
1 82 13 
6 81 9 
1 67 26 1 1 
52 31 12 1 
7 6 34 37 5 2 4 1 
1 65 8 17 3 1 1 
1 93 2 
4 46 37 9 
2 86 4 4 
2 12 54 23 4 1 
3 15 14 21 3 11 13 14 2 
26 5 33 12 6 5 4 1 4 
6 7 2 35 22 22 2 
93 2 1 
9 73 7 3 4 
1 31 45 18 1 
88 3 2 2 1 
2 41 1 5 40 4 2 1 
90 2 2 1 1 
3 51 2 21 1 1 16 1 
17 71 8 
1 34 23 27 2 9 
1 2 7 37 46 1 2 
4 34 14 18 13 5 1 7 
1 10 22 29 3 3 18 1 2 2 4 1 
3 80 13 
1 38 28 19 10 
1 52 42 1 
2 84 3 5 1 1 
2 13 50 10 12 6 1 2 
1 8 64 10 5 4 3 1 
10 38 25 8 15 
25 28 1 5 31 1 3 1 1 
2 8 81 5 
12 42 10 27 3 1 1 
1 59 27 1 1 3 1 1 1 1 
14 24 55 3 
3 63 20 4 2 3 1 
1 54 39 1 1 
1 94 1 
3 54 21 11 1 6 
4 34 50 2 2 3 1 
34 43 19 
3 11 45 28 6 2 1 
1 38 53 1 3 
2 47 19 5 22 1 
96 
12 4 16 48 2 11 2 1 
3 6 24 15 5 29 14 
2 20 38 22 12 1 1 
2 93 1 
2 80 10 3 1 
1 92 3 
1 83 11 1 
1 91 4 
12 25 8 7 17 1 9 6 6 3 2 
3 91 2 
1 57 38 
1 42 53 
20 70 5 1 
1 42 6 47 
1 33 28 6 22 4 2 
96 
1 22 25 9 35 3 1 
1 36 56 3 
1 27 68 
22 48 18 4 2 2 
3 10 15 66 1 1 
4 49 31 2 10 
2 12 29 1 6 7 10 20 6 2 1 
5 38 22 4 15 6 1 5 
85 5 2 1 3 
3 85 4 1 2 1 
2 36 50 4 4 
2 57 27 6 1 1 2 
89 1 2 1 3 
20 72 4 
2 11 15 10 5 10 36 4 1 2 
3 45 2 11 12 9 2 7 5 
9 25 7 55 
1 39 11 20 3 16 1 3 2 
4 10 44 28 4 1 5 
1 4 62 17 7 2 3 
35 31 1 8 9 9 1 1 1 
1 27 21 1 29 8 5 3 1 
1 86 2 1 4 2 
2 75 7 7 5 
3 75 1 13 4 
72 15 5 4 
9 82 2 3 
1 61 14 3 15 2 
1 2 9 38 18 3 22 3 
1 90 3 1 1 
1 24 18 24 8 9 10 2 
1 29 24 19 17 4 2 
1 45 9 3 8 15 8 7 
1 70 24 1 
2 87 3 3 1 
12 32 46 5 1 
11 51 9 2 3 12 3 1 3 1 
60 20 6 3 2 3 1 1 
1 74 9 12 
1 4 22 69 
2 54 26 2 10 2 
4 52 40 
11 52 23 10 
4 6 74 2 5 3 2 
1 16 70 1 3 1 2 1 1 
2 34 11 9 32 7 1 
1 69 23 2 1 
67 15 9 5 
1 90 5 
1 88 7 
5 30 11 36 14 
2 86 2 2 3 1 
1 64 15 13 3 
22 42 32 
6 24 17 46 1 2 
1 90 2 2 1 
1 4 38 32 12 4 3 1 1 
8 16 39 23 5 5 
2 45 12 17 18 2 
4 14 57 2 15 2 2 
1 58 21 5 5 2 1 1 2 
4 22 47 14 7 1 1 
2 9 78 1 3 1 2 
5 5 65 18 2 1 
14 78 4 
94 1 1 
1 44 51 
1 24 71 
4 7 35 4 37 7 1 1 
4 69 10 11 2 
3 23 52 6 5 1 6 
1 6 52 20 4 12 1 
3 4 47 2 33 5 2 
6 84 4 2 
17 60 19 
18 7 1 45 7 6 11 1 
2 61 17 10 6 
2 30 15 41 1 5 1 1 
3 89 4 
4 86 2 1 2 1 
1 27 41 19 2 4 2 
4 38 22 29 3 
2 13 50 7 11 8 5 
1 3 84 1 7 
3 76 14 1 2 
17 19 16 43 1 
95 1 
6 64 26 
96 
14 59 7 5 10 1 
3 54 31 1 3 2 1 1 
95 1 
3 13 28 17 26 3 1 2 2 1 
1 30 55 4 4 2 
71 25 
4 44 18 1 4 17 8 
3 26 46 8 13 
1 24 7 43 16 1 2 1 1 
2 42 21 6 16 4 5 
10 31 10 26 8 8 3 
56 21 17 1 1 
23 26 43 2 1 1 
4 69 1 9 6 6 1 
10 7 16 43 13 4 3 
1 10 49 31 5 
3 79 4 1 4 2 1 2 
1 57 24 9 4 1 
1 29 59 3 2 1 1 
1 90 2 2 1 
2 41 50 2 1 
1 44 25 23 3 
2 76 14 1 3 
34 16 3 9 1 10 23 
1 27 48 8 5 1 2 3 1 
1 17 13 55 7 2 1 
1 89 6 
88 4 4 
1 84 8 2 1 
1 55 40 
1 82 12 1 
1 20 14 11 9 12 11 9 3 2 2 2 
5 56 35 
92 3 1 
11 41 42 2 
11 47 33 2 1 1 1 
2 80 14 
1 34 18 37 1 2 1 2 
1 14 13 68 
59 31 6 
2 44 26 13 6 4 1 
8 62 10 10 2 1 2 1 
1 3 81 10 1 
2 8 84 1 1 
3 1 63 4 23 2 
24 31 22 14 1 4 
4 68 16 5 1 2 
2 80 12 1 1 
12 44 11 7 16 3 3 
3 85 2 6 
1 24 12 18 13 12 15 1 
7 39 41 9 
31 49 2 13 1 
9 51 20 8 7 1 
18 36 35 1 6 
1 5 64 17 6 1 2 
1 16 75 4 
1 50 33 10 1 1 
62 30 1 2 1 
95 1 
14 71 7 3 1 
1 74 6 13 1 1 
25 4 16 20 16 2 7 5 1 
94 2 
1 57 32 3 3 
1 59 20 3 8 3 1 1 
7 55 21 5 1 3 4 
2 11 31 36 16 
1 16 55 22 1 1 
1 95 
1 34 28 10 23 
1 32 35 1 13 14 
2 34 34 11 1 11 3 
15 65 16 
50 7 14 15 10 
5 37 6 2 24 22 
13 2 81 
1 26 50 4 12 2 1 
3 80 13 
1 81 10 3 1 
1 2 27 64 2 
5 90 1 
1 90 1 4 
7 25 21 41 1 1 
3 71 10 7 5 
1 71 14 9 1 
6 90 
2 9 84 1 
1 69 18 5 1 2 
2 51 42 1 
1 75 13 6 1 
87 6 2 1 
1 82 13 
1 91 4 
96 
3 38 43 3 8 1 
9 56 26 5 
3 37 18 34 4 
3 28 30 26 6 3 
2 76 14 1 1 2 
22 67 5 1 1 
12 38 33 8 5 
45 9 4 35 3 
2 9 20 42 10 4 4 3 2 
5 39 31 5 3 1 4 7 1 
12 56 5 16 7 
3 23 52 12 2 2 2 
2 6 78 7 2 1 
10 22 41 2 20 1 
2 69 23 2 
3 69 20 2 1 1 
1 23 33 32 7 
92 1 1 2 
1 46 30 1 17 1 
1 54 41 
33 21 9 16 7 1 7 2 
31 59 3 3 
50 28 14 2 2 
79 14 3 
1 93 2 
1 23 72 
5 38 49 3 1 
2 36 35 3 7 5 5 1 2 
7 83 5 1 
2 82 4 6 1 1 
10 85 1 
1 90 1 2 2 
17 30 6 19 16 2 1 4 1 
1 29 46 8 5 5 1 1 
1 93 1 1 
8 74 3 3 8 
2 13 6 15 24 19 7 9 1 
91 3 2 
6 50 11 22 3 3 1 
20 21 21 1 22 8 3 
1 66 20 2 4 3 
3 44 44 5 
1 86 2 3 2 2 
3 21 25 10 11 1 16 4 3 1 1 
1 76 4 10 5 
1 43 42 7 2 1 
1 20 57 11 5 1 1 
3 66 27 
1 42 32 17 4 
1 94 1 
1 17 5 43 20 3 1 3 2 1 
2 38 10 7 37 1 1 
35 53 8 
1 93 1 1 
59 12 16 6 2 1 
1 26 29 29 8 1 1 1 
91 5 
13 80 3 
1 7 85 2 1 
2 65 12 14 3 
1 54 14 26 1 
5 85 6 
1 59 12 4 18 1 1 
4 1 4 37 29 12 2 5 2 
8 61 20 4 1 1 1 
1 56 38 1 
1 16 49 12 4 5 8 1 
2 51 22 12 8 1 
1 46 46 3 
6 38 14 24 9 3 1 1 
1 2 87 4 2 
2 64 30 
1 44 3 24 7 12 4 1 
1 68 24 1 2 
2 55 5 5 13 14 2 
1 83 5 6 1 
8 27 43 14 3 1 
80 7 5 2 1 1 
1 15 53 19 7 1 
4 79 11 1 1 
14 22 53 3 1 3 
1 80 14 1 
1 83 12 
4 19 61 11 1 
1 3 84 8 
41 19 36 
1 89 5 1 
1 76 16 2 1 
8 23 8 43 14 
6 87 1 2 
2 84 1 3 5 1 
2 10 32 26 1 17 6 1 1 
1 29 65 1 
1 30 23 21 10 6 2 1 1 1 
1 8 17 65 5 
1 69 12 13 1 
33 5 16 40 2 
1 22 57 4 11 1 
59 26 10 1 
1 59 9 4 16 3 4 
1 72 8 5 5 1 3 1 
17 54 13 3 9 
1 26 24 39 4 1 1 
23 30 30 3 3 3 1 1 2 
1 9 86 
1 21 72 2 
5 88 2 1 
1 25 6 58 3 1 2 
3 55 31 4 2 1 
3 80 4 5 2 2 
83 12 1 
1 18 45 22 9 1 
1 26 6 21 38 4 
4 20 56 13 3 
1 77 17 1 
8 15 11 18 35 6 3 
3 3 10 5 21 33 11 4 1 5 
3 82 1 7 1 1 1 
4 1 38 17 27 3 1 3 2 
4 10 24 48 4 3 3 
7 35 31 9 1 2 10 1 
1 32 23 31 3 5 1 
5 11 3 55 6 14 2 
1 28 67 
3 58 26 1 2 3 2 1 
56 37 2 1 
4 73 19 
40 32 10 14 
1 91 3 1 
1 33 39 9 3 4 4 3 
1 18 9 18 10 18 5 9 5 2 1 
80 4 6 3 3 
2 9 54 21 7 3 
1 30 65 
21 29 30 4 6 4 2 
1 18 69 5 2 1 
5 75 9 5 2 
2 50 42 1 1 
7 73 6 4 3 2 1 
3 69 11 10 3 
1 3 64 10 11 3 1 3 
1 93 2 
10 66 17 1 2 
21 74 1 
1 50 20 22 2 1 
1 41 49 2 2 1 
1 50 44 1 
2 52 33 8 1 
3 62 19 3 4 3 1 1 
1 85 10 
1 72 11 7 5 
1 6 54 1 15 12 1 4 1 1 
3 9 81 3 
1 79 2 8 1 2 3 
2 53 25 15 1 
3 50 10 24 2 7 
1 12 52 13 17 1 
8 87 1 
3 71 22 
1 25 24 31 11 1 2 1 
2 49 23 10 12 
40 55 1 
1 52 38 2 2 1 
20 5 15 45 4 4 2 1 
1 74 21 
1 51 34 10 
23 36 10 1 24 1 1 
1 74 11 6 3 1 
2 33 8 23 6 14 1 8 1 
3 89 4 
2 92 2 
92 4 
2 50 44 
1 79 11 3 2 
7 2 40 31 2 2 9 3 
3 80 3 2 3 4 1 
1 84 10 1 
2 66 18 7 2 1 
22 60 6 8 
37 39 20 
2 30 26 1 6 8 3 7 5 8 
1 53 40 1 1 
93 1 2 
1 74 1 19 1 
2 28 4 32 29 1 
16 52 25 2 1 
2 86 2 6 
9 47 10 22 7 1 
1 32 19 24 1 19 
79 1 7 4 4 1 
2 80 10 1 2 1 
1 88 6 1 
6 17 49 16 8 
1 78 15 1 1 
1 41 42 11 1 
1 85 6 4 
1 58 35 1 1 
8 75 1 10 2 
3 54 25 9 3 1 1 
12 44 4 15 1 17 2 1 
5 29 33 12 8 9 
4 23 53 13 3 
4 32 3 34 23 
2 24 11 49 10 
7 38 3 24 14 4 1 1 3 1 
8 53 13 7 12 1 2 
23 2 42 23 6 
3 61 22 5 2 3 
1 11 6 58 7 10 2 1 
7 29 41 18 1 
15 40 19 21 1 
1 92 3 
68 14 14 
71 24 1 
2 3 89 2 
2 35 1 58 
4 5 60 5 1 5 9 3 1 3 
2 45 19 22 8 
1 70 24 1 
7 32 39 10 7 1 
2 94 
1 51 24 2 7 6 5 
26 2 33 9 22 3 1 
37 39 15 4 1 
6 27 56 3 4 
95 1 
4 3 31 39 13 4 1 1 
82 11 2 1 
11 45 37 2 1 
1 7 38 44 4 2 
1 43 36 11 5 
1 64 30 1 
48 7 22 2 13 2 1 1 
10 18 60 1 6 1 
2 81 4 6 2 1 
1 71 22 2 
1 1 39 55 
2 7 58 25 4 
6 90 
16 70 9 1 
1 22 21 1 37 5 7 1 1 
2 64 23 6 1 
1 20 52 20 3 
1 31 25 6 7 10 14 1 1 
2 40 36 16 2 
1 2 78 15 
7 57 20 9 3 
7 4 3 19 1 33 24 2 2 1 
21 27 8 23 14 2 1 
7 75 8 5 1 
24 28 19 11 3 11 
2 74 6 12 2 
1 39 41 14 1 
45 11 27 13 
5 19 51 7 2 1 2 9 
1 64 8 19 4 
1 7 63 1 22 2 
2 71 15 6 2 
2 10 3 70 3 5 2 1 
44 20 31 1 
39 1 24 19 4 6 3 
2 66 21 1 1 2 1 1 1 
3 73 18 2 
1 5 68 11 11 
85 5 4 2 
15 69 9 3 
5 51 40 
3 74 7 12 
4 69 22 1 
45 6 14 10 20 1 
1 58 37 
1 90 5 
87 2 5 1 1 
2 41 15 27 8 2 1 
3 75 17 1 
3 87 4 2 
91 1 2 2 
1 6 20 31 10 18 2 2 4 2 
1 43 43 3 6 
1 54 21 1 9 3 5 2 
2 62 32 
1 72 2 3 3 8 3 2 2 
2 74 19 1 
82 2 11 1 
5 59 16 6 9 1 
1 28 40 16 3 3 5 
1 33 55 7 
2 24 34 15 4 9 1 4 3 
6 29 52 8 1 
79 6 5 4 2 
1 16 62 14 3 
21 2 48 14 9 1 1 
14 53 24 1 2 1 1 
1 39 50 6 
1 67 8 5 15 
11 11 18 24 22 5 1 2 2 
12 59 24 1 
1 21 31 12 9 6 15 1 
1 27 28 1 17 22 
1 69 25 1 
1 26 13 33 23 
84 7 2 1 2 
53 39 2 2 
5 40 19 25 4 1 2 
1 40 1 45 2 6 1 
25 1 23 33 6 8 
2 79 15 
1 80 13 2 
1 94 1 
1 76 8 10 1 
1 69 26 
34 33 23 5 1 
47 1 27 6 12 2 1 
2 5 32 17 40 
8 68 12 1 5 2 
13 1 47 17 18 
2 66 14 5 6 1 2 
1 74 21 
3 43 39 5 6 
1 37 26 8 15 5 1 1 2 
2 17 59 13 4 1 
2 20 74 
9 46 5 2 22 10 2 
41 23 12 11 9 
46 40 10 
2 21 69 2 2 
1 7 1 45 11 29 1 1 
6 73 16 1 
2 40 40 3 11 
68 6 12 4 1 3 1 1 
25 23 18 27 1 2 
1 34 18 25 6 9 1 2 
78 7 11 
13 10 31 13 20 3 2 2 2 
12 19 59 2 4 
1 24 27 29 1 6 8 
67 4 25 
4 65 26 1 
1 85 3 7 
1 13 49 12 21 
4 92 
2 94 
1 54 34 4 3 
2 36 38 9 7 1 2 1 
6 34 40 8 8 
1 31 34 21 2 6 1 
1 23 6 12 7 24 9 14 
1 66 2 24 3 
1 1 67 13 4 3 4 2 1 
26 70 
1 48 40 4 3 
1 66 29 
3 73 5 2 2 2 9 
11 64 1 2 18 
15 29 9 34 7 1 1 
2 64 22 2 6 
32 47 2 4 9 2 
5 90 1 
84 10 2 
1 36 5 29 9 8 8 
4 2 50 30 2 5 3 
1 15 56 2 1 11 3 7 
16 45 8 23 3 1 
1 34 25 3 7 11 1 2 10 1 1 
1 39 13 16 12 12 3 
3 25 55 5 5 1 1 1 
1 82 2 8 3 
2 25 35 18 2 7 2 3 2 
18 77 1 
4 22 21 10 21 10 6 2 
41 9 21 12 1 3 5 2 1 1 
13 3 78 2 
93 2 1 
2 56 2 7 1 7 3 3 8 2 1 2 2 
2 2 58 19 10 5 
2 68 22 2 1 1 
1 64 2 15 9 4 1 
2 67 24 3 
1 64 1 16 4 7 2 1 
54 34 1 7 
10 76 2 8 
1 9 14 19 49 4 
2 83 11 
1 67 4 2 19 2 1 
1 32 50 2 10 1 
1 48 47 
94 2 
2 66 18 8 1 1 
3 10 79 1 1 1 1 
1 12 47 20 7 2 1 1 2 2 1 
10 82 1 3 
1 39 8 39 3 1 5 
4 69 14 7 2 
1 41 16 12 24 2 
92 3 1 
1 80 15 
1 41 29 21 3 1 
2 12 45 11 14 9 1 1 1 
17 41 15 1 21 1 
7 80 1 4 4 
1 80 12 3 
1 3 2 55 16 7 1 5 3 1 1 1 
1 68 24 3 
30 50 16 
1 88 7 
1 19 53 2 4 5 3 9 
79 4 2 3 8 
2 35 54 2 3 
3 17 54 18 1 3 
15 74 6 1 
1 1 79 7 8 
1 37 17 31 8 2 
1 68 11 7 6 1 1 1 
1 57 1 13 14 3 7 
1 56 17 5 13 2 2 
3 28 63 2 
1 1 39 19 4 14 18 
1 53 27 10 2 3 
6 85 1 1 1 2 
1 7 37 33 13 5 
1 21 4 9 2 19 1 15 17 3 3 1 
1 80 6 9 
1 68 4 13 3 1 5 1 
2 69 11 1 11 2 
3 82 6 1 4 
1 32 35 27 1 
3 76 9 4 3 1 
4 54 28 5 1 1 3 
1 82 5 6 2 
14 76 3 2 1 
50 31 9 4 2 
4 72 17 1 1 1 
1 79 8 6 2 
77 11 7 1 
3 3 47 29 6 3 3 1 1 
1 94 1 
13 45 19 3 7 7 1 1 
1 6 18 19 7 17 13 10 3 1 1 
68 11 6 5 6 
2 50 37 5 1 1 
5 43 4 31 10 1 2 
2 59 35 
5 81 1 5 1 1 1 1 
7 29 59 1 
1 42 51 2 
6 76 5 5 2 1 1 
25 12 5 19 4 12 4 7 1 6 1 
1 46 3 42 1 3 
14 11 47 9 6 6 3 
1 61 34 
18 18 20 25 7 6 2 
34 22 26 11 2 1 
1 20 43 16 12 3 1 
2 39 13 33 2 7 
1 57 3 34 1 
1 54 33 2 6 
1 41 46 2 2 4 
4 15 15 36 15 1 9 1 
6 26 42 15 2 1 2 2 
73 23 
23 30 31 5 7 
5 8 10 3 68 1 1 
2 55 27 1 7 3 1 
18 62 6 8 2 
5 88 2 1 
1 22 59 2 10 1 1 
1 66 25 4 
1 84 11 
89 7 
96 
36 52 1 1 3 1 1 1 
2 46 31 16 1 
1 47 38 10 
3 80 11 1 1 
1 90 5 
2 81 5 6 1 1 
1 78 5 11 1 
1 51 32 2 8 2 
1 25 65 2 2 1 
33 2 60 1 
3 45 19 23 4 2 
31 48 16 1 
25 33 20 17 1 
2 32 52 3 7 
73 11 11 1 
1 95 
67 15 2 1 2 2 2 3 1 1 
4 28 18 5 31 9 1 
11 43 1 40 1 
1 78 11 5 1 
9 31 8 36 7 2 3 
42 51 1 2 
73 19 4 
68 9 15 3 1 
2 34 21 21 7 8 2 1 
1 2 10 65 12 6 
1 10 19 53 1 7 5 
38 19 18 4 9 7 1 
1 14 38 2 9 14 6 10 2 
1 41 50 2 2 
11 35 20 6 3 2 7 11 1 
2 72 21 1 
4 77 15 
2 90 3 1 
1 92 1 2 
1 84 7 4 
15 39 23 14 5 
15 45 25 9 1 1 
10 50 17 10 2 7 
3 63 29 1 
82 1 8 4 1 
1 61 19 7 2 2 3 1 
1 13 39 21 17 1 3 1 
17 55 15 9 
19 49 22 5 1 
1 44 51 
1 30 65 
4 39 45 3 5 
2 24 11 28 10 9 3 6 2 1 
66 10 20 
1 67 21 7 
92 3 1 
1 12 21 14 27 4 1 11 3 2 
5 19 31 20 19 1 1 
5 89 1 1 
1 50 20 10 15 
3 68 13 10 2 
2 43 51 
4 20 25 24 10 8 5 
1 56 14 17 2 2 3 1 
5 58 4 11 1 4 10 3 
1 37 3 9 5 9 10 10 1 9 1 1 
4 36 16 10 7 5 3 10 1 3 1 
1 13 52 11 8 11 
1 77 14 2 2 
5 34 3 44 1 1 3 4 1 
10 1 61 2 6 16 
1 3 62 12 2 15 1 
96 
2 33 53 5 1 1 1 
2 91 3 
2 67 27 
1 19 76 
8 64 15 1 6 1 1 
1 43 10 4 6 29 2 1 
2 93 1 
1 79 16 
2 88 4 2 
8 88 
1 12 60 22 1 
9 28 23 21 5 1 2 4 3 
1 9 86 
9 56 10 6 8 3 3 1 
1 1 60 10 16 8 
1 25 53 8 6 2 1 
1 75 4 9 7 
1 81 12 1 1 
4 15 31 2 35 4 3 1 1 
49 26 8 7 6 
1 70 11 13 1 
2 89 1 2 2 
1 2 84 5 1 3 
2 15 42 2 9 25 1 
9 78 5 2 1 1 
3 71 18 4 
5 72 18 1 
1 20 74 1 
2 64 10 6 1 2 2 9 
58 15 2 19 2 
4 46 1 4 27 4 4 1 4 1 
1 14 29 34 5 12 1 
2 41 34 2 15 1 1 
6 37 53 
41 26 1 15 4 8 1 
9 53 34 
3 43 50 
11 47 37 1 
1 37 22 33 3 
1 54 39 2 
13 75 4 2 1 1 
11 33 31 4 3 3 1 5 2 1 1 1 
9 64 14 1 7 1 
56 16 9 6 9 
26 68 2 
14 32 35 3 5 1 6 
3 17 46 23 6 1 
8 80 7 1 
2 15 57 15 1 5 1 
2 8 43 12 16 1 10 2 2 
1 46 13 7 3 18 2 3 2 1 
1 83 12 
5 32 33 25 1 
5 73 14 2 1 1 
1 55 27 5 6 1 1 
1 19 20 56 
1 54 21 15 5 
93 2 1 
1 50 6 37 1 1 
1 86 9 
10 5 52 19 10 
1 15 7 27 7 38 1 
1 27 50 3 5 1 3 5 1 
17 65 7 5 2 
2 41 9 17 16 9 1 1 
1 74 12 9 
1 87 8 
2 36 56 2 
1 10 76 7 1 1 
5 56 11 17 2 1 4 
1 70 21 3 1 
3 15 67 1 8 2 
4 90 2 
4 41 41 9 1 
4 78 13 1 
24 19 39 10 4 
1 64 10 12 6 2 1 
8 7 27 31 9 11 1 2 
3 54 30 6 1 1 1 
10 65 12 1 5 3 
53 42 1 
6 59 5 22 3 1 
24 3 46 4 13 1 3 1 1 
9 1 51 7 12 3 7 6 
1 20 38 3 11 9 10 2 2 
5 83 8 
10 62 10 7 7 
6 87 3 
7 64 24 1 
18 35 34 5 3 1 
20 59 8 1 3 2 1 1 1 
1 48 16 15 6 6 3 1 
90 6 
1 35 17 4 18 1 14 1 1 3 1 
1 2 13 63 6 2 5 3 1 
15 38 20 18 4 1 
2 36 14 7 15 9 8 4 1 
1 89 3 1 2 
22 17 3 35 2 1 3 8 1 2 1 1 
1 81 10 4 
1 63 26 3 1 2 
39 34 5 7 1 1 7 1 1 
4 86 5 1 
1 81 10 4 
1 53 35 2 3 2 
1 16 19 13 23 4 15 2 3 
1 49 43 1 2 
1 75 13 6 1 
1 43 44 4 4 
1 47 14 24 1 6 2 1 
7 31 58 
2 59 28 2 4 1 
96 
1 34 43 18 
56 1 15 11 2 5 4 1 1 
1 92 2 1 
1 55 2 3 3 19 5 2 5 1 
45 34 5 8 4 
4 63 25 2 1 1 
3 76 15 2 
2 63 15 14 2 
1 60 1 33 1 
17 27 5 46 1 
28 67 1 
96 
5 9 61 7 9 3 1 1 
12 72 12 
2 90 2 2 
4 56 17 13 2 2 1 1 
1 52 12 6 19 6 
29 42 11 11 2 1 
73 5 16 1 1 
1 30 5 21 29 6 2 2 
4 66 9 3 2 2 6 4 
9 39 35 8 4 1 
2 89 2 1 1 1 
15 37 17 11 11 1 2 2 
1 54 34 1 3 1 1 1 
7 9 13 26 24 10 5 2 
39 40 16 1 
1 15 43 13 5 12 7 
4 83 7 2 
2 90 1 3 
82 8 6 
1 7 7 56 7 10 6 1 1 
93 2 1 
10 1 46 20 5 13 1 
2 34 41 1 16 1 1 
1 88 7 
12 2 79 1 1 1 
15 26 45 10 
12 42 15 6 19 2 
9 64 3 4 4 6 2 1 2 1 
3 65 28 
1 23 34 31 3 1 2 1 
2 10 16 29 16 14 2 5 1 1 
1 30 21 5 17 9 9 1 1 2 
1 11 3 1 50 2 13 8 1 1 4 1 
1 63 20 9 3 
1 67 28 
7 71 18 
6 10 16 58 4 2 
1 5 90 
1 18 13 5 7 35 17 
1 10 12 12 1 15 44 1 
2 28 9 55 1 1 
5 38 27 9 2 6 3 4 2 
26 64 6 
10 86 
5 41 20 11 14 4 1 
11 22 42 14 2 5 
2 67 27 
5 75 8 8 
1 29 11 2 37 6 6 1 2 1 
1 16 33 27 5 13 1 
1 74 8 13 
1 28 10 37 9 9 2 
3 33 12 45 3 
4 73 17 1 1 
2 55 30 9 
2 17 30 21 23 3 
17 69 3 4 2 1 
1 77 12 4 1 1 
56 21 19 
1 84 11 
2 11 68 2 2 11 
5 51 13 23 3 1 
7 45 44 
1 19 35 5 13 5 9 4 1 3 1 
1 19 60 8 7 1 
1 81 14 
2 73 9 10 2 
2 10 69 11 1 3 
2 17 19 16 25 7 1 3 6 
3 46 24 4 12 6 1 
1 86 9 
1 78 3 11 1 2 
1 9 71 2 1 12 
1 64 28 3 
1 60 2 23 3 6 1 
95 1 
2 8 73 11 2 
1 55 36 1 2 1 
71 20 5 
1 63 28 1 1 1 1 
3 83 7 3 
1 25 30 12 11 3 12 1 1 
85 6 4 1 
5 76 1 11 1 1 1 
24 58 11 1 2 
1 52 34 4 1 3 1 
1 65 18 8 4 
1 44 23 23 3 2 
18 70 5 1 2 
2 37 57 
1 8 43 34 2 1 7 
1 95 
96 
4 67 25 
2 75 19 
1 16 17 27 2 1 29 2 1 
7 48 10 12 1 4 3 2 2 5 1 1 
1 5 76 7 4 2 1 
3 42 10 10 23 4 2 2 
2 24 4 36 7 21 1 1 
1 58 30 7 
1 26 31 16 1 15 6 
1 46 11 34 2 2 
87 5 3 1 
7 56 6 23 2 1 1 
2 15 51 19 9 
2 82 10 2 
35 48 1 7 5 
1 80 10 1 2 2 
53 26 11 3 2 1 
5 45 12 6 22 4 1 1 
6 10 4 41 7 7 17 1 3 
10 71 5 7 1 2 
1 9 86 
6 85 5 
2 48 7 22 5 6 4 1 1 
39 51 6 
1 35 18 22 19 1 
1 82 13 
1 19 34 12 6 21 3 
14 60 22 
6 29 20 41 
2 36 32 24 1 1 
5 90 1 
27 62 4 1 2 
83 2 11 
1 26 1 16 50 2 
3 2 42 1 22 2 8 13 3 
1 61 34 
1 5 55 35 
30 27 14 22 2 1 
9 26 28 29 3 1 
9 77 10 
2 1 44 22 6 16 4 1 
14 59 4 10 7 1 1 
1 90 5 
2 4 38 32 10 5 3 2 
28 16 38 5 8 1 
93 2 1 
1 87 2 2 4 
2 30 36 10 14 1 3 
1 75 19 1 
1 86 6 1 2 
4 79 12 1 
1 28 1 66 
3 37 49 6 1 
3 66 19 6 2 
1 34 61 
4 61 5 23 2 1 
6 69 9 9 3 
10 37 18 23 8 
12 23 46 2 12 1 
3 56 37 
1 36 59 
1 71 6 4 9 3 1 1 
4 12 24 25 2 7 4 18 
11 82 1 1 1 
2 56 37 1 
1 82 13 
23 60 8 4 1 
2 93 1 
4 46 22 9 6 2 2 5 
58 2 11 24 1 
44 3 17 2 27 1 2 
1 54 25 8 7 1 
2 23 8 6 23 21 3 5 4 1 
12 42 32 7 3 
1 49 21 11 1 6 4 2 1 
55 14 22 5 
2 13 8 39 19 8 4 3 
1 62 9 2 20 2 
14 22 5 22 7 20 6 
11 33 42 7 1 2 
22 25 48 1 
48 23 25 
2 9 77 7 1 
4 90 2 
3 83 6 1 2 1 
3 23 19 5 33 13 
46 1 15 7 25 1 1 
6 19 41 5 20 1 3 1 
42 51 3 
12 60 1 4 19 
2 78 4 4 8 
2 20 68 4 2 
1 81 3 2 1 5 2 1 
1 53 39 1 2 
1 48 18 2 21 1 3 2 
1 18 75 2 
10 29 8 7 9 24 9 
1 5 45 1 18 14 6 6 
59 32 1 4 
13 35 47 1 
4 44 7 22 19 
3 30 22 32 8 1 
1 36 32 12 7 1 6 1 
3 65 10 3 2 7 2 1 2 1 
4 55 10 17 10 
2 21 31 18 1 6 11 2 1 1 1 1 
22 33 24 10 1 3 2 1 
95 1 
1 9 1 47 11 9 1 9 3 5 
1 60 16 17 2 
1 36 50 6 2 1 
1 37 48 2 1 2 4 1 
33 34 11 14 1 2 1 
7 67 21 1 
4 69 18 4 1 
19 22 26 5 21 1 2 
9 26 56 1 1 1 2 
1 89 2 1 2 1 
1 87 5 1 2 
24 47 22 3 
7 26 4 46 6 1 2 2 2 
2 66 8 4 4 11 1 
2 7 84 1 2 
1 43 39 5 6 2 
1 63 25 1 5 1 
9 87 
9 83 3 1 
29 11 23 29 4 
6 4 16 4 10 44 9 2 1 
24 39 25 1 3 1 3 
2 7 58 13 1 15 
1 13 66 9 2 4 1 
2 62 26 4 2 
2 41 49 2 1 1 
1 28 3 53 10 1 
1 55 3 21 8 1 5 2 
42 30 18 5 1 
2 2 69 1 14 4 3 1 
3 47 21 12 6 1 1 3 1 1 
3 49 30 7 2 4 1 
2 79 11 2 2 
3 17 6 23 16 3 4 11 3 5 2 1 2 
1 58 6 2 16 6 1 5 1 
8 22 10 23 18 1 10 4 
5 64 23 4 
1 80 14 1 
12 39 6 27 10 2 
1 72 14 4 5 
6 78 12 
3 69 5 5 2 6 4 2 
2 67 17 4 3 2 1 
1 54 8 13 14 6 
2 88 4 2 
7 23 21 31 2 5 5 1 1 
1 12 77 6 
96 
9 71 7 7 2 
73 11 6 3 1 2 
3 89 1 1 2 
2 51 42 1 
23 4 10 50 5 3 1 
1 8 40 34 7 6 
1 1 57 4 31 2 
1 67 23 4 1 
3 13 41 10 21 4 1 2 1 
1 12 69 7 2 5 
1 9 71 7 2 1 1 4 
2 78 8 4 4 
17 50 9 15 5 
9 38 48 1 
1 24 6 15 22 15 4 2 7 
6 1 11 73 2 1 2 
1 52 14 3 15 4 4 1 2 
96 
1 49 5 21 9 6 4 1 
1 11 29 7 16 18 1 12 1 
7 17 72 
5 10 45 9 25 1 1 
1 14 59 18 4 
23 7 55 1 7 1 1 1 
1 79 11 5 
11 4 44 6 17 12 2 
1 65 6 6 11 1 6 
1 80 15 
1 71 2 14 8 
4 60 27 2 3 
5 41 44 4 1 1 
1 19 29 3 8 7 11 10 1 1 5 1 
67 12 4 3 10 
1 84 11 
2 18 13 26 21 2 13 1 
1 38 40 4 5 6 1 1 
3 56 6 23 3 4 1 
58 18 16 1 3 
9 79 5 3 
13 18 35 6 10 5 9 
3 15 34 41 3 
1 75 18 1 1 
1 45 11 8 18 1 11 1 
2 56 13 3 2 6 3 1 6 1 1 1 1 
1 16 4 67 8 
3 87 6 
96 
1 36 43 8 8 
18 49 20 5 4 
14 42 34 4 2 
6 85 4 1 
1 82 9 4 
35 56 5 
2 36 58 
1 66 5 8 7 4 3 1 1 
48 26 3 4 11 4 
1 4 49 39 2 1 
29 54 7 3 1 2 
9 59 28 
2 15 64 1 14 
41 7 30 1 3 9 5 
7 71 6 12 
2 28 66 
1 79 12 2 2 
1 24 71 
1 71 3 4 14 1 2 
20 55 13 4 4 
39 31 24 2 
1 81 11 2 1 
1 27 19 31 11 2 3 2 
3 83 6 2 2 
3 65 28 
1 37 4 1 21 4 22 2 2 2 
1 15 38 35 1 4 1 1 
7 19 14 9 27 5 7 4 4 
96 
9 78 5 3 1 
5 60 29 2 
1 17 7 67 2 2 
17 29 48 1 1 
1 36 48 7 3 1 
10 82 4 
22 73 1 
7 76 7 2 2 1 1 
2 41 38 14 1 
5 61 3 10 12 1 4 
3 33 34 3 19 2 2 
1 31 1 3 44 11 1 1 1 1 1 
2 45 17 25 7 
1 92 1 1 1 
2 16 70 7 1 
1 86 5 2 2 
1 39 7 31 1 11 1 3 1 1 
76 9 11 
1 60 3 11 8 13 
1 83 12 
19 43 3 27 4 
1 51 40 2 2 
2 24 49 3 15 3 
1 21 54 13 4 2 1 
1 56 26 6 3 2 2 
1 15 52 24 4 
2 67 14 8 5 
5 26 12 6 47 
2 41 45 2 2 1 3 
3 91 1 1 
1 1 23 27 39 2 3 
11 19 34 7 6 16 3 
1 51 4 39 1 
1 79 16 
60 26 10 
20 31 44 1 
7 38 12 7 5 18 6 3 
3 69 21 1 2 
45 12 32 6 1 
3 57 24 9 3 
92 1 1 2 
1 35 19 27 14 
1 2 15 48 9 2 6 10 3 
1 47 2 33 9 4 
3 9 68 6 3 7 
2 83 3 8 
11 29 49 3 4 
1 69 24 1 1 
2 33 3 19 16 21 1 1 
1 63 3 2 8 16 3 
1 88 6 1 
2 69 11 4 3 1 2 2 1 1 
5 29 38 4 19 1 
49 23 3 4 6 3 3 2 2 1 
17 64 3 12 
4 2 52 14 3 12 2 1 2 3 1 
1 36 8 35 14 1 1 
4 45 29 12 6 
12 55 29 
1 21 49 14 1 7 1 2 
2 15 64 14 1 
2 69 8 16 1 
1 7 26 50 8 3 1 
1 79 10 3 3 
12 51 16 9 3 5 
1 44 31 10 10 
1 10 30 40 2 7 3 3 
8 38 39 8 2 1 
2 52 29 2 1 9 1 
5 48 31 5 6 1 
1 31 61 1 2 
7 72 17 
1 90 1 3 1 
26 18 39 5 1 2 1 1 2 1 
2 3 1 61 12 9 2 4 2 
7 2 2 62 10 9 1 3 
53 6 37 
1 2 89 4 
22 25 45 4 
2 92 2 
3 4 23 18 34 2 11 1 
82 14 
3 83 10 
62 19 15 
92 2 1 1 
1 18 23 42 4 2 3 2 1 
5 41 28 12 9 1 
2 37 10 29 1 3 1 12 1 
1 34 13 48 
1 78 13 1 3 
2 60 24 8 2 
91 4 1 
3 3 8 24 15 18 15 6 1 3 
1 44 25 21 4 1 
7 72 10 5 1 1 
7 6 9 3 49 14 2 6 
30 18 37 6 3 2 
19 20 32 7 17 1 
50 21 19 1 3 1 1 
2 82 3 3 3 2 1 
33 30 30 3 
1 21 3 7 42 12 5 5 
1 10 7 2 42 16 5 12 1 
51 32 12 1 
24 65 1 3 1 1 1 
27 27 41 1 
6 35 49 2 4 
6 73 13 4 
1 5 37 1 37 8 5 2 
10 61 19 2 2 2 
6 80 1 9 
1 17 74 1 3 
22 42 30 2 
1 11 29 44 11 
1 41 24 27 3 
10 72 13 1 
1 29 34 18 14 
2 74 5 4 1 1 8 1 
12 20 26 21 3 9 3 2 
1 71 24 
1 73 11 10 1 
2 75 5 9 2 1 1 1 
43 43 3 2 3 2 
28 32 17 18 1 
13 35 40 7 1 
2 64 1 18 1 4 1 2 2 1 
41 46 3 2 3 1 
5 79 6 3 2 1 
73 23 
9 71 15 1 
17 2 60 13 4 
1 57 31 4 3 
1 31 20 3 11 8 8 9 1 2 2 
10 62 19 4 1 
3 75 16 1 1 
36 29 27 2 2 
5 34 43 2 2 1 7 1 1 
1 77 10 6 2 
1 85 7 1 1 1 
1 59 5 10 19 1 1 
1 59 23 11 1 1 
1 75 3 10 3 2 2 
11 76 8 1 
95 1 
3 36 9 46 2 
96 
1 56 39 
24 9 3 11 10 18 21 
14 60 22 
19 19 11 21 12 12 1 1 
1 74 21 
37 15 38 3 3 
1 39 6 12 14 9 6 6 3 
9 64 18 2 2 1 
1 67 18 6 1 3 
1 8 24 12 10 21 20 
13 64 19 
4 45 33 13 1 
4 35 42 2 10 2 1 
1 82 2 8 3 
26 12 13 40 1 2 2 
2 56 2 6 8 4 16 2 
1 17 26 14 23 7 1 3 2 2 
2 69 25 
17 71 8 
1 52 22 8 5 6 2 
40 49 2 4 1 
33 34 27 1 1 
1 77 10 1 6 1 
7 6 8 27 9 17 14 6 2 
1 38 45 8 3 1 
6 79 10 1 
37 32 2 16 7 1 1 
1 40 22 33 
1 9 54 20 10 1 1 
9 14 42 22 5 2 1 1 
6 69 21 
2 37 20 36 1 
33 33 29 1 
1 40 41 11 1 2 
2 54 32 4 4 
2 33 29 12 10 10 
1 42 12 4 22 4 10 1 
3 60 23 6 2 2 
1 57 16 18 3 1 
2 83 11 
2 80 3 10 1 
8 84 2 2 
1 21 11 3 24 5 19 8 2 1 1 
1 94 1 
14 18 58 4 2 
2 94 
4 91 1 
5 72 19 
1 60 34 1 
2 3 81 7 3 
1 91 4 
5 87 4 
3 5 27 22 3 7 11 18 
3 45 47 1 
1 89 5 1 
1 82 8 4 1 
1 93 1 1 
21 54 5 2 9 4 1 
1 92 3 
3 74 16 2 1 
1 53 39 2 1 
1 8 42 41 2 2 
2 59 24 8 3 
3 15 7 58 11 2 
16 40 15 7 7 7 2 2 
1 87 7 1 
1 15 45 34 1 
13 13 20 3 3 4 26 9 2 2 1 
1 17 76 2 
1 58 31 4 1 1 
1 42 19 17 14 2 1 
52 26 6 9 1 1 1 
1 68 27 
2 27 14 29 18 4 2 
6 4 11 9 5 31 26 2 2 
3 21 20 31 19 1 1 
1 42 44 9 
1 59 27 4 3 1 1 
24 49 13 8 1 1 
1 39 53 1 2 
1 52 36 4 3 
1 5 51 33 4 1 1 
1 78 14 3 
2 35 41 6 8 2 1 1 
1 14 39 35 2 5 
6 82 1 6 1 
1 74 20 1 
1 24 15 34 3 1 13 2 3 
2 60 28 3 1 1 1 
5 2 49 12 17 4 1 2 2 1 1 
15 12 15 21 9 2 5 1 5 4 2 4 1 
26 47 21 2 
1 6 46 39 3 1 
2 84 3 7 
1 32 63 
1 89 6 
16 15 62 3 
1 62 26 3 4 
1 21 19 28 27 
11 60 4 18 3 
3 48 11 22 8 1 3 
1 32 1 3 27 22 10 
11 48 27 6 3 1 
51 8 5 5 25 1 1 
1 57 11 8 3 11 3 1 1 
34 37 25 
1 45 20 29 1 
1 32 19 27 10 5 2 
54 36 6 
1 17 78 
8 41 36 7 3 1 
10 20 33 14 14 4 1 
1 29 45 6 9 1 3 1 1 
2 37 26 9 3 4 5 4 6 
4 9 10 13 45 12 3 
1 76 17 2 
2 37 52 5 
2 50 22 13 6 2 1 
1 4 91 
14 27 2 6 7 30 1 7 2 
1 43 35 13 3 1 
6 15 71 4 
13 4 60 6 11 1 1 
41 18 20 8 9 
66 27 3 
1 79 7 5 4 
1 7 28 32 2 16 1 4 3 1 1 
2 67 24 1 2 
1 28 62 2 3 
90 6 
1 92 3 
1 72 2 2 9 2 8 
3 42 28 16 4 3 
3 50 14 28 1 
1 42 25 18 4 5 1 
1 47 35 1 6 2 2 1 1 
2 55 38 1 
1 93 2 
13 57 15 1 4 3 3 
3 10 21 48 1 5 2 2 4 
1 75 20 
21 15 8 17 19 9 4 3 
84 9 2 1 
1 25 64 5 1 
77 4 4 8 1 1 1 
3 51 42 
8 22 31 33 2 
1 88 6 1 
1 80 11 1 3 
2 6 10 40 20 17 1 
28 54 8 6 
5 22 66 1 2 
1 55 2 4 18 5 11 
1 24 32 10 27 2 
1 31 33 27 4 
2 36 6 23 22 3 4 
1 1 13 48 32 1 
96 
2 94 
1 66 21 3 3 2 
14 19 12 1 3 25 5 10 6 1 
1 47 40 2 4 2 
1 46 41 5 2 1 
1 52 23 2 13 3 1 1 
2 64 30 
8 54 27 5 2 
7 37 36 5 2 1 1 1 4 1 1 
1 46 28 12 8 1 
1 70 8 9 5 3 
4 78 1 4 9 
12 55 29 
4 73 13 3 1 1 1 
1 32 12 5 4 36 1 1 4 
9 13 10 51 3 6 1 1 1 1 
2 50 28 15 1 
2 6 27 56 3 2 
3 90 2 1 
28 59 1 1 2 3 2 
1 90 3 2 
7 52 25 10 1 1 
13 1 61 15 2 2 2 
29 13 1 39 12 2 
35 43 10 1 4 1 2 
1 27 32 13 21 2 
4 56 5 12 2 2 2 7 1 4 1 
2 49 30 1 10 2 2 
22 10 32 31 1 
8 15 14 16 31 7 1 4 
4 53 38 1 
16 29 13 15 9 13 1 
2 57 25 7 5 
4 91 1 
6 27 48 2 9 1 1 1 1 
1 40 24 20 2 2 4 1 2 
1 41 54 
34 38 7 15 2 
1 54 32 4 5 
4 47 13 32 
2 21 2 46 13 5 6 1 
3 93 
1 51 33 5 6 
1 1 58 34 2 
2 22 37 33 2 
92 4 
10 64 3 7 2 10 
3 12 31 12 24 14 
1 91 4 
78 13 1 3 1 
1 73 5 1 6 2 8 
2 9 58 11 1 2 7 3 1 2 
4 67 16 1 1 2 5 
3 12 62 6 13 
1 80 4 8 3 
96 
61 33 1 1 
10 14 14 13 31 13 1 
2 14 23 55 2 
10 25 61 
2 87 6 1 
10 9 1 50 9 5 8 3 1 
3 83 3 4 2 1 
1 81 9 3 2 
1 29 3 7 12 14 18 4 2 6 
1 78 16 1 
1 34 10 13 29 2 1 2 2 2 
5 88 3 
26 62 3 1 1 3 
1 86 6 2 1 
1 62 33 
15 24 30 1 12 7 2 1 1 1 2 
15 44 27 10 
12 67 17 
1 93 2 
2 86 8 
3 42 51 
33 31 32 
1 48 13 10 7 6 6 2 3 
1 73 22 
1 92 1 1 1 
1 75 20 
2 34 53 3 1 1 2 
6 29 41 2 7 7 4 
1 39 10 12 28 2 3 1 
5 48 13 24 6 
2 69 19 2 3 1 
9 18 14 32 16 6 1 
28 47 21 
21 16 59 
7 23 58 1 7 
1 50 27 11 1 6 
17 11 50 16 1 1 
15 64 16 1 
12 84 
15 2 19 43 1 6 9 1 
44 5 13 15 19 
51 21 24 
8 55 24 3 2 4 
4 89 3 
5 71 18 2 
2 62 13 13 2 2 1 1 
1 93 2 
1 49 45 1 
1 45 13 28 1 1 6 1 
1 67 18 10 
12 68 12 3 1 
8 44 3 1 9 15 9 6 1 
40 14 3 11 5 18 3 1 1 
1 10 36 23 13 2 3 4 1 3 
2 3 55 2 27 5 1 1 
1 5 49 41 
6 40 22 19 5 1 1 1 1 
1 87 7 1 
4 46 34 8 3 1 
2 33 56 2 2 1 
1 18 30 8 38 1 
2 6 60 27 1 
2 51 43 
1 6 11 52 4 7 7 2 2 1 2 1 
1 22 8 11 11 1 16 4 7 8 6 1 
7 53 5 31 
1 51 18 17 2 6 1 
1 85 2 4 2 1 1 
1 9 4 70 5 5 2 
1 52 33 10 
1 80 4 5 1 2 1 1 1 
1 43 29 10 13 
16 1 45 15 3 6 1 4 2 1 1 1 
5 57 3 5 17 4 4 1 
1 45 24 17 1 3 4 1 
19 13 52 2 2 1 1 2 1 2 1 
19 67 3 7 
1 51 2 4 8 7 4 9 6 2 1 1 
1 22 4 45 20 3 1 
1 73 12 9 1 
26 16 49 1 4 
1 8 50 34 1 1 1 
8 83 3 2 
1 33 2 56 2 1 1 
13 51 23 1 3 4 1 
2 6 30 22 5 5 23 2 1 
1 52 5 4 11 7 2 2 3 2 3 2 1 1 
1 14 57 10 2 5 4 2 1 
2 80 6 4 4 
23 16 33 21 1 1 1 
95 1 
2 80 10 3 1 
1 18 53 11 12 1 
46 29 16 4 1 
1 1 65 3 16 8 2 
76 14 3 1 2 
3 88 5 
1 71 20 4 
3 22 1 29 32 6 3 
1 40 35 11 9 
2 26 56 11 1 
2 67 11 11 4 1 
91 4 1 
2 6 45 1 22 7 10 1 1 1 
7 21 66 1 1 
3 66 11 14 2 
1 31 3 19 5 30 1 2 3 1 
1 47 39 1 3 4 1 
7 28 2 21 27 4 5 1 1 
4 45 12 5 13 17 
2 54 32 7 1 
1 47 19 17 3 4 5 
1 70 25 
8 41 40 5 1 1 
2 12 45 9 2 2 10 5 8 1 
1 27 45 3 7 11 1 1 
1 26 18 18 7 12 14 
1 18 61 9 5 1 1 
5 14 61 5 8 2 1 
1 91 1 1 1 1 
8 30 42 10 6 
56 29 4 2 2 3 
1 23 27 2 31 1 8 1 1 1 
7 1 13 33 16 21 1 3 1 
1 59 7 7 7 7 3 5 
13 21 34 25 1 2 
3 34 35 5 3 8 3 4 1 
1 21 72 2 
1 57 23 15 
9 20 63 1 3 
6 63 22 3 2 
1 49 14 18 10 1 1 2 
1 93 1 1 
1 68 20 2 1 2 1 1 
96 
1 66 8 1 2 1 7 1 6 3 
10 51 12 17 6 
25 62 1 5 1 2 
1 85 10 
3 93 
1 87 3 4 1 
1 73 4 7 5 3 3 
1 55 17 8 5 3 7 
2 90 3 1 
7 33 26 24 2 3 1 
1 71 24 
17 34 39 1 1 4 
1 87 8 
19 7 47 10 9 4 
4 48 22 7 9 3 3 
5 49 25 13 1 3 
2 42 43 7 1 1 
9 45 42 
73 7 1 7 4 3 1 
38 31 27 
1 9 48 36 2 
2 55 11 9 2 10 7 
1 81 2 5 1 5 1 
3 44 11 15 8 5 4 4 2 
1 83 6 1 2 3 
1 53 17 11 8 4 1 1 
87 3 3 2 1 
1 62 7 17 7 2 
2 49 43 2 
1 38 30 10 14 2 1 
2 40 42 12 
13 19 31 18 3 4 8 
5 30 61 
10 53 22 10 1 
3 18 26 29 3 4 6 3 4 
96 
1 31 53 2 4 1 2 2 
1 28 33 29 5 
1 40 51 2 2 
1 70 10 11 1 3 
8 23 1 19 28 5 3 2 1 3 1 1 1 
1 76 19 
1 87 5 2 1 
1 13 46 1 27 4 4 
4 38 17 31 2 2 2 
4 81 7 2 2 
1 89 5 1 
2 12 20 40 2 2 6 1 3 6 1 1 
2 29 11 38 8 8 
1 63 27 3 2 
1 48 3 34 10 
12 43 12 5 5 11 5 1 1 1 
3 3 18 71 1 
2 49 39 6 
11 21 43 10 2 6 3 
5 46 44 1 
32 20 41 3 
1 42 33 16 1 2 1 
1 6 58 26 4 1 
1 34 44 1 6 4 3 1 1 1 
2 41 53 
3 33 42 8 5 3 2 
20 64 7 2 3 
3 36 2 53 1 1 
1 51 37 6 1 
84 3 6 2 1 
3 14 1 32 44 2 
2 3 21 15 20 24 5 2 2 2 
3 86 1 3 2 1 
11 66 9 1 5 2 1 1 
1 4 51 3 15 6 4 5 7 
3 78 5 10 
1 32 35 26 2 
2 53 14 8 19 
2 88 6 
1 34 4 3 32 15 3 2 1 1 
1 3 18 30 27 10 6 1 
1 46 49 
1 54 28 1 3 2 1 3 1 2 
2 9 5 57 12 8 3 
86 9 1 
3 2 14 36 23 4 6 1 2 4 1 
8 51 29 6 2 
4 74 1 5 11 1 
3 76 17 
2 35 54 3 1 1 
4 5 57 25 2 2 1 
1 49 44 2 
71 16 4 5 
1 81 1 1 3 4 3 2 
10 11 15 16 9 10 3 12 9 1 
