5 44 8 38 1 1 
1 34 52 7 1 1 1 
7 9 44 4 15 16 1 1 
2 83 2 1 9 
1 53 29 10 1 1 2 
1 57 18 2 12 6 1 
42 8 24 22 1 
1 72 23 1 
36 33 17 8 3 
3 94 
96 1 
5 35 54 1 1 1 
5 15 57 16 1 3 
1 9 17 27 31 2 8 2 
2 85 10 
10 87 
2 31 62 1 1 
3 77 13 2 2 
9 68 13 7 
6 9 8 52 20 2 
84 6 1 5 1 
3 42 29 16 4 1 1 1 
1 96 
1 66 5 16 7 2 
93 1 3 
1 19 60 13 4 
1 23 41 27 5 
9 79 6 1 1 1 
1 72 12 3 9 
2 16 76 3 
3 18 37 21 4 12 2 
2 65 12 14 4 
1 50 44 1 1 
1 61 35 
1 76 19 1 
6 91 
1 3 34 27 4 12 8 1 3 1 2 1 
4 50 17 11 13 1 1 
2 2 31 26 23 2 5 5 1 
1 85 9 2 
6 44 32 13 1 1 
1 50 24 10 4 7 1 
16 71 3 1 5 1 
5 35 18 1 18 5 5 2 2 2 1 3 
2 46 4 41 4 
3 59 32 2 1 
22 13 58 4 
14 58 21 4 
1 22 56 14 1 1 1 1 
1 61 28 5 1 1 
11 47 18 9 7 3 2 
1 29 5 8 5 14 12 8 11 3 1 
3 34 14 31 5 4 5 1 
2 33 62 
2 85 5 4 1 
2 57 25 12 1 
7 71 18 1 
3 84 10 
15 77 3 2 
69 10 6 6 3 2 1 
3 3 3 57 14 5 7 2 2 1 
15 7 59 2 1 1 7 4 1 
5 75 15 2 
1 27 35 6 11 14 1 1 1 
40 33 12 7 1 1 3 
1 83 8 2 3 
6 16 70 1 2 2 
1 47 42 4 3 
17 68 10 1 1 
1 10 68 17 1 
5 27 62 2 1 
2 20 6 11 6 46 3 1 2 
26 50 4 15 1 1 
4 81 11 1 
1 33 19 1 30 8 5 
2 56 39 
36 11 2 33 3 4 3 4 1 
7 60 10 9 7 4 
2 45 28 13 7 1 1 
4 76 17 
22 55 2 5 1 4 2 5 1 
5 19 8 34 18 3 1 3 4 1 1 
3 94 
5 67 22 1 1 1 
5 40 12 40 
1 30 26 38 1 1 
26 28 17 13 2 6 5 
1 19 25 8 18 6 8 3 6 1 1 1 
2 28 22 25 7 2 7 4 
41 30 1 18 6 1 
1 72 21 3 
97 
4 60 13 8 12 
1 68 26 1 1 
53 18 25 1 
3 82 9 1 1 1 
3 73 6 14 1 
2 34 37 22 2 
97 
1 70 20 6 
89 2 4 1 1 
1 91 1 3 1 
10 82 4 1 
70 2 14 7 2 1 1 
12 67 9 6 2 1 
1 1 75 20 
76 21 
17 67 11 2 
20 70 2 4 1 
1 18 31 8 19 9 7 1 1 2 
31 9 16 20 13 2 1 3 2 
2 21 2 47 9 5 2 1 2 4 2 
1 7 26 32 27 1 3 
14 59 24 
3 11 36 22 19 3 3 
1 68 23 5 
12 85 
2 94 1 
1 93 1 2 
1 30 19 4 22 7 13 1 
1 58 31 5 1 1 
3 64 30 
3 10 49 18 9 2 2 2 1 1 
1 39 43 3 6 4 1 
2 23 69 1 2 
53 3 23 13 3 2 
1 76 10 2 5 1 1 1 
1 64 5 12 6 9 
97 
4 86 5 2 
1 3 64 8 6 11 4 
1 48 29 12 2 3 2 
5 59 10 2 10 1 8 1 1 
2 62 22 2 6 3 
1 77 7 11 1 
50 2 34 5 5 1 
2 23 4 23 40 2 2 1 
71 17 1 7 1 
39 21 19 2 5 9 1 1 
3 63 27 3 1 
5 60 22 1 5 2 1 1 
4 68 9 1 3 10 1 1 
6 43 33 10 2 2 1 
3 44 11 19 2 13 3 1 1 
3 41 1 36 9 1 3 1 1 1 
6 31 17 43 
11 46 20 2 6 9 1 1 1 
6 32 38 14 6 1 
9 52 28 4 3 1 
7 26 23 14 1 15 3 1 2 2 2 1 
1 68 21 3 4 
5 73 18 1 
1 38 36 1 6 14 1 
2 87 2 6 
78 11 3 5 
9 47 15 6 13 7 
58 5 11 17 2 1 3 
2 10 79 5 1 
33 35 5 4 15 4 1 
1 27 49 3 17 
5 78 2 1 9 2 
1 74 22 
1 73 1 21 1 
19 2 53 7 10 6 
4 33 48 6 1 4 1 
2 68 18 3 1 5 
4 90 3 
9 55 14 7 12 
2 39 13 25 3 8 7 
2 11 33 15 31 3 1 1 
2 70 18 2 5 
2 23 34 2 17 4 8 1 6 
2 76 18 1 
2 49 7 13 26 
3 83 10 1 
6 13 35 13 8 8 5 4 2 2 1 
2 58 17 2 9 1 8 
26 33 7 27 4 
39 51 7 
24 46 27 
17 16 27 33 1 1 2 
1 91 4 1 
2 88 2 3 1 1 
3 40 8 31 15 
8 2 68 7 6 2 1 3 
2 56 35 2 1 1 
1 34 32 17 5 2 5 1 
3 5 42 25 11 5 5 1 
1 69 27 
43 22 30 1 1 
1 90 1 2 1 2 
8 37 26 12 4 3 7 
1 51 30 4 5 3 3 
10 16 14 39 2 13 3 
2 45 48 2 
1 40 49 5 1 1 
1 50 46 
19 38 11 8 7 4 3 4 2 1 
31 56 3 7 
1 36 43 15 2 
2 15 25 14 22 5 2 7 5 
1 80 10 1 2 2 1 
14 26 40 16 1 
96 1 
34 25 36 1 1 
41 31 25 
39 37 16 4 1 
1 90 3 2 1 
1 66 23 3 4 
1 61 14 4 10 1 1 3 1 1 
1 82 1 12 1 
3 78 16 
3 63 30 1 
1 30 63 1 2 
71 20 4 1 1 
4 49 34 8 2 
1 10 67 2 4 3 6 2 2 
1 60 24 3 1 6 1 1 
3 47 3 2 31 2 6 3 
1 58 23 11 4 
1 6 46 14 14 16 
53 43 1 
2 31 3 38 22 1 
32 3 16 35 8 1 1 1 
89 6 2 
1 71 3 10 10 1 1 
1 93 1 1 1 
45 6 18 20 4 1 3 
2 82 12 1 
93 3 1 
29 27 39 2 
1 59 3 31 2 1 
4 37 12 25 10 7 1 1 
1 43 44 1 6 1 1 
3 60 13 3 1 17 
1 66 11 8 11 
24 71 1 1 
4 33 60 
1 15 16 36 28 1 
97 
2 74 15 2 2 1 1 
1 93 3 
7 15 64 11 
1 88 8 
1 81 3 2 4 2 1 2 1 
2 40 1 33 21 
14 7 72 3 1 
14 1 50 32 
1 19 48 18 5 3 1 2 
2 22 50 10 13 
1 69 27 
63 3 12 17 2 
1 28 30 3 1 29 3 1 1 
1 58 38 
2 26 6 53 2 8 
1 6 52 23 15 
1 7 47 28 13 1 
1 90 6 
1 75 1 16 1 3 
1 56 40 
1 59 9 16 5 2 5 
1 42 19 30 2 2 1 
22 68 7 
2 9 59 7 11 5 4 
15 9 73 
18 55 18 6 
9 26 33 5 22 1 1 
31 49 13 2 2 
2 63 30 1 1 
2 72 7 16 
3 82 11 1 
1 47 14 10 25 
2 27 34 25 5 4 
1 71 7 16 1 1 
1 48 17 29 2 
1 16 47 30 3 
1 83 13 
16 45 11 6 11 5 3 
1 47 27 15 4 2 1 
4 61 31 1 
1 59 37 
1 34 28 16 1 2 9 2 1 2 1 
2 4 63 10 10 4 4 
73 1 1 2 9 3 6 2 
6 68 19 1 3 
3 72 18 4 
2 86 1 2 6 
1 13 79 4 
3 32 59 2 1 
4 54 37 2 
59 31 2 5 
2 60 35 
6 78 13 
1 4 30 12 46 4 
10 51 13 20 3 
2 78 7 3 2 4 1 
1 44 4 10 4 2 30 1 1 
3 48 40 6 
7 27 8 54 1 
7 27 44 6 6 5 1 1 
11 65 20 1 
8 33 52 1 1 1 1 
23 61 8 4 1 
2 12 64 17 2 
2 90 5 
2 18 57 20 
67 13 5 9 3 
45 22 6 5 9 9 1 
90 3 3 1 
1 12 18 62 4 
7 32 30 11 5 9 1 1 1 
82 7 7 1 
1 18 77 1 
5 76 2 8 6 
5 33 40 1 7 10 1 
67 12 7 11 
90 5 1 1 
3 10 4 51 11 3 8 3 1 3 
22 61 12 1 1 
15 9 27 27 11 7 1 
16 6 50 17 6 2 
2 91 1 3 
2 42 16 10 20 3 1 3 
1 32 7 49 7 1 
5 45 46 1 
2 58 5 25 7 
97 
3 76 14 1 3 
3 80 9 2 1 2 
1 3 52 22 3 4 4 8 
3 62 20 8 3 1 
1 7 1 13 74 1 
2 67 17 4 5 2 
1 83 6 7 
3 41 33 2 2 4 1 4 3 2 1 1 
95 2 
5 68 23 1 
8 30 36 23 
50 9 38 
3 9 35 46 4 
93 4 
5 10 78 4 
4 38 15 38 1 1 
2 1 86 4 1 3 
2 65 8 7 13 2 
1 85 4 7 
1 67 4 2 13 1 2 3 3 1 
88 1 8 
1 62 23 1 10 
18 31 35 9 4 
3 89 3 1 1 
12 73 8 2 2 
2 38 56 1 
12 64 11 8 2 
3 77 17 
53 20 24 
16 54 8 15 4 
4 71 9 10 1 1 1 
2 92 2 1 
9 80 1 6 1 
1 8 36 4 32 14 1 1 
4 88 5 
3 3 34 14 2 35 3 2 1 
1 94 1 1 
3 36 56 2 
6 11 17 23 14 6 11 5 1 1 2 
5 30 17 37 1 4 1 2 
31 8 53 1 3 1 
1 7 80 2 4 2 1 
3 69 25 
97 
10 38 10 29 1 8 1 
15 79 2 1 
1 48 29 10 2 5 1 1 
1 30 22 4 25 15 
3 57 30 4 2 1 
1 81 7 2 3 3 
3 6 1 75 9 1 2 
2 55 39 1 
22 74 1 
2 84 11 
13 77 5 2 
1 15 58 4 18 1 
6 50 41 
20 70 1 4 2 
2 49 41 3 1 1 
95 1 1 
3 10 5 75 1 3 
3 3 31 38 8 4 4 6 
1 70 2 8 14 2 
4 93 
1 69 27 
28 4 31 23 5 5 1 
12 36 9 2 38 
1 80 16 
1 69 13 14 
1 3 4 75 8 4 1 1 
1 31 45 12 8 
1 46 22 17 1 10 
93 1 3 
3 19 54 7 12 2 
3 67 2 23 2 
2 63 16 15 1 
2 93 2 
1 37 12 21 17 1 2 5 1 
5 19 66 5 2 
1 12 13 20 16 14 19 1 1 
39 28 22 3 4 1 
26 57 4 4 1 4 1 
4 26 62 2 3 
1 79 13 4 
4 26 65 1 1 
1 63 32 1 
1 54 9 33 
33 22 23 1 14 3 1 
20 30 47 
1 34 61 1 
23 43 7 3 10 7 4 
30 1 59 2 5 
3 65 17 7 3 1 1 
3 73 18 3 
3 76 12 1 3 2 
1 59 30 3 4 
18 65 9 2 2 1 
6 75 16 
62 34 1 
1 38 20 5 2 17 3 4 2 2 3 
1 79 12 1 4 
2 58 3 6 13 6 4 1 3 1 
17 43 20 10 2 5 
2 75 3 9 4 1 3 
6 61 7 21 2 
25 46 10 10 3 2 1 
1 28 61 5 1 1 
5 38 16 20 11 1 6 
7 17 49 6 1 10 1 6 
2 37 28 5 19 6 
83 14 
83 7 6 1 
97 
14 49 18 8 2 3 2 1 
1 76 5 11 3 1 
4 42 14 7 13 5 12 
15 48 2 24 2 3 3 
34 62 1 
71 10 3 13 
1 86 7 1 1 1 
1 32 33 9 14 5 1 1 1 
6 40 36 3 11 1 
8 44 22 1 4 3 11 3 1 
19 35 26 5 11 1 
1 53 35 1 3 3 1 
1 10 61 10 15 
7 75 8 4 3 
1 5 27 16 24 1 10 5 1 3 1 1 1 1 
1 31 28 2 12 8 1 3 11 
1 5 37 39 2 2 3 2 2 2 2 
11 66 1 14 2 1 2 
1 19 45 7 3 14 5 3 
2 90 5 
1 85 10 1 
14 45 38 
1 52 11 19 11 1 2 
1 80 14 1 1 
27 14 56 
79 7 6 3 2 
21 74 2 
58 22 17 
1 39 56 1 
15 14 43 2 23 
1 87 2 5 1 1 
2 84 7 4 
7 30 60 
15 75 5 1 1 
2 27 59 7 2 
1 69 5 9 6 3 2 2 
70 27 
1 35 23 34 4 
11 50 36 
8 71 12 6 
1 91 2 3 
1 43 6 41 5 1 
3 62 4 27 1 
1 95 1 
10 45 38 4 
1 85 4 6 1 
1 12 35 28 21 
2 16 70 5 1 2 1 
1 25 12 11 36 6 2 2 1 1 
8 52 15 18 4 
6 8 17 65 1 
1 47 49 
62 31 3 1 
7 35 25 24 6 
15 45 7 18 11 1 
33 42 10 1 2 1 1 1 5 1 
65 15 14 2 1 
1 3 67 14 12 
1 73 4 9 9 1 
3 45 9 21 14 3 1 1 
1 77 11 2 3 2 1 
1 31 65 
1 70 26 
4 73 18 2 
2 49 14 10 6 2 3 1 4 1 5 
4 41 16 19 4 4 9 
95 2 
61 5 15 9 7 
1 42 48 5 1 
7 68 22 
9 66 22 
1 35 60 1 
37 60 
1 22 2 40 2 10 15 4 1 
2 69 9 6 4 3 4 
11 14 53 18 1 
2 53 6 13 17 3 1 2 
2 77 1 9 2 1 2 2 1 
50 21 20 4 2 
4 36 28 22 4 2 1 
1 56 32 8 
2 76 7 6 1 2 3 
81 3 1 8 3 1 
25 31 22 19 
1 63 24 2 7 
2 31 64 
1 44 40 2 3 1 5 1 
1 4 44 22 3 5 14 3 1 
2 41 54 
1 15 42 27 1 7 4 
94 3 
2 79 13 1 2 
6 65 11 3 3 6 1 2 
1 13 76 4 2 1 
1 10 32 23 20 8 2 1 
1 48 27 1 6 7 6 1 
11 34 40 8 4 
1 84 11 1 
1 77 14 4 1 
1 16 62 15 1 2 
94 3 
1 63 27 4 2 
1 62 19 1 7 5 2 
9 3 62 19 2 2 
3 38 50 1 4 1 
1 75 19 1 1 
30 40 25 1 1 
26 56 14 1 
1 94 2 
1 90 2 2 1 1 
8 1 67 14 7 
97 
1 27 69 
5 46 37 1 8 
67 20 6 2 2 
22 53 2 16 4 
2 8 19 47 11 9 1 
1 88 1 2 5 
1 5 40 4 34 2 6 2 2 1 
51 7 3 5 12 4 4 4 6 1 
2 70 20 1 3 1 
63 30 4 
2 46 49 
1 78 7 5 5 1 
1 4 32 36 12 11 1 
5 74 18 
2 64 6 17 8 
3 17 8 15 33 17 1 2 1 
2 29 22 18 11 3 5 5 1 1 
4 64 19 3 3 3 1 
1 22 46 10 2 15 1 
32 34 10 4 10 6 1 
13 77 7 
1 59 16 14 4 2 1 
4 62 8 22 1 
18 48 13 8 6 3 1 
1 2 17 36 35 3 3 
4 91 2 
1 40 16 26 13 1 
1 77 11 6 1 1 
1 89 1 4 1 1 
3 41 43 9 1 
3 54 1 39 
1 6 12 33 22 5 4 12 2 
5 1 73 6 12 
1 82 14 
4 17 55 3 7 1 7 2 1 
2 19 11 64 1 
1 41 25 13 7 3 2 2 2 1 
1 69 14 4 7 1 1 
1 75 3 16 2 
1 89 7 
3 60 28 5 1 
3 12 54 27 1 
6 75 14 2 
1 39 41 15 1 
25 32 1 26 2 10 1 
5 86 6 
10 43 14 15 14 1 
1 15 81 
92 4 1 
1 77 4 11 2 1 1 
88 3 6 
4 73 20 
3 23 71 
2 58 6 9 19 3 
2 40 41 4 6 4 
1 47 17 9 23 
50 43 1 2 1 
85 7 1 3 1 
23 68 1 1 2 1 1 
94 3 
1 89 7 
29 67 1 
6 85 3 1 1 1 
6 15 67 5 2 2 
10 25 32 14 10 3 3 
1 56 15 7 16 2 
3 7 16 68 3 
1 48 12 6 28 2 
1 37 13 41 5 
2 26 5 29 6 9 19 1 
1 6 76 9 3 2 
63 24 4 6 
2 62 32 1 
3 67 10 5 5 3 3 1 
1 81 14 1 
1 74 11 2 2 4 2 1 
6 86 4 1 
1 34 12 23 8 14 3 1 1 
44 49 4 
1 34 34 10 17 1 
4 24 48 18 2 1 
2 6 21 18 9 4 19 15 3 
1 15 52 22 6 1 
14 42 11 30 
1 37 58 1 
1 77 11 3 5 
1 18 69 4 5 
3 94 
1 11 73 2 10 
1 33 26 13 15 6 3 
1 3 13 29 20 23 5 1 1 1 
23 11 44 13 4 1 1 
1 56 34 1 5 
1 31 5 47 10 2 1 
3 15 15 54 3 2 5 
3 30 53 4 2 3 2 
6 70 13 7 1 
1 25 25 8 5 24 6 2 1 
1 62 4 12 5 5 8 
1 60 35 1 
8 28 52 7 1 1 
1 51 2 33 7 1 2 
32 55 8 2 
1 60 14 1 2 11 1 2 3 2 
8 70 19 
19 18 53 7 
6 4 40 5 13 13 11 5 
2 29 7 25 3 30 1 
2 53 31 1 5 3 2 
1 52 17 3 11 5 7 1 
65 8 11 9 4 
97 
31 34 6 15 11 
1 19 4 10 52 3 4 4 
1 49 28 3 10 2 1 2 1 
10 83 4 
49 23 16 1 8 
1 72 18 5 1 
1 62 6 20 6 1 1 
2 39 33 8 4 7 4 
16 53 2 11 7 4 1 2 1 
1 24 30 23 15 1 2 1 
23 38 31 5 
1 86 7 3 
7 73 10 3 4 
1 82 14 
23 10 39 5 14 2 1 2 1 
1 67 26 3 
19 32 39 4 1 2 
97 
1 13 9 38 3 4 8 7 12 2 
5 37 13 4 24 5 7 2 
24 52 20 1 
1 8 73 13 2 
1 86 7 3 
3 77 5 1 8 2 1 
39 31 17 2 5 3 
25 52 13 6 1 
3 60 34 
1 7 66 23 
8 49 40 
14 65 15 2 1 
4 87 3 2 1 
2 73 17 5 
1 56 23 11 5 1 
54 7 3 10 16 1 5 1 
1 30 37 3 7 19 
10 50 14 2 6 3 4 3 2 1 1 1 
37 48 1 11 
14 2 32 47 1 1 
1 12 70 2 4 5 3 
2 27 10 49 7 2 
1 53 41 2 
2 71 10 5 3 1 4 1 
92 1 2 2 
2 78 9 3 1 2 2 
4 33 46 11 3 
1 89 7 
1 73 20 3 
2 63 30 2 
1 12 33 14 20 17 
1 96 
1 11 85 
56 12 18 8 3 
1 88 8 
1 89 5 2 
93 3 1 
2 19 76 
2 65 3 23 4 
1 46 50 
43 12 14 16 3 5 4 
2 1 2 55 36 1 
37 4 9 18 7 21 1 
2 72 4 14 5 
2 4 61 26 3 1 
1 25 2 40 3 19 4 2 1 
3 47 16 23 8 
1 89 2 5 
1 87 2 1 2 3 1 
97 
31 34 27 2 1 1 1 
1 36 1 21 1 6 21 2 3 1 1 1 1 1 
1 67 7 22 
3 12 23 43 11 2 3 
1 19 32 5 20 7 1 1 7 1 2 1 
2 95 
2 20 49 16 7 1 2 
1 23 47 24 2 
6 25 66 
1 43 21 1 9 4 7 8 1 2 
1 90 5 1 
1 82 4 8 2 
1 59 33 4 
6 70 10 2 5 3 1 
2 40 38 6 1 1 3 2 4 
2 66 24 2 1 1 1 
3 45 10 32 2 5 
1 3 37 14 3 9 4 9 14 3 
3 56 13 4 6 13 2 
15 52 30 
2 5 28 7 45 5 3 2 
2 34 15 38 6 1 1 
2 10 14 31 22 10 1 5 2 
3 71 19 4 
84 8 1 4 
2 80 14 1 
30 10 54 3 
1 35 21 16 3 16 1 3 1 
1 2 80 6 2 6 
6 61 18 6 4 2 
2 35 16 2 6 20 1 13 2 
1 60 35 1 
2 12 18 22 43 
2 58 37 
1 13 59 12 12 
95 2 
34 40 22 1 
94 3 
1 30 64 1 1 
1 85 8 2 1 
2 58 31 2 1 1 2 
1 68 14 5 5 3 1 
1 78 16 2 
15 80 2 
93 3 1 
44 27 3 1 17 5 
2 82 9 4 
97 
7 87 3 
3 7 25 47 6 7 1 1 
38 22 2 11 14 8 1 1 
1 9 48 3 1 21 12 2 
3 61 11 1 5 13 1 1 1 
3 63 18 9 2 2 
1 57 2 34 1 1 1 
13 37 23 24 
34 52 11 
2 16 44 4 23 6 2 
14 70 10 2 1 
3 25 3 45 3 9 6 2 1 
28 57 4 6 2 
31 32 8 3 14 2 4 2 1 
5 89 3 
4 9 10 63 2 8 1 
5 3 63 1 15 5 1 1 3 
6 52 22 1 11 2 2 1 
1 10 10 37 39 
1 78 12 5 1 
1 59 30 3 4 
4 86 1 5 1 
4 14 20 42 3 9 3 2 
18 53 5 10 9 1 1 
1 14 51 5 10 10 3 2 1 
1 65 31 
1 25 31 27 9 2 2 
16 78 2 1 
97 
1 66 24 4 2 
50 1 1 38 7 
4 75 18 
1 88 8 
1 3 57 19 13 4 
2 69 16 10 
35 39 17 1 2 2 1 
1 78 13 2 1 1 1 
1 87 8 1 
1 40 26 1 7 16 6 
7 1 79 9 1 
1 4 50 37 2 2 1 
4 5 49 39 
3 16 6 48 24 
51 35 2 9 
49 21 27 
12 4 79 2 
1 30 10 23 31 1 1 
8 85 2 2 
3 9 12 37 19 2 10 1 4 
17 57 21 2 
25 50 21 1 
8 32 28 9 17 2 1 
29 35 16 2 11 3 1 
2 30 3 20 26 16 
1 52 36 6 1 1 
1 78 8 2 1 4 2 1 
1 91 1 2 1 1 
1 49 21 6 16 4 
83 10 1 3 
2 10 51 28 5 1 
1 26 68 1 1 
1 85 7 1 1 2 
1 56 16 20 4 
6 17 58 2 12 1 1 
81 5 3 8 
2 81 1 9 3 1 
3 5 88 1 
32 56 4 1 3 1 
2 69 4 6 1 5 9 1 
5 23 34 3 5 22 2 2 1 
2 82 13 
49 41 1 2 4 
5 68 4 7 12 1 
1 24 59 2 10 1 
1 75 21 
8 24 23 10 8 10 14 
4 8 56 23 5 1 
12 8 9 41 24 1 2 
1 39 44 9 4 
1 60 30 5 1 
2 23 14 34 1 4 6 1 5 7 
1 29 61 4 2 
43 27 1 15 3 6 1 1 
3 26 19 47 1 1 
1 72 16 3 5 
1 63 8 2 19 1 2 1 
15 57 15 1 9 
3 37 45 6 1 3 2 
94 3 
11 6 79 1 
2 2 64 25 1 1 2 
1 27 68 1 
14 67 15 1 
2 47 48 
10 28 42 16 1 
1 41 24 5 20 6 
3 16 63 2 1 9 3 
2 80 4 8 1 2 
41 23 25 8 
2 32 3 31 7 21 1 
1 1 32 17 40 2 2 1 1 
1 87 7 1 1 
1 82 12 1 1 
1 59 36 1 
2 15 28 32 2 1 4 2 11 
25 52 18 2 
7 63 25 2 
1 31 53 11 1 
15 3 22 34 5 11 4 3 
2 85 2 4 1 1 1 1 
29 30 15 6 17 
1 67 9 6 2 3 5 4 
9 65 20 3 
7 68 13 4 1 1 2 1 
1 39 46 8 3 
2 35 26 34 
1 55 19 6 12 4 
1 18 1 65 3 3 1 3 2 
21 30 13 8 8 15 2 
1 1 33 43 1 6 4 3 1 3 1 
12 51 32 2 
1 42 18 24 2 10 
49 32 7 4 4 1 
1 70 8 16 1 1 
1 34 44 13 1 4 
1 53 31 8 3 1 
3 33 8 42 10 1 
1 60 17 8 2 9 
1 21 44 5 18 1 2 2 2 1 
1 75 15 5 1 
10 21 33 10 23 
3 16 63 12 1 1 1 
1 31 38 10 13 4 
23 15 45 5 9 
2 44 34 2 1 4 5 5 
3 60 9 1 9 5 10 
2 81 13 1 
3 36 11 14 22 2 9 
1 75 7 10 1 2 1 
1 47 43 6 
2 8 87 
3 74 17 1 2 
11 53 21 5 7 
47 20 30 
5 28 3 8 3 8 19 8 6 4 4 1 
1 69 13 6 1 3 2 1 1 
2 28 58 9 
1 68 28 
25 11 8 1 43 6 3 
1 30 64 1 1 
2 66 17 4 2 2 2 2 
1 32 36 15 4 3 5 1 
77 13 7 
15 61 3 12 5 1 
1 90 6 
1 34 16 6 19 2 2 4 13 
54 40 3 
96 1 
1 9 28 29 19 5 6 
1 53 23 1 2 13 3 1 
8 27 16 2 2 26 3 11 1 1 
2 38 13 31 6 7 
1 35 55 1 5 
1 47 35 2 9 1 1 1 
1 45 39 5 7 
2 9 63 12 2 3 5 1 
3 35 51 3 3 2 
28 3 20 43 3 
1 32 60 1 3 
2 92 1 1 1 
1 91 5 
4 12 17 18 16 27 1 2 
30 65 1 1 
2 51 22 5 13 4 
14 47 28 8 
12 13 72 
2 8 56 25 4 1 1 
2 18 12 37 3 8 6 2 6 2 1 
7 19 40 17 9 3 1 1 
2 62 33 
7 58 10 13 3 6 
5 8 73 2 1 6 1 1 
15 14 62 2 4 
1 18 28 39 3 5 3 
1 55 32 8 1 
1 67 23 3 3 
2 44 31 13 4 3 
2 66 22 6 1 
13 36 8 27 9 2 2 
1 89 5 2 
26 51 20 
2 40 44 8 2 1 
1 19 54 14 8 1 
1 26 58 11 1 
1 20 17 33 21 5 
25 36 12 14 3 4 2 1 
93 4 
5 15 60 7 4 4 2 
1 78 13 1 2 1 1 
18 76 1 1 1 
1 40 29 15 9 2 1 
1 65 1 9 7 9 3 2 
5 4 76 6 5 1 
1 67 26 1 1 1 
1 56 4 12 21 2 1 
5 78 1 13 
1 20 25 8 11 1 2 6 1 11 1 4 5 1 
3 59 2 24 7 1 1 
16 34 22 25 
8 38 37 8 5 1 
1 24 48 23 1 
2 77 18 
1 33 48 8 3 4 
1 21 23 7 9 4 30 1 1 
11 21 64 1 
6 25 58 2 5 1 
95 1 1 
2 68 4 23 
1 64 15 8 8 1 
1 82 11 2 1 
19 43 9 20 6 
1 66 20 4 2 1 1 2 
1 88 4 2 1 1 
1 10 33 44 3 5 1 
4 77 13 2 1 
47 7 30 11 1 1 
1 46 47 3 
1 71 13 7 2 3 
5 79 10 2 1 
1 90 6 
1 95 1 
1 9 39 11 6 14 7 8 2 
5 72 10 3 6 1 
5 88 4 
97 
17 12 15 23 8 7 14 1 
2 21 70 2 1 1 
15 23 1 42 1 3 2 4 3 1 1 1 
1 45 34 1 7 2 3 2 1 1 
24 6 45 3 18 1 
3 63 15 1 13 2 
1 2 35 30 19 7 3 
28 64 1 4 
1 46 14 29 7 
2 45 27 22 1 
1 79 15 1 1 
1 19 12 20 31 5 2 7 
1 96 
1 55 40 1 
3 8 15 7 50 3 9 1 1 
2 89 5 1 
1 28 55 2 11 
44 49 3 1 
9 71 11 4 2 
1 84 12 
1 85 10 1 
26 41 19 10 1 
14 48 8 13 5 5 4 
10 41 5 11 30 
14 27 17 2 1 30 1 1 2 1 1 
1 40 1 27 14 7 4 3 
85 10 2 
97 
2 40 28 15 9 3 
8 48 22 15 1 1 1 1 
1 42 54 
3 88 6 
1 91 5 
97 
1 68 7 8 12 1 
5 83 4 4 1 
1 14 39 32 7 4 
3 31 50 9 1 1 2 
9 15 11 49 13 
2 37 12 42 2 2 
2 28 48 9 6 1 1 1 1 
10 57 8 21 1 
1 76 15 2 1 2 
3 64 17 11 1 1 
2 91 4 
2 22 46 17 3 4 2 1 
1 32 23 35 5 1 
35 55 6 1 
1 29 51 3 11 1 1 
7 71 19 
2 86 6 1 2 
1 42 8 39 1 4 1 1 
96 1 
14 6 73 3 1 
40 19 12 18 8 
1 1 10 1 27 16 26 14 1 
1 43 21 29 2 1 
1 64 3 20 5 4 
26 10 20 1 9 2 12 4 11 1 1 
9 25 55 6 1 1 
1 36 26 19 13 2 
1 27 12 11 1 4 27 11 3 
57 37 3 
12 27 6 17 26 6 1 1 1 
1 84 12 
21 64 11 1 
33 32 4 19 1 4 2 2 
1 84 2 7 3 
7 80 3 4 3 
1 21 14 16 24 21 
1 74 10 9 1 1 1 
46 1 13 33 1 3 
1 89 6 1 
6 52 23 10 1 1 2 2 
9 55 10 12 11 
4 67 1 12 13 
2 44 42 7 2 
1 62 16 11 7 
96 1 
2 22 42 23 5 3 
3 66 1 25 1 1 
2 58 37 
1 21 25 8 16 7 2 5 3 7 1 1 
52 6 37 2 
54 11 8 9 11 4 
2 9 25 30 20 1 6 2 1 1 
11 18 33 33 1 1 
1 50 19 10 1 1 3 9 3 
34 44 9 8 1 1 
5 22 26 35 4 2 1 2 
5 35 21 4 9 17 4 2 
19 44 12 1 16 5 
6 1 73 8 7 1 1 
1 54 32 6 2 1 1 
6 64 22 5 
1 86 3 2 5 
1 30 27 38 1 
1 45 16 18 3 14 
2 46 9 20 15 1 4 
3 45 5 44 
1 76 18 1 1 
2 84 5 4 1 1 
2 90 1 3 1 
16 14 33 5 17 12 
2 16 6 58 14 1 
2 67 10 13 5 
15 50 19 12 1 
1 4 83 3 1 4 1 
1 46 19 24 4 3 
10 9 6 11 21 8 22 10 
1 38 41 5 4 4 1 2 1 
65 12 11 8 1 
26 27 28 11 4 1 
1 55 38 1 1 1 
1 85 3 4 1 2 1 
57 18 22 
3 40 20 7 16 11 
1 13 14 42 18 9 
16 12 69 
2 29 36 22 6 2 
3 87 2 3 2 
1 51 36 4 1 2 2 
1 77 5 4 5 2 2 1 
2 25 21 19 2 3 19 6 
1 31 16 27 19 1 2 
1 12 53 13 13 1 1 3 
5 76 1 6 8 1 
6 74 17 
1 41 44 9 1 1 
34 40 23 
5 79 8 1 1 2 1 
19 54 12 5 7 
6 76 15 
11 17 37 23 4 2 2 1 
1 57 39 
66 20 7 2 2 
5 37 7 15 26 5 2 
1 10 53 10 23 
20 49 18 5 5 
1 86 2 1 6 1 
2 56 38 1 
1 90 1 1 1 1 2 
1 4 31 27 21 7 5 1 
2 61 1 6 21 2 3 1 
1 84 2 8 2 
1 85 8 1 2 
15 58 11 5 8 
1 17 27 11 1 35 1 3 1 
1 90 6 
9 30 23 32 1 1 1 
58 29 3 2 5 
2 79 1 12 2 1 
1 4 30 43 5 9 5 
70 22 5 
5 47 11 31 1 2 
5 15 5 62 4 3 3 
61 16 4 15 1 
1 67 13 1 5 3 3 2 2 
58 8 24 7 
26 18 29 3 20 1 
96 1 
2 84 10 1 
1 33 43 3 1 9 1 1 1 1 2 1 
1 95 1 
2 56 27 12 
1 17 58 2 9 9 1 
4 59 25 8 1 
1 5 74 13 3 1 
1 68 24 2 1 1 
2 32 49 6 3 1 1 1 1 1 
27 2 36 7 3 13 1 2 3 1 1 1 
1 15 65 9 1 6 
2 73 17 4 1 
1 22 61 8 1 3 1 
1 44 40 12 
3 24 58 5 7 
24 35 8 23 1 5 1 
1 66 8 6 8 4 2 2 
1 61 6 20 4 5 
1 90 2 1 2 1 
1 8 32 53 3 
1 76 16 1 1 1 1 
51 6 40 
4 30 41 11 10 1 
3 50 28 7 7 1 1 
42 2 24 3 10 11 1 3 1 
3 42 52 
2 55 34 1 5 
1 55 32 9 
2 40 20 9 3 3 18 2 
3 24 26 16 11 7 10 
2 56 38 1 
8 74 15 
74 13 4 6 
3 82 5 4 1 1 1 
23 47 6 10 11 
6 3 29 20 17 6 13 1 2 
1 72 12 12 
1 5 64 6 5 1 9 5 1 
4 26 63 4 
4 44 22 12 1 10 4 
1 54 23 4 12 2 1 
7 52 38 
7 76 14 
2 16 63 5 7 1 2 1 
1 26 40 13 2 8 2 4 1 
1 4 78 3 2 7 2 
2 60 4 1 28 2 
3 44 8 41 1 
81 2 11 3 
2 20 63 12 
11 44 41 1 
1 10 7 7 17 39 9 5 2 
7 59 1 18 5 4 3 
5 13 38 25 7 6 1 2 
2 15 44 13 20 2 1 
1 68 2 6 13 4 3 
17 44 35 1 
1 62 24 5 5 
70 22 1 1 2 1 
1 11 52 12 12 1 5 2 1 
2 26 14 5 2 29 14 1 1 3 
2 6 8 9 6 41 11 9 1 4 
2 39 46 10 
1 17 4 58 14 2 1 
1 68 26 1 1 
3 64 18 10 2 
2 2 55 35 1 1 1 
1 95 1 
3 18 45 16 15 
13 56 15 8 3 1 1 
18 14 35 11 2 6 6 2 1 2 
7 6 6 14 42 5 7 8 1 1 
19 53 8 5 4 1 7 
34 1 44 9 9 
1 24 13 2 1 27 3 26 
7 33 47 9 1 
3 30 61 3 
4 75 13 4 1 
3 74 6 1 2 1 4 1 3 1 1 
1 34 13 16 30 1 2 
93 3 1 
1 6 11 73 6 
18 63 16 
91 6 
1 21 44 8 4 12 2 1 2 1 1 
2 94 1 
1 96 
2 2 15 29 26 9 6 7 1 
1 12 2 12 60 5 2 2 1 
13 66 5 8 2 1 2 
2 13 82 
5 58 31 3 
10 4 49 15 15 2 1 1 
1 42 14 20 3 8 9 
2 73 10 4 6 2 
1 74 22 
1 91 4 1 
47 41 9 
25 62 3 4 3 
31 40 16 7 3 
2 17 16 18 4 32 6 1 1 
1 15 45 15 16 2 1 1 1 
1 71 7 16 2 
3 6 60 12 9 1 4 2 
73 13 9 2 
1 48 8 1 20 11 2 1 1 3 1 
97 
82 15 
64 8 6 1 5 9 1 1 1 1 
1 79 6 3 7 1 
1 13 20 40 20 3 
84 11 2 
1 27 11 24 4 24 2 2 1 1 
6 91 
3 8 86 
91 2 1 3 
2 22 53 7 5 3 5 
2 50 20 17 2 6 
1 2 80 4 2 7 1 
6 87 2 1 1 
11 54 32 
91 3 1 1 1 
1 11 62 18 3 1 1 
6 39 49 3 
10 22 58 6 1 
1 35 44 14 1 1 1 
47 43 3 4 
1 64 31 1 
24 16 45 6 6 
82 1 8 6 
11 65 20 1 
2 44 45 2 3 1 
1 57 28 1 6 4 
4 56 17 7 6 2 5 
1 33 37 12 1 3 1 7 2 
1 17 27 25 6 6 4 5 1 2 3 
1 70 26 
5 38 45 2 1 2 1 1 2 
2 44 47 2 2 
1 28 68 
51 4 29 5 7 1 
9 3 85 
1 87 2 2 4 1 
33 49 11 4 
1 49 12 17 3 8 3 4 
3 9 22 38 6 1 17 1 
75 17 2 2 1 
2 40 55 
18 23 26 28 1 1 
1 82 4 6 2 1 1 
14 74 9 
83 13 1 
1 76 18 2 
40 16 10 27 1 1 2 
1 49 24 14 1 3 2 2 1 
12 5 64 12 1 1 2 
14 36 44 3 
2 35 6 29 10 1 6 5 2 1 
1 51 10 3 11 2 13 2 2 1 1 
2 51 41 3 
60 7 18 7 3 2 
3 82 8 3 1 
1 50 17 1 7 3 12 5 1 
1 91 4 1 
80 5 12 
1 72 5 16 1 2 
1 56 26 5 8 1 
2 89 6 
1 86 9 1 
26 3 22 17 26 3 
4 82 6 1 3 1 
30 13 32 17 4 1 
60 10 23 1 1 2 
2 45 13 2 23 2 10 
78 7 1 11 
1 71 21 1 2 1 
9 4 33 6 18 13 4 3 3 3 1 
1 36 29 6 24 1 
9 77 8 3 
25 26 5 6 24 10 1 
1 20 10 29 12 7 13 1 1 3 
1 80 16 
1 27 60 7 2 
5 9 46 26 7 2 1 1 
1 74 13 4 5 
3 79 10 4 1 
2 85 2 4 3 1 
72 3 14 5 3 
3 57 30 2 4 1 
37 14 32 3 2 1 2 4 1 1 
1 55 41 
11 58 21 1 1 2 3 
21 59 15 1 1 
2 21 36 21 8 2 1 3 3 
2 95 
1 71 3 7 6 9 
64 21 12 
1 4 57 4 16 7 5 1 2 
1 36 19 8 33 
1 33 63 
2 72 15 3 3 2 
4 50 43 
1 44 7 6 3 3 3 6 2 4 8 2 3 4 1 
1 54 30 10 1 1 
1 14 67 7 1 4 2 1 
2 51 15 18 11 
2 53 42 
1 67 15 4 1 4 1 2 2 
1 21 7 31 3 8 24 2 
1 17 16 42 18 2 1 
2 33 24 18 15 2 1 2 
1 71 18 7 
97 
63 14 13 2 1 3 1 
3 75 18 1 
15 41 40 1 
8 65 24 
1 93 2 1 
44 32 21 
26 46 6 8 11 
60 22 11 1 3 
1 47 24 6 15 3 1 
2 51 44 
12 53 32 
6 50 16 6 11 6 1 1 
1 92 4 
90 3 4 
2 62 32 1 
7 38 35 11 5 1 
5 74 9 8 1 
14 10 18 8 19 1 12 1 10 2 2 
1 56 5 2 9 14 4 3 2 1 
1 68 18 5 5 
8 87 2 
2 43 28 17 1 4 1 1 
18 52 19 5 1 2 
16 72 7 1 1 
49 3 19 20 4 1 1 
7 28 21 10 10 14 1 4 2 
48 22 14 9 3 1 
1 55 39 2 
1 4 91 1 
18 32 25 12 1 3 4 1 1 
42 19 9 24 3 
6 19 46 23 2 1 
1 42 44 3 1 4 2 
5 76 10 2 2 2 
2 28 8 37 22 
1 8 41 25 11 4 7 
2 34 20 20 11 9 1 
23 39 35 
40 30 15 6 5 1 
1 87 7 2 
4 78 2 8 4 1 
23 64 8 1 1 
1 18 23 21 33 1 
97 
7 71 4 6 1 3 5 
14 80 1 2 
1 96 
1 19 7 44 2 18 1 1 2 2 
2 49 22 12 5 2 3 1 1 
10 74 13 
7 60 2 7 7 4 5 4 1 
1 59 17 16 4 
4 9 4 29 4 33 13 1 
20 1 44 8 16 6 2 
5 57 28 3 4 
13 16 61 2 3 2 
1 67 23 4 1 1 
4 45 46 1 1 
20 68 3 6 
1 28 18 45 3 1 1 
61 2 34 
1 47 45 2 2 
3 12 10 4 36 10 10 8 4 
1 54 13 12 11 3 1 1 1 
60 5 4 4 11 6 1 4 2 
1 27 27 28 8 4 1 1 
4 36 57 
17 13 29 32 4 1 1 
8 3 36 18 31 1 
4 5 32 14 18 20 2 1 1 
3 61 30 3 
1 66 13 5 8 2 1 1 
12 41 41 1 2 
2 85 6 3 1 
1 79 2 3 12 
2 17 78 
8 15 73 1 
4 36 16 31 4 3 2 1 
1 38 13 39 1 3 1 1 
1 81 12 2 1 
4 49 6 34 4 
2 78 12 4 1 
1 20 15 48 13 
6 59 27 3 2 
95 1 1 
2 84 5 4 1 1 
70 11 1 2 6 7 
6 81 4 4 2 
3 86 6 1 1 
2 21 67 2 1 2 2 
1 10 54 20 5 5 2 
96 1 
2 40 28 8 14 1 2 2 
1 33 51 5 2 4 1 
20 66 4 5 2 
2 36 20 28 1 2 1 6 1 
8 38 42 9 
2 36 36 17 2 2 1 1 
2 44 26 4 3 4 2 10 2 
4 74 12 6 1 
3 73 19 2 
7 16 13 27 12 6 13 1 1 1 
85 5 4 3 
1 65 15 8 8 
8 70 13 1 2 1 2 
27 1 45 22 1 1 
1 39 21 31 5 
2 63 23 1 8 
3 62 32 
12 50 9 11 5 4 4 2 
3 78 4 10 1 1 
2 94 1 
6 60 2 25 3 1 
79 11 5 2 
1 30 5 3 32 5 3 1 8 1 4 1 1 1 1 
1 96 
1 10 1 13 44 9 6 10 1 2 
3 88 6 
1 24 6 43 1 5 11 3 1 2 
2 64 1 4 20 6 
1 28 60 8 
22 35 23 13 2 2 
2 68 4 4 9 2 3 2 2 1 
1 75 8 7 5 1 
1 72 24 
55 31 8 3 
4 79 10 3 1 
1 29 12 28 14 2 5 1 4 1 
1 28 4 44 16 3 1 
1 52 7 37 
90 4 3 
2 53 41 1 
4 93 
1 91 3 1 1 
1 60 10 21 3 2 
1 27 30 39 
4 35 34 11 11 2 
1 10 58 6 4 9 1 3 2 3 
2 41 38 12 4 
1 78 18 
59 30 8 
1 24 62 5 4 1 
1 63 31 2 
2 45 5 21 1 15 6 2 
1 92 2 2 
1 22 38 27 3 5 1 
1 81 1 3 10 1 
2 70 23 2 
1 11 47 36 2 
1 23 37 27 4 5 
11 7 17 30 12 6 6 4 3 1 
4 75 12 1 2 1 2 
20 10 1 7 25 8 23 1 1 1 
1 48 46 2 
16 35 31 5 1 7 2 
1 19 43 11 6 12 4 1 
3 46 12 3 29 2 2 
4 8 74 10 1 
32 59 2 4 
1 44 21 9 22 
3 9 45 1 39 
1 36 25 2 23 9 1 
3 49 19 17 3 2 4 
2 93 1 1 
1 42 3 11 32 1 5 1 1 
1 80 12 1 3 
9 2 62 11 8 2 1 2 
6 7 52 3 5 16 8 
9 79 3 3 2 1 
95 2 
3 13 4 41 25 7 4 
1 41 47 8 
5 22 46 19 5 
19 12 50 15 1 
1 85 6 4 1 
8 81 8 
1 49 7 34 5 1 
36 54 3 4 
11 36 50 
95 2 
26 26 30 9 6 
3 61 19 10 4 
3 48 46 
1 23 6 7 31 26 2 1 
1 3 54 6 12 11 7 1 1 1 
2 48 9 23 15 
97 
4 86 7 
73 22 2 
3 78 3 2 10 1 
1 4 72 16 4 
1 54 26 3 10 3 
5 37 7 29 11 8 
4 12 57 11 13 
71 20 6 
4 61 14 12 5 1 
1 30 39 17 2 6 2 
4 91 2 
1 84 11 1 
1 36 59 1 
18 14 25 3 22 14 1 
1 76 15 3 1 1 
2 73 12 5 1 4 
10 29 7 40 11 
1 77 13 6 
12 19 6 45 6 1 8 
2 24 40 20 10 1 
9 8 75 1 3 1 
1 5 89 2 
5 89 1 2 
2 42 4 37 11 1 
1 74 22 
15 55 4 10 5 3 1 3 1 
1 63 24 1 4 2 1 1 
12 60 23 2 
8 83 5 1 
1 71 21 1 3 
1 45 10 3 20 7 6 1 1 3 
1 21 1 55 16 2 1 
3 11 40 8 8 2 8 2 8 2 5 
42 27 28 
1 93 3 
10 10 25 29 13 3 5 1 1 
1 96 
2 74 7 2 9 2 1 
45 45 7 
44 13 35 3 1 1 
1 90 5 1 
1 51 13 7 20 3 2 
1 59 26 7 2 1 1 
2 41 53 1 
10 13 24 41 3 4 2 
6 45 6 37 2 1 
2 65 11 6 8 3 2 
1 83 13 
6 11 80 
1 95 1 
6 35 37 5 3 6 4 1 
2 22 66 3 4 
1 21 48 26 1 
5 61 1 8 13 3 5 1 
97 
1 45 47 4 
13 27 33 6 1 6 5 2 1 3 
1 44 39 2 4 1 2 1 1 2 
1 54 42 
1 58 30 3 5 
27 70 
58 3 5 20 11 
3 60 33 1 
3 15 65 3 1 8 1 1 
6 22 24 45 
1 57 33 1 5 
3 92 1 1 
5 75 17 
2 25 1 56 7 4 1 1 
1 73 12 5 4 2 
1 7 54 18 9 8 
1 33 54 1 1 1 5 1 
1 35 47 8 2 2 1 1 
2 64 31 
4 5 46 26 12 4 
3 72 10 12 
46 49 2 
3 28 1 65 
5 69 6 6 10 1 
82 2 2 9 1 1 
1 95 1 
7 48 6 25 11 
5 62 9 19 2 
1 61 22 1 3 5 2 2 
12 55 25 5 
3 77 15 2 
5 5 45 37 1 4 
7 72 9 3 6 
2 26 55 14 
17 29 41 9 1 
1 38 58 
1 3 64 23 6 
1 61 28 7 
2 79 16 
4 20 53 9 10 1 
3 76 13 4 1 
6 33 19 30 4 2 2 1 
1 24 57 5 5 1 2 1 1 
1 51 16 25 2 2 
26 14 47 6 4 
1 27 57 12 
4 15 58 20 
1 14 11 67 1 2 1 
12 38 25 17 5 
3 31 31 10 11 10 1 
3 89 5 
1 44 51 1 
34 14 48 1 
11 28 38 12 5 3 
51 21 22 2 1 
3 64 24 2 2 2 
1 47 15 15 17 2 
1 49 28 14 1 4 
1 73 7 9 1 4 2 
2 24 40 14 17 
2 64 23 3 2 3 
3 72 10 4 6 2 
5 54 30 1 6 1 
1 91 2 2 1 
34 15 19 12 15 1 1 
2 14 58 11 10 2 
1 80 8 5 3 
8 37 14 13 19 6 
1 36 15 29 15 1 
1 21 48 19 1 1 6 
13 1 26 1 24 10 5 11 4 2 
4 57 25 8 1 1 1 
10 83 1 3 
1 45 35 13 1 2 
50 16 17 5 1 2 3 2 1 
9 30 3 16 26 3 3 2 3 1 1 
97 
1 83 12 1 
53 1 25 8 8 1 1 
3 63 10 11 4 3 1 2 
4 78 10 1 2 2 
15 71 8 1 2 
1 8 45 42 1 
2 34 42 6 9 4 
2 33 53 6 1 2 
26 5 24 23 2 11 4 2 
8 60 17 3 8 1 
2 30 41 22 2 
1 84 11 1 
1 84 5 5 2 
9 24 18 4 32 6 1 1 2 
1 78 1 10 5 2 
92 1 4 
1 33 62 1 
5 61 18 3 9 1 
47 25 1 19 5 
3 6 66 20 1 1 
1 52 29 12 3 
94 1 2 
18 38 41 
5 26 40 20 2 2 2 
7 27 28 24 5 6 
27 37 21 9 1 1 1 
1 78 6 10 1 1 
1 6 38 16 11 20 3 1 1 
25 15 21 11 1 1 12 11 
87 10 
92 5 
1 90 2 3 1 
4 1 2 32 22 5 4 9 15 2 1 
1 91 4 1 
4 77 9 6 1 
1 95 1 
23 69 2 2 1 
3 34 60 
6 63 20 2 3 2 1 
16 39 37 2 3 
1 40 56 
5 13 60 3 14 2 
3 72 19 2 1 
2 55 39 1 
2 73 15 6 1 
10 54 10 13 4 5 1 
3 61 33 
1 23 53 13 5 2 
9 66 22 
44 14 12 6 3 8 3 3 3 1 
1 84 5 2 4 1 
45 2 38 5 7 
2 84 11 
2 50 8 26 7 4 
1 21 23 9 13 17 2 5 2 3 1 
4 12 28 49 4 
3 94 
2 3 16 23 8 10 32 2 1 
1 51 25 11 9 
1 76 12 1 7 
2 92 3 
6 61 18 2 7 1 2 
1 34 62 
1 79 9 6 1 1 
2 67 26 2 
2 86 9 
1 12 68 13 3 
26 35 36 
16 3 33 35 4 2 1 2 1 
5 3 58 10 3 6 12 
11 64 22 
3 11 65 14 1 1 1 1 
1 47 38 3 1 6 1 
2 80 15 
3 39 16 8 27 4 
5 89 1 1 1 
10 24 19 23 20 1 
3 7 52 22 12 1 
3 81 13 
1 40 45 8 3 
3 75 4 3 10 1 1 
4 59 30 2 2 
1 64 22 7 3 
3 48 19 14 6 6 1 
53 25 8 3 2 3 3 
1 33 53 5 5 
2 14 53 6 21 1 
39 9 12 31 6 
7 37 41 6 5 1 
1 13 83 
1 67 13 14 1 1 
1 79 13 4 
10 13 21 36 7 2 3 3 2 
3 12 9 36 32 1 2 1 1 
1 3 29 46 14 4 
1 81 15 
1 91 5 
2 43 13 23 15 1 
19 57 8 2 2 3 3 3 
1 29 15 41 11 
17 67 12 1 
2 68 4 19 1 2 1 
1 10 28 20 38 
2 88 7 
9 27 61 
1 81 4 10 1 
2 83 1 3 2 1 1 3 1 
1 94 1 1 
14 36 38 6 3 
68 25 1 3 
2 55 17 7 11 4 1 
1 9 58 8 6 15 
3 21 38 21 1 6 4 1 1 1 
2 56 22 9 2 2 1 3 
2 4 77 13 1 
2 5 10 50 25 1 4 
83 14 
1 8 66 5 2 10 3 1 1 
1 63 30 2 1 
3 77 9 5 2 1 
2 71 23 1 
1 24 68 4 
1 61 16 2 3 6 5 1 2 
2 87 7 1 
1 3 74 17 2 
1 10 81 3 2 
19 63 8 1 6 
2 1 5 20 6 11 23 21 4 2 1 1 
1 96 
1 71 20 3 2 
6 82 4 3 2 
97 
16 64 7 9 1 
6 42 33 4 8 2 2 
4 56 14 1 6 5 5 1 1 2 1 1 
1 55 33 3 3 2 
1 10 72 9 5 
3 32 14 4 16 12 5 1 8 1 1 
63 29 5 
1 21 23 52 
2 93 1 1 
2 54 18 17 3 1 2 
2 84 5 3 1 1 1 
3 65 10 8 6 4 1 
1 56 28 4 5 3 
2 52 43 
43 49 5 
1 68 24 3 1 
8 46 6 23 11 2 1 
11 30 46 5 5 
1 66 30 
1 52 34 4 6 
3 28 36 3 10 6 6 1 1 3 
16 62 18 1 
1 70 5 20 1 
4 60 10 13 3 4 2 1 
4 81 2 9 1 
62 16 7 9 2 1 
1 14 82 
5 82 8 1 1 
3 60 34 
1 95 1 
4 85 4 3 1 
1 15 58 10 1 7 5 
12 68 17 
1 6 41 20 23 6 
5 90 2 
3 36 9 25 4 2 8 6 3 1 
12 60 21 4 
3 37 56 1 
2 22 69 4 
1 62 18 9 7 
31 21 1 28 16 
2 85 10 
1 81 12 1 2 
41 28 27 1 
1 79 11 5 1 
1 53 26 8 6 3 
1 7 89 
13 31 2 3 47 1 
1 28 46 21 1 
2 88 1 1 5 
3 6 18 45 8 6 11 
2 65 26 4 
8 84 5 
1 92 3 1 
1 38 57 1 
3 28 20 29 9 6 2 
3 16 26 26 9 9 2 5 1 
1 96 
2 41 14 27 4 1 8 
1 68 26 2 
4 92 1 
1 65 28 3 
2 21 38 28 6 2 
27 8 52 9 1 
4 93 
19 77 1 
1 64 17 13 1 1 
1 47 37 5 7 
6 22 69 
8 21 65 2 1 
17 47 11 16 4 1 1 
1 68 10 3 7 6 2 
52 29 15 1 
97 
1 53 37 1 5 
1 43 24 8 19 2 
29 4 39 17 8 
1 21 59 4 4 2 4 2 
2 50 37 8 
40 15 8 13 5 11 5 
1 16 7 4 18 21 5 6 3 3 2 7 1 1 2 
1 27 57 10 2 
1 87 8 1 
24 20 11 2 40 
3 48 42 2 1 1 
1 55 30 4 6 1 
1 75 18 1 2 
6 49 36 3 3 
12 73 7 2 1 1 1 
63 33 1 
1 43 10 7 24 1 1 4 3 1 2 
1 26 61 9 
1 25 49 9 13 
7 68 9 6 1 6 
3 89 2 3 
1 42 34 10 7 1 1 1 
1 52 30 1 4 9 
2 31 34 17 7 4 2 
1 81 5 10 
4 80 13 
1 13 9 11 44 14 2 2 1 
3 18 35 34 6 1 
27 37 5 22 1 1 4 
4 81 11 1 
1 30 43 13 4 5 1 
35 10 34 10 1 6 1 
1 27 36 29 4 
3 31 13 19 20 6 1 4 
3 78 16 
27 46 19 2 3 
4 7 53 29 4 
2 50 29 12 4 
1 93 3 
1 93 2 1 
6 88 1 2 
9 54 6 11 2 4 7 3 1 
1 76 20 
2 17 47 13 11 2 3 2 
1 93 2 1 
20 68 7 1 1 
1 76 10 6 1 3 
2 58 11 2 5 11 3 4 1 
96 1 
1 81 8 4 3 
6 47 12 1 10 20 1 
1 36 7 53 
1 42 15 25 7 1 4 2 
2 86 6 1 2 
1 82 4 10 
1 24 66 5 1 
93 3 1 
3 88 6 
6 49 17 15 7 3 
1 69 14 3 1 2 3 1 1 2 
1 55 2 34 3 2 
7 52 27 8 3 
2 35 8 11 3 19 10 3 3 3 
20 72 3 2 
3 8 80 3 3 
6 49 34 7 1 
4 39 36 7 7 2 2 
1 29 20 3 7 29 4 2 1 1 
7 40 16 5 9 4 13 3 
54 36 7 
2 29 66 
14 14 41 27 1 
1 37 44 2 7 4 1 1 
4 5 15 39 12 7 7 6 1 1 
3 63 29 2 
3 7 50 15 8 12 1 1 
38 12 29 2 3 9 1 3 
1 49 44 1 2 
4 19 51 14 1 2 6 
11 73 13 
97 
20 38 17 11 11 
1 9 9 4 34 4 20 13 3 
2 33 23 28 11 
1 36 21 37 2 
7 74 5 3 6 2 
4 24 47 4 10 2 3 3 
2 18 22 52 3 
33 25 22 3 7 3 1 2 1 
2 12 27 18 27 6 3 2 
1 79 4 5 4 3 1 
1 7 45 42 2 
6 75 5 8 2 1 
97 
1 42 54 
8 23 61 2 1 1 1 
2 59 21 10 1 4 
1 43 39 8 5 1 
10 3 30 20 25 3 1 4 1 
1 13 53 23 7 
1 31 60 4 1 
1 93 3 
2 59 29 1 5 1 
1 1 70 16 7 1 1 
1 82 2 12 
1 52 9 18 10 4 3 
1 12 31 15 8 28 2 
1 54 8 33 1 
25 29 12 19 11 1 
4 19 4 45 25 
1 92 3 1 
1 45 51 
1 57 22 1 16 
63 22 5 5 1 1 
8 30 14 43 1 1 
5 5 42 7 28 1 6 3 
1 64 26 4 2 
18 51 28 
1 36 1 32 16 7 1 1 2 
1 38 36 11 11 
1 91 3 1 1 
3 49 30 6 6 1 1 1 
1 86 6 4 
2 65 4 1 19 6 
2 48 17 3 12 4 8 1 1 1 
1 59 11 20 6 
1 72 21 2 1 
5 68 2 10 5 6 1 
6 55 34 1 1 
1 84 12 
11 49 33 3 1 
4 57 2 7 12 13 1 1 
14 19 54 1 4 1 1 3 
1 51 45 
2 77 10 4 4 
57 14 3 1 15 6 1 
1 12 32 2 26 12 11 1 
80 9 7 1 
45 52 
18 37 40 2 
2 5 18 16 14 32 5 2 1 2 
5 59 28 4 1 
1 59 37 
11 22 35 26 2 1 
29 46 15 6 1 
5 25 51 3 7 4 2 
2 5 51 1 23 7 1 6 1 
1 62 1 21 8 2 2 
1 4 34 45 12 1 
15 68 10 2 2 
2 77 18 
1 78 18 
4 79 2 12 
4 42 50 1 
32 46 17 1 1 
36 43 4 3 10 1 
2 40 35 16 4 
4 25 37 15 1 15 
1 31 15 38 10 1 1 
1 83 4 7 2 
1 75 21 
90 2 4 1 
1 35 10 50 1 
1 93 3 
3 35 25 16 2 11 5 
13 71 13 
1 14 76 1 1 3 1 
1 93 2 1 
1 7 14 7 31 8 19 10 
1 96 
3 86 8 
42 40 6 2 2 4 1 
5 48 44 
15 36 42 2 2 
5 60 8 5 18 1 
1 20 65 1 8 1 1 
19 46 23 4 2 1 1 1 
5 30 28 23 6 3 1 1 
1 67 19 2 6 1 1 
1 61 14 21 
1 36 19 31 4 3 1 1 1 
2 22 42 17 6 1 6 1 
1 13 22 23 20 2 10 4 2 
2 64 29 1 1 
3 22 32 21 6 3 1 5 3 1 
4 60 27 6 
2 6 58 4 10 5 4 2 4 1 1 
6 69 8 9 1 3 1 
2 54 8 22 10 1 
2 9 34 3 15 12 13 6 2 1 
47 50 
4 86 7 
1 78 18 
23 10 29 27 2 2 1 3 
1 77 17 2 
1 61 13 22 
1 47 24 10 10 5 
6 3 10 1 76 1 
1 20 21 10 9 3 21 4 4 3 1 
4 66 7 20 
1 48 24 24 
2 18 22 38 13 2 2 
11 25 54 1 3 1 2 
3 31 61 1 1 
23 55 1 18 
1 25 44 18 2 3 4 
1 55 39 1 1 
3 82 11 1 
1 33 4 14 8 4 13 8 4 4 4 
15 54 23 1 2 2 
14 75 1 3 1 1 2 
76 12 6 2 1 
3 28 64 1 1 
1 16 61 3 7 4 3 2 
4 35 42 2 9 1 1 3 
53 19 21 3 1 
16 73 5 2 1 
2 51 10 10 20 2 2 
4 62 25 4 2 
3 32 27 2 24 1 8 
2 95 
26 20 5 8 18 11 5 4 
1 54 13 14 15 
1 23 37 8 6 5 7 5 4 1 
2 13 29 34 8 6 5 
1 82 14 
9 75 10 3 
6 46 32 1 8 4 
1 37 20 38 1 
1 30 58 2 3 1 1 1 
1 34 23 1 11 18 6 2 1 
11 3 22 9 32 5 4 4 7 
10 40 12 11 5 14 5 
11 4 15 20 7 15 22 3 
5 18 70 2 1 1 
1 92 2 2 
1 60 2 26 6 2 
3 92 1 1 
25 62 9 1 
1 95 1 
42 48 2 3 2 
1 72 6 1 16 1 
25 36 36 
2 50 5 28 11 1 
1 3 22 51 3 13 2 2 
1 28 25 30 1 5 5 2 
1 91 1 1 2 1 
1 25 35 23 11 2 
1 1 10 37 21 27 
6 62 27 1 1 
70 17 10 
1 26 70 
1 22 2 13 7 2 21 13 15 1 
2 20 71 2 1 1 
4 6 39 14 15 9 6 2 2 
1 80 16 
1 44 13 23 15 1 
56 23 9 8 1 
1 25 26 30 5 8 2 
1 9 35 8 37 4 1 1 1 
39 42 15 1 
1 82 9 2 1 1 1 
1 70 19 3 4 
11 23 26 15 15 7 
20 48 29 
4 88 4 1 
2 50 3 33 3 3 2 1 
34 3 25 6 4 15 4 3 3 
6 35 56 
3 73 19 2 
11 66 19 1 
3 2 10 73 3 1 2 3 
1 54 11 25 3 3 
1 81 2 1 10 1 1 
1 24 16 46 3 5 1 1 
1 46 6 40 3 1 
4 42 37 1 3 5 4 1 
1 67 25 4 
2 35 2 32 5 13 5 3 
1 48 29 15 3 1 
1 22 70 4 
1 53 5 3 19 12 4 
15 1 22 49 8 1 1 
17 22 38 8 2 5 1 1 3 
1 70 18 3 2 1 1 1 
2 59 18 2 12 1 2 1 
3 16 65 1 7 4 1 
2 3 55 19 18 
7 28 62 
1 19 46 4 4 2 15 6 
39 23 10 17 6 2 
5 23 42 15 12 
88 3 3 2 1 
2 3 62 2 3 6 9 10 
1 8 26 10 51 1 
1 59 25 5 1 3 2 1 
16 22 48 6 5 
5 83 7 1 1 
12 70 8 4 2 1 
3 66 25 3 
3 39 26 1 9 17 1 1 
1 50 4 4 13 4 1 3 9 3 1 1 3 
1 77 19 
3 1 93 
5 77 3 1 2 2 6 1 
5 77 9 3 3 
11 73 7 3 3 
1 58 21 6 6 1 3 1 
96 1 
5 18 28 43 3 
97 
70 22 1 4 
77 16 1 2 1 
6 74 9 4 2 2 
1 33 58 4 1 
1 62 17 9 7 1 
2 50 23 19 1 2 
2 34 27 19 2 1 3 9 
1 69 25 2 
25 60 9 1 2 
7 65 4 9 6 6 
2 43 24 3 10 7 1 2 1 2 1 1 
5 27 57 6 2 
12 74 8 3 
4 22 4 41 18 3 1 1 3 
1 23 73 
36 33 18 2 5 3 
2 66 18 11 
2 33 23 11 20 3 3 2 
1 72 13 2 9 
6 31 37 10 7 3 3 
48 5 22 13 9 
2 95 
13 26 32 6 7 13 
3 32 6 9 20 5 19 3 
1 94 2 
2 21 11 9 22 15 6 3 7 1 
6 50 27 11 3 
97 
2 31 64 
2 51 11 18 7 1 2 1 3 1 
6 84 6 1 
69 1 10 6 3 7 1 
95 1 1 
65 31 1 
7 60 10 15 1 4 
87 6 3 1 
2 31 47 17 
1 62 9 21 3 1 
1 78 15 2 1 
2 62 33 
18 8 16 43 8 2 2 
3 83 11 
5 57 27 6 1 1 
1 55 5 10 2 2 15 5 2 
26 58 3 8 2 
1 90 6 
1 47 49 
81 10 5 1 
4 62 29 1 1 
3 13 33 42 6 
12 3 32 44 3 1 2 
1 53 19 12 1 4 6 1 
87 8 2 
9 60 17 2 2 3 3 1 
1 42 50 1 2 1 
12 80 5 
1 69 27 
5 75 8 3 1 5 
2 14 67 13 1 
5 58 23 8 1 1 1 
1 14 29 33 14 6 
51 13 23 6 4 
57 11 27 2 
24 47 16 10 
23 27 17 12 14 2 2 
1 68 11 2 9 2 2 2 
38 28 16 5 9 1 
3 54 2 9 15 11 3 
1 93 3 
3 58 17 10 1 3 5 
33 17 31 12 4 
6 64 19 4 2 1 1 
1 87 9 
42 36 10 7 2 
6 47 25 15 2 1 1 
6 46 45 
1 44 48 2 2 
1 11 31 42 12 
1 54 25 9 3 2 2 1 
1 62 21 2 3 8 
8 22 6 52 9 
1 39 29 4 10 13 1 
19 16 58 3 1 
2 7 35 7 20 5 4 1 5 4 5 2 
1 58 25 3 5 2 2 1 
15 75 5 2 
1 81 4 11 
1 38 58 
2 62 26 4 3 
9 78 7 1 2 
31 65 1 
3 72 4 5 7 4 2 
54 17 26 
2 24 56 14 1 
1 24 54 3 9 2 2 2 
19 25 33 4 11 5 
1 93 2 1 
2 90 2 2 1 
1 61 29 1 5 
1 76 13 6 1 
1 8 82 3 3 
2 92 3 
1 19 14 7 56 
3 56 18 5 8 4 2 1 
5 22 61 1 8 
1 5 25 66 
22 39 19 1 14 2 
1 96 
7 33 42 8 1 4 1 1 
1 7 89 
1 57 1 33 2 1 1 1 
6 50 39 2 
5 31 41 5 15 
1 51 1 34 5 4 1 
11 4 35 47 
1 60 11 23 2 
2 37 46 4 5 1 2 
28 60 1 6 2 
3 57 33 1 1 2 
5 63 2 14 9 1 3 
2 18 36 8 13 16 1 3 
1 28 31 13 23 1 
1 69 27 
4 90 3 
43 33 16 3 1 1 
4 48 42 2 1 
7 4 23 44 13 1 2 3 
1 87 3 1 1 3 1 
1 67 11 6 12 
1 9 78 4 2 3 
1 88 8 
3 2 90 1 1 
1 78 10 1 4 1 1 1 
2 56 33 5 1 
7 11 75 1 3 
1 24 70 2 
4 50 43 
1 52 28 2 7 5 1 1 
24 47 1 3 1 13 6 2 
1 62 34 
1 72 17 7 
45 51 1 
2 87 8 
25 49 3 4 5 2 5 3 1 
8 34 52 1 2 
6 80 9 1 1 
1 82 2 9 2 1 
1 15 64 5 7 3 2 
47 29 3 2 5 7 1 2 1 
50 17 7 21 1 1 
7 83 7 
1 91 3 2 
2 32 40 23 
11 47 12 4 22 1 
2 29 29 24 10 3 
10 74 3 5 2 1 2 
16 30 51 
4 49 44 
3 26 51 6 11 
96 1 
1 63 8 25 
3 50 11 8 18 3 1 1 2 
11 74 6 2 2 2 
66 23 4 4 
1 27 33 32 4 
97 
2 51 31 12 1 
3 39 17 10 5 5 3 12 3 
1 77 8 8 3 
34 48 11 4 
1 7 1 40 44 1 3 
1 39 38 5 12 1 1 
63 32 2 
5 36 24 7 2 15 3 1 4 
7 20 65 1 3 1 
29 33 32 3 
6 69 3 17 2 
1 84 9 1 2 
71 7 17 1 1 
1 87 8 1 
2 53 29 10 3 
5 16 44 26 1 4 1 
2 17 15 63 
1 18 15 9 46 4 3 1 
11 62 24 
3 93 1 
2 25 17 46 1 1 2 3 
76 1 18 1 1 
2 36 57 2 
8 85 4 
20 5 53 15 4 
29 24 1 18 2 4 17 2 
21 45 19 11 1 
1 86 5 1 1 2 1 
47 9 15 2 24 
5 72 20 
1 37 41 8 4 1 2 2 1 
97 
2 52 1 28 9 2 3 
4 85 4 3 1 
3 28 37 26 3 
5 73 11 3 5 
12 69 16 
1 79 3 14 
1 5 63 14 13 1 
2 57 36 1 1 
13 67 2 15 
2 54 19 5 9 5 3 
3 46 11 25 11 1 
1 86 4 1 5 
35 1 44 8 7 1 1 
1 12 76 8 
3 29 62 1 2 
1 24 44 28 
1 12 56 26 1 1 
2 59 20 14 2 
1 83 9 4 
3 90 1 1 2 
18 75 2 1 1 
29 60 1 7 
3 26 42 25 1 
1 9 87 
17 7 35 38 
22 7 62 3 1 1 1 
1 59 37 
2 77 15 2 1 
1 24 8 22 6 17 9 7 2 1 
30 22 41 2 2 
4 33 22 20 18 
3 33 57 1 1 2 
88 8 1 
97 
1 72 11 5 8 
24 72 1 
8 42 13 7 15 10 2 
1 95 1 
12 82 1 2 
1 12 16 59 6 2 1 
1 55 39 2 
2 42 53 
1 12 3 21 51 1 5 1 1 1 
2 16 32 7 4 10 11 15 
40 7 30 5 10 5 
1 33 16 1 34 4 1 2 1 1 2 1 
1 72 12 2 5 4 1 
20 49 28 
97 
1 8 26 55 4 3 
1 33 56 2 2 2 1 
1 13 43 36 1 3 
15 60 20 1 1 
1 55 5 33 1 2 
1 95 1 
24 51 15 1 2 1 1 1 1 
6 40 23 3 25 
1 71 17 2 4 1 1 
23 5 31 12 12 5 4 5 
3 25 8 6 39 8 7 1 
2 25 55 8 7 
13 57 21 3 3 
4 57 8 19 2 7 
1 93 2 1 
97 
3 56 38 
2 50 1 39 2 3 
1 22 4 47 20 1 2 
1 45 51 
5 3 8 51 19 7 1 3 
1 28 34 12 2 7 9 1 2 1 
3 64 7 8 4 8 1 2 
1 5 61 27 2 1 
3 10 13 30 7 23 2 6 2 1 
8 52 8 2 20 3 4 
7 32 10 3 40 1 1 1 1 1 
1 73 2 8 4 3 4 1 1 
3 9 49 25 10 1 
4 21 14 55 2 1 
2 41 2 6 26 10 7 3 
39 27 14 8 5 3 1 
3 1 85 8 
1 61 18 9 7 1 
6 72 3 11 1 3 1 
42 26 23 6 
2 52 19 19 1 4 
1 33 52 5 1 3 1 1 
1 15 55 7 15 1 2 1 
1 54 30 7 4 1 
8 42 5 1 18 2 6 3 3 1 2 1 1 1 1 1 1 
1 78 10 1 2 1 1 1 1 1 
5 72 17 1 1 1 
31 28 13 11 8 5 1 
5 53 2 13 6 5 5 2 5 1 
1 28 25 12 13 10 2 6 
5 71 19 2 
43 25 29 
1 36 13 21 21 3 2 
1 57 24 8 5 1 1 
97 
4 68 25 
1 41 2 6 3 15 12 7 10 
1 7 57 5 27 
6 77 12 2 
8 17 45 2 1 16 8 
1 29 52 13 2 
3 67 1 8 14 4 
40 55 2 
5 74 17 1 
56 11 17 8 4 1 
1 23 58 2 9 1 2 1 
1 70 18 2 6 
1 87 9 
1 34 2 31 16 3 4 3 1 1 1 
3 66 12 12 4 
5 11 65 12 4 
3 36 37 19 1 1 
1 33 44 19 
2 73 17 4 1 
1 65 7 9 3 3 6 2 1 
1 9 87 
5 29 44 1 4 8 4 1 1 
32 9 50 2 2 2 
19 1 62 3 8 2 2 
1 91 1 2 1 1 
1 12 19 5 44 11 2 1 1 1 
1 69 6 11 4 2 2 1 1 
2 44 30 15 6 
3 55 32 5 1 1 
1 86 10 
84 6 2 4 1 
1 36 33 5 10 3 6 1 2 
5 52 12 5 5 12 2 2 2 
3 43 49 2 
1 10 35 48 3 
1 52 24 11 8 1 
84 11 1 1 
1 66 9 4 10 1 2 3 1 
1 88 8 
54 27 1 15 
1 96 
11 38 27 1 4 2 2 3 2 5 1 1 
4 49 1 28 7 1 4 2 1 
3 79 8 4 3 
3 61 33 
2 26 38 5 10 15 1 
1 26 64 3 3 
5 52 23 13 4 
1 79 10 5 2 
2 53 25 14 2 1 
1 13 77 6 
1 58 38 
8 89 
1 95 1 
5 60 2 4 4 6 8 6 2 
1 47 40 6 2 1 
9 84 1 3 
1 1 25 1 63 6 
96 1 
1 95 1 
1 18 52 7 13 3 3 
9 25 19 32 5 3 3 1 
9 47 11 13 3 1 1 10 2 
3 57 13 15 3 1 4 1 
2 19 23 34 2 13 2 1 1 
7 76 13 1 
14 44 10 8 21 
2 14 48 7 25 1 
96 1 
24 52 15 3 1 1 1 
1 26 70 
1 70 21 1 1 3 
1 72 8 13 3 
1 83 3 2 3 3 1 1 
6 11 36 30 13 1 
14 37 37 4 5 
4 3 31 18 33 7 1 
2 49 10 28 5 2 1 
2 50 26 3 7 6 1 2 
1 54 41 1 
1 59 36 1 
2 27 55 8 4 1 
91 2 4 
5 57 35 
2 8 62 1 18 4 1 1 
1 60 27 9 
1 89 5 2 
1 84 7 4 1 
1 26 26 5 8 24 7 
1 6 20 30 31 1 8 
2 33 60 1 1 
1 54 27 14 1 
5 47 30 4 2 8 1 
1 51 15 10 14 6 
1 43 53 
5 86 6 
2 51 26 11 7 
1 74 5 11 5 1 
3 60 13 5 4 2 2 8 
1 70 1 6 9 3 7 
1 35 61 
2 21 1 22 24 25 2 
95 2 
1 48 23 1 14 8 1 1 
1 52 39 5 
3 35 36 21 2 
57 32 4 3 1 
12 65 19 1 
8 57 8 7 17 
1 43 39 11 1 2 
1 17 64 6 2 1 1 3 2 
12 22 30 25 1 2 2 1 2 
11 58 3 3 21 1 
1 51 45 
1 64 31 1 
63 23 11 
5 10 80 2 
2 50 15 13 13 1 3 
5 51 38 1 1 1 
1 23 47 19 6 1 
25 20 16 36 
3 40 5 48 1 
10 45 35 6 1 
1 83 9 3 1 
1 55 11 12 11 4 1 2 
1 52 24 13 7 
36 54 5 1 1 
1 49 2 30 5 7 3 
1 48 21 17 4 1 1 4 
1 94 1 1 
7 76 11 3 
4 7 4 77 4 1 
33 40 18 5 1 
1 3 80 12 1 
1 22 69 2 2 1 
1 47 7 26 3 12 1 
85 11 1 
9 15 48 19 2 1 1 2 
13 5 31 23 17 1 3 2 1 1 
2 49 46 
6 88 3 
1 47 49 
16 30 42 3 1 5 
1 14 51 14 5 7 3 1 1 
1 73 23 
24 16 57 
96 1 
9 49 1 32 6 
1 84 6 2 1 2 1 
1 17 21 25 8 14 1 5 2 1 2 
1 35 40 1 8 2 7 1 2 
2 79 11 2 3 
8 5 34 12 5 31 2 
14 53 11 11 8 
3 82 12 
72 3 2 4 9 7 
3 39 40 7 2 1 5 
1 2 43 26 12 2 3 7 1 
9 73 15 
5 41 16 6 24 2 1 2 
1 45 13 25 7 2 1 2 1 
1 31 7 29 3 10 9 3 3 1 
2 12 65 8 8 1 1 
40 5 49 1 1 1 
7 11 54 23 2 
2 65 1 17 4 4 3 1 
1 8 51 15 8 6 2 2 1 2 1 
12 24 53 4 2 2 
1 72 8 4 6 2 3 1 
7 37 46 7 
1 69 12 4 8 3 
6 50 37 2 1 1 
1 12 57 8 13 1 1 2 1 1 
1 10 1 2 35 20 2 12 3 5 2 3 1 
17 65 11 1 3 
1 72 17 3 3 1 
5 86 2 2 2 
6 85 2 2 2 
94 1 1 1 
1 59 35 2 
5 55 6 23 1 2 5 
1 91 4 1 
5 30 27 9 11 3 8 3 1 
1 39 7 45 3 1 1 
2 22 35 7 16 1 9 4 1 
3 72 9 6 3 4 
3 17 53 14 1 4 3 1 1 
3 54 10 14 13 1 1 1 
1 27 34 9 21 1 3 1 
96 1 
2 39 9 22 25 
2 61 9 5 2 4 9 2 1 2 
24 15 26 11 6 6 1 5 1 1 1 
1 28 3 50 15 
8 24 63 1 1 
3 46 18 20 3 1 4 1 1 
1 15 19 14 27 15 2 4 
1 81 1 6 5 2 1 
2 24 56 10 1 2 1 1 
8 37 29 22 1 
47 15 13 6 5 1 10 
1 90 1 2 3 
8 25 33 15 12 1 2 1 
1 28 47 1 9 9 1 1 
67 10 8 9 3 
1 56 11 2 27 
11 67 12 3 3 1 
4 58 24 2 6 1 2 
5 3 52 6 16 9 1 4 1 
7 14 56 19 1 
5 23 5 45 18 1 
29 13 10 7 38 
7 48 28 1 13 
97 
14 47 24 5 3 2 1 1 
1 93 3 
4 81 1 11 
2 15 25 20 21 7 1 3 1 2 
2 26 24 8 3 7 5 6 3 3 6 1 1 1 1 
3 62 27 3 2 
1 45 9 40 1 1 
1 18 25 15 25 3 2 2 3 1 2 
1 69 8 12 6 1 
6 72 19 
58 21 7 5 2 1 1 2 
34 24 1 32 6 
59 13 12 11 2 
2 82 7 1 1 2 2 
1 34 39 6 13 4 
1 79 4 7 6 
2 2 12 54 10 2 14 1 
21 58 3 9 5 1 
4 19 29 39 4 1 1 
13 34 23 23 1 1 1 1 
1 20 4 43 7 17 4 1 
2 8 14 73 
3 59 29 4 1 1 
96 1 
8 77 10 2 
4 34 24 7 28 
1 3 88 3 1 1 
4 28 64 1 
51 31 4 1 7 2 1 
9 76 7 3 2 
12 26 44 13 2 
4 39 19 22 6 5 1 1 
21 29 12 1 15 4 8 5 1 1 
6 41 46 1 2 1 
2 59 4 21 9 1 1 
1 36 5 52 2 1 
3 33 50 3 8 
1 58 27 1 8 1 1 
2 64 11 1 3 8 7 1 
9 55 24 4 2 3 
2 54 41 
2 34 19 25 7 3 3 2 1 1 
1 61 11 12 1 2 3 5 1 
2 93 1 1 
3 51 43 
7 35 38 10 1 2 4 
2 63 5 14 3 4 1 1 2 2 
2 21 38 12 1 9 3 7 2 2 
5 66 26 
1 46 47 3 
1 70 10 14 1 1 
9 51 13 13 4 2 4 1 
1 30 38 9 19 
4 28 13 36 8 2 2 2 1 1 
5 50 3 16 4 5 6 7 1 
5 44 46 1 1 
3 53 26 6 1 8 
86 3 3 5 
1 93 3 
20 16 21 33 3 3 1 
19 57 1 6 11 2 1 
8 35 15 28 2 2 5 2 
1 58 28 9 1 
1 25 25 30 8 3 4 1 
2 65 30 
1 39 9 14 31 1 2 
13 23 39 2 7 11 2 
5 19 5 49 19 
13 54 17 6 7 
1 60 1 17 7 3 5 1 2 
97 
1 65 8 14 8 1 
2 95 
3 55 18 21 
4 91 2 
1 66 26 2 2 
6 46 3 26 7 5 1 2 1 
3 9 84 1 
10 12 51 3 16 2 2 1 
9 33 43 4 8 
3 91 3 
1 13 45 38 
80 14 2 1 
1 53 42 1 
13 34 8 1 40 1 
2 30 2 9 14 6 12 9 7 2 3 1 
3 61 2 4 15 5 3 1 1 1 1 
26 45 26 
6 78 10 2 1 
2 12 61 21 1 
1 18 68 2 5 2 1 
5 68 24 
25 64 2 6 
9 2 51 2 22 11 
2 47 7 36 2 2 1 
1 50 28 16 2 
8 6 34 45 1 2 1 
7 52 8 23 3 3 1 
3 55 10 12 4 1 12 
1 85 3 2 6 
22 2 7 63 1 1 1 
3 80 5 6 1 1 1 
6 89 1 1 
68 3 11 7 2 3 1 1 1 
7 5 78 2 4 1 
1 65 4 2 10 7 2 4 1 1 
5 21 33 33 2 1 1 1 
5 21 54 1 13 2 1 
1 35 14 10 21 4 6 5 1 
1 92 3 1 
9 3 45 36 2 2 
85 9 3 
17 4 63 6 2 5 
1 71 25 
4 27 30 30 6 
3 79 3 2 7 1 2 
24 59 3 1 10 
4 16 32 35 3 1 6 
2 37 30 3 1 4 20 
25 19 48 2 3 
3 40 51 1 1 1 
41 20 8 19 9 
1 57 39 
5 85 6 1 
1 54 33 8 1 
2 33 56 6 
10 64 21 1 1 
6 69 3 12 1 6 
2 16 79 
4 28 43 9 2 11 
14 9 66 5 2 1 
3 18 33 41 2 
2 66 3 1 7 3 1 12 1 1 
16 68 13 
1 76 19 1 
3 64 30 
56 30 11 
96 1 
4 10 72 3 6 2 
53 36 2 6 
11 9 24 5 19 4 17 5 3 
1 92 4 
12 48 35 2 
3 80 7 1 6 
1 34 15 40 7 
1 27 30 3 13 7 2 12 1 1 
1 4 49 10 17 4 4 3 5 
28 24 45 
32 64 1 
2 52 13 21 8 1 
1 39 21 26 8 1 1 
2 22 42 12 13 2 3 1 
1 27 1 33 13 6 1 13 1 1 
13 7 75 2 
1 70 12 6 7 1 
3 83 1 9 1 
49 7 31 4 2 3 1 
2 38 7 45 3 2 
2 32 52 9 2 
3 15 4 68 5 1 1 
5 58 4 30 
1 26 1 19 11 22 4 4 9 
7 81 9 
1 19 9 3 46 2 8 3 3 3 
81 8 8 
1 11 26 32 16 10 1 
1 85 5 1 5 
2 83 11 1 
3 33 61 
83 4 4 2 3 1 
1 51 3 9 18 14 1 
1 7 16 52 21 
1 59 32 1 3 1 
1 53 8 4 9 8 6 7 1 
97 
74 12 11 
4 85 2 2 2 2 
1 4 31 5 1 23 4 4 18 1 5 
8 23 12 21 10 11 1 1 2 7 1 
10 41 24 1 4 11 5 1 
44 31 2 9 3 6 1 1 
1 76 5 14 1 
4 20 1 28 10 9 7 1 10 6 1 
1 78 9 1 1 1 4 2 
1 19 74 2 1 
1 55 41 
80 7 1 5 2 1 1 
4 18 28 40 2 1 4 
1 66 28 1 1 
1 74 14 8 
61 2 31 3 
4 82 11 
1 29 16 27 8 7 8 1 
1 78 16 1 1 
39 28 11 19 
1 16 46 5 12 7 10 
1 34 8 17 22 7 8 
74 4 18 1 
74 6 9 5 2 1 
56 40 1 
7 22 4 26 28 1 3 4 1 1 
1 86 9 1 
10 79 8 
86 8 2 1 
8 54 35 
1 7 18 18 51 2 
38 49 7 2 1 
4 25 35 6 2 5 17 2 1 
5 24 41 16 4 5 1 1 
1 40 56 
6 77 14 
11 54 2 16 6 5 3 
5 72 3 2 5 1 8 1 
10 54 7 23 1 1 1 
11 8 45 13 10 6 1 1 1 1 
7 46 44 
1 53 14 17 4 5 3 
1 70 1 23 1 1 
38 59 
10 41 22 9 2 12 1 
2 20 66 2 3 4 
1 57 9 6 10 5 2 2 3 1 1 
38 19 33 6 1 
3 54 31 5 2 1 1 
12 23 5 37 12 5 2 1 
3 48 7 5 23 10 1 
3 90 4 
8 23 12 6 23 4 15 3 2 1 
1 15 81 
4 54 27 2 10 
1 80 6 8 2 
5 61 27 3 1 
86 2 9 
1 32 21 6 17 13 1 6 
8 73 3 12 1 
1 47 34 12 1 2 
1 81 15 
1 66 1 7 14 2 6 
1 92 3 1 
2 50 19 5 12 6 2 1 
3 71 8 1 1 1 7 3 2 
1 68 4 11 6 2 5 
20 73 2 1 1 
2 75 12 7 1 
1 14 52 19 3 3 5 
1 39 48 1 8 
1 20 64 5 1 1 1 2 2 
1 85 11 
5 30 35 15 8 4 
2 40 19 11 7 5 6 3 4 
1 40 2 28 11 4 2 7 2 
1 13 42 28 8 3 2 
2 88 4 1 1 1 
20 15 30 4 7 10 5 3 3 
25 58 14 
2 29 5 14 9 10 17 10 1 
7 2 7 49 4 3 13 12 
7 30 49 1 7 3 
4 39 12 13 29 
15 67 11 4 
1 78 8 2 6 2 
4 54 34 3 1 1 
3 80 8 2 1 1 2 
