1 13 79 2 1 1 1 
45 50 3 
2 8 10 61 11 1 3 2 
1 9 38 3 36 10 1 
5 36 23 32 1 1 
1 1 18 49 23 2 3 1 
1 39 45 9 4 
2 75 2 5 14 
1 96 1 
9 37 52 
54 22 8 6 2 3 3 
4 88 4 2 
3 27 64 1 2 1 
2 66 3 4 10 13 
2 36 15 45 
15 29 32 6 13 3 
1 97 
1 7 64 24 2 
87 8 3 
2 10 2 15 32 1 18 4 8 3 3 
1 42 39 15 1 
31 58 9 
1 9 18 1 6 18 3 25 7 10 
61 10 2 5 1 7 4 2 2 2 2 
14 23 13 10 10 8 4 11 4 1 
66 6 18 1 7 
64 32 2 
74 9 8 5 2 
1 33 60 1 3 
2 52 13 25 5 1 
1 54 26 10 5 1 1 
7 12 26 43 10 
2 95 1 
11 85 2 
1 86 9 1 1 
1 31 55 2 8 1 
13 82 2 1 
1 18 56 21 1 1 
15 71 7 1 1 3 
39 9 42 4 1 1 1 1 
63 9 13 10 1 1 1 
1 57 40 
3 64 4 6 1 11 1 7 1 
2 30 39 21 3 1 2 
4 84 7 1 2 
1 87 8 1 1 
1 19 12 32 11 12 4 2 1 3 1 
2 88 8 
4 38 47 3 4 2 
1 28 53 5 11 
1 73 24 
19 61 8 4 4 2 
3 18 77 
1 37 36 21 3 
15 15 41 4 22 1 
1 82 5 8 1 1 
2 94 1 1 
1 66 2 2 24 3 
2 19 46 28 1 1 1 
1 17 23 24 1 19 11 1 1 
1 11 24 10 3 6 17 9 9 1 6 1 
1 67 7 12 5 3 3 
1 81 11 2 2 1 
5 78 2 9 2 1 1 
1 73 22 1 1 
1 90 5 2 
4 59 21 12 2 
3 16 67 1 10 1 
89 7 2 
1 29 28 29 10 1 
2 56 18 4 18 
2 70 21 1 1 1 2 
2 58 15 6 10 4 1 1 1 
1 52 29 7 5 1 3 
2 89 1 4 2 
14 60 19 3 2 
1 67 3 11 16 
5 6 26 39 4 2 3 4 1 2 1 5 
1 38 31 5 6 1 5 6 2 1 2 
2 69 3 10 3 3 5 1 2 
21 8 4 1 8 10 8 8 17 5 3 1 1 3 
3 84 1 4 2 3 1 
2 28 48 16 2 2 
1 45 48 3 1 
1 85 10 2 
1 74 17 2 2 2 
1 24 55 18 
9 21 20 44 1 3 
2 70 15 10 1 
1 90 7 
50 17 16 8 7 
3 31 45 19 
28 21 28 9 1 9 2 
7 10 20 46 3 3 9 
1 80 12 5 
1 73 14 5 4 1 
3 16 50 5 13 3 1 1 2 2 1 1 
1 71 21 4 1 
1 36 57 3 1 
1 20 19 45 13 
2 91 1 1 3 
2 54 19 23 
5 34 47 5 3 4 
2 68 18 4 1 1 4 
1 95 2 
3 94 1 
3 20 23 51 1 
96 2 
2 37 59 
2 8 50 25 9 1 2 1 
17 34 14 18 5 3 7 
86 1 10 1 
6 12 73 5 1 1 
2 73 21 2 
4 41 49 2 2 
1 87 7 2 1 
1 39 3 5 33 13 3 1 
1 86 11 
5 55 37 1 
1 42 52 2 1 
1 89 7 1 
1 26 46 16 5 2 2 
85 5 2 6 
1 38 11 8 34 4 2 
8 7 51 16 8 1 5 2 
1 56 8 16 11 1 1 3 1 
1 5 70 14 8 
28 55 8 4 3 
69 4 15 9 1 
1 65 1 10 1 2 11 1 1 1 1 2 1 
4 37 23 12 18 1 1 1 1 
12 77 9 
31 62 5 
1 80 1 13 3 
8 90 
1 25 19 16 21 7 9 
3 80 13 2 
4 86 8 
3 5 52 1 25 3 1 7 1 
6 48 6 35 1 2 
1 88 2 5 2 
1 6 61 13 3 7 4 3 
3 42 40 13 
1 59 35 2 1 
1 16 17 24 16 12 1 4 5 1 1 
9 68 8 8 4 1 
1 80 1 16 
22 41 8 24 3 
2 72 8 11 1 1 3 
65 21 12 
3 78 17 
3 6 10 54 12 10 2 1 
19 68 7 1 1 1 1 
9 71 7 8 3 
93 5 
4 70 24 
1 11 75 9 2 
2 55 41 
1 70 11 6 8 2 
6 52 3 11 14 12 
3 88 7 
3 3 74 3 6 4 2 2 1 
8 65 19 5 1 
6 62 24 6 
20 39 4 21 12 1 1 
58 5 12 20 2 1 
1 77 7 9 2 2 
1 30 29 15 7 2 5 5 4 
2 72 19 4 1 
1 38 35 5 2 11 5 1 
18 1 62 4 5 4 2 1 1 
3 51 28 12 1 2 1 
2 55 35 2 4 
22 74 1 1 
18 53 5 17 1 2 1 1 
1 31 66 
19 73 4 2 
3 51 20 12 2 1 3 1 5 
3 40 53 2 
5 16 4 40 31 1 1 
1 56 34 1 6 
3 30 42 2 12 7 2 
7 50 4 9 11 7 3 2 4 1 
4 20 50 1 22 1 
1 42 42 7 6 
31 20 9 19 13 4 2 
3 41 21 16 5 11 1 
62 14 11 6 3 1 1 
2 20 72 4 
10 66 1 21 
2 90 1 4 1 
1 9 50 30 2 4 1 1 
1 31 52 2 1 3 4 2 1 1 
2 21 10 11 50 2 2 
33 4 8 40 6 6 1 
1 88 6 3 
59 20 5 7 3 2 1 1 
58 20 12 4 3 1 
1 24 42 31 
1 81 12 2 1 1 
12 15 36 21 14 
2 5 78 5 5 2 1 
2 26 46 18 6 
58 7 33 
4 21 25 3 45 
4 90 3 1 
1 50 24 5 2 5 1 4 1 4 1 
2 72 5 14 5 
1 50 16 7 4 4 11 2 3 
2 94 2 
1 49 30 8 2 1 5 2 
1 93 3 1 
2 7 9 9 27 41 1 1 1 
1 79 3 7 7 1 
1 73 3 8 2 10 1 
1 19 45 32 1 
1 85 10 2 
1 33 56 3 5 
18 55 7 17 1 
1 87 10 
2 28 40 8 20 
97 1 
5 70 22 1 
14 36 21 12 2 13 
1 14 14 3 29 10 8 6 10 3 
1 9 88 
3 19 76 
1 70 26 1 
6 92 
14 26 18 4 13 10 11 2 
1 42 7 29 13 5 1 
16 41 30 7 4 
1 47 27 3 6 11 1 1 1 
1 58 18 13 7 1 
7 42 49 
1 83 14 
14 71 13 
1 60 37 
1 11 82 2 1 1 
1 5 92 
1 93 4 
2 90 3 2 1 
1 42 44 9 1 1 
1 29 24 42 1 1 
1 22 41 23 1 10 
12 81 1 4 
9 33 38 16 2 
3 78 16 1 
26 59 9 4 
16 12 18 10 18 13 2 6 1 2 
1 28 1 51 5 9 1 2 
2 66 18 10 1 1 
4 67 22 5 
27 41 28 2 
27 41 27 1 1 1 
1 43 20 33 1 
29 43 26 
6 36 6 43 3 3 1 
1 9 16 32 18 16 6 
4 47 29 17 1 
93 3 2 
4 12 16 21 5 17 2 9 8 4 
3 19 7 29 39 1 
1 79 5 2 4 1 5 1 
1 81 5 2 8 1 
2 43 10 15 13 8 5 1 1 
1 22 6 18 10 27 2 2 3 1 5 1 
1 63 33 1 
2 6 50 25 10 2 3 
16 49 31 1 1 
1 36 61 
28 38 20 7 1 2 1 1 
16 46 35 1 
1 93 2 1 1 
1 30 57 8 2 
2 92 2 1 1 
1 30 12 25 8 7 14 1 
1 97 
98 
6 92 
1 61 2 33 1 
2 90 6 
1 57 31 7 2 
1 97 
1 91 6 
1 57 5 33 2 
1 38 5 20 1 6 1 20 6 
2 43 38 14 1 
19 9 48 11 7 3 1 
9 10 27 34 7 8 3 
2 33 1 53 1 6 2 
39 13 17 5 15 3 5 1 
1 91 2 3 1 
20 46 5 9 6 8 3 1 
67 5 24 1 1 
8 47 20 9 12 2 
1 80 16 1 
8 17 42 14 7 1 8 1 
3 36 56 3 
1 68 14 11 1 3 
1 80 4 4 6 3 
5 58 14 18 2 1 
75 4 14 1 3 1 
1 12 57 18 1 1 6 1 1 
1 41 41 1 10 2 1 1 
8 49 15 6 13 7 
1 80 1 5 1 7 2 1 
1 68 9 8 6 3 1 1 1 
1 78 7 10 2 
11 84 3 
1 15 1 81 
3 58 32 2 2 1 
2 67 19 3 5 1 1 
1 40 47 7 3 
1 87 10 
1 83 14 
6 5 61 5 12 6 3 
2 49 30 8 6 2 1 
2 81 4 8 1 2 
1 38 58 1 
1 47 16 9 7 12 2 2 2 
1 48 43 4 2 
3 18 55 20 1 1 
20 50 18 1 3 1 2 3 
1 18 36 43 
1 96 1 
85 13 
1 53 36 1 6 1 
1 73 23 1 
31 9 16 28 1 3 4 2 1 2 1 
43 26 29 
2 63 31 1 1 
1 48 48 1 
5 56 33 4 
1 25 10 25 32 4 1 
3 71 2 6 9 3 4 
2 60 36 
2 14 18 32 13 4 5 1 1 3 1 4 
7 61 8 18 1 3 
1 11 27 16 39 1 1 2 
1 14 34 18 11 13 7 
7 17 34 39 1 
20 1 21 39 4 5 1 1 3 3 
3 47 22 23 3 
1 49 13 35 
52 30 7 1 8 
53 12 7 3 7 15 1 
13 22 8 17 31 3 4 
2 81 15 
2 40 56 
1 57 24 6 9 1 
2 43 53 
5 17 32 33 1 8 1 1 
3 50 44 1 
5 89 1 1 2 
4 74 7 10 3 
1 35 35 9 5 9 4 
1 69 27 1 
6 4 88 
3 94 1 
2 84 4 5 3 
1 21 32 6 33 5 
1 67 24 4 2 
22 16 12 33 4 9 2 
2 4 60 30 2 
2 3 32 30 12 2 16 1 
1 39 20 23 7 5 2 1 
3 5 45 4 15 15 7 3 1 
2 21 74 1 
97 1 
3 11 15 13 20 24 6 3 2 1 
1 40 42 4 3 6 1 1 
1 3 77 7 3 6 1 
1 5 37 49 1 5 
2 21 19 43 8 2 3 
2 65 15 12 3 1 
82 6 4 6 
19 3 68 8 
1 18 72 7 
1 64 25 6 2 
1 85 2 9 1 
54 44 
38 56 1 2 1 
1 65 13 17 2 
1 17 44 2 14 15 5 
2 43 33 6 12 1 1 
1 43 54 
7 39 27 16 2 2 3 1 1 
15 19 54 10 
4 20 62 7 3 1 1 
97 1 
1 46 38 9 2 1 1 
12 78 1 6 1 
4 27 63 1 1 1 1 
9 40 33 6 4 6 
2 47 19 24 1 2 3 
1 90 1 1 2 3 
34 4 3 53 4 
8 83 6 1 
1 17 12 63 1 3 1 
1 49 1 47 
65 18 13 1 1 
1 75 15 5 1 1 
13 42 10 12 15 3 2 1 
13 78 3 3 1 
2 53 24 14 3 1 1 
1 61 36 
1 55 18 10 8 2 2 2 
28 50 2 10 1 3 3 1 
13 26 44 15 
1 80 17 
2 79 4 1 4 5 3 
1 66 19 10 1 1 
1 37 41 18 1 
27 2 21 2 20 1 19 6 
68 18 4 1 7 
5 13 29 43 1 2 4 1 
1 85 7 5 
5 71 19 3 
1 27 10 4 24 8 8 14 2 
92 6 
1 41 56 
1 61 35 1 
6 12 39 31 8 1 1 
2 57 13 23 2 1 
1 49 44 4 
22 51 10 14 1 
5 90 2 1 
1 33 20 35 3 3 2 1 
1 73 17 3 2 1 1 
1 96 1 
13 16 63 6 
1 24 64 1 8 
18 54 23 3 
16 44 7 30 1 
5 17 66 6 4 
1 94 1 2 
1 47 11 33 5 1 
2 63 3 9 6 9 6 
2 9 9 12 45 19 2 
1 22 28 40 3 1 2 1 
1 15 26 9 3 4 24 13 2 1 
1 76 3 9 5 3 1 
3 37 57 1 
1 31 35 10 19 2 
1 67 30 
1 90 4 2 1 
59 27 3 9 
5 84 1 2 6 
94 2 2 
2 56 31 8 1 
1 46 46 4 1 
1 52 19 24 2 
1 13 65 1 1 13 4 
3 34 21 19 11 3 1 1 5 
1 1 55 2 3 4 10 9 3 1 2 1 2 2 1 1 
1 94 1 1 1 
1 94 3 
16 27 38 9 2 6 
45 47 2 1 2 1 
1 59 15 17 5 1 
96 1 1 
1 30 31 18 3 7 8 
2 53 12 18 7 3 1 2 
1 32 16 29 19 1 
9 80 9 
3 13 81 1 
1 31 49 8 1 5 3 
1 33 18 43 2 1 
2 34 39 17 3 1 2 
2 11 7 37 9 31 1 
18 79 1 
2 2 64 29 1 
1 67 6 11 13 
57 6 8 27 
1 78 5 3 10 1 
2 32 61 2 1 
2 75 12 8 1 
2 28 32 1 14 4 4 4 3 3 3 
3 93 2 
10 65 6 4 7 4 1 1 
1 96 1 
1 41 56 
1 28 19 22 15 4 8 1 
1 37 7 11 18 13 3 3 1 1 1 2 
4 50 15 14 14 1 
2 18 5 38 21 1 3 5 2 2 1 
4 85 5 3 1 
30 6 40 1 7 10 4 
21 75 1 1 
1 57 40 
1 95 2 
1 63 6 20 8 
21 34 32 11 
6 15 1 25 17 25 3 5 1 
2 75 19 2 
14 40 4 15 7 7 4 2 3 2 
1 60 37 
8 63 24 2 1 
2 12 40 38 1 3 2 
3 44 26 15 8 1 1 
1 68 27 1 1 
55 10 26 2 5 
5 5 50 10 4 13 10 1 
48 28 3 17 2 
5 79 6 6 1 1 
1 21 33 15 2 24 1 1 
6 33 50 9 
10 73 15 
5 46 47 
1 62 35 
56 19 14 2 1 5 1 
22 31 9 36 
1 79 12 3 3 
1 25 60 12 
1 51 34 4 8 
24 31 36 7 
1 31 49 10 5 1 1 
1 85 12 
38 46 3 3 6 2 
2 82 11 2 1 
79 14 2 3 
1 11 74 2 3 3 2 1 1 
10 64 19 4 1 
13 3 21 16 15 12 2 14 2 
1 24 35 15 3 11 1 6 1 1 
6 36 15 3 33 1 4 
1 92 4 1 
1 63 23 4 4 1 1 1 
4 93 1 
1 78 17 2 
10 56 8 17 1 6 
62 14 5 7 3 1 2 4 
1 23 21 49 4 
1 9 49 32 1 4 2 
3 64 4 25 1 1 
1 28 61 7 1 
2 53 17 2 3 20 1 
2 51 7 29 2 5 1 1 
3 67 28 
2 25 65 3 1 2 
2 31 62 1 1 1 
19 33 46 
10 64 20 4 
28 47 7 16 
2 40 30 19 3 3 1 
6 5 76 11 
2 80 13 2 1 
1 69 25 2 1 
1 55 33 8 1 
37 41 17 2 1 
1 23 22 39 11 1 1 
1 33 3 3 44 12 1 1 
3 11 54 29 1 
1 93 1 3 
3 31 26 18 20 
1 4 35 25 32 1 
97 1 
1 53 12 5 11 8 8 
15 19 7 4 30 10 4 5 1 1 1 1 
98 
15 52 19 2 3 3 2 2 
30 32 15 17 4 
1 37 14 7 28 4 5 1 1 
2 1 39 45 1 2 3 5 
3 30 62 3 
6 11 28 38 6 5 2 1 1 
1 68 6 5 5 11 2 
1 77 13 1 3 2 1 
3 26 43 22 4 
10 17 58 12 1 
1 48 19 30 
2 67 15 11 3 
3 9 82 2 1 1 
2 16 28 4 28 6 10 1 2 1 
3 92 3 
10 63 21 1 2 1 
2 12 13 54 6 3 8 
73 20 4 1 
1 69 5 2 15 6 
1 18 70 3 2 4 
60 36 2 
12 74 12 
6 73 5 10 4 
2 47 42 7 
61 18 14 2 3 
9 82 7 
1 55 42 
1 75 21 1 
5 78 15 
1 54 43 
1 19 52 19 2 4 1 
1 48 12 30 7 
1 75 4 3 15 
3 59 28 4 3 1 
4 35 31 24 2 2 
1 7 25 21 43 1 
4 34 50 4 6 
1 96 1 
1 38 55 3 1 
1 57 32 8 
1 15 58 14 5 1 2 1 1 
2 32 23 16 15 6 3 1 
12 37 4 1 4 28 7 2 1 1 1 
2 43 34 11 4 2 1 1 
1 42 16 1 19 15 1 3 
33 61 1 3 
2 77 12 4 3 
18 31 39 4 3 2 1 
1 40 40 3 4 1 9 
29 27 28 8 6 
1 92 5 
1 43 54 
50 28 9 2 6 1 1 1 
16 24 58 
1 67 27 1 2 
24 66 7 1 
98 
1 90 6 1 
3 19 70 1 4 1 
2 17 9 37 12 10 8 2 1 
1 69 11 6 7 3 1 
3 86 9 
3 15 27 29 21 1 1 1 
3 8 87 
75 17 1 3 1 1 
1 58 21 17 1 
6 71 5 1 1 3 7 1 1 2 
8 89 1 
5 22 50 16 1 2 1 1 
6 17 30 32 8 3 2 
2 86 3 3 1 3 
2 16 77 2 1 
2 37 48 8 2 1 
30 36 8 23 1 
9 29 35 14 3 8 
4 65 2 24 1 1 1 
1 80 17 
1 6 89 2 
1 73 3 20 1 
1 88 7 1 1 
85 11 1 1 
1 18 54 10 7 7 1 
9 35 50 3 1 
3 9 75 9 1 1 
19 6 39 31 3 
1 36 30 30 1 
89 9 
1 88 2 1 6 
2 59 33 3 1 
1 49 38 6 3 1 
13 83 2 
1 51 36 5 1 3 1 
2 76 12 8 
18 46 5 22 4 3 
2 70 17 3 5 1 
7 16 55 7 12 1 
1 73 9 3 3 4 2 1 2 
1 84 8 2 1 1 1 
2 22 45 18 10 1 
2 96 
4 89 2 2 1 
6 77 9 3 3 
4 18 29 36 11 
1 63 14 19 1 
98 
15 75 4 3 1 
1 70 19 5 3 
1 67 20 5 3 2 
31 10 42 3 7 3 1 1 
2 33 12 37 3 7 4 
3 6 64 14 6 5 
2 62 21 6 7 
2 64 25 4 2 1 
2 61 20 4 7 4 
7 42 8 20 19 2 
21 19 44 7 6 1 
28 53 8 8 1 
2 71 25 
1 15 45 16 20 1 
1 53 37 2 5 
1 78 19 
2 46 13 17 4 3 2 1 7 3 
39 24 35 
2 76 1 8 4 3 4 
1 2 21 9 55 8 2 
1 39 46 4 1 1 4 2 
1 12 10 40 15 5 14 1 
3 64 1 10 2 7 11 
2 45 35 15 1 
2 24 65 4 1 2 
1 33 20 28 1 2 4 5 3 1 
2 36 30 3 5 20 2 
1 77 20 
1 76 21 
3 71 20 1 1 1 1 
2 42 23 10 21 
1 18 41 13 9 8 8 
1 19 37 18 9 10 3 1 
4 54 28 5 3 3 1 
2 13 7 26 12 24 6 1 7 
1 26 37 32 1 1 
1 20 44 21 7 3 2 
5 29 56 1 2 2 3 
3 53 33 6 1 2 
8 39 39 6 1 4 1 
5 60 18 6 7 1 1 
1 57 1 12 22 2 1 1 1 
8 71 18 1 
3 32 63 
2 67 24 5 
85 4 9 
2 90 1 2 2 1 
1 9 50 24 12 1 1 
3 56 3 8 25 3 
1 67 9 6 10 4 1 
3 67 15 11 1 1 
1 63 1 18 6 5 2 1 1 
1 77 18 2 
1 93 1 1 2 
79 16 3 
8 22 30 26 9 1 1 1 
3 67 8 17 3 
3 62 5 10 6 1 1 4 5 1 
24 73 1 
3 23 22 19 23 4 4 
1 60 23 8 6 
49 41 4 4 
28 38 32 
1 38 27 14 1 11 1 5 
2 68 5 3 7 11 1 1 
4 3 79 8 3 1 
4 63 30 1 
2 91 3 2 
4 59 2 18 12 1 2 
18 7 61 3 1 2 3 2 1 
1 58 19 10 2 4 2 1 1 
1 31 3 35 26 1 1 
1 15 18 4 60 
4 49 5 15 8 6 6 1 4 
3 83 5 7 
18 20 60 
32 33 33 
2 33 1 30 32 
2 37 22 7 17 12 1 
1 46 51 
1 63 12 15 2 5 
34 52 12 
35 22 17 18 6 
6 37 7 6 21 15 5 1 
1 96 1 
10 23 44 3 14 2 1 1 
97 1 
2 56 39 1 
1 90 3 2 1 1 
1 96 1 
2 13 72 2 6 3 
36 62 
3 28 32 25 2 5 3 
28 9 1 44 15 1 
1 94 3 
2 5 1 57 23 8 2 
78 6 2 2 7 1 2 
74 22 1 1 
60 6 29 2 1 
1 55 15 24 3 
35 63 
1 51 11 11 10 9 5 
1 86 11 
2 66 27 3 
68 3 14 6 4 1 2 
3 29 40 4 8 7 6 1 
4 24 22 4 40 4 
1 49 14 34 
7 40 43 5 1 2 
2 27 67 1 1 
3 72 18 3 1 1 
1 45 7 17 27 1 
68 11 15 4 
1 14 12 47 11 9 4 
1 55 19 5 5 10 2 1 
1 76 20 1 
64 22 7 1 3 1 
2 58 34 4 
1 57 20 7 1 3 6 2 1 
98 
1 35 41 5 9 4 1 2 
2 39 11 39 4 3 
94 4 
1 94 2 1 
1 42 43 2 5 1 2 1 1 
25 62 3 1 1 2 2 2 
1 5 73 5 7 2 2 2 1 
1 42 55 
13 36 9 9 9 4 13 5 
2 33 63 
1 86 11 
1 73 24 
1 51 8 23 12 3 
5 19 55 14 3 1 1 
18 22 56 1 1 
4 48 39 6 1 
2 20 34 6 28 2 3 1 1 1 
1 45 29 4 8 1 3 2 3 1 1 
21 1 11 27 32 6 
95 3 
1 18 40 32 2 5 
6 88 3 1 
2 34 7 38 3 6 1 3 4 
1 11 31 24 26 4 1 
1 2 38 44 1 7 1 3 1 
12 56 18 4 7 1 
21 43 22 6 6 
2 45 11 20 6 6 5 1 2 
1 29 62 5 1 
2 37 56 2 1 
1 56 12 28 1 
3 71 21 3 
1 58 3 34 2 
2 78 15 2 1 
1 59 18 11 8 1 
5 51 17 14 11 
44 10 3 5 11 17 1 7 
23 22 27 20 4 1 1 
24 39 14 19 2 
7 60 15 12 4 
93 2 2 1 
8 43 9 5 11 7 5 5 2 1 2 
3 84 10 1 
12 38 30 3 8 2 3 2 
8 35 1 29 9 4 12 
2 69 19 6 1 1 
1 34 11 46 6 
1 86 7 2 1 1 
17 71 8 2 
1 96 1 
73 20 2 1 2 
1 43 49 4 1 
1 2 36 58 1 
2 42 34 6 8 5 1 
1 62 35 
2 14 71 1 10 
7 4 10 19 52 5 1 
1 1 61 34 1 
12 53 27 5 1 
26 37 32 1 1 1 
27 8 27 7 2 5 2 2 12 4 2 
21 74 1 1 1 
45 37 14 1 1 
30 64 4 
1 57 16 16 6 2 
2 52 17 9 7 9 1 1 
6 84 6 2 
1 22 14 45 9 4 1 1 1 
4 72 16 3 1 1 1 
2 6 80 8 2 
9 78 1 8 2 
1 53 13 25 6 
7 46 29 4 6 4 2 
4 13 56 7 16 2 
1 64 17 12 1 2 1 
40 39 2 4 4 4 4 1 
5 41 42 10 
6 46 26 5 2 1 5 1 4 2 
31 44 19 3 1 
2 33 63 
3 5 12 72 3 2 1 
1 40 23 16 13 2 1 2 
5 59 3 8 7 5 6 1 1 1 2 
81 11 2 3 1 
19 6 40 14 9 2 2 3 2 1 
51 35 12 
1 13 46 15 17 6 
1 39 9 28 21 
3 10 66 5 14 
1 11 17 47 15 6 1 
1 41 19 36 1 
41 9 27 1 1 19 
4 31 38 12 4 1 1 5 1 1 
32 40 10 2 2 9 2 1 
2 29 21 5 10 22 4 1 3 1 
1 17 1 39 23 13 1 1 2 
1 2 64 15 14 1 1 
1 53 17 5 6 6 10 
18 30 28 4 17 1 
2 22 74 
7 55 22 2 6 1 2 3 
19 45 5 21 5 2 1 
1 93 3 1 
9 11 50 15 13 
83 13 2 
40 3 30 19 6 
1 46 25 17 8 1 
1 11 55 24 6 1 
2 93 3 
30 57 5 6 
2 65 21 4 6 
2 3 59 30 4 
63 33 2 
4 13 11 41 23 3 2 1 
2 4 37 15 8 5 26 1 
5 78 14 1 
3 31 56 3 4 1 
1 72 1 3 3 10 3 1 3 1 
1 20 48 16 1 11 1 
1 85 5 7 
1 15 36 30 16 
2 69 3 9 1 2 6 2 1 1 1 1 
1 33 30 9 12 13 
1 80 15 2 
2 73 3 14 1 5 
11 69 18 
3 48 36 3 1 1 1 5 
6 1 31 7 4 28 16 3 1 1 
37 51 1 2 6 1 
3 58 7 21 9 
3 13 39 20 5 15 3 
2 51 42 1 1 1 
1 62 2 13 5 14 1 
1 82 10 1 2 1 1 
2 15 8 15 8 33 10 4 3 
2 28 66 2 
1 66 9 10 7 1 4 
1 23 60 7 1 4 1 1 
3 54 35 6 
1 69 27 1 
1 12 40 30 15 
1 66 13 15 2 1 
5 22 71 
9 54 17 18 
1 96 1 
1 79 12 5 1 
5 67 6 18 1 1 
2 8 26 46 11 4 1 
22 59 2 12 3 
16 52 16 8 5 1 
3 87 5 1 2 
1 38 39 8 10 1 1 
5 46 7 9 17 14 
13 54 5 18 7 1 
1 77 4 9 6 1 
59 24 15 
3 64 25 4 2 
2 48 25 15 6 2 
5 49 12 16 13 2 1 
1 67 28 1 1 
1 28 56 4 9 
2 51 40 4 1 
1 3 78 6 3 5 1 1 
1 90 7 
88 7 2 1 
1 77 8 5 3 1 2 1 
1 1 23 7 60 2 4 
82 3 4 8 1 
7 65 26 
1 67 30 
28 23 41 5 1 
98 
1 22 24 45 6 
1 33 22 16 20 3 1 2 
3 43 12 4 20 3 7 2 1 3 
1 93 4 
5 27 3 52 8 3 
4 85 5 2 1 1 
1 48 33 6 5 1 4 
1 77 20 
2 5 4 86 1 
1 16 63 5 13 
6 72 20 
3 53 37 1 2 1 1 
44 24 26 3 1 
58 21 2 17 
1 68 15 7 3 1 2 1 
96 2 
1 54 35 1 1 2 4 
5 56 23 14 
1 63 10 9 3 3 4 4 1 
1 33 35 18 3 3 2 1 2 
4 19 41 1 27 4 2 
1 44 22 22 2 2 1 4 
2 39 12 20 7 6 9 2 1 
7 90 1 
59 27 12 
6 57 33 1 1 
85 12 1 
1 5 13 67 11 1 
1 87 4 5 1 
1 16 76 1 2 1 1 
8 76 8 2 2 1 1 
3 12 49 10 14 2 1 7 
2 68 16 12 
2 19 65 10 2 
79 17 1 1 
4 66 16 3 1 7 1 
11 67 12 2 3 3 
17 44 29 6 1 1 
1 60 31 6 
11 23 63 1 
1 89 8 
2 78 5 13 
1 14 38 25 20 
1 72 4 18 1 1 1 
1 73 24 
3 70 19 2 4 
2 17 43 31 2 1 2 
1 3 8 60 8 12 4 1 1 
3 48 46 1 
1 28 64 4 1 
3 14 35 43 3 
1 24 66 6 1 
1 37 2 29 8 16 2 3 
88 6 2 2 
31 30 27 5 4 1 
3 43 51 1 
89 8 1 
98 
1 97 
4 30 36 16 12 
1 52 24 4 12 2 1 2 
2 55 41 
91 2 2 3 
31 27 19 9 4 5 3 
1 9 27 45 7 3 2 4 
51 26 6 8 1 5 1 
10 85 3 
2 66 4 5 17 3 1 
1 67 3 4 2 8 8 4 1 
1 56 10 2 14 2 5 3 1 1 1 1 1 
39 19 40 
2 80 2 14 
1 30 3 11 18 4 3 20 8 
1 49 2 46 
1 43 23 12 12 2 3 1 1 
1 53 16 27 1 
1 44 39 6 2 5 1 
1 18 73 4 2 
1 94 1 1 1 
2 40 8 42 6 
4 71 23 
1 18 4 4 69 2 
1 27 7 51 4 5 1 1 1 
1 87 2 6 2 
2 4 70 3 7 7 4 1 
2 55 39 1 1 
8 84 1 3 1 1 
16 27 4 21 24 5 1 
28 3 15 36 9 7 
1 23 6 40 20 4 4 
1 86 11 
1 2 62 18 9 1 2 3 
8 44 31 2 9 2 2 
3 27 62 6 
9 50 20 6 12 1 
1 67 29 1 
2 63 16 1 10 5 1 
7 64 27 
27 27 21 1 12 9 1 
1 82 15 
1 46 51 
2 74 16 6 
25 17 12 16 28 
1 87 4 6 
1 32 48 9 4 2 2 
1 68 27 2 
17 66 8 2 4 1 
1 89 2 5 1 
2 13 27 55 1 
7 34 51 1 1 4 
68 8 1 19 2 
23 75 
11 16 35 33 3 
1 32 10 47 8 
8 51 36 1 1 1 
2 64 7 22 2 1 
46 16 33 2 1 
29 67 1 1 
15 77 4 2 
2 22 45 16 11 2 
8 64 8 3 13 1 1 
1 59 11 27 
5 13 39 2 3 34 2 
18 39 1 23 10 4 2 1 
3 44 51 
1 70 24 2 1 
1 29 35 20 7 1 5 
62 27 9 
3 82 5 8 
1 8 11 22 7 36 4 8 1 
55 14 24 3 2 
2 43 29 4 2 6 6 5 1 
3 10 18 7 11 35 10 4 
1 50 32 15 
1 88 9 
2 38 49 9 
1 97 
1 39 21 20 16 1 
2 4 26 36 12 13 5 
65 2 10 14 4 3 
11 30 32 11 1 8 2 3 
2 82 13 1 
1 87 10 
3 81 7 3 2 2 
31 25 14 20 5 2 1 
15 30 20 26 7 
2 26 14 34 3 7 2 8 2 
42 14 22 14 3 3 
73 1 1 3 20 
22 27 32 16 1 
1 8 7 73 4 4 1 
1 36 1 7 37 4 3 3 1 5 
30 49 3 2 14 
2 77 4 2 6 6 1 
3 38 29 14 7 7 
3 19 15 16 45 
2 92 2 2 
1 32 2 56 7 
1 18 51 22 5 1 
3 43 19 7 9 4 10 3 
1 33 8 3 46 1 5 1 
11 23 6 32 21 1 4 
1 57 17 18 3 2 
8 68 6 12 4 
16 50 32 
1 26 27 20 9 1 10 4 
1 7 33 42 9 5 1 
4 35 36 6 2 1 8 6 
2 89 5 2 
10 2 23 22 20 1 3 7 9 1 
1 86 8 3 
38 59 1 
4 34 21 28 4 3 4 
2 74 22 
4 92 1 1 
28 27 17 8 18 
1 41 14 1 2 28 3 2 6 
3 87 6 2 
2 80 16 
1 83 12 1 1 
2 37 59 
6 76 8 8 
1 77 20 
1 30 43 7 17 
2 83 13 
1 54 18 11 7 1 5 1 
1 46 12 13 10 5 2 5 4 
28 45 22 3 
3 58 35 2 
75 4 2 14 3 
2 34 50 7 1 1 1 1 1 
21 7 44 19 2 4 1 
1 11 21 57 6 2 
3 34 22 25 4 10 
18 16 9 48 2 3 2 
14 22 33 20 5 4 
12 30 46 8 1 1 
2 89 5 2 
10 4 21 60 2 1 
4 72 22 
5 63 28 2 
3 1 80 14 
7 37 12 37 5 
2 17 53 24 2 
2 76 12 1 6 1 
38 46 2 2 7 2 1 
1 85 11 1 
1 47 34 11 5 
91 6 1 
2 31 41 1 4 8 11 
33 39 18 8 
10 23 63 1 1 
1 57 35 5 
2 50 14 17 6 4 5 
1 35 25 11 15 3 1 3 4 
1 3 14 57 5 12 6 
1 58 14 24 1 
95 2 1 
9 25 60 1 3 
12 85 1 
1 16 21 28 7 16 9 
17 21 60 
10 13 35 21 9 2 8 
26 42 19 7 2 1 1 
20 77 1 
1 78 6 5 1 1 2 3 1 
2 74 22 
4 32 16 28 3 4 10 1 
11 76 9 1 1 
19 14 64 1 
7 18 71 2 
11 48 6 21 12 
1 64 33 
1 91 2 2 2 
1 19 2 20 3 53 
17 73 7 1 
9 66 23 
11 48 29 9 1 
84 14 
4 43 51 
2 57 11 8 19 1 
4 6 45 24 2 1 3 7 2 1 1 1 1 
14 6 33 45 
5 26 26 37 4 
7 2 73 1 5 2 3 5 
1 22 12 40 7 12 2 2 
8 20 30 11 11 7 11 
1 46 11 13 10 4 1 5 5 1 1 
1 44 7 36 4 5 1 
1 47 49 1 
6 19 5 62 2 4 
6 77 3 5 6 1 
5 80 9 4 
95 2 1 
4 54 34 2 3 1 
2 57 28 1 4 5 1 
19 59 5 14 1 
2 79 14 2 1 
4 32 60 2 
1 20 41 34 2 
8 24 62 4 
2 90 1 3 2 
1 45 51 1 
2 71 25 
1 29 44 17 7 
66 4 23 5 
30 47 21 
1 53 3 27 10 3 1 
10 5 73 6 4 
1 81 7 6 1 2 
3 64 26 2 1 2 
14 37 27 14 4 1 1 
2 57 28 2 6 3 
76 8 6 6 1 1 
4 49 17 8 12 7 1 
5 48 13 5 16 4 1 2 4 
15 59 18 6 
2 66 18 9 3 
2 33 41 17 5 
1 3 12 47 34 1 
7 55 36 
20 68 7 3 
3 67 11 3 3 3 4 4 
7 79 2 9 1 
4 28 5 56 3 1 1 
2 65 17 11 1 2 
1 69 11 4 13 
1 66 21 8 1 1 
1 9 18 4 64 1 1 
5 32 59 1 1 
1 81 16 
1 30 8 4 14 1 39 1 
1 63 34 
1 37 60 
1 92 1 4 
4 81 13 
2 53 39 1 3 
12 59 21 2 3 1 
2 63 1 7 22 2 1 
5 57 3 23 5 4 1 
49 25 24 
1 97 
87 11 
3 75 14 6 
1 80 3 10 3 1 
1 36 42 14 4 1 
2 70 26 
3 37 4 19 29 5 1 
3 87 2 4 1 1 
1 42 12 8 6 7 5 1 7 1 8 
2 14 82 
7 78 13 
3 92 3 
20 49 29 
2 77 14 4 1 
80 15 3 
1 76 21 
1 15 1 9 70 2 
1 93 3 1 
1 67 7 20 3 
2 72 4 18 2 
78 20 
1 78 3 3 3 6 3 1 
3 21 45 4 13 9 3 
38 13 47 
1 77 20 
1 22 74 1 
5 84 5 3 1 
4 22 35 8 10 10 6 3 
4 65 11 18 
1 63 24 7 3 
4 68 19 5 1 1 
2 90 6 
1 63 16 3 8 2 4 1 
3 9 86 
1 68 9 8 8 4 
12 53 11 13 6 2 1 
4 53 35 4 1 1 
22 70 2 4 
4 47 43 1 3 
1 3 39 42 8 3 2 
1 84 13 
2 76 20 
3 40 55 
2 49 46 1 
7 12 69 3 7 
1 62 11 9 8 3 1 1 2 
1 48 35 9 5 
1 57 6 33 1 
2 85 10 1 
1 51 46 
1 77 20 
1 2 88 5 1 1 
1 64 10 16 4 3 
1 96 1 
1 2 1 12 36 38 5 2 1 
1 48 4 23 9 1 12 
1 1 92 3 1 
98 
1 31 28 14 7 7 1 6 1 1 1 
4 67 20 7 
2 43 3 32 4 1 3 9 1 
32 63 3 
3 88 1 4 1 1 
8 28 52 6 3 1 
11 13 13 4 21 3 19 7 3 3 1 
3 93 1 1 
3 5 1 26 36 22 2 2 1 
1 22 35 34 3 1 2 
1 77 13 2 4 1 
3 63 17 2 4 1 4 3 1 
1 74 6 7 5 1 4 
6 65 11 6 3 2 3 1 1 
23 18 47 9 1 
3 42 11 13 1 24 4 
2 60 36 
1 71 21 4 1 
4 16 30 10 38 
1 32 37 7 11 7 1 2 
1 35 39 10 8 5 
1 72 20 1 2 2 
3 31 56 7 1 
1 72 25 
2 46 40 9 1 
6 60 22 5 3 2 
22 50 5 12 2 1 5 1 
1 73 2 1 19 2 
1 6 83 6 2 
1 89 6 1 1 
31 12 19 24 2 5 2 2 1 
20 37 3 32 1 3 2 
32 16 22 19 1 6 2 
25 18 21 16 18 
27 32 10 3 9 5 6 5 1 
1 27 54 4 7 2 1 2 
1 75 9 8 2 1 2 
9 34 52 3 
21 57 17 3 
1 3 66 1 1 2 5 3 8 3 5 
1 11 4 11 65 2 1 2 1 
4 55 36 2 1 
23 21 54 
2 30 62 1 3 
2 90 4 2 
1 87 4 2 4 
15 76 2 4 1 
2 9 1 49 18 9 5 3 1 1 
3 83 12 
18 73 7 
5 50 4 12 14 13 
41 7 21 27 2 
1 58 32 2 5 
1 19 51 11 9 2 3 1 1 
2 80 6 8 1 1 
5 71 7 7 3 1 4 
1 8 12 57 13 3 1 2 1 
1 66 27 4 
2 58 2 6 4 4 13 7 1 1 
2 66 25 5 
1 61 24 12 
68 9 10 5 4 1 1 
6 23 3 27 25 3 4 3 1 1 1 1 
1 21 17 33 22 1 2 1 
9 48 29 1 2 1 5 1 2 
6 92 
3 93 2 
3 49 2 43 1 
1 75 21 1 
19 41 2 20 14 1 1 
4 53 33 5 1 2 
1 71 7 10 1 1 7 
1 47 13 6 16 2 10 3 
8 46 41 2 1 
5 88 5 
1 14 37 22 12 3 4 5 
1 49 11 28 9 
2 59 36 1 
1 3 92 1 1 
14 73 1 6 2 2 
2 23 61 8 4 
12 57 21 3 4 1 
48 26 17 1 3 2 1 
1 44 2 13 12 17 9 
75 8 7 2 1 3 2 
69 26 2 1 
3 95 
6 8 54 21 3 2 3 1 
29 8 45 5 2 4 1 1 3 
1 40 3 6 22 24 1 1 
55 34 2 4 3 
2 1 38 54 1 1 1 
1 96 1 
98 
2 31 49 1 2 7 2 3 1 
1 94 1 2 
98 
1 31 16 17 28 2 2 1 
23 70 5 
2 42 29 12 7 3 3 
4 42 12 12 4 7 8 2 2 5 
13 1 46 1 29 3 3 1 1 
98 
4 10 42 21 20 1 
4 14 36 7 32 2 1 1 1 
1 81 5 11 
1 34 5 17 2 35 2 2 
1 90 5 1 1 
1 12 65 18 2 
1 49 24 4 19 1 
1 71 25 1 
5 6 81 5 1 
8 59 7 19 3 2 
12 30 42 5 3 2 2 2 
1 25 13 12 14 6 20 3 3 1 
5 51 39 2 1 
2 95 1 
1 86 4 7 
1 42 14 12 15 5 7 1 1 
2 85 7 2 2 
1 85 11 1 
1 65 24 5 1 1 1 
1 91 3 3 
25 35 38 
1 91 6 
4 76 5 2 2 9 
1 46 9 21 13 7 1 
1 87 9 1 
40 8 5 30 10 1 2 2 
2 64 21 3 3 5 
3 45 36 4 4 2 1 1 2 
1 70 2 5 5 12 3 
54 23 14 4 1 1 1 
1 6 36 41 1 2 4 6 1 
1 84 1 4 7 1 
2 15 31 41 1 8 
15 57 4 2 5 10 5 
1 53 4 10 12 2 4 6 2 3 1 
1 84 5 7 1 
1 79 8 6 2 2 
4 64 22 5 3 
2 67 28 1 
1 86 9 1 1 
74 2 5 4 3 5 5 
3 51 21 3 13 7 
4 64 26 1 3 
18 71 8 1 
3 58 1 4 27 4 1 
1 74 8 11 4 
3 35 50 9 1 
2 24 29 43 
8 15 71 2 2 
5 89 4 
80 9 6 3 
58 20 14 5 1 
1 21 60 15 1 
2 29 51 4 5 6 1 
1 77 18 1 1 
70 5 9 10 3 1 
8 51 4 31 4 
5 75 14 3 1 
1 88 1 5 1 2 
1 45 28 13 5 5 1 
6 34 9 7 9 24 9 
1 65 2 30 
2 38 41 10 5 1 1 
11 45 1 8 9 22 1 1 
4 83 8 2 1 
1 15 53 22 5 2 
2 4 18 11 26 32 1 1 2 1 
1 67 26 2 2 
2 57 16 19 2 1 1 
1 3 64 12 12 1 3 2 
18 53 18 7 2 
1 60 8 9 1 9 5 1 4 
2 62 27 1 5 1 
7 28 2 55 3 3 
15 20 47 14 1 1 
1 30 27 1 16 6 8 2 6 1 
1 29 64 1 2 1 
1 52 14 29 2 
1 66 4 3 16 8 
13 56 20 8 1 
1 43 44 4 2 2 2 
74 20 4 
3 14 23 31 19 1 3 1 1 2 
6 3 79 9 1 
1 4 59 30 4 
31 47 9 5 1 2 1 1 1 
5 77 15 1 
1 85 5 1 4 1 1 
3 33 42 20 
28 42 1 26 1 
5 93 
19 46 22 8 3 
1 9 69 15 3 1 
9 63 9 7 10 
1 1 68 9 7 6 3 3 
1 4 48 35 10 
5 4 23 50 9 1 6 
5 58 3 5 9 15 2 1 
5 16 20 51 1 2 1 2 
5 69 21 1 1 1 
1 82 6 2 5 1 1 
2 77 19 
1 94 1 1 1 
7 8 53 16 5 2 3 2 2 
75 22 1 
1 91 6 
1 89 1 4 3 
4 66 18 8 2 
1 61 25 7 1 2 1 
3 19 26 10 16 14 7 3 
13 53 20 1 5 3 1 2 
3 74 13 7 1 
9 17 16 8 43 2 3 
12 8 10 33 31 4 
3 35 27 25 8 
1 16 42 3 11 4 12 1 6 2 
4 4 70 1 9 5 3 2 
5 31 31 31 
1 77 20 
8 36 20 30 1 3 
64 18 4 5 2 5 
37 30 14 13 1 2 1 
1 93 4 
9 32 18 5 11 10 3 9 1 
1 51 8 22 11 2 2 1 
3 88 7 
1 97 
75 15 4 3 1 
5 53 40 
18 64 16 
1 59 1 11 9 2 3 8 1 1 2 
34 60 1 2 1 
7 63 14 10 2 1 1 
4 27 44 13 4 6 
2 33 18 27 4 7 5 2 
1 53 1 2 35 5 1 
1 54 6 35 2 
49 10 32 3 3 1 
2 53 43 
5 5 83 5 
52 9 20 10 3 1 3 
15 41 29 9 2 2 
1 87 9 1 
5 81 3 6 3 
1 29 47 3 4 8 6 
4 34 45 12 1 1 1 
1 68 29 
1 67 19 2 1 2 6 
63 18 2 1 1 3 10 
93 3 2 
29 31 22 14 1 1 
41 24 24 7 2 
1 12 18 59 8 
1 92 1 2 1 1 
3 38 2 54 1 
1 46 16 3 16 2 2 2 7 3 
1 18 67 6 3 1 2 
98 
11 17 67 1 1 1 
1 85 6 4 2 
3 33 59 1 1 1 
1 68 27 1 1 
1 70 13 6 2 4 2 
3 76 19 
1 66 19 1 7 2 2 
55 38 3 1 1 
8 42 6 40 2 
1 6 37 12 11 30 1 
1 29 38 28 2 
45 48 2 3 
12 86 
64 13 21 
5 91 2 
27 41 29 1 
2 64 29 2 1 
88 4 5 1 
9 58 31 
1 39 32 9 2 12 1 2 
1 71 21 5 
2 25 12 48 3 1 3 1 1 1 1 
1 38 57 1 1 
4 62 32 
2 48 30 16 2 
14 14 4 3 53 8 2 
1 20 57 18 1 1 
5 21 20 2 4 42 2 2 
1 74 22 1 
6 71 17 4 
15 75 2 4 1 1 
2 52 18 8 2 2 4 8 1 1 
98 
2 53 25 13 4 1 
1 12 39 26 15 4 1 
7 11 26 33 4 9 3 5 
2 66 21 7 2 
1 29 49 5 13 1 
9 52 23 13 1 
9 17 68 3 1 
4 92 1 1 
17 80 1 
2 68 28 
17 62 17 2 
1 50 10 17 11 6 3 
5 52 41 
1 41 15 37 4 
28 11 52 3 2 2 
7 74 14 2 1 
2 74 10 5 3 2 2 
1 3 81 1 9 3 
4 22 27 26 4 1 5 7 2 
1 25 22 28 13 9 
1 48 45 3 1 
1 27 52 15 2 1 
3 49 3 10 7 1 17 3 3 1 1 
2 17 20 29 7 2 19 2 
69 9 15 4 1 
4 13 57 9 6 4 4 1 
1 74 5 9 6 1 2 
1 77 3 6 7 4 
1 58 23 1 10 5 
1 37 44 13 3 
4 30 58 2 2 2 
5 59 29 1 3 1 
1 76 17 4 
3 42 53 
1 38 53 2 4 
1 94 1 1 1 
1 65 3 12 2 1 3 1 3 7 
1 78 10 9 
4 53 41 
4 5 54 27 2 2 1 2 1 
1 86 7 2 2 
2 75 16 1 1 3 
1 40 31 6 16 2 1 1 
1 29 23 23 20 1 1 
15 13 30 5 32 3 
18 39 22 18 1 
58 36 4 
67 19 5 6 1 
2 13 82 1 
5 16 76 1 
58 25 12 2 1 
68 6 1 11 9 1 1 1 
98 
1 19 78 
2 60 7 28 1 
6 38 38 15 1 
4 72 10 5 1 1 1 2 2 
4 87 5 2 
27 11 23 25 3 1 8 
19 56 23 
1 65 13 14 4 1 
1 16 67 11 3 
2 73 22 1 
1 45 1 43 5 1 2 
1 95 2 
29 37 8 10 12 1 1 
2 74 21 1 
1 92 5 
4 58 36 
3 14 54 17 7 3 
21 23 54 
1 4 80 5 4 2 1 1 
10 33 17 13 11 13 1 
6 66 11 3 4 1 6 1 
3 42 7 40 2 3 1 
1 75 16 2 4 
2 73 15 2 2 1 3 
40 19 32 4 1 1 1 
1 47 50 
1 15 13 17 39 3 7 3 
6 81 3 3 3 2 
1 7 61 19 4 3 3 
1 69 12 9 4 1 2 
1 52 18 27 
1 36 26 6 23 6 
1 12 17 58 9 1 
2 39 51 2 2 1 1 
4 26 7 11 31 6 13 
1 35 58 2 2 
1 79 13 5 
1 83 11 3 
1 31 13 29 10 2 1 9 1 1 
1 35 21 13 27 1 
40 58 
8 21 41 6 1 13 4 2 1 1 
3 52 31 7 3 2 
1 31 2 13 4 18 9 14 3 2 1 
1 89 4 4 
9 41 34 11 1 1 1 
3 30 7 16 24 16 2 
1 33 45 5 10 3 1 
4 4 55 28 7 
1 77 8 3 4 5 
5 72 1 14 2 3 1 
1 61 17 9 6 2 1 1 
1 85 9 2 1 
98 
1 90 5 1 1 
1 43 29 5 4 14 2 
1 39 41 7 8 2 
1 50 21 17 4 1 3 1 
7 40 44 6 1 
1 33 4 36 3 9 7 3 1 1 
1 58 36 1 1 1 
1 81 5 9 1 1 
3 1 43 10 21 3 5 2 4 2 4 
5 66 26 1 
4 24 57 9 1 3 
1 80 2 12 3 
1 19 50 7 14 1 5 1 
31 42 24 1 
62 33 3 
2 73 5 7 5 6 
1 93 1 1 2 
3 86 1 1 7 
2 45 51 
4 78 12 3 1 
9 50 15 8 2 13 1 
25 13 12 47 1 
94 4 
1 84 7 3 3 
56 9 31 1 1 
2 68 6 12 5 1 2 2 
1 63 16 14 4 
26 29 31 9 2 1 
7 77 14 
1 51 26 6 14 
1 49 48 
24 33 4 7 20 6 4 
2 70 21 4 1 
1 51 42 3 1 
1 61 10 19 2 2 1 2 
45 43 1 8 1 
1 58 35 3 1 
10 67 20 1 
5 6 53 13 16 2 2 1 
1 25 47 11 8 6 
1 82 15 
3 18 45 20 1 4 6 1 
1 25 19 16 30 2 1 2 1 1 
1 15 38 17 2 15 2 3 5 
2 39 41 4 2 5 2 1 1 1 
1 76 21 
1 62 28 1 2 2 2 
6 18 1 73 
2 94 2 
3 90 3 2 
4 16 74 4 
6 87 4 1 
1 90 3 4 
6 82 4 4 2 
22 73 3 
1 57 37 3 
1 49 36 1 4 4 2 1 
65 16 7 9 1 
10 67 21 
1 56 41 
8 9 53 1 6 19 1 1 
1 47 34 2 13 1 
21 65 5 5 2 
1 29 55 3 3 2 4 1 
1 92 5 
2 51 45 
2 31 10 18 12 3 4 14 4 
2 91 1 1 3 
1 97 
1 52 27 12 5 1 
1 96 1 
5 64 29 
6 41 22 26 3 
10 49 33 1 2 2 1 
16 75 7 
2 76 13 1 3 3 
1 45 10 10 20 10 2 
12 80 6 
3 56 6 16 14 3 
32 16 6 24 10 8 2 
19 13 4 28 13 13 3 2 2 1 
13 74 1 2 7 1 
3 43 20 7 18 7 
2 61 8 14 3 1 6 2 1 
1 6 16 3 27 21 14 2 8 
1 68 27 1 1 
1 23 53 13 8 
5 31 60 2 
5 55 2 21 11 2 2 
1 89 3 2 1 2 
1 9 56 19 7 2 2 2 
9 47 26 13 2 1 
3 95 
2 45 35 4 8 2 2 
1 65 15 2 9 3 1 2 
1 47 45 2 2 1 
68 5 5 16 1 2 1 
16 78 4 
7 83 6 1 1 
3 45 16 19 4 11 
1 33 40 18 6 
1 25 69 3 
17 76 2 3 
4 69 19 6 
1 8 26 15 8 34 3 2 1 
2 84 4 5 3 
1 94 2 1 
1 62 4 6 9 16 
4 37 24 21 12 
2 4 41 1 4 4 5 1 12 8 1 2 4 2 1 6 
1 97 
1 75 12 10 
8 3 86 1 
74 20 3 1 
1 29 33 22 13 
3 55 14 6 4 13 3 
16 27 13 1 41 
38 55 4 1 
1 55 38 4 
4 82 12 
1 87 9 1 
6 30 14 10 35 1 2 
79 17 2 
36 20 38 1 1 1 1 
1 77 2 3 12 1 2 
1 76 1 4 14 2 
29 57 12 
2 89 7 
8 3 33 29 14 8 3 
10 4 67 17 
1 46 38 8 5 
13 25 16 38 4 1 1 
3 9 3 13 41 22 7 
1 61 2 27 6 1 
3 94 1 
2 42 53 1 
2 46 26 22 2 
2 51 15 16 4 10 
84 2 6 4 1 1 
1 50 10 21 12 1 3 
4 60 32 1 1 
12 43 31 12 
20 24 26 2 6 8 3 4 1 1 1 2 
2 59 9 15 13 
1 70 27 
1 7 57 3 10 9 10 1 
2 66 30 
1 61 3 17 9 6 1 
72 24 1 1 
13 18 19 28 18 2 
1 2 35 50 7 3 
1 59 3 18 4 9 1 2 1 
5 17 13 57 4 2 
1 34 22 12 12 4 10 3 
1 89 7 1 
5 91 1 1 
13 16 69 
1 38 37 21 1 
8 60 18 3 4 2 3 
1 30 1 52 13 1 
6 74 15 3 
38 25 15 6 4 4 6 
96 2 
3 23 10 23 23 5 5 1 3 2 
6 11 61 1 16 2 1 
50 16 27 2 3 
1 3 82 10 2 
1 77 5 15 
1 73 18 4 2 
2 56 38 2 
2 54 6 14 5 3 8 3 1 2 
61 36 1 
37 45 16 
1 16 70 6 5 
1 38 20 33 6 
5 73 20 
2 76 18 2 
2 59 30 2 3 2 
2 12 68 4 1 7 2 1 1 
4 58 14 10 12 
1 40 23 16 12 1 3 1 1 
5 24 6 31 12 14 6 
4 42 14 37 1 
2 91 1 4 
1 20 38 6 6 1 3 4 4 6 5 1 3 
2 47 10 37 2 
5 87 6 
2 20 56 14 6 
1 22 75 
73 25 
5 58 35 
1 9 26 11 8 16 25 1 1 
1 74 23 
2 29 49 3 11 3 1 
1 89 6 2 
4 13 12 69 
1 59 16 12 2 6 1 1 
1 41 49 3 1 2 1 
2 96 
1 35 62 
5 15 44 6 21 1 6 
5 25 37 29 2 
1 9 45 41 1 1 
2 70 5 8 11 2 
1 53 5 3 5 31 
44 27 17 2 3 5 
3 64 2 27 2 
2 1 67 22 2 3 1 
1 31 43 14 4 3 2 
1 79 11 6 1 
57 38 3 
1 84 1 1 10 1 
4 56 38 
1 7 16 24 19 13 4 3 5 5 1 
10 84 1 2 1 
39 45 1 7 2 2 1 1 
4 47 11 15 7 5 6 1 2 
1 69 19 7 1 1 
3 29 26 38 1 1 
31 54 8 3 2 
1 93 4 
98 
98 
1 64 2 3 20 7 1 
1 58 16 20 3 
12 83 1 1 1 
5 85 1 4 1 2 
57 15 26 
1 40 9 28 19 1 
4 38 2 16 23 9 4 2 
2 56 13 8 11 6 2 
7 38 22 26 1 3 1 
1 36 10 22 16 2 1 8 1 1 
1 45 7 24 5 7 9 
1 17 10 56 5 7 2 
1 37 13 10 20 11 1 4 1 
2 53 28 13 2 
10 81 7 
1 73 11 9 4 
1 71 16 7 2 1 
1 69 25 2 1 
1 81 11 2 2 1 
2 67 11 11 6 1 
1 67 1 29 
24 24 39 5 3 1 1 1 
1 29 35 10 6 5 3 4 5 
3 36 27 31 1 
1 65 32 
1 81 2 6 2 3 2 1 
1 3 19 17 49 6 3 
1 74 14 1 8 
12 70 16 
1 50 47 
1 9 9 1 39 17 6 16 
1 64 25 2 6 
14 18 49 5 3 9 
2 96 
7 27 3 35 3 16 3 4 
35 20 18 23 2 
4 83 4 2 3 1 1 
1 24 53 2 11 4 2 1 
3 46 23 10 6 8 2 
89 8 1 
1 93 2 2 
1 18 54 10 12 2 1 
3 95 
2 73 20 3 
1 9 88 
4 22 59 11 2 
2 88 5 2 1 
6 61 5 8 13 2 2 1 
54 43 1 
97 1 
4 52 26 9 6 1 
1 70 6 20 1 
1 42 23 6 5 12 2 4 3 
9 14 52 8 15 
3 73 22 
19 2 13 31 15 12 6 
9 63 19 4 1 2 
65 8 18 3 4 
1 6 65 2 8 10 5 1 
2 42 22 2 30 
5 46 47 
1 13 58 21 4 1 
98 
1 6 19 26 22 2 18 3 1 
3 48 35 4 2 3 3 
3 68 21 6 
11 7 22 1 22 27 4 3 1 
1 2 30 13 40 9 3 
2 90 5 1 
44 19 8 14 13 
1 60 30 3 1 3 
27 40 31 
8 70 12 4 4 
1 51 37 5 3 1 
1 32 6 41 15 2 1 
6 12 79 1 
2 79 9 1 7 
30 63 5 
3 78 7 6 4 
3 17 6 40 12 20 
1 64 29 4 
1 45 27 3 11 4 5 1 1 
1 73 23 1 
4 41 38 5 1 9 
3 89 5 1 
2 81 15 
14 23 11 36 3 1 6 3 1 
12 6 26 16 30 5 1 2 
1 3 50 8 30 1 1 2 2 
43 47 5 3 
1 71 8 18 
3 36 26 31 2 
5 70 7 16 
11 11 41 7 24 2 2 
1 48 22 15 1 5 1 5 
1 3 92 2 
1 30 55 9 1 1 1 
1 18 40 2 14 23 
1 79 4 12 1 1 
1 67 29 1 
36 10 40 11 1 
1 85 9 2 1 
6 31 11 22 10 15 1 2 
1 12 61 1 18 4 1 
8 41 19 14 16 
69 12 7 9 1 
34 63 1 
96 1 1 
2 78 14 4 
4 57 10 6 21 
2 1 31 15 30 3 13 2 1 
1 47 3 13 13 4 1 4 6 5 1 
2 69 7 11 6 2 1 
3 45 5 11 22 12 
1 31 13 6 4 17 24 1 1 
3 60 35 
21 34 38 4 1 
2 94 2 
7 9 31 2 22 8 16 2 1 
7 88 2 1 
98 
21 13 64 
41 42 2 3 10 
8 60 6 17 7 
17 38 15 3 12 4 3 6 
78 17 1 2 
14 46 1 37 
3 54 39 1 1 
2 30 51 9 2 1 3 
5 2 27 10 21 4 15 11 2 1 
2 67 8 18 2 1 
16 56 15 7 2 2 
25 12 24 25 9 1 2 
1 87 3 1 1 1 2 1 1 
1 26 10 36 23 2 
2 83 10 3 
3 14 19 2 15 6 26 3 5 3 2 
25 12 2 49 9 1 
77 15 4 2 
4 11 19 9 37 16 1 1 
1 97 
2 25 68 2 1 
1 18 59 7 6 7 
9 75 12 2 
2 90 6 
1 49 40 8 
5 46 13 26 8 
1 86 7 3 1 
5 39 18 13 7 10 6 
42 9 43 2 1 1 
13 24 19 10 10 15 2 4 1 
66 20 5 6 1 
1 79 4 8 3 2 1 
2 53 9 5 16 6 3 1 1 2 
1 86 6 3 1 1 
6 42 9 9 29 1 2 
1 23 1 50 15 3 4 1 
1 43 24 3 12 11 1 1 2 
3 36 28 26 1 1 1 1 1 
3 10 49 16 13 1 3 1 1 1 
41 57 
62 29 7 
1 40 35 13 9 
3 87 6 1 1 
3 41 53 1 
1 62 13 22 
3 38 9 33 11 1 3 
1 83 14 
2 78 3 11 4 
1 36 29 5 8 3 16 
26 45 20 3 2 2 
3 62 10 7 9 4 2 1 
96 2 
3 44 18 28 1 2 1 1 
1 59 33 5 
4 71 23 
58 40 
2 20 24 1 27 4 7 10 3 
1 94 3 
2 27 52 5 5 1 1 2 1 1 1 
6 45 10 34 2 1 
2 93 2 1 
1 47 34 14 1 1 
2 4 70 16 1 3 1 1 
1 85 9 2 1 
27 55 7 2 2 2 1 1 1 
80 2 1 14 1 
1 84 7 2 3 1 
4 26 13 21 13 16 2 1 1 1 
9 34 30 4 6 15 
2 4 89 3 
1 7 54 6 7 9 3 2 8 1 
1 57 17 3 4 11 4 1 
1 78 18 1 
1 67 24 1 5 
9 18 36 25 3 6 1 
1 82 10 1 2 1 1 
1 74 20 2 1 
1 40 38 11 8 
2 40 8 4 32 2 5 5 
6 26 64 2 
11 15 9 51 12 
15 40 24 16 2 1 
4 14 5 34 34 5 2 
1 86 3 8 
79 14 2 2 1 
1 38 32 18 2 2 3 2 
7 29 37 21 2 2 
13 15 62 3 4 1 
3 63 32 
2 65 4 26 1 
1 62 32 2 1 
7 13 65 9 4 
5 38 17 7 4 8 14 3 1 1 
1 20 5 40 25 5 1 1 
2 84 4 7 1 
1 41 44 4 5 2 1 
1 95 2 
1 24 50 20 3 
1 22 10 60 1 2 2 
2 63 7 4 22 
7 71 10 4 6 
3 13 69 5 8 
1 43 25 5 16 1 6 1 
8 71 19 
1 81 16 
1 69 14 9 3 2 
4 64 8 11 3 6 2 
1 55 15 10 15 2 
21 60 17 
49 19 30 
1 38 12 22 2 2 7 7 3 3 1 
63 24 7 2 2 
1 70 14 5 5 1 2 
72 12 14 
1 31 53 9 1 2 1 
5 37 26 25 5 
8 83 7 
10 63 7 14 1 2 1 
9 31 47 2 4 2 3 
3 47 14 25 6 1 2 
8 68 22 
2 40 7 19 30 
20 16 14 34 2 1 3 8 
2 6 48 11 20 5 6 
1 4 89 1 3 
1 24 65 7 1 
59 28 8 1 1 1 
1 40 15 7 19 12 3 1 
3 9 65 8 5 2 3 3 
2 11 39 22 9 12 3 
2 83 11 2 
1 42 25 25 2 1 2 
1 22 36 16 12 6 5 
80 11 7 
5 1 19 44 19 5 3 2 
29 67 2 
1 41 49 3 1 1 2 
17 72 6 2 1 
13 31 40 5 8 1 
1 29 55 9 4 
2 63 8 2 10 2 5 6 
3 4 23 9 30 27 2 
1 65 32 
98 
1 18 42 6 18 3 3 7 
2 84 2 1 3 1 2 1 1 1 
2 82 10 4 
2 56 32 8 
1 81 2 13 1 
1 7 10 33 45 2 
1 85 8 1 1 2 
1 74 14 5 3 1 
1 75 9 6 2 3 2 
2 44 18 1 11 19 3 
1 12 32 9 1 1 9 8 10 12 3 
1 77 14 3 2 1 
4 46 17 24 7 
84 13 1 
98 
2 40 56 
97 1 
76 17 1 2 2 
1 8 16 19 17 25 7 4 1 
1 13 55 14 6 1 6 2 
1 64 15 6 10 2 
7 43 14 21 2 5 5 1 
2 93 3 
2 53 6 35 2 
1 57 27 8 5 
3 59 19 16 1 
1 42 19 20 8 4 3 1 
7 88 1 1 1 
2 59 11 10 6 6 1 1 2 
1 35 19 38 2 1 1 1 
1 63 34 
9 21 32 19 9 3 1 4 
1 96 1 
4 25 14 52 3 
3 44 11 27 5 2 2 2 2 
1 31 13 34 3 6 3 7 
76 10 7 3 1 1 
1 92 3 2 
6 30 13 36 4 9 
2 9 85 1 1 
1 90 7 
8 55 4 15 10 6 
1 47 28 17 2 3 
70 4 10 8 5 1 
6 69 3 2 5 1 12 
1 52 38 3 2 1 1 
1 44 45 3 2 1 1 1 
11 23 31 14 1 8 9 1 
82 6 9 1 
42 6 21 28 1 
1 81 11 1 3 1 
53 24 20 1 
3 14 9 70 2 
39 47 4 4 2 1 1 
1 30 6 13 28 1 13 3 3 
2 11 57 19 4 5 
4 94 
6 16 17 24 23 3 4 1 3 1 
1 40 7 38 12 
1 54 42 1 
34 57 7 
2 72 8 3 5 3 3 1 1 
7 10 54 26 1 
11 5 42 24 1 1 11 1 1 1 
5 10 35 40 2 3 3 
1 24 67 5 1 
16 18 54 2 8 
1 74 16 3 4 
1 30 11 55 1 
2 74 22 
17 1 58 11 10 1 
52 31 15 
1 75 8 13 1 
1 96 1 
1 19 40 28 5 1 3 1 
3 50 23 13 4 2 2 1 
2 50 8 32 4 2 
2 94 2 
21 54 14 7 2 
90 7 1 
1 56 34 2 4 1 
1 3 20 61 4 4 1 3 1 
3 52 28 14 1 
23 3 67 5 
1 28 49 1 7 5 5 2 
2 42 12 31 1 1 5 3 1 
1 44 49 3 1 
2 91 5 
5 84 9 
1 43 29 17 1 1 2 1 2 1 
2 83 10 2 1 
1 96 1 
4 37 8 2 32 14 1 
1 63 29 1 3 1 
2 35 2 15 4 21 10 9 
1 70 23 1 1 2 
4 4 40 42 6 2 
51 20 7 10 4 4 2 
1 2 20 33 30 12 
1 62 23 6 6 
96 1 1 
2 46 50 
1 47 4 25 20 1 
1 17 79 1 
1 80 12 1 4 
7 8 48 16 17 1 1 
7 81 4 6 
4 42 1 50 1 
2 71 22 3 
2 3 59 18 7 4 5 
4 55 36 2 1 
21 73 4 
1 14 22 45 5 3 2 5 1 
9 48 36 1 1 3 
1 90 6 1 
1 45 48 4 
2 2 66 18 10 
2 17 21 58 
3 13 48 7 16 3 3 1 1 1 2 
98 
1 96 1 
17 48 31 1 1 
2 28 63 3 1 1 
4 62 12 17 3 
1 67 12 11 7 
1 32 17 32 15 1 
1 87 1 7 2 
1 43 54 
6 90 2 
20 9 27 33 4 5 
3 29 44 21 1 
1 60 5 29 1 2 
1 88 6 1 1 1 
46 21 6 22 3 
1 87 10 
2 75 15 2 4 
1 93 4 
6 18 59 3 8 4 
7 75 3 9 4 
89 3 4 1 1 
1 89 6 1 1 
4 70 18 4 2 
4 77 6 8 3 
1 88 9 
1 15 50 26 3 1 2 
3 34 3 50 5 2 1 
71 7 16 3 1 
2 21 66 9 
2 14 7 20 7 46 2 
3 9 40 10 3 24 5 4 
71 24 3 
1 61 18 11 5 1 1 
1 55 41 1 
2 64 12 13 3 4 
1 97 
50 1 33 9 2 2 1 
5 16 30 23 1 10 7 1 5 
1 41 47 7 1 1 
1 87 4 1 3 2 
87 7 1 2 1 
58 13 11 12 1 1 1 1 
1 95 2 
2 46 15 7 23 4 1 
20 59 19 
1 91 2 1 2 1 
1 29 24 35 5 3 1 
5 77 9 6 1 
14 71 3 4 3 3 
3 88 4 3 
20 20 13 40 2 3 
4 67 27 
2 64 32 
1 61 15 11 6 3 1 
1 95 1 1 
5 35 16 36 3 3 
1 17 31 25 6 4 4 2 5 2 1 
1 33 38 18 6 2 
2 75 18 1 2 
1 41 13 39 2 2 
1 95 2 
65 30 2 1 
2 16 26 30 20 4 
92 3 3 
2 40 37 7 5 6 1 
29 1 19 9 13 26 1 
34 1 48 6 9 
1 39 42 4 12 
1 67 13 15 1 1 
3 70 1 7 3 1 11 1 1 
2 65 20 6 2 1 1 1 
7 51 36 1 3 
3 92 1 1 1 
15 53 12 12 6 
5 34 17 41 1 
3 51 3 11 25 4 1 
92 1 5 
2 95 1 
1 19 29 2 36 3 6 2 
79 6 10 2 1 
2 5 11 69 6 1 4 
1 76 21 
1 83 14 
16 47 2 12 16 3 1 1 
3 94 1 
66 14 13 4 1 
1 92 5 
15 64 19 
1 32 18 38 5 4 
1 33 10 33 6 5 5 2 1 2 
14 62 5 3 13 1 
1 22 53 5 11 4 1 1 
14 25 17 21 21 
2 78 6 8 2 1 1 
8 37 40 7 1 1 4 
1 96 1 
10 4 23 11 10 12 9 6 4 7 2 
3 93 1 1 
47 21 16 9 2 1 2 
1 26 22 38 2 8 1 
83 2 5 7 1 
4 73 14 2 1 3 1 
6 41 19 23 4 3 1 1 
4 43 31 18 1 1 
55 31 1 9 1 1 
2 21 6 1 2 50 12 2 1 1 
16 77 4 1 
1 82 15 
1 72 24 1 
1 53 27 13 1 1 1 1 
1 35 54 4 3 1 
84 4 2 1 7 
1 93 4 
1 14 6 11 9 8 8 9 2 17 7 5 1 
1 6 51 5 9 8 12 1 3 1 1 
13 84 1 
3 62 1 19 3 6 4 
5 81 5 5 1 1 
1 32 4 4 18 1 18 13 7 
1 91 1 3 1 1 
87 10 1 
66 32 
1 11 51 18 14 2 1 
1 61 17 14 5 
32 63 2 1 
76 6 16 
3 10 4 61 9 8 3 
15 51 26 6 
37 53 2 5 1 
50 24 18 1 4 1 
15 15 15 19 11 1 3 9 10 
3 58 29 3 3 1 1 
3 12 31 14 8 19 1 3 5 1 1 
2 50 3 12 30 1 
1 88 3 1 5 
1 93 4 
12 41 17 28 
19 78 1 
7 65 10 10 4 2 
1 41 1 55 
2 29 59 8 
97 1 
2 68 14 5 4 4 1 
1 12 85 
1 2 11 81 2 1 
84 6 6 2 
8 57 32 1 
2 74 1 11 7 2 1 
1 50 24 19 4 
92 6 
4 84 10 
2 70 23 3 
1 37 19 22 6 10 1 2 
38 55 5 
22 72 4 
39 18 35 3 2 1 
1 65 6 18 2 5 1 
6 75 17 
1 27 4 7 44 5 4 3 2 1 
1 76 6 14 1 
10 57 31 
1 61 24 10 2 
30 29 13 19 6 1 
10 6 29 36 9 2 3 2 1 
3 68 18 2 4 1 2 
1 50 16 12 9 4 2 4 
1 88 8 1 
9 38 47 1 3 
5 67 9 2 5 1 9 
2 32 1 14 21 22 4 1 1 
1 80 11 5 1 
1 16 13 40 15 4 2 7 
1 41 56 
34 2 30 27 4 1 
1 65 6 9 7 2 2 3 2 1 
1 26 13 31 6 13 1 4 3 
2 26 3 61 6 
4 80 9 2 3 
1 57 25 9 1 1 4 
1 54 18 19 2 3 1 
8 72 15 3 
1 51 43 1 2 
9 72 17 
2 53 4 28 4 3 4 
1 69 6 7 14 1 
1 9 77 4 3 2 1 1 
1 86 2 2 1 6 
1 73 23 1 
98 
2 43 13 5 12 23 
14 9 61 6 2 1 2 1 1 1 
1 26 61 8 2 
6 80 1 8 2 1 
11 2 26 45 13 1 
1 10 87 
1 36 8 18 16 3 9 7 
1 1 96 
8 6 19 51 4 5 1 1 1 1 1 
12 31 49 5 1 
1 80 17 
7 60 2 3 14 12 
2 38 58 
86 5 2 3 1 1 
4 55 39 
1 30 67 
13 9 37 10 11 17 1 
1 66 31 
1 94 1 1 1 
2 13 36 20 8 11 3 2 1 2 
2 56 8 23 3 5 1 
2 77 2 3 2 10 1 1 
1 19 17 43 9 8 1 
1 77 14 1 3 1 1 
4 54 29 10 1 
4 17 77 
1 9 1 43 28 14 1 1 
2 14 51 14 8 2 4 2 1 
3 88 5 2 
1 46 13 1 13 9 1 2 6 2 4 
4 30 34 28 2 
4 77 5 10 1 1 
97 1 
2 92 1 3 
2 49 6 17 21 3 
64 12 8 1 6 7 
3 42 30 8 8 6 1 
1 16 7 26 4 6 18 7 6 1 1 2 1 2 
1 60 35 2 
2 70 26 
18 3 26 29 8 5 6 2 1 
66 20 10 2 
23 27 43 5 
16 34 6 38 3 1 
2 5 53 11 24 2 1 
8 79 6 2 3 
2 44 28 11 2 7 4 
8 79 10 1 
1 52 20 6 11 5 3 
1 45 17 8 20 3 4 
1 34 1 40 14 6 1 1 
2 29 22 35 7 1 2 
1 61 3 23 1 8 1 
1 29 24 44 
6 65 27 
91 4 1 2 
2 91 5 
69 18 7 1 3 
3 3 47 25 6 6 8 
1 82 15 
2 51 40 3 1 1 
66 12 1 15 1 1 2 
42 55 1 
1 94 3 
1 60 22 2 2 4 6 1 
6 29 41 12 2 2 5 1 
1 42 24 14 8 6 1 2 
14 34 25 13 11 1 
87 7 1 1 1 1 
1 73 24 
1 83 13 1 
1 60 28 1 7 1 
8 37 4 36 9 1 1 2 
27 27 6 5 32 1 
5 92 1 
1 58 23 13 1 2 
2 1 42 49 2 2 
1 58 23 1 2 10 2 1 
1 38 59 
7 68 15 1 3 2 1 1 
1 83 13 1 
3 35 16 35 8 1 
4 21 47 2 5 14 2 2 1 
6 85 7 
1 33 36 27 1 
20 42 1 25 7 3 
17 22 45 1 3 2 6 2 
1 55 42 
2 1 84 6 2 2 1 
39 40 19 
1 68 26 3 
3 5 10 47 20 6 6 1 
1 30 8 38 8 6 5 2 
3 23 6 40 13 6 1 6 
1 59 37 1 
2 11 10 7 8 20 20 10 5 5 
1 80 11 3 2 1 
1 7 75 11 4 
2 77 11 6 1 1 
17 8 54 6 13 
1 36 4 18 8 7 3 18 1 2 
1 73 21 2 1 
1 59 9 9 10 5 1 4 
5 87 6 
98 
3 56 22 2 10 1 2 1 1 
4 82 1 1 6 1 2 1 
11 45 18 1 1 1 21 
1 69 9 7 12 
10 34 7 29 18 
13 52 22 1 5 4 1 
1 57 7 27 4 2 
1 9 52 12 1 6 7 10 
2 50 42 2 1 1 
4 19 65 2 2 2 2 2 
20 28 49 1 
3 91 3 1 
1 58 2 1 8 14 6 1 3 1 3 
2 53 13 20 10 
3 67 28 
5 24 39 26 2 2 
5 16 74 2 1 
2 92 2 2 
26 24 25 16 7 
1 16 81 
46 2 20 27 1 1 1 
1 90 7 
1 46 26 10 15 
58 9 10 15 4 2 
8 89 1 
1 80 17 
10 9 42 6 24 4 2 1 
17 40 5 21 8 6 1 
7 89 1 1 
1 41 56 
17 25 21 8 25 2 
6 53 39 
2 93 2 1 
1 25 13 21 1 15 11 10 1 
1 80 6 1 4 2 2 2 
1 30 20 10 12 19 6 
5 54 38 1 
2 79 17 
46 52 
1 62 34 1 
10 7 10 58 5 2 6 
14 5 60 4 5 8 1 1 
98 
23 18 9 35 11 1 1 
3 30 59 2 3 1 
13 67 17 1 
91 7 
1 86 11 
32 8 8 26 19 4 1 
96 1 1 
3 91 3 1 
8 58 23 6 1 2 
1 26 27 17 5 3 4 4 6 2 1 1 1 
2 58 6 20 2 10 
2 27 15 24 30 
3 7 56 19 10 2 1 
86 9 3 
3 49 35 7 4 
17 62 4 2 4 9 
51 20 24 2 1 
1 9 29 1 28 6 2 4 11 7 
83 2 11 1 1 
1 19 61 14 3 
1 24 35 16 20 1 1 
1 88 9 
1 34 55 8 
2 85 6 1 3 1 
1 89 3 5 
1 83 12 2 
12 4 18 52 1 5 1 1 3 1 
4 36 21 32 3 2 
1 60 17 4 2 4 4 3 3 
1 92 5 
1 49 14 27 1 4 2 
2 22 53 1 12 1 3 3 1 
5 19 34 7 6 3 12 9 3 
9 87 2 
1 11 63 17 6 
1 35 13 10 24 9 3 3 
26 60 8 3 1 
1 36 4 22 35 
1 53 19 10 11 3 1 
85 3 9 1 
2 56 40 
22 48 28 
2 55 27 11 1 2 
32 8 26 26 3 1 2 
1 18 64 10 2 1 1 1 
4 54 40 
77 5 16 
3 9 5 71 10 
6 55 29 5 2 1 
1 87 9 1 
41 13 19 3 19 1 2 
27 39 19 1 12 
13 5 67 8 1 3 1 
97 1 
45 40 2 5 6 
1 34 39 17 7 
1 28 14 46 9 
3 23 24 31 15 2 
1 57 40 
8 53 18 6 6 3 1 3 
1 41 56 
68 3 4 8 2 4 6 2 1 
4 53 18 23 
98 
1 61 19 5 6 1 2 3 
2 20 10 23 1 10 27 3 2 
3 74 18 1 2 
46 8 9 32 1 1 1 
3 41 29 16 5 1 1 1 1 
1 89 4 4 
20 65 11 2 
2 14 20 26 6 26 4 
2 41 4 41 3 5 2 
19 42 28 9 
2 23 29 30 14 
1 12 25 26 6 1 22 2 3 
1 78 15 1 3 
2 76 19 1 
2 6 31 16 8 35 
1 60 7 1 3 14 1 2 4 1 2 1 1 
3 5 39 10 4 9 7 3 3 1 4 3 1 4 2 
2 24 43 17 12 
2 1 88 7 
18 52 21 3 3 1 
7 65 12 2 6 2 2 1 1 
13 57 12 14 2 
18 49 18 5 1 1 6 
48 6 34 2 7 1 
12 41 21 19 3 2 
1 74 23 
1 45 12 32 6 1 1 
28 59 4 5 2 
3 19 17 6 20 5 19 3 1 2 1 2 
2 7 2 10 70 7 
2 60 16 3 14 2 1 
1 6 88 3 
1 87 2 5 1 2 
1 21 52 12 11 1 
1 96 1 
60 2 25 5 5 1 
51 28 8 6 1 1 2 1 
1 19 54 17 1 1 5 
27 57 10 1 2 1 
1 90 1 4 1 1 
19 37 8 11 10 9 4 
2 69 11 12 4 
7 45 1 31 6 8 
82 2 1 4 4 2 3 
1 75 18 1 1 2 
1 93 2 1 1 
47 14 22 11 4 
2 54 3 6 7 2 16 3 3 1 1 
1 5 58 8 20 3 2 1 
1 62 17 16 1 1 
1 55 10 8 3 11 9 1 
5 32 28 23 4 1 5 
2 9 76 8 1 2 
1 67 16 14 
2 73 3 4 11 1 4 
36 60 1 1 
9 72 2 7 8 
1 56 41 
1 2 51 43 1 
2 5 72 17 2 
2 84 4 6 2 
4 74 19 1 
9 66 19 2 2 
7 62 12 1 13 3 
3 4 3 21 23 28 3 11 2 
3 75 3 1 3 5 4 3 1 
1 28 68 1 
64 31 3 
1 45 44 6 1 1 
91 7 
1 87 2 7 1 
3 14 1 74 1 5 
11 27 41 12 7 
1 25 32 14 13 13 
39 24 35 
6 73 9 2 2 5 1 
5 18 19 6 21 19 10 
6 47 9 21 2 4 5 2 1 1 
2 72 21 1 1 1 
2 61 2 30 3 
12 5 44 14 5 6 5 6 1 
1 16 57 5 3 1 1 8 3 2 1 
1 26 44 15 12 
30 23 14 19 4 8 
41 57 
11 85 2 
1 82 3 12 
7 38 21 28 1 2 1 
4 45 9 8 14 11 7 
7 78 6 6 1 
92 2 4 
3 20 42 25 4 3 1 
7 64 3 2 13 7 2 
1 27 8 9 46 6 1 
1 16 26 48 1 3 3 
51 33 14 
2 51 30 5 7 1 2 
2 8 29 58 1 
4 57 18 16 3 
42 22 2 24 5 2 1 
7 37 19 25 3 2 4 1 
5 26 45 13 2 3 1 3 
54 39 3 1 1 
17 14 61 6 
1 36 40 13 4 1 2 1 
1 47 8 19 9 11 2 1 
2 35 51 4 1 1 3 1 
11 86 1 
1 1 32 58 1 5 
1 94 1 1 1 
1 67 13 3 11 3 
1 75 22 
89 1 1 1 1 1 1 2 1 
35 27 20 2 14 
1 23 17 33 12 10 2 
1 17 56 14 7 3 
2 58 24 5 1 2 3 2 1 
2 58 5 10 4 10 5 3 1 
1 10 69 11 3 4 
8 8 26 14 34 4 2 2 
3 60 24 2 9 
5 17 41 22 6 4 2 1 
76 6 6 4 2 1 3 
1 41 18 24 7 2 1 2 2 
6 40 46 1 5 
1 73 24 
30 53 5 8 2 
47 30 4 11 3 3 
24 45 22 1 6 
1 12 15 60 4 3 1 1 1 
3 6 76 2 3 2 3 3 
1 4 59 10 13 1 1 2 6 1 
7 73 11 5 2 
1 39 27 27 3 1 
2 42 41 6 2 4 1 
9 83 2 1 3 
1 27 64 4 2 
10 52 28 7 1 
43 28 7 7 1 2 4 3 2 1 
1 63 13 8 1 9 1 1 1 
1 80 13 1 2 1 
1 5 52 5 4 6 3 13 9 
3 88 6 1 
6 32 2 52 2 4 
48 34 11 3 2 
1 64 25 1 1 2 3 1 
26 68 4 
57 21 18 1 1 
1 86 8 1 1 1 
32 58 8 
1 39 12 30 12 1 1 1 1 
71 15 11 1 
1 90 7 
1 41 25 28 3 
40 17 27 3 11 
1 52 31 14 
1 59 24 10 2 2 
1 4 38 52 2 1 
1 64 4 29 
13 43 42 
2 56 37 2 1 
3 53 16 24 2 
16 18 16 21 27 
34 56 2 1 2 1 2 
1 53 31 3 4 3 1 2 
1 33 63 1 
24 45 12 2 1 5 3 3 1 2 
2 2 67 17 6 1 1 1 1 
31 34 32 1 
1 43 7 9 23 5 10 
1 86 2 5 4 
5 50 28 6 9 
2 89 6 1 
8 88 2 
1 72 3 12 3 7 
1 76 21 
14 61 16 5 2 
1 43 53 1 
6 90 2 
1 2 85 9 1 
1 12 23 23 21 8 9 1 
1 14 18 6 14 20 14 2 2 1 3 1 2 
1 81 3 2 7 2 1 1 
3 45 46 2 2 
1 76 2 16 3 
2 29 65 2 
5 36 27 4 6 2 4 3 3 1 4 1 2 
95 3 
1 88 9 
1 63 34 
6 37 39 5 3 1 4 3 
1 12 83 2 
1 97 
1 94 1 2 
1 10 80 5 2 
4 36 4 35 9 9 1 
1 64 13 17 3 
19 41 21 5 6 3 1 2 
1 7 10 35 25 15 5 
10 46 32 8 1 1 
4 11 45 10 22 4 1 1 
24 34 1 39 
1 3 30 44 3 17 
1 86 10 1 
6 63 25 4 
3 69 18 3 1 2 2 
1 82 6 4 5 
10 14 73 1 
1 74 6 8 9 
4 49 7 4 34 
3 26 10 58 1 
1 56 34 3 4 
7 81 10 
3 22 36 6 31 
2 79 7 3 6 1 
1 40 37 7 13 
1 47 45 2 2 1 
4 67 27 
3 1 51 16 26 1 
1 34 10 10 7 22 1 2 2 9 
7 13 10 17 14 24 11 1 1 
5 60 10 10 3 2 5 2 1 
24 63 3 1 4 2 1 
1 65 32 
2 44 36 1 1 1 2 11 
3 52 24 19 
22 63 12 1 
79 7 2 6 1 2 1 
5 69 24 
3 35 21 6 27 4 2 
22 43 4 9 19 1 
4 71 22 1 
46 34 10 1 6 1 
1 70 26 1 
16 65 16 1 
1 57 4 18 1 13 1 3 
2 45 32 17 1 1 
1 26 68 1 1 1 
17 62 14 2 1 2 
1 25 45 18 5 4 
3 38 18 12 2 24 1 
38 52 7 1 
1 75 19 3 
2 35 53 1 5 1 1 
15 55 20 4 4 
1 96 1 
1 92 3 1 1 
38 49 11 
2 31 53 10 1 1 
1 84 6 6 1 
5 54 26 8 3 1 1 
2 75 7 12 2 
66 10 4 10 4 1 3 
21 51 22 3 1 
6 20 72 
1 9 87 1 
3 11 82 1 1 
9 80 4 2 2 1 
1 15 25 48 5 4 
1 84 13 
9 25 34 8 2 15 2 2 1 
14 22 51 5 2 4 
1 42 33 11 1 7 2 1 
2 3 9 9 2 25 35 4 1 2 6 
98 
77 12 1 1 4 2 1 
2 13 28 41 5 2 4 2 1 
2 34 39 4 19 
2 51 20 3 13 2 3 2 1 1 
1 12 45 14 15 10 1 
3 32 19 1 25 16 1 1 
7 62 19 9 1 
2 14 54 5 16 1 5 1 
2 59 35 2 
