1 38 9 31 17 3 
3 79 3 2 3 8 1 
4 31 47 10 4 3 
1 27 38 31 1 1 
10 18 28 38 3 1 1 
1 22 34 28 6 7 1 
1 32 3 50 2 2 4 3 2 
1 49 7 16 22 1 3 
6 41 41 1 6 2 2 
48 23 26 1 1 
2 72 15 10 
1 61 35 1 1 
82 14 3 
3 23 32 25 13 3 
98 1 
3 85 8 3 
6 91 1 1 
12 33 49 4 1 
1 21 19 58 
7 12 30 28 11 4 5 1 1 
4 6 22 17 34 16 
1 94 4 
2 44 52 1 
1 92 3 1 2 
6 4 8 13 19 37 6 3 1 1 1 
8 1 20 43 2 16 6 3 
1 98 
16 66 11 5 1 
1 26 10 13 19 4 18 6 2 
1 65 33 
1 89 8 1 
18 68 10 1 1 1 
1 57 24 15 2 
1 38 3 28 29 
3 5 12 58 16 3 2 
1 58 38 1 1 
51 20 1 20 5 1 1 
1 48 31 18 1 
1 38 5 14 5 26 7 2 1 
43 4 3 6 20 15 4 1 2 1 
2 60 17 12 7 1 
2 78 19 
10 11 29 20 19 10 
21 11 32 31 4 
9 23 11 45 9 1 1 
1 28 47 23 
26 8 37 23 1 2 2 
1 58 19 20 1 
2 29 14 7 19 26 2 
7 56 36 
1 76 13 2 3 1 1 2 
19 41 26 12 1 
65 11 17 5 1 
1 74 8 15 1 
1 66 2 1 2 13 2 3 1 3 1 2 1 1 
1 20 6 8 42 2 13 7 
1 34 60 3 1 
43 13 18 2 5 6 3 5 1 2 1 
5 62 30 2 
19 16 1 20 14 6 14 1 3 5 
21 45 7 5 8 10 3 
31 59 8 1 
1 75 1 1 15 3 2 1 
1 97 1 
94 5 
1 83 15 
15 12 72 
1 31 20 32 12 3 
1 38 58 1 1 
1 91 1 4 2 
42 14 32 9 2 
1 29 13 10 14 6 6 10 7 3 
26 50 19 3 1 
4 50 6 3 8 22 4 1 1 
5 2 29 9 14 32 7 1 
9 13 8 23 33 4 2 1 2 1 1 2 
91 4 4 
1 98 
19 30 17 10 14 3 4 1 1 
7 68 17 4 1 1 1 
28 7 54 1 2 4 3 
1 19 62 11 6 
2 95 2 
1 6 48 12 9 11 6 4 2 
3 38 50 6 2 
1 76 19 2 1 
4 30 12 48 5 
1 51 6 23 15 3 
3 61 14 4 3 12 2 
1 42 17 10 18 3 3 3 1 1 
89 10 
7 25 27 25 1 12 2 
3 45 31 2 8 8 2 
1 22 15 22 14 6 7 12 
1 1 6 35 36 1 4 3 4 5 2 1 
8 29 36 4 9 2 4 4 1 1 1 
95 2 2 
2 60 37 
1 89 1 5 2 1 
40 27 29 3 
30 14 44 9 1 1 
1 55 39 1 3 
16 20 17 26 14 6 
1 13 77 2 2 3 1 
17 76 6 
4 57 32 1 3 1 1 
96 2 1 
4 77 14 1 1 2 
23 23 9 9 12 5 3 6 8 1 
54 23 11 2 2 3 1 3 
1 51 28 5 4 2 5 3 
3 47 20 6 16 4 3 
99 
1 40 40 4 13 1 
5 93 1 
6 67 18 3 5 
2 53 17 17 8 1 1 
1 91 7 
26 58 9 1 2 1 1 1 
16 47 35 1 
6 17 3 50 19 4 
1 57 5 19 7 6 1 1 2 
2 74 20 3 
1 61 3 7 4 13 7 1 2 
18 15 16 33 5 8 1 3 
1 86 12 
13 31 24 18 13 
83 2 3 5 3 2 1 
4 20 69 6 
1 86 2 4 6 
1 47 36 6 9 
8 57 34 
3 82 13 1 
2 10 85 1 1 
10 64 19 4 2 
3 73 4 4 1 6 8 
4 31 8 53 1 2 
1 88 9 1 
8 38 4 30 13 4 1 1 
1 62 13 8 3 6 3 1 2 
55 35 8 1 
2 68 6 16 7 
11 74 14 
1 39 32 17 10 
2 77 12 2 6 
4 51 29 2 13 
13 45 41 
1 32 36 4 20 6 
2 74 17 2 4 
1 49 27 14 5 3 
1 53 27 12 1 4 1 
1 13 42 31 9 1 2 
2 13 15 4 15 32 8 9 1 
1 60 37 1 
32 55 10 2 
1 14 81 1 1 1 
4 39 7 27 12 1 1 7 1 
1 8 79 6 3 1 1 
1 85 7 4 2 
2 56 41 
1 65 17 7 1 8 
2 80 6 1 7 2 1 
5 68 25 1 
1 39 36 6 3 5 2 3 3 1 
10 76 13 
2 84 1 3 7 1 1 
1 62 7 18 4 5 1 1 
16 66 11 3 2 1 
99 
7 86 1 5 
5 74 20 
1 63 3 21 1 10 
22 34 28 13 2 
1 78 15 3 2 
3 78 13 4 1 
6 30 56 3 2 1 1 
3 49 47 
5 51 4 9 8 17 3 2 
1 50 44 1 3 
1 77 21 
19 77 2 1 
1 4 51 6 1 12 8 15 1 
1 75 6 14 2 1 
1 34 7 7 7 19 3 6 1 3 6 2 1 2 
26 31 7 12 10 4 5 3 1 
58 36 3 2 
12 5 20 6 8 9 30 7 1 1 
6 26 35 18 2 5 1 2 2 1 1 
5 66 26 1 1 
1 28 59 10 1 
26 3 48 20 2 
4 60 18 9 8 
26 12 53 5 3 
2 23 6 46 10 12 
1 54 23 16 4 1 
1 91 4 2 1 
1 48 44 5 1 
1 80 12 2 4 
59 25 4 10 1 
8 60 19 9 1 2 
2 81 2 1 12 1 
1 41 49 6 2 
1 88 10 
8 72 12 7 
7 80 1 11 
1 72 14 4 4 4 
1 4 32 21 39 1 1 
20 47 12 4 5 8 1 1 1 
7 27 39 7 13 1 5 
2 26 11 38 16 3 3 
2 63 34 
1 94 3 1 
2 76 18 3 
22 18 31 17 8 3 
1 53 7 30 3 1 4 
6 33 52 1 1 3 1 1 1 
13 81 5 
1 75 23 
15 76 7 1 
1 37 19 35 1 6 
2 43 7 9 6 13 16 1 1 1 
1 34 54 8 1 1 
3 73 6 2 14 1 
2 47 43 7 
1 19 3 46 20 4 5 1 
7 71 15 5 1 
5 69 12 9 4 
4 83 5 1 6 
2 17 77 2 1 
17 66 6 6 2 1 1 
19 12 24 1 8 15 2 14 1 3 
2 7 25 15 30 10 7 2 1 
1 35 55 3 5 
1 67 3 11 17 
3 93 1 1 1 
75 7 17 
55 37 6 1 
4 52 15 5 21 1 1 
1 65 29 3 1 
1 4 90 1 1 1 1 
2 38 34 5 20 
1 65 33 
2 74 15 7 1 
2 15 53 8 7 3 10 1 
1 36 52 4 1 3 1 1 
6 31 32 5 17 1 2 1 4 
5 84 8 2 
40 56 2 1 
2 92 1 4 
59 13 25 1 1 
1 79 11 5 2 1 
1 40 52 4 2 
3 66 5 19 1 5 
3 20 57 13 5 1 
1 29 48 6 7 4 1 1 1 1 
1 22 48 21 7 
3 74 10 6 5 1 
2 54 40 2 1 
7 44 4 14 4 20 1 1 1 3 
8 76 8 4 3 
1 18 70 5 1 4 
1 71 22 3 1 1 
5 79 14 1 
1 89 9 
1 46 4 28 16 2 2 
5 73 8 9 3 1 
1 39 1 10 6 17 17 4 4 
1 7 84 5 1 1 
2 10 66 6 12 3 
1 86 6 5 1 
5 67 6 16 2 3 
1 28 48 16 5 1 
2 89 6 1 1 
3 53 8 33 1 1 
1 39 46 13 
4 39 37 6 13 
3 80 12 2 1 1 
1 39 58 1 
1 18 1 36 43 
1 18 1 43 4 6 8 5 10 2 1 
11 85 3 
1 7 13 7 9 7 3 30 5 2 3 12 
1 73 19 3 2 1 
3 35 14 30 5 4 2 5 1 
1 41 47 6 3 1 
7 6 49 28 7 1 1 
1 88 9 1 
10 80 7 1 1 
10 72 4 12 1 
3 74 9 1 1 5 2 3 1 
1 21 45 29 1 2 
1 76 4 10 2 5 1 
2 96 1 
3 76 9 9 2 
2 60 28 6 2 1 
8 35 39 5 2 5 4 1 
11 77 11 
1 49 11 2 27 4 5 
2 52 24 18 2 1 
8 73 1 13 3 1 
3 47 31 4 9 1 2 1 1 
2 64 32 1 
5 82 8 1 3 
3 51 9 12 10 2 3 8 1 
1 40 12 12 17 17 
93 6 
1 46 13 20 15 3 1 
3 28 33 29 1 3 1 1 
2 59 25 9 4 
69 12 18 
1 72 12 4 5 1 1 1 1 1 
27 72 
4 63 21 4 4 2 1 
95 3 1 
91 4 2 1 1 
1 55 4 37 2 
90 5 3 1 
1 98 
5 6 31 44 8 5 
1 24 37 19 17 1 
74 25 
1 93 5 
1 69 14 6 9 
93 6 
22 17 12 28 18 2 
1 98 
99 
27 15 37 11 6 2 1 
3 66 3 21 3 1 1 1 
23 35 26 9 5 1 
15 62 7 14 1 
93 5 1 
2 47 38 8 1 3 
23 65 7 1 2 1 
4 82 2 6 3 2 
3 56 3 37 
36 63 
1 2 96 
6 26 23 21 22 1 
1 18 36 40 4 
2 65 25 1 3 1 2 
3 70 19 5 1 1 
15 6 59 17 2 
2 44 21 11 16 3 1 1 
1 43 48 5 2 
1 30 66 1 1 
19 52 28 
5 16 42 23 11 1 1 
2 72 16 8 1 
9 81 9 
13 29 45 10 1 1 
7 72 18 1 1 
6 57 18 8 9 1 
1 33 42 17 4 2 
5 56 34 2 1 1 
2 96 1 
3 38 28 19 11 
1 54 8 5 1 12 1 8 5 3 1 
4 53 11 19 1 3 3 1 4 
1 20 39 4 33 2 
6 86 3 1 3 
12 18 64 2 3 
1 57 35 2 2 2 
1 16 28 2 3 14 9 6 15 2 3 
3 83 6 1 2 3 1 
1 92 6 
1 53 8 6 20 2 4 5 
1 19 38 15 25 1 
32 42 6 16 3 
74 15 8 1 1 
1 41 29 26 2 
4 18 37 3 24 2 8 3 
3 74 12 6 1 3 
28 32 37 1 1 
3 86 4 4 2 
24 70 5 
32 6 9 51 1 
7 71 19 2 
2 43 15 14 22 2 1 
16 4 10 30 16 5 8 2 1 4 3 
1 81 17 
1 20 26 21 14 7 5 1 3 1 
1 83 15 
98 1 
1 77 16 2 3 
1 80 4 13 1 
3 4 56 16 14 4 1 1 
1 59 28 3 1 6 1 
1 33 21 43 1 
1 75 9 4 10 
5 71 13 8 2 
1 18 57 22 1 
44 31 20 2 2 
6 1 82 7 3 
6 18 34 2 4 5 12 17 1 
1 26 28 17 9 15 3 
1 6 73 5 1 13 
1 16 67 7 8 
1 73 20 5 
1 88 9 1 
1 57 19 21 1 
13 86 
18 1 79 1 
1 12 30 2 40 3 3 2 1 3 2 
1 19 27 49 2 1 
1 98 
3 64 31 1 
10 80 4 2 3 
71 25 3 
2 18 51 23 1 4 
1 54 34 5 5 
2 59 38 
11 31 57 
1 42 23 20 10 3 
1 46 15 28 6 2 1 
11 86 1 1 
4 76 16 1 2 
1 75 2 5 14 1 1 
1 63 1 6 24 2 1 1 
1 53 42 1 2 
2 62 35 
34 58 7 
1 90 6 2 
3 77 8 4 7 
50 40 3 5 1 
18 67 14 
6 10 13 28 26 13 1 1 1 
1 95 2 1 
4 34 5 9 21 20 5 1 
10 39 47 2 1 
2 20 76 1 
13 28 42 5 2 3 1 3 1 1 
2 33 40 24 
2 88 5 4 
1 57 34 1 5 1 
1 67 20 6 2 1 2 
1 44 54 
2 3 32 18 7 35 1 1 
4 21 35 30 6 2 1 
28 69 1 1 
46 19 28 4 1 1 
6 30 45 13 1 4 
4 64 31 
5 26 67 1 
61 36 2 
1 10 68 16 4 
1 42 53 1 1 1 
21 42 22 8 2 1 3 
2 92 3 2 
1 71 4 16 3 3 1 
2 96 1 
1 58 32 1 1 5 1 
12 74 5 7 1 
8 28 31 15 14 1 1 1 
3 7 12 71 3 2 1 
6 32 21 9 22 8 1 
1 76 2 11 9 
1 2 9 71 11 2 1 2 
1 98 
26 67 2 1 1 2 
2 11 61 25 
2 93 3 1 
1 44 25 9 16 3 1 
1 67 21 8 2 
2 36 56 4 1 
2 65 18 10 2 1 1 
2 42 16 31 3 1 4 
1 9 30 21 27 11 
3 26 3 48 17 2 
16 66 2 9 6 
1 23 67 3 5 
2 63 31 3 
5 52 38 3 1 
3 58 36 2 
2 5 35 28 27 2 
44 36 18 1 
1 27 50 20 1 
1 19 65 2 7 5 
1 67 21 5 4 1 
53 43 1 2 
5 9 30 3 1 6 32 12 1 
1 67 8 10 2 8 3 
26 18 39 15 1 
1 13 85 
51 10 13 9 10 1 2 1 1 1 
4 13 20 50 10 1 1 
16 14 23 18 28 
50 4 16 12 12 1 3 1 
2 59 18 2 15 3 
96 2 1 
1 15 40 43 
24 25 9 37 2 1 1 
1 80 17 1 
23 37 11 26 1 1 
16 64 16 1 2 
1 68 5 5 19 1 
15 65 18 1 
1 31 27 19 19 2 
11 37 1 28 8 12 1 1 
1 83 5 4 2 2 1 1 
1 16 61 19 2 
5 75 16 1 2 
1 3 93 1 1 
5 32 62 
3 54 34 6 2 
4 82 8 3 2 
1 31 62 4 1 
2 41 15 24 9 5 3 
5 45 2 1 9 21 4 2 3 1 4 2 
1 48 15 1 20 2 8 3 1 
7 52 27 3 5 3 2 
5 16 50 14 14 
1 30 61 3 3 1 
1 62 16 13 6 1 
3 54 16 22 4 
1 23 29 12 30 2 2 
34 47 12 3 1 2 
1 15 5 67 7 4 
3 4 45 9 3 27 2 2 2 2 
89 7 1 1 1 
23 32 36 8 
14 46 17 17 5 
23 40 7 11 4 13 1 
1 30 26 3 26 2 9 1 1 
2 58 9 26 2 2 
6 52 28 4 6 3 
3 59 5 2 5 4 9 7 4 1 
22 33 3 15 3 23 
1 41 57 
9 41 33 11 2 3 
1 58 26 3 2 4 1 3 1 
2 48 23 19 2 3 2 
70 17 5 4 2 1 
2 82 5 7 1 2 
4 19 53 7 15 1 
15 67 17 
94 4 1 
4 78 17 
16 21 21 28 13 
6 79 2 3 1 8 
2 38 47 7 5 
13 46 3 32 5 
2 31 66 
2 32 5 8 42 3 3 4 
1 19 24 40 7 7 1 
1 83 8 7 
4 28 49 12 3 3 
1 24 54 15 4 1 
1 48 18 20 5 3 4 
49 45 1 3 1 
33 29 14 22 1 
16 17 40 9 3 3 1 5 5 
9 49 33 4 4 
1 2 16 36 33 9 2 
3 86 2 2 3 2 1 
7 85 7 
1 77 7 13 1 
70 3 19 7 
32 4 21 36 6 
1 1 20 18 12 47 
3 34 44 8 5 5 
2 37 21 39 
1 78 15 2 2 1 
97 2 
11 18 61 8 1 
1 69 25 1 2 1 
2 87 3 4 2 1 
2 52 4 1 35 4 1 
1 91 4 3 
1 16 7 13 7 45 10 
2 75 14 3 5 
98 1 
8 53 4 21 9 3 1 
2 37 21 19 11 9 
2 73 21 2 1 
2 63 33 1 
7 87 5 
1 40 28 25 4 1 
1 67 5 26 
18 23 10 21 9 8 10 
1 18 74 2 1 2 1 
1 2 85 11 
1 25 29 14 24 1 4 1 
17 72 1 2 5 2 
1 58 7 23 6 4 
1 23 6 8 37 18 1 2 2 1 
23 57 8 3 5 2 1 
1 54 30 1 2 1 1 5 1 3 
5 64 27 1 1 1 
97 1 1 
3 69 1 18 5 3 
1 57 4 3 10 17 5 2 
13 15 12 17 13 9 20 
7 46 5 41 
2 39 22 32 4 
99 
68 30 1 
5 91 3 
1 92 6 
1 5 12 27 21 1 18 12 2 
1 60 2 1 25 9 1 
1 98 
1 84 4 4 4 2 
4 57 18 13 1 1 5 
1 27 44 7 17 1 2 
12 51 27 2 2 2 1 1 1 
1 81 3 14 
2 50 32 9 4 2 
99 
2 4 58 32 2 1 
4 90 4 1 
15 26 58 
45 27 21 2 4 
1 90 2 2 1 3 
4 84 10 1 
2 93 2 1 1 
1 39 4 29 26 
82 1 1 6 9 
1 79 15 2 2 
88 9 1 1 
12 17 32 7 18 10 1 2 
1 77 21 
1 17 5 65 11 
11 8 23 17 8 6 11 6 3 3 2 1 
8 40 13 21 7 5 1 2 1 1 
60 20 15 4 
2 25 67 1 2 1 1 
2 90 6 1 
2 25 44 26 1 1 
1 20 26 38 5 4 2 1 1 1 
1 77 15 4 1 1 
7 16 1 3 59 11 2 
1 41 57 
1 74 3 1 8 11 1 
77 9 11 2 
1 28 4 35 10 4 1 7 1 4 1 3 
1 43 53 2 
4 5 20 19 25 13 13 
12 64 10 1 5 2 3 2 
3 89 7 
1 38 60 
1 35 37 2 2 15 2 3 1 1 
13 64 2 20 
2 80 2 10 5 
1 90 3 4 1 
13 83 3 
1 26 36 18 11 5 2 
79 5 2 5 4 3 1 
1 77 21 
32 6 50 8 3 
88 10 1 
1 27 48 5 18 
2 24 18 30 19 2 1 1 1 1 
1 72 6 4 3 9 1 3 
1 55 15 15 1 8 1 2 1 
1 38 21 8 8 10 8 2 2 1 
93 5 1 
1 40 57 1 
2 37 11 13 11 15 5 4 1 
1 60 35 2 1 
1 73 20 2 1 2 
3 83 1 5 7 
38 27 15 16 3 
4 55 15 15 1 9 
1 24 5 46 4 1 1 3 2 1 2 1 6 1 1 
1 17 22 31 24 2 1 1 
5 22 8 61 2 1 
1 57 35 3 3 
2 14 16 12 38 11 5 1 
45 26 10 1 2 10 3 2 
3 92 2 2 
11 19 64 3 2 
1 77 19 2 
98 1 
1 88 7 1 2 
56 39 1 3 
1 70 20 3 4 1 
18 20 33 19 5 1 3 
1 24 40 5 9 16 1 2 1 
1 49 49 
1 59 21 2 2 8 2 2 2 
90 2 1 2 1 1 1 1 
1 2 93 1 2 
3 89 7 
1 88 6 3 1 
5 11 80 2 1 
3 83 6 6 1 
1 9 89 
15 36 4 2 8 26 1 5 2 
3 80 12 2 1 1 
1 24 40 13 11 7 3 
2 49 46 1 1 
14 33 51 1 
21 15 63 
74 14 9 1 1 
2 50 40 6 1 
1 41 11 4 17 14 2 4 1 1 3 
10 53 6 15 3 5 6 1 
1 41 5 32 7 8 5 
27 13 5 5 26 13 6 2 1 1 
5 80 4 8 1 1 
53 27 7 11 1 
3 90 2 2 2 
57 40 1 1 
6 59 12 16 6 
1 92 3 2 1 
6 87 4 1 1 
8 31 42 15 3 
3 47 17 6 11 11 3 1 
59 17 18 2 2 1 
75 24 
6 72 13 7 1 
98 1 
2 64 10 2 9 5 4 2 1 
3 70 1 8 14 1 1 1 
1 36 45 13 4 
18 24 22 19 9 1 6 
3 71 13 1 2 2 4 2 1 
3 37 26 28 3 1 1 
1 92 1 4 1 
9 59 31 
2 96 1 
5 70 7 17 
7 68 7 12 5 
7 9 62 21 
2 74 21 1 1 
1 98 
5 68 3 15 1 2 2 1 2 
5 89 4 1 
19 54 26 
1 38 60 
2 70 25 1 1 
1 37 5 25 15 6 4 1 3 1 1 
1 39 37 3 15 2 2 
1 33 49 14 1 1 
4 64 8 1 8 2 12 
25 48 6 1 9 8 1 1 
7 25 35 2 10 1 17 1 1 
1 26 24 9 35 1 1 1 1 
11 70 18 
82 10 6 1 
12 33 45 5 1 2 1 
2 16 36 2 28 9 5 1 
25 59 15 
1 32 61 3 1 1 
1 45 16 8 8 15 1 1 2 2 
1 40 53 1 4 
1 81 17 
6 14 79 
2 69 18 3 6 1 
8 74 3 7 4 1 2 
1 71 17 5 5 
12 20 67 
3 48 11 1 28 1 1 5 1 
1 69 26 3 
2 30 16 34 5 6 6 
8 29 28 12 19 2 1 
1 82 16 
99 
2 13 48 7 9 4 11 5 
1 60 25 10 1 2 
1 77 13 4 3 1 
1 88 3 3 4 
17 57 5 19 1 
5 25 6 12 38 12 1 
4 36 13 33 12 1 
1 92 5 1 
1 68 15 4 7 1 1 1 1 
18 30 16 12 9 1 1 6 2 3 1 
1 40 30 3 15 8 2 
3 28 40 14 14 
78 8 7 3 2 1 
1 9 44 12 2 3 8 2 2 1 4 5 1 4 1 
38 7 20 24 2 4 1 3 
3 95 1 
91 4 2 1 1 
1 89 3 1 2 3 
2 83 2 1 3 7 1 
4 70 1 24 
3 70 22 4 
1 20 5 68 3 2 
2 72 18 2 4 1 
41 27 11 2 10 6 1 1 
1 78 1 12 3 3 1 
2 8 61 13 11 4 
1 90 7 1 
77 9 13 
1 57 28 4 9 
3 63 31 1 1 
74 6 10 3 4 2 
99 
50 25 2 10 12 
9 8 44 32 4 1 1 
13 83 3 
30 34 35 
1 52 22 20 4 
1 57 19 4 16 1 1 
2 58 16 6 11 4 1 1 
1 52 1 8 14 15 2 1 5 
1 16 8 12 17 23 22 
2 70 14 3 9 1 
1 47 47 1 3 
3 57 8 5 18 2 4 2 
3 66 24 3 3 
1 71 15 4 3 4 1 
1 6 21 43 23 5 
8 48 16 13 12 1 1 
8 9 63 11 6 1 1 
1 67 1 8 1 5 13 1 2 
87 7 2 1 2 
1 13 32 9 2 12 6 17 4 3 
4 9 3 27 17 14 7 1 10 3 2 1 1 
77 13 4 3 2 
3 85 9 1 1 
35 32 1 27 1 2 1 
1 5 46 6 21 8 2 3 7 
1 12 28 39 13 6 
1 91 7 
7 26 19 9 18 11 6 2 1 
91 4 4 
1 7 84 1 6 
2 24 60 10 2 1 
1 89 8 1 
1 66 1 21 3 2 4 1 
1 5 49 6 31 5 2 
4 62 29 1 1 1 1 
18 62 4 6 6 1 1 1 
3 83 5 1 5 2 
1 18 30 44 3 1 2 
5 85 7 1 1 
87 10 2 
12 78 5 3 1 
43 19 17 11 7 1 1 
1 85 2 11 
1 70 28 
53 2 26 1 16 1 
3 57 13 6 8 2 5 2 2 1 
2 95 1 1 
3 3 89 4 
2 53 1 14 5 6 13 1 4 
1 40 36 2 19 1 
3 30 8 7 40 11 
1 40 1 36 7 1 10 1 2 
2 65 24 2 4 2 
45 26 18 2 1 3 1 1 2 
10 38 8 43 
1 34 3 4 11 14 21 4 6 1 
1 59 21 5 6 6 1 
2 95 2 
1 11 87 
1 21 11 60 6 
1 35 33 25 1 4 
1 53 6 8 20 2 9 
2 20 9 58 5 4 1 
61 16 9 13 
96 3 
2 84 13 
1 90 1 4 1 1 1 
1 38 6 50 4 
1 13 74 4 4 1 2 
12 17 32 10 22 6 
4 83 11 1 
1 16 19 19 12 7 11 13 1 
2 24 67 1 5 
3 77 12 6 1 
2 24 66 5 1 1 
1 54 27 2 14 1 
1 51 5 22 5 1 6 2 2 1 1 1 1 
1 54 34 7 3 
1 45 52 1 
8 52 38 1 
3 77 19 
12 70 5 10 2 
72 6 2 9 2 8 
6 71 22 
1 86 8 3 1 
3 86 7 1 1 1 
7 80 8 1 2 1 
8 50 41 
73 3 21 1 1 
3 33 60 3 
32 47 6 6 5 2 1 
4 74 14 5 2 
1 69 12 10 5 2 
3 25 7 16 25 20 3 
1 76 13 9 
16 34 40 1 5 2 1 
1 82 16 
33 9 18 19 19 1 
2 12 65 15 5 
1 55 38 1 2 1 1 
15 44 24 1 7 5 1 1 1 
4 20 47 11 13 3 1 
1 48 24 23 3 
4 19 71 2 1 2 
1 37 25 30 1 3 2 
6 28 37 16 6 2 1 1 1 1 
1 15 22 18 11 3 20 8 1 
1 65 22 1 10 
1 43 27 7 6 9 1 3 2 
3 21 28 6 1 4 20 3 4 2 2 3 1 1 
29 34 36 
97 1 1 
40 13 5 36 5 
6 72 17 4 
17 14 26 21 2 13 3 1 2 
1 75 10 8 4 1 
4 66 22 2 5 
2 43 52 2 
17 74 8 
2 91 5 1 
3 53 5 17 20 1 
2 94 3 
3 78 18 
10 59 28 2 
66 27 2 2 1 1 
4 71 23 1 
1 71 13 2 6 1 1 1 1 2 
83 12 1 2 1 
9 15 9 40 4 2 11 2 6 1 
1 19 76 3 
3 44 52 
37 48 14 
1 80 18 
25 65 3 1 2 3 
9 13 45 20 6 4 2 
2 54 26 9 6 2 
1 71 26 1 
2 20 61 14 2 
3 27 19 48 2 
55 8 11 6 9 1 2 2 2 3 
1 16 4 45 13 4 9 5 1 1 
2 15 38 1 5 36 2 
12 16 12 32 25 2 
1 69 29 
1 44 27 19 8 
1 34 31 6 9 7 9 1 1 
7 18 8 32 6 24 2 1 1 
1 28 59 9 1 1 
3 85 2 4 2 3 
1 74 12 4 5 1 1 1 
1 60 26 9 3 
1 32 39 10 9 8 
28 59 12 
3 28 40 11 8 9 
1 50 15 32 1 
2 79 11 5 2 
15 82 1 1 
13 65 14 1 2 1 1 1 1 
63 33 3 
26 37 16 18 2 
1 61 8 14 4 8 1 2 
3 37 4 55 
4 56 30 4 4 1 
92 6 1 
1 88 10 
1 77 5 2 5 1 1 1 3 1 1 1 
3 80 8 1 7 
76 7 15 1 
1 33 23 23 13 1 4 1 
1 36 36 22 1 1 2 
1 3 9 65 8 1 12 
1 65 5 4 10 6 2 4 1 1 
14 77 5 3 
1 46 25 2 5 13 7 
12 80 7 
1 62 14 8 14 
1 91 7 
1 28 33 13 11 11 2 
1 17 5 28 1 2 14 8 8 11 1 1 1 1 
2 33 7 14 3 34 3 2 1 
3 9 14 23 42 2 6 
3 68 4 22 1 1 
1 25 57 15 1 
6 58 15 14 5 1 
35 6 27 2 1 5 7 9 4 3 
1 49 39 4 4 1 1 
29 2 37 28 1 1 1 
5 14 77 2 1 
2 96 1 
1 45 52 1 
3 91 4 1 
1 61 30 6 1 
81 10 4 2 2 
1 58 5 2 18 10 3 2 
15 7 5 70 2 
4 55 9 6 20 2 1 1 1 
7 5 77 2 4 3 1 
22 31 11 10 13 2 1 1 6 1 1 
1 87 11 
1 33 27 10 7 11 5 4 1 
3 86 6 1 1 1 1 
8 10 61 19 1 
1 76 19 1 2 
90 9 
1 81 15 1 1 
1 30 58 5 2 2 1 
8 90 1 
1 13 59 5 13 1 2 1 4 
4 18 1 59 11 1 3 2 
3 37 58 1 
99 
20 54 12 8 1 1 1 1 1 
5 92 1 1 
1 86 8 4 
1 59 32 1 1 4 1 
5 50 22 3 4 2 4 2 4 2 1 
50 49 
1 61 5 7 5 16 2 2 
21 37 41 
86 6 6 1 
1 67 21 9 1 
5 61 10 6 4 9 2 1 1 
1 72 9 13 2 2 
2 97 
3 67 3 4 16 3 1 2 
21 72 6 
2 53 22 18 4 
4 87 2 1 5 
1 8 45 15 7 17 5 1 
1 71 24 1 2 
1 55 7 1 14 10 11 
4 74 15 3 1 1 1 
8 76 2 6 2 3 2 
21 55 4 13 1 3 1 1 
1 32 30 17 11 6 2 
14 43 2 10 2 11 12 2 3 
1 42 12 10 28 6 
11 52 30 5 1 
14 26 48 5 6 
2 30 67 
1 7 19 6 66 
2 12 5 63 14 3 
92 5 2 
7 53 27 5 1 5 1 
7 59 21 1 6 4 1 
37 10 52 
1 74 3 13 6 2 
2 45 45 2 2 1 1 1 
2 71 25 1 
11 40 20 3 25 
1 93 5 
1 16 59 10 1 2 5 3 1 1 
14 22 63 
1 52 31 15 
9 62 2 22 1 2 1 
2 97 
1 18 56 8 14 2 
1 50 12 6 2 20 6 1 1 
27 45 11 5 8 2 1 
3 5 89 2 
1 23 17 15 4 5 25 3 2 3 1 
2 38 38 11 10 
63 30 6 
1 96 2 
1 95 1 1 1 
53 36 2 6 1 1 
6 26 2 37 13 14 1 
5 93 1 
72 4 21 2 
3 87 9 
1 85 13 
15 7 50 7 1 10 2 2 1 4 
30 66 2 1 
2 36 12 29 3 11 1 3 2 
15 79 3 1 1 
3 55 29 9 1 2 
2 14 67 13 3 
1 28 69 1 
20 55 24 
2 35 51 9 1 1 
8 84 7 
1 14 3 11 8 10 3 29 11 3 1 4 1 
5 16 65 9 3 1 
76 14 5 3 1 
1 96 2 
1 7 47 10 29 1 3 1 
2 52 42 3 
4 71 15 3 4 2 
1 71 23 1 2 1 
1 82 10 4 2 
2 86 9 2 
1 34 48 13 3 
8 62 18 5 2 3 1 
1 84 9 4 1 
1 26 40 31 1 
31 39 21 6 2 
1 78 20 
82 14 3 
3 1 62 13 15 4 1 
69 19 3 4 1 3 
1 7 49 30 7 5 
10 31 1 33 22 2 
1 13 7 12 43 14 9 
30 8 55 4 1 1 
28 22 26 22 1 
9 49 16 13 7 1 4 
2 10 85 1 1 
98 1 
3 60 4 21 2 7 1 1 
22 34 8 19 4 8 4 
7 19 31 41 1 
8 63 8 10 5 2 1 2 
98 1 
3 54 37 5 
99 
4 23 15 7 18 10 2 3 2 7 2 6 
3 32 18 23 23 
2 48 38 5 1 2 2 1 
8 63 18 6 1 3 
3 34 17 9 6 4 19 2 5 
2 61 36 
2 61 21 3 5 4 2 1 
1 94 4 
1 26 42 20 5 5 
1 41 43 11 1 2 
2 18 2 34 29 14 
8 9 7 38 24 1 3 3 5 1 
3 46 35 13 2 
3 41 43 12 
6 37 27 22 3 4 
70 12 17 
1 58 37 2 1 
1 44 16 27 1 10 
18 24 41 4 3 5 2 1 1 
2 78 19 
47 21 18 11 2 
3 94 2 
11 55 22 6 5 
20 19 52 8 
1 16 31 1 5 16 4 2 19 4 
1 18 30 42 3 5 
1 28 7 60 1 1 1 
22 11 19 24 3 16 2 1 1 
61 12 8 3 9 6 
42 42 10 2 3 
2 76 14 6 1 
3 82 13 1 
1 72 11 10 4 1 
2 30 2 50 6 6 1 2 
94 2 3 
7 40 35 14 1 1 1 
7 65 26 1 
24 25 27 8 15 
1 69 13 8 8 
2 53 44 
1 17 75 6 
2 58 9 14 4 9 1 2 
2 77 20 
21 38 37 3 
45 22 5 18 7 2 
1 17 81 
11 27 39 2 20 
4 36 45 1 12 1 
1 23 59 12 3 1 
1 61 23 13 1 
1 3 47 22 2 3 21 
1 84 12 2 
1 6 76 13 3 
4 10 33 31 16 3 1 1 
80 18 1 
15 8 41 6 19 7 3 
1 32 17 23 14 10 2 
1 89 6 3 
3 79 1 1 13 1 1 
1 39 24 5 6 18 6 
1 60 25 4 2 4 2 1 
1 7 75 5 1 2 3 4 1 
2 31 53 7 4 1 1 
36 35 3 1 20 1 3 
89 3 6 1 
2 63 8 18 7 1 
18 13 54 6 7 1 
9 62 16 4 2 6 
25 47 5 22 
2 75 1 19 2 
2 8 38 15 6 15 14 1 
2 27 47 18 4 1 
1 93 2 2 1 
98 1 
1 89 5 4 
28 29 33 5 3 1 
4 55 31 2 3 1 3 
1 92 6 
6 55 21 13 4 
2 72 1 5 5 7 7 
28 46 12 10 3 
4 7 67 2 1 17 1 
3 30 52 1 5 1 5 1 1 
21 4 63 1 3 7 
2 16 67 4 4 5 1 
1 18 15 56 1 3 4 1 
4 70 17 7 1 
10 18 71 
1 32 66 
2 24 40 16 13 4 
2 94 1 2 
1 75 13 6 1 2 1 
1 35 14 16 16 1 13 3 
5 25 1 9 13 9 2 9 8 8 3 5 1 1 
1 46 46 2 2 1 1 
1 48 28 7 10 2 1 2 
1 63 35 
3 53 39 3 1 
45 36 18 
3 28 43 13 5 7 
1 14 28 26 18 4 8 
1 31 49 11 7 
4 86 1 5 1 2 
2 83 6 6 2 
1 25 3 34 15 13 5 1 2 
71 1 18 8 1 
19 74 4 1 1 
69 20 6 1 3 
2 42 22 33 
5 46 27 15 6 
1 31 24 10 14 4 15 
3 71 16 8 1 
26 14 8 38 7 2 4 
1 82 5 4 4 1 1 1 
22 13 57 6 1 
97 2 
2 57 19 9 7 2 2 1 
54 5 26 14 
16 20 8 52 3 
3 46 44 6 
35 58 6 
11 12 22 42 2 2 7 1 
6 10 83 
46 28 15 8 2 
23 17 50 8 1 
1 15 28 50 2 1 2 
4 9 64 10 1 7 2 1 1 
5 6 15 64 4 3 2 
1 41 57 
1 8 19 9 33 6 18 4 1 
2 73 15 2 4 3 
36 42 6 10 5 
1 37 3 8 20 25 5 
82 6 8 1 1 1 
11 8 32 9 10 19 3 5 2 
1 48 44 3 3 
1 52 41 2 1 1 1 
6 16 13 62 2 
2 31 8 37 9 8 4 
1 53 42 1 1 1 
2 19 62 13 3 
24 43 18 6 2 5 1 
1 97 1 
58 32 3 5 1 
2 35 44 11 6 1 
25 32 14 20 8 
1 31 30 13 1 6 15 1 1 
1 15 58 25 
9 58 23 5 1 1 1 1 
6 44 17 29 1 2 
9 44 30 11 5 
2 65 32 
1 89 4 3 1 1 
1 34 64 
3 6 53 30 7 
1 15 46 36 1 
4 17 69 2 1 3 2 1 
23 47 22 5 2 
2 59 38 
1 93 4 1 
25 42 1 5 12 8 2 3 1 
27 6 30 31 5 
8 54 25 7 5 
1 15 83 
1 94 4 
1 46 50 1 1 
1 94 2 1 1 
1 37 51 1 8 1 
2 49 37 9 1 1 
4 27 68 
3 56 10 1 21 8 
97 1 1 
2 66 24 5 1 1 
11 62 17 8 1 
41 32 22 2 1 1 
5 15 69 5 5 
15 49 11 19 5 
2 97 
1 73 10 12 3 
5 71 16 4 1 1 1 
13 78 8 
1 55 24 11 6 2 
5 18 65 5 4 1 1 
21 62 11 2 2 1 
3 53 35 2 2 3 1 
43 6 42 4 4 
1 62 21 15 
99 
1 29 63 5 1 
6 89 1 2 1 
11 24 36 16 12 
1 94 4 
11 34 49 3 1 1 
3 47 49 
1 66 20 4 7 1 
3 58 17 2 18 1 
1 34 27 32 2 2 1 
1 79 7 9 1 1 1 
1 71 27 
12 51 30 3 3 
1 65 18 8 1 1 5 
6 84 7 1 1 
5 81 13 
53 38 8 
13 22 36 13 8 7 
1 77 16 1 4 
12 6 45 33 2 1 
3 64 26 1 5 
4 95 
99 
14 20 3 35 14 4 2 6 1 
2 95 1 1 
1 6 22 20 10 6 5 4 5 16 3 1 
92 7 
17 16 43 2 16 2 3 
12 83 2 1 1 
2 2 91 3 1 
15 41 11 3 22 1 3 2 1 
6 78 14 1 
2 49 5 16 16 10 1 
1 60 31 1 5 1 
8 68 2 11 2 4 1 1 1 1 
1 2 1 25 56 4 7 3 
4 93 2 
1 47 8 25 1 10 3 1 3 
1 93 5 
33 45 4 14 3 
32 44 5 11 6 1 
1 57 13 21 7 
3 40 3 53 
1 47 7 11 25 4 2 2 
31 62 3 3 
11 52 5 18 6 6 1 
18 71 9 1 
99 
3 24 33 4 6 11 16 2 
5 71 17 4 1 1 
2 58 19 4 4 1 4 4 2 1 
1 55 8 29 6 
43 25 1 26 1 2 1 
1 77 4 14 3 
40 20 15 22 1 1 
1 97 1 
1 14 52 19 11 1 1 
1 58 39 1 
8 62 16 3 6 2 2 
4 35 34 6 16 4 
1 73 20 2 1 2 
3 13 13 10 39 7 7 2 2 2 1 
2 93 4 
2 61 33 1 1 1 
1 86 12 
4 16 27 40 3 5 3 1 
4 22 55 2 3 9 2 1 1 
4 27 29 31 2 2 3 1 
72 14 12 1 
1 20 50 6 5 9 5 1 1 1 
2 95 2 
1 33 35 25 1 2 2 
2 48 32 8 8 1 
1 61 6 7 20 1 3 
12 8 14 44 21 
1 21 51 5 4 15 2 
2 16 69 8 4 
1 22 49 9 2 16 
96 3 
1 13 85 
33 14 21 21 4 6 
1 95 3 
2 81 3 10 3 
2 23 32 29 3 3 6 1 
27 46 14 9 3 
1 58 40 
1 24 54 17 3 
4 61 27 2 3 1 1 
1 49 5 32 8 4 
1 79 18 1 
2 88 3 6 
6 64 11 1 12 3 1 1 
1 66 23 1 4 1 1 1 1 
1 46 31 15 2 1 1 2 
16 34 4 9 5 19 6 5 1 
2 56 35 5 1 
12 49 31 7 
2 33 12 44 5 2 1 
1 72 13 3 4 2 2 2 
2 68 26 1 2 
26 6 45 16 2 3 1 
87 12 
4 90 4 1 
1 67 11 1 15 2 1 1 
98 1 
1 84 14 
2 35 15 42 2 3 
7 31 13 26 11 4 3 4 
1 12 58 4 11 10 2 1 
1 55 14 4 19 2 4 
9 28 27 9 12 11 3 
1 54 35 6 2 1 
7 8 44 21 19 
11 76 4 8 
1 57 3 5 18 12 3 
48 25 3 18 1 2 2 
1 70 17 4 2 2 3 
9 7 11 58 3 3 7 1 
2 70 18 5 2 1 1 
31 47 21 
1 8 86 4 
2 84 13 
10 72 16 1 
12 74 13 
1 23 9 9 35 13 1 2 2 1 3 
1 44 31 15 3 3 2 
5 89 5 
2 67 1 25 4 
14 4 3 15 35 23 1 2 2 
1 7 51 24 7 2 1 4 2 
8 73 14 1 1 2 
1 57 37 1 3 
25 2 53 3 15 1 
41 7 27 19 1 4 
1 33 44 7 1 12 1 
13 41 13 18 4 8 1 1 
17 75 6 1 
1 25 57 8 4 4 
24 40 23 1 2 2 7 
1 90 2 4 2 
10 72 4 2 3 7 1 
3 74 21 1 
2 35 4 11 1 9 18 16 2 1 
1 30 5 37 22 2 2 
1 89 1 4 1 3 
2 92 4 1 
4 78 6 2 8 1 
2 96 1 
1 69 18 5 1 1 1 2 1 
2 51 41 5 
40 17 37 2 3 
12 84 3 
7 92 
1 12 66 15 2 3 
1 23 64 2 2 5 2 
3 47 29 20 
2 10 17 25 18 16 11 
20 63 4 2 8 1 1 
1 45 51 2 
1 57 16 12 5 5 1 1 1 
1 73 16 3 2 3 1 
8 77 14 
72 20 1 1 4 1 
44 54 1 
1 23 69 5 1 
1 87 4 2 4 1 
17 48 1 29 1 1 1 1 
1 60 9 26 3 
1 20 57 4 11 1 1 3 1 
3 5 91 
1 51 39 1 4 2 1 
2 32 7 23 20 11 4 
1 74 23 1 
81 15 1 2 
8 85 4 2 
93 1 5 
2 29 43 22 3 
4 76 17 1 1 
5 85 1 7 1 
1 21 76 1 
1 83 1 14 
1 95 2 1 
1 65 33 
1 26 11 25 11 11 3 5 1 5 
1 4 2 25 53 9 1 2 2 
9 55 25 9 1 
7 28 54 9 1 
2 91 6 
2 24 19 26 23 4 1 
4 52 20 18 1 3 1 
87 12 
35 10 10 20 9 8 7 
1 5 33 42 2 14 1 1 
1 8 52 29 1 2 2 2 1 1 
1 8 16 4 27 31 2 1 6 2 1 
1 89 1 6 1 1 
1 98 
16 31 49 3 
1 35 39 9 9 1 1 3 1 
1 40 53 1 1 2 1 
1 54 23 11 5 5 
32 26 6 11 16 1 6 1 
10 83 5 1 
18 44 37 
1 42 32 8 11 3 1 1 
9 30 38 17 5 
1 13 8 49 21 5 1 1 
1 41 37 9 9 1 1 
13 16 42 9 3 4 10 1 1 
3 64 32 
1 42 32 23 1 
1 86 11 1 
4 12 18 63 2 
1 20 3 42 10 13 7 2 1 
13 32 34 7 4 6 3 
7 80 3 7 2 
6 88 4 1 
7 60 6 26 
5 68 20 3 3 
5 33 54 3 3 1 
14 62 23 
1 55 43 
17 40 29 10 1 2 
2 69 18 8 2 
1 41 50 4 3 
1 55 43 
1 55 34 9 
1 43 17 26 5 4 1 1 1 
10 2 46 4 17 5 5 6 4 
2 4 81 1 10 1 
1 91 6 1 
58 4 1 23 1 5 6 1 
2 79 18 
2 19 32 43 3 
1 25 44 8 2 3 16 
1 8 30 23 16 18 1 1 1 
1 7 73 14 1 2 1 
1 33 18 31 14 1 1 
11 53 27 3 4 1 
3 93 3 
1 58 3 14 5 11 7 
1 60 17 17 3 1 
7 68 24 
4 17 74 3 1 
5 60 24 8 1 1 
1 64 14 5 1 13 1 
2 52 30 10 5 
10 48 30 2 1 4 1 3 
2 78 8 7 1 3 
5 71 5 3 1 1 5 2 5 1 
1 92 1 5 
55 24 9 4 1 1 4 1 
13 26 20 22 5 11 1 1 
1 71 13 8 6 
1 29 9 20 21 8 8 2 1 
2 36 6 31 8 6 10 
4 18 70 3 4 
3 31 61 3 1 
91 4 3 1 
1 90 8 
1 13 47 17 16 2 2 1 
2 60 37 
6 90 3 
39 47 3 5 5 
97 1 1 
3 79 13 4 
1 12 53 1 4 3 14 10 1 
88 7 4 
1 24 74 
1 83 1 7 4 3 
2 33 49 9 6 
2 88 9 
3 36 35 4 1 9 3 5 2 1 
1 71 14 8 2 3 
1 58 1 25 1 1 12 
4 36 57 2 
8 82 3 1 1 3 1 
14 66 14 2 2 1 
3 71 12 4 4 5 
20 56 14 3 2 3 1 
2 3 50 27 13 2 1 1 
1 2 8 55 18 8 3 2 1 1 
13 58 28 
19 78 2 
1 5 67 17 1 4 3 1 
4 82 8 3 2 
1 62 35 1 
2 91 6 
20 46 2 9 8 4 10 
65 27 4 3 
1 42 55 1 
3 84 10 1 1 
12 39 1 15 1 5 22 3 1 
1 85 1 6 2 2 2 
4 55 4 3 9 14 3 3 1 2 1 
1 82 8 1 5 1 1 
3 51 23 10 10 2 
10 29 18 27 3 11 1 
87 7 2 3 
2 1 52 21 11 9 2 1 
2 30 49 6 12 
25 72 2 
2 11 37 15 32 1 1 
2 41 36 3 9 5 3 
39 45 10 1 3 1 
2 77 15 4 1 
3 18 42 14 22 
1 14 37 7 14 4 2 17 1 1 1 
2 96 1 
1 40 29 9 10 2 1 1 2 4 
67 5 20 7 
22 49 7 16 3 2 
12 52 30 2 3 
5 85 9 
1 84 1 5 2 1 5 
2 67 23 4 3 
4 73 1 3 3 13 2 
2 23 73 1 
2 28 39 29 1 
1 6 30 6 12 17 22 1 2 2 
1 84 14 
1 83 11 4 
1 89 2 3 2 1 1 
2 27 16 39 5 5 2 2 1 
1 36 35 14 11 1 1 
1 73 23 2 
8 28 38 6 6 3 7 3 
12 64 7 5 2 8 1 
1 15 46 33 4 
1 17 35 16 26 3 1 
1 47 47 4 
1 61 21 3 3 1 2 2 3 1 1 
1 98 
8 3 11 2 15 4 33 22 1 
7 59 9 14 10 
2 18 34 20 6 9 2 1 7 
1 17 80 1 
1 65 25 2 5 1 
4 82 12 1 
4 79 6 6 1 2 1 
7 28 32 3 11 12 4 1 1 
1 70 28 
1 52 32 4 2 2 2 4 
1 93 5 
1 61 17 13 4 3 
20 32 34 11 1 1 
1 95 3 
1 50 36 8 2 2 
1 96 1 1 
3 43 42 7 2 2 
1 40 2 34 4 13 4 1 
15 6 19 57 2 
5 2 26 11 53 1 1 
7 60 25 4 2 1 
13 32 13 41 
1 76 11 8 3 
1 31 19 2 32 9 1 4 
30 40 29 
2 10 45 21 11 8 2 
1 89 9 
1 27 29 3 31 2 2 1 1 2 
2 29 28 2 4 28 5 1 
9 73 16 1 
1 2 85 3 3 3 2 
1 46 17 12 18 5 
7 22 31 9 3 12 2 8 2 2 1 
21 41 20 13 1 3 
1 61 4 5 27 1 
1 83 12 2 1 
1 26 72 
3 62 33 1 
2 87 5 3 2 
1 65 33 
3 49 35 10 2 
1 30 44 15 5 1 1 1 1 
47 48 1 1 2 
10 31 35 13 9 1 
1 69 29 
1 67 19 9 3 
1 40 21 31 6 
4 1 74 15 1 4 
1 78 3 14 1 2 
1 2 30 19 2 15 28 1 1 
3 32 46 17 1 
99 
14 6 33 20 2 13 9 2 
3 76 20 
1 22 5 27 40 3 1 
1 55 10 2 20 6 1 4 
1 77 16 4 1 
99 
11 13 52 5 2 16 
1 50 47 1 
4 41 50 1 3 
11 39 7 19 13 7 2 1 
4 46 8 27 2 9 3 
1 39 50 7 2 
1 88 10 
5 54 29 11 
2 35 6 24 2 18 3 7 1 1 
1 40 35 1 6 10 6 
5 72 10 12 
7 28 33 6 25 
1 75 4 7 5 4 1 2 
17 38 22 22 
99 
5 79 7 8 
1 21 24 26 25 1 1 
1 76 22 
10 17 4 5 56 1 3 1 1 1 
3 81 12 2 1 
1 79 13 4 1 1 
2 36 57 4 
2 94 3 
1 91 5 2 
29 27 16 17 3 1 5 1 
1 98 
10 22 46 21 
1 30 17 24 23 1 2 1 
1 61 3 18 13 2 1 
14 20 51 8 5 1 
1 86 11 1 
12 11 30 41 3 2 
22 46 16 1 5 6 1 1 1 
1 80 17 1 
84 12 3 
35 37 7 6 8 2 4 
1 65 2 4 22 2 1 1 1 
1 56 9 33 
34 15 44 2 1 3 
2 22 61 7 1 1 2 1 1 1 
1 52 7 34 3 1 1 
1 82 12 2 1 1 
1 29 18 7 27 4 2 9 1 1 
1 50 5 41 1 1 
1 2 65 23 5 1 1 1 
4 73 8 3 3 1 6 1 
3 25 9 2 29 11 11 3 2 4 
3 8 33 41 6 1 5 2 
5 90 1 1 1 1 
4 13 35 14 7 14 9 2 1 
1 39 58 1 
9 86 4 
1 15 44 2 9 6 11 8 3 
2 72 2 15 8 
4 86 9 
98 1 
7 48 12 27 4 1 
3 61 28 6 1 
32 17 13 30 6 1 
1 48 42 6 2 
99 
1 2 95 1 
1 3 65 9 3 10 4 2 2 
4 59 3 15 16 2 
1 64 19 10 1 4 
10 24 54 4 7 
2 36 24 19 18 
3 88 7 1 
72 9 8 4 2 3 1 
1 43 6 36 10 1 2 
2 6 4 72 7 3 2 1 1 1 
10 10 30 28 1 5 11 3 1 
2 74 17 6 
38 28 18 5 3 6 1 
44 29 11 11 4 
1 66 1 29 1 1 
4 41 21 10 6 14 3 
26 19 22 12 8 2 2 5 3 
1 45 4 26 19 1 1 1 1 
1 58 17 6 6 7 3 1 
1 66 1 6 13 12 
2 60 12 11 1 9 4 
98 1 
48 42 1 7 1 
2 73 2 17 3 1 1 
47 17 1 34 
1 42 26 15 2 3 6 1 1 1 1 
4 26 45 19 2 1 1 1 
12 72 14 1 
4 94 1 
3 8 75 5 4 3 1 
1 94 2 1 1 
9 74 6 10 
1 11 61 10 4 12 
7 64 6 4 16 1 1 
42 27 30 
1 25 17 44 9 3 
16 72 9 1 1 
26 4 3 3 33 24 6 
1 65 30 1 2 
1 86 3 5 3 1 
89 8 2 
46 46 7 
1 38 5 11 6 23 12 2 1 
2 43 30 2 7 3 7 2 3 
1 97 1 
1 55 43 
9 63 23 4 
1 52 35 8 3 
2 66 28 3 
20 47 19 9 1 1 2 
6 14 17 45 10 2 2 2 1 
2 30 33 13 1 1 2 10 2 1 4 
42 8 27 2 20 
21 12 28 4 3 19 4 3 5 
1 17 80 1 
3 90 2 2 2 
1 79 5 14 
1 15 68 9 1 4 1 
96 2 1 
2 31 33 23 8 1 1 
1 58 28 6 6 
1 4 73 1 19 1 
1 13 34 9 26 9 1 5 1 
3 29 24 4 12 15 8 3 1 
8 32 14 14 6 22 2 1 
42 27 26 2 2 
1 17 76 1 3 1 
8 69 1 16 5 
1 88 10 
94 2 2 1 
1 60 31 1 6 
3 53 40 1 1 1 
2 60 12 5 7 6 7 
1 7 91 
1 96 2 
2 24 14 57 2 
2 34 56 4 3 
1 63 6 4 9 3 10 1 2 
17 27 53 1 1 
7 80 8 2 1 1 
17 13 10 17 7 35 
1 39 24 4 4 3 3 11 1 3 5 1 
1 65 33 
10 23 9 47 7 3 
3 58 26 8 4 
1 3 63 14 18 
13 4 77 5 
13 5 75 1 4 1 
3 93 3 
1 94 2 1 1 
1 41 20 5 4 17 2 5 1 3 
1 51 39 2 5 1 
52 8 33 6 
2 9 4 34 5 26 7 7 3 1 1 
3 70 1 22 1 2 
2 11 25 50 11 
1 67 14 1 8 6 1 1 
8 22 34 1 31 2 1 
80 11 8 
1 18 66 8 6 
1 29 17 35 3 2 3 2 4 2 1 
23 31 45 
14 56 7 7 14 1 
4 63 23 8 1 
1 65 33 
51 36 2 6 2 1 1 
82 7 10 
2 40 38 1 13 2 1 2 
1 57 29 1 11 
4 53 6 12 8 8 7 1 
1 73 12 4 6 3 
1 58 38 1 1 
19 24 17 1 33 1 4 
1 49 26 9 6 5 2 1 
22 61 3 6 4 3 
2 31 59 6 1 
1 1 79 10 4 4 
1 40 6 44 1 1 5 1 
9 74 4 8 2 2 
3 45 17 22 12 
30 16 20 23 1 6 1 1 1 
1 6 65 8 4 4 8 2 1 
24 31 35 7 2 
1 34 15 21 19 2 6 1 
94 5 
1 85 3 9 1 
2 35 9 23 8 13 2 6 1 
1 64 31 2 1 
2 62 19 6 10 
27 66 3 1 1 1 
1 10 13 55 20 
1 27 4 53 4 3 5 1 1 
1 54 1 14 12 6 3 8 
33 33 10 20 1 1 1 
3 46 44 2 4 
1 81 9 2 2 4 
1 57 2 25 10 2 2 
1 48 17 8 13 7 3 2 
1 37 44 5 2 10 
6 31 21 17 13 4 2 4 1 
1 65 21 4 2 6 
1 66 11 10 8 1 2 
1 51 47 
1 11 19 36 22 6 3 1 
7 73 3 9 4 1 1 1 
3 81 13 1 1 
35 64 
1 66 31 1 
8 40 27 3 9 9 2 1 
4 19 64 2 3 1 1 5 
2 37 17 10 27 6 
2 43 9 18 4 2 9 1 1 3 6 1 
1 53 35 8 1 1 
4 16 79 
20 14 25 26 12 1 1 
1 57 16 22 2 1 
6 13 26 38 13 3 
1 1 66 19 12 
53 35 6 4 1 
1 36 25 23 14 
1 62 23 10 3 
1 96 1 1 
1 77 6 11 4 
1 37 11 6 5 31 6 1 1 
70 2 9 11 6 1 
36 25 17 11 7 3 
73 19 7 
1 96 2 
20 45 4 26 4 
4 17 51 11 16 
2 49 30 15 2 1 
3 60 16 17 2 1 
4 89 2 3 1 
2 57 40 
13 22 63 1 
6 41 47 3 2 
1 27 6 13 7 13 8 3 6 1 12 1 1 
2 14 32 40 7 4 
98 1 
10 8 6 40 27 2 6 
4 57 32 1 1 3 1 
1 67 3 5 14 4 1 1 1 2 
2 27 16 40 5 7 1 1 
1 44 36 17 1 
6 29 54 6 4 
12 50 17 11 7 1 1 
18 77 4 
1 65 14 3 4 6 1 1 4 
2 62 22 7 6 
6 73 20 
1 23 65 4 3 2 1 
2 10 39 23 4 15 3 3 
2 31 26 40 
2 22 36 2 23 9 1 2 2 
4 11 74 7 3 
2 46 13 20 14 4 
1 6 23 26 4 11 16 4 8 
2 79 3 14 1 
38 7 18 12 21 2 1 
2 91 6 
31 21 21 1 13 7 4 1 
2 92 5 
5 61 33 
51 8 26 2 10 2 
2 6 64 11 9 1 3 2 1 
1 86 12 
1 91 4 2 1 
1 66 8 2 19 1 2 
1 44 40 4 2 1 6 1 
3 56 6 18 1 8 1 2 3 1 
4 3 89 2 1 
1 54 40 4 
1 19 19 18 15 26 1 
2 37 48 7 5 
2 15 78 2 2 
46 25 19 4 3 1 1 
1 78 16 4 
67 16 7 6 3 
1 80 4 13 1 
15 33 51 
2 83 2 4 4 4 
1 67 11 15 4 1 
29 46 13 7 2 2 
1 38 43 11 2 4 
2 73 15 9 
1 92 5 1 
1 55 33 6 2 2 
1 70 9 4 3 2 3 3 3 1 
33 60 5 1 
32 31 13 9 10 3 1 
19 66 1 1 11 1 
17 47 14 18 3 
2 77 20 
10 89 
4 83 12 
3 28 5 50 10 3 
2 67 8 4 2 7 4 4 1 
1 65 6 23 2 1 1 
1 92 6 
13 5 77 2 1 1 
1 46 12 27 13 
10 4 13 32 21 16 3 
1 13 35 19 22 7 2 
1 81 15 1 1 
15 40 20 20 1 2 1 
1 24 48 9 8 2 7 
2 3 75 2 13 4 
2 97 
24 23 52 
4 92 3 
1 46 52 
3 94 1 1 
33 2 35 11 13 3 1 1 
2 45 42 6 4 
1 14 4 56 12 8 1 1 1 1 
2 23 47 4 19 3 1 
1 29 26 19 4 1 5 5 2 5 2 
1 91 1 5 1 
3 50 20 22 3 1 
1 38 12 34 8 3 1 1 1 
1 69 18 2 9 
2 19 36 22 10 7 2 1 
1 34 17 47 
1 57 14 19 2 3 1 2 
2 80 8 4 4 1 
2 67 12 7 2 1 2 1 1 4 
2 89 6 2 
1 57 38 3 
6 5 15 29 15 5 5 4 2 3 3 4 3 
1 40 48 7 2 1 
13 36 48 2 
3 96 
19 6 43 13 9 6 1 2 
1 91 5 1 1 
5 92 1 1 
3 63 22 6 5 
1 7 5 5 36 27 12 2 1 3 
10 74 5 10 
2 67 2 18 8 2 
7 34 25 3 9 3 14 1 3 
95 3 1 
1 39 19 11 16 12 1 
3 74 5 15 2 
2 92 1 4 
9 1 64 25 
1 53 28 4 4 4 1 3 1 
1 94 4 
4 90 4 1 
1 37 54 2 3 2 
2 2 69 17 2 3 3 1 
47 25 17 9 1 
1 58 2 31 2 2 2 1 
4 50 22 4 13 5 1 
3 85 8 3 
1 46 10 39 2 1 
2 39 46 11 1 
2 70 4 9 6 4 1 3 
72 9 16 2 
22 63 2 8 4 
2 51 2 36 6 1 1 
4 31 10 47 1 4 1 1 
5 48 37 3 2 2 1 1 
1 10 63 5 5 4 2 3 2 4 
1 40 4 41 7 6 
3 61 6 20 2 4 2 1 
10 14 34 25 2 1 4 8 1 
1 80 16 2 
35 18 19 14 1 9 2 1 
1 24 19 46 8 1 
40 30 18 6 1 4 
1 92 6 
2 85 12 
12 74 5 3 5 
4 22 38 24 4 3 1 3 
2 40 51 2 2 1 1 
4 34 16 43 2 
27 28 20 18 5 1 
10 78 9 1 1 
1 2 45 47 3 1 
2 45 48 1 1 1 1 
1 62 25 10 1 
1 96 2 
9 60 26 2 2 
1 92 6 
2 8 87 2 
1 67 2 28 1 
1 28 41 17 8 4 
4 90 3 2 
1 23 37 28 8 2 
41 18 4 14 10 8 1 3 
1 13 64 12 3 2 2 1 1 
12 45 13 5 2 1 18 1 2 
1 4 34 16 16 10 5 8 1 2 1 1 
88 8 3 
2 1 71 10 14 1 
2 41 3 46 2 3 2 
1 6 41 44 7 
5 44 47 3 
1 89 1 3 1 2 2 
4 50 2 11 2 18 5 2 4 1 
1 6 82 9 1 
1 78 20 
10 34 31 14 9 1 
91 1 4 2 1 
2 24 9 15 13 8 20 5 3 
1 4 93 1 
99 
1 72 7 3 15 1 
6 67 15 2 2 6 1 
3 3 17 50 13 1 7 3 2 
1 52 33 10 3 
1 77 11 4 4 2 
9 56 22 11 1 
1 92 1 3 2 
10 15 10 7 51 3 3 
1 90 6 2 
29 7 13 29 14 2 2 2 1 
2 91 6 
1 46 25 1 1 23 1 1 
1 36 52 1 3 2 2 1 1 
1 95 2 1 
17 58 24 
1 27 71 
1 7 61 27 3 
73 20 5 1 
91 6 2 
2 97 
1 31 39 22 1 5 
1 58 40 
6 5 36 30 7 14 1 
31 2 15 1 12 10 3 23 1 1 
2 22 73 1 1 
6 42 2 12 24 6 2 1 1 3 
3 25 57 1 11 1 1 
38 34 26 1 
1 5 17 46 8 13 2 1 2 4 
68 27 4 
3 33 61 1 1 
1 24 56 8 7 2 1 
77 11 11 
13 33 53 
2 66 8 21 1 1 
15 56 21 7 
1 67 31 
6 40 12 3 34 1 2 1 
2 9 25 61 1 1 
1 37 38 12 1 6 4 
1 82 1 9 6 
1 29 32 5 14 6 5 1 6 
6 14 63 9 7 
3 27 47 6 3 2 1 1 7 2 
2 19 36 30 2 8 1 1 
14 19 6 35 8 6 5 1 2 1 2 
3 75 11 8 1 1 
27 31 41 
2 90 2 4 1 
1 95 2 1 
8 54 37 
1 2 6 25 60 3 1 1 
1 12 27 3 47 7 2 
1 96 2 
4 25 67 1 2 
1 31 23 32 2 2 6 2 
1 6 79 12 1 
24 28 20 23 2 1 1 
4 66 7 12 3 7 
1 85 13 
1 85 10 3 
1 87 11 
8 4 23 24 26 6 7 1 
4 5 73 2 5 8 1 1 
1 93 3 1 1 
7 21 21 39 7 3 1 
2 84 3 4 6 
1 5 19 4 34 32 3 1 
1 43 21 1 5 12 13 1 1 1 
1 26 72 
47 9 24 14 5 
2 60 37 
1 87 4 1 5 1 
3 17 12 40 23 4 
9 15 34 41 
1 80 14 1 2 1 
3 24 14 2 50 5 1 
11 43 44 1 
1 10 40 45 2 1 
15 32 41 3 2 3 1 1 1 
1 10 46 22 12 2 4 1 1 
9 76 13 1 
93 5 1 
2 12 32 45 1 2 4 1 
75 23 1 
7 49 11 12 17 1 1 1 
14 71 14 
1 90 8 
2 23 30 21 9 11 2 1 
4 89 4 1 1 
3 95 1 
1 47 24 1 14 11 1 
14 53 26 1 2 3 
1 37 44 5 12 
13 82 1 3 
1 10 66 13 9 
1 89 5 4 
1 33 4 24 4 22 2 8 1 
4 8 21 6 4 23 18 15 
1 49 9 21 1 5 2 8 1 1 1 
1 98 
2 96 1 
5 70 21 1 2 
1 25 7 24 11 1 14 6 5 5 
1 91 7 
15 55 19 5 5 
2 23 27 24 2 17 3 1 
2 21 3 10 34 27 1 1 
5 33 32 5 22 1 1 
20 77 2 
1 80 18 
2 79 7 7 2 2 
2 69 28 
2 33 58 5 1 
16 61 13 2 7 
12 78 1 7 1 
1 74 8 9 3 4 
1 12 4 44 19 5 14 
1 76 1 4 14 3 
12 31 27 9 15 5 
1 61 15 6 1 10 1 3 1 
17 46 13 12 8 2 1 
4 25 70 
5 58 32 3 1 
57 40 2 
2 46 44 6 1 
1 91 6 1 
1 4 17 21 37 17 2 
1 46 6 20 25 1 
2 3 61 26 4 1 1 1 
1 85 5 6 2 
1 47 26 16 6 3 
3 69 1 9 7 6 4 
1 21 72 4 1 
1 81 5 4 3 1 2 2 
6 1 2 57 29 3 1 
77 20 1 1 
48 37 14 
9 89 1 
3 58 35 1 2 
1 97 1 
2 72 17 7 1 
4 1 7 79 7 1 
36 17 37 1 1 3 3 1 
8 25 66 
99 
1 58 37 1 2 
1 86 3 1 8 
1 90 1 1 2 1 3 
39 58 1 1 
83 4 11 1 
5 13 81 
1 63 10 3 4 12 2 1 1 2 
16 15 62 4 2 
4 95 
1 50 9 24 1 13 1 
2 34 13 38 4 4 1 3 
30 45 11 9 3 1 
29 16 14 13 3 11 5 7 1 
3 49 29 6 12 
1 9 89 
13 65 6 1 7 1 6 
1 60 7 15 5 8 3 
1 1 49 34 1 2 1 7 1 1 1 
1 39 5 38 14 2 
2 67 8 21 1 
1 13 48 33 3 1 
3 82 13 1 
15 15 49 6 8 5 1 
69 16 12 1 1 
2 93 4 
4 85 1 9 
11 35 44 8 1 
18 28 30 20 3 
31 41 23 4 
11 33 17 17 18 2 1 
2 7 1 70 16 3 
41 7 38 12 1 
14 36 47 2 
67 5 2 11 10 4 
1 32 11 46 6 2 1 
4 36 44 13 2 
84 3 6 2 2 2 
1 22 15 43 10 5 3 
1 16 45 3 21 12 1 
1 82 2 7 4 2 1 
18 16 10 54 1 
2 1 39 13 38 2 2 1 1 
1 5 39 50 3 1 
1 83 6 8 1 
1 6 11 13 21 3 2 19 4 4 7 2 2 2 1 1 
1 33 20 32 11 2 
1 72 16 5 3 2 
3 5 55 23 4 1 2 2 3 1 
1 29 52 7 7 1 2 
1 34 7 19 18 2 3 8 7 
1 74 5 8 11 
5 63 24 4 3 
1 97 1 
18 16 34 7 18 2 4 
8 14 24 33 5 7 4 2 2 
1 23 44 1 12 7 8 1 1 1 
5 20 65 2 3 2 1 1 
40 44 5 6 3 1 
1 34 64 
2 63 34 
1 98 
2 73 21 3 
2 25 71 1 
2 60 27 10 
1 66 13 17 2 
1 63 16 4 5 1 7 2 
4 66 21 6 2 
30 12 26 23 6 2 
1 78 17 3 
58 40 1 
1 29 28 7 7 11 3 2 3 7 1 
2 72 7 8 8 1 1 
5 37 52 2 3 
5 6 26 14 12 36 
2 91 4 1 1 
1 80 5 12 1 
1 14 74 1 9 
1 96 2 
2 9 21 35 12 10 2 2 1 2 2 1 
1 65 12 6 11 2 2 
1 75 23 
1 90 2 1 3 2 
14 23 24 37 1 
2 19 32 19 24 1 1 1 
1 75 2 5 4 8 1 3 
4 73 13 4 1 3 1 
16 17 5 6 8 38 3 1 1 2 2 
1 22 26 8 36 1 5 
2 35 26 12 2 1 3 1 6 9 2 
14 21 35 7 1 2 5 2 3 5 4 
1 30 13 43 7 5 
1 81 3 14 
6 27 23 14 11 13 5 
38 33 26 2 
1 57 38 3 
1 71 18 2 2 2 2 1 
2 96 1 
1 93 3 1 1 
1 63 35 
4 7 24 6 50 8 
13 66 4 4 4 3 3 2 
3 77 9 10 
2 55 20 6 3 4 5 3 1 
3 69 27 
1 84 1 8 2 2 1 
2 29 35 13 1 10 8 1 
9 5 53 20 6 1 5 
2 49 19 13 5 7 4 
10 50 20 9 4 1 1 3 1 
8 17 31 33 2 2 3 3 
1 90 7 1 
50 20 13 16 
4 1 94 
99 
6 91 2 
6 33 53 6 1 
12 71 2 5 2 4 3 
17 50 31 1 
5 23 69 2 
1 62 24 6 5 1 
25 64 10 
4 93 1 1 
1 78 13 1 2 2 2 
1 54 1 21 6 3 4 2 7 
1 34 30 28 4 1 1 
1 68 14 14 2 
2 82 13 2 
4 88 1 5 1 
3 51 33 2 2 6 2 
1 71 4 22 1 
8 43 48 
1 8 19 53 3 7 2 4 1 1 
1 14 55 20 4 1 2 1 1 
11 79 1 8 
1 8 48 35 2 2 1 1 1 
1 50 26 10 6 5 1 
3 89 4 3 
4 21 28 36 6 2 1 1 
2 36 11 35 13 2 
4 74 20 1 
1 36 26 32 4 
1 54 7 18 1 5 8 4 1 
2 84 12 1 
10 14 41 11 12 3 1 5 1 1 
1 89 6 3 
1 16 77 4 1 
2 13 69 4 4 3 2 2 
6 12 43 33 5 
99 
1 13 34 9 27 5 1 7 2 
4 81 14 
26 11 57 4 1 
14 24 57 3 1 
6 40 26 12 3 5 7 
2 26 8 22 13 13 7 7 1 
2 33 19 17 24 2 2 
1 91 7 
2 54 20 5 18 
8 30 55 4 1 1 
57 12 19 7 2 2 
1 85 12 1 
89 1 9 
2 77 20 
7 12 50 6 18 2 2 2 
1 88 4 1 2 3 
29 62 7 1 
9 48 41 1 
1 41 8 20 21 6 2 
45 19 35 
2 52 29 1 8 5 2 
51 38 5 3 1 1 
36 60 3 
30 12 6 16 9 17 2 6 1 
1 2 84 11 1 
1 82 14 1 1 
3 70 14 8 1 1 2 
3 92 3 1 
2 9 33 43 10 1 1 
5 79 12 2 1 
1 2 15 21 36 18 5 1 
15 22 62 
1 74 15 3 5 1 
4 56 15 14 4 5 1 
6 46 13 17 16 1 
1 93 1 2 2 
1 7 78 1 12 
7 62 21 3 3 3 
5 21 58 3 10 1 1 
4 50 26 7 2 3 5 1 1 
21 33 1 18 10 7 1 7 1 
1 34 20 28 12 4 
2 37 16 25 15 3 1 
1 73 6 9 8 2 
1 12 19 26 26 4 2 8 1 
24 69 5 1 
1 55 8 9 9 5 7 5 
2 70 9 3 14 1 
14 52 23 5 3 2 
42 10 47 
1 58 32 1 3 4 
1 77 15 5 1 
1 30 45 5 10 5 3 
1 74 11 11 2 
1 78 18 2 
1 10 27 38 12 2 2 3 1 1 2 
1 89 3 6 
65 12 3 15 4 
3 13 20 58 5 
1 64 8 14 9 2 1 
2 91 1 2 1 2 
1 28 31 5 30 4 
1 55 19 9 11 4 
20 58 12 2 5 1 1 
32 37 7 6 16 1 
2 20 35 35 5 2 
6 21 22 14 13 14 2 7 
2 91 2 2 1 1 
2 68 6 20 2 1 
1 6 57 22 6 2 5 
1 75 23 
1 76 14 2 5 1 
7 8 77 6 1 
1 73 21 4 
72 20 4 2 1 
12 60 27 
2 68 3 17 8 1 
1 33 3 16 17 14 6 2 5 1 1 
2 47 38 7 4 1 
1 19 32 19 26 1 1 
4 10 23 32 6 21 2 1 
2 15 55 19 5 1 1 1 
4 75 16 1 3 
2 78 19 
1 47 13 26 12 
5 25 46 13 10 
1 27 48 6 5 9 1 2 
1 54 21 2 11 9 1 
2 69 23 1 4 
3 10 30 19 37 
1 74 17 6 1 
1 31 65 1 1 
4 85 5 2 1 2 
1 79 14 5 
95 4 
1 51 25 11 11 
2 12 85 
7 84 3 4 1 
3 8 25 49 7 1 1 4 1 
83 14 2 
89 6 4 
12 44 9 14 14 5 1 
2 17 32 37 7 4 
2 38 11 32 12 2 2 
3 8 87 1 
1 68 30 
3 71 25 
1 13 62 4 7 9 3 
4 23 52 19 1 
6 23 22 30 2 3 1 7 1 2 1 1 
4 66 7 13 9 
1 34 5 53 6 
7 74 17 1 
41 32 13 8 1 1 3 
1 36 13 4 11 25 3 3 2 1 
2 15 2 60 1 11 8 
1 92 3 3 
2 35 11 4 24 15 4 4 
1 21 3 68 4 2 
1 33 46 12 1 4 1 1 
3 42 50 4 
1 63 27 4 4 
1 60 13 13 7 2 2 1 
4 71 3 16 3 2 
2 79 15 2 1 
86 10 2 1 
26 15 47 6 2 1 1 1 
2 1 81 7 6 2 
1 19 14 44 20 1 
1 8 28 61 1 
1 74 18 3 2 1 
15 79 2 3 
83 5 10 1 
59 13 8 11 1 1 2 3 1 
6 84 9 
2 84 13 
2 39 41 3 9 5 
1 86 12 
10 6 17 47 16 3 
1 82 11 4 1 
33 49 3 11 1 2 
1 45 1 4 12 11 19 3 2 1 
1 48 50 
6 49 21 5 17 1 
1 88 10 
3 76 6 13 1 
1 64 17 17 
1 61 11 18 3 1 3 1 
9 23 62 2 1 2 
79 10 2 6 1 1 
5 70 6 1 2 2 5 2 2 2 2 
14 25 60 
47 24 19 3 2 1 2 1 
13 46 24 7 1 4 3 1 
5 57 13 16 3 2 3 
1 24 39 13 6 7 7 2 
1 87 1 5 4 1 
1 35 28 8 3 4 19 1 
63 18 5 5 5 2 1 
32 26 2 1 11 22 2 3 
2 89 8 
1 79 6 3 3 3 1 1 1 1 
13 76 2 3 4 1 
1 50 28 8 8 4 
2 11 38 9 35 2 2 
6 66 11 14 2 
38 56 1 2 1 1 
22 42 30 5 
2 32 8 54 3 
2 29 16 24 6 5 15 1 1 
2 6 81 7 3 
1 90 2 2 2 2 
36 39 8 1 10 2 1 1 1 
2 88 8 1 
1 49 39 3 3 4 
3 38 42 12 1 2 1 
50 35 14 
14 36 36 9 2 1 1 
9 1 88 1 
2 63 2 4 27 1 
1 95 1 1 1 
1 79 1 10 8 
2 82 15 
4 85 5 3 2 
9 6 37 1 7 21 6 7 2 2 1 
6 2 83 1 3 3 1 
1 51 46 1 
1 98 
3 20 16 47 12 1 
10 59 30 
24 45 18 1 9 2 
3 30 46 3 7 4 1 5 
1 84 9 3 2 
2 95 2 
11 85 2 1 
2 68 29 
3 48 15 29 4 
7 89 2 1 
3 18 9 43 25 1 
8 17 73 1 
36 2 43 1 15 2 
4 31 51 9 1 3 
12 36 24 13 2 1 9 2 
28 6 15 24 1 14 8 1 2 
17 73 5 1 1 2 
1 5 31 16 4 9 7 24 1 1 
1 52 21 12 1 2 8 1 1 
1 31 42 18 6 1 
95 1 2 1 
11 48 23 12 5 
1 25 23 34 9 1 5 1 
97 1 1 
1 12 31 1 4 35 8 7 
1 42 50 6 
1 53 1 22 6 14 1 1 
2 49 3 3 25 17 
1 57 34 2 5 
66 27 6 
18 30 42 2 2 4 1 
1 89 3 3 2 1 
2 67 30 
7 11 68 1 1 7 2 2 
25 30 44 
3 21 44 9 16 1 2 2 1 
44 34 9 10 2 
70 4 22 3 
1 27 22 30 16 1 1 1 
5 41 43 10 
5 62 15 11 4 1 1 
1 62 28 2 3 1 1 1 
1 82 3 4 4 2 1 2 
4 85 3 2 4 1 
31 28 13 8 12 1 5 1 
52 41 5 1 
47 24 21 1 6 
3 79 1 2 11 2 1 
1 68 25 3 2 
1 46 28 8 2 5 2 3 3 1 
4 26 39 10 15 5 
3 29 28 5 23 4 7 
1 80 1 1 4 3 1 3 2 3 
3 72 6 8 4 4 2 
1 66 13 14 4 1 
1 49 15 25 4 5 
24 72 3 
92 4 3 
2 63 17 12 4 1 
13 21 60 2 2 1 
1 19 26 4 6 26 17 
14 65 13 5 2 
13 80 6 
3 6 65 10 15 
1 22 74 2 
20 55 12 3 3 4 1 1 
6 52 37 1 1 1 1 
1 79 8 1 3 1 2 4 
1 67 3 7 2 3 9 4 2 1 
7 88 4 
1 48 44 4 2 
1 49 29 11 3 1 4 1 
2 3 3 87 1 1 1 1 
2 56 30 9 2 
1 65 1 13 1 7 7 4 
2 31 60 2 3 1 
2 22 8 29 18 15 1 1 1 1 1 
1 52 5 36 1 3 1 
2 61 21 3 7 2 3 
1 46 46 5 1 
19 12 10 49 9 
28 13 52 4 2 
2 63 15 16 1 2 
96 2 1 
3 85 11 
2 24 1 55 17 
4 17 78 
1 38 14 37 6 2 1 
1 26 71 1 
3 87 7 1 1 
3 27 11 31 23 2 1 1 
1 39 42 12 5 
3 3 68 11 2 9 2 1 
4 33 49 4 6 2 1 
1 81 16 1 
1 61 18 4 8 5 2 
1 48 39 5 2 4 
1 67 4 19 2 2 4 
6 36 21 11 23 2 
98 1 
8 70 20 1 
1 45 9 13 1 16 1 4 5 2 1 1 
11 67 20 1 
1 93 4 1 
1 77 1 20 
76 14 7 1 1 
1 74 18 6 
3 88 1 6 1 
96 1 2 
2 50 40 2 4 1 
3 56 23 2 4 2 3 3 1 2 
1 61 37 
20 22 1 15 31 5 1 2 2 
1 30 15 49 4 
1 27 38 24 8 1 
1 35 20 14 7 4 18 
5 87 3 4 
4 46 4 40 5 
20 4 50 6 17 2 
5 86 8 
3 38 8 6 3 14 5 10 2 1 2 6 1 
7 68 23 1 
2 64 33 
1 84 11 1 2 
45 49 2 3 
13 4 69 5 7 1 
5 19 57 6 9 1 2 
1 73 12 4 9 
22 65 8 2 2 
2 85 10 1 1 
6 82 11 
36 22 22 9 8 2 
1 11 74 13 
1 50 48 
22 67 1 6 2 1 
1 74 2 17 1 4 
11 83 5 
1 39 10 20 27 2 
3 38 41 14 3 
1 62 32 4 
1 30 63 1 3 1 
77 8 6 4 3 1 
3 22 7 43 23 1 
1 54 6 17 1 17 3 
1 47 47 4 
1 98 
1 95 2 1 
24 25 7 6 26 1 3 2 5 
2 43 4 19 7 15 1 4 1 2 1 
2 90 3 3 1 
1 40 40 4 6 1 1 2 1 3 
15 79 4 1 
20 3 18 56 2 
1 1 34 31 8 5 14 4 1 
1 24 1 63 5 1 2 2 
3 60 16 8 12 
1 37 11 40 3 3 2 1 1 
1 8 52 6 19 7 3 1 1 1 
1 86 8 4 
2 29 3 62 2 1 
62 21 13 1 2 
15 58 5 13 2 2 2 2 
16 18 39 26 
1 78 20 
1 81 8 8 1 
3 71 17 2 3 2 1 
3 17 58 7 9 5 
12 52 10 6 11 1 6 1 
2 24 49 6 8 3 1 1 1 4 
21 23 25 1 12 14 1 2 
7 4 19 21 18 3 3 14 6 3 1 
1 88 3 3 3 1 
5 8 19 17 8 22 18 2 
2 2 26 53 2 8 1 1 2 2 
96 1 2 
1 43 19 3 2 6 2 14 3 4 1 1 
1 42 1 22 32 1 
1 52 5 28 13 
2 11 60 5 12 9 
17 7 46 23 1 1 4 
7 79 7 2 4 
31 35 8 16 5 3 1 
23 40 9 3 18 1 3 1 1 
17 53 27 1 1 
3 2 33 35 3 3 17 2 1 
1 60 19 19 
2 17 33 8 8 1 11 6 7 4 2 
3 56 35 1 1 3 
6 62 3 5 12 11 
13 31 30 7 7 7 3 1 
5 88 4 1 1 
2 46 40 10 1 
1 69 21 3 3 2 
3 88 4 2 2 
1 48 9 5 8 1 20 6 1 
1 30 67 1 
2 95 1 1 
1 15 72 11 
34 16 31 6 8 3 1 
1 61 35 1 1 
1 54 41 1 2 
1 64 28 2 1 3 
5 93 1 
71 27 1 
2 39 43 12 3 
1 9 42 8 6 22 11 
1 42 56 
67 6 19 5 2 
1 59 23 15 1 
2 91 4 2 
18 65 1 13 1 1 
17 36 6 6 34 
1 71 18 6 2 1 
5 1 20 69 2 1 1 
99 
6 68 25 
1 53 35 10 
6 88 5 
73 25 1 
12 65 22 
1 39 37 21 1 
15 19 51 1 7 3 2 1 
2 8 11 63 11 4 
1 59 27 6 6 
24 70 3 2 
1 97 1 
13 54 3 8 1 7 10 1 1 1 
1 4 26 44 19 5 
14 16 45 9 12 3 
3 5 33 33 3 17 2 2 1 
24 75 
1 3 33 21 19 16 6 
1 31 62 2 2 1 
68 29 2 
54 30 9 3 3 
1 62 26 10 
10 53 7 9 2 6 2 10 
80 8 9 2 
1 11 79 2 5 1 
1 79 10 1 7 1 
9 44 30 13 3 
86 13 
1 92 2 4 
1 94 2 1 1 
1 89 5 3 1 
5 28 66 
2 9 40 22 13 10 3 
1 79 11 7 1 
4 42 23 10 7 8 4 1 
94 5 
1 68 30 
1 81 17 
1 15 7 54 22 
1 3 73 19 3 
20 58 13 8 
1 94 4 
1 54 26 11 5 2 
1 55 27 13 2 1 
4 66 27 1 1 
30 69 
18 59 9 3 9 1 
1 77 13 6 2 
1 12 24 43 9 4 6 
7 13 4 73 2 
1 63 16 11 3 5 
1 80 1 11 2 4 
1 58 23 3 5 1 7 1 
1 43 42 12 1 
1 67 21 10 
10 61 28 
1 61 8 14 4 9 1 1 
8 37 12 11 5 3 8 1 4 4 6 
1 17 32 37 10 2 
6 80 2 3 6 2 
1 26 65 2 5 
1 33 13 15 27 10 
4 36 52 4 3 
1 78 19 1 
4 10 73 8 2 1 1 
6 25 33 34 1 
1 66 19 7 6 
5 34 57 1 1 1 
1 36 11 47 2 2 
1 71 8 18 1 
1 88 10 
20 26 16 26 9 2 
4 50 44 1 
1 43 9 12 4 26 1 2 1 
1 64 30 3 1 
1 14 54 16 14 
1 39 37 18 4 
1 58 17 10 9 3 1 
8 77 14 
95 3 1 
1 63 35 
2 85 3 5 4 
8 91 
15 6 51 11 16 
8 52 21 16 1 1 
1 97 1 
1 47 51 
1 75 9 5 4 3 2 
1 87 1 8 2 
1 96 2 
1 93 5 
1 30 68 
2 70 8 4 13 1 1 
1 80 15 3 
3 40 53 1 1 1 
4 51 28 2 6 4 1 1 2 
1 97 1 
6 83 2 5 1 1 1 
1 29 55 9 5 
1 25 21 36 16 
52 26 11 4 2 1 2 1 
1 90 6 1 1 
1 22 50 14 11 1 
1 40 54 1 3 
4 70 25 
1 60 10 12 3 3 2 5 3 
11 69 11 8 
1 8 5 81 1 2 1 
7 52 1 14 23 1 1 
39 55 5 
1 49 47 2 
1 80 18 
16 35 35 13 
6 70 18 1 4 
65 28 5 1 
4 87 1 4 2 1 
2 61 12 22 1 1 
1 26 63 1 4 3 1 
22 54 3 11 9 
33 23 32 4 4 2 1 
1 97 1 
1 54 15 22 5 1 1 
41 10 43 4 1 
1 86 5 6 1 
4 7 25 33 12 2 2 13 1 
1 27 27 16 14 9 5 
12 17 29 11 20 3 6 1 
5 9 45 6 29 5 
1 74 14 6 1 2 1 
32 31 35 1 
81 12 6 
2 16 76 4 1 
92 3 1 1 1 1 
20 14 4 39 19 3 
1 81 11 4 1 1 
11 1 45 26 12 1 2 1 
16 82 1 
99 
1 89 9 
1 46 15 11 23 1 2 
3 35 30 11 19 1 
5 61 33 
54 12 29 3 1 
85 5 1 6 1 1 
26 9 9 28 9 1 7 10 
1 32 60 4 2 
1 21 36 11 15 15 
2 27 7 43 6 3 5 1 2 3 
3 2 11 51 5 5 14 5 2 1 
3 27 53 4 3 6 3 
3 51 45 
2 15 66 11 1 2 2 
1 53 19 13 13 
1 48 26 12 9 2 1 
1 74 23 1 
1 24 42 28 4 
1 81 10 5 2 
7 73 12 3 3 1 
14 41 35 1 4 1 3 
2 60 22 12 2 1 
1 47 49 2 
1 20 22 54 2 
57 26 10 1 3 1 1 
76 18 5 
4 89 1 3 1 1 
1 90 1 2 1 1 3 
99 
2 70 20 4 3 
2 1 16 74 1 3 1 1 
1 89 1 5 1 2 
33 50 15 1 
6 63 15 1 5 1 5 2 1 
1 30 11 9 8 2 19 18 1 
2 97 
80 1 6 2 5 2 2 1 
1 73 18 6 1 
92 2 5 
5 30 35 24 5 
1 98 
10 65 6 8 9 1 
1 93 5 
20 40 21 16 2 
1 31 29 17 19 1 1 
1 37 10 29 10 4 4 4 
36 62 1 
8 19 72 
1 22 44 30 2 
99 
47 8 16 4 11 2 11 
6 71 6 10 2 1 1 2 
1 94 1 2 1 
1 77 2 15 4 
99 
28 14 28 27 2 
3 79 9 8 
34 40 13 12 
4 45 1 22 24 2 1 
1 46 38 14 
6 4 34 10 6 30 9 
76 16 3 2 1 1 
1 57 3 2 19 2 10 2 3 
1 15 64 17 2 
4 1 13 12 51 3 11 1 1 1 1 
1 32 59 1 6 
2 77 5 10 2 2 1 
1 47 37 3 11 
16 28 36 10 6 2 1 
7 90 2 
1 59 36 1 1 1 
1 33 45 15 2 3 
12 67 6 2 5 1 2 2 1 1 
