3000
100
41
83
53
54
61
56
61
57
33
86
98
39
72
48
40
65
37
85
54
65
92
48
83
47
22
36
39
49
50
56
65
34
58
54
78
73
41
78
83
50
45
53
62
51
44
58
46
89
97
74
65
42
52
35
46
55
92
60
89
47
91
60
86
60
96
67
35
76
97
35
44
82
86
58
59
49
47
86
69
35
91
31
80
49
64
27
27
73
77
47
85
95
40
77
60
68
90
45
54
33
41
65
91
47
96
55
80
95
89
95
36
85
43
83
69
71
83
45
52
72
32
54
76
99
63
69
47
86
64
85
69
75
89
43
53
56
32
74
49
47
88
41
36
31
61
48
90
35
88
40
50
41
65
43
81
47
62
78
53
60
89
46
70
65
87
46
62
60
31
52
25
98
88
57
48
25
58
51
56
32
56
46
76
84
46
38
41
75
42
70
70
56
64
79
79
59
57
50
43
81
83
46
95
40
38
50
48
45
84
55
64
80
31
100
33
31
65
54
73
100
49
60
97
46
46
67
66
97
41
63
42
57
23
37
34
92
91
61
50
45
75
97
31
70
76
98
36
51
35
73
89
61
84
95
26
77
92
80
54
60
72
76
86
90
44
99
72
80
50
48
95
75
96
68
35
49
73
92
35
73
58
82
48
52
28
51
79
73
92
77
84
72
36
56
71
96
77
54
42
85
42
97
52
88
74
59
96
95
86
44
55
62
49
64
69
45
32
44
85
68
69
59
65
91
75
54
42
25
83
97
70
42
45
49
41
97
99
54
51
36
51
68
54
58
44
54
61
63
42
89
53
50
87
84
31
47
61
44
46
88
51
67
42
99
71
80
37
48
91
98
45
71
39
61
100
76
61
65
85
54
47
82
64
43
79
72
57
75
92
75
37
69
62
38
60
59
41
55
63
78
55
85
50
84
68
81
76
53
79
78
99
81
34
86
56
59
48
84
52
46
67
44
95
72
41
45
39
83
74
49
49
37
52
89
35
61
84
67
83
52
47
84
38
36
85
66
44
30
75
55
67
28
67
51
41
40
94
34
53
63
77
71
77
67
43
81
77
64
62
67
52
69
37
74
44
98
53
38
41
77
57
74
69
93
81
46
82
57
77
47
48
93
37
76
58
32
52
68
84
75
98
71
78
41
85
86
63
70
43
85
84
98
35
51
82
47
29
47
64
48
53
36
85
84
28
64
63
44
55
60
85
38
76
57
79
93
37
46
41
39
29
49
72
87
60
89
56
71
83
51
63
44
35
56
89
97
51
38
51
61
77
48
47
70
79
56
50
72
35
49
72
75
71
68
92
76
72
73
47
78
40
97
71
82
38
74
86
52
57
75
71
40
36
65
48
31
83
92
37
65
36
59
86
60
33
89
73
79
39
62
88
52
80
33
54
57
27
72
50
93
67
71
92
77
46
68
77
92
71
75
56
92
44
89
56
52
47
42
51
96
51
88
51
44
71
45
43
51
57
93
95
83
41
78
100
58
76
89
74
70
39
36
30
45
78
76
82
41
66
30
22
80
71
47
87
39
78
40
68
48
51
33
55
66
60
60
71
85
63
61
60
74
77
54
100
74
45
61
68
87
52
81
67
83
50
60
49
64
84
48
61
84
39
52
90
38
66
49
67
85
61
63
60
60
99
63
86
65
33
67
58
24
33
45
80
66
66
61
45
73
75
42
66
63
38
58
40
92
51
86
33
76
48
35
58
45
89
97
43
74
41
73
64
68
38
42
73
28
74
49
26
69
63
64
93
35
40
22
52
58
29
40
42
57
54
42
88
65
67
46
52
65
71
56
97
93
54
69
86
55
64
77
79
33
30
74
26
49
67
50
43
50
61
90
42
87
47
35
41
55
47
93
77
55
85
51
77
93
83
74
65
55
96
86
82
40
97
43
36
76
76
47
52
45
44
29
67
61
85
43
60
44
87
71
81
90
73
30
60
50
60
62
77
23
97
95
86
76
50
46
59
86
91
55
33
44
70
52
79
54
75
93
61
38
94
67
45
79
43
59
57
48
73
91
51
52
33
77
72
78
65
56
68
36
40
97
54
91
99
77
95
80
86
26
70
65
31
38
59
84
28
42
97
50
50
50
52
46
37
88
95
40
32
42
64
66
83
66
34
31
84
45
63
83
56
70
66
43
48
92
77
43
56
79
68
96
54
45
45
55
62
47
42
76
82
69
61
85
93
95
90
74
33
60
58
77
58
29
57
42
87
41
76
50
38
83
73
79
53
56
88
59
46
65
46
41
77
72
46
54
73
33
66
64
51
73
100
68
46
78
43
41
40
46
42
54
91
55
58
61
49
31
49
56
74
93
53
72
69
97
56
63
53
70
52
73
39
50
51
67
76
39
92
96
46
36
42
61
71
63
91
58
81
71
60
46
80
45
53
83
49
46
58
74
60
77
45
75
55
45
92
99
66
32
68
46
85
40
43
42
98
27
100
37
43
80
100
71
55
66
32
100
43
57
36
39
52
53
66
84
46
87
48
54
61
56
83
94
81
57
51
62
74
53
89
47
67
57
73
91
27
81
84
66
73
74
47
66
42
64
31
42
78
40
69
58
64
47
68
40
90
55
76
32
83
31
44
76
35
50
77
48
100
86
62
28
38
37
56
46
51
44
51
69
40
63
65
39
38
48
73
66
81
93
42
66
76
66
53
76
46
72
93
36
76
62
83
77
93
45
51
57
96
83
92
90
44
74
40
79
30
63
64
82
40
25
42
73
82
38
64
43
39
48
66
59
62
44
73
87
57
40
35
60
72
30
59
55
52
31
41
88
40
75
93
53
77
64
55
97
83
24
43
52
95
95
89
86
43
58
97
82
40
68
45
68
67
78
82
58
83
96
35
72
46
35
64
47
86
57
58
26
38
49
59
56
86
55
60
48
47
77
65
40
61
74
55
77
79
29
86
48
43
41
69
61
80
97
46
69
72
25
82
48
76
39
60
94
58
70
49
88
99
38
48
57
39
36
68
48
46
57
35
63
76
81
75
70
57
98
52
100
59
71
65
66
69
67
83
85
42
62
42
45
42
56
53
48
100
59
27
79
71
29
60
51
95
56
73
35
91
46
56
79
82
64
48
94
35
51
52
53
66
89
33
67
77
52
32
41
79
83
55
23
96
37
42
62
53
32
78
60
66
46
93
93
28
70
48
33
61
51
95
100
60
87
46
79
93
26
49
34
37
50
42
44
63
90
89
86
75
83
86
88
90
40
75
51
93
94
30
35
56
92
53
58
83
96
86
75
50
95
28
89
52
58
80
88
59
97
56
52
47
66
83
79
95
52
59
42
99
46
62
56
85
52
52
86
63
50
53
36
83
27
67
47
65
43
86
35
77
25
52
99
50
33
31
97
88
83
50
90
38
29
39
60
52
61
37
50
44
58
79
61
48
98
29
73
87
67
31
89
84
59
52
38
71
94
86
82
95
96
78
38
89
97
28
42
57
64
60
56
89
32
77
45
60
82
66
60
48
32
44
44
84
59
46
36
57
31
33
49
59
65
68
60
84
67
92
54
50
50
66
51
71
33
31
55
98
71
34
57
41
88
76
48
61
39
92
59
41
60
36
52
62
33
41
34
57
50
74
42
62
47
55
30
68
26
50
91
46
74
55
46
36
81
55
63
45
76
29
65
59
39
55
73
51
38
49
25
27
38
64
57
37
94
57
49
72
76
44
94
45
99
92
69
59
46
64
55
78
26
90
54
65
75
37
41
87
66
33
86
80
51
98
87
66
58
80
68
63
55
56
45
65
43
33
33
71
63
78
56
49
57
55
44
54
37
94
68
53
43
59
79
45
74
67
52
74
60
42
48
37
90
34
89
65
93
46
30
55
84
40
69
53
27
72
44
44
96
43
47
65
96
32
50
67
56
58
90
58
93
58
72
88
63
41
58
90
71
93
76
71
92
37
74
50
53
36
74
35
95
93
37
79
19
62
90
79
70
63
72
93
68
66
95
77
24
57
46
98
47
93
48
84
57
87
42
97
62
77
81
81
37
49
71
32
86
62
82
40
87
39
58
88
89
78
46
48
33
55
91
59
33
82
58
74
48
69
54
56
57
82
42
80
57
92
65
49
44
67
92
78
60
88
61
53
89
62
62
55
69
53
36
52
37
77
72
75
92
68
47
92
54
55
74
33
31
84
54
65
39
63
28
75
54
95
50
32
52
76
100
85
49
63
58
73
46
49
68
38
82
65
81
43
97
37
36
73
29
44
52
92
47
81
90
66
75
46
60
53
40
83
60
49
78
72
87
39
62
47
49
43
74
44
34
65
92
54
63
41
74
87
76
71
57
90
79
52
36
39
60
73
89
58
71
24
89
53
74
60
65
56
36
79
75
88
40
63
53
53
43
45
53
51
45
46
72
48
57
72
48
27
42
77
77
74
55
49
90
34
47
60
42
35
57
44
35
42
67
62
41
82
45
82
48
48
78
73
53
72
61
79
44
63
61
40
48
64
65
61
50
38
75
46
100
82
68
50
35
28
63
58
73
66
49
36
39
89
69
60
36
84
92
36
56
73
63
61
58
86
34
95
56
91
73
83
62
20
46
32
57
44
66
80
54
46
51
58
98
48
67
58
52
60
57
82
57
59
38
31
100
67
37
62
68
67
37
83
33
33
42
98
44
44
70
83
93
79
87
88
46
92
40
53
85
71
66
79
65
54
53
75
100
50
53
61
53
52
34
26
78
70
54
76
39
49
37
89
59
66
41
43
61
38
41
32
63
56
54
63
47
54
52
72
51
40
84
27
50
45
62
97
91
71
34
88
52
44
44
72
52
81
23
31
79
85
66
75
38
71
92
62
58
54
23
42
95
34
99
68
64
29
36
49
95
99
90
79
91
86
73
91
93
44
62
82
56
65
57
88
64
39
63
46
59
81
60
57
86
21
73
46
56
46
51
61
46
21
43
85
62
59
45
48
85
98
60
45
53
30
73
59
56
83
72
94
59
41
41
57
52
73
91
95
50
52
79
50
39
70
69
56
42
51
36
97
43
96
53
46
48
39
75
54
45
45
81
82
65
30
79
78
36
57
49
42
90
97
51
95
55
47
69
73
51
69
68
53
70
54
97
40
99
77
60
69
65
100
74
57
26
27
100
35
44
27
84
53
92
56
58
48
43
81
65
52
97
54
70
27
73
61
90
51
42
34
34
29
45
47
73
31
97
45
55
42
63
30
37
53
89
39
85
35
50
88
25
50
87
36
77
67
35
54
69
60
46
32
97
53
32
43
63
77
41
39
64
89
68
70
71
52
72
43
42
49
74
42
61
44
56
60
61
86
45
53
50
78
55
44
89
40
77
49
59
58
69
53
80
50
94
49
68
87
28
53
51
50
77
54
35
61
47
86
34
70
53
95
53
90
46
47
69
61
55
61
41
46
81
49
50
55
74
55
68
51
78
58
39
39
55
93
52
34
51
96
44
50
64
41
56
33
37
45
62
60
48
61
82
87
43
59
69
95
87
46
46
79
26
76
88
50
57
47
54
87
46
67
56
47
69
47
58
64
60
63
33
53
40
58
52
78
40
29
89
42
52
98
53
61
98
33
79
44
28
81
73
47
92
51
47
37
53
59
83
63
88
47
44
56
48
84
82
45
62
75
53
45
28
40
85
55
31
88
56
52
92
65
31
80
80
85
90
64
49
72
56
32
34
29
50
96
89
51
47
94
61
42
68
72
46
24
65
95
72
33
90
74
35
20
79
58
88
75
100
45
61
62
82
60
50
69
92
67
98
66
95
45
48
58
51
69
49
49
85
65
32
67
84
51
98
41
62
26
58
55
100
94
61
35
66
42
81
59
68
37
49
65
69
79
47
71
98
46
45
58
69
57
80
96
37
32
36
64
45
32
58
33
91
45
41
58
63
63
71
62
67
96
72
63
74
99
37
91
55
71
61
85
69
62
89
65
44
61
91
38
65
63
47
45
76
24
50
88
88
40
40
57
79
51
38
98
63
48
34
53
47
57
38
66
60
68
31
71
99
60
55
44
52
48
68
80
57
96
73
43
86
59
26
51
55
55
61
46
85
89
66
60
56
77
35
89
52
48
39
81
77
59
63
96
86
37
55
66
80
38
52
43
49
35
61
58
87
98
51
59
62
52
49
53
83
63
55
100
85
82
24
65
73
42
49
75
58
42
47
90
55
40
82
44
51
66
74
40
30
42
44
90
51
60
33
70
67
94
76
63
59
71
87
63
81
91
76
35
98
42
47
64
68
30
35
42
97
67
91
56
42
81
54
60
62
66
52
56
95
95
45
38
72
98
81
76
41
37
99
58
87
46
79
60
99
64
60
29
100
74
41
52
72
49
37
95
54
70
36
87
57
30
79
58
56
90
93
33
53
92
57
47
78
71
23
36
62
25
84
72
68
43
50
95
78
88
100
89
57
73
50
47
88
95
60
87
48
94
64
32
65
91
43
97
44
48
58
96
50
90
88
66
42
95
91
62
82
68
59
90
79
49
60
50
23
34
46
63
68
45
83
71
80
99
56
89
26
89
48
49
89
55
72
31
40
89
65
53
64
96
47
88
86
39
88
42
72
87
37
82
27
79
83
61
44
40
44
58
91
37
76
91
81
63
89
57
75
51
37
38
82
83
85
45
84
39
49
46
52
38
26
98
56
34
32
62
50
89
65
51
76
75
42
52
90
67
74
32
89
47
58
38
78
67
98
42
97
85
74
38
42
49
63
44
47
39
46
56
88
65
94
56
61
61
43
39
53
49
48
45
61
93
58
55
85
68
78
43
44
51
89
61
88
