3000
71
20
24
43
32
41
52
43
39
64
20
50
37
63
44
49
41
40
43
38
43
32
26
48
69
58
43
54
45
49
33
55
49
50
56
63
56
26
24
18
35
19
63
35
48
56
59
23
56
49
35
37
30
26
34
58
57
45
67
68
33
39
71
56
42
40
69
33
44
57
51
36
31
52
39
45
70
60
47
63
52
46
57
59
56
42
22
53
69
33
33
52
22
51
43
49
31
57
65
51
31
52
37
35
42
48
53
54
56
24
28
26
67
27
26
35
57
40
67
63
33
23
32
70
39
55
64
22
44
35
66
52
31
37
65
41
45
29
47
47
24
46
58
18
68
33
41
33
23
29
31
36
26
39
34
51
39
34
52
67
70
36
66
52
70
45
63
32
58
33
54
44
32
46
29
33
51
51
37
46
35
60
39
43
65
40
53
68
71
54
29
34
21
64
60
43
28
47
54
43
47
46
60
33
65
49
40
44
34
30
45
44
34
33
14
45
49
48
20
43
30
30
50
44
47
34
50
40
66
58
43
45
33
27
50
30
50
24
31
44
24
61
26
32
29
70
40
55
37
42
36
65
54
58
68
42
65
61
70
65
43
52
27
49
39
28
36
38
54
31
54
48
63
51
47
23
58
20
64
51
54
62
49
57
40
37
68
55
57
33
24
36
57
37
47
54
71
51
60
50
53
33
42
58
41
26
27
44
41
25
38
35
55
43
55
58
56
55
42
71
59
66
28
45
35
38
42
47
29
40
65
28
65
71
40
40
46
41
40
36
49
42
69
69
41
49
62
53
26
25
25
35
41
25
31
56
53
60
46
35
45
31
39
50
39
25
45
56
24
36
42
42
23
23
71
55
31
44
39
40
38
25
51
43
52
25
45
26
29
42
43
69
49
29
54
49
49
56
49
34
28
52
68
42
49
39
54
58
69
50
25
39
67
37
43
31
26
44
28
15
29
33
30
55
25
39
51
64
24
39
39
25
28
43
20
40
38
54
64
43
54
55
49
49
43
61
33
52
32
41
34
28
68
61
38
71
34
67
31
50
36
38
59
49
26
47
35
42
49
57
41
37
31
55
62
26
35
61
47
58
64
26
62
39
26
42
43
24
32
33
63
45
43
36
52
49
30
35
48
60
51
47
42
54
28
39
51
62
45
51
40
54
37
53
43
65
53
42
23
55
65
40
38
47
51
63
49
23
56
65
37
22
60
21
56
36
39
22
27
64
60
35
47
28
30
40
51
29
36
44
22
40
57
53
27
42
20
46
55
59
40
28
62
71
27
27
46
65
29
70
27
35
33
55
56
49
31
33
43
40
44
53
31
27
68
44
39
24
57
40
58
55
52
52
34
31
38
44
38
33
20
49
41
35
32
30
45
45
38
27
63
68
36
43
34
47
58
29
46
50
56
33
60
28
40
44
30
58
49
30
39
31
50
28
40
49
68
53
71
44
59
39
42
67
70
57
43
49
47
32
45
62
25
27
63
34
26
65
32
41
22
19
35
27
35
34
53
57
34
39
56
38
50
53
51
31
39
42
20
58
29
57
68
29
37
40
39
39
31
57
70
64
47
65
43
66
54
48
54
61
38
43
63
61
47
58
60
42
46
68
37
39
53
35
30
40
18
64
63
38
51
60
54
54
65
65
52
27
32
23
20
55
49
39
39
52
37
58
38
34
58
50
28
45
43
20
46
49
46
54
35
64
32
44
49
63
70
22
29
20
36
39
39
58
25
61
17
53
47
62
36
29
49
70
39
63
33
28
48
70
33
28
54
46
54
58
50
62
21
71
60
28
63
47
25
42
28
54
37
56
35
70
31
43
22
31
55
31
38
63
62
29
31
44
24
58
41
26
52
70
29
47
24
26
52
28
68
52
35
57
45
46
54
22
34
37
36
30
35
63
30
44
33
35
40
52
57
44
53
36
21
51
36
48
56
31
35
52
41
45
40
13
32
51
56
58
62
56
35
30
50
39
40
50
54
26
39
57
21
50
27
66
29
40
21
37
54
49
63
49
31
36
59
46
71
38
50
18
58
39
40
44
66
34
41
50
69
59
54
46
24
65
48
33
21
29
41
35
46
48
48
23
49
27
70
44
41
69
56
48
43
43
25
25
69
66
51
47
21
25
71
55
40
50
58
34
38
51
23
26
26
57
39
34
52
23
22
55
44
26
34
35
53
43
29
50
64
36
48
37
37
44
48
41
36
63
38
28
50
39
68
47
37
67
43
54
39
60
36
70
59
30
38
66
44
51
51
71
46
22
30
71
37
42
35
31
58
66
32
56
19
44
36
47
60
27
34
61
55
35
32
67
39
45
24
26
38
60
59
27
34
47
29
22
55
29
57
37
38
32
58
38
71
71
31
52
52
28
66
36
32
23
34
48
70
58
40
59
35
28
54
28
61
22
37
30
50
43
23
37
38
50
33
59
59
71
24
62
65
31
34
63
32
40
29
24
34
42
46
26
48
37
63
27
32
48
38
44
30
70
55
27
51
23
56
36
42
29
21
26
23
22
53
39
64
67
42
38
59
45
39
23
26
22
66
30
44
41
43
31
42
33
38
29
49
66
46
50
41
27
32
26
65
19
25
58
29
26
34
48
44
48
29
65
57
54
52
62
33
29
49
27
48
45
44
38
20
40
23
41
54
45
38
56
66
25
58
32
21
39
43
45
44
70
60
39
42
35
71
44
30
26
60
27
65
40
36
68
69
63
56
30
39
32
31
69
56
49
35
59
50
56
38
32
49
33
31
56
37
42
40
52
24
27
31
58
29
46
53
54
57
33
58
47
43
51
58
64
38
69
58
27
50
67
49
48
53
40
19
35
35
49
27
34
39
43
43
36
32
47
38
50
31
33
22
17
23
67
60
61
19
44
33
39
45
65
56
41
36
63
32
49
61
44
64
33
50
62
32
63
53
56
43
49
38
37
59
26
68
44
25
29
39
62
29
43
39
44
19
46
60
56
62
32
30
55
40
34
71
60
51
31
23
37
26
24
51
60
57
34
44
29
55
47
38
49
68
63
38
19
23
50
38
44
41
26
56
25
49
62
33
45
34
49
44
39
30
28
27
34
43
20
35
71
53
56
49
27
66
38
57
43
43
29
46
50
61
30
52
31
38
65
32
19
65
58
39
59
39
25
40
37
60
35
49
63
32
37
35
27
40
29
70
55
35
53
59
54
52
37
48
71
64
54
58
38
55
59
35
64
69
22
32
55
63
31
66
30
30
52
61
50
29
57
30
47
36
23
65
53
24
59
56
71
27
33
41
27
22
20
57
39
61
63
20
63
47
19
52
67
46
37
42
51
52
20
65
42
25
62
35
47
68
36
62
55
39
34
71
52
45
39
36
54
68
48
35
54
23
25
40
32
52
52
42
28
42
65
26
25
48
22
37
62
30
63
24
47
49
68
48
43
67
62
37
32
27
20
55
58
39
57
58
54
28
61
39
32
42
50
51
46
69
30
46
44
59
69
43
41
60
62
40
42
38
57
67
31
45
30
42
43
37
64
38
69
45
57
49
58
53
65
49
50
29
66
50
37
37
48
53
40
42
41
31
61
62
36
60
45
45
70
37
41
34
33
33
54
55
56
65
59
41
63
31
64
42
46
46
61
34
51
40
33
45
64
25
38
29
55
48
35
26
35
54
59
60
36
60
45
39
57
16
32
47
37
37
61
36
37
36
47
25
58
66
39
55
53
51
32
27
33
57
49
66
61
32
12
46
39
37
41
20
68
38
40
32
18
27
29
53
63
48
45
49
42
34
37
41
59
54
22
33
32
61
26
43
28
37
47
35
30
61
35
55
71
61
53
48
41
36
40
24
30
33
48
66
38
39
61
44
31
34
29
27
62
47
18
35
57
32
60
43
43
50
44
20
33
52
44
65
68
30
32
61
54
39
42
59
49
42
40
71
48
27
28
65
42
38
65
36
29
27
30
34
40
63
69
25
47
43
65
26
46
62
25
35
65
41
24
40
48
69
41
34
55
25
41
38
33
62
39
37
34
56
29
33
38
45
39
39
53
54
41
41
60
39
18
67
24
46
36
34
34
25
63
69
32
68
56
27
46
36
33
32
71
64
50
42
32
22
32
34
47
19
27
36
49
50
29
62
46
35
52
42
35
29
46
37
38
28
67
62
54
45
46
36
33
43
44
22
50
35
44
59
56
17
38
70
36
43
37
43
61
63
36
33
30
70
70
47
45
38
44
49
34
36
28
35
21
31
35
21
30
38
65
43
61
30
69
48
54
22
55
71
53
26
55
53
42
53
44
63
48
65
40
30
29
31
34
43
64
55
36
62
49
39
52
48
35
57
58
36
51
58
62
25
33
65
41
56
64
45
42
46
36
39
24
37
42
24
38
57
59
53
37
57
68
34
32
46
23
43
43
49
71
63
46
65
29
59
36
34
62
66
43
50
42
22
64
28
17
43
49
36
21
38
41
39
36
64
62
67
43
40
34
52
35
71
54
41
35
45
32
36
33
14
47
43
43
35
51
42
38
71
33
35
32
25
41
36
60
42
40
26
16
33
33
55
67
38
71
50
58
60
58
32
31
65
21
19
25
49
57
26
56
62
71
30
54
45
62
53
36
46
54
36
21
37
64
59
45
21
62
45
47
35
23
54
28
40
58
53
37
27
27
34
39
44
27
40
61
35
44
56
61
54
63
65
42
52
52
37
25
64
56
39
48
18
23
64
35
28
42
31
62
53
37
35
28
28
31
40
28
33
31
56
46
22
50
48
40
37
49
31
45
63
48
63
57
59
36
33
56
69
37
41
36
21
33
59
31
53
69
61
51
71
39
25
61
36
35
65
27
33
38
30
32
60
39
62
62
36
22
54
53
58
31
67
25
34
49
37
56
42
63
56
53
24
54
69
42
61
35
33
36
44
62
37
37
50
48
28
41
66
49
60
37
48
71
67
33
32
24
58
58
28
35
68
36
27
37
67
66
35
29
50
52
32
55
68
49
36
47
29
31
62
27
62
35
37
39
43
43
39
52
30
51
32
21
70
70
54
42
35
66
30
44
30
50
29
27
46
54
58
39
41
64
54
65
47
38
31
64
44
67
34
30
44
70
28
46
26
30
54
60
51
62
20
36
29
53
28
60
48
22
38
32
64
46
60
29
37
53
52
54
28
52
69
35
34
43
33
25
65
30
55
18
24
33
32
56
28
69
19
48
68
29
57
22
68
37
25
68
45
35
37
61
42
20
44
27
38
62
38
33
70
31
32
27
49
48
21
54
38
32
23
50
46
30
25
51
55
49
34
32
25
26
25
60
48
51
43
34
19
54
64
23
33
56
24
33
51
64
31
14
69
40
44
60
59
57
45
43
29
25
35
37
65
39
62
42
46
38
51
41
29
65
51
33
35
42
38
41
28
43
52
52
40
60
63
35
46
66
29
45
48
63
44
26
71
62
57
27
53
60
58
57
44
56
37
35
25
47
23
63
27
33
20
52
31
24
60
66
33
33
65
21
30
66
26
58
41
62
71
44
49
21
35
31
38
70
51
19
34
28
61
28
22
42
31
21
37
66
12
52
44
20
31
58
51
56
29
66
46
44
30
37
32
58
47
61
29
39
60
32
28
53
34
59
25
38
39
34
71
23
42
41
22
40
33
29
34
36
27
24
59
48
17
65
40
37
33
46
68
47
34
23
30
44
59
37
23
47
44
34
41
47
31
29
44
70
48
37
36
54
51
45
24
40
42
40
39
41
65
67
41
34
36
32
39
30
55
71
43
49
42
61
66
51
22
60
42
55
23
26
34
40
27
64
34
71
32
27
28
50
12
42
56
30
34
37
32
32
46
48
51
33
32
23
67
26
63
44
36
36
71
57
46
64
58
47
35
59
23
45
36
52
35
58
37
66
31
63
31
44
54
28
36
56
45
65
34
63
38
18
39
27
26
27
57
51
47
33
33
61
29
44
39
33
50
41
32
63
41
31
64
53
46
51
42
32
28
48
41
56
44
28
43
40
40
35
46
25
25
55
60
28
24
42
68
26
35
31
38
50
60
47
67
38
38
53
70
56
57
52
22
44
61
37
49
30
69
32
39
47
49
66
46
49
38
44
54
70
64
37
52
36
64
32
34
58
57
21
61
43
47
46
55
63
62
64
37
56
27
48
59
30
67
61
39
50
53
28
38
53
36
55
52
62
20
27
31
25
34
44
49
43
66
60
27
31
30
34
63
67
45
36
27
71
28
66
49
66
55
57
48
43
63
25
23
64
47
53
30
51
60
51
61
22
65
41
55
40
41
59
39
36
36
51
42
45
40
64
48
34
24
32
41
27
53
39
66
40
65
36
37
63
41
50
38
37
26
43
47
36
56
56
22
70
62
41
25
23
69
69
49
37
51
57
54
36
40
65
49
18
44
44
24
50
69
28
29
33
39
49
33
45
51
64
54
58
30
59
34
41
19
42
35
45
39
37
47
37
65
48
60
56
34
29
54
29
29
43
42
56
59
41
19
33
52
35
66
67
29
45
68
27
65
50
43
58
58
65
55
46
24
52
27
40
31
30
29
69
37
30
29
69
38
62
50
42
50
56
34
27
52
45
69
61
30
65
26
37
45
65
34
28
56
43
42
28
69
35
36
27
49
25
26
40
35
64
71
33
46
30
47
26
35
36
43
49
71
41
32
50
35
47
34
39
24
39
57
51
63
58
47
61
33
40
31
28
14
53
26
32
63
69
64
35
27
32
59
31
37
69
27
69
54
64
37
48
42
53
25
46
37
64
69
55
39
66
46
54
63
36
21
42
26
53
28
