3000
72
72
27
34
72
32
34
53
59
42
40
48
24
62
26
60
55
12
28
49
63
35
48
37
65
62
63
21
35
40
32
61
71
44
33
72
62
48
37
47
30
61
41
27
25
46
46
42
19
51
62
34
64
60
31
34
37
60
45
32
71
48
51
25
34
49
32
51
42
53
58
55
31
34
41
47
49
52
70
65
29
72
70
59
46
71
71
41
62
46
30
25
53
25
55
28
31
49
33
50
25
33
70
39
40
42
69
50
38
24
26
47
23
68
29
26
38
36
68
34
47
36
37
65
69
29
48
71
49
45
22
51
49
37
48
34
61
19
44
55
68
47
71
35
42
55
45
52
45
27
52
31
37
66
18
61
37
40
61
64
59
25
68
51
47
41
71
44
40
42
30
27
38
31
38
56
47
22
45
36
32
66
52
54
34
27
60
37
30
46
26
49
36
63
68
63
29
40
44
49
45
43
66
38
54
26
23
19
32
72
28
28
35
34
39
36
37
41
22
71
46
53
52
55
28
29
49
32
63
52
57
61
25
70
58
30
34
21
60
44
23
34
49
39
35
34
18
48
59
45
47
61
38
22
34
31
30
45
55
42
28
35
37
28
45
23
50
32
43
27
53
38
43
61
36
38
38
41
37
45
34
63
70
72
44
49
43
27
25
24
33
37
54
36
57
54
39
21
69
63
35
51
33
49
32
52
37
27
31
46
48
48
64
55
69
65
25
50
40
33
68
48
42
48
42
43
35
53
53
31
64
25
35
34
70
57
64
29
26
64
40
35
49
31
38
56
59
38
36
41
22
26
71
51
46
29
64
35
30
51
38
45
47
41
52
27
25
59
64
49
47
68
62
31
39
53
61
27
22
34
52
58
57
17
55
45
67
47
28
64
40
52
34
45
60
68
48
23
58
38
66
60
66
71
35
49
42
40
54
25
34
35
44
64
29
43
44
51
68
27
54
60
54
38
43
30
29
51
42
44
45
40
48
22
50
65
30
57
55
72
63
33
31
47
69
39
36
47
50
67
43
29
25
65
31
44
41
51
39
32
31
62
35
30
51
38
48
72
62
72
60
21
67
33
38
68
35
24
66
19
31
37
25
19
32
62
65
36
41
43
31
44
23
58
72
45
32
51
51
37
50
42
67
52
54
28
28
33
63
31
35
43
39
41
23
72
33
66
65
39
51
39
46
24
41
45
27
51
40
51
44
33
43
59
33
60
38
42
38
65
51
53
36
51
66
41
65
22
45
58
42
51
49
28
56
47
32
25
55
27
41
72
29
32
44
40
34
47
23
48
36
28
29
33
36
62
65
69
47
65
33
52
67
26
38
31
64
26
37
30
60
45
39
47
61
24
32
52
69
35
67
43
32
67
67
63
46
59
46
37
47
32
61
71
53
21
24
17
53
50
48
38
37
43
32
56
41
29
21
34
60
39
35
59
41
49
39
20
46
36
55
35
31
43
29
33
32
62
55
39
25
40
52
70
23
40
52
45
57
66
44
32
68
49
37
51
24
29
40
22
53
58
31
21
26
27
45
32
45
19
40
72
44
40
38
70
38
49
59
47
55
32
50
25
29
38
59
24
42
43
35
32
26
65
50
38
48
57
17
62
38
47
67
58
47
37
24
38
29
66
49
40
37
34
36
32
52
32
60
36
71
56
61
29
41
49
63
32
45
31
50
65
66
69
37
45
56
42
46
33
21
50
42
53
36
38
38
44
32
35
18
27
31
53
59
34
44
35
56
37
33
60
54
47
69
70
46
43
51
64
38
57
67
27
57
24
67
53
45
52
40
69
62
21
24
35
67
57
61
35
36
30
23
67
28
22
58
37
50
29
58
35
40
30
49
34
32
42
44
66
36
59
53
47
30
32
36
30
21
63
36
40
62
55
38
27
53
32
40
49
63
37
51
25
27
50
34
40
44
60
33
52
38
58
44
49
20
34
61
30
41
53
53
60
29
31
35
38
67
24
24
23
23
48
38
46
34
38
44
60
24
42
19
61
63
55
64
21
35
42
59
44
57
66
59
70
45
67
50
47
37
45
37
48
17
69
31
45
66
49
54
30
36
40
44
61
23
29
26
70
66
61
35
23
17
35
63
23
26
59
59
26
49
51
42
47
40
47
58
39
36
63
40
28
27
27
53
41
33
38
59
22
62
53
39
67
46
51
51
44
35
67
36
72
28
55
72
45
52
17
57
32
51
57
66
72
41
31
65
22
32
46
20
37
66
35
27
41
48
23
63
37
35
45
25
40
23
28
50
39
63
65
27
35
69
33
20
57
67
16
25
53
72
42
43
42
29
59
46
61
45
33
38
44
46
68
31
51
36
51
21
37
37
46
40
35
33
43
57
42
26
34
44
38
62
41
33
48
47
44
33
28
35
30
24
60
35
58
49
29
55
65
51
31
65
40
51
61
41
68
34
40
35
42
20
57
28
52
57
29
54
19
42
53
66
51
29
30
38
41
30
51
34
60
42
41
29
34
40
70
32
53
28
45
25
51
44
64
38
27
29
25
71
56
48
60
28
38
22
69
63
39
61
69
26
34
52
45
25
60
33
41
28
51
46
41
33
34
50
44
43
24
56
43
22
48
54
57
20
22
30
38
39
45
41
23
40
49
52
71
53
34
44
26
29
44
16
26
37
38
30
37
46
26
34
55
70
33
33
70
58
42
57
35
38
54
54
32
58
32
56
54
69
56
24
33
58
72
58
69
28
43
66
53
59
44
59
60
46
18
25
36
58
65
43
45
53
49
49
51
64
28
59
40
56
29
30
47
39
18
33
33
37
57
47
42
53
43
21
59
54
71
62
40
30
36
34
50
18
57
42
61
43
34
42
31
62
49
69
35
38
57
63
54
35
71
52
31
22
41
48
39
32
68
67
46
24
58
28
58
21
41
37
52
37
34
34
33
37
51
41
24
58
59
34
59
50
70
35
51
28
34
46
15
32
48
67
71
42
49
23
70
57
57
25
42
30
34
42
25
39
37
68
54
67
58
49
40
60
54
51
54
52
54
61
68
44
18
45
51
25
41
32
47
40
40
31
60
32
32
54
66
51
66
30
47
30
54
59
68
58
61
64
31
62
67
39
53
37
41
29
39
49
25
41
59
26
34
50
60
46
58
34
62
30
65
44
52
69
65
38
60
61
48
69
55
40
51
29
51
58
68
39
34
44
39
66
50
25
36
67
24
47
30
51
44
48
52
58
54
32
24
63
55
66
51
55
66
61
42
62
62
29
41
51
72
63
51
53
54
49
65
33
42
29
50
65
24
30
51
65
40
33
39
61
59
45
60
48
41
34
69
43
29
48
46
34
61
35
30
56
41
59
46
38
33
32
15
38
21
30
43
45
34
70
27
49
51
40
63
59
30
25
62
55
50
36
49
61
69
56
23
45
70
48
52
72
44
31
35
27
40
39
54
35
21
64
33
24
49
39
63
45
70
26
51
34
27
23
22
44
32
43
35
55
43
44
33
59
53
45
25
29
29
23
35
35
60
62
56
52
60
61
42
38
42
62
43
63
65
30
24
47
31
33
67
26
34
42
19
42
34
27
23
59
34
63
39
67
35
50
49
54
48
37
43
61
39
61
30
47
70
53
33
48
36
32
37
16
20
28
26
25
24
57
43
30
72
25
34
42
61
60
25
28
53
42
23
72
71
34
30
61
47
58
26
53
26
72
35
47
60
50
52
23
58
58
45
27
50
66
57
31
24
44
39
25
45
58
28
24
41
35
70
34
35
53
62
30
54
53
37
44
19
55
45
25
50
53
28
22
54
56
37
27
39
59
54
35
43
45
64
46
58
37
44
14
53
65
28
50
25
70
42
57
43
54
54
60
50
44
47
58
37
58
54
65
61
20
36
34
50
64
50
51
36
43
60
36
30
44
43
42
52
28
56
39
31
56
25
31
34
61
32
30
37
36
41
54
53
47
60
21
39
23
31
32
34
52
70
60
37
69
66
26
69
29
59
37
56
54
37
21
41
58
36
27
49
29
28
57
65
19
34
32
41
33
55
33
37
63
34
45
50
27
60
28
35
27
49
51
68
47
68
43
34
44
65
61
58
35
71
36
34
35
50
72
59
60
72
54
45
48
46
20
68
41
52
64
46
71
49
34
31
38
23
36
36
20
60
44
28
63
34
69
33
38
21
23
63
66
55
36
56
40
29
40
57
27
49
64
20
66
38
32
47
52
46
27
44
19
47
24
37
55
44
53
68
67
68
44
49
58
25
33
61
44
41
37
44
28
26
44
70
71
58
71
44
31
22
66
66
20
64
42
55
26
68
37
42
60
66
34
46
31
41
27
33
59
57
29
14
57
57
57
61
44
22
32
41
63
36
28
57
49
51
32
69
31
51
56
30
27
65
44
69
42
36
59
26
34
37
64
64
55
41
67
40
19
72
68
47
30
48
23
52
51
50
44
40
55
30
69
46
51
63
33
65
46
38
30
65
29
48
68
54
33
52
56
54
68
22
54
25
54
26
46
58
34
38
50
38
26
26
52
35
29
28
37
31
35
69
42
58
64
72
52
39
34
42
24
62
57
61
55
43
69
72
32
52
20
64
26
64
55
62
52
38
33
69
35
66
29
57
49
70
42
70
35
70
26
58
67
50
59
52
33
35
67
44
43
45
49
25
30
58
38
39
33
55
48
54
35
29
22
35
42
62
57
35
33
54
50
58
33
41
47
60
66
36
29
56
63
48
38
48
51
45
36
58
43
32
43
42
72
30
41
45
20
61
51
48
35
37
59
28
34
49
43
47
71
56
45
30
61
27
40
72
25
25
47
49
44
55
27
68
54
65
47
34
46
63
40
31
28
53
44
45
48
21
61
38
22
69
65
38
64
38
19
57
34
46
34
63
59
65
31
24
47
64
43
27
39
25
59
44
58
30
46
28
42
34
19
49
60
32
43
39
54
39
23
30
53
47
24
46
72
55
30
30
44
44
33
19
27
50
50
62
36
66
30
41
60
55
28
47
63
37
44
53
68
31
38
61
27
35
62
41
56
33
45
33
27
66
61
67
69
23
21
67
44
30
34
38
18
64
19
30
47
26
53
26
27
42
63
46
33
34
65
62
25
33
40
62
67
62
30
57
26
38
41
48
39
28
31
63
48
56
43
60
60
64
16
54
34
20
38
61
51
68
27
29
51
71
58
48
18
45
29
30
32
33
72
36
27
48
31
31
32
36
35
34
40
59
55
66
29
37
51
40
33
45
37
40
39
61
61
21
17
42
58
53
37
46
63
36
71
43
48
72
45
43
34
29
30
62
25
57
61
69
57
27
64
66
60
42
41
53
52
53
20
50
54
23
44
23
34
29
31
36
45
24
53
46
30
38
52
32
30
43
36
60
23
36
25
53
19
33
41
44
34
30
44
24
51
41
51
64
39
50
25
26
45
29
31
68
41
66
49
40
18
33
27
42
36
71
43
30
34
22
52
56
52
42
26
56
33
34
69
43
22
53
25
47
33
37
28
26
61
55
49
46
31
69
47
68
24
38
40
59
30
60
58
38
31
28
70
32
25
57
39
29
64
32
31
54
35
57
40
29
20
33
41
34
46
51
61
66
43
48
29
28
37
31
45
53
30
71
33
62
35
58
66
25
42
22
37
29
24
61
50
60
54
47
58
63
32
62
52
42
44
24
47
59
27
55
64
55
37
34
43
31
51
32
42
61
43
71
34
36
19
45
45
67
27
68
54
57
48
41
39
42
43
48
58
32
28
35
57
49
28
54
31
43
60
30
53
46
39
47
42
30
35
41
39
65
68
67
44
18
30
32
63
52
35
68
34
43
30
72
31
62
26
38
44
56
39
53
27
65
39
25
56
36
50
19
39
61
64
49
34
34
61
54
56
56
59
68
44
46
42
71
61
50
41
25
35
51
71
68
33
71
32
53
64
33
61
27
47
40
33
18
28
34
33
23
46
39
34
43
55
34
21
40
49
37
42
21
28
63
44
27
65
27
29
23
33
48
40
69
36
26
21
42
68
48
62
63
42
30
65
43
67
31
31
28
36
34
58
33
32
30
45
43
52
44
35
50
25
32
70
35
63
19
56
40
45
60
46
56
36
38
24
28
52
23
40
32
57
62
35
18
61
65
43
45
54
31
42
63
41
27
41
39
66
31
62
49
46
55
45
66
38
25
49
31
38
33
60
53
34
44
23
55
33
39
34
66
31
58
36
43
43
53
35
58
25
51
33
57
11
42
63
30
40
55
36
42
23
23
61
64
65
67
60
32
61
46
37
50
41
72
44
62
49
51
31
50
66
42
45
32
31
42
63
42
22
36
32
22
24
37
48
35
36
28
24
35
59
53
39
32
53
54
24
61
66
57
28
38
64
29
71
29
55
69
34
59
66
44
32
59
24
47
59
57
30
23
27
62
50
42
34
54
26
39
24
62
59
44
25
52
17
39
27
38
33
54
26
36
40
66
27
28
23
54
52
72
37
62
24
52
53
48
25
55
41
60
69
52
38
39
48
26
47
36
33
61
40
19
54
42
53
54
38
27
55
40
55
45
65
48
64
40
38
50
37
28
34
48
35
67
61
41
39
29
62
49
58
42
28
14
48
48
59
41
69
32
41
37
31
59
29
32
29
42
23
27
41
56
25
42
31
55
64
29
57
55
22
71
36
52
40
30
38
70
52
36
48
39
35
42
56
47
59
68
49
43
72
30
59
45
23
25
65
18
29
32
52
32
42
61
67
59
48
69
48
51
39
37
20
70
37
51
43
61
50
46
50
23
30
17
28
41
43
55
45
24
35
44
31
