3000
73
34
37
67
32
43
39
36
39
59
53
65
70
30
42
31
64
35
42
32
57
73
27
65
33
73
34
63
37
60
34
55
71
42
45
66
42
35
46
46
43
31
66
50
52
56
43
35
37
57
45
42
40
46
60
54
43
26
37
39
56
26
30
46
62
70
59
47
61
46
55
37
55
48
35
52
69
37
67
49
49
47
56
23
28
39
62
37
52
19
64
29
29
69
47
41
43
38
28
73
37
67
22
52
63
35
41
33
25
36
32
66
31
44
44
60
73
67
64
34
32
41
36
44
22
56
55
28
71
46
27
66
44
39
32
36
43
19
46
50
65
32
68
56
71
71
35
36
54
35
39
71
54
37
21
39
63
71
33
35
48
55
50
69
59
47
32
33
53
20
33
63
53
66
68
59
35
26
34
33
52
36
23
37
34
30
35
52
54
36
68
68
43
31
24
61
29
32
45
34
58
50
47
69
34
37
48
48
65
32
33
30
32
32
42
72
53
29
46
36
44
38
70
41
73
47
38
29
36
54
61
46
23
39
58
54
35
29
19
67
48
65
49
51
48
23
65
37
19
28
54
67
34
39
57
48
49
46
62
66
24
36
39
70
30
66
39
30
39
66
38
44
47
41
44
38
43
36
30
46
32
41
73
26
32
36
40
53
55
38
66
26
69
44
43
48
22
32
72
57
38
57
21
32
50
45
45
28
44
66
69
50
44
55
45
19
67
26
71
43
37
71
35
44
67
35
32
37
40
26
24
70
62
45
60
46
42
71
24
65
68
35
48
37
28
22
32
49
51
48
34
41
19
44
29
35
65
24
36
62
41
37
51
40
40
27
47
36
58
37
36
48
29
71
62
30
51
61
62
35
25
66
47
56
33
52
57
47
38
42
30
20
52
45
60
22
39
66
18
51
27
44
31
43
35
39
25
72
49
40
55
42
36
16
37
22
33
27
65
34
64
28
45
68
71
34
25
57
60
62
49
16
21
38
22
35
53
19
42
36
30
39
32
52
32
53
30
31
65
32
65
59
48
36
37
45
29
39
46
52
48
25
60
47
69
41
25
70
37
38
48
28
62
57
32
28
34
30
36
49
68
28
71
37
27
20
45
29
28
56
24
25
28
49
28
43
43
65
35
72
57
59
68
56
47
58
65
44
49
36
34
50
31
24
37
50
36
54
37
23
26
31
34
35
26
68
37
62
57
64
33
26
32
28
42
60
50
48
30
72
38
61
50
59
35
68
65
68
43
54
37
35
51
64
41
38
50
41
28
25
46
68
54
30
58
37
34
36
45
52
43
46
31
46
57
19
55
68
22
57
16
68
23
30
38
48
39
71
50
57
43
54
48
37
34
66
43
36
54
50
70
26
43
61
29
64
38
61
59
43
72
48
33
23
54
44
43
66
41
56
48
33
28
45
41
51
72
34
43
34
54
29
34
57
37
48
40
54
34
46
43
67
48
36
37
58
64
42
73
41
42
69
50
20
46
19
47
38
30
59
73
52
65
55
50
55
59
71
39
58
70
52
70
41
52
46
69
49
34
21
25
22
35
51
32
60
50
71
45
38
58
42
60
52
31
25
23
28
26
73
28
34
59
53
65
26
54
45
31
56
68
49
56
21
41
71
32
28
46
39
22
73
33
31
63
64
33
64
28
59
32
38
38
39
39
35
42
63
42
47
38
66
34
53
38
35
45
24
34
47
61
28
29
59
60
68
54
44
28
48
29
37
41
27
60
35
37
41
65
54
39
53
61
73
57
40
24
44
33
63
56
53
66
22
52
36
48
22
44
58
33
39
72
70
27
25
34
41
46
56
54
32
36
54
66
34
37
57
23
53
37
19
48
49
25
25
67
56
56
33
25
62
38
28
36
22
26
31
25
63
25
24
53
35
31
43
59
30
44
66
64
41
33
32
60
38
34
41
29
52
28
54
40
48
60
31
27
29
44
36
35
62
42
30
47
59
43
23
31
45
58
32
29
30
64
71
19
65
49
26
43
40
40
48
29
59
36
64
71
50
46
45
25
50
27
27
68
53
62
33
61
24
33
52
40
66
47
18
44
38
17
42
26
65
45
43
48
58
24
38
23
64
45
54
61
37
29
44
69
33
26
55
40
59
57
39
42
46
24
66
60
48
28
38
44
59
40
26
26
56
41
31
40
29
37
49
48
46
62
49
48
38
65
61
31
65
52
26
46
33
43
70
48
25
46
42
37
37
31
56
58
23
55
31
34
43
40
25
52
38
60
70
24
30
50
33
45
49
28
39
65
61
49
24
35
36
73
70
51
19
30
26
36
26
58
43
32
71
50
27
41
19
69
30
37
65
53
52
50
24
28
43
61
65
48
24
47
30
66
17
30
24
20
50
36
35
37
45
73
59
44
38
43
43
31
41
42
46
37
25
65
38
50
46
34
45
40
56
42
32
43
52
37
44
28
59
43
51
43
34
50
73
36
33
34
26
32
24
54
54
62
22
36
36
64
26
50
45
40
69
33
33
24
33
25
51
31
42
52
73
69
66
45
26
53
41
62
32
53
31
36
42
20
47
49
28
35
39
38
41
37
54
46
55
26
21
39
51
52
43
37
46
36
44
18
54
61
44
36
55
26
22
58
26
23
45
32
71
38
73
28
50
22
37
67
30
18
38
47
29
51
32
33
18
57
59
62
39
32
52
44
32
44
46
28
59
70
27
66
73
65
60
32
28
61
46
61
42
62
23
46
32
68
41
42
45
68
71
70
48
32
49
41
46
50
60
23
22
26
34
44
50
28
39
42
59
37
41
46
43
72
42
73
42
55
47
53
28
24
58
41
59
19
29
31
27
25
34
32
62
30
29
45
39
66
63
60
35
47
45
27
35
38
59
61
31
45
44
23
51
27
31
48
73
32
68
23
37
38
73
29
59
67
39
30
45
42
29
40
25
32
25
71
41
37
64
37
26
44
52
33
38
58
43
39
32
57
48
31
28
33
25
25
51
36
58
67
39
17
25
61
38
43
54
34
59
34
39
40
71
32
37
50
37
34
72
65
40
35
55
58
42
38
41
45
41
39
32
35
56
33
34
43
54
45
38
63
56
69
27
71
31
25
32
65
25
37
43
46
34
22
39
35
21
32
49
31
71
22
36
40
67
47
39
47
57
68
15
41
23
55
43
34
68
61
22
40
51
37
44
37
51
68
46
35
25
31
51
32
66
57
48
25
38
55
47
30
35
34
38
35
63
64
37
46
32
31
67
63
60
25
46
32
43
49
73
35
62
20
50
38
54
60
27
19
56
18
39
73
45
69
24
69
28
49
40
72
30
39
30
39
16
56
67
43
24
62
26
36
18
26
47
57
28
39
52
25
37
45
26
42
49
60
53
41
42
35
16
30
44
73
22
54
34
67
51
34
57
44
60
32
51
39
23
65
68
45
57
24
30
41
50
36
45
56
36
44
24
33
24
65
56
59
60
22
73
30
24
68
42
50
54
60
70
25
26
42
54
24
41
48
52
35
72
29
51
19
55
57
53
30
55
30
50
55
71
65
30
36
31
34
54
41
63
35
54
39
41
21
26
36
53
30
67
54
48
51
53
57
47
47
50
42
54
39
38
37
36
37
37
22
69
71
68
65
57
29
47
27
39
45
51
31
30
34
55
45
57
52
65
18
63
30
25
73
26
36
56
66
29
63
27
46
38
39
39
59
41
31
51
60
36
54
71
33
38
25
33
39
25
43
44
43
33
41
45
33
34
33
30
30
36
33
64
37
30
17
33
51
53
28
23
35
35
52
43
73
64
58
41
45
70
44
38
43
26
45
41
33
62
37
43
34
38
67
51
73
28
48
43
69
31
61
63
51
36
46
34
69
43
36
53
19
33
33
36
59
21
59
50
57
41
60
60
70
60
40
46
52
61
47
41
38
22
39
69
35
59
66
58
42
58
34
40
35
44
66
34
56
40
39
20
64
53
43
30
24
54
46
38
33
62
59
24
49
51
58
39
40
55
28
70
40
50
52
52
48
26
46
27
36
55
51
66
44
46
45
70
28
38
30
36
42
42
66
29
33
72
50
34
29
30
36
34
39
30
35
48
53
45
50
37
71
28
32
58
61
28
65
72
25
52
65
22
35
58
36
71
44
44
36
35
26
57
33
34
28
60
70
52
64
62
28
31
58
41
64
21
60
38
52
31
59
46
68
43
30
44
62
47
69
54
54
63
44
44
54
57
47
54
52
46
50
65
34
66
51
36
32
23
26
51
24
24
54
45
44
61
43
61
24
27
50
24
68
69
25
36
65
51
49
23
65
34
56
64
52
69
70
37
59
54
44
30
39
40
33
46
56
32
52
37
28
32
55
69
45
28
62
46
36
52
28
43
25
37
52
47
63
52
39
69
53
60
36
50
26
55
33
70
51
67
60
32
58
72
42
39
47
42
62
73
23
30
23
46
35
46
31
44
35
71
22
67
65
27
44
40
53
55
65
44
46
50
49
36
34
30
62
42
72
37
36
73
27
40
47
58
28
22
19
40
55
68
36
61
52
61
28
20
44
27
61
23
57
44
70
34
23
38
64
56
48
53
42
38
48
35
24
42
50
65
46
55
43
64
25
46
53
73
47
34
30
33
28
30
30
53
37
54
61
67
34
54
26
63
61
42
71
52
31
48
34
47
26
29
42
46
39
59
43
60
68
57
28
34
57
67
37
40
50
29
39
48
39
45
51
43
67
70
28
40
42
45
39
30
30
24
17
71
31
29
53
39
42
44
62
64
71
67
32
70
42
37
64
60
40
38
26
50
30
73
29
58
33
42
73
65
73
40
30
39
31
60
49
25
36
73
54
23
38
51
67
34
63
40
51
54
26
23
42
47
61
36
37
35
64
41
23
41
56
20
48
28
53
46
48
46
68
62
59
30
38
27
18
65
68
56
56
25
67
40
19
20
46
24
55
32
35
30
42
56
41
28
61
30
44
67
50
62
68
64
53
43
37
57
46
45
22
35
50
52
68
36
39
53
38
49
67
29
36
67
30
43
40
38
69
44
56
42
26
37
64
66
42
72
50
32
42
40
30
34
30
38
64
42
62
50
60
33
38
60
39
48
30
43
29
22
73
34
56
34
27
36
59
57
65
44
37
28
37
67
58
71
37
32
41
31
70
66
52
40
22
64
43
68
25
50
31
50
43
59
29
61
21
46
61
51
53
28
48
37
47
73
35
54
45
43
49
22
35
23
67
46
33
40
56
34
56
45
72
45
56
63
64
66
60
61
53
49
62
70
70
24
32
51
63
68
50
22
65
33
55
49
40
47
23
46
45
53
30
33
57
19
48
68
55
56
58
27
64
42
22
32
62
66
37
21
25
43
41
73
27
23
52
29
41
71
56
38
64
34
31
22
40
21
69
35
61
71
37
51
41
31
66
70
41
45
39
34
27
67
48
67
23
44
63
48
63
32
43
31
32
47
57
63
37
46
24
71
50
52
36
44
53
49
34
50
51
20
45
35
37
72
46
44
72
16
49
36
29
28
36
69
62
36
47
26
33
29
61
49
45
32
41
27
38
17
35
71
33
51
41
63
28
59
60
60
34
66
39
55
53
68
53
27
30
73
45
50
27
31
35
38
40
43
57
73
50
47
69
70
56
70
48
20
33
57
58
38
27
33
43
24
36
40
59
54
32
61
73
73
48
36
24
70
33
69
47
59
36
59
62
46
47
39
61
35
23
44
37
24
21
61
51
34
51
57
48
41
34
56
64
28
43
62
62
27
23
31
23
35
35
70
31
52
20
33
35
18
35
41
52
33
35
41
38
21
44
29
48
44
56
41
67
52
51
38
54
44
37
47
64
29
53
30
57
49
49
49
45
33
33
67
56
63
26
32
20
42
29
50
37
62
42
36
24
54
44
28
24
38
37
73
43
59
17
73
37
34
41
47
32
33
57
41
26
56
38
50
64
39
33
25
60
68
25
42
64
38
23
47
21
29
51
50
34
66
44
42
52
37
25
54
70
71
45
51
67
59
44
44
39
56
17
31
58
38
20
34
28
70
30
71
36
70
53
53
65
42
56
33
35
63
64
30
23
58
41
33
52
70
61
35
34
73
26
48
66
30
24
51
54
37
70
27
27
49
55
38
61
52
54
41
33
66
28
40
28
69
45
53
68
37
46
73
47
35
29
42
35
70
61
46
42
71
55
35
36
46
48
50
70
33
62
33
28
51
59
38
30
38
34
56
72
31
53
27
40
66
31
27
43
40
48
32
31
26
54
28
51
51
59
27
26
30
69
35
49
39
36
39
42
70
63
45
48
26
36
69
62
55
46
43
49
61
29
26
30
51
48
36
30
24
37
21
70
38
38
54
44
27
57
54
61
49
42
56
32
50
25
49
62
39
29
40
45
56
39
32
37
55
23
38
51
69
32
61
42
41
71
37
46
54
41
62
53
56
22
24
11
71
64
56
46
67
66
29
23
28
31
45
55
46
59
61
71
51
30
27
73
57
61
25
32
29
31
38
40
38
34
29
58
67
46
48
61
29
45
29
47
73
24
41
40
52
23
47
47
39
45
46
50
28
31
50
35
68
55
67
29
60
52
34
25
67
44
29
34
34
63
32
49
23
45
39
31
36
38
53
60
35
60
61
41
51
57
47
66
24
28
66
37
39
48
61
60
46
71
48
50
48
40
40
67
67
50
28
73
37
31
35
40
31
44
39
41
43
59
41
15
32
50
64
29
72
38
50
46
30
34
66
45
30
25
57
46
26
65
62
23
19
20
40
31
33
54
55
69
39
51
71
34
36
33
56
47
62
65
43
36
