3000
74
23
48
41
39
46
37
43
34
57
23
47
74
70
59
64
71
27
53
21
38
74
30
34
41
33
45
62
23
30
49
30
53
71
34
37
34
34
40
47
70
73
48
62
52
34
71
60
70
54
48
35
48
27
14
44
31
23
24
55
51
39
42
55
58
40
40
49
36
57
44
68
38
36
73
41
27
36
65
53
54
33
53
59
51
64
68
62
22
54
50
34
67
28
30
22
35
74
29
47
25
39
31
42
49
48
42
31
32
41
35
46
35
65
45
32
67
49
61
49
35
35
55
70
33
39
73
59
40
27
25
31
63
25
30
58
64
56
43
51
57
32
30
29
25
36
30
25
41
57
63
39
63
16
34
30
30
37
58
47
29
26
45
45
31
61
52
57
46
50
46
29
63
26
31
31
47
38
49
52
54
63
41
44
45
65
33
35
52
59
35
48
32
67
49
46
48
26
21
63
48
20
42
34
67
39
67
51
56
27
53
48
43
40
59
32
48
31
59
61
34
60
56
56
57
63
41
37
74
31
44
41
69
39
37
57
73
35
49
41
34
66
68
34
32
59
41
28
74
37
23
39
41
32
55
28
48
21
28
53
45
37
35
54
49
48
50
40
45
53
62
36
60
27
36
43
37
71
37
62
40
33
56
70
33
54
47
55
42
54
70
34
59
21
48
70
44
35
56
34
54
64
32
62
32
57
48
74
23
30
44
59
45
66
58
29
21
26
21
30
44
59
25
50
73
41
31
28
74
45
58
36
42
54
52
58
36
61
59
60
37
37
49
63
62
44
51
36
66
45
49
33
30
58
62
30
67
61
49
29
34
48
69
43
61
41
32
36
40
64
51
67
73
69
29
29
37
70
34
61
39
52
28
62
55
34
38
51
38
67
72
33
72
21
30
41
34
38
66
57
72
55
40
59
65
37
30
73
44
74
53
38
67
37
39
45
42
71
42
66
24
54
45
44
74
57
58
49
44
68
72
25
39
40
62
66
47
37
40
60
57
31
29
66
22
57
64
54
58
47
30
20
36
38
30
45
47
35
61
40
36
28
34
69
63
36
19
40
55
46
34
51
44
34
58
52
60
53
35
55
41
53
58
68
32
41
71
41
48
70
34
34
66
56
59
67
38
25
43
47
36
72
30
55
48
33
26
44
62
23
64
40
32
32
54
31
32
63
35
36
58
54
20
45
59
69
42
35
56
40
43
50
43
74
43
66
39
24
28
28
54
65
62
14
29
38
32
25
18
51
69
27
57
69
40
36
40
73
66
64
31
30
50
49
32
58
48
62
51
68
52
39
14
34
26
28
40
39
38
43
61
47
55
70
44
37
45
50
59
39
74
26
41
38
39
57
72
54
48
35
56
56
41
45
19
71
39
48
37
43
28
53
26
64
49
38
45
70
59
38
49
64
28
22
62
54
57
64
45
33
55
36
37
29
42
46
46
38
53
41
39
32
23
58
42
43
39
65
26
53
68
43
22
71
32
60
44
62
40
42
31
34
53
23
35
24
33
59
43
49
45
22
23
48
25
47
47
63
33
48
68
25
53
69
47
30
28
51
29
21
33
59
57
67
65
70
66
20
35
28
66
31
32
67
48
46
37
60
37
27
24
42
37
49
63
41
33
40
54
47
48
67
33
55
37
21
55
32
31
47
53
40
54
62
23
53
73
38
53
53
71
19
48
29
46
74
47
37
57
17
57
36
40
31
50
41
26
43
31
61
74
59
67
63
40
54
54
39
72
41
27
28
19
71
35
55
41
20
58
45
40
56
36
72
67
31
72
70
41
36
30
43
41
69
47
58
60
74
49
69
36
63
28
42
39
62
57
34
41
28
69
31
62
43
52
51
37
48
47
26
47
40
30
37
39
42
62
68
69
28
53
46
48
27
71
20
70
36
42
28
22
55
56
23
30
35
71
43
51
37
38
38
36
53
39
31
47
24
46
46
51
24
68
36
49
68
72
55
34
55
53
34
36
63
65
32
34
71
69
57
51
34
51
41
19
51
66
34
41
33
30
36
22
52
53
72
28
38
64
30
28
41
57
56
42
46
59
29
73
39
47
28
48
30
48
58
59
32
24
39
56
58
60
24
17
41
37
47
58
56
46
34
44
38
40
39
35
69
63
31
44
56
33
47
37
59
27
59
59
35
72
62
27
69
72
50
57
27
41
37
22
33
55
34
26
43
55
32
32
39
52
39
28
63
34
25
65
52
49
71
26
43
42
51
37
32
36
28
53
42
66
49
49
44
40
40
53
67
43
27
35
56
29
58
50
29
35
74
68
31
42
41
68
41
32
26
28
65
27
30
38
33
69
45
37
48
48
60
53
54
52
70
42
48
53
25
35
53
52
47
41
42
56
38
42
42
54
25
60
32
50
33
60
48
57
38
44
61
46
28
44
41
58
55
38
48
19
33
38
32
42
27
61
55
48
38
37
31
44
31
41
39
49
48
47
37
42
33
19
56
21
23
59
27
43
60
72
44
45
42
26
25
36
32
60
51
48
52
70
31
54
70
16
21
39
21
49
48
41
64
30
73
28
24
40
49
53
17
46
38
34
59
35
18
51
45
69
53
62
31
53
37
51
58
74
36
61
51
37
73
61
49
57
52
41
33
31
47
37
66
56
34
62
69
24
62
41
43
46
19
55
32
29
30
53
55
53
52
50
39
66
31
49
54
40
21
66
41
18
65
56
28
43
32
57
68
48
50
57
38
18
29
47
29
56
22
63
70
34
39
27
28
28
35
40
51
58
52
50
39
32
39
35
65
56
27
31
25
33
65
32
33
60
41
55
41
35
65
38
31
44
40
34
48
32
28
25
55
42
28
45
51
43
44
34
65
68
72
24
42
45
28
59
60
37
39
38
49
37
32
57
47
34
37
38
35
44
29
42
64
51
36
44
42
61
43
61
16
51
59
44
56
29
35
58
49
62
38
58
27
32
34
53
68
35
68
22
43
74
48
42
38
31
58
60
49
71
52
53
33
19
54
26
55
65
37
25
43
43
55
36
69
64
40
40
49
38
49
55
21
36
27
68
52
33
36
31
41
26
64
29
27
49
45
35
44
44
21
36
40
59
46
57
45
35
44
65
67
36
48
74
61
37
54
26
17
53
54
29
42
37
50
24
65
23
29
50
53
32
16
50
50
36
35
62
35
46
36
58
27
39
59
58
49
41
29
71
24
40
44
43
42
38
53
24
30
74
52
50
23
33
37
27
31
34
42
42
41
44
58
37
29
27
71
25
29
30
62
31
24
40
37
66
42
20
31
42
57
33
40
23
46
33
72
39
73
43
32
53
37
30
60
40
63
40
30
57
43
61
54
35
73
27
51
47
39
36
54
48
34
31
50
62
43
71
42
55
40
57
37
49
34
38
26
30
55
48
60
46
42
36
60
38
32
66
74
74
63
53
72
29
29
72
54
53
34
30
57
45
40
26
45
56
64
52
31
25
60
63
59
29
73
28
37
48
70
32
41
53
33
67
58
35
30
43
37
35
70
54
72
34
46
67
35
29
39
26
33
27
65
64
29
24
39
68
58
56
49
34
58
52
52
58
53
29
40
58
60
23
38
32
59
55
55
29
47
34
25
69
33
54
64
54
66
24
42
48
43
53
70
42
73
50
71
39
38
42
46
24
25
43
42
29
28
65
29
54
34
25
56
26
39
53
45
46
40
29
56
73
52
37
73
33
55
27
22
29
61
26
35
22
43
56
51
36
32
48
60
64
39
39
47
50
60
40
32
26
65
57
27
40
70
54
65
31
48
61
43
32
43
66
62
58
38
33
32
68
23
51
42
41
46
49
49
43
32
65
63
62
34
62
62
70
43
28
56
46
56
22
37
43
55
33
35
34
55
34
29
38
41
52
39
71
36
66
30
32
41
53
44
29
62
30
40
42
50
29
48
64
65
37
64
74
68
44
68
34
28
59
46
58
34
49
58
37
41
48
50
39
35
33
48
31
40
40
37
27
41
47
43
20
50
48
57
41
22
34
42
41
39
48
32
30
50
34
36
71
71
67
52
33
56
61
64
19
63
44
68
49
46
21
36
33
73
68
51
47
25
71
68
38
56
55
41
65
61
42
71
38
73
50
43
17
35
33
46
58
29
51
60
29
70
67
72
62
40
52
30
71
71
23
58
59
57
33
48
22
27
39
49
48
51
42
65
48
25
25
14
61
50
48
29
55
43
44
54
15
58
74
53
66
35
43
36
35
30
71
32
54
45
24
48
34
40
32
48
24
27
38
26
26
57
41
45
35
60
62
29
74
47
44
34
63
58
38
29
44
31
34
52
63
52
27
30
33
31
22
32
71
35
28
56
44
34
63
43
27
51
57
32
41
16
63
74
56
30
42
73
35
46
48
50
28
46
70
63
23
72
33
62
41
31
39
66
72
62
28
32
33
36
33
24
24
23
23
60
30
33
40
57
61
29
50
44
48
59
30
28
57
44
35
48
25
33
36
34
19
29
51
55
49
58
67
66
40
64
72
41
39
36
63
36
64
43
67
64
22
47
29
33
74
74
43
69
19
36
16
34
64
22
56
52
74
24
61
68
70
41
49
73
22
27
28
66
33
56
74
59
55
48
73
52
59
62
27
39
69
33
54
62
45
28
31
37
40
39
24
35
34
49
62
51
26
33
23
54
39
74
19
52
34
63
36
68
38
29
28
32
69
50
47
61
66
43
43
52
44
50
25
68
52
44
38
58
71
20
33
32
22
49
42
46
25
59
38
39
15
35
58
59
37
73
46
43
40
39
40
70
28
62
33
38
40
47
33
35
68
36
59
45
29
28
30
33
41
46
26
66
40
37
48
35
32
29
63
36
51
33
26
59
20
37
29
55
43
48
65
22
69
63
47
64
28
37
52
66
68
21
66
55
54
44
41
27
74
71
48
34
21
43
68
38
36
54
21
33
30
40
27
34
44
60
54
30
51
47
58
24
49
48
51
32
61
39
63
46
32
58
74
69
34
60
42
32
43
35
35
57
39
23
49
43
24
53
34
59
36
47
22
63
70
48
50
32
70
62
61
33
33
63
48
63
62
42
40
74
72
50
65
28
32
24
38
26
55
34
60
70
52
35
70
37
25
70
34
47
24
22
58
34
62
35
30
45
68
30
40
32
48
44
49
36
35
47
49
31
70
46
72
42
22
32
40
41
31
30
47
39
23
61
36
60
38
32
37
74
35
15
38
43
70
44
23
32
22
41
42
57
46
53
64
28
49
31
36
46
56
34
42
39
31
39
31
52
40
34
39
44
48
48
30
66
44
52
40
72
61
70
48
34
56
65
30
36
49
35
56
68
21
17
52
36
33
45
39
46
32
60
48
59
69
58
39
42
53
25
73
45
64
27
71
45
38
38
64
36
28
26
19
34
45
42
66
43
35
71
49
35
42
48
64
61
25
36
28
44
27
32
38
36
42
73
27
29
44
38
41
30
36
40
51
21
34
24
52
45
40
23
35
55
43
47
44
62
26
32
53
35
27
50
32
20
54
48
39
63
43
34
28
59
41
63
33
47
38
60
42
29
43
48
30
60
72
35
54
62
54
40
61
62
22
37
36
48
36
62
33
40
28
53
32
29
25
39
28
57
30
47
27
33
60
51
69
53
46
50
21
56
21
35
23
59
43
35
33
36
72
51
31
42
14
62
44
33
33
30
33
45
46
42
44
34
31
24
32
33
31
46
43
63
53
61
35
57
50
53
74
35
53
36
29
28
35
29
31
39
45
40
32
53
64
43
40
35
69
46
30
52
30
57
32
30
49
62
49
73
39
31
53
34
32
49
26
26
35
51
44
58
56
47
59
52
37
33
43
30
59
65
51
29
38
53
73
21
28
29
44
39
38
52
30
41
23
54
53
47
55
52
35
26
24
70
53
69
48
58
55
37
27
31
62
38
65
39
71
47
33
39
49
39
29
35
18
42
50
42
46
37
39
49
67
43
39
34
47
44
42
34
68
27
31
49
65
62
23
37
46
45
21
54
73
39
51
34
49
41
67
26
26
24
23
52
34
68
32
29
59
55
48
43
64
41
42
34
54
61
51
50
38
47
55
66
34
53
49
42
64
42
40
39
71
49
39
26
30
32
63
43
32
25
26
67
69
71
35
28
65
34
41
74
39
35
49
57
32
38
37
54
34
70
34
28
33
65
44
60
41
50
67
66
27
70
47
66
49
27
31
65
62
48
66
54
33
38
37
65
34
44
66
36
31
42
58
61
66
35
34
48
32
52
52
60
54
62
44
41
37
41
47
38
51
36
65
41
43
67
38
32
37
43
67
45
66
31
53
45
28
40
37
51
56
19
63
26
23
46
40
71
29
34
47
53
23
35
52
24
48
68
37
37
68
56
42
73
49
39
64
61
44
37
51
25
45
31
25
22
29
33
43
30
68
62
16
57
63
27
54
29
54
29
46
64
37
19
52
47
49
39
51
37
36
46
51
23
50
56
62
58
30
69
33
19
26
43
25
69
58
63
36
29
65
56
26
25
41
35
53
41
71
31
48
55
38
40
39
59
30
49
45
17
50
25
57
35
36
54
47
69
28
35
47
44
35
44
65
53
44
67
38
61
57
60
55
38
35
66
48
39
30
36
26
36
74
30
39
48
49
34
42
24
43
23
62
74
34
26
72
27
23
32
26
56
28
44
41
31
55
43
55
42
37
65
63
29
38
54
60
38
65
51
43
48
45
36
27
54
35
56
38
30
40
70
28
44
36
41
37
42
40
34
42
26
71
44
71
63
42
23
22
48
38
39
32
52
40
23
62
48
16
46
74
