3000
75
34
47
46
24
37
49
20
53
30
23
48
55
47
27
67
33
49
48
40
44
58
58
57
68
57
49
27
33
62
42
75
27
28
46
34
33
66
57
47
30
17
24
22
56
65
70
37
68
43
43
34
42
26
45
44
38
48
53
75
29
38
45
47
56
32
51
61
51
34
45
52
58
39
45
70
49
25
45
52
35
47
39
31
27
46
31
36
27
44
45
41
40
22
57
22
39
74
62
43
34
50
30
58
37
52
73
45
29
36
42
66
49
38
56
43
36
34
48
44
29
72
41
25
47
62
38
37
62
59
37
56
40
51
39
29
74
20
53
44
37
42
18
53
68
47
48
25
51
27
29
41
57
27
59
30
51
68
50
70
25
36
34
41
49
47
38
59
53
48
40
41
34
59
68
34
40
40
34
24
68
36
68
67
60
57
49
75
42
24
28
65
33
59
70
37
63
75
25
54
72
41
26
36
24
34
30
50
51
33
48
69
41
66
18
55
56
62
47
38
47
32
55
56
53
37
47
75
32
65
52
68
40
40
27
63
60
67
36
30
53
32
30
61
54
27
42
75
42
70
53
63
48
25
50
43
27
33
43
30
64
39
54
74
71
35
43
65
38
34
50
36
72
30
33
48
35
35
68
30
33
36
36
41
55
33
40
29
33
40
49
75
66
62
32
38
50
31
30
58
35
65
66
54
49
64
37
47
70
75
36
38
47
66
60
27
59
45
60
37
36
29
48
44
34
75
31
43
51
60
36
39
58
58
31
45
58
38
61
71
39
36
44
43
42
72
51
29
53
39
74
56
30
39
27
29
45
27
25
69
34
53
51
43
24
36
45
75
49
29
58
42
63
40
61
35
20
26
67
37
66
33
27
25
50
62
63
34
51
72
35
36
49
19
41
71
46
24
54
37
70
29
58
24
45
72
32
35
60
30
75
69
42
53
73
25
46
54
66
65
72
54
30
65
53
47
32
39
49
28
71
60
40
49
73
27
50
47
36
64
64
50
28
38
75
26
33
23
65
39
37
56
56
30
16
38
56
42
60
25
28
32
56
28
28
40
36
38
69
62
16
35
58
64
37
42
28
50
72
67
57
38
35
33
48
53
44
28
58
49
33
68
40
63
20
43
45
39
33
47
32
43
42
50
46
44
32
52
45
57
27
34
67
66
21
33
36
19
41
73
70
68
66
52
60
45
74
62
45
45
26
35
35
26
74
69
65
65
39
61
41
72
33
40
62
65
60
45
44
31
30
42
52
48
24
30
19
31
59
59
27
45
35
21
51
23
51
44
54
27
35
36
71
66
41
52
73
54
54
64
33
49
40
55
38
39
41
32
33
20
39
19
63
37
43
74
20
63
68
45
40
16
41
64
15
61
30
55
44
44
58
20
74
62
57
48
23
59
65
51
29
23
40
32
65
34
45
38
52
17
54
42
70
44
65
61
58
36
41
66
64
51
34
60
67
32
45
37
41
31
33
33
54
55
61
48
68
41
62
64
56
71
48
30
37
41
63
68
44
54
48
31
56
42
53
33
33
50
29
33
66
25
63
37
51
73
42
27
43
27
35
61
38
43
35
50
43
29
25
75
36
46
63
71
47
40
64
39
29
51
61
31
48
54
45
22
43
39
34
43
49
57
48
24
54
67
67
27
27
41
18
38
69
42
57
69
58
62
29
56
68
63
60
69
54
22
31
31
63
49
35
41
38
30
54
59
66
50
42
19
63
70
74
58
63
21
65
44
26
23
46
66
24
69
41
39
54
51
29
72
73
60
28
46
33
50
72
39
27
32
75
47
56
38
45
42
51
53
40
66
72
65
30
34
68
25
26
75
53
52
34
55
68
45
54
28
55
48
67
51
38
35
63
57
71
45
35
38
26
35
25
49
28
35
44
35
57
25
35
35
66
41
43
56
66
52
34
24
51
25
31
36
43
24
52
44
33
31
23
33
46
63
36
33
34
34
45
65
53
40
40
75
19
31
73
71
53
57
71
26
45
45
38
42
27
75
53
35
42
41
38
37
72
43
51
72
65
50
67
24
57
75
50
33
64
36
38
72
32
43
65
48
39
55
49
52
27
35
33
44
75
70
38
51
49
49
46
36
51
67
33
39
48
29
20
62
52
52
28
37
36
58
33
44
64
73
56
38
69
43
42
24
68
72
55
44
54
39
71
27
45
43
59
56
34
73
41
27
40
46
50
50
57
62
70
38
61
25
23
38
61
48
45
38
43
54
51
39
48
62
24
36
72
61
29
50
54
59
43
46
49
66
73
55
38
60
41
41
66
49
49
71
41
42
30
24
33
70
60
60
33
38
38
59
30
72
49
69
24
50
65
40
55
29
38
44
29
35
63
38
23
38
33
55
69
53
26
57
41
59
68
36
52
19
19
70
52
31
49
40
51
30
35
24
36
25
46
30
57
42
74
43
42
70
38
55
19
62
45
46
69
51
37
26
32
38
49
64
26
30
70
32
33
33
30
57
25
71
49
18
22
54
48
52
35
32
38
30
40
22
57
34
31
51
27
55
53
52
38
51
65
30
63
52
50
58
41
28
74
49
30
40
37
42
36
45
36
43
53
66
37
73
24
52
44
31
64
46
36
35
42
29
60
38
38
39
32
20
48
47
61
67
46
23
51
58
24
68
28
71
47
55
53
35
61
31
41
46
33
31
30
34
63
34
45
61
58
24
35
57
73
55
34
67
39
71
55
16
54
70
36
58
40
49
26
35
70
65
55
49
49
40
26
65
55
18
37
71
31
54
64
33
55
75
31
24
42
48
28
43
47
58
41
38
25
29
47
27
37
45
41
67
59
33
61
33
39
33
55
57
31
22
44
37
49
40
36
32
59
38
61
33
40
36
55
69
36
62
54
68
23
33
36
65
28
52
40
65
35
59
53
63
42
39
33
23
35
31
58
68
22
75
34
27
62
61
33
29
42
46
75
50
43
28
38
72
61
64
29
40
75
71
28
22
40
41
49
49
23
64
37
52
39
49
40
74
38
59
38
55
46
27
40
40
34
31
30
25
47
65
32
55
58
44
36
51
46
36
62
52
66
67
41
27
41
36
25
35
39
53
67
51
31
36
52
70
60
74
71
34
56
20
71
38
48
58
37
47
56
45
47
49
44
33
27
22
64
47
59
67
60
58
26
38
51
62
48
64
67
62
42
35
67
60
32
39
23
64
27
28
42
40
34
72
45
68
34
58
49
67
44
48
46
45
41
31
75
64
60
69
30
50
68
38
52
56
43
40
65
41
51
44
25
66
57
48
50
70
43
69
34
25
23
45
50
37
38
45
56
38
59
35
36
41
34
68
40
41
47
59
61
61
34
37
58
29
34
69
59
48
40
56
66
48
35
63
56
31
72
41
48
47
56
46
54
71
42
69
23
57
58
59
62
31
35
38
28
72
43
60
54
43
54
43
71
38
73
43
57
42
35
35
38
44
57
75
37
38
31
31
24
49
42
51
61
41
40
39
38
40
43
28
41
40
30
35
74
32
25
74
60
53
27
28
46
55
67
40
48
38
31
39
47
46
35
39
73
32
30
47
28
45
36
64
44
54
42
67
56
37
52
23
59
37
60
55
47
37
23
73
51
33
63
50
20
46
48
47
66
40
45
40
37
68
35
19
66
71
56
31
63
68
73
63
42
37
39
41
31
44
68
30
71
53
42
31
65
67
56
42
68
29
28
37
73
42
59
42
36
41
72
35
46
57
60
54
53
56
36
28
58
36
46
51
33
42
31
36
31
31
67
46
31
74
66
32
22
35
38
21
44
42
37
75
43
63
48
22
23
32
28
39
75
67
53
71
46
34
59
26
45
46
38
71
22
17
52
37
42
39
53
39
59
38
28
38
44
30
38
43
31
34
28
73
67
40
21
67
40
37
56
28
37
51
44
58
56
53
33
28
67
64
61
45
49
40
68
46
36
74
40
42
32
42
59
56
47
38
45
38
40
36
25
45
51
43
66
37
55
48
22
44
39
57
40
55
45
73
37
34
38
23
43
67
29
47
47
38
38
65
59
23
73
60
41
27
64
37
46
47
67
67
43
24
23
42
55
66
39
59
47
66
59
53
26
50
62
35
24
46
31
62
53
64
55
55
68
26
38
57
40
62
30
60
53
52
26
35
75
67
43
26
32
28
57
37
70
47
53
56
45
26
59
35
19
45
19
40
28
74
74
34
51
52
30
36
60
67
72
31
64
53
54
38
54
51
73
22
32
67
22
62
47
72
63
50
66
32
74
41
33
29
65
41
47
57
36
32
53
67
41
48
33
28
41
54
26
56
69
51
45
40
33
37
41
58
63
41
69
33
40
67
26
73
72
60
39
59
49
57
45
34
31
69
59
43
30
27
58
35
55
31
39
71
49
38
46
55
72
63
35
61
60
46
38
30
48
36
25
33
25
45
34
62
18
28
37
72
60
57
47
51
29
23
60
50
50
59
45
15
72
60
49
31
67
65
37
58
74
71
64
26
45
34
51
40
26
66
49
37
24
73
71
49
41
21
48
16
38
47
51
31
70
31
31
49
69
28
25
66
21
65
51
40
70
61
33
48
59
72
36
54
50
45
54
55
67
44
52
25
63
48
27
72
28
44
49
39
46
52
50
37
46
73
27
63
42
39
46
39
42
75
47
29
50
26
34
56
33
40
67
41
42
48
55
23
64
50
40
56
40
36
37
44
46
47
39
63
45
36
70
50
66
23
70
35
63
51
64
69
63
72
60
28
40
49
38
49
35
39
57
53
52
46
44
41
37
49
50
47
40
59
51
37
70
60
58
57
64
60
65
43
56
41
40
46
61
62
47
44
46
36
36
59
41
38
47
37
32
58
52
25
42
37
49
35
48
40
35
50
26
62
61
65
24
42
74
45
40
30
71
36
35
68
31
69
40
23
74
20
43
23
23
44
49
60
63
44
43
71
59
27
75
39
66
73
58
34
70
69
35
24
42
24
30
48
60
50
23
30
67
39
40
19
36
33
46
27
35
47
42
23
50
37
48
27
25
43
70
17
62
75
39
52
35
37
47
71
69
49
44
65
41
19
45
67
57
53
68
37
35
44
26
29
44
67
38
57
58
42
72
27
74
27
62
55
53
37
50
53
38
40
66
34
75
28
73
50
55
67
42
47
40
42
64
24
72
28
43
47
32
42
54
35
50
44
33
47
35
58
46
67
69
62
35
45
57
50
26
36
38
63
37
30
65
73
36
46
27
40
70
34
29
56
32
50
32
46
65
46
75
31
72
73
43
17
58
62
58
43
57
51
41
45
34
62
56
41
46
46
51
73
33
48
55
31
47
29
47
66
24
30
40
55
26
56
50
72
51
61
42
19
49
55
40
43
26
66
51
40
48
42
66
34
42
28
61
59
48
47
47
43
33
45
67
57
19
28
62
58
51
46
18
66
40
24
20
44
57
31
59
54
71
42
49
36
40
37
74
48
32
59
25
62
73
40
44
32
46
42
40
65
31
60
69
47
62
35
27
71
41
65
47
26
29
48
51
38
26
45
28
62
69
45
28
26
21
24
71
30
40
27
33
45
45
28
33
51
37
35
16
30
33
71
60
32
59
58
20
46
57
38
37
41
33
48
27
41
49
57
67
30
50
55
52
69
41
74
47
72
30
25
45
33
42
58
49
48
47
39
39
38
29
29
42
27
20
42
63
27
71
26
66
71
33
54
43
59
65
65
55
57
50
41
32
51
39
65
47
75
35
52
20
30
62
65
68
73
45
56
27
30
37
41
43
63
63
31
66
46
55
60
59
27
51
52
45
71
62
39
40
51
67
50
37
14
44
35
37
42
29
25
56
67
60
70
40
57
37
57
32
25
45
50
54
54
39
31
23
58
52
38
42
40
35
48
52
48
52
19
29
75
28
62
24
34
39
63
54
31
24
43
74
54
33
42
44
58
36
60
63
48
56
45
37
52
47
39
73
27
51
23
54
36
49
61
43
53
40
53
48
50
29
63
31
74
44
58
21
41
60
31
49
35
41
42
35
41
67
39
43
44
28
47
37
70
72
34
52
29
32
68
56
55
69
34
44
64
57
55
69
68
65
68
28
26
25
37
60
52
66
42
52
20
22
37
74
54
39
41
33
22
36
72
31
47
57
59
53
43
71
25
72
24
28
41
31
63
50
56
37
40
70
41
66
30
64
40
34
45
31
36
32
41
71
55
41
47
50
44
55
56
30
42
59
65
26
51
52
33
62
47
30
52
68
23
23
56
26
25
61
28
46
54
61
52
60
59
52
35
52
34
71
24
39
26
47
24
73
49
42
65
33
71
41
38
54
24
30
43
39
26
53
32
33
67
28
30
24
47
61
64
44
37
40
44
75
26
34
30
46
49
32
73
21
55
34
39
37
33
69
48
69
59
30
51
45
50
37
62
27
69
52
48
30
66
54
64
41
32
49
52
37
51
30
33
42
36
45
42
70
52
40
29
49
73
75
28
22
53
64
35
38
35
63
46
43
41
31
57
54
50
57
17
44
26
42
54
26
50
46
34
23
60
51
36
74
70
43
56
46
31
25
55
56
35
58
55
38
75
55
68
57
39
47
22
52
67
25
68
42
35
54
56
45
75
32
58
71
57
37
40
62
69
41
72
44
72
60
44
60
70
36
47
63
67
75
72
62
50
42
51
28
52
67
39
42
69
41
23
24
63
65
71
46
65
52
52
45
73
28
42
69
28
55
63
46
29
21
42
66
34
38
73
53
75
48
44
65
55
44
54
30
48
53
56
33
41
32
32
71
43
61
33
29
51
44
33
38
53
59
