3000
76
60
68
28
44
48
21
50
51
54
20
25
57
71
59
30
42
57
52
54
27
20
38
39
71
63
60
68
49
71
53
28
64
33
68
61
31
27
30
34
39
53
41
45
46
38
31
46
35
47
34
61
63
56
38
24
69
43
65
17
47
29
46
47
18
63
49
69
49
39
60
38
48
52
64
54
43
69
31
30
42
47
29
43
29
50
61
65
36
49
22
70
57
53
60
43
47
72
50
28
65
43
28
59
28
42
43
43
49
53
46
35
28
49
56
35
40
51
76
38
23
60
24
75
56
41
70
56
31
38
61
62
51
39
44
68
68
27
65
34
76
59
65
34
49
36
39
64
48
55
37
28
47
44
58
41
42
39
73
41
25
57
53
28
41
58
28
36
65
57
57
33
31
53
60
67
47
68
64
26
39
27
43
73
42
69
33
44
26
60
47
38
38
47
50
65
38
76
18
40
28
43
46
64
26
44
59
38
45
63
36
26
49
38
44
46
25
23
57
32
33
26
46
31
42
55
29
69
56
32
59
46
49
50
49
41
36
30
40
36
56
37
55
52
48
57
42
41
34
36
75
45
34
27
54
43
27
46
64
59
66
30
49
31
55
71
36
55
47
65
54
41
21
37
28
71
54
46
59
76
33
61
48
61
48
49
70
22
19
35
47
32
44
64
58
30
48
54
34
34
18
63
48
41
24
34
41
44
34
34
44
46
37
71
50
35
72
37
31
74
64
34
22
46
42
68
64
31
33
62
76
55
58
51
41
45
22
50
45
25
67
26
42
38
74
72
20
56
74
52
44
70
27
20
50
35
32
57
48
15
34
57
28
69
69
73
70
64
64
53
55
29
47
27
37
65
51
49
60
29
46
29
55
51
33
61
66
35
47
63
30
35
21
46
65
42
39
63
69
52
27
70
62
31
26
73
52
46
48
72
54
35
50
48
44
37
71
32
23
58
61
67
44
74
51
24
38
47
32
62
40
37
23
42
34
46
34
54
61
23
75
36
21
26
42
36
36
75
53
42
73
39
55
37
56
66
65
53
28
44
32
55
48
50
65
26
59
68
34
66
26
50
23
47
26
58
35
57
54
73
50
66
29
58
43
57
25
36
65
32
37
62
54
48
35
61
50
69
54
30
46
64
73
32
57
31
40
32
58
39
40
67
64
61
71
35
28
48
27
33
39
27
20
64
59
64
50
37
40
41
45
35
17
32
59
38
34
30
38
49
43
46
48
21
41
51
46
46
62
47
50
35
30
56
75
71
34
35
57
37
19
60
29
67
38
72
35
25
29
48
38
74
34
66
51
38
41
68
38
63
38
34
42
45
20
27
56
64
75
54
30
28
31
30
59
73
40
70
60
63
44
76
33
73
49
45
47
69
52
49
46
57
74
36
52
43
45
53
44
48
50
63
47
54
68
25
74
64
29
28
33
72
36
67
26
23
42
40
46
65
36
52
42
32
31
37
55
29
71
47
74
40
36
43
69
66
72
47
52
35
44
34
73
40
31
34
36
51
40
32
47
39
67
66
55
47
70
31
28
43
66
31
58
46
73
70
61
48
66
70
62
42
41
74
34
70
52
48
76
46
71
53
28
40
59
34
43
72
52
50
19
64
64
24
41
28
67
59
20
67
65
50
36
58
65
35
30
47
35
34
39
34
49
28
57
28
66
35
59
35
50
33
69
61
74
67
43
41
32
46
53
43
40
68
44
41
25
20
44
33
42
28
47
63
61
53
23
68
36
29
61
60
68
59
55
60
37
26
64
46
44
67
23
51
28
39
30
39
32
34
63
61
52
40
54
30
36
40
60
53
56
42
52
38
48
30
50
71
47
44
51
36
39
66
65
45
34
37
34
43
44
39
60
29
29
75
52
54
52
37
38
21
24
17
43
61
26
59
45
71
38
25
23
49
50
44
25
30
48
33
30
53
52
38
59
34
61
39
64
48
21
39
50
28
33
65
53
38
76
38
34
47
57
54
49
53
27
44
29
34
41
46
44
60
40
25
33
31
30
71
30
52
25
46
52
47
49
35
29
29
54
37
30
52
38
53
25
55
50
36
26
25
33
41
57
27
32
48
22
40
41
56
27
68
21
25
36
53
30
36
50
74
59
34
55
75
35
46
64
51
58
41
73
70
26
50
64
44
50
58
44
52
40
69
51
23
40
50
64
39
46
49
23
70
73
40
61
20
60
59
62
48
56
20
31
59
53
73
62
56
35
68
32
42
27
62
40
42
46
75
55
41
55
39
38
57
35
69
24
47
34
42
55
69
26
59
25
57
57
33
31
56
39
17
63
32
67
66
43
33
65
39
34
63
76
32
22
43
31
40
67
48
74
50
76
29
72
43
48
31
47
58
68
69
69
33
32
31
33
71
50
38
43
45
44
61
65
49
66
54
51
76
53
55
58
75
30
71
35
33
41
43
33
14
38
31
56
46
39
51
38
51
76
38
63
33
31
32
51
54
47
42
49
32
50
67
42
76
70
67
59
38
63
37
74
70
71
25
35
37
57
39
35
29
65
44
40
31
43
41
22
38
69
35
33
52
49
46
42
54
27
45
37
52
37
54
46
38
34
54
31
37
44
54
37
40
32
57
76
74
40
39
42
40
40
58
41
61
34
58
28
46
33
52
35
46
62
52
40
70
56
75
39
66
40
57
72
55
18
44
59
49
27
32
57
41
44
40
26
30
42
31
42
54
38
44
45
57
74
50
20
39
36
57
57
27
40
28
36
50
29
56
72
43
39
62
27
39
36
63
33
27
53
39
61
38
48
24
50
49
51
70
60
71
47
25
51
74
49
76
30
32
43
25
73
27
22
44
39
23
73
19
59
21
30
37
75
32
64
36
69
70
23
31
47
31
58
26
68
32
38
36
52
74
50
38
45
73
35
29
44
52
59
47
47
33
72
59
66
47
59
49
27
30
43
62
63
61
29
63
41
31
40
48
38
45
69
47
41
62
43
44
69
63
43
48
33
44
43
46
29
76
52
45
40
44
36
32
56
44
36
51
51
60
60
60
66
42
54
41
48
54
57
33
45
38
29
23
48
34
38
53
55
45
30
34
65
53
71
44
61
71
57
57
47
47
40
21
28
52
31
22
62
50
25
64
49
74
38
44
52
59
34
49
43
30
52
60
24
74
32
69
63
72
32
34
60
22
42
40
39
41
21
39
59
27
30
38
42
64
39
25
54
23
51
70
37
55
36
24
23
67
37
71
36
25
40
44
41
38
32
33
43
46
44
63
62
34
41
27
73
57
64
38
43
32
41
57
65
41
66
21
28
44
72
66
50
64
38
32
73
54
42
41
44
37
29
30
45
71
35
59
51
23
37
36
29
60
36
32
50
18
26
31
58
54
55
38
52
60
65
52
59
29
54
29
31
34
46
64
34
61
37
70
38
58
25
66
73
25
64
44
56
49
30
42
33
74
64
37
62
41
67
57
40
29
26
74
38
42
29
39
59
51
31
52
49
67
50
53
26
19
19
38
40
47
34
48
39
23
45
39
28
59
43
24
43
35
53
24
44
48
60
61
40
70
39
41
33
55
62
30
59
49
41
60
37
46
59
55
38
34
42
32
44
60
51
41
46
51
68
36
63
60
53
70
32
69
61
58
31
46
67
76
57
25
57
44
36
54
67
68
61
55
60
35
24
61
70
54
43
36
67
51
20
70
71
42
58
37
51
24
33
39
47
33
51
43
56
41
47
42
45
41
60
23
37
49
54
29
52
38
65
38
32
50
60
67
29
39
43
27
65
50
24
26
33
61
45
60
57
64
69
50
59
59
34
32
56
59
38
42
40
36
50
43
21
61
38
27
48
36
73
64
50
28
56
37
44
49
44
58
47
68
26
37
58
24
69
32
45
45
49
36
29
37
64
67
38
62
70
70
33
41
76
49
39
33
44
23
37
53
44
27
50
35
45
47
38
25
39
38
32
65
57
54
48
47
39
37
43
64
42
30
27
46
42
50
60
38
33
26
74
56
46
69
37
49
43
33
56
23
35
39
71
51
36
31
32
24
35
32
34
53
57
37
38
55
32
76
73
26
29
42
56
52
65
37
69
35
46
51
36
19
34
48
34
67
66
56
43
41
53
31
44
26
62
56
73
54
62
49
49
38
30
56
43
19
36
67
22
49
23
66
32
56
70
46
44
18
38
34
38
41
33
67
38
52
48
24
49
57
73
29
53
72
61
73
54
73
63
32
57
47
40
73
33
52
36
33
73
60
71
34
49
38
42
41
49
67
39
37
41
26
45
58
46
39
68
39
53
34
49
26
29
62
71
70
66
64
34
55
59
24
30
59
23
64
45
46
36
64
26
50
45
75
71
68
33
25
29
37
59
65
54
75
29
30
15
63
32
34
60
23
56
47
58
37
62
38
33
53
47
56
67
40
37
62
70
24
65
31
42
47
73
61
45
53
28
36
30
55
66
27
27
42
40
48
49
70
52
41
27
20
52
21
57
39
37
71
38
40
21
65
23
28
74
73
53
42
63
34
38
35
46
42
30
22
51
56
34
42
38
44
40
59
25
45
34
38
23
63
71
62
62
29
74
33
29
53
22
17
74
60
35
42
33
53
70
51
50
65
40
67
45
39
75
44
41
36
70
36
59
51
56
44
45
32
27
76
48
50
27
71
43
54
52
52
30
39
57
55
61
51
42
76
51
31
65
38
59
35
36
36
25
38
35
46
31
58
22
63
38
44
40
36
50
36
46
65
71
40
46
48
61
44
53
76
37
31
55
20
38
29
29
56
74
47
55
32
63
38
29
62
49
51
24
73
43
42
34
41
66
49
45
71
26
64
42
64
34
73
72
73
33
48
65
36
43
41
47
30
41
71
24
70
40
51
36
28
49
67
28
34
27
26
23
51
49
57
40
44
62
36
34
17
72
37
30
75
58
24
53
67
65
38
35
50
51
72
73
37
20
48
56
71
38
30
61
49
50
66
24
27
75
58
38
43
53
68
40
36
47
75
51
38
28
33
56
32
49
30
38
44
35
47
26
59
37
52
63
38
30
44
55
47
34
61
51
35
52
28
29
56
48
18
51
33
38
19
58
30
63
38
41
33
59
33
31
37
57
19
59
56
34
71
50
53
71
45
52
36
31
37
33
50
63
56
41
57
68
54
45
43
50
30
51
55
38
55
30
48
31
37
64
32
48
30
62
47
56
33
34
48
41
38
40
41
42
33
48
50
62
26
48
68
30
28
38
41
58
32
53
35
43
41
63
55
46
43
54
40
56
55
59
22
46
68
38
34
44
73
45
44
48
50
40
32
24
31
34
43
48
61
49
47
34
41
33
76
44
14
19
42
36
44
32
64
25
43
48
36
49
17
39
26
29
35
58
41
34
32
75
64
34
40
46
66
44
54
35
54
56
64
48
48
37
23
59
74
36
61
44
50
35
64
36
47
37
32
56
24
40
47
50
36
58
55
26
65
36
61
45
45
35
51
21
74
59
70
73
73
67
43
47
49
42
43
57
55
30
26
60
41
51
29
26
65
50
29
61
33
40
34
61
39
28
44
45
45
50
43
40
48
61
26
73
49
72
35
72
36
48
34
29
44
63
29
20
43
62
23
75
53
39
53
50
28
69
55
34
73
53
56
74
74
43
38
55
27
51
40
36
35
67
27
47
49
45
33
61
41
16
66
65
49
54
36
47
64
76
42
46
45
57
61
38
35
56
38
67
38
24
47
21
45
50
60
63
53
35
47
17
63
34
57
58
26
27
67
51
46
47
59
61
76
29
72
49
22
21
35
55
30
32
34
39
72
71
44
33
33
62
53
59
45
69
56
38
39
67
55
43
26
32
74
25
63
23
31
65
30
73
76
35
63
20
49
67
40
36
72
66
26
48
42
40
33
46
45
34
43
36
55
32
58
24
35
70
23
22
49
23
61
39
41
48
49
25
45
71
19
32
28
72
56
38
22
58
65
23
23
62
75
38
42
31
67
53
55
51
41
42
32
63
34
29
54
33
49
43
71
42
43
36
63
61
42
29
45
30
42
54
46
73
50
25
56
59
30
65
53
43
37
39
54
39
33
43
75
33
38
58
46
46
40
71
31
23
63
50
43
61
56
28
31
34
68
57
71
54
27
23
76
70
68
44
51
24
27
75
42
36
54
24
41
45
29
39
45
69
29
50
35
47
43
75
67
32
72
41
43
53
69
26
55
53
21
37
40
50
39
34
66
18
23
42
65
33
65
47
64
71
31
29
17
51
67
41
30
29
44
43
24
36
58
58
58
36
36
24
44
59
64
72
26
61
64
24
38
52
42
72
62
25
45
65
55
57
25
37
71
73
50
64
39
39
27
53
36
46
34
43
32
67
64
36
50
76
46
52
60
73
34
50
37
66
42
40
76
49
65
65
57
32
27
36
53
20
56
22
53
42
48
27
59
37
48
44
22
31
38
74
55
29
53
52
62
44
61
53
70
25
43
43
41
21
28
51
38
54
36
62
43
60
33
43
70
76
74
63
48
28
62
54
31
41
42
32
38
33
74
25
45
34
65
36
25
33
29
16
67
24
71
73
42
56
58
59
43
57
62
58
28
23
67
47
62
45
57
46
58
65
31
44
25
45
63
39
29
68
75
57
46
74
64
32
34
39
46
28
25
59
61
49
76
45
51
33
32
38
45
42
22
33
38
45
57
76
33
44
43
71
58
42
44
44
24
34
43
25
28
55
37
24
43
39
41
49
62
48
49
41
51
43
73
62
27
66
68
76
74
45
45
39
60
28
71
56
39
57
51
22
51
22
75
37
65
40
71
57
