3000
77
41
71
50
61
68
72
55
44
21
75
40
28
56
36
57
46
25
34
73
73
59
41
32
45
77
37
66
76
35
61
50
74
46
49
40
39
76
39
72
69
21
55
41
73
45
22
51
70
31
33
54
29
69
76
29
61
54
53
69
58
69
58
51
54
62
58
41
64
48
47
70
77
35
61
26
67
30
20
22
36
61
40
57
33
57
27
59
37
47
51
34
57
46
44
61
30
76
43
38
59
63
57
35
38
31
30
45
33
61
66
77
29
33
30
71
18
35
20
33
77
59
35
63
25
39
45
54
27
71
70
27
49
42
70
30
23
57
38
32
64
53
33
41
58
43
44
48
60
61
47
77
39
65
51
48
66
59
53
50
46
63
42
50
74
69
40
47
44
55
53
60
39
26
30
66
19
31
51
37
65
62
42
62
72
31
38
42
59
35
64
40
31
30
32
46
32
57
42
40
56
32
57
33
31
30
35
38
36
44
35
20
62
43
68
38
32
76
67
35
39
37
76
34
75
52
50
62
63
36
62
61
46
71
67
34
22
26
39
35
22
25
64
61
34
53
55
49
67
55
63
32
70
45
62
65
22
27
46
67
59
59
48
46
44
39
46
64
37
46
32
47
52
47
59
54
38
35
38
41
59
50
53
53
28
71
44
23
66
36
39
47
38
54
36
51
24
70
77
24
77
58
35
46
69
72
59
61
46
77
44
42
36
61
41
66
40
33
40
43
60
76
48
33
55
35
59
53
35
70
44
26
58
67
46
52
51
36
29
68
25
41
43
43
73
55
30
22
44
36
44
30
75
57
74
55
41
53
55
43
65
31
41
49
48
30
60
52
39
76
46
60
49
30
52
47
47
52
61
61
49
52
32
29
30
48
74
31
74
51
69
48
21
68
47
51
25
43
50
74
45
36
43
47
41
60
58
54
45
30
32
49
36
46
30
38
34
61
36
75
62
76
56
73
53
28
46
25
73
62
22
70
54
35
22
52
22
33
64
46
29
72
42
33
66
32
44
40
36
52
31
23
42
75
48
56
41
31
46
33
48
23
54
37
52
19
33
30
25
58
41
25
66
67
29
18
42
77
31
72
17
49
33
43
48
39
65
60
50
35
43
25
32
37
30
37
77
33
49
52
43
68
41
37
41
28
47
77
19
39
28
36
31
35
63
37
62
56
62
61
65
59
43
25
59
56
52
59
23
30
39
52
41
76
70
63
44
56
57
25
39
69
53
45
40
50
70
75
41
37
47
28
34
49
76
63
57
55
57
36
35
68
36
57
51
19
30
44
57
57
24
38
32
57
49
58
71
58
43
28
38
64
72
39
53
44
42
70
50
40
46
57
36
21
40
65
42
37
29
58
24
28
38
38
18
45
40
63
65
58
43
75
54
55
37
42
41
70
47
57
57
52
72
37
57
42
60
68
35
34
62
69
66
47
17
53
45
36
40
54
51
39
36
50
38
48
24
72
63
68
58
36
51
32
70
56
41
21
23
38
77
53
35
68
24
43
52
34
63
47
28
45
30
72
31
59
36
50
72
71
21
45
62
40
72
75
34
37
40
24
29
40
59
77
28
59
63
34
36
74
67
22
44
46
41
60
32
21
38
26
35
37
48
48
42
38
27
30
25
49
58
66
30
62
60
57
73
34
48
26
40
27
52
45
62
36
48
71
56
44
40
46
36
51
61
32
70
37
40
60
27
32
47
32
50
66
72
64
60
39
45
36
65
20
40
40
43
68
22
54
29
40
35
68
30
35
51
30
54
41
34
58
58
39
57
65
33
53
24
38
57
75
32
72
33
74
67
39
24
54
67
35
46
64
29
27
44
28
41
69
33
28
39
35
42
46
70
57
45
30
55
26
30
23
41
66
48
20
75
38
16
38
26
59
39
55
68
43
58
46
33
26
52
40
76
58
27
30
70
34
70
66
32
30
30
26
54
45
52
43
29
64
58
24
31
66
59
61
62
64
62
24
65
41
33
59
37
21
59
47
31
57
37
75
61
68
32
59
49
63
74
67
67
33
38
55
59
21
46
42
37
44
36
59
63
42
77
40
46
61
68
62
26
41
28
41
46
63
41
58
40
41
41
52
38
44
21
25
75
59
47
28
52
50
51
42
24
71
45
43
35
62
69
46
69
42
27
58
17
54
26
27
26
62
23
37
68
42
23
67
22
32
46
35
67
70
64
71
34
39
70
19
33
59
45
57
50
55
34
73
36
54
31
48
60
30
48
40
65
32
48
24
24
62
60
47
45
52
72
41
37
19
55
37
46
28
34
35
70
47
66
24
45
21
31
47
72
62
43
33
60
44
56
36
54
70
50
40
53
28
22
44
51
68
73
29
59
70
34
22
46
37
55
46
20
75
40
45
34
29
44
39
37
32
34
37
39
59
51
32
42
46
75
28
37
76
37
24
61
47
37
48
48
68
54
43
28
63
71
48
36
28
36
26
37
73
61
43
33
55
63
50
53
41
61
47
53
38
77
49
17
35
45
28
36
31
25
36
27
33
49
55
35
74
74
28
61
40
38
73
39
34
39
66
38
38
59
61
41
54
57
31
26
67
63
72
32
45
66
46
77
31
32
34
33
29
60
41
44
43
28
71
69
34
22
38
64
71
41
52
32
38
74
30
21
48
48
46
39
31
43
31
65
18
48
71
31
65
68
45
43
23
36
34
66
66
36
38
68
61
33
27
46
23
47
74
46
29
67
58
20
25
24
36
33
67
36
41
75
36
71
26
33
49
72
44
26
42
68
46
27
54
45
32
66
28
39
36
58
49
36
61
61
48
22
50
27
23
60
61
31
43
51
28
46
45
62
34
41
24
73
77
51
45
60
76
69
75
69
55
22
53
51
43
29
55
53
41
49
58
41
36
47
47
57
57
71
46
20
64
28
41
56
72
55
50
72
52
39
56
74
58
41
51
39
33
47
31
24
46
60
60
35
73
68
55
18
38
75
34
41
64
39
43
54
36
68
47
66
68
23
23
50
73
51
70
42
29
68
35
57
35
63
28
55
28
30
71
21
59
71
35
24
29
32
53
74
32
42
68
41
32
36
32
51
72
26
52
60
60
40
30
41
76
54
29
53
33
44
49
27
49
65
35
66
45
65
39
51
57
58
50
29
66
30
50
77
61
43
49
72
49
34
25
54
24
32
47
47
61
45
30
75
67
67
27
51
66
56
41
47
50
50
67
55
50
34
49
25
22
50
37
62
59
20
75
73
34
67
51
38
39
27
67
56
46
60
43
53
46
74
34
36
25
60
56
67
59
75
36
73
50
61
42
36
45
67
38
31
38
23
37
72
44
29
61
61
70
69
28
34
46
34
49
46
25
44
22
75
40
55
48
56
33
48
30
44
63
35
72
60
44
71
39
38
27
39
65
63
48
71
52
46
22
32
48
36
39
56
60
22
60
75
34
25
29
46
40
67
77
38
37
49
44
48
54
41
50
36
44
37
54
38
38
57
30
60
40
45
46
60
32
46
73
49
34
52
64
73
45
69
51
60
32
73
31
56
61
67
32
68
46
25
59
74
22
72
38
48
34
34
34
57
31
46
44
56
35
47
50
77
35
46
51
20
29
56
23
48
30
24
62
40
40
52
43
26
51
39
40
35
44
73
54
28
42
32
47
22
76
25
58
37
42
40
65
32
35
26
39
48
29
53
46
74
34
32
27
39
43
22
34
51
73
45
44
39
72
22
34
28
33
56
45
46
32
25
31
52
37
48
25
43
25
29
27
50
65
43
43
27
55
32
26
43
58
56
45
69
77
23
23
26
47
31
53
42
54
38
25
59
51
45
22
42
28
41
31
30
31
55
61
28
51
62
59
75
29
43
77
75
47
38
57
41
55
29
34
60
40
42
77
36
71
40
43
38
34
49
43
40
66
22
49
72
55
35
35
32
35
70
43
73
59
60
37
31
36
68
31
74
59
49
57
50
47
70
49
53
33
65
43
42
52
54
42
42
42
52
18
51
47
71
53
51
27
67
72
56
58
55
54
64
57
41
42
36
35
70
33
37
53
43
68
65
33
50
36
59
46
56
29
36
18
38
43
35
48
52
55
77
34
50
60
57
33
44
49
43
57
70
33
41
35
57
55
77
51
65
48
30
47
47
46
35
31
25
61
75
41
48
58
33
57
36
56
53
54
59
37
23
50
24
36
76
56
59
31
43
19
51
72
45
51
27
63
71
48
47
43
40
54
53
48
30
68
73
50
45
55
35
36
47
63
30
24
40
37
76
30
44
26
71
73
42
68
35
58
55
47
71
57
45
47
71
28
39
45
43
66
64
24
39
64
43
49
48
47
26
68
72
74
31
39
69
39
39
48
42
23
52
35
71
33
33
63
43
39
42
48
43
51
34
42
54
72
37
77
48
39
51
50
19
68
34
59
24
34
51
77
42
37
32
76
51
44
60
65
38
45
44
74
57
73
73
52
51
60
35
51
52
68
42
49
65
39
49
32
61
50
39
50
72
42
42
36
38
18
74
77
77
42
54
28
47
57
38
36
53
60
21
29
37
43
45
61
31
24
69
62
54
41
18
19
32
40
53
64
41
40
28
53
75
36
53
47
33
70
65
39
22
72
53
73
33
52
41
36
74
47
22
56
43
37
61
32
28
35
60
52
45
66
64
33
52
17
30
68
39
57
72
64
42
60
69
60
41
34
74
25
61
45
36
39
62
52
38
77
35
44
77
37
39
73
77
66
60
56
48
28
46
38
41
45
71
29
72
35
56
62
45
41
64
44
34
15
75
63
38
42
22
57
60
34
17
40
42
53
35
54
36
45
42
51
48
44
33
32
45
38
43
61
63
46
29
40
30
75
23
45
27
29
30
34
25
51
44
75
34
68
30
40
66
51
55
62
62
27
70
25
76
43
30
60
30
77
66
30
52
63
24
54
47
47
30
35
44
70
41
35
24
33
30
74
47
24
49
65
45
70
50
76
50
44
60
60
36
42
77
54
53
53
29
37
75
68
40
34
22
37
75
62
44
63
24
53
62
24
43
18
44
53
29
53
64
45
58
73
34
30
29
62
67
49
25
50
43
46
58
62
65
70
37
63
42
26
60
55
68
71
39
37
29
46
60
75
35
44
55
55
39
55
22
27
62
35
33
24
66
29
60
34
31
23
49
29
76
32
30
63
37
67
49
70
74
25
76
38
39
77
50
58
75
54
67
49
62
31
27
49
45
32
33
55
40
63
34
55
47
68
76
45
26
40
32
45
50
34
54
37
53
46
47
23
51
68
36
60
68
45
63
62
64
41
44
59
23
42
40
36
38
53
51
24
61
35
67
21
34
37
28
41
29
35
42
67
48
58
45
52
55
30
50
53
23
40
42
31
73
35
68
43
41
18
25
70
28
29
68
42
56
36
76
32
39
51
72
35
41
39
63
54
65
23
56
46
38
51
56
76
59
59
55
48
46
41
71
48
43
37
62
74
33
35
46
46
37
43
39
27
44
65
35
15
34
40
33
62
29
47
57
65
35
36
27
34
44
23
21
57
71
50
37
44
44
56
55
63
19
51
59
36
62
54
49
38
65
44
42
20
52
26
27
36
72
37
22
24
32
73
50
24
41
57
55
29
44
31
71
40
67
42
22
67
25
49
31
41
70
17
48
39
64
22
33
39
51
24
45
34
44
33
40
38
48
59
29
39
56
52
55
37
25
49
40
37
42
19
52
49
65
35
30
24
58
57
51
63
49
55
43
22
33
40
29
62
33
71
47
42
42
50
41
52
38
62
72
38
41
35
64
48
44
29
71
19
26
40
21
26
48
37
49
57
66
46
72
67
48
55
42
32
38
75
41
52
32
42
61
30
43
43
52
69
51
29
41
48
39
66
68
39
38
62
66
72
51
39
51
35
39
35
44
61
41
74
71
40
38
53
41
27
38
47
37
45
58
57
56
38
50
50
21
29
32
57
28
67
43
38
27
71
41
63
42
38
61
70
76
48
64
71
40
60
64
50
52
56
57
50
35
22
75
76
69
44
61
54
28
43
41
56
21
69
49
55
35
71
59
57
35
44
35
50
73
60
42
27
27
35
42
25
45
75
57
77
38
58
55
27
47
53
38
51
67
35
39
36
30
43
25
28
28
20
62
65
67
36
75
75
60
26
56
56
60
68
58
33
73
25
72
27
46
40
28
39
26
52
43
64
42
46
56
34
74
59
24
31
50
46
69
58
37
32
71
66
74
22
42
62
47
46
29
45
36
29
48
70
42
76
40
24
29
43
49
38
22
42
26
52
36
40
29
61
25
47
29
70
32
28
72
42
68
50
36
39
32
62
36
66
24
46
47
25
72
40
31
31
65
62
61
44
72
42
29
45
75
44
44
24
41
39
52
39
36
51
63
38
47
63
73
64
56
48
39
35
66
49
48
36
77
31
46
35
49
23
73
31
39
31
74
53
38
35
36
43
43
62
67
32
29
58
66
47
21
42
71
24
69
38
43
31
24
32
27
51
31
50
44
28
47
54
24
33
57
67
63
39
47
53
43
34
61
61
60
32
51
51
51
28
40
34
65
67
64
43
43
72
74
66
39
36
46
60
74
29
39
41
24
32
72
39
48
26
37
53
33
35
68
76
75
30
22
61
64
59
53
40
47
53
37
36
63
57
29
60
30
44
33
37
63
25
47
40
69
39
55
75
76
64
33
28
67
56
53
31
68
71
24
75
32
57
40
23
46
30
69
53
23
41
58
72
55
32
40
39
50
32
33
39
47
73
50
31
29
21
23
58
42
75
38
47
44
55
50
62
59
69
70
30
49
