3000
78
37
36
26
52
52
34
45
26
24
36
78
24
28
18
48
39
74
28
40
68
41
34
43
47
64
36
28
63
26
53
44
29
75
52
33
26
75
48
49
17
42
56
64
42
54
53
38
58
48
46
59
56
33
66
52
44
54
53
48
75
44
74
43
35
49
43
25
54
34
53
72
61
63
29
53
39
39
32
37
21
78
53
76
69
50
30
50
77
48
73
52
65
33
53
19
41
52
34
58
78
72
40
68
59
50
29
77
30
65
45
38
41
44
53
66
45
38
25
27
42
20
23
77
50
36
36
78
35
59
59
54
74
68
38
69
41
32
32
53
77
33
60
60
31
44
60
73
47
37
30
38
44
48
47
30
45
63
45
47
60
40
45
67
71
31
33
48
50
27
50
40
25
59
48
30
36
44
73
58
35
67
21
47
24
72
74
61
50
75
33
40
44
40
67
36
54
57
69
47
33
51
58
45
52
29
44
40
43
52
50
33
23
63
51
65
39
69
41
33
57
58
49
23
30
64
39
30
43
32
70
37
68
65
42
49
35
59
70
73
76
44
51
19
47
63
42
50
77
34
55
49
70
17
43
37
67
48
53
51
28
68
53
68
46
36
45
70
29
66
59
21
59
25
29
55
50
42
38
47
51
67
35
25
29
62
73
31
35
33
38
50
75
52
60
38
54
57
62
62
66
38
52
62
65
53
31
35
55
43
22
25
35
71
43
51
59
75
28
45
46
39
78
63
66
24
57
29
68
70
59
46
62
46
29
34
46
42
45
60
66
31
73
30
29
59
44
46
69
58
69
76
35
76
39
46
72
48
42
59
45
77
56
62
42
41
69
37
26
57
33
71
33
47
30
49
41
71
44
49
44
44
59
30
50
30
55
55
49
52
62
33
37
73
71
64
61
30
63
65
70
39
57
53
31
31
40
77
55
60
55
22
46
72
43
30
29
27
60
35
42
61
73
40
46
51
37
46
28
29
57
43
68
70
39
38
60
46
63
41
40
30
68
37
59
73
71
47
28
38
42
46
44
49
45
52
45
39
42
29
48
62
39
76
49
35
72
49
68
34
48
41
73
24
61
26
75
30
64
78
33
65
47
56
25
45
43
50
38
61
50
71
72
52
71
30
74
24
72
47
22
43
35
44
74
69
29
51
29
42
54
72
27
32
54
61
67
40
23
28
53
21
40
40
47
28
54
71
32
19
47
63
53
75
43
66
38
50
47
41
71
52
29
19
68
44
38
28
36
34
26
39
31
42
54
59
38
40
62
26
59
32
68
58
42
73
61
72
39
48
40
53
73
53
63
61
75
37
72
71
59
39
43
76
41
41
26
66
60
49
60
30
52
38
42
77
45
61
28
26
47
53
52
53
60
76
30
50
62
42
36
47
40
23
45
64
36
16
37
48
68
39
56
37
21
33
35
35
49
30
51
73
40
50
72
65
51
38
74
56
75
38
53
54
32
25
62
43
78
69
47
65
36
40
43
76
47
46
58
57
31
45
42
31
67
26
53
73
41
43
39
50
60
78
54
56
43
27
23
58
33
78
65
78
18
43
19
67
48
32
27
71
61
38
53
58
38
78
62
61
30
40
59
57
66
55
68
45
32
75
27
47
37
43
26
65
77
65
36
67
60
48
70
45
60
36
71
69
15
44
62
52
53
54
74
33
73
62
33
41
71
30
47
31
68
58
25
23
48
39
33
26
63
29
32
26
35
55
51
23
39
67
24
52
40
23
55
28
34
32
71
78
41
27
75
26
63
72
62
46
58
55
31
41
53
35
35
40
42
41
57
57
33
37
59
26
60
12
53
71
47
51
25
29
42
39
55
26
54
66
23
69
49
63
40
23
28
28
48
43
57
77
72
76
46
35
29
45
63
48
24
43
28
48
46
53
47
21
33
35
56
37
30
55
76
31
40
69
75
51
36
49
59
38
49
44
46
44
32
46
63
57
43
60
48
40
54
34
41
39
44
61
36
19
36
32
72
42
35
55
59
66
41
22
48
77
45
41
65
43
35
40
24
35
56
57
54
62
58
55
35
50
45
54
78
43
60
51
49
39
65
51
50
62
44
39
26
59
26
65
28
72
50
62
77
33
78
41
74
50
26
76
65
46
31
36
47
64
68
40
59
56
78
46
61
55
41
64
34
61
76
30
46
49
55
46
37
44
66
25
27
27
51
58
53
34
47
74
73
40
30
48
52
51
40
72
40
63
39
50
46
61
54
74
71
44
53
72
55
48
72
51
27
35
43
53
62
41
51
39
34
32
31
39
41
29
30
49
51
51
56
29
72
35
46
77
31
19
48
55
42
41
26
46
39
64
41
31
35
61
50
48
56
32
32
33
46
45
45
26
50
47
31
72
53
45
20
65
57
35
39
66
75
21
55
67
73
37
72
23
77
39
48
65
53
64
65
52
31
26
41
36
39
43
46
21
73
78
33
39
44
46
48
67
63
20
53
49
39
44
39
20
51
57
36
34
50
37
62
37
42
54
32
33
53
68
39
28
32
56
42
64
20
31
37
19
61
30
55
56
39
73
24
78
29
45
54
38
71
62
43
45
28
55
54
64
71
69
61
40
22
25
78
37
39
54
60
33
39
59
63
45
72
50
50
61
51
42
25
36
26
45
65
44
46
40
42
77
55
30
49
54
56
45
56
44
52
25
48
60
67
35
61
27
42
23
27
39
30
25
32
48
49
29
41
60
45
45
62
37
56
53
56
53
32
30
64
58
70
48
69
40
77
43
50
24
41
60
44
62
60
50
40
51
68
34
23
61
51
58
58
40
40
38
38
58
29
64
42
78
73
44
32
75
56
40
53
25
34
65
55
46
48
50
27
52
36
38
41
46
32
76
35
47
45
50
42
65
45
26
30
48
41
47
40
75
48
72
56
32
37
64
45
30
24
55
28
28
38
44
53
50
37
53
37
52
41
76
39
53
35
59
39
23
63
21
63
59
56
75
39
34
41
30
23
34
74
23
40
78
65
75
70
75
75
39
31
30
55
52
27
27
76
64
40
44
61
65
28
24
57
40
36
45
68
35
38
39
44
72
45
52
43
70
41
56
47
28
29
67
58
60
68
38
38
38
29
65
71
77
55
71
64
31
49
47
39
29
54
67
41
27
25
48
65
45
71
75
43
33
56
57
40
76
64
55
66
49
63
63
40
42
70
33
61
54
40
38
62
37
45
40
31
38
19
39
39
61
40
25
38
33
40
44
41
59
31
24
28
66
31
37
39
32
66
33
27
43
40
32
77
44
57
71
66
50
49
63
47
54
53
41
25
36
38
41
40
49
63
60
25
22
18
36
55
45
66
65
20
62
32
40
68
62
74
27
23
39
53
48
31
26
65
38
63
40
47
32
57
38
66
56
34
47
40
53
43
38
44
26
66
38
37
27
36
75
69
34
60
47
75
73
28
64
51
43
27
39
56
30
72
61
75
53
33
58
62
61
63
33
48
19
40
53
41
57
30
51
38
45
29
44
77
35
65
35
75
51
18
54
30
53
38
70
34
49
56
52
22
54
43
51
28
33
66
28
78
43
69
49
61
31
33
78
38
75
76
55
57
60
65
34
69
48
31
49
33
43
44
66
65
46
28
41
24
43
69
55
45
47
49
64
23
60
32
61
71
46
28
42
45
29
63
67
28
78
38
75
38
50
43
43
68
45
43
66
46
70
61
43
49
77
37
62
30
27
27
53
45
40
45
64
61
36
52
53
29
37
59
78
67
45
56
60
57
43
36
46
35
73
36
72
36
26
77
46
35
43
23
42
69
49
43
22
47
30
69
55
33
44
73
62
48
55
22
65
65
26
47
34
51
40
51
72
35
46
47
75
57
52
77
58
25
64
46
27
52
70
54
36
61
29
36
35
35
49
36
49
39
72
24
41
55
65
38
77
57
72
69
37
54
75
46
69
37
28
28
66
30
50
66
34
78
42
44
36
38
48
58
30
54
30
60
55
47
52
46
57
46
50
36
28
78
60
40
50
39
41
17
43
29
57
39
32
59
51
32
62
59
78
34
50
35
38
75
32
43
72
48
55
24
42
61
38
40
33
32
47
20
38
67
39
46
57
59
50
21
40
68
32
52
44
53
48
48
38
61
33
50
36
71
23
34
75
42
48
38
61
61
30
26
36
77
71
26
35
57
38
37
34
64
70
44
50
18
35
32
49
35
24
65
35
61
41
66
22
70
58
19
62
76
77
29
77
22
35
38
37
72
51
36
28
46
64
39
51
23
38
39
75
35
33
34
68
46
64
47
35
30
71
66
72
73
37
34
45
31
58
44
76
39
41
28
32
76
24
41
54
71
46
53
75
53
13
27
47
42
53
44
27
55
39
65
40
28
37
41
35
23
32
40
26
55
45
47
39
42
77
28
34
22
27
33
55
60
53
71
32
43
31
77
29
45
19
24
54
77
75
70
28
56
36
50
36
40
64
35
63
28
49
55
35
68
33
33
52
48
37
30
78
68
34
67
30
74
35
33
64
42
54
40
54
40
39
38
27
67
39
45
69
61
30
69
37
39
59
31
78
38
74
63
38
35
38
34
48
27
63
50
28
46
46
39
37
42
41
62
39
62
76
51
55
73
44
39
34
63
35
45
47
58
51
52
36
52
28
33
27
27
28
76
75
38
76
30
44
76
47
28
53
21
40
49
37
55
44
24
59
28
57
65
54
60
37
73
74
34
39
71
39
50
39
60
33
60
23
24
45
69
70
48
31
37
47
29
66
45
57
24
46
59
34
78
44
43
29
63
54
40
44
44
65
49
48
26
37
55
43
51
50
38
45
52
38
59
21
60
19
50
39
32
44
40
67
48
56
37
29
65
58
39
68
41
48
70
43
65
51
58
19
24
26
37
60
44
77
38
32
71
60
31
73
32
25
69
50
69
56
30
72
41
28
62
44
72
63
69
55
38
45
59
43
21
18
33
37
34
32
39
76
45
59
49
40
42
73
64
49
71
47
59
63
54
66
60
34
39
73
40
57
48
32
78
25
63
51
28
34
37
40
50
63
52
29
48
48
34
68
49
46
61
51
20
26
33
78
38
72
60
37
42
26
45
50
57
29
76
41
35
46
39
42
30
36
45
62
46
72
47
38
40
53
71
42
53
41
47
63
76
65
47
54
31
25
44
42
47
23
77
43
27
63
35
21
64
76
63
42
23
45
38
57
40
57
48
52
56
32
21
41
58
55
63
43
68
57
47
41
22
62
33
57
63
51
43
53
71
44
35
44
31
43
46
43
48
28
39
46
52
42
35
51
73
62
35
36
43
33
57
48
51
33
26
43
51
40
29
59
50
57
61
42
42
33
45
26
69
35
66
74
56
39
66
61
46
43
54
39
63
45
63
38
68
69
45
25
39
47
70
69
37
66
28
33
47
46
43
38
75
50
70
17
41
51
31
47
42
61
30
43
58
20
36
57
42
36
29
78
43
28
28
25
32
42
60
48
42
32
47
69
37
50
36
25
31
42
31
19
53
26
51
75
34
30
48
32
67
43
72
47
61
41
68
75
68
38
34
32
59
37
46
36
70
27
42
32
61
48
37
35
47
58
42
40
42
69
37
39
58
34
33
42
31
60
73
27
66
53
60
48
45
47
63
52
48
44
25
45
62
34
18
40
64
30
54
76
40
48
64
40
67
41
39
63
62
39
26
27
58
59
44
27
47
61
37
67
67
44
49
75
39
44
70
36
28
48
42
74
35
37
41
51
34
52
70
32
19
59
41
73
68
69
68
46
26
34
28
73
59
60
54
68
46
43
64
49
48
67
29
60
42
28
39
44
39
39
46
30
36
65
57
42
23
60
60
46
33
51
70
36
74
43
24
74
31
53
59
36
74
51
29
34
62
63
75
48
54
56
56
60
35
67
60
49
42
32
65
56
34
48
43
34
44
34
42
22
45
22
46
62
64
39
60
38
40
56
78
50
46
37
52
64
40
69
55
60
38
57
34
30
36
41
30
28
55
42
48
16
29
40
45
40
34
41
50
48
36
39
51
40
40
64
43
50
69
65
70
44
29
46
74
55
72
35
62
51
39
26
43
45
29
35
32
50
51
63
20
23
39
74
29
35
40
40
48
45
74
36
57
49
30
43
20
57
56
57
43
51
30
46
52
41
72
43
62
35
55
35
30
73
46
51
78
57
21
40
60
43
31
29
42
28
33
68
33
65
50
44
35
34
78
48
30
39
50
22
50
63
46
58
44
50
45
56
41
47
40
42
61
52
65
56
65
75
28
68
39
28
48
66
66
72
56
35
36
47
43
41
31
69
48
61
31
32
39
28
22
37
68
33
21
49
44
37
33
73
66
28
58
41
53
42
20
23
20
37
47
28
42
27
28
46
64
23
28
64
78
70
47
54
75
44
62
69
42
65
45
62
60
26
70
42
60
46
31
39
25
76
32
61
28
69
29
69
47
56
44
36
39
46
39
40
44
47
51
38
63
48
60
42
65
42
66
69
36
51
42
30
55
43
63
41
66
65
60
30
58
63
39
37
47
64
73
71
45
50
35
71
25
35
30
24
39
67
74
39
49
62
55
41
21
51
55
32
54
78
57
34
32
31
69
78
44
62
51
54
69
61
50
38
56
63
40
64
66
56
47
44
42
78
37
47
35
31
47
65
41
65
29
73
44
25
40
72
54
43
27
34
27
45
53
35
55
42
36
25
34
39
47
31
65
64
41
35
31
39
35
52
35
47
53
67
43
43
31
68
59
27
51
52
70
51
54
38
57
40
31
48
52
68
61
48
46
28
27
40
48
56
50
55
40
