3000
79
34
33
78
73
53
30
45
64
58
67
65
75
72
46
58
28
38
76
35
77
40
46
34
75
44
31
59
38
35
35
77
35
47
74
54
41
70
27
67
58
31
55
59
60
63
77
35
77
57
63
38
45
69
56
23
27
47
19
38
41
50
43
31
52
46
32
23
35
37
43
57
31
72
40
32
49
53
44
72
61
35
35
33
41
78
60
78
41
48
74
31
32
55
39
43
55
33
59
77
63
24
36
34
78
54
41
55
22
38
26
44
32
40
34
48
35
51
54
38
69
66
59
33
51
62
78
33
54
39
69
36
77
56
31
43
72
45
60
66
45
46
34
30
28
63
32
37
60
50
31
26
29
46
50
34
50
73
27
35
38
37
34
28
41
72
46
43
60
49
23
28
59
54
42
34
32
31
36
42
46
36
55
53
55
54
50
44
45
24
56
38
39
60
72
76
31
65
76
70
49
55
40
34
58
49
36
30
78
51
45
40
40
45
52
30
41
59
32
72
77
50
45
44
40
44
59
63
30
28
44
52
42
63
51
27
53
49
63
67
41
58
41
30
25
53
74
49
58
37
45
56
48
40
64
36
34
45
36
66
29
64
68
35
34
57
41
45
53
43
37
65
46
56
79
34
74
49
50
36
76
40
64
29
49
41
42
34
27
41
33
35
52
24
40
54
24
57
44
55
46
54
66
46
65
39
75
54
41
30
62
44
48
40
56
41
64
47
40
71
44
66
44
25
36
64
62
37
62
68
46
34
36
46
49
37
77
32
40
41
43
47
31
73
48
48
58
46
22
57
53
76
40
52
63
60
34
31
44
40
72
33
67
58
33
26
74
55
79
60
52
40
41
46
41
29
32
30
54
41
67
51
64
37
50
32
39
66
32
32
60
47
46
50
69
60
74
54
57
62
40
40
33
26
70
37
44
62
17
45
25
73
53
51
42
60
33
59
34
46
47
71
28
63
40
37
44
31
58
31
48
33
68
41
79
52
33
78
32
57
28
55
33
30
39
52
49
59
41
37
40
41
38
64
37
34
42
20
51
69
40
55
55
16
49
64
33
34
52
70
33
58
68
59
79
64
27
34
56
32
41
47
32
46
64
31
39
35
58
68
70
23
42
53
42
32
61
51
37
71
31
39
58
28
71
58
67
42
30
55
40
56
54
20
40
47
38
44
39
25
50
40
45
18
22
39
40
71
72
47
52
51
27
55
28
39
74
63
74
53
48
69
34
28
67
79
62
60
67
58
75
40
23
64
55
22
59
46
38
54
53
38
36
64
27
40
71
36
30
77
57
33
51
33
41
40
74
63
56
77
49
40
63
59
21
41
74
49
64
25
34
53
46
43
65
75
59
36
55
79
14
72
42
22
40
43
59
68
59
74
52
72
53
44
37
23
54
51
60
53
38
35
44
63
54
30
68
31
38
53
32
69
78
25
26
61
73
57
66
64
64
51
38
76
34
42
46
35
53
25
28
39
21
75
30
68
46
65
60
78
35
46
76
70
34
55
43
58
55
62
61
42
28
39
69
41
76
38
48
59
37
46
51
33
74
31
25
65
27
75
26
37
44
36
55
54
40
47
37
44
71
57
21
62
64
35
42
55
54
46
33
60
60
64
61
29
31
68
71
73
66
33
60
51
67
50
56
76
37
63
34
63
41
76
45
44
33
61
63
55
47
52
76
20
31
26
46
61
70
59
19
27
41
36
28
58
72
27
59
59
63
58
42
21
18
43
62
62
61
25
50
41
78
65
54
31
26
43
45
57
66
41
74
78
37
35
53
46
70
59
39
43
39
34
56
35
40
47
33
31
71
56
36
53
58
40
36
46
23
70
25
29
26
52
20
49
39
48
76
50
69
28
62
38
27
61
30
51
70
44
20
55
34
52
58
24
48
77
45
46
44
51
31
77
57
66
42
60
50
48
43
70
48
47
76
67
42
33
45
28
33
78
31
34
28
70
43
68
38
23
62
41
20
53
27
47
71
43
54
34
37
35
48
63
54
37
40
25
45
63
69
38
43
36
46
35
79
36
77
77
54
31
73
68
57
64
26
22
73
40
53
26
39
63
64
43
46
38
46
61
21
59
77
48
39
24
37
55
51
65
51
26
71
74
35
27
36
39
25
33
40
51
38
64
31
40
64
43
68
48
78
20
76
37
73
35
61
29
20
41
36
43
41
30
26
38
23
47
79
46
56
48
25
30
26
27
26
40
57
27
65
40
44
73
24
57
71
57
62
30
47
54
74
36
65
26
51
47
52
48
50
20
36
53
40
37
52
55
55
26
73
78
36
30
74
36
69
56
27
34
79
76
38
61
32
51
67
37
23
30
75
61
34
55
39
69
49
26
54
69
21
79
35
71
34
25
61
21
74
72
58
46
72
47
36
79
49
43
70
59
76
77
42
50
51
38
32
54
41
34
51
45
53
54
31
64
35
68
71
44
48
72
51
59
33
21
64
42
29
27
43
31
45
62
40
34
67
39
38
46
70
76
72
33
74
34
42
58
29
29
52
35
36
49
34
31
30
64
51
42
50
61
35
21
39
33
48
75
73
41
33
73
39
56
40
42
42
29
65
41
34
54
44
46
69
60
58
39
60
73
26
33
77
34
37
52
25
55
73
56
57
47
74
56
63
35
79
42
40
37
57
73
56
56
69
32
65
33
40
32
30
66
69
66
60
53
21
42
64
71
77
62
60
20
42
60
30
24
59
27
49
45
50
70
43
48
74
27
29
47
60
49
23
40
66
23
49
41
74
56
53
47
62
67
68
52
67
48
47
48
38
71
28
31
28
43
33
42
56
53
64
34
75
35
58
32
78
72
65
58
32
71
48
79
51
48
35
65
79
24
67
29
33
29
48
20
74
26
35
42
66
71
60
63
62
24
26
68
67
70
51
61
76
77
71
56
78
58
21
65
45
58
27
39
46
28
57
71
50
68
52
52
67
37
43
50
28
47
30
54
36
56
69
48
47
60
67
64
27
51
33
26
31
31
43
72
52
57
38
29
40
58
64
73
70
39
79
45
53
61
43
55
43
59
47
53
31
32
60
74
40
76
60
25
53
50
73
58
35
38
49
43
55
34
26
62
39
34
62
32
48
20
65
31
39
63
41
44
40
24
49
46
62
42
55
30
53
49
53
75
26
29
24
31
54
49
33
30
57
34
53
66
57
31
61
79
36
36
71
37
66
72
44
36
33
31
35
45
47
75
57
68
19
69
29
26
60
53
45
75
39
43
53
50
60
59
25
75
54
37
51
40
44
53
33
63
57
44
52
45
50
29
60
59
76
72
29
36
44
77
77
43
46
66
28
54
65
31
30
42
54
30
48
26
76
56
66
49
36
45
47
48
40
38
30
79
40
39
39
69
24
76
45
68
35
66
34
67
54
46
33
47
76
33
65
42
48
49
47
41
46
31
36
62
47
61
57
43
67
43
40
41
34
24
57
46
32
62
28
56
15
30
58
70
40
42
45
40
61
29
36
52
37
64
59
55
48
66
54
27
48
43
42
66
37
71
28
34
22
37
67
25
41
59
79
26
40
52
60
50
69
44
50
52
57
46
70
55
55
74
62
72
68
25
30
65
36
34
57
61
73
25
23
67
41
63
76
41
46
66
62
33
30
33
46
41
41
43
74
29
38
38
57
38
45
62
79
33
66
55
44
69
38
77
39
61
66
44
35
34
50
56
36
42
71
68
57
42
79
48
65
46
70
30
75
35
42
21
27
46
48
38
32
42
40
44
31
77
37
45
65
54
39
21
66
55
60
69
52
76
41
35
53
65
37
46
49
60
55
76
21
72
25
70
66
51
39
70
34
60
42
39
19
61
46
55
52
70
38
45
65
43
76
61
38
43
59
75
46
35
20
23
33
79
77
68
38
52
26
35
57
67
45
72
48
77
67
51
44
49
67
27
67
50
28
25
62
34
44
34
72
77
31
27
43
79
59
79
48
32
64
39
36
35
36
30
66
70
75
41
59
44
43
43
62
46
67
34
75
32
37
34
47
65
68
44
71
71
57
69
65
45
50
73
68
74
43
72
35
25
73
46
31
27
63
79
56
56
39
67
46
41
47
43
49
35
76
29
54
73
35
27
44
50
64
40
35
57
35
55
42
31
59
70
67
35
58
66
48
42
39
74
44
72
65
36
44
79
57
68
63
42
56
37
44
34
76
42
33
62
29
62
68
56
33
62
59
75
43
38
68
60
38
52
51
53
60
44
40
59
71
77
20
44
26
30
44
76
70
34
38
66
51
61
34
75
77
42
33
63
35
31
28
35
55
58
38
45
60
71
72
47
23
78
51
78
73
50
47
26
40
55
29
46
58
62
29
38
45
37
53
36
39
72
56
32
55
50
31
62
54
53
46
40
60
58
44
40
66
70
64
31
55
52
33
50
38
59
31
65
43
40
63
65
44
75
52
68
47
40
40
77
49
71
46
63
34
38
26
30
73
43
58
51
48
36
40
51
39
37
42
46
46
42
29
47
55
43
76
29
79
71
67
51
24
53
38
50
54
35
36
48
49
24
35
50
32
56
38
28
34
74
51
46
75
40
76
26
50
51
63
65
51
59
27
38
30
32
28
27
57
65
79
49
74
25
39
75
39
42
53
36
62
72
50
36
62
18
58
32
42
48
50
41
40
46
37
52
44
40
39
64
45
42
62
77
52
46
30
39
31
42
50
52
41
35
72
64
44
47
71
76
40
65
56
27
34
77
57
48
32
29
67
63
50
24
41
76
51
59
42
57
58
68
37
32
34
44
66
39
43
64
44
46
54
49
38
30
75
27
48
64
74
79
50
34
21
41
29
67
36
57
74
50
23
70
54
48
52
26
58
55
46
34
27
62
39
49
25
37
26
47
63
38
65
53
48
75
69
40
23
70
41
28
46
36
59
35
38
71
65
74
38
51
64
59
55
30
76
51
45
42
49
52
53
33
47
68
49
63
63
74
35
49
78
36
63
45
57
38
37
64
31
44
74
39
60
52
34
20
44
73
46
28
54
38
59
58
45
50
48
36
44
35
29
53
68
33
66
78
23
51
57
31
67
42
56
49
38
38
44
63
75
23
45
67
40
74
49
64
79
48
43
37
72
72
31
28
39
40
67
24
39
49
38
58
63
69
34
41
76
29
70
31
57
67
24
56
26
69
46
61
73
44
70
63
32
31
51
70
39
37
54
53
44
27
48
57
60
39
37
64
50
74
36
36
55
31
27
40
29
73
15
20
54
71
33
60
77
43
44
32
38
26
57
47
45
66
61
56
36
31
49
25
62
62
65
48
20
19
34
44
43
50
48
69
30
51
28
37
33
74
42
39
36
54
41
26
38
43
44
24
44
55
50
53
52
37
42
53
53
41
31
71
35
36
76
19
73
68
72
43
48
61
58
68
59
43
48
31
25
33
71
40
23
46
20
56
27
58
34
67
68
46
64
24
77
38
53
36
28
32
67
54
54
59
33
36
36
50
64
65
38
46
69
34
26
69
40
75
29
70
27
50
42
24
30
44
41
39
50
24
57
47
74
39
46
48
43
60
52
58
39
69
60
35
61
33
62
29
47
66
27
78
45
64
30
38
79
58
77
27
38
67
40
36
67
51
25
74
34
49
45
63
45
52
58
77
67
71
24
39
46
46
36
38
33
27
35
26
22
63
60
27
71
48
25
60
41
36
63
43
38
45
14
52
73
45
25
79
57
39
49
25
37
67
45
40
58
22
48
33
61
70
57
61
30
41
39
32
79
61
39
54
33
68
33
42
22
42
69
17
48
67
61
29
51
29
65
60
74
44
39
71
72
31
68
67
31
29
71
24
35
38
60
42
38
41
41
52
39
36
67
53
38
55
73
72
65
63
26
49
30
70
71
48
47
32
46
36
46
57
37
43
43
34
34
62
37
57
34
45
23
36
59
79
68
43
54
33
46
59
64
39
58
41
73
56
43
56
49
52
32
79
39
32
57
55
69
30
47
53
56
49
42
32
28
58
41
69
47
30
34
52
77
49
42
39
79
56
59
18
36
54
39
45
76
61
35
71
66
43
40
43
48
23
65
39
71
59
40
32
77
77
40
66
26
66
71
38
63
75
71
68
44
48
36
61
41
46
53
32
29
28
17
44
73
75
46
35
77
48
63
27
42
72
37
50
57
29
35
37
64
70
50
51
38
52
29
47
42
41
39
41
22
35
74
66
18
41
77
41
56
35
50
48
34
63
31
55
26
37
45
48
24
47
53
28
63
57
74
43
26
43
24
76
34
39
42
57
59
54
48
63
42
40
36
33
74
50
20
56
77
44
69
76
46
64
71
47
73
56
27
50
36
54
47
31
35
54
35
35
42
41
77
52
27
74
40
40
40
33
54
52
54
40
51
51
51
27
39
37
65
43
50
50
49
53
33
50
51
76
49
78
53
74
57
37
35
47
52
55
41
56
39
43
67
38
38
26
78
69
79
79
73
34
20
61
27
47
58
39
29
33
70
37
33
42
49
79
40
42
77
64
65
50
66
49
42
44
58
40
34
47
67
71
33
47
39
65
77
38
27
45
42
71
38
42
72
53
44
27
47
28
32
46
39
52
71
29
36
46
29
69
47
49
61
31
39
45
75
53
30
72
33
36
52
35
43
48
16
59
56
44
66
26
53
62
73
63
22
32
66
78
68
71
42
70
65
76
22
33
51
31
76
18
32
61
45
18
46
32
40
28
45
66
39
34
28
70
25
33
58
71
69
72
78
39
75
56
73
29
73
47
40
53
31
40
32
66
25
60
38
65
56
39
36
64
78
72
63
