3000
80
31
40
53
42
31
62
53
65
46
67
24
30
51
63
42
56
76
70
38
31
50
55
46
76
39
52
62
43
44
71
40
53
31
34
73
66
46
48
42
51
29
54
62
14
35
22
42
44
53
40
35
46
55
80
41
37
49
67
61
36
48
59
58
61
20
42
28
37
57
46
75
59
38
57
49
39
49
45
44
64
51
64
38
22
36
48
65
65
37
47
38
51
28
42
43
75
70
51
79
64
43
80
47
40
51
68
39
24
30
61
42
60
39
44
69
62
49
35
41
26
41
52
47
33
31
33
32
38
64
31
70
48
44
54
33
45
72
32
39
59
66
57
43
32
64
22
57
45
76
64
44
30
38
72
44
23
52
33
56
46
55
60
37
72
71
22
66
46
24
75
67
52
34
71
21
66
39
52
71
56
48
68
47
53
57
54
64
74
50
45
34
79
33
29
48
33
51
46
80
45
26
39
49
48
29
55
55
58
38
65
42
34
28
78
59
45
40
39
39
41
36
71
34
74
51
59
67
29
80
53
43
28
43
67
42
56
28
69
39
30
42
40
68
72
39
28
50
65
64
41
45
33
43
45
40
62
54
50
66
69
44
32
32
24
62
64
54
52
53
71
76
50
32
46
72
41
57
47
49
59
59
63
49
59
68
36
56
70
25
29
50
28
46
41
53
48
54
70
54
36
37
40
39
38
41
26
49
65
52
36
31
35
36
28
33
77
45
73
40
56
71
40
29
36
67
46
71
56
52
41
71
63
45
35
24
80
60
41
33
34
69
61
73
17
74
57
24
30
56
49
48
35
65
40
57
38
51
69
36
80
25
40
69
33
66
47
35
22
47
54
47
38
59
39
58
53
27
59
31
21
41
33
34
52
37
35
64
30
34
53
70
79
68
51
69
52
43
59
55
64
39
52
66
42
79
48
19
26
74
45
29
62
74
44
23
17
37
60
57
50
41
34
62
52
29
60
45
47
39
59
49
35
39
53
48
54
61
43
24
61
33
53
42
56
32
77
60
38
59
60
30
32
38
42
62
47
71
40
38
57
71
53
71
46
57
31
29
64
51
61
48
45
29
59
59
66
30
39
25
66
62
39
38
39
37
44
42
44
78
52
48
39
69
37
69
69
53
37
47
56
46
57
26
33
44
68
66
23
55
34
40
56
56
74
29
73
52
53
65
34
31
61
30
21
55
54
26
48
39
39
35
60
20
56
35
50
35
79
75
37
34
41
63
46
68
67
55
39
60
56
33
39
77
24
31
27
54
23
59
40
73
80
42
29
57
47
34
62
38
39
41
33
62
75
29
66
62
44
45
33
42
28
46
36
64
38
39
64
37
26
50
46
32
33
79
74
55
41
43
80
30
69
24
37
73
42
73
52
37
39
26
80
50
31
31
79
60
31
29
38
65
41
67
75
68
68
47
60
25
60
61
27
45
43
35
77
44
38
61
51
38
31
65
29
62
39
32
29
80
55
47
28
38
68
56
53
54
28
76
66
60
69
21
80
67
33
43
68
58
40
50
38
32
80
50
38
70
73
44
31
41
28
76
62
51
37
64
36
37
51
59
67
74
46
56
73
69
54
52
62
36
58
21
44
42
78
50
48
47
51
62
31
63
58
78
63
54
33
32
45
53
35
55
67
51
56
32
36
71
66
37
38
69
29
48
61
28
62
28
40
80
59
70
63
29
37
46
24
70
61
28
79
33
78
76
70
40
64
47
37
39
40
56
44
38
34
71
34
50
44
34
41
20
49
50
77
77
69
53
29
57
61
46
44
39
37
60
22
55
64
63
61
28
20
23
47
45
56
45
30
40
48
56
71
55
46
62
34
47
58
31
18
37
17
51
47
76
36
48
65
29
25
69
38
46
69
64
33
47
63
43
64
38
68
78
46
33
62
55
29
56
27
74
66
44
58
60
34
70
34
51
36
42
27
80
59
64
54
60
34
61
36
47
57
51
42
45
65
49
39
80
41
77
50
54
44
40
34
38
34
46
73
56
46
23
48
32
65
46
42
34
67
60
42
76
74
59
54
22
38
54
67
28
24
65
53
64
36
69
19
30
30
64
69
58
32
23
64
66
43
23
80
51
50
66
43
38
34
50
72
34
39
47
49
46
50
47
36
72
60
22
73
69
76
80
25
39
52
51
31
36
21
25
75
64
48
58
33
49
51
18
64
65
43
44
73
45
58
45
50
48
79
75
36
51
47
68
29
22
38
35
21
26
41
34
62
59
57
63
33
43
40
32
40
37
57
71
56
34
30
35
63
36
30
45
46
48
80
59
43
22
29
46
27
50
33
35
80
35
43
42
27
63
36
32
68
28
54
52
71
28
37
58
56
50
54
38
45
67
46
51
51
39
48
22
64
44
35
71
37
52
53
77
21
45
70
62
74
53
60
38
37
59
46
27
80
67
56
45
63
39
38
60
67
80
52
44
54
38
38
47
37
64
59
80
41
31
38
44
34
31
60
38
47
30
46
66
57
77
60
80
38
67
68
39
38
48
38
50
26
50
41
63
70
60
46
61
32
47
67
77
41
63
55
80
42
48
35
43
32
35
55
27
27
29
30
46
66
26
51
40
62
33
58
40
21
44
63
47
48
53
63
29
26
50
66
30
54
72
60
58
58
66
31
53
46
73
52
67
57
57
80
72
57
33
43
42
26
70
32
49
25
53
72
74
37
38
29
63
61
38
37
50
67
34
47
42
41
30
38
51
47
36
26
72
50
54
44
79
40
60
26
61
63
70
53
69
38
30
70
63
28
27
43
35
39
60
36
66
28
36
25
64
69
49
41
56
30
56
46
49
43
57
48
67
44
57
57
25
39
73
69
46
77
73
49
42
35
33
49
39
47
55
53
52
45
63
27
65
36
37
44
40
69
61
60
33
37
45
48
48
46
59
64
26
48
45
66
33
58
28
50
57
17
30
29
36
34
70
30
28
62
51
34
71
27
53
42
63
33
49
32
67
52
61
60
49
56
43
38
56
26
38
72
42
77
56
44
46
58
39
71
29
50
39
52
36
59
21
45
35
66
67
76
65
41
34
44
46
69
49
41
70
49
61
51
63
27
51
52
29
56
36
54
72
38
39
37
73
43
67
49
52
50
30
59
58
65
39
34
34
35
26
35
73
54
47
79
46
42
36
36
30
43
50
26
56
56
66
71
25
28
31
67
68
65
33
64
68
43
36
60
43
40
67
74
40
39
56
59
33
55
36
41
39
38
53
58
38
37
58
37
80
36
60
71
49
77
54
66
39
35
30
71
61
59
75
69
55
31
72
33
67
44
59
72
24
32
60
75
75
44
43
79
62
39
40
61
39
37
44
77
34
38
63
44
64
66
54
35
33
71
55
77
48
39
76
77
75
67
43
29
80
37
32
40
47
45
39
37
41
63
52
60
57
42
56
23
51
61
21
47
40
33
47
30
58
55
23
48
35
35
38
30
35
34
28
43
32
25
54
35
39
61
78
39
46
79
67
46
75
45
68
38
36
72
59
62
56
38
58
72
65
45
34
75
57
41
70
32
25
63
79
56
24
35
39
30
70
25
40
49
38
38
35
25
52
31
36
24
72
39
49
40
41
38
43
36
52
37
59
46
43
44
25
36
59
57
33
21
73
39
57
43
73
32
35
67
64
44
35
36
58
55
42
31
36
45
43
39
55
26
75
46
45
20
52
43
70
26
44
62
39
37
58
22
60
69
64
24
80
51
32
36
37
31
43
75
32
43
27
41
50
38
44
44
43
40
64
52
47
44
76
33
57
19
59
47
37
35
35
71
47
48
55
65
35
25
51
45
70
43
24
37
36
49
71
72
65
65
22
58
59
38
60
58
36
29
78
51
58
32
71
66
23
47
36
71
30
53
73
34
65
35
44
22
33
64
61
69
77
58
34
36
67
63
56
37
50
38
35
65
56
45
50
41
63
40
32
41
66
41
59
79
32
49
45
27
39
74
70
49
43
45
67
29
44
22
38
44
72
71
33
34
42
77
73
49
49
59
58
47
49
43
28
62
33
50
16
36
49
76
75
68
56
34
41
49
34
21
11
55
35
48
33
41
37
74
29
63
29
34
47
24
40
22
45
51
34
49
37
51
79
37
64
71
63
79
59
75
31
56
33
51
58
44
77
45
38
75
44
35
59
54
35
39
53
37
20
24
59
47
52
57
27
75
65
54
78
28
29
33
78
44
43
47
25
31
62
54
63
38
21
50
33
33
36
58
37
60
63
75
80
69
19
33
44
70
49
62
68
34
64
46
44
42
37
68
31
74
46
50
46
51
51
51
78
38
37
31
26
60
40
43
68
63
38
57
66
38
43
56
29
27
45
51
52
73
35
26
79
47
48
78
63
21
74
49
50
41
46
47
70
45
32
42
74
39
44
77
27
32
44
51
65
79
39
50
43
54
34
48
47
64
44
74
33
45
80
49
24
68
68
23
70
37
61
66
61
40
43
31
56
48
60
66
80
49
27
45
32
67
23
58
78
43
43
38
28
52
70
63
50
70
45
62
26
44
77
47
65
36
50
29
34
69
68
50
74
41
56
47
34
49
69
73
30
39
26
50
61
27
38
68
39
19
52
34
63
44
38
79
42
27
38
65
25
60
44
38
27
31
31
65
63
25
39
50
68
34
68
56
60
59
24
46
69
25
65
51
49
26
36
54
51
58
27
31
69
63
62
75
43
40
67
41
25
39
35
68
57
79
51
45
51
69
30
41
30
70
43
29
43
30
16
37
26
44
54
66
65
46
76
33
43
80
72
44
44
42
65
66
63
80
44
77
49
30
57
54
60
74
63
52
43
71
49
70
33
30
69
69
33
73
31
59
55
34
69
29
45
33
25
76
60
33
40
23
27
74
22
67
45
77
58
59
61
50
42
71
29
60
43
32
74
39
80
38
31
47
43
67
60
27
63
75
37
58
58
73
37
38
51
63
49
38
30
52
51
51
43
33
71
24
54
27
37
30
61
67
47
59
32
25
65
34
53
66
38
27
39
43
46
39
36
44
65
68
37
71
39
41
40
19
59
63
55
46
56
42
53
36
38
23
56
56
68
72
36
55
39
79
71
28
65
51
51
35
40
65
31
22
70
40
65
65
61
48
35
80
54
53
34
36
47
41
42
67
31
42
68
27
51
58
70
76
49
38
48
46
25
63
36
25
62
39
24
37
59
35
48
42
46
64
76
46
64
65
67
64
76
37
29
47
49
61
20
32
58
45
36
50
59
27
47
34
34
28
26
75
36
69
52
80
79
40
33
70
37
57
63
23
70
49
65
71
71
65
34
32
69
43
48
76
68
77
59
61
23
48
40
36
58
38
55
48
68
55
41
33
61
61
34
74
80
76
51
51
45
40
42
69
42
36
44
32
39
17
35
71
55
63
70
48
72
52
71
47
41
69
68
27
46
52
30
56
55
44
48
75
31
80
46
48
30
73
52
45
78
79
42
57
36
45
47
35
51
60
33
57
51
38
37
38
80
33
69
34
80
58
68
71
41
45
39
32
16
46
69
45
29
28
39
30
41
75
47
42
44
28
63
71
28
34
31
16
42
42
76
60
59
51
30
44
52
74
28
51
33
39
39
56
33
70
57
35
36
43
61
70
43
55
70
73
41
38
44
80
43
48
52
74
46
64
39
35
64
42
27
45
30
52
41
62
53
59
43
51
54
44
49
55
64
68
30
32
51
63
71
45
35
44
55
74
75
79
50
21
56
54
35
54
66
43
38
34
48
58
58
71
44
38
38
55
52
25
28
56
41
53
54
35
41
39
43
40
41
46
37
32
74
42
36
49
42
60
17
64
69
70
21
68
35
38
71
54
36
45
64
45
32
53
75
61
37
67
38
27
72
37
25
30
30
50
55
41
41
63
35
39
58
64
31
36
31
24
33
70
43
44
31
65
44
53
72
45
32
37
46
26
55
59
51
49
47
44
26
26
63
62
41
59
33
65
58
50
41
40
52
42
41
42
62
47
26
34
32
54
48
51
80
31
29
66
55
62
42
54
52
40
41
61
61
61
77
36
40
47
47
23
60
50
23
38
32
39
19
63
67
37
71
27
33
27
58
32
60
32
35
64
33
43
58
79
55
50
36
46
38
43
71
40
64
24
35
55
58
33
56
70
25
50
33
34
66
31
59
71
61
37
71
43
37
62
43
56
29
78
74
21
24
29
50
54
25
43
72
70
50
43
36
35
34
80
59
35
51
37
65
23
40
42
42
36
53
66
37
79
41
54
79
30
57
34
33
40
59
47
46
42
31
70
63
44
36
41
68
65
55
27
31
78
30
77
71
29
66
53
52
43
54
80
80
57
27
52
39
44
36
75
47
37
52
32
37
68
36
35
41
33
46
36
46
40
52
74
54
45
37
41
63
38
70
58
19
80
53
65
57
48
57
68
17
33
55
23
36
29
62
49
67
55
27
30
42
42
35
43
30
44
69
37
45
39
49
59
61
72
74
32
59
53
54
40
77
68
50
37
58
59
70
56
42
45
71
33
58
47
63
30
41
53
57
58
43
36
60
40
62
33
46
44
63
47
38
55
30
42
73
65
33
47
64
58
44
35
43
23
80
19
43
25
45
55
48
38
43
40
43
51
62
73
51
39
31
52
78
72
70
24
60
27
72
30
48
43
42
50
44
37
70
70
39
40
22
28
23
56
74
53
69
57
43
70
49
37
33
62
49
68
33
44
62
35
72
49
54
77
80
61
42
32
31
54
40
35
41
44
33
34
30
58
20
75
52
31
76
61
60
30
71
80
40
25
29
49
54
65
62
31
