3000
81
42
51
52
45
31
61
81
72
61
68
52
57
49
26
42
46
22
52
21
26
53
37
44
41
21
65
27
70
44
64
52
45
27
39
24
34
47
33
41
36
72
35
49
20
79
45
33
32
80
75
62
40
47
43
75
44
78
75
48
27
52
57
18
62
78
42
49
64
49
44
80
71
75
62
68
45
50
26
24
35
59
29
44
34
37
71
72
64
43
53
37
44
44
77
74
56
78
63
68
70
64
46
55
25
31
42
34
54
40
49
35
37
40
32
39
17
49
48
49
30
32
42
51
41
70
33
49
42
56
69
38
71
36
55
60
59
51
45
37
53
64
36
40
42
44
50
27
41
27
64
50
35
50
38
71
75
57
31
40
49
31
38
52
80
50
44
75
47
26
71
39
36
41
75
38
44
28
81
73
45
38
66
54
47
33
55
52
42
34
40
71
41
69
81
76
31
54
29
30
81
79
42
66
55
62
24
35
78
27
52
50
77
36
47
56
42
38
60
24
33
78
65
46
81
59
52
18
41
46
41
32
34
75
63
34
43
54
34
32
43
25
57
41
32
29
42
65
24
39
58
24
35
36
60
58
36
29
57
44
61
37
36
41
70
51
50
47
65
71
48
45
71
64
43
51
53
33
59
44
29
56
68
42
39
46
81
43
45
53
64
47
78
44
37
41
67
27
68
57
32
77
30
76
41
70
33
53
49
26
61
55
47
19
80
75
27
64
59
67
20
23
50
57
39
42
25
25
38
58
68
61
28
53
58
59
28
53
36
33
27
58
42
76
72
59
52
59
47
35
47
41
80
74
31
68
32
73
51
30
46
52
24
61
42
43
78
52
60
71
68
46
62
68
66
80
42
27
43
60
59
46
36
41
80
62
47
41
68
75
32
47
51
45
62
44
71
37
39
42
35
58
20
43
43
45
56
32
32
70
26
53
43
33
33
39
45
51
39
42
73
57
68
29
69
75
48
49
30
17
56
65
39
46
55
57
70
51
37
34
29
46
29
68
41
51
60
42
51
77
69
35
44
41
48
36
30
32
45
39
40
35
25
68
76
45
48
42
56
52
38
68
44
38
79
60
42
39
40
37
64
60
53
36
80
66
55
47
57
45
52
62
68
36
54
37
69
48
62
36
54
36
56
48
35
59
58
24
73
47
46
54
27
52
75
46
49
50
51
54
58
53
35
33
58
35
45
28
38
35
17
39
48
66
66
70
50
53
43
24
47
73
29
26
44
60
74
80
34
70
79
52
46
43
32
46
42
40
63
37
42
49
24
68
66
45
40
70
43
30
34
40
58
61
56
24
43
74
24
80
19
28
78
79
27
58
67
61
49
76
23
46
72
59
53
56
49
43
44
56
22
48
39
70
35
62
28
47
40
57
60
29
46
73
78
53
48
33
42
41
67
31
56
62
67
67
78
29
37
52
21
65
77
50
55
59
30
19
58
49
79
81
57
79
32
50
37
68
51
37
37
58
34
39
66
53
36
49
34
62
81
60
44
48
38
62
34
34
42
21
36
80
45
54
42
34
78
38
45
67
43
80
33
52
18
43
64
34
50
52
41
59
50
38
45
48
54
54
38
43
20
57
59
81
42
29
27
45
39
60
39
59
58
38
53
56
45
33
51
49
76
24
67
59
40
51
66
55
37
76
31
63
77
70
46
62
43
46
78
64
40
58
39
61
60
74
45
73
78
57
43
57
80
35
59
70
33
29
68
38
77
58
46
51
59
42
54
38
73
67
63
32
67
81
50
21
30
28
61
47
65
65
68
79
59
57
41
40
65
24
25
48
54
64
36
76
39
48
35
47
54
49
39
55
69
63
77
20
22
51
46
55
34
53
75
33
50
35
35
67
78
49
66
41
28
52
72
45
74
76
55
68
65
35
77
71
33
49
52
49
28
27
32
31
45
43
36
62
58
63
70
36
73
21
41
48
35
80
54
51
76
46
36
54
20
60
25
71
40
57
67
51
51
52
58
35
38
47
37
69
65
76
40
66
49
78
69
44
33
58
35
54
44
76
58
33
73
67
44
32
30
44
48
39
37
74
44
52
51
45
58
70
52
49
31
56
64
68
41
81
80
41
56
73
75
31
43
66
47
62
64
52
29
46
71
48
35
53
61
60
67
64
39
26
68
44
81
72
33
51
28
70
50
34
34
65
53
74
30
30
34
61
37
34
72
30
31
48
54
34
42
34
47
76
30
51
75
67
22
38
28
63
61
63
43
53
58
61
26
61
23
39
31
49
60
38
48
58
38
80
80
27
29
41
76
71
64
58
64
57
39
47
76
63
69
36
73
75
51
79
71
28
27
26
47
60
36
61
44
29
59
39
29
61
63
48
47
78
62
29
53
35
46
76
37
51
50
47
48
16
28
47
24
36
39
36
31
49
43
53
56
34
40
27
49
38
75
38
48
50
55
50
48
34
38
70
68
44
77
48
35
40
52
50
61
30
35
21
68
63
42
54
57
67
70
61
41
58
43
57
69
25
50
33
34
35
52
32
68
27
41
34
27
25
66
30
43
36
59
32
77
76
67
57
77
34
45
39
61
43
36
34
16
65
41
70
42
39
44
40
45
71
43
60
25
46
55
58
37
64
74
46
65
40
45
40
63
57
22
33
63
43
31
65
66
33
57
48
53
67
35
75
35
63
39
65
40
28
80
41
52
64
68
77
62
58
42
46
58
67
41
26
36
42
27
64
24
29
49
22
54
30
51
71
31
28
34
76
81
40
58
36
51
75
38
68
36
33
38
34
70
41
47
67
70
38
54
41
74
81
77
52
32
81
48
48
31
50
73
44
52
49
34
42
49
69
25
29
54
63
58
26
41
56
47
74
70
60
38
42
58
35
78
49
45
48
31
35
17
39
19
50
57
37
77
33
56
46
37
41
81
40
34
34
42
50
52
30
63
54
38
74
46
30
54
56
20
41
33
60
42
51
35
48
42
51
52
33
63
64
39
33
81
53
33
74
80
47
58
78
51
48
42
73
21
50
31
45
34
81
52
32
38
51
78
37
81
61
30
36
35
60
37
42
51
29
47
26
58
22
61
47
35
47
47
45
43
42
32
64
64
39
56
42
69
55
28
41
72
59
35
41
40
69
59
27
48
53
55
68
57
74
44
60
56
55
35
67
57
63
52
33
44
60
44
44
54
75
57
61
39
42
69
35
21
78
75
48
60
73
48
58
59
41
48
78
45
62
31
59
28
38
61
79
78
61
32
28
56
52
22
55
62
40
35
72
61
24
80
61
69
39
37
61
51
75
49
62
37
52
67
81
61
49
49
42
35
42
51
48
28
33
43
78
63
39
50
60
64
40
74
74
57
25
73
30
50
81
70
46
49
67
78
75
21
66
63
27
70
35
30
79
41
41
36
46
41
33
45
72
66
48
66
45
74
44
44
47
45
28
77
62
41
42
71
33
38
56
37
42
81
54
47
61
63
53
49
71
38
70
68
34
77
36
63
67
40
36
74
80
42
22
28
53
74
33
42
32
55
23
35
49
40
74
66
74
56
45
34
36
21
58
61
29
72
78
62
44
70
48
57
58
40
29
32
77
77
73
50
42
56
68
44
41
38
61
29
75
60
73
33
26
30
34
54
32
63
54
68
38
79
42
33
37
67
45
51
56
38
39
35
38
27
58
44
37
61
55
35
77
70
72
26
45
53
32
44
56
75
62
41
81
59
38
45
61
65
27
44
45
41
45
59
56
32
72
58
55
47
66
48
77
76
26
76
70
64
52
38
49
77
47
65
59
69
53
81
53
47
43
31
52
32
47
36
34
31
45
75
43
81
38
53
52
78
67
73
42
26
72
50
58
36
52
73
34
66
63
43
68
50
45
37
73
40
46
59
42
74
46
61
31
70
71
53
39
57
67
49
51
37
37
28
34
51
24
57
30
34
61
66
50
51
27
44
58
58
37
28
65
23
79
66
62
30
58
50
62
37
47
38
36
59
71
45
62
60
60
33
76
47
42
43
32
31
56
56
46
62
53
75
76
23
46
38
45
38
65
24
60
44
56
31
38
53
76
46
30
30
52
43
42
63
53
60
79
81
63
39
42
55
80
57
25
70
46
36
54
37
59
58
38
53
62
50
43
28
33
55
41
33
47
38
53
52
79
44
59
45
44
41
31
57
43
57
64
43
60
27
58
68
78
32
39
59
62
57
77
72
61
63
68
40
66
64
38
50
42
53
22
60
46
34
65
65
73
58
57
73
53
33
33
46
73
66
63
44
41
31
31
60
50
58
32
70
48
52
31
25
62
61
44
54
66
61
26
45
70
67
58
72
80
37
42
32
49
46
40
31
23
55
38
48
18
53
53
35
23
40
43
44
77
64
35
40
40
54
31
33
40
67
55
31
72
52
36
69
40
56
39
49
48
48
47
38
69
43
51
38
35
62
68
80
49
54
25
56
32
81
54
74
26
16
60
30
35
58
61
23
60
44
49
44
41
40
36
33
36
33
40
45
63
51
52
36
41
57
53
39
56
38
62
21
27
29
52
54
28
69
35
18
68
26
33
43
53
29
31
33
67
51
62
43
58
75
75
39
71
81
49
34
33
48
59
61
71
55
40
53
50
70
20
53
42
60
81
66
41
75
51
51
62
26
75
77
48
66
57
49
31
67
30
69
68
53
59
42
58
60
46
42
38
45
54
45
79
72
42
66
74
45
39
76
47
38
72
39
43
27
71
63
37
42
44
26
30
41
75
30
29
40
31
21
71
54
71
51
60
61
37
44
41
57
40
80
57
57
54
52
31
43
32
22
47
37
60
29
34
34
68
60
53
78
50
65
36
38
49
35
45
65
78
45
81
64
52
73
65
39
21
39
65
68
48
66
81
48
35
35
72
24
47
62
68
81
70
36
34
38
39
42
71
53
40
75
67
43
29
58
59
32
69
23
48
40
38
74
77
40
69
34
22
25
43
41
81
32
38
58
29
44
61
60
48
58
77
52
50
40
33
57
27
39
64
49
73
46
76
34
65
34
55
34
42
23
38
66
53
69
63
33
64
25
81
69
52
74
56
63
81
52
17
35
61
55
32
49
24
67
78
25
46
74
79
65
55
50
81
42
46
70
25
26
46
55
78
68
24
61
44
49
32
42
33
32
52
53
54
39
31
41
52
47
55
69
38
30
67
37
64
45
69
48
61
23
32
23
33
56
49
23
29
81
32
28
68
49
59
31
35
29
55
27
65
32
55
68
55
49
61
24
25
34
51
72
56
60
71
68
32
61
42
40
28
48
49
31
43
24
34
38
37
70
45
70
31
43
53
37
35
52
67
70
32
53
30
61
62
45
50
63
36
36
40
28
40
45
34
40
71
54
79
53
69
47
72
69
51
36
70
59
59
30
46
23
69
58
65
41
57
40
47
52
79
81
31
70
42
40
44
31
66
48
29
55
52
52
71
42
65
55
54
78
53
43
55
77
52
39
30
19
64
21
48
57
36
42
53
70
36
55
62
66
73
42
35
29
27
28
30
37
67
34
70
71
28
78
35
36
46
43
68
24
40
40
58
63
40
56
32
55
28
46
53
56
39
71
70
44
43
36
32
29
47
32
37
67
42
42
39
55
67
65
29
30
73
61
46
22
23
54
36
71
73
54
20
65
50
43
19
73
54
64
30
63
56
43
46
52
48
41
63
43
37
38
32
43
20
48
31
44
51
31
66
69
71
49
30
28
36
68
42
77
34
47
47
39
81
75
75
71
74
38
26
78
57
63
43
41
45
38
50
24
49
36
31
46
56
77
38
34
78
60
25
31
45
77
56
43
34
46
51
75
74
27
81
51
75
80
52
46
19
70
30
72
48
46
33
36
38
35
63
51
34
34
42
66
58
40
63
37
26
25
32
42
70
80
65
81
47
80
33
43
62
64
37
38
53
52
50
28
40
70
50
81
33
78
39
57
47
38
35
37
39
78
62
72
74
43
34
48
40
66
57
29
59
30
60
44
52
59
81
57
59
36
43
38
37
60
28
31
33
64
66
58
31
42
72
27
25
39
29
39
44
67
26
33
47
45
34
36
27
43
31
81
28
33
73
75
42
40
54
65
41
40
70
60
23
37
45
52
48
25
37
45
37
34
74
52
73
35
61
35
61
57
66
52
81
79
66
72
41
65
62
35
71
51
45
68
30
73
43
41
49
21
25
81
54
75
36
55
51
37
32
53
30
44
38
69
68
58
35
49
66
66
34
55
67
34
57
47
32
64
70
62
26
46
81
36
62
47
53
41
62
37
71
33
47
61
44
58
26
42
37
60
22
49
77
52
34
49
70
53
26
29
67
47
60
42
55
20
24
38
66
69
66
68
44
42
56
72
58
43
57
53
63
65
77
50
41
26
57
23
30
76
35
41
24
62
50
54
43
68
23
50
45
43
50
46
33
72
66
19
41
67
35
32
58
36
53
38
46
47
36
43
59
62
80
38
44
64
32
28
80
44
29
75
69
65
50
38
47
28
29
39
59
56
40
44
49
33
55
38
39
81
40
68
71
26
38
29
25
69
24
31
65
52
79
53
81
44
38
33
65
71
38
57
63
32
56
40
58
50
48
51
59
52
37
26
63
42
27
45
45
67
30
53
75
39
37
28
49
17
45
36
68
66
62
58
58
43
39
47
76
76
36
80
35
81
71
80
75
72
41
67
56
40
59
47
60
47
71
57
58
22
34
38
43
76
46
46
38
63
30
36
35
48
42
65
52
42
45
55
72
18
57
42
45
42
44
73
41
51
32
80
75
30
53
44
54
63
31
80
39
37
56
25
70
52
52
44
