3000
82
64
34
72
30
64
57
57
41
56
31
52
28
61
72
36
57
47
55
40
47
69
52
48
51
37
60
79
53
58
46
32
32
48
37
62
38
77
74
33
30
82
72
29
38
77
76
80
56
32
50
70
41
79
81
61
50
58
36
38
27
54
78
50
53
64
44
70
74
24
45
39
67
15
53
42
65
33
33
38
82
51
65
44
46
72
81
36
38
52
74
66
59
55
49
63
56
50
70
59
52
58
54
27
32
33
42
78
57
38
70
40
36
48
51
57
81
40
34
36
52
39
79
54
33
67
41
79
48
39
37
30
38
63
61
74
72
52
77
60
39
44
38
44
25
79
80
46
27
31
44
70
76
19
41
69
66
52
43
43
73
61
39
82
68
26
76
77
58
43
26
38
51
40
34
41
71
47
30
44
44
59
74
72
29
63
72
70
47
56
69
51
58
27
36
49
69
46
29
58
30
57
82
72
66
65
74
65
72
81
64
82
52
72
67
39
67
82
58
28
57
38
46
41
69
82
52
45
66
71
34
65
41
64
57
31
65
60
61
63
55
36
34
45
32
58
43
23
44
38
30
35
67
31
47
38
47
31
69
52
68
62
51
67
71
37
36
69
73
54
62
60
40
46
36
51
43
53
82
76
33
41
52
45
35
42
54
42
54
36
66
63
40
36
20
42
29
74
52
71
72
53
64
47
51
60
50
28
74
58
27
40
57
70
53
31
34
54
28
28
44
46
47
64
51
52
40
41
59
27
44
68
40
60
38
25
35
38
64
66
26
64
47
21
49
50
44
23
34
50
33
26
36
37
41
62
35
54
50
40
48
47
68
77
41
79
52
44
44
64
40
35
32
56
65
54
38
26
40
71
63
44
71
49
51
65
45
76
30
71
46
46
49
71
31
42
33
46
40
67
54
58
20
64
37
50
57
32
77
73
38
52
32
76
23
67
19
51
46
50
33
82
67
66
57
41
52
53
37
55
48
70
40
49
46
34
41
50
24
36
49
82
43
42
33
58
62
45
57
31
69
44
25
75
52
65
82
54
25
51
72
47
32
38
49
38
47
58
34
82
78
45
70
82
44
37
28
41
46
79
73
61
71
50
45
32
68
57
54
46
66
58
61
40
55
71
39
49
74
81
50
78
38
81
69
36
51
31
62
50
24
70
25
21
31
61
52
77
64
62
39
43
45
58
55
67
52
46
36
58
79
59
49
43
42
82
60
48
31
35
59
50
77
39
48
44
51
54
28
66
56
27
73
55
49
45
61
37
77
64
63
62
45
26
80
32
42
21
42
69
70
56
40
75
55
42
33
36
56
74
82
43
72
44
36
62
27
46
46
26
40
45
31
71
37
38
77
60
64
46
66
34
42
47
59
33
40
55
39
57
38
78
35
24
47
42
59
33
32
80
28
59
42
39
62
26
46
31
39
78
52
73
44
52
63
63
52
78
82
74
65
69
80
60
67
50
28
49
42
34
72
44
64
62
50
40
82
23
43
52
60
35
37
28
30
48
41
64
27
31
31
70
47
59
48
33
42
43
73
27
78
43
51
77
82
40
32
53
43
41
61
78
51
23
53
49
40
33
56
79
30
18
34
65
68
37
80
38
43
40
64
69
68
71
32
77
38
65
75
74
65
55
57
46
49
42
35
58
47
53
31
39
34
57
46
65
49
77
79
43
28
51
62
28
73
54
30
76
81
40
79
35
27
46
28
39
79
42
32
70
46
59
30
61
33
25
41
49
58
31
59
16
39
41
42
37
67
49
37
40
30
49
32
50
45
56
61
32
31
78
35
40
30
76
71
38
31
42
52
73
64
44
59
57
61
37
46
61
46
66
65
65
38
42
25
58
81
67
41
29
57
40
62
73
44
60
53
42
35
68
55
76
35
40
36
49
35
53
37
64
65
35
49
36
31
56
67
80
45
59
52
60
53
42
67
41
77
60
47
39
52
70
47
29
26
26
51
35
33
45
57
40
39
62
59
27
80
35
74
72
30
59
50
58
77
37
45
78
33
39
33
45
81
69
47
34
39
33
59
61
30
37
42
41
33
72
42
44
41
50
58
72
44
36
34
28
27
35
43
43
66
70
39
57
31
70
57
37
72
24
42
62
48
61
38
41
48
48
56
40
59
42
40
33
55
28
46
74
69
59
33
34
47
71
45
46
57
34
30
41
81
41
79
61
55
79
69
48
64
61
50
62
56
41
52
39
41
46
33
34
22
61
34
65
77
39
42
62
51
57
60
31
67
36
71
46
34
50
23
70
41
74
65
45
28
58
58
68
52
75
42
57
53
76
69
65
43
51
30
61
30
34
52
32
70
44
36
26
40
48
75
50
21
45
30
55
58
36
61
22
59
80
49
35
42
45
77
47
60
37
75
51
21
40
31
47
46
42
39
52
41
39
47
21
61
45
60
71
63
25
53
46
28
69
61
45
56
76
43
73
25
61
49
47
36
33
62
26
38
60
78
41
52
52
61
39
70
48
35
41
41
52
44
31
32
31
50
76
24
33
66
48
67
40
37
61
59
60
32
65
42
20
37
25
39
69
41
44
81
60
46
39
43
58
76
72
72
33
62
30
68
31
46
81
60
43
43
42
64
38
43
25
56
32
29
30
72
40
29
39
80
56
52
81
47
47
79
41
56
54
19
53
67
37
36
37
62
40
40
38
52
24
29
76
39
68
76
60
48
70
23
39
73
67
70
38
62
59
64
75
51
58
31
38
37
56
67
31
43
70
46
35
54
43
46
35
80
51
47
56
70
37
63
68
23
57
68
53
67
77
67
49
52
32
53
28
43
46
44
46
64
30
40
38
41
78
39
30
45
70
27
32
49
32
49
25
32
47
67
49
65
27
36
54
27
30
36
54
58
28
78
44
63
51
21
51
46
24
45
23
36
39
38
45
71
27
32
75
58
44
59
45
31
31
47
45
69
75
45
37
40
17
57
50
72
41
36
48
37
65
27
73
51
38
73
57
42
67
81
58
34
44
29
26
44
81
72
47
61
54
58
50
28
66
77
41
61
46
48
33
66
38
56
65
37
63
32
75
36
54
79
63
63
30
65
52
37
59
57
55
22
73
29
34
52
79
67
71
38
32
81
65
36
51
30
65
54
57
63
60
43
62
38
78
75
27
62
70
63
59
58
40
73
66
73
52
42
37
73
41
45
53
46
33
24
56
53
45
55
66
77
31
80
42
42
68
58
77
67
31
27
44
64
61
74
59
55
50
35
47
71
78
44
45
30
69
43
48
38
75
74
72
50
36
37
51
44
52
51
59
38
21
39
54
60
44
66
60
78
50
32
54
39
51
72
53
64
40
75
56
47
54
45
42
28
56
39
51
63
65
48
28
72
65
36
61
69
35
28
39
44
32
33
51
70
46
37
78
40
56
47
72
25
40
23
54
49
49
54
33
80
47
27
52
73
37
66
59
34
36
34
62
65
42
80
38
34
35
36
67
71
58
37
78
47
47
27
26
50
56
60
31
82
29
66
62
77
52
56
32
32
77
55
57
35
43
76
44
37
50
42
70
38
35
60
43
39
79
75
41
42
52
34
40
28
40
24
31
49
78
43
74
69
43
36
31
63
38
67
73
69
30
32
52
64
74
80
74
49
58
74
41
73
47
77
24
34
53
75
77
30
39
33
73
50
44
67
82
35
76
36
52
52
69
37
48
58
22
71
67
69
24
70
51
76
61
79
41
40
45
41
35
60
49
70
67
49
42
32
67
56
43
75
64
20
32
52
25
44
47
62
33
58
41
67
43
30
31
33
64
41
47
46
44
38
75
33
46
60
31
32
57
66
66
31
57
34
45
32
65
36
54
48
76
44
52
30
80
36
61
49
31
75
47
59
34
39
42
45
27
68
42
35
71
39
77
50
52
52
37
43
62
72
41
46
26
57
54
26
24
35
69
26
70
44
48
76
76
41
30
63
32
43
40
41
34
43
29
57
39
33
36
54
33
62
39
44
30
74
59
62
72
68
47
80
48
68
51
42
59
40
55
49
30
62
73
54
78
45
53
49
42
57
64
60
36
28
36
77
48
51
55
55
38
26
52
39
34
47
71
27
33
54
60
28
66
32
70
40
38
33
28
78
32
76
35
57
64
67
66
55
57
63
56
77
76
62
38
45
36
42
45
54
39
42
27
34
54
50
41
43
66
65
72
32
82
22
31
49
45
49
36
62
30
64
81
71
59
73
33
29
63
76
52
46
43
45
53
55
53
53
42
66
34
58
16
47
73
68
52
69
37
76
68
56
79
36
36
43
51
30
46
47
41
69
45
77
69
26
38
73
70
54
58
27
55
56
60
53
52
28
75
35
51
59
29
28
59
46
46
31
33
32
56
43
37
64
77
38
23
46
41
75
30
36
81
63
45
53
35
59
42
33
41
58
36
27
47
74
29
40
25
48
48
55
43
48
62
75
26
60
57
39
48
42
40
41
41
48
57
33
38
64
38
48
42
38
58
47
62
64
49
53
30
57
35
71
60
56
21
63
63
59
40
35
33
70
44
70
37
24
67
40
77
75
34
39
46
79
35
58
36
77
52
28
50
31
70
42
65
19
44
72
77
67
24
53
41
16
70
39
66
45
65
44
44
76
73
43
61
65
65
53
47
28
50
57
47
52
38
73
22
50
71
71
36
25
80
57
78
35
30
70
56
46
42
26
26
70
34
49
35
54
58
71
62
21
27
56
61
42
75
31
48
82
56
36
38
56
50
47
49
59
37
37
32
32
80
37
36
54
38
23
28
52
45
80
48
44
80
47
63
79
43
54
61
46
30
45
44
45
32
40
36
37
81
48
35
40
47
48
57
81
40
78
29
34
58
26
37
32
19
66
37
69
37
36
25
63
57
59
78
69
80
33
61
69
20
55
76
61
47
43
36
48
52
59
68
72
42
36
40
30
53
56
43
61
80
47
58
29
45
49
47
67
46
60
74
53
63
56
48
39
40
78
65
71
51
67
46
26
36
59
26
30
59
61
39
40
39
31
65
66
30
43
44
46
40
71
46
30
43
30
34
49
35
65
36
77
55
39
79
35
29
59
28
69
29
31
55
53
46
32
38
29
38
39
29
19
38
75
45
41
34
47
72
64
69
36
70
65
38
58
41
45
72
44
39
73
80
72
29
65
58
77
41
35
28
56
55
32
37
80
59
64
54
33
39
67
57
37
35
26
39
40
61
26
62
58
71
33
43
82
51
57
77
44
33
46
40
52
58
69
32
47
42
47
35
33
65
72
39
34
41
47
74
55
65
48
64
41
80
45
44
60
55
44
40
50
68
56
36
69
31
82
43
64
60
50
39
45
46
45
66
50
40
24
28
44
47
40
78
55
26
33
47
31
58
48
75
77
70
35
47
20
41
31
75
37
36
54
45
27
31
28
25
38
43
38
75
41
57
60
25
71
34
44
74
55
59
56
70
30
64
51
52
82
53
27
36
80
57
34
31
75
54
44
32
52
52
52
51
33
35
78
41
36
26
44
50
61
74
46
50
59
38
42
59
76
44
54
58
28
64
57
27
48
57
52
63
82
65
75
53
54
69
31
58
51
24
76
43
44
47
64
77
48
75
56
66
27
47
36
35
31
53
55
80
29
65
45
32
44
41
65
66
64
82
48
34
46
77
78
33
31
76
65
41
31
74
27
47
51
69
27
62
37
73
71
74
45
28
58
41
71
30
43
44
25
54
39
55
78
40
36
46
63
31
39
31
31
49
35
50
45
25
35
44
60
32
63
80
46
39
48
75
55
69
75
64
51
44
47
66
60
38
49
67
37
70
58
47
37
40
31
32
54
42
34
21
51
51
48
47
58
42
72
61
64
29
34
61
37
53
43
35
75
58
42
30
48
25
65
47
54
32
38
75
41
30
69
57
54
69
53
60
47
54
42
55
30
51
44
76
59
35
61
42
29
44
29
61
40
42
24
39
53
68
57
52
27
47
45
82
48
45
41
22
39
28
38
59
63
71
51
73
27
82
38
47
62
43
57
48
74
79
53
46
40
33
58
73
53
76
55
80
67
72
42
24
63
27
33
58
25
58
36
81
40
38
48
68
45
49
80
31
45
38
39
43
79
48
50
27
76
67
38
82
37
28
37
46
75
71
77
71
44
34
43
44
60
55
39
27
60
48
59
46
37
63
67
26
37
43
39
62
34
59
38
75
51
40
65
64
41
31
37
52
46
39
36
50
82
35
50
64
54
45
46
64
49
50
60
58
45
71
60
82
73
57
35
26
55
45
55
50
71
43
75
41
56
37
30
62
74
58
62
34
21
58
51
81
70
44
60
80
36
47
70
64
33
38
78
27
44
40
49
63
40
31
78
65
59
67
63
53
80
72
45
51
75
15
30
22
50
62
71
38
30
43
45
40
41
48
74
45
70
61
48
81
55
49
51
48
44
30
45
45
33
35
43
48
50
60
80
59
65
34
34
32
51
37
29
76
54
43
59
45
66
73
36
34
81
29
81
36
56
72
43
53
26
46
26
48
23
38
58
45
35
71
20
82
46
59
69
55
31
44
61
80
46
44
23
50
43
34
23
78
35
65
51
19
54
41
40
69
79
56
42
76
29
52
40
59
57
43
39
61
51
34
82
61
68
57
66
48
37
31
74
38
62
40
36
30
47
80
60
61
56
29
32
44
48
46
40
52
53
43
23
43
41
40
43
79
45
48
52
62
58
70
35
58
50
44
72
49
68
37
28
64
39
44
65
22
38
67
58
60
65
36
57
82
36
58
54
49
38
47
66
50
37
63
53
68
63
72
41
58
75
58
64
