3000
83
55
30
46
40
78
41
73
55
19
74
50
63
69
28
55
76
50
64
69
81
61
53
70
56
34
25
56
34
32
41
65
45
46
40
61
64
38
54
54
37
41
55
28
82
37
75
52
28
67
55
57
71
32
35
45
35
26
83
39
50
47
47
52
64
52
33
77
75
51
70
43
69
31
49
76
35
34
69
39
46
59
27
68
26
49
75
32
29
37
26
79
31
33
48
53
52
80
34
48
37
59
22
44
76
27
51
24
29
47
40
40
53
52
34
30
63
29
34
39
81
63
51
49
62
33
45
34
28
80
48
51
72
45
57
49
28
49
59
50
44
33
68
35
67
43
75
41
45
58
67
45
54
34
67
42
63
78
77
22
81
56
31
54
44
47
60
54
75
44
48
79
34
67
69
52
36
68
54
50
35
41
77
61
46
46
51
66
39
43
36
64
33
43
50
74
31
30
37
43
29
28
28
63
35
42
59
49
33
56
36
40
40
54
34
57
81
39
43
66
38
42
48
54
70
83
28
79
66
23
59
35
63
40
47
29
49
43
76
41
46
47
83
54
45
32
79
34
62
53
42
49
29
33
45
54
27
23
59
34
79
74
50
70
34
36
34
68
73
39
76
51
54
47
46
48
57
60
81
74
51
59
54
47
56
42
28
46
27
68
70
72
35
62
55
38
28
44
53
38
40
48
74
36
70
43
51
45
55
80
27
39
54
74
31
45
47
51
48
46
81
50
44
23
68
59
73
42
29
53
44
69
60
52
69
63
70
38
72
63
76
32
43
54
82
65
57
83
52
54
46
74
35
67
78
46
30
66
57
67
51
26
78
72
34
51
63
56
57
58
28
50
44
30
18
34
48
43
81
76
18
25
46
44
67
71
75
57
31
43
68
35
83
25
41
82
20
47
43
70
21
66
49
33
44
53
33
33
82
78
43
82
37
40
59
81
30
51
55
60
41
46
45
77
40
25
54
52
42
29
41
42
49
58
47
59
42
77
35
62
34
37
46
32
63
65
36
47
63
33
52
43
41
48
43
29
72
38
49
33
75
47
62
74
73
63
71
36
69
52
48
43
35
46
64
41
20
59
76
35
70
58
61
45
28
23
49
63
47
32
45
42
53
52
64
79
35
76
70
77
59
50
27
39
42
37
41
18
58
47
38
46
69
39
63
37
44
29
45
67
51
46
76
72
74
42
37
58
75
34
63
39
63
51
63
71
44
43
32
47
65
34
60
39
32
61
26
80
68
67
60
33
69
40
28
47
50
34
26
46
55
49
52
57
37
52
40
29
42
38
62
81
60
47
31
33
63
79
72
63
36
67
58
47
34
24
59
50
39
34
28
61
42
60
42
67
53
39
59
56
50
33
63
45
36
39
30
68
59
40
41
54
47
21
44
47
64
59
47
65
51
58
79
60
52
38
50
51
27
58
75
59
58
68
70
52
55
53
35
45
52
31
71
45
37
49
54
56
52
39
41
44
36
51
38
43
76
38
44
65
75
15
65
17
64
42
65
39
45
33
31
32
37
30
53
34
42
72
20
75
48
58
83
54
25
49
67
26
41
49
25
27
61
49
35
69
74
60
46
59
45
37
39
35
68
68
72
56
47
34
50
35
34
36
43
64
72
72
73
72
41
31
53
72
31
67
50
24
69
68
50
73
44
43
73
83
56
43
40
42
52
33
44
54
44
55
72
26
44
58
61
74
76
43
39
60
39
41
29
32
59
30
66
65
74
63
38
59
31
44
25
83
57
29
27
55
75
43
38
71
24
47
62
53
56
78
70
54
41
22
43
55
47
53
29
61
69
68
45
33
59
55
47
50
48
54
64
58
36
71
40
71
70
48
22
73
74
77
47
40
45
45
74
55
70
35
46
23
80
77
19
79
45
52
35
27
57
58
81
44
58
58
22
57
50
33
36
45
68
67
52
54
45
42
56
36
49
34
63
44
42
81
47
81
56
38
56
72
41
34
61
29
73
64
59
40
36
30
53
39
47
55
31
74
39
50
73
60
27
46
80
33
43
54
35
33
24
50
53
50
43
65
58
38
57
57
67
43
42
49
40
55
46
67
54
72
66
75
31
43
48
38
79
64
49
78
29
56
53
55
46
19
82
82
71
52
77
73
79
67
65
30
59
47
67
73
63
57
39
58
60
49
31
48
34
47
27
75
73
47
60
49
40
64
20
73
66
25
52
41
55
37
63
30
45
29
54
29
52
40
63
43
51
68
41
61
80
78
30
37
62
67
41
27
83
82
83
20
29
28
47
74
72
55
37
77
48
42
52
67
38
47
45
43
66
49
76
62
51
41
80
65
55
60
45
51
28
64
26
48
65
31
73
47
44
66
34
46
31
58
49
30
66
21
55
39
50
50
70
81
61
62
73
40
36
54
52
69
40
48
62
42
28
36
79
83
56
48
74
43
54
25
82
40
56
75
19
56
74
62
36
47
69
77
34
51
72
66
38
42
49
81
53
59
52
57
33
40
29
73
25
58
56
32
59
62
60
62
77
37
39
34
75
50
61
29
38
40
59
72
42
58
63
70
36
31
48
55
62
42
29
27
38
40
48
47
29
41
75
62
43
40
48
34
49
27
37
42
25
63
41
74
67
32
45
36
30
42
62
57
52
62
61
28
70
66
58
28
78
73
80
38
42
48
34
67
64
62
44
31
66
23
27
36
48
54
49
55
28
59
74
43
60
76
65
83
48
42
53
61
51
35
53
34
61
33
45
24
52
28
66
48
78
59
62
35
37
82
28
43
35
63
37
66
41
59
38
25
75
36
37
66
34
47
59
26
47
64
40
49
36
34
68
63
38
53
38
54
44
60
53
45
53
57
39
46
35
13
32
67
53
66
66
29
37
62
40
56
45
51
82
77
38
67
79
60
70
68
39
46
32
39
34
34
39
39
71
43
70
32
42
56
28
40
36
32
39
33
36
58
35
56
27
45
68
37
36
54
49
32
69
80
30
75
60
18
67
37
22
69
57
32
47
58
80
52
81
64
59
55
23
81
67
47
31
49
28
46
42
68
28
32
56
81
75
45
57
81
63
33
45
41
76
38
44
78
58
55
45
72
64
81
62
57
79
30
47
45
64
44
30
83
62
72
64
59
55
45
29
62
65
50
34
27
81
52
73
57
68
60
39
81
54
59
72
41
37
34
56
70
51
34
47
65
37
65
50
36
38
49
35
26
60
34
25
38
82
56
38
41
70
53
49
72
26
69
42
59
74
71
69
41
66
33
59
79
44
65
52
41
70
48
35
38
33
50
66
55
74
48
61
57
21
52
65
64
35
80
37
70
34
63
50
56
78
32
61
67
66
51
31
68
48
51
30
49
18
35
53
54
29
31
64
32
59
39
39
70
43
68
43
57
28
71
68
33
43
54
28
79
50
31
75
32
35
69
31
40
53
83
33
54
28
41
46
65
42
39
36
80
42
68
79
38
51
43
49
45
62
22
46
39
72
43
23
52
63
62
48
48
66
68
49
78
33
31
64
34
68
61
47
77
76
51
72
73
45
82
80
41
40
52
43
30
56
57
77
77
74
68
56
42
29
32
39
60
49
69
34
52
53
31
81
56
58
29
67
51
56
38
37
55
36
75
23
82
46
68
50
50
79
33
29
65
83
37
52
52
41
62
42
23
46
68
67
37
35
83
62
36
70
56
31
30
29
60
46
58
62
66
49
53
67
52
55
61
53
24
44
40
57
69
43
37
48
44
31
73
53
49
43
65
40
37
42
79
38
39
66
59
36
43
32
73
44
43
56
44
75
45
52
52
29
37
61
66
47
61
81
53
83
44
51
57
27
49
61
75
39
75
82
37
76
51
50
27
54
57
41
71
48
56
75
42
56
72
71
68
47
29
59
46
71
71
54
62
54
81
34
40
30
69
44
70
42
25
26
72
59
79
33
75
42
51
32
33
65
39
37
43
75
20
42
32
60
27
30
30
31
61
68
37
81
78
48
37
57
25
59
52
45
62
40
30
46
81
40
49
52
68
54
46
65
75
31
70
47
53
44
42
51
40
55
59
51
81
27
44
65
48
47
44
35
79
50
83
18
37
42
72
56
28
31
37
71
65
48
36
63
61
36
54
59
76
54
23
70
41
49
43
16
29
48
47
40
71
65
45
52
36
68
60
51
50
50
75
50
34
78
57
79
54
53
37
30
33
82
36
71
67
41
53
24
58
33
72
32
27
81
35
76
50
43
73
26
73
61
70
51
49
57
42
61
63
41
43
65
33
23
47
29
55
48
55
29
70
33
80
45
63
63
24
27
71
33
32
59
78
45
49
60
49
51
49
83
60
75
51
33
46
52
70
52
69
38
38
32
80
44
72
79
43
82
34
51
50
81
21
43
83
60
66
31
25
41
44
60
66
60
52
27
54
35
57
39
46
54
40
72
36
52
40
79
58
61
44
54
42
58
79
42
47
61
74
44
29
16
47
46
68
49
55
79
33
42
73
26
32
40
62
37
50
47
51
60
35
53
53
48
60
60
59
39
66
68
61
24
58
80
31
64
69
31
46
22
51
61
27
41
44
41
41
67
40
83
24
33
62
22
36
76
48
59
74
60
58
71
20
54
57
44
37
74
65
37
46
60
39
38
50
75
83
80
37
58
36
62
27
57
44
81
32
31
50
28
33
34
69
55
77
39
40
29
40
79
45
49
33
48
57
73
56
57
48
25
77
54
80
39
63
42
35
40
49
67
29
67
49
35
31
43
55
77
43
22
83
39
52
33
32
62
68
48
80
46
31
54
38
38
57
63
50
62
28
80
65
83
74
40
30
51
48
40
37
50
58
60
46
27
39
71
27
43
38
28
40
31
66
60
33
39
33
25
42
36
39
76
27
36
47
46
49
44
43
43
28
41
69
29
65
78
35
77
64
66
55
75
55
47
34
61
46
37
38
70
81
32
58
52
50
59
50
37
63
36
74
40
25
40
34
80
62
40
56
50
21
83
34
62
61
75
45
50
37
23
41
42
55
48
48
42
46
35
42
63
42
64
45
42
22
79
37
51
43
29
48
81
76
44
40
29
39
75
70
31
22
58
65
37
54
48
69
53
39
58
38
59
29
38
36
67
71
33
31
29
75
78
49
34
67
60
49
71
35
71
72
60
47
51
66
53
43
67
58
50
33
59
44
24
31
58
77
38
50
47
55
67
30
45
33
24
32
57
26
67
55
51
53
44
81
71
34
30
77
66
60
57
24
44
28
40
35
40
32
52
50
60
40
77
30
80
60
50
68
53
61
71
34
70
42
29
52
52
40
66
80
57
47
68
80
52
50
42
74
68
36
58
37
72
81
75
80
45
69
29
37
33
65
74
31
15
82
40
61
28
40
40
66
78
38
69
47
40
73
65
49
58
44
76
56
50
54
44
25
25
36
63
38
70
49
74
76
59
62
48
48
64
48
47
55
47
56
50
62
74
41
76
37
34
47
48
66
52
37
38
38
44
49
34
45
77
38
51
49
61
56
69
48
29
54
42
61
65
74
38
69
76
36
39
48
30
48
70
32
52
40
61
82
65
58
27
48
29
23
45
41
48
29
71
65
57
62
46
34
70
54
27
44
41
51
36
54
36
44
55
48
79
42
57
38
44
26
69
45
69
39
32
36
32
71
23
28
36
46
31
49
60
39
47
51
35
42
77
77
59
34
56
33
40
53
63
83
46
43
44
62
44
67
53
61
49
83
73
55
44
26
38
35
79
41
79
33
55
56
44
31
64
52
44
56
69
63
43
75
53
26
43
59
44
43
49
40
39
34
59
45
83
53
26
23
59
53
40
70
72
33
34
34
66
32
38
46
31
53
44
48
76
83
58
31
48
61
81
54
30
39
41
43
41
29
39
67
43
58
57
57
25
48
52
73
77
35
32
63
48
70
43
28
28
37
45
80
38
40
82
65
49
59
22
36
70
63
39
42
55
48
48
58
54
31
47
21
28
81
40
33
36
44
35
55
46
45
34
65
36
31
36
40
65
66
39
70
74
74
61
27
25
81
69
42
41
54
58
41
39
51
69
70
29
38
55
24
50
39
56
51
42
43
57
40
54
54
63
70
44
36
66
32
64
47
58
41
49
53
73
81
65
49
51
27
40
34
33
49
36
81
64
66
45
33
64
53
52
32
68
37
30
51
55
24
35
29
79
43
46
62
41
56
22
26
38
65
44
31
80
60
77
22
53
45
37
19
37
66
55
44
44
63
46
55
39
48
79
30
71
45
55
68
57
67
36
67
65
57
29
24
32
47
37
42
62
46
59
31
48
59
55
51
34
50
72
34
64
27
31
62
65
49
27
69
77
27
42
55
54
30
68
52
35
58
66
45
37
48
55
63
35
42
49
50
48
17
73
56
79
73
32
38
58
82
42
37
61
46
30
59
59
39
38
27
36
76
58
66
39
29
33
46
31
48
50
76
76
53
40
45
66
66
58
32
74
44
61
31
53
28
81
42
49
76
56
42
70
75
73
57
47
45
49
70
51
60
36
19
32
27
80
43
30
56
49
30
61
53
32
66
37
56
36
72
74
46
27
43
37
56
44
28
78
62
44
55
54
40
34
30
44
72
39
51
21
40
62
68
81
30
44
43
46
53
52
25
62
44
45
69
64
28
82
69
41
52
80
44
55
50
32
41
63
33
67
79
37
32
44
39
37
46
48
44
64
81
72
41
56
38
59
37
73
39
62
51
77
66
47
50
79
51
55
66
49
77
20
46
49
63
66
50
46
47
79
41
28
32
45
44
33
66
80
41
59
43
39
66
39
65
38
36
69
60
34
