3000
84
67
67
30
28
38
35
69
66
57
45
26
28
48
82
54
42
48
43
63
53
64
55
45
36
37
62
34
78
84
82
77
72
49
41
53
42
53
73
65
48
29
76
74
58
35
48
46
65
36
56
35
70
67
82
54
39
55
41
50
68
21
76
78
72
22
56
67
38
70
49
57
46
38
59
38
69
42
74
57
65
64
30
66
57
27
55
41
55
54
57
41
83
16
44
75
33
44
51
67
43
66
33
53
82
29
76
41
38
36
26
29
51
48
54
47
42
69
37
29
44
67
27
53
36
52
71
43
54
51
68
65
69
61
33
42
59
28
84
63
47
46
45
70
57
25
66
47
29
39
34
67
80
82
65
71
42
46
66
60
47
67
43
41
51
69
77
73
40
77
50
53
34
25
60
84
41
43
58
59
29
21
33
19
43
39
46
35
46
35
56
43
49
23
73
64
72
34
44
53
42
50
69
62
61
62
75
45
25
43
33
62
60
61
65
34
36
79
30
83
40
51
73
41
79
47
29
60
58
21
65
31
71
81
83
39
56
51
32
23
84
66
75
29
45
50
72
41
79
35
45
38
52
35
48
83
53
49
29
68
26
32
30
30
40
42
46
39
71
62
39
51
84
49
32
48
37
56
36
63
69
50
67
42
64
32
45
27
22
38
38
24
71
34
41
80
30
73
41
65
37
84
43
30
40
48
36
66
64
31
75
67
65
66
48
40
47
54
59
37
44
54
69
73
35
76
38
47
44
76
24
24
74
50
31
70
40
43
44
58
65
41
67
83
42
83
36
19
44
69
34
50
22
62
73
76
75
69
39
49
76
22
27
44
52
68
53
78
73
63
67
51
31
57
31
53
32
65
76
63
81
57
76
43
57
84
45
43
75
35
74
66
24
31
35
43
46
43
29
36
84
47
80
64
57
84
70
49
46
57
77
35
61
60
53
40
47
28
28
60
70
70
43
46
43
30
65
48
66
42
83
65
80
81
37
44
38
59
35
35
34
40
47
46
63
35
67
26
43
50
38
73
52
65
64
65
84
51
36
39
48
31
74
60
59
59
38
82
26
35
65
41
40
52
49
23
41
65
40
37
52
64
70
33
31
84
55
31
55
27
43
35
39
57
71
80
60
81
44
62
70
41
50
44
58
54
80
70
57
35
32
41
60
39
30
80
53
67
70
32
46
38
31
47
57
75
65
38
51
52
48
45
44
80
38
67
54
70
78
28
59
60
41
51
49
41
25
40
40
78
63
84
43
21
59
38
60
25
27
27
33
46
61
50
44
38
84
40
64
37
43
57
40
47
75
77
76
34
42
38
65
63
32
36
18
53
29
47
30
68
50
63
41
58
57
77
65
28
40
58
78
61
46
45
68
24
29
34
66
37
66
38
24
74
32
37
64
43
28
82
55
57
50
24
43
65
80
66
27
47
42
53
52
63
46
42
40
35
54
56
50
54
31
79
37
38
84
32
28
65
27
45
33
37
28
80
67
61
42
74
50
46
58
45
40
39
59
30
76
48
54
36
49
57
44
29
45
29
33
28
78
79
45
59
50
49
75
79
35
29
29
70
36
51
45
53
42
51
25
45
58
59
56
36
70
47
68
77
47
37
42
59
43
68
29
64
60
66
57
34
46
35
44
41
35
65
37
40
67
61
73
60
54
24
54
83
26
37
47
45
51
42
27
39
70
70
64
61
58
80
47
84
41
53
25
55
64
74
64
61
51
58
62
34
78
62
59
25
69
79
57
81
49
83
39
51
68
66
56
21
69
58
40
41
36
33
41
44
61
46
48
39
50
49
39
21
63
41
83
43
46
60
82
55
54
37
65
49
59
28
52
27
77
65
38
67
82
37
27
61
68
48
20
50
42
21
54
47
50
45
47
64
80
39
51
55
56
44
50
62
46
58
67
77
44
78
28
61
34
22
80
51
55
64
80
45
71
64
63
39
24
45
50
46
48
39
35
84
60
60
71
26
77
34
64
57
66
76
52
25
47
31
69
34
81
33
37
48
79
58
40
32
47
56
51
26
72
54
75
27
51
58
44
32
55
36
46
70
61
23
84
46
22
79
34
47
67
57
42
71
40
47
32
77
58
65
31
51
84
83
50
54
30
75
48
24
54
80
72
76
30
46
53
58
38
44
33
64
44
40
23
52
42
47
22
38
26
77
45
63
71
47
36
30
49
29
55
81
61
62
57
75
57
55
60
50
35
79
63
34
34
36
79
34
63
55
78
50
45
30
49
39
43
69
56
30
30
25
82
62
38
49
50
54
52
50
42
66
71
74
54
62
30
75
30
20
75
51
38
27
56
55
82
41
72
32
32
46
56
35
47
68
60
61
62
40
30
36
51
57
57
50
46
37
31
54
81
84
49
31
50
30
55
60
64
49
57
79
67
72
47
25
81
48
50
63
26
39
41
46
53
48
83
33
38
62
59
80
46
38
48
35
31
39
78
68
56
66
75
67
34
77
59
74
28
40
36
48
74
46
53
41
68
47
84
29
52
42
51
60
31
38
46
31
47
48
37
32
49
28
60
83
43
83
26
29
33
73
57
38
46
45
25
75
70
19
56
41
23
58
53
46
50
40
29
67
67
38
42
42
56
74
35
71
34
24
68
46
63
66
45
29
82
40
54
36
35
46
39
56
60
37
22
60
73
47
67
56
78
51
62
65
41
43
76
71
34
36
34
51
80
67
47
21
45
40
56
34
71
51
40
63
41
39
46
59
59
51
44
42
67
73
56
47
33
42
55
61
32
46
37
60
29
22
82
51
15
61
42
56
82
49
69
72
62
72
84
62
26
72
57
75
34
29
38
28
45
49
56
82
39
38
83
41
27
35
49
73
52
54
43
81
70
74
51
25
81
64
57
40
42
48
58
42
54
47
65
23
53
64
62
43
75
41
81
28
55
55
53
61
26
81
49
36
79
70
37
29
58
47
82
55
45
50
51
38
55
62
45
49
42
41
48
80
35
74
32
50
49
66
43
79
59
63
52
62
35
51
49
37
35
45
74
82
65
76
70
68
63
46
58
82
62
68
31
61
73
72
45
34
49
50
55
65
65
57
36
37
41
52
62
40
81
32
78
70
31
30
33
55
26
69
32
69
45
64
56
61
44
29
73
45
35
69
70
32
72
27
56
58
20
70
29
44
54
30
71
32
33
39
65
31
37
48
80
44
49
78
45
48
62
64
35
59
68
69
37
55
33
42
69
64
48
83
49
33
43
38
61
58
62
44
51
69
51
30
36
60
19
80
50
41
19
45
66
37
42
39
71
56
36
25
43
80
56
42
65
37
82
33
71
49
54
56
25
83
48
58
59
38
60
46
19
47
46
47
36
27
37
46
58
57
67
84
26
32
83
45
27
50
60
42
54
54
61
56
36
55
40
33
56
74
30
57
47
21
55
52
61
26
59
70
19
26
42
68
57
50
74
41
25
55
66
41
37
45
64
19
52
48
41
57
43
46
55
67
65
36
41
57
56
57
68
35
72
44
72
44
49
38
51
84
83
70
54
35
36
41
22
43
44
67
45
38
36
32
55
55
46
49
30
54
37
48
42
72
67
47
41
59
70
48
79
74
61
49
54
63
57
41
36
30
79
53
35
55
83
67
63
31
46
39
54
53
41
27
71
80
31
58
71
51
78
79
66
37
65
53
61
38
55
43
42
58
30
35
39
47
60
57
59
30
68
36
33
64
26
74
47
60
34
60
26
72
51
51
40
37
83
77
26
40
54
77
39
32
27
81
73
64
48
69
30
41
83
68
50
55
66
50
40
33
50
73
60
41
74
39
49
70
77
82
46
28
49
65
55
47
33
35
49
53
30
40
64
33
31
68
80
43
49
60
21
48
57
41
35
39
31
67
44
41
73
60
36
43
60
37
52
27
43
51
32
44
59
62
53
41
70
41
58
40
55
41
60
76
72
59
68
35
42
23
60
64
37
53
78
49
37
78
60
48
54
32
58
83
42
45
68
35
58
39
28
67
32
50
80
65
39
53
48
39
36
64
82
42
46
40
56
60
70
78
42
63
32
60
36
30
40
15
24
47
68
51
70
32
27
28
52
54
73
69
58
74
36
79
30
60
61
60
33
76
50
47
41
52
80
75
62
48
39
28
56
53
84
28
44
40
66
60
65
60
58
64
40
67
61
56
67
66
60
32
50
45
44
33
52
24
71
80
64
75
38
58
62
53
38
62
28
36
41
61
81
68
69
46
50
45
32
61
51
66
56
39
65
60
40
55
31
54
51
69
59
34
35
50
41
65
51
80
71
62
65
59
46
29
46
77
75
28
47
55
51
78
74
39
68
70
46
72
36
68
52
54
56
61
61
81
40
83
56
59
61
76
80
74
28
78
64
55
51
26
61
49
62
62
37
53
53
38
66
35
50
62
31
36
54
54
36
16
66
77
40
28
38
41
22
58
69
24
58
78
53
34
56
42
48
26
62
82
48
66
41
35
58
69
44
20
52
54
84
53
70
52
45
50
45
21
28
45
42
84
59
62
82
24
29
42
35
62
64
82
46
63
36
37
41
70
59
59
45
76
70
70
83
58
69
47
66
48
82
54
39
34
39
61
56
64
66
42
41
50
54
56
41
57
29
43
46
52
60
33
66
47
50
54
66
29
78
39
55
65
77
30
26
39
83
61
69
50
53
78
49
52
53
30
46
61
70
54
40
62
35
44
37
36
52
63
38
71
34
42
58
39
27
35
71
35
55
43
46
39
42
43
74
39
22
41
56
67
29
28
61
53
56
23
67
52
27
74
38
71
44
42
42
48
46
65
30
54
71
31
56
64
31
41
33
46
47
62
22
64
74
72
44
48
46
79
82
43
54
38
43
41
57
24
77
64
35
49
66
63
51
39
58
51
29
69
47
47
48
32
45
45
49
48
69
82
70
69
83
22
29
60
78
41
82
53
77
38
67
75
59
56
68
34
40
43
65
37
67
46
53
30
17
34
83
29
33
74
33
45
56
56
46
56
29
63
55
77
30
26
31
24
46
35
63
49
23
39
72
54
36
49
67
57
24
70
74
58
40
67
61
42
39
24
37
43
35
37
68
69
57
57
81
41
81
56
49
48
33
41
46
57
50
70
67
59
31
52
68
60
68
42
42
84
36
44
43
54
48
66
53
56
82
71
65
48
36
84
37
73
61
77
83
31
63
42
46
30
77
56
35
37
37
34
23
55
45
59
40
68
22
69
22
64
33
57
34
30
69
47
52
24
41
62
78
45
45
52
67
63
30
27
28
27
51
35
39
84
40
31
76
84
68
37
84
55
81
75
63
29
36
24
65
46
30
31
81
67
33
59
40
78
49
42
43
52
30
67
33
37
34
39
54
60
45
80
44
71
51
45
42
38
36
75
65
60
50
39
20
65
33
46
73
60
35
45
61
48
35
45
32
47
80
54
60
46
52
32
60
50
65
62
30
67
37
31
29
66
46
73
32
45
78
44
29
60
63
42
44
78
41
34
83
61
51
59
23
33
30
55
48
55
30
77
52
43
57
33
81
73
29
41
74
59
38
47
44
48
59
60
35
64
40
75
84
31
46
50
51
59
50
47
44
33
41
78
61
68
69
75
76
40
60
52
70
78
32
27
60
43
43
53
84
45
79
44
62
84
41
31
62
34
55
39
38
83
48
43
53
58
44
55
80
54
32
74
69
34
38
68
36
45
56
59
56
38
42
51
67
47
34
59
64
41
50
66
73
51
51
47
63
37
37
36
68
42
63
58
24
59
30
74
26
52
33
56
66
84
28
20
43
23
33
73
64
50
51
51
58
76
77
49
30
59
58
34
49
84
36
29
31
32
48
38
60
62
43
48
42
39
78
41
29
67
52
53
42
74
18
72
67
82
69
26
74
53
72
57
51
32
49
20
38
41
32
44
29
61
66
39
26
31
29
39
74
52
77
68
55
49
38
76
45
62
39
53
50
43
44
43
70
82
29
35
71
61
66
37
57
60
65
36
51
45
44
79
62
59
44
39
40
60
60
64
43
47
43
34
76
39
67
48
38
67
43
54
27
60
79
79
38
25
29
83
84
66
41
74
35
43
55
61
27
70
47
30
43
44
33
32
59
25
81
26
64
43
67
37
46
79
84
55
58
60
47
60
56
78
51
45
61
25
81
79
39
30
35
63
60
51
36
46
38
79
24
55
62
20
41
82
50
59
24
45
29
27
46
46
84
65
73
50
53
46
59
46
70
67
44
63
72
78
45
40
33
33
35
60
50
46
50
22
43
41
79
37
61
32
65
27
46
64
72
39
37
26
50
31
47
81
45
53
59
45
47
38
53
46
83
41
30
42
54
78
35
60
47
26
70
40
61
56
26
43
58
51
80
48
65
38
69
71
71
25
41
28
81
80
38
41
43
69
83
80
45
72
79
72
70
27
57
57
41
32
43
65
33
69
58
37
46
35
61
77
57
45
60
38
34
38
59
74
80
37
30
48
60
35
24
25
50
33
39
62
17
52
33
25
42
50
36
31
55
59
73
24
37
54
53
36
58
25
48
28
41
46
50
49
46
38
27
55
53
79
62
67
36
50
69
67
37
74
80
45
48
39
77
40
73
76
43
75
46
69
46
60
32
49
60
84
63
57
52
38
23
74
84
58
59
61
35
47
64
62
38
64
49
51
41
69
74
38
40
34
40
79
35
36
73
65
77
49
29
76
20
44
36
57
30
54
56
42
63
38
65
56
56
81
70
79
50
65
53
48
27
74
56
76
32
28
62
49
30
33
47
42
78
54
74
42
37
60
64
50
44
40
74
18
77
