3000
85
34
30
46
82
65
65
36
49
73
57
29
48
34
57
24
28
81
42
50
36
39
76
30
23
65
71
54
38
68
36
38
39
56
58
73
43
54
38
34
64
64
55
23
34
65
40
51
26
29
58
80
65
38
72
24
80
67
66
63
77
56
52
59
33
28
29
32
36
37
37
31
43
58
45
57
53
28
60
57
69
79
85
57
52
55
44
37
70
34
46
65
58
55
56
31
60
40
85
72
36
43
36
70
74
42
34
50
83
67
42
64
70
35
43
37
35
47
52
52
61
72
55
57
66
31
82
53
30
72
54
23
66
80
36
57
51
84
19
29
40
43
40
52
51
71
43
43
32
70
46
42
38
36
26
58
60
43
59
71
77
51
40
77
70
74
49
40
33
62
85
61
55
26
56
69
30
75
32
39
33
85
47
83
28
22
43
26
72
36
79
41
30
49
41
47
78
29
35
30
42
79
29
82
32
75
71
69
39
70
47
43
32
25
46
43
47
79
64
59
69
77
82
83
30
48
79
65
40
73
41
38
40
71
75
42
58
45
54
44
43
30
70
32
85
69
56
70
51
48
72
32
46
49
53
49
19
77
44
65
80
32
82
21
29
59
49
61
59
49
35
74
42
84
28
39
43
29
68
66
53
75
39
49
38
38
66
85
41
40
38
72
39
43
82
67
25
82
74
47
31
35
51
72
45
60
26
46
59
52
31
49
46
71
47
58
75
27
82
66
43
29
40
77
48
56
70
31
38
75
32
36
71
59
35
30
59
78
74
67
80
48
48
52
29
26
65
47
47
55
63
47
51
48
49
33
66
43
70
73
25
66
51
74
77
81
63
52
62
66
62
60
30
27
34
57
35
38
44
30
26
55
71
28
35
56
43
43
39
53
62
46
73
22
65
74
49
46
59
57
83
46
54
68
62
53
30
33
44
23
31
49
42
29
27
42
30
43
29
31
85
75
51
25
48
29
76
31
52
45
78
39
84
63
58
48
30
81
30
62
52
65
49
58
36
28
52
74
44
32
44
59
45
41
48
63
63
44
39
50
44
64
38
65
58
52
41
41
63
52
56
44
72
30
58
40
49
29
40
48
43
53
34
74
44
59
25
29
58
44
85
52
45
41
52
43
22
35
38
59
79
43
54
85
30
29
68
35
57
42
26
85
45
49
38
38
84
59
85
74
81
36
52
71
57
77
61
74
56
78
52
44
35
56
46
78
76
37
41
71
63
52
25
47
60
44
40
75
49
35
81
57
42
64
47
61
39
85
47
62
43
26
36
35
35
85
61
32
66
65
63
53
41
67
50
24
45
70
31
26
68
50
47
49
56
31
66
67
56
49
63
34
45
31
43
60
63
80
49
42
38
49
26
51
42
33
67
69
46
71
54
25
69
25
39
59
66
39
57
28
45
48
59
70
38
29
69
52
75
39
52
40
44
85
58
40
29
74
82
47
58
82
37
50
33
54
62
46
42
80
67
33
35
51
74
77
28
67
31
45
33
40
68
79
35
27
46
57
41
41
32
56
69
52
63
58
78
76
64
78
31
38
36
50
44
62
64
68
49
69
61
59
36
53
79
69
41
49
24
38
39
53
34
28
67
65
40
48
69
76
22
45
41
30
83
54
32
59
53
36
25
55
53
60
40
41
45
49
30
29
68
49
33
37
36
66
48
40
35
68
73
64
43
61
38
31
65
67
46
85
52
54
47
85
39
52
47
62
37
57
35
53
59
74
34
57
45
53
63
43
21
75
81
83
40
57
21
73
30
68
29
42
36
72
67
77
37
35
30
36
65
66
42
47
41
51
52
70
62
81
78
75
32
85
40
81
59
77
54
38
72
73
64
40
38
54
50
29
51
43
70
83
20
17
41
33
75
38
30
83
68
85
85
26
67
80
45
28
44
41
47
50
85
46
76
42
62
31
77
26
71
78
39
73
78
45
72
43
66
59
27
59
38
37
70
77
58
25
28
40
58
40
49
54
53
37
79
43
37
64
72
53
26
47
66
40
35
33
57
31
32
33
41
69
62
53
67
70
57
34
59
36
73
50
68
39
36
39
65
76
49
51
38
42
51
55
81
29
28
79
80
70
48
71
36
75
31
50
47
45
82
82
56
33
74
72
43
28
49
37
51
70
64
49
51
46
37
52
40
43
53
40
57
44
48
59
31
36
54
54
43
40
61
59
56
75
26
79
59
45
51
54
52
26
66
60
38
67
55
31
67
73
32
64
52
80
47
59
77
30
63
84
26
22
29
30
43
48
24
60
73
58
53
25
53
64
49
44
27
65
79
82
47
50
33
35
34
46
56
23
48
49
68
79
68
64
51
37
57
21
35
63
64
55
58
43
29
51
55
34
61
67
55
32
82
71
80
42
48
49
61
27
48
72
73
30
71
48
61
68
79
70
45
39
47
42
50
42
55
32
55
66
66
56
32
50
47
53
48
46
60
56
41
60
48
43
40
70
50
79
44
58
65
25
83
55
57
34
36
37
40
55
75
47
67
43
85
78
68
55
40
55
46
21
34
37
26
66
42
64
63
77
78
73
46
32
65
56
27
82
31
73
37
22
68
41
47
79
33
50
52
65
44
73
53
72
26
70
33
34
38
66
38
52
61
73
48
26
49
59
53
45
43
32
53
31
43
51
43
61
40
81
46
41
64
77
36
41
58
61
58
31
76
43
29
58
64
66
68
77
51
41
52
27
42
46
58
52
73
53
39
73
56
29
64
62
36
55
59
62
67
36
43
38
85
35
41
70
81
55
85
40
49
44
20
42
30
30
35
82
47
21
56
42
65
35
76
60
46
34
39
78
26
43
74
42
68
35
28
64
83
46
38
72
72
51
61
35
55
53
80
56
39
46
33
32
65
38
28
35
62
41
75
53
49
26
52
28
44
48
58
18
46
37
45
35
20
54
52
70
79
41
41
58
55
20
62
55
25
85
64
40
66
46
44
85
20
70
79
52
69
47
46
50
43
41
40
45
56
27
30
73
43
20
65
38
84
81
40
46
59
37
68
32
76
40
67
46
41
72
32
43
54
46
56
51
79
31
57
36
39
31
36
48
67
46
61
50
51
55
59
56
39
42
29
83
59
22
56
61
29
37
39
45
40
69
28
45
43
52
70
80
24
57
61
75
69
39
56
64
66
32
79
48
31
43
53
36
36
62
34
53
50
70
40
34
50
67
44
35
37
68
35
33
33
58
62
45
45
79
22
56
24
74
74
48
71
37
45
63
75
40
40
45
67
82
65
45
24
65
64
61
36
47
32
64
52
45
41
48
74
24
73
41
42
67
61
26
51
44
41
49
68
44
66
59
51
44
83
67
45
66
36
42
58
49
52
43
52
31
48
37
63
31
34
64
76
27
74
55
62
71
38
62
72
27
53
40
52
47
62
60
53
77
23
46
65
76
33
51
79
66
48
32
84
77
68
35
65
62
54
41
32
66
20
39
44
39
44
41
65
32
44
51
41
63
78
42
65
77
42
46
56
31
37
21
65
56
61
63
44
47
52
55
76
38
31
47
74
50
25
38
44
55
63
23
41
57
60
53
44
55
74
36
73
60
72
31
47
37
50
26
23
66
59
70
85
40
84
31
37
44
59
50
51
67
66
53
68
81
45
36
47
76
39
45
49
84
48
28
50
59
60
35
42
47
32
58
49
34
56
40
51
66
59
48
35
58
59
76
76
53
31
29
42
58
39
54
62
64
35
38
34
51
47
84
68
64
36
52
44
45
63
37
72
66
54
53
44
53
53
85
85
48
52
35
71
48
82
43
26
84
77
34
34
52
53
79
18
51
38
34
27
45
80
54
33
50
39
80
69
29
71
62
83
33
49
43
29
57
40
78
74
63
78
58
72
27
40
51
65
59
50
45
49
41
40
51
53
38
26
77
48
61
38
49
74
42
39
56
78
63
38
41
26
37
44
83
54
81
60
75
61
29
40
42
32
31
52
73
63
43
76
30
32
61
40
71
30
50
31
72
44
70
56
64
33
76
61
79
51
44
85
43
27
78
42
48
47
75
54
45
36
68
65
33
46
73
39
47
45
78
44
74
31
66
84
54
31
63
80
39
83
26
36
44
50
43
18
60
43
35
73
41
57
62
29
46
50
71
73
58
30
46
78
75
53
47
59
31
48
55
50
53
33
80
40
63
46
37
22
35
37
64
43
25
50
43
46
34
41
39
49
82
39
77
24
47
38
49
26
54
79
70
54
78
63
67
36
37
59
41
60
64
54
78
49
31
54
62
33
35
83
58
55
74
42
52
84
56
48
83
40
83
69
77
37
28
38
39
29
75
37
56
66
67
35
52
65
36
33
30
74
44
20
49
30
60
49
70
54
37
44
33
58
44
54
48
46
57
35
73
24
36
61
59
42
19
64
77
39
45
46
27
43
43
47
66
84
39
24
31
45
76
38
57
70
68
30
28
78
48
43
32
66
63
41
24
27
70
39
76
76
57
46
44
31
43
42
34
79
41
60
54
37
28
62
29
43
45
56
63
44
66
52
69
38
70
36
55
59
66
85
66
24
44
59
69
48
25
42
46
70
25
34
37
65
61
54
55
22
41
65
47
46
41
60
34
52
84
42
44
81
39
69
38
56
40
52
35
51
25
63
85
36
52
61
29
35
48
51
40
66
31
62
44
46
65
83
30
85
52
43
39
40
38
32
35
59
44
46
44
44
25
49
69
50
45
43
41
32
71
35
56
46
25
49
65
34
32
69
82
74
49
46
32
68
57
40
39
28
36
52
52
64
58
75
51
58
47
31
35
42
68
28
31
75
56
65
50
30
48
38
66
44
31
67
40
79
42
41
47
79
49
75
79
85
53
58
76
34
54
38
44
67
39
43
59
53
63
26
28
26
29
27
33
58
83
60
54
64
62
50
22
84
68
53
43
55
28
75
62
58
68
57
69
46
28
58
68
49
73
73
43
60
63
35
73
70
42
42
49
41
74
39
84
29
37
79
49
33
28
21
27
46
56
51
34
35
64
70
40
54
67
67
29
82
56
49
66
33
76
31
29
33
69
37
59
55
81
61
79
36
69
78
67
59
67
51
85
85
54
50
63
45
66
37
66
46
36
34
66
17
70
71
36
69
78
67
23
72
54
45
72
59
30
43
45
81
58
71
28
48
83
53
36
57
65
77
63
60
73
81
56
42
29
28
37
56
60
85
44
57
79
57
25
41
61
44
78
41
44
73
42
40
57
62
45
37
54
72
70
75
55
29
49
42
54
71
40
27
65
23
56
30
26
53
29
58
69
73
64
37
44
58
42
36
52
34
28
43
31
71
65
31
69
61
46
46
66
71
44
33
60
45
75
49
84
46
73
61
85
54
60
76
73
23
40
51
44
53
27
53
38
68
77
81
70
68
56
62
41
62
32
38
30
34
44
84
47
42
69
42
41
67
35
85
77
54
41
30
54
51
64
64
75
60
54
47
76
78
85
32
54
69
28
45
45
38
72
71
43
80
79
56
38
28
42
72
34
43
42
48
48
80
82
83
56
45
80
47
59
39
51
33
58
55
57
61
44
40
66
52
66
64
28
71
38
63
81
49
78
81
55
53
62
59
60
49
50
35
50
44
72
60
70
33
38
67
42
81
28
45
40
44
79
41
51
82
44
49
51
61
35
45
35
59
68
66
54
80
55
61
39
61
61
35
27
61
50
37
35
39
61
79
32
37
83
43
67
43
64
51
64
31
66
43
43
71
33
75
43
84
51
65
44
43
71
56
33
40
40
41
69
61
82
41
32
81
46
44
34
51
39
55
22
51
76
28
51
59
35
44
74
69
74
42
76
56
71
23
68
73
76
37
48
48
51
83
50
27
33
31
64
61
56
34
56
37
68
78
47
42
77
45
52
67
30
63
41
84
47
59
42
47
41
84
47
39
85
82
21
59
35
39
80
50
45
59
77
37
67
50
71
47
50
46
48
43
81
37
56
71
31
71
48
60
70
67
59
35
31
70
39
52
44
76
32
37
62
58
52
40
46
74
40
36
54
68
44
78
46
47
45
65
63
75
65
80
52
42
58
69
35
60
40
70
59
26
22
81
54
37
36
78
44
32
40
56
42
22
40
83
39
57
39
41
26
35
56
57
81
35
52
51
60
83
54
78
24
82
43
58
44
54
58
73
26
58
54
71
71
41
39
47
82
58
44
34
47
82
68
62
51
38
34
57
32
44
76
50
57
30
47
55
71
84
62
51
62
36
73
40
53
57
73
46
58
33
80
58
63
74
36
34
45
78
55
76
69
61
25
28
40
46
59
76
68
50
40
67
68
44
68
55
49
45
48
33
81
83
42
45
60
45
61
76
38
42
55
73
81
50
71
50
41
71
54
41
64
40
65
24
84
39
72
44
37
46
80
44
27
76
49
45
50
41
36
53
41
81
28
44
27
85
32
40
77
36
33
35
41
34
35
23
34
43
72
62
50
29
64
25
66
24
36
31
41
79
33
40
23
62
42
38
34
27
71
81
25
59
85
42
42
34
30
48
36
67
58
62
59
34
47
54
64
64
43
75
26
31
50
42
58
40
60
44
44
40
67
60
25
47
52
54
28
49
36
83
25
51
32
75
45
37
71
22
68
76
58
73
67
48
41
62
38
37
72
50
75
47
55
75
78
39
42
26
85
45
81
58
50
84
79
47
50
39
39
52
82
25
68
54
37
75
58
77
43
43
63
61
32
47
49
47
39
47
85
31
31
71
43
46
81
62
56
31
30
59
51
64
49
62
40
33
61
40
50
80
37
76
23
63
36
50
34
41
38
34
56
80
