3000
86
47
76
42
63
50
76
78
40
53
76
70
56
28
42
61
70
25
74
42
34
78
38
37
21
31
63
69
30
38
58
36
25
45
71
55
77
44
54
38
57
73
74
42
53
31
49
64
65
45
47
77
27
73
38
65
36
47
54
62
49
32
65
62
18
33
58
38
34
40
54
59
30
38
36
37
84
48
57
72
60
72
67
37
27
39
46
29
77
50
62
32
51
30
35
77
39
58
79
38
79
57
29
73
66
42
74
28
34
73
69
48
83
50
43
48
55
30
42
73
40
63
66
43
38
68
33
42
68
66
52
79
54
74
80
78
86
22
33
80
42
83
44
56
80
47
84
58
61
72
74
25
54
78
77
73
51
41
56
29
46
83
54
45
69
20
86
40
86
42
29
34
30
79
36
48
48
54
62
36
29
17
37
86
22
82
46
31
66
39
76
65
45
35
74
56
71
58
86
24
80
57
43
35
51
37
25
60
60
26
48
38
52
55
64
58
54
40
55
55
46
45
55
60
38
79
30
81
37
62
73
44
78
58
45
63
39
63
53
79
41
80
39
81
54
31
37
50
64
57
72
33
50
57
51
84
66
46
51
71
27
44
81
83
41
58
28
31
78
60
40
62
42
67
77
50
84
70
64
22
50
47
32
51
37
54
35
59
71
66
72
31
53
43
69
71
64
55
66
45
52
77
55
81
56
83
58
66
37
52
21
62
40
69
79
38
30
37
84
72
78
49
34
75
61
33
36
80
23
57
63
86
68
64
55
67
29
84
41
65
45
48
41
70
53
54
76
28
51
55
67
50
46
30
70
26
52
54
68
64
37
50
26
56
47
76
82
33
27
56
35
32
63
55
48
57
65
54
40
77
45
46
70
53
67
61
86
27
31
27
57
38
60
37
50
44
67
45
46
56
29
58
63
72
35
42
45
37
39
71
66
28
51
68
81
73
79
35
49
81
52
34
32
32
40
38
64
77
40
51
42
81
48
41
58
45
39
36
83
76
32
27
62
38
52
63
71
78
32
53
46
30
49
74
40
28
38
41
50
39
52
81
59
31
69
28
60
65
56
48
31
35
67
45
69
32
54
40
54
78
74
39
50
61
50
83
52
39
23
37
26
34
58
63
70
79
34
44
34
43
75
43
64
72
40
57
42
37
77
51
60
47
27
43
79
55
30
61
66
57
40
42
51
43
55
81
50
67
41
57
59
30
75
37
65
39
33
38
30
64
28
52
51
46
40
51
47
22
54
35
63
70
54
76
46
50
26
35
53
69
82
57
48
50
48
50
75
47
31
24
85
47
47
28
74
79
34
78
79
35
55
40
82
23
68
44
38
54
44
46
43
29
38
41
85
60
39
69
77
70
45
49
26
84
41
34
73
73
52
45
82
61
37
69
60
24
50
32
20
50
67
43
47
76
54
59
83
53
82
55
63
53
74
67
27
29
24
49
74
31
49
32
37
66
47
28
42
41
45
83
50
55
52
36
63
50
62
46
48
67
71
36
23
62
26
24
58
36
59
26
83
61
28
41
45
22
33
47
30
52
62
31
32
45
30
57
55
64
68
45
73
82
26
70
73
62
64
42
74
35
69
67
77
77
45
51
60
57
70
41
62
53
84
80
82
57
55
65
46
74
86
49
45
57
20
44
31
27
66
55
31
77
85
81
53
49
53
42
38
63
31
29
67
80
51
80
32
30
85
56
33
50
46
54
44
49
52
30
82
54
80
39
72
42
33
57
35
57
56
47
47
31
51
60
22
35
40
23
36
74
39
48
83
74
34
44
42
54
52
51
28
67
61
50
43
38
28
31
45
38
75
36
70
38
38
27
36
71
34
21
80
44
63
78
65
65
66
60
41
41
40
42
53
51
38
41
44
35
44
42
81
56
24
29
46
27
37
52
31
62
46
70
53
68
64
46
72
24
42
60
56
67
83
43
42
44
21
34
51
34
77
64
74
35
31
67
50
47
37
51
56
41
60
68
21
66
61
35
43
74
60
74
79
55
51
45
47
84
34
85
80
41
28
31
63
42
49
30
52
63
53
70
42
59
29
72
50
41
61
46
55
34
43
59
35
38
55
55
67
29
34
49
52
36
34
37
33
25
46
69
42
39
53
86
40
29
73
57
86
41
28
58
57
81
61
43
38
36
65
37
56
70
35
65
47
60
28
68
33
71
40
55
44
54
79
25
36
41
41
76
35
40
47
41
39
45
58
53
38
85
47
27
55
69
29
34
80
86
43
24
35
57
51
34
81
58
56
44
56
55
34
67
84
56
63
32
40
70
57
67
75
61
33
42
36
66
52
20
42
60
42
71
45
39
60
48
37
33
39
63
49
50
57
54
60
70
29
66
53
41
34
44
30
64
48
27
48
81
53
86
39
37
45
36
37
23
37
83
52
75
31
49
54
44
38
40
81
54
63
49
53
35
38
75
71
85
41
48
22
85
64
42
72
56
56
36
45
68
23
29
46
72
54
32
51
27
41
36
43
60
47
24
57
33
67
63
82
67
41
78
36
40
82
53
34
60
56
41
42
46
81
68
58
36
24
38
72
57
30
30
72
30
37
61
81
48
58
43
55
49
49
26
58
68
82
57
73
41
76
48
47
35
58
65
54
77
30
46
75
34
32
32
77
77
48
81
35
49
44
77
53
70
58
80
56
70
48
68
25
37
61
43
52
80
43
51
35
64
70
59
61
46
46
39
47
21
41
66
45
42
84
46
59
25
61
57
32
34
59
60
37
49
29
78
55
77
62
77
54
21
40
50
71
65
54
36
54
41
70
37
28
66
49
57
42
44
67
31
33
68
42
46
18
54
60
65
46
64
79
42
82
73
53
43
23
42
75
48
35
44
57
66
41
52
47
72
41
36
53
86
33
63
41
82
39
33
50
78
59
65
36
23
52
55
67
45
74
62
37
80
54
42
61
35
81
23
83
36
46
61
65
62
50
84
55
50
36
42
63
55
58
53
41
66
57
52
74
54
55
51
47
35
30
33
68
38
81
40
38
34
59
27
36
27
38
81
74
47
86
33
80
53
36
63
44
65
80
26
64
38
56
85
75
52
54
58
51
58
32
73
50
69
65
74
61
64
45
36
86
80
85
82
68
59
24
35
43
38
47
46
43
73
77
64
49
38
46
48
60
72
37
80
59
80
69
51
43
59
42
43
74
51
52
84
41
46
67
42
67
42
43
71
21
54
53
50
29
64
35
57
35
44
58
57
42
63
50
66
84
76
33
86
36
66
77
39
78
36
66
37
62
36
50
50
59
70
37
76
21
84
70
69
85
34
13
64
76
49
84
45
31
49
73
38
60
43
81
52
66
67
80
84
30
31
64
64
77
37
56
57
47
50
55
78
58
64
62
66
74
72
86
54
41
58
34
68
76
41
77
19
57
49
48
74
39
78
71
64
33
66
49
45
61
56
48
59
69
58
71
36
59
69
64
54
43
81
41
44
76
31
41
45
55
80
40
84
62
53
62
53
36
56
40
52
81
73
48
45
64
39
77
76
57
43
54
65
62
74
72
52
86
49
35
76
52
50
64
67
85
42
50
50
58
82
35
31
64
43
78
84
86
30
48
64
52
55
39
46
45
75
26
44
67
26
58
46
55
63
58
31
28
60
56
65
49
29
72
39
80
24
38
50
49
74
47
63
64
51
69
34
73
37
65
60
74
86
46
59
33
30
23
57
42
46
59
55
49
60
27
80
24
55
60
59
70
59
28
39
28
60
66
71
39
32
62
70
78
21
48
52
67
82
80
20
65
81
55
58
29
62
79
47
70
42
62
43
55
49
73
43
61
60
82
48
58
54
46
51
54
45
36
55
50
71
47
54
77
29
32
62
41
43
27
45
36
32
59
61
65
36
41
54
38
29
49
57
47
23
74
72
24
54
52
73
19
70
45
40
25
55
44
69
63
86
68
28
41
30
37
77
71
47
48
56
39
84
41
54
65
47
42
43
72
34
37
43
46
48
50
48
45
37
77
43
43
24
39
51
67
74
37
47
29
32
45
62
45
40
43
33
36
49
62
51
45
36
83
35
81
49
40
44
52
49
86
64
48
57
78
14
33
50
48
52
65
66
71
51
39
29
23
42
57
50
38
63
38
59
70
16
43
38
58
29
40
56
50
36
34
37
34
39
34
42
30
47
35
40
70
23
45
40
66
58
72
38
69
51
69
72
77
45
63
39
41
66
62
59
27
29
61
75
67
71
59
37
55
38
74
51
51
56
41
61
39
37
72
30
35
72
44
73
43
71
48
27
56
40
39
54
47
69
39
72
44
65
69
79
57
62
37
67
37
72
48
38
46
21
37
80
70
62
27
33
64
81
52
41
46
72
59
32
46
74
29
64
76
75
40
50
49
27
74
43
37
37
68
58
77
34
57
37
64
39
32
30
56
53
58
73
54
28
42
31
33
46
43
38
32
48
43
49
46
35
75
54
36
38
53
43
49
55
27
30
39
52
62
31
64
76
49
30
45
74
38
23
57
46
20
65
54
40
44
46
57
32
38
34
23
64
51
58
36
58
23
86
25
36
43
77
41
86
50
51
71
38
42
28
52
67
77
30
49
68
43
74
54
64
46
49
28
37
49
45
63
68
74
57
49
85
38
62
68
54
46
57
24
84
73
69
27
42
68
85
83
28
55
52
40
85
44
65
51
33
23
43
65
51
78
32
77
38
28
38
72
44
40
43
59
77
41
77
85
80
41
56
27
37
36
55
42
56
28
67
58
35
51
47
85
57
22
45
81
63
73
24
33
31
39
58
67
49
25
51
53
45
77
20
24
78
49
55
74
74
75
30
67
38
50
62
71
56
53
60
72
59
50
40
64
36
62
65
30
36
50
56
17
86
32
71
74
75
73
51
27
43
49
40
78
65
43
79
65
50
35
49
38
53
45
75
57
48
72
48
23
76
58
28
77
82
76
61
79
61
55
41
50
21
29
63
72
48
71
46
55
39
37
43
67
55
35
48
65
38
52
57
68
42
47
31
76
33
45
24
86
66
57
75
83
45
34
32
47
23
33
53
41
59
31
59
76
44
36
35
63
60
84
38
54
53
49
51
78
38
40
43
73
40
28
77
45
74
62
22
50
34
47
43
46
43
27
57
56
22
51
39
74
38
63
43
53
50
38
25
44
78
40
43
72
44
55
37
56
57
39
41
83
48
34
54
57
72
61
37
76
44
80
32
30
49
40
45
60
73
34
38
46
78
48
55
33
59
66
26
52
66
56
39
57
29
84
50
60
31
76
48
56
55
46
38
50
33
16
65
78
26
60
55
42
42
30
41
52
45
45
27
44
49
42
23
65
70
46
56
81
76
36
29
57
31
43
60
79
44
60
41
34
54
55
40
27
66
64
39
45
63
78
58
45
86
19
69
85
84
49
48
44
50
53
74
81
76
38
58
74
59
47
48
77
30
39
33
49
68
32
44
37
34
59
70
52
41
28
82
67
53
74
46
39
45
61
59
29
50
34
37
73
75
32
52
86
58
30
63
80
44
19
60
34
44
67
42
61
31
62
84
26
43
64
33
34
47
45
48
38
36
33
60
52
68
71
41
27
39
26
31
66
27
29
46
33
54
78
80
78
46
41
69
56
43
52
63
40
52
24
40
86
83
79
63
30
46
51
62
40
48
33
79
50
53
23
36
43
41
52
26
52
82
28
80
20
82
45
55
42
21
38
44
59
69
65
60
67
49
45
62
32
49
51
22
52
41
50
64
86
75
39
18
78
82
59
76
42
39
81
56
48
23
41
56
47
49
63
59
59
75
61
65
48
44
26
23
43
30
83
83
72
57
33
49
25
47
85
61
57
45
57
64
64
28
37
69
83
56
57
86
67
47
50
54
38
51
24
42
52
50
49
80
85
65
49
37
34
57
31
60
62
78
60
53
51
36
33
29
55
51
70
60
39
66
21
43
38
47
52
58
16
36
45
32
41
54
36
40
56
35
60
35
62
46
39
36
67
39
64
33
57
35
48
74
65
20
69
69
46
69
25
73
49
65
55
25
40
64
42
61
44
35
48
46
25
65
41
20
49
67
60
65
37
46
47
82
61
63
52
33
33
52
27
36
47
85
52
52
37
35
44
50
59
58
62
26
56
62
33
48
73
78
43
82
66
28
49
65
83
75
37
28
71
57
70
40
55
40
85
73
49
65
84
85
85
46
80
55
45
51
75
31
47
72
57
42
66
47
77
48
63
51
39
54
35
49
38
35
35
41
33
36
68
37
62
56
76
37
31
61
50
49
45
34
47
82
37
55
36
39
62
46
70
79
53
40
28
67
63
45
36
34
40
58
82
42
85
59
60
54
67
73
67
72
63
57
62
45
70
46
36
34
42
75
66
48
67
38
38
25
55
52
40
47
52
40
66
47
31
61
74
61
46
83
34
61
64
39
60
45
27
34
46
46
56
78
24
66
53
42
78
33
45
69
64
53
44
59
81
51
47
49
48
71
28
47
53
27
41
58
64
68
40
73
44
79
56
74
79
58
51
29
76
44
46
34
51
44
80
44
67
35
39
68
40
57
83
61
57
45
81
54
65
72
65
35
40
44
84
25
29
39
64
44
31
32
49
59
56
61
82
72
31
63
40
61
37
80
75
55
53
70
61
28
57
44
45
61
40
56
70
52
26
55
79
67
35
66
81
39
79
42
50
45
44
37
36
81
70
25
57
56
50
26
70
40
49
39
80
62
28
75
46
46
31
33
46
45
58
14
30
61
45
37
51
41
84
73
35
26
37
79
66
58
35
52
57
81
42
48
41
63
69
37
34
