3000
87
52
66
58
43
24
43
51
36
87
64
69
58
31
71
47
83
82
58
22
55
65
86
37
33
62
27
54
35
56
77
24
45
43
38
43
34
39
43
59
61
74
44
74
50
54
49
45
58
27
32
30
57
51
41
52
65
37
28
67
61
60
20
73
68
44
79
76
58
18
36
40
25
36
40
84
42
51
66
80
34
70
46
78
74
77
73
52
59
33
66
38
41
61
58
33
41
63
70
31
56
50
60
38
37
42
60
44
55
53
83
40
83
84
48
44
50
29
61
35
38
47
51
28
72
76
42
86
31
61
35
39
59
69
83
85
48
42
36
67
62
69
83
60
30
43
45
79
38
53
34
78
18
70
66
47
50
51
47
24
69
82
34
42
38
75
56
43
64
50
40
48
66
48
34
62
63
39
67
44
27
67
62
44
68
37
66
25
86
41
61
37
42
50
59
82
23
70
77
30
24
84
22
25
65
71
69
36
61
66
57
58
44
58
76
27
24
26
40
30
56
73
26
63
66
73
32
63
41
57
60
84
41
47
40
29
50
52
35
67
86
57
20
39
53
53
59
39
45
57
37
38
37
81
70
75
39
74
54
41
72
56
67
73
52
62
30
42
37
81
57
49
78
53
62
46
44
78
56
57
41
28
67
58
46
54
46
44
57
50
45
69
29
61
79
29
62
42
45
72
49
31
80
51
37
50
46
23
60
25
58
50
80
61
73
40
43
74
55
28
82
43
31
23
44
78
45
78
45
71
86
38
78
36
54
65
83
85
31
51
65
33
32
34
55
42
45
31
46
70
83
47
71
80
58
69
86
73
62
77
68
34
44
46
53
29
43
40
42
31
68
36
52
64
33
52
55
72
30
75
68
53
27
47
36
30
77
84
24
66
34
39
46
74
77
59
72
73
68
37
86
45
43
43
68
54
26
74
30
46
75
81
28
45
48
46
53
35
26
48
65
55
77
41
47
82
45
45
37
36
41
64
62
51
22
42
38
41
72
37
40
53
37
28
37
45
40
44
49
64
62
52
85
39
47
43
75
66
54
71
61
87
39
65
30
47
28
44
68
52
41
67
32
53
48
45
54
76
84
35
86
83
44
42
69
62
60
60
55
52
42
34
72
46
40
30
39
34
39
50
48
45
61
34
52
44
40
62
60
50
51
28
74
64
48
66
57
43
43
43
66
32
48
38
62
64
46
62
59
53
52
81
71
56
87
79
74
44
44
39
47
40
31
32
66
62
37
47
63
85
83
61
42
53
47
31
38
44
41
67
22
55
42
84
36
26
45
53
41
52
50
53
56
58
31
57
55
33
83
82
44
46
43
27
44
29
58
29
50
56
41
81
45
63
49
47
38
41
47
51
70
44
35
83
69
31
51
86
59
54
51
87
87
62
26
56
84
47
35
65
61
42
57
65
24
60
47
64
83
47
68
66
48
54
75
87
74
51
22
76
45
39
84
57
29
28
31
77
67
67
69
47
71
27
66
35
40
69
58
60
44
33
47
24
55
50
66
56
85
53
70
45
47
40
72
54
59
34
76
74
85
72
30
62
73
31
62
45
50
82
52
47
87
57
49
81
74
55
67
42
25
65
42
74
85
57
60
84
83
56
56
51
78
44
44
77
72
67
50
36
45
68
49
81
73
68
65
50
39
54
49
72
42
57
43
39
79
43
74
49
39
49
80
83
34
57
42
43
29
59
64
47
53
55
85
47
23
28
48
39
51
42
79
74
64
30
44
27
39
41
25
47
31
54
22
53
65
66
62
56
45
58
49
31
38
70
27
48
54
73
43
36
74
50
31
42
71
57
50
40
63
57
82
39
64
61
29
68
85
61
38
45
61
20
82
68
73
52
70
39
34
81
31
39
30
39
68
73
39
43
86
68
73
80
47
77
36
33
31
60
55
54
41
45
49
74
27
47
75
58
77
65
69
27
60
29
41
46
57
41
61
57
71
71
30
61
37
49
15
38
26
45
46
60
52
76
39
52
47
81
68
85
72
46
83
55
62
70
72
49
62
37
48
58
77
41
51
83
46
40
81
72
40
34
79
73
36
68
46
47
31
67
81
77
37
51
55
71
70
70
41
24
55
45
70
32
28
60
55
78
45
40
53
36
69
52
79
57
66
47
78
39
87
50
33
75
83
86
46
33
83
36
34
34
83
73
63
86
72
65
42
68
51
37
60
40
49
71
31
73
68
32
71
51
79
29
59
45
85
23
54
81
36
58
53
45
38
56
27
37
33
35
25
83
37
41
42
41
86
58
87
84
61
35
33
72
60
44
48
33
33
40
33
86
58
70
58
55
74
23
56
19
36
63
28
30
51
60
74
68
81
52
33
48
81
37
41
35
52
70
75
20
82
67
25
71
46
26
79
84
51
60
80
67
78
26
53
35
48
55
65
43
57
59
55
48
20
86
34
84
34
56
61
76
75
81
26
65
65
29
39
50
68
52
74
29
48
28
41
25
62
28
48
70
26
42
58
56
65
50
64
42
17
53
44
80
39
24
67
51
65
79
66
67
26
54
42
80
68
21
41
54
28
62
77
72
67
47
79
47
57
87
51
22
26
38
42
45
83
67
79
73
84
43
59
54
53
44
55
69
38
67
65
45
42
61
39
32
45
42
49
57
38
31
77
59
33
43
27
49
37
49
85
76
43
67
47
41
65
74
46
44
49
61
72
53
43
44
78
35
30
29
40
39
58
79
78
78
76
23
51
55
61
44
56
44
44
84
67
16
42
34
43
58
28
80
38
34
38
65
57
37
78
67
58
67
55
57
43
43
55
67
50
51
68
82
72
44
25
54
82
72
87
48
45
41
37
45
50
69
36
27
68
63
53
27
44
28
41
36
50
47
70
87
57
57
32
56
51
61
46
60
73
15
58
72
65
60
81
57
73
62
50
44
60
62
32
65
38
87
77
38
76
37
36
73
69
40
78
32
86
54
47
24
25
48
78
43
50
82
45
62
35
56
43
23
86
44
39
55
81
42
58
28
55
85
79
64
41
50
61
63
42
50
46
59
79
64
56
46
83
72
74
64
48
47
86
55
56
31
81
56
51
59
77
34
58
60
80
85
38
85
59
39
47
83
41
37
25
37
29
35
35
75
48
53
33
26
37
39
84
46
69
55
58
34
71
74
77
39
54
34
70
40
75
40
43
84
74
37
26
34
36
74
50
21
79
49
73
42
46
59
56
33
68
83
69
42
67
31
31
65
45
81
30
34
41
76
57
41
58
80
64
67
39
45
65
87
86
63
39
82
56
59
44
87
47
51
53
46
41
28
67
29
44
57
85
23
44
39
57
82
27
80
68
56
58
71
41
38
52
59
61
71
23
60
77
51
54
82
25
56
73
73
77
61
45
41
63
53
40
53
57
56
42
57
80
44
42
83
35
82
49
73
51
74
41
66
42
64
52
71
56
53
51
46
85
54
25
63
37
33
63
58
51
70
39
25
58
75
60
35
31
41
50
60
60
41
63
67
51
43
75
43
64
79
62
40
26
53
65
25
65
19
87
86
51
32
33
67
58
55
47
63
70
65
84
71
59
56
59
83
70
47
58
23
51
65
45
47
61
80
57
24
27
61
28
62
82
51
73
82
52
72
60
68
49
72
82
52
76
63
60
38
53
72
70
41
42
49
65
82
57
44
67
64
48
62
61
38
23
79
42
49
42
63
54
79
87
57
50
27
57
69
62
47
58
78
53
62
38
66
49
43
42
51
41
57
65
57
73
42
52
35
49
74
69
43
40
21
53
82
72
46
18
45
33
45
38
72
64
56
29
38
44
80
87
64
51
49
82
37
68
49
57
44
39
61
84
71
71
67
46
35
48
47
84
70
41
68
66
49
52
62
66
35
27
57
67
70
48
76
83
83
35
40
58
51
52
43
33
75
37
47
64
35
67
29
44
60
61
55
68
52
46
42
38
76
70
47
28
54
59
65
34
47
57
57
50
85
35
25
40
56
55
69
45
25
47
59
30
46
74
59
86
35
55
80
36
82
33
63
65
36
64
42
47
59
51
46
59
64
60
66
53
59
62
73
63
29
67
86
60
56
40
26
75
44
39
86
61
42
60
72
87
57
56
42
75
65
79
38
73
61
56
79
81
73
61
47
42
39
62
41
31
54
66
64
80
42
58
55
66
65
60
80
78
44
54
53
51
24
69
51
49
37
50
84
26
49
42
45
77
27
82
79
29
71
53
40
36
32
53
67
29
80
39
27
32
64
86
82
37
55
43
40
32
48
72
43
52
66
27
46
33
44
31
86
72
59
39
41
40
38
22
57
54
72
33
42
31
87
74
46
76
75
36
47
39
34
64
31
46
53
64
78
81
58
67
78
33
46
36
63
51
77
38
34
69
37
29
79
29
75
52
56
33
78
72
51
38
39
66
40
42
70
19
70
85
21
42
79
67
79
76
73
76
31
25
50
44
34
54
58
52
54
82
42
68
67
82
67
47
62
80
77
51
23
70
27
72
52
77
67
41
44
36
86
43
38
25
53
51
39
23
74
21
34
42
51
79
72
48
53
46
40
82
50
38
75
85
40
58
78
83
30
53
52
45
53
65
29
76
39
42
52
73
38
28
63
36
82
71
53
31
33
82
71
38
29
60
51
61
56
25
68
87
37
37
59
18
66
55
57
48
84
64
61
70
37
62
43
36
65
40
43
30
54
41
44
53
38
70
34
81
69
49
39
34
63
63
31
57
35
32
67
69
56
39
37
21
22
77
87
54
40
50
52
80
61
71
59
49
24
79
30
33
78
57
34
58
52
46
50
35
31
24
41
45
71
42
78
64
40
84
76
59
69
39
42
83
52
61
70
80
55
41
29
64
43
35
54
69
66
57
57
53
77
58
61
58
85
67
38
66
70
41
69
36
20
34
47
67
46
84
34
27
62
48
55
37
52
36
47
70
32
38
52
29
30
24
38
67
51
72
69
42
44
37
36
29
40
53
57
43
74
41
40
85
76
63
63
43
66
70
52
57
83
28
71
39
58
58
44
32
30
51
49
64
46
34
51
23
39
66
78
47
57
85
72
66
30
55
29
28
64
57
80
50
63
58
30
44
29
46
31
43
47
77
54
45
59
33
53
67
38
39
36
65
36
74
67
75
27
87
37
46
47
57
76
32
79
70
66
67
44
36
71
50
31
24
49
61
43
19
48
29
40
62
83
40
30
42
56
81
27
53
66
46
23
39
78
46
62
53
38
46
85
23
60
71
31
34
42
63
77
43
47
60
49
31
60
81
39
52
45
54
74
18
27
75
85
57
49
81
68
19
47
43
43
71
39
52
53
66
68
59
83
37
75
78
38
61
68
42
43
85
38
30
71
39
37
25
46
27
54
59
54
53
55
70
27
83
64
64
53
69
70
58
78
80
45
50
33
28
41
63
32
59
74
78
51
51
79
58
81
43
50
47
68
54
59
49
66
62
83
79
39
67
33
42
65
63
50
86
53
41
27
40
64
40
67
39
62
58
26
28
47
84
84
39
75
78
53
77
41
66
59
45
83
43
64
70
60
41
64
25
39
38
37
38
27
63
67
45
67
41
70
45
80
45
56
42
33
57
66
29
31
34
48
46
20
51
38
54
52
33
75
47
46
58
26
37
68
38
54
74
42
74
53
26
64
48
48
52
43
71
51
50
36
83
47
64
43
51
36
84
34
47
67
36
44
45
36
35
59
37
81
63
61
81
46
53
36
27
45
79
37
35
83
41
22
53
43
60
50
36
84
65
62
63
72
45
61
48
83
57
50
50
52
35
71
42
70
61
62
36
56
27
49
49
62
43
69
61
75
50
50
49
66
59
48
58
63
86
46
49
35
31
61
57
69
64
37
53
81
41
56
43
47
73
67
64
53
54
75
56
77
76
41
55
48
34
74
49
67
51
85
32
35
78
54
31
51
71
56
50
45
61
40
25
84
43
69
75
71
41
31
35
31
50
78
87
51
72
62
46
39
56
86
38
49
61
85
49
44
80
44
42
33
35
53
31
65
41
41
40
64
76
55
41
79
83
43
77
69
81
41
63
34
55
56
52
62
42
41
77
26
38
61
21
34
18
44
70
40
80
80
33
76
44
50
59
55
73
31
40
27
53
63
48
58
77
45
80
86
63
58
24
74
52
79
37
81
62
33
67
39
38
22
61
70
55
31
35
45
41
37
35
74
86
85
39
60
38
70
46
75
84
77
38
36
72
36
70
74
82
65
62
66
62
40
63
48
31
37
80
25
40
41
47
59
34
58
56
74
34
82
38
67
57
57
80
82
85
61
35
52
35
52
59
60
38
40
25
29
22
75
60
46
74
47
71
82
41
83
83
32
43
53
75
40
29
54
36
53
27
50
38
57
45
56
65
64
61
79
60
38
80
54
38
67
68
66
45
80
53
67
64
53
21
33
35
49
46
26
77
72
56
55
58
48
54
60
80
28
70
51
69
75
39
39
64
48
73
36
35
45
76
58
87
32
54
49
45
69
69
52
62
65
47
26
42
73
53
75
86
48
44
67
50
83
57
63
42
43
67
37
34
66
65
35
46
44
73
43
32
78
60
35
75
42
75
39
59
48
68
57
35
69
68
59
80
78
42
76
33
38
55
52
54
55
61
64
42
48
45
77
68
62
78
59
31
84
59
44
78
65
31
33
51
43
49
76
29
55
39
86
58
78
42
80
25
49
70
40
63
28
56
35
58
44
64
46
30
72
31
44
32
61
63
46
60
58
61
69
34
33
53
48
45
68
72
66
71
22
39
57
72
67
61
50
39
70
52
58
63
45
70
34
18
