3000
88
74
72
54
56
65
17
24
69
59
72
30
64
39
41
50
52
69
39
48
61
72
84
23
63
47
37
64
47
25
42
86
53
39
74
56
61
26
38
54
26
57
59
36
30
79
25
63
74
37
27
67
54
81
83
44
74
42
45
28
36
72
68
39
59
60
59
42
69
39
23
26
80
67
21
76
49
57
41
33
28
61
25
64
70
44
54
73
48
39
40
66
33
60
59
60
48
44
46
47
62
60
31
41
40
41
21
51
63
87
80
67
35
27
33
49
43
40
42
60
33
35
54
69
70
78
25
71
45
84
71
39
42
47
30
46
53
33
48
62
54
29
77
39
83
48
45
52
74
57
46
82
45
72
41
63
32
21
44
37
70
62
33
57
47
61
44
84
81
69
56
38
50
29
73
82
44
87
43
55
62
71
88
76
61
79
69
51
55
71
56
70
35
29
59
87
36
31
26
70
38
82
54
73
41
37
57
38
79
34
68
27
45
45
58
57
38
45
57
49
39
36
31
67
58
31
66
56
85
62
45
41
66
67
40
41
42
35
83
58
34
47
65
83
61
40
69
74
70
37
38
56
34
45
23
56
34
31
32
55
79
44
42
58
52
32
61
67
24
39
24
29
37
36
36
59
30
39
40
52
47
79
68
49
70
34
55
85
61
63
63
76
63
26
43
47
57
37
66
54
54
26
85
45
56
47
80
49
85
79
48
43
31
26
58
71
55
35
78
62
31
52
57
45
57
46
76
26
85
71
55
31
30
33
34
86
77
45
72
27
28
35
34
42
82
69
25
46
81
37
36
25
57
32
44
49
83
23
37
68
38
57
38
71
72
85
48
41
40
34
32
63
29
64
59
79
42
65
78
25
44
34
72
63
28
56
32
73
55
43
36
39
66
34
46
64
64
72
56
54
69
44
35
59
37
35
44
35
39
72
63
87
76
81
60
40
66
23
32
38
45
45
31
67
46
54
81
25
63
44
69
77
85
59
79
41
46
48
46
57
26
75
64
32
34
45
43
54
68
88
68
32
45
36
75
53
32
61
55
56
79
44
58
77
75
32
40
44
80
81
65
83
43
67
56
78
53
74
88
48
76
54
44
54
36
50
24
40
34
82
41
62
48
40
57
88
68
61
33
40
50
50
56
57
63
34
31
38
68
86
64
67
43
66
73
75
42
40
46
55
43
30
60
51
40
77
73
71
33
65
35
47
45
52
35
73
41
82
62
44
69
43
44
65
46
59
47
24
32
34
68
59
57
60
57
28
77
34
61
85
61
39
67
56
47
44
68
79
46
56
36
49
39
64
42
21
33
78
58
67
36
25
52
33
75
33
31
87
57
30
72
30
27
63
54
87
43
47
54
80
51
38
51
52
79
42
68
59
67
49
41
26
32
48
53
26
61
46
64
83
50
50
41
49
47
34
54
52
64
87
83
33
78
75
59
23
67
52
50
85
47
42
38
69
39
48
64
31
52
33
48
30
45
51
44
27
30
81
45
50
26
44
39
67
49
66
30
67
48
43
54
86
67
60
57
42
52
66
55
42
83
79
45
34
56
74
45
39
31
35
54
47
32
74
48
31
86
74
42
33
31
53
43
58
49
50
39
30
47
37
68
41
50
32
50
53
58
37
40
51
61
67
58
39
47
37
88
36
59
35
55
62
50
41
30
86
64
70
50
51
43
57
75
56
48
57
32
37
43
46
61
79
54
30
85
37
42
55
47
54
71
79
28
83
49
48
79
58
33
29
34
52
61
64
38
83
75
58
76
55
24
41
61
20
46
70
56
44
46
60
53
41
52
66
40
64
77
22
48
24
58
35
39
77
66
54
72
69
81
73
20
82
66
33
58
80
64
43
24
71
51
47
82
51
68
45
73
42
37
33
69
81
52
54
54
67
79
63
32
24
68
60
55
73
73
75
68
61
44
46
56
38
49
75
71
70
58
37
77
48
43
45
68
88
26
41
38
35
32
56
86
43
71
66
45
52
60
36
84
60
41
50
61
37
36
32
39
40
42
81
47
44
86
58
34
39
51
28
54
34
43
60
58
84
62
46
73
38
66
33
47
79
40
80
40
39
48
65
44
44
34
45
68
80
35
56
42
52
73
66
77
37
35
36
59
50
70
37
38
43
61
50
75
39
33
54
56
59
68
68
38
50
52
62
47
62
45
56
37
45
54
35
41
64
40
45
80
28
29
54
83
55
50
22
50
51
44
47
43
36
84
82
66
78
31
81
45
84
36
37
53
46
70
37
33
80
43
33
69
29
60
42
53
16
78
19
48
63
57
49
33
47
88
70
44
43
83
52
66
74
21
74
39
29
58
57
71
58
54
27
68
66
40
42
29
65
36
50
62
66
82
31
58
61
78
67
48
54
30
85
65
41
55
51
81
31
84
47
45
64
56
69
58
63
30
40
38
30
42
58
36
71
35
45
61
80
86
49
48
76
32
54
48
68
67
43
75
35
66
72
43
67
44
44
33
57
55
65
67
62
71
83
47
35
45
64
43
65
56
34
29
39
85
43
45
88
54
87
26
26
71
56
53
50
51
50
42
54
45
69
55
80
86
36
70
42
35
33
50
75
53
41
64
58
65
64
42
52
41
41
52
57
87
42
73
42
61
51
55
78
51
62
36
59
41
39
42
28
47
79
43
36
60
75
46
50
28
41
33
40
60
88
81
81
61
49
35
47
55
81
27
29
71
71
44
74
81
42
43
38
44
30
53
48
27
59
82
43
85
49
47
82
38
61
66
50
74
79
55
25
42
25
51
40
48
68
32
70
81
60
65
31
51
37
53
34
27
64
46
78
48
80
66
83
52
33
37
85
80
34
52
36
82
52
46
85
36
68
54
34
37
71
36
78
62
52
73
45
48
26
27
40
61
57
82
63
56
66
25
85
45
52
23
58
78
49
73
46
88
34
60
17
41
59
37
55
30
46
54
41
35
44
78
55
30
44
62
34
85
52
55
26
50
35
65
21
63
35
51
39
40
56
35
40
68
31
38
77
45
57
28
64
32
37
62
47
30
53
32
75
72
55
80
29
52
43
34
74
42
55
84
56
45
78
86
62
48
62
76
78
63
45
65
60
65
71
71
51
39
54
35
38
56
64
53
88
69
47
64
60
44
46
43
71
60
38
38
55
53
51
38
25
88
28
77
61
48
81
56
54
45
55
39
68
48
85
63
45
73
85
34
70
78
39
36
40
37
28
32
54
35
30
33
42
47
38
41
51
50
51
44
25
59
78
56
43
61
79
46
54
30
45
25
44
46
82
44
49
52
71
56
57
80
26
57
73
61
50
45
34
39
37
36
64
22
41
44
37
34
69
46
58
48
59
64
62
75
57
33
37
41
78
60
71
83
84
85
51
48
44
67
45
38
31
78
49
39
36
88
66
35
34
86
78
56
27
79
36
71
63
57
61
44
49
49
40
35
36
60
62
68
36
49
55
53
21
65
79
34
63
83
60
81
48
86
74
72
55
64
44
53
38
32
75
40
87
40
66
34
51
38
66
80
56
48
47
67
61
65
82
59
43
34
37
88
42
43
71
83
36
68
62
35
38
41
27
53
30
67
29
78
48
32
55
72
66
53
29
17
84
52
37
41
73
64
58
33
40
68
31
27
25
84
59
53
32
58
37
36
48
44
88
70
48
88
34
84
73
74
37
87
28
72
49
65
87
26
40
60
29
51
75
63
77
87
50
34
42
38
77
40
37
46
81
38
62
70
35
72
31
52
37
35
41
52
68
64
27
71
49
81
55
40
67
69
50
44
61
42
62
35
53
62
35
88
37
45
79
58
56
38
80
59
68
69
41
32
44
41
45
66
66
80
77
50
21
54
73
50
74
54
71
44
39
49
81
78
46
51
35
64
68
67
74
51
39
80
42
53
82
57
83
80
39
36
72
34
43
30
35
45
58
47
55
33
40
51
46
48
67
26
84
78
83
72
43
38
39
44
41
74
40
73
55
62
50
41
44
87
61
32
32
47
57
55
37
81
57
62
51
82
76
43
32
41
41
56
22
54
47
55
43
59
51
70
78
60
30
39
32
46
51
47
66
65
70
66
33
41
52
58
48
37
41
41
53
37
45
42
27
51
51
77
32
80
50
36
57
51
42
65
45
43
31
44
32
53
32
44
79
40
48
43
88
67
35
40
39
35
50
49
36
41
36
64
38
50
36
30
68
80
61
41
62
54
46
73
30
55
50
79
35
28
74
53
86
82
39
53
59
54
54
52
83
49
45
82
74
67
79
27
63
37
64
43
57
37
43
59
80
73
41
84
71
58
63
27
70
66
58
64
73
48
64
33
56
41
48
71
85
39
81
71
53
69
56
32
26
75
47
84
53
53
30
72
52
32
86
47
77
18
54
50
35
44
44
83
86
75
73
66
34
44
58
45
33
28
26
40
51
75
40
64
72
45
49
44
58
45
41
37
39
81
52
35
55
29
71
29
48
51
25
30
58
80
60
37
66
78
77
62
35
49
50
47
31
52
54
22
39
69
72
68
54
55
68
52
75
61
50
78
64
38
64
71
49
86
37
68
49
47
71
35
68
83
62
69
49
68
75
39
72
57
68
22
33
19
66
37
37
50
34
60
49
40
31
44
86
41
74
48
74
56
70
65
35
43
82
79
46
72
58
83
42
41
71
45
75
41
59
65
32
57
37
60
47
75
51
29
78
35
61
85
72
81
58
46
84
45
43
32
30
78
23
39
26
52
52
59
53
54
47
66
41
80
36
55
60
38
71
32
48
33
45
53
62
31
41
33
53
63
36
41
59
30
73
64
34
87
35
81
81
62
64
78
35
45
62
64
66
87
41
83
67
44
86
38
70
36
55
43
49
42
44
71
84
45
69
32
60
41
80
55
52
50
60
85
49
68
41
44
35
78
56
56
74
33
47
62
83
55
67
44
58
33
70
45
70
53
55
54
55
52
80
28
59
34
52
33
42
48
48
43
61
43
53
46
38
71
20
67
57
62
71
71
47
84
38
62
42
73
45
49
57
87
21
57
52
81
63
78
29
32
53
44
59
41
46
74
51
51
81
68
66
56
37
42
45
48
77
54
69
78
55
88
40
39
32
37
59
69
32
70
68
38
57
25
55
55
75
52
73
44
74
74
82
64
37
63
51
77
85
83
65
35
85
56
45
27
39
57
61
60
56
35
69
45
79
65
43
29
76
76
63
41
40
68
71
69
86
39
42
46
42
43
71
38
67
55
50
73
80
53
77
50
52
32
84
28
43
40
49
39
57
69
44
37
57
77
81
52
46
59
57
63
48
42
58
33
61
30
62
71
43
34
40
48
61
34
67
19
64
32
47
32
71
54
60
36
31
28
38
42
51
85
53
44
44
45
44
85
68
80
81
82
80
53
46
35
41
48
83
55
67
47
37
48
72
35
82
41
52
38
65
86
33
42
58
66
31
79
64
29
64
82
35
60
75
83
76
72
40
30
67
27
44
56
60
51
44
44
55
50
57
50
47
81
43
41
71
52
41
86
50
42
75
47
39
52
76
84
46
63
46
87
37
74
55
48
43
45
72
55
88
42
77
67
82
46
37
83
22
72
33
46
72
77
44
63
53
46
83
36
59
52
55
73
21
60
76
42
73
44
88
34
69
82
68
78
45
56
52
69
60
59
74
38
60
38
45
47
59
36
32
40
75
49
56
22
52
40
78
69
31
59
42
37
57
45
34
82
85
86
69
38
70
20
34
83
35
53
43
56
58
56
67
37
30
29
51
37
47
48
65
43
54
34
38
78
34
50
46
47
64
40
69
53
47
41
55
46
54
31
44
49
42
51
62
47
52
52
49
34
64
77
81
73
49
53
63
61
32
60
41
51
64
81
62
30
86
40
68
65
36
37
62
35
56
76
57
54
34
49
86
88
55
74
56
61
83
75
58
33
29
79
36
59
62
73
62
52
67
85
69
43
88
37
46
35
48
46
88
63
36
45
78
31
39
33
59
80
81
50
80
66
69
45
41
75
33
50
30
56
43
48
64
81
61
60
42
35
42
83
67
55
49
57
69
78
71
55
40
52
72
49
61
88
67
33
86
79
58
39
33
31
39
51
67
51
48
43
30
51
34
40
82
32
76
76
26
49
60
88
61
47
67
55
74
77
70
49
49
75
26
32
85
48
66
58
32
42
33
49
55
48
64
76
83
82
65
75
42
70
45
68
57
48
52
49
27
64
80
42
46
63
66
25
40
62
31
58
40
77
24
58
76
52
57
57
63
31
42
55
47
44
55
73
43
73
81
52
42
43
52
32
35
67
46
64
50
38
15
22
79
37
38
36
74
54
85
52
29
57
21
45
55
36
32
41
41
46
47
53
74
55
59
32
76
66
73
39
86
33
75
71
60
63
37
57
62
35
27
75
79
42
36
55
55
46
56
56
44
33
38
35
55
43
45
35
80
54
43
28
85
88
63
60
42
81
58
59
43
48
69
28
53
59
63
72
42
85
60
44
86
32
49
62
56
58
27
47
45
56
32
36
36
82
54
53
54
57
33
66
39
67
52
73
71
31
83
63
67
29
31
59
75
52
84
63
29
64
46
33
52
44
34
75
54
66
81
77
44
29
35
34
78
81
68
41
64
54
39
43
45
28
36
44
46
55
71
32
76
48
66
49
77
78
78
68
56
40
70
55
50
48
40
48
53
68
78
88
42
54
38
71
59
56
85
36
53
43
42
77
45
46
51
76
87
60
64
34
31
61
73
45
36
69
70
70
72
88
58
65
50
77
45
40
68
79
77
33
42
76
42
48
60
36
30
41
30
57
