3000
89
44
30
87
64
31
64
36
59
27
79
39
58
33
83
87
69
41
60
70
39
38
71
51
41
76
61
55
66
34
54
66
56
33
55
82
77
34
77
65
36
65
37
53
80
44
53
75
53
60
52
41
78
42
69
51
81
48
62
40
55
53
46
62
49
29
36
80
44
26
85
40
66
41
68
38
46
45
84
48
77
52
56
27
86
65
38
26
37
27
49
57
36
29
81
73
30
67
49
67
48
39
66
80
65
51
37
83
63
40
64
70
38
37
23
61
23
39
27
40
53
40
21
65
49
40
68
64
53
42
56
89
59
79
58
49
77
89
26
54
53
52
84
67
49
46
39
47
69
27
67
59
82
61
32
32
73
87
40
45
58
51
82
40
45
48
28
85
50
80
43
74
46
60
69
60
40
70
69
49
57
39
61
38
62
48
39
59
36
84
44
75
80
68
29
54
67
28
53
54
38
40
70
41
54
26
30
89
33
87
82
35
75
69
62
30
60
46
48
43
52
38
77
49
69
28
73
41
22
52
39
83
72
46
56
28
66
43
73
56
78
52
47
64
78
33
88
86
35
88
65
46
49
43
52
44
24
69
42
58
71
46
53
34
58
46
58
82
80
39
66
36
49
41
50
41
36
54
49
70
53
82
23
39
87
49
44
56
67
19
42
48
59
43
65
35
70
78
63
52
81
52
89
34
83
33
72
23
85
40
56
82
47
46
55
54
61
60
80
43
47
75
59
85
56
73
38
48
65
67
26
32
66
58
49
31
39
56
44
87
65
64
36
70
48
60
44
79
76
32
40
44
54
88
55
69
45
70
44
28
56
81
73
31
69
70
73
51
43
25
61
36
62
77
58
47
87
45
46
78
48
34
42
74
72
65
85
49
46
43
68
76
59
21
51
46
66
24
49
58
45
27
57
59
47
38
34
47
38
58
72
76
46
57
87
67
23
84
81
46
80
73
48
89
83
31
32
72
36
50
56
50
72
42
47
55
86
63
53
60
58
67
71
67
55
66
76
26
89
31
57
55
38
58
62
46
37
55
30
46
38
75
70
47
55
41
45
82
49
47
38
59
40
30
51
53
49
34
59
38
18
54
51
66
42
48
43
47
50
55
43
32
68
38
68
76
83
86
73
55
48
30
43
62
26
38
38
53
84
58
40
30
47
35
48
39
53
65
35
64
57
48
43
49
83
30
45
66
68
41
29
43
18
80
47
39
80
71
79
26
82
24
56
84
57
33
45
36
72
46
75
49
71
33
80
50
45
23
89
67
51
38
24
39
69
69
41
84
55
46
21
27
63
57
66
52
58
43
20
82
45
89
59
45
49
71
23
48
20
62
84
53
78
66
31
52
45
38
56
74
82
68
44
84
36
71
57
32
66
86
71
40
30
40
74
72
37
47
34
89
42
39
69
81
32
67
54
63
80
57
47
74
41
45
56
28
22
30
72
47
48
26
42
41
76
39
66
82
31
86
35
54
86
69
75
62
59
27
55
49
40
56
23
36
49
52
85
44
31
36
36
60
60
57
86
77
80
60
80
74
53
75
53
55
34
78
62
78
67
84
40
80
62
33
56
71
54
46
68
69
21
44
54
42
41
35
61
67
57
67
81
66
36
24
49
33
30
37
44
57
42
55
43
26
31
66
37
67
25
82
46
41
28
79
67
72
75
70
77
58
71
28
71
55
44
80
58
29
27
44
38
86
51
59
42
79
49
57
49
67
84
79
36
79
65
51
32
35
38
79
39
89
40
83
54
37
80
74
46
35
32
30
50
45
87
61
45
31
34
29
63
80
53
53
70
58
50
68
65
39
32
78
36
40
30
32
83
26
60
85
80
40
62
37
35
32
42
61
29
78
48
57
70
34
77
34
27
41
67
36
52
27
16
50
35
58
86
47
56
35
74
41
64
55
76
42
42
48
51
30
54
64
60
61
49
60
42
88
46
41
84
27
52
30
32
79
58
30
60
39
80
38
49
69
25
71
50
42
66
43
58
42
34
66
70
61
73
21
35
81
73
45
62
45
32
58
57
57
51
61
52
81
55
63
88
84
50
41
41
63
39
21
55
33
36
89
76
36
85
28
43
44
31
80
38
58
54
52
55
72
45
31
58
70
24
31
29
42
66
56
85
81
38
83
73
39
47
66
52
61
38
55
30
32
52
53
43
47
51
47
40
67
33
44
70
36
32
45
86
46
79
53
73
45
45
49
46
73
41
72
41
44
22
54
29
84
49
66
74
38
83
35
45
69
89
38
84
34
33
47
47
33
59
28
45
75
73
30
44
36
20
70
52
58
39
35
43
80
47
70
42
68
58
37
62
54
73
37
82
71
49
30
75
42
50
72
78
53
62
65
67
61
66
37
63
83
53
56
71
66
31
54
87
33
81
87
85
38
75
74
30
47
69
46
57
59
45
42
32
25
40
56
40
58
47
86
51
86
30
37
73
56
53
89
46
71
45
51
63
70
84
45
26
67
64
24
32
34
58
37
50
35
43
82
44
57
45
49
46
44
42
46
69
44
31
36
58
35
84
58
43
86
85
57
62
43
77
35
53
68
53
46
39
71
54
63
54
56
56
50
62
59
30
86
81
49
61
39
60
38
62
56
89
46
73
27
77
30
35
35
78
52
89
64
79
33
42
78
59
71
41
58
64
33
72
35
79
65
80
34
34
40
44
52
59
63
32
55
29
53
33
55
46
46
60
44
48
89
87
35
89
47
37
73
84
63
37
29
78
89
33
77
58
30
59
36
36
84
70
59
34
33
45
32
76
38
58
39
29
18
24
89
37
78
55
61
41
71
42
87
24
44
58
40
66
56
71
32
39
45
36
42
70
45
64
20
51
38
32
33
54
79
77
38
31
74
71
79
68
31
70
49
27
59
52
52
22
34
53
68
81
25
38
42
78
47
56
64
43
84
26
55
39
33
64
60
40
26
77
89
25
67
45
41
71
87
34
60
62
68
81
54
82
52
50
37
53
78
75
54
55
50
43
57
52
61
68
51
60
38
26
53
42
59
86
47
65
74
48
34
51
62
76
50
82
69
80
89
26
39
33
65
54
76
83
21
82
42
51
52
63
39
88
60
41
60
77
42
45
53
42
50
62
44
81
88
57
86
43
30
45
66
54
87
56
78
54
31
63
36
51
50
61
45
30
48
88
34
34
60
34
53
87
49
38
52
74
39
73
36
71
59
52
40
86
44
57
41
37
63
37
39
31
49
70
17
54
50
33
43
45
51
53
41
50
83
38
80
88
61
35
55
31
87
55
68
71
47
54
73
34
89
70
58
38
62
56
36
77
54
77
42
49
43
58
45
26
53
80
68
35
61
49
85
49
51
72
72
50
39
57
33
41
63
83
66
40
72
39
82
60
31
89
81
64
69
52
55
88
56
62
54
55
76
33
65
50
33
44
74
41
50
50
37
86
32
61
49
57
79
46
33
33
72
71
44
36
22
54
69
37
61
52
45
34
48
45
58
66
38
44
40
77
27
78
65
48
88
71
45
30
40
70
46
65
32
51
89
51
49
68
73
31
82
67
42
79
43
52
47
38
84
47
52
86
73
47
54
44
30
24
70
80
27
80
54
49
44
20
41
72
61
69
68
61
76
31
35
72
40
45
52
46
72
50
59
27
47
44
50
62
55
33
19
77
25
49
75
53
63
41
45
36
40
33
87
76
85
48
30
35
45
33
26
41
47
67
59
41
51
60
75
80
42
38
61
37
78
79
82
69
52
65
27
28
31
82
39
68
45
67
57
61
20
58
39
41
74
38
57
49
49
38
53
36
58
34
78
80
41
87
33
66
22
38
32
66
89
37
88
59
31
87
81
60
50
48
46
80
36
45
58
37
85
56
81
32
49
31
59
82
46
74
32
83
84
82
67
76
63
32
28
30
86
36
49
58
53
46
49
45
86
46
41
85
76
56
39
81
31
41
51
55
46
64
57
83
47
45
81
84
45
61
82
57
56
82
25
43
40
83
53
26
54
40
85
38
22
79
44
54
44
67
24
33
59
40
70
25
36
41
47
87
32
72
33
21
29
33
43
64
46
71
37
58
53
88
57
32
78
41
66
60
57
71
84
79
43
78
86
26
89
70
54
67
80
26
71
19
59
48
59
49
34
44
81
51
64
80
83
60
28
42
80
43
52
89
70
62
75
37
81
57
55
46
38
49
87
41
78
51
76
31
63
62
32
75
80
67
74
50
44
44
61
26
51
53
65
86
18
59
65
35
71
48
57
44
39
32
51
67
65
33
40
73
44
28
62
43
48
74
41
38
46
40
35
27
33
29
64
43
39
60
80
64
35
44
84
24
37
56
54
59
62
36
79
67
57
35
62
66
44
44
80
39
68
81
71
51
81
46
43
33
62
66
82
25
43
38
56
85
43
67
85
57
23
73
35
56
35
63
64
72
71
88
40
66
33
59
32
42
48
80
66
56
63
49
78
71
73
59
84
54
61
60
81
59
46
79
64
51
65
41
83
84
49
51
47
53
53
47
55
45
44
26
33
54
31
58
50
48
49
52
80
36
73
40
35
33
29
59
60
51
61
85
47
78
43
59
53
82
49
74
23
48
46
76
87
83
30
46
46
53
85
60
54
48
42
41
30
58
45
80
64
40
76
80
88
65
32
89
86
58
88
86
45
61
59
23
77
38
56
29
27
54
74
35
31
37
27
86
57
86
58
39
48
29
39
43
41
50
41
31
83
40
58
42
89
45
76
29
62
79
61
30
53
68
39
34
44
62
85
34
73
76
75
55
72
82
80
18
73
45
51
48
86
25
24
50
23
69
47
84
37
52
89
79
42
27
54
39
53
36
56
63
71
32
37
18
49
55
41
38
84
66
39
78
49
62
55
71
68
54
64
23
71
33
60
79
72
27
50
52
55
34
37
78
56
56
87
24
37
42
62
36
38
89
52
41
60
54
63
39
24
31
60
31
76
48
72
55
45
61
75
35
87
38
83
39
84
61
46
73
53
37
63
35
24
81
68
24
56
56
37
54
82
24
44
61
63
64
64
71
52
66
51
75
43
43
68
74
45
36
54
46
45
58
46
76
50
28
50
73
86
40
50
84
43
46
42
67
47
51
41
49
48
63
85
54
40
38
71
30
34
72
43
56
68
67
72
39
52
53
34
49
46
59
51
24
68
29
70
74
47
69
39
39
26
56
35
48
34
51
76
64
46
58
49
61
25
66
29
79
55
41
74
47
65
87
54
24
37
34
54
63
58
41
33
42
60
80
89
34
37
34
31
32
19
38
23
32
60
59
56
20
65
60
35
19
63
50
49
39
76
40
60
56
42
38
61
64
45
26
34
47
80
41
31
19
76
64
40
39
53
63
80
73
46
37
55
26
66
53
70
39
25
39
58
26
55
40
37
39
52
69
35
88
32
52
38
36
79
62
40
74
57
84
54
48
42
31
43
58
67
71
78
56
49
30
38
75
76
47
67
44
39
71
41
38
71
44
24
51
88
44
61
43
72
37
84
81
67
49
50
74
38
45
22
40
55
27
80
36
45
44
46
86
50
41
50
84
84
49
67
50
47
83
64
24
49
41
69
36
62
66
48
62
19
34
71
87
34
80
71
64
33
44
59
62
46
89
89
57
64
35
89
50
67
47
70
39
50
53
38
58
62
38
77
76
42
30
73
79
41
62
53
20
39
41
63
17
34
65
52
40
47
35
61
45
51
72
50
45
47
74
43
56
69
57
74
51
59
40
47
33
87
41
63
74
36
34
76
85
39
47
65
68
38
82
27
66
53
67
49
41
21
48
87
47
51
47
34
73
59
54
75
82
67
28
41
45
60
38
31
71
50
36
44
50
51
45
61
43
40
45
61
83
50
79
38
73
77
56
40
67
79
55
41
60
33
30
41
51
43
73
61
62
88
78
88
53
51
75
54
29
41
81
41
76
39
41
62
84
77
88
64
26
84
84
36
54
58
69
41
84
60
72
54
37
57
54
70
81
63
79
25
68
88
51
37
77
45
48
72
81
42
86
41
66
46
63
51
58
55
44
80
34
48
87
43
53
79
59
74
48
39
56
60
69
44
63
40
48
37
66
74
41
32
71
70
60
47
70
82
39
73
38
38
45
47
59
82
42
39
28
52
53
84
49
40
28
87
43
27
31
30
87
69
50
32
65
41
88
23
61
61
46
75
45
34
84
50
34
28
69
59
49
79
30
84
38
43
57
74
44
33
63
27
25
40
44
84
75
81
60
55
73
33
82
38
39
56
75
45
56
73
42
41
69
50
86
83
78
48
56
51
84
55
69
36
85
54
36
60
39
29
39
40
60
37
38
53
63
54
54
38
51
74
57
55
89
76
58
85
58
30
72
64
60
59
51
35
32
80
60
53
38
74
49
32
37
68
50
35
30
35
30
51
46
31
62
46
31
81
27
82
54
45
82
46
45
39
37
51
42
57
78
33
32
37
68
42
33
68
41
51
75
85
76
58
74
76
35
35
21
61
55
74
70
79
70
56
64
52
60
33
45
67
41
30
46
62
79
61
70
41
67
60
43
30
48
56
40
50
73
39
77
57
30
57
46
68
39
60
43
55
29
49
39
48
52
81
41
62
54
69
30
89
23
85
61
63
30
47
55
53
69
54
59
29
36
32
44
34
45
79
63
60
63
49
65
42
24
32
50
80
82
35
24
40
58
37
41
55
52
48
81
39
78
78
68
45
17
28
35
54
43
36
24
29
85
63
32
29
52
33
79
50
42
45
73
31
71
63
71
44
58
33
71
45
62
61
64
26
31
44
33
70
27
39
48
