3000
90
29
47
79
68
43
42
37
20
63
34
43
87
76
49
80
24
62
69
79
54
40
29
59
89
76
68
65
71
69
79
23
83
74
60
84
29
53
88
62
55
44
39
87
54
50
65
55
46
35
67
68
51
47
52
65
61
39
54
47
85
45
48
50
73
58
63
65
30
43
47
68
39
65
36
72
66
40
35
47
66
62
41
57
63
43
30
68
73
53
57
74
66
59
51
30
46
70
69
90
34
60
84
72
68
61
36
29
75
76
35
49
69
80
39
40
39
61
31
37
56
56
80
79
79
77
78
48
68
65
46
90
37
31
36
57
46
37
72
48
75
26
47
38
54
32
76
51
46
32
56
48
75
64
38
75
57
43
30
38
90
34
47
83
75
67
57
50
33
88
43
53
79
56
63
60
65
41
55
46
33
71
34
25
51
85
47
71
34
86
53
40
28
88
42
48
32
68
33
39
58
69
47
63
37
68
40
41
30
45
62
74
32
34
54
63
56
28
73
45
70
88
29
70
34
90
66
59
28
33
33
32
50
41
66
20
24
53
52
66
66
56
61
37
57
53
38
55
58
33
60
51
61
61
64
40
32
33
51
88
29
85
27
40
43
43
32
47
53
38
45
32
88
28
69
44
68
50
71
22
59
49
83
66
36
31
38
30
87
52
52
87
65
45
72
90
43
62
65
43
90
70
68
75
76
62
80
85
31
41
39
83
65
34
57
76
55
80
55
76
64
77
51
72
64
28
48
71
36
85
55
66
45
84
50
38
29
86
62
55
44
37
51
90
84
40
43
35
69
71
25
58
62
36
52
70
59
56
87
31
50
89
37
35
46
87
81
32
65
63
28
36
24
77
42
44
72
86
53
61
48
36
23
45
36
38
58
37
34
53
75
35
83
55
34
50
41
51
50
44
32
50
58
46
51
35
60
41
88
31
36
69
59
50
65
80
59
64
67
47
52
88
48
48
55
75
87
70
43
50
39
37
53
47
56
67
71
50
75
85
51
47
39
57
27
71
62
85
23
30
56
35
65
58
51
59
48
36
55
38
39
67
75
40
61
36
87
65
68
50
61
54
90
45
51
78
47
79
49
42
26
63
64
77
41
81
32
29
46
80
35
51
58
46
86
62
64
67
63
39
69
58
76
44
39
51
36
68
40
33
45
68
48
66
40
47
85
75
37
82
60
65
54
46
41
83
63
62
49
46
78
54
46
69
55
67
82
62
42
80
26
62
81
42
38
35
38
64
31
47
82
25
47
82
49
61
68
42
84
50
61
64
47
50
72
78
60
68
74
85
45
86
65
60
59
64
46
69
36
35
42
85
51
38
46
38
34
62
41
36
37
42
77
51
51
56
53
83
76
27
77
46
38
86
77
43
40
74
47
46
50
56
75
54
25
44
56
41
20
43
26
38
67
64
42
55
89
45
44
33
67
38
63
74
73
84
26
39
51
42
79
50
88
49
46
40
77
58
46
72
55
86
80
48
49
62
32
65
68
85
57
81
32
39
29
81
83
41
90
37
90
65
69
49
64
58
37
75
63
53
59
41
45
41
51
34
51
85
64
76
68
58
48
67
71
47
62
65
32
76
58
43
34
28
41
90
70
20
74
43
70
59
80
66
45
90
44
78
38
72
48
61
89
55
49
33
74
63
40
46
70
61
75
33
61
37
42
86
43
72
55
41
31
44
71
61
71
39
83
36
76
45
78
60
52
77
86
66
34
62
69
58
34
47
58
53
54
70
72
59
71
53
50
54
68
52
50
62
63
44
48
62
67
55
88
62
71
40
53
56
78
75
27
88
43
38
39
44
19
33
45
40
56
53
29
46
34
24
43
81
67
77
29
55
68
43
60
48
57
40
59
49
40
68
42
75
66
38
71
78
51
89
58
82
53
30
60
32
88
58
75
33
54
76
43
33
43
63
34
76
54
35
57
44
51
50
46
53
88
75
65
24
79
50
80
83
43
37
71
55
86
44
41
78
85
37
69
71
60
37
84
40
57
43
73
43
46
29
39
46
74
41
44
70
56
76
66
48
49
49
67
58
48
66
47
52
80
41
56
39
48
85
43
58
54
43
48
76
55
35
50
89
53
29
64
40
27
56
69
90
45
30
32
42
61
82
32
31
38
52
27
49
35
63
77
30
72
72
52
43
66
65
41
74
79
32
38
44
42
29
37
31
37
65
49
53
70
37
44
40
46
32
73
39
35
43
52
42
30
59
38
25
26
60
73
46
62
33
72
73
47
75
53
23
79
63
63
37
36
62
66
24
54
65
38
35
72
61
48
52
61
29
49
66
56
26
64
80
40
42
37
39
70
60
66
52
80
52
48
48
36
37
59
46
81
66
76
82
52
37
78
35
44
21
85
51
58
75
83
65
61
44
74
47
47
59
66
36
46
59
53
60
60
59
85
70
27
77
60
52
44
76
24
42
48
73
55
33
33
36
54
42
30
29
40
72
69
71
65
40
41
35
65
45
56
39
84
69
43
79
86
46
63
52
24
41
43
46
56
87
81
31
75
50
23
61
43
71
70
70
44
68
64
52
29
52
64
29
29
65
48
33
42
42
64
44
80
38
32
58
66
40
75
77
30
64
86
39
71
48
53
59
46
35
81
61
24
34
42
50
76
62
89
34
53
77
33
72
50
61
52
39
49
90
74
51
45
75
59
57
36
62
35
85
74
72
62
37
42
84
70
68
44
77
70
26
63
31
88
38
33
54
89
55
41
84
74
43
32
58
39
55
60
70
72
46
40
29
89
39
79
51
41
56
63
67
78
32
47
45
71
32
62
53
41
44
70
69
78
36
50
82
58
86
55
50
48
47
69
34
67
74
49
77
88
61
53
65
46
45
25
24
16
72
22
78
75
44
57
44
79
45
40
35
32
57
43
75
81
49
46
83
82
50
52
75
25
84
51
80
44
64
80
36
37
73
65
43
30
68
74
46
67
82
58
82
80
68
47
56
27
67
66
79
42
41
80
40
75
65
36
45
50
77
44
89
39
38
60
44
54
44
30
89
37
71
85
74
52
51
77
90
51
48
64
48
42
56
56
46
89
39
30
41
26
88
31
28
84
89
90
41
35
60
24
65
58
47
71
49
75
27
36
41
51
41
52
69
88
63
55
68
46
88
74
68
68
47
47
80
76
30
42
55
58
47
68
67
76
28
55
78
71
31
51
40
40
34
77
58
32
37
42
55
70
30
40
78
86
32
40
49
69
51
56
36
71
76
38
47
50
67
53
64
37
28
41
54
82
56
35
61
16
35
60
49
81
87
59
52
49
51
61
49
45
64
35
64
25
41
46
85
56
49
52
65
49
37
39
85
73
37
47
32
47
78
45
35
39
52
72
44
54
89
31
27
72
46
30
31
65
62
45
63
54
24
66
46
41
70
47
87
57
63
49
77
28
76
87
59
37
68
32
55
57
80
39
28
46
76
43
58
50
81
83
45
61
78
24
34
80
28
26
46
31
73
51
68
81
42
39
33
82
74
53
32
80
54
56
54
37
37
42
62
28
21
82
43
33
27
42
84
61
37
46
24
46
48
37
63
44
56
34
36
39
60
76
34
67
68
50
70
39
44
30
32
84
83
50
62
74
46
29
90
60
48
54
32
27
55
51
37
58
62
25
44
39
45
34
62
37
29
72
27
79
40
29
37
42
74
71
61
85
30
40
50
47
24
30
39
76
58
29
28
77
76
63
51
80
28
64
78
40
44
63
28
57
31
42
85
53
66
45
38
84
89
66
56
68
38
47
64
35
69
83
64
73
44
62
40
85
75
61
74
32
86
63
59
35
34
44
56
47
66
48
84
58
60
53
27
53
61
42
50
68
37
52
66
88
28
75
61
52
40
52
71
49
75
53
18
56
63
54
47
42
90
31
36
42
44
81
64
32
90
48
67
45
35
78
45
39
45
85
63
29
52
27
64
44
45
45
61
68
32
43
86
73
22
37
70
64
65
52
42
62
81
90
77
81
47
48
37
49
57
48
87
40
69
78
32
71
63
48
41
47
84
49
77
83
78
30
46
32
87
64
61
39
68
80
47
87
30
71
34
64
58
67
74
39
55
86
54
29
40
57
39
47
47
47
87
38
70
32
46
81
54
33
31
84
33
56
40
69
31
60
54
37
43
28
65
22
27
43
85
61
75
40
54
38
50
69
49
65
56
25
71
56
57
30
45
25
84
37
74
26
85
65
30
40
35
31
45
34
24
34
69
73
43
76
74
84
76
69
52
42
33
44
81
51
81
52
66
56
82
34
79
20
59
36
40
47
49
40
46
69
21
51
83
45
50
78
49
54
59
50
39
71
57
61
70
47
46
60
78
79
36
28
41
30
73
88
61
89
34
70
40
84
43
41
73
82
45
37
56
64
40
82
44
56
41
75
46
39
41
80
74
49
80
66
42
69
90
60
85
55
52
63
52
56
73
22
46
44
38
81
46
64
53
33
60
44
87
48
34
54
58
72
83
76
54
60
67
71
89
26
47
42
41
63
30
43
82
69
80
37
44
51
67
70
88
84
19
83
49
49
40
65
50
58
49
29
46
61
30
54
41
21
36
75
80
50
80
76
31
76
57
45
50
44
70
63
65
20
64
49
54
78
50
57
52
34
75
54
35
43
41
44
31
59
46
72
35
67
28
76
58
39
21
41
63
40
26
59
58
27
29
61
62
82
33
73
68
47
76
84
29
26
31
70
48
36
81
34
56
57
63
89
38
73
50
54
47
35
74
51
84
69
44
57
49
59
85
62
62
37
46
23
42
66
34
28
56
29
45
67
29
40
90
67
51
56
48
24
60
77
52
71
84
67
81
90
44
33
58
61
48
50
27
57
45
62
76
71
41
29
58
90
62
41
82
77
50
30
66
79
69
40
48
41
68
68
74
71
81
45
61
61
88
41
44
41
37
35
64
62
37
69
42
70
40
48
77
44
52
47
79
81
43
69
59
53
58
39
86
65
53
33
35
83
49
88
31
56
58
54
53
81
54
72
50
36
57
49
37
35
42
53
71
73
44
63
80
53
74
54
74
54
39
60
50
51
78
40
59
76
76
69
46
52
52
69
57
69
75
39
64
75
50
55
52
52
27
60
66
83
30
86
57
63
50
36
69
41
40
67
45
63
59
53
33
52
35
87
63
50
52
42
43
34
62
85
82
66
32
48
60
88
69
59
67
63
44
72
63
77
47
39
51
30
22
43
59
32
57
50
55
27
33
27
34
59
58
68
58
27
66
64
48
70
64
52
61
65
44
44
63
72
35
66
55
78
41
41
49
55
81
59
74
52
50
57
90
68
39
39
78
82
42
58
53
51
36
30
38
79
24
37
39
61
35
32
43
83
51
63
40
46
43
65
81
68
58
59
52
71
55
84
55
56
90
72
74
54
30
49
56
83
68
75
42
68
65
49
31
46
60
60
74
61
36
40
29
41
42
56
25
81
68
35
29
73
89
78
75
58
59
53
26
68
80
46
76
54
60
37
47
61
30
82
38
45
45
42
40
69
88
33
44
50
81
59
89
54
56
37
49
66
71
55
24
34
42
58
60
67
63
50
50
61
48
41
77
50
41
58
43
77
86
88
34
55
40
52
80
80
81
84
56
31
83
38
58
31
67
48
69
51
45
87
57
58
68
48
34
76
40
40
31
68
77
30
47
69
64
47
55
87
47
59
78
81
25
75
45
85
67
79
86
78
57
61
44
79
26
50
59
62
54
34
63
68
41
26
64
60
63
30
39
19
73
88
46
79
81
20
30
88
50
47
52
90
80
78
43
87
73
66
39
52
34
69
33
20
71
48
29
31
31
43
29
64
87
70
83
41
52
62
73
77
64
68
66
61
64
81
37
58
66
90
29
44
46
61
65
51
55
74
55
42
39
56
47
77
88
56
51
56
76
25
31
50
51
55
60
62
37
49
37
32
40
82
36
58
37
52
66
46
83
29
28
88
57
70
46
32
53
45
56
34
58
23
62
43
41
38
34
50
72
46
26
51
31
46
56
56
45
80
43
87
35
40
60
50
70
83
66
59
61
82
62
42
54
41
56
69
52
33
50
59
68
64
60
53
39
46
51
66
57
59
52
61
39
65
37
63
86
65
30
49
81
79
45
51
46
76
48
50
56
56
68
69
76
90
42
31
66
45
41
90
72
59
68
84
51
58
54
69
87
57
82
82
53
36
75
83
36
55
38
49
51
22
77
52
56
77
77
45
38
69
79
50
62
77
88
44
73
74
40
42
40
88
50
49
39
82
46
77
61
84
30
58
80
38
24
80
46
29
31
81
57
53
78
32
45
81
56
67
64
50
85
50
53
28
32
54
44
46
36
50
46
45
90
64
55
27
50
66
79
40
28
37
52
63
62
65
49
75
40
71
43
48
53
41
63
68
88
49
38
54
66
60
43
61
52
69
37
60
23
77
69
87
29
54
24
56
27
89
72
22
44
28
42
36
54
38
49
52
69
83
44
87
54
49
43
41
73
68
25
44
79
50
67
37
77
56
50
56
79
69
69
40
78
46
55
59
49
39
34
68
57
80
39
45
42
54
50
64
27
85
64
62
55
87
48
76
53
86
46
56
78
56
44
41
70
54
60
58
68
90
49
79
77
62
62
34
33
60
90
39
53
65
51
49
75
64
59
48
72
57
28
51
36
36
73
47
58
70
58
61
60
67
74
39
51
66
29
75
48
76
84
56
78
70
44
66
63
47
38
24
57
84
79
56
86
38
50
73
28
51
64
56
77
36
26
45
49
63
84
83
36
33
69
58
46
35
73
38
50
87
60
78
