3000
91
56
83
76
83
71
46
76
25
91
87
83
56
55
40
28
61
88
26
41
68
34
80
51
61
64
84
48
41
73
24
60
49
83
25
51
81
52
70
24
64
62
47
80
45
34
45
30
43
85
86
77
77
28
40
47
76
71
42
38
70
63
76
37
79
65
54
31
40
47
43
49
76
41
47
66
33
74
45
62
79
32
80
73
75
46
81
35
91
59
25
40
72
82
57
23
27
81
80
20
80
51
45
89
90
25
48
53
56
89
70
42
78
87
25
64
69
85
50
34
51
87
58
86
69
32
60
84
81
56
80
85
35
59
73
39
55
74
41
55
29
57
58
44
39
72
35
70
47
79
65
81
89
86
61
68
71
72
59
80
85
40
40
25
76
50
54
62
57
78
36
40
58
37
60
59
82
66
57
54
85
45
47
33
57
51
86
66
35
82
33
47
81
64
68
73
30
86
54
33
32
66
36
70
87
87
55
58
66
69
53
90
33
54
83
51
42
25
30
37
60
50
46
47
66
64
42
79
50
37
64
87
87
45
36
37
65
43
56
43
46
38
43
52
68
65
68
37
60
56
43
52
50
50
77
48
37
75
81
49
54
54
57
58
47
90
29
44
86
69
21
80
49
47
47
56
88
42
80
24
58
75
47
40
73
51
63
30
44
73
40
35
68
35
91
86
58
31
70
68
57
31
44
38
51
55
60
72
33
39
58
71
37
58
31
40
41
60
40
36
42
34
29
90
32
56
54
70
71
82
68
82
49
43
69
35
57
82
49
52
49
53
42
42
60
61
64
53
59
52
36
34
53
54
64
55
89
44
58
74
85
63
47
41
73
60
64
46
79
48
82
29
35
65
61
78
86
32
29
65
89
53
79
54
48
75
85
58
72
40
91
61
60
91
80
52
48
27
32
66
46
51
45
54
28
38
43
71
90
64
88
42
60
66
90
36
58
61
64
70
67
41
55
35
45
53
37
30
79
79
78
46
53
70
45
19
44
56
36
37
58
24
42
57
46
71
57
31
51
29
53
52
83
57
88
57
54
28
39
80
71
68
55
81
49
49
69
25
50
78
48
77
51
44
89
43
39
58
72
29
46
40
45
54
82
68
36
58
46
74
60
88
60
65
49
42
24
55
63
37
62
25
65
34
66
37
59
81
73
62
31
61
64
31
87
76
65
85
75
42
62
62
42
59
26
49
90
44
56
54
80
54
66
61
30
31
45
28
50
29
48
77
82
82
73
60
79
40
23
67
65
48
41
83
46
81
33
49
61
83
71
48
46
37
42
51
74
75
33
45
57
34
57
24
38
37
67
30
72
81
65
58
55
48
31
43
63
42
84
28
37
29
35
63
63
23
45
20
60
68
55
58
40
77
73
81
35
48
70
82
36
69
73
53
89
26
91
51
38
76
53
75
90
48
37
67
48
29
74
55
91
48
31
23
84
58
56
57
37
69
31
39
84
39
39
31
37
81
62
61
36
78
53
87
64
33
81
29
45
60
68
34
72
33
66
91
62
89
67
60
59
50
85
83
55
36
39
46
56
51
32
91
47
67
53
39
73
71
62
85
54
87
39
35
47
35
38
49
52
91
37
51
35
77
59
51
56
91
90
56
52
45
50
30
33
51
44
30
73
74
53
49
27
74
73
34
80
40
74
87
40
65
62
59
33
27
22
34
42
48
25
45
62
45
50
49
63
60
85
50
38
30
63
69
89
70
47
45
34
91
32
41
85
43
32
78
43
43
45
47
40
46
88
25
41
46
47
39
90
59
78
61
36
43
64
46
38
46
46
83
40
30
48
80
79
77
37
53
54
41
66
48
71
53
43
48
50
42
75
30
87
27
47
58
42
35
46
62
44
52
63
58
56
79
36
29
91
78
29
42
45
76
76
32
41
66
42
37
63
74
63
58
57
44
66
69
38
60
52
32
64
33
78
47
67
65
75
58
30
88
50
44
79
33
82
57
88
53
41
44
40
80
42
53
53
41
54
83
40
45
70
49
46
32
33
78
66
19
59
40
35
65
90
31
78
69
47
58
75
72
31
58
63
49
80
40
45
52
91
56
35
62
49
38
33
38
80
78
50
58
34
42
64
46
85
84
53
84
46
76
37
79
67
87
63
60
61
76
53
73
73
22
30
88
80
65
34
47
67
47
32
57
58
55
67
63
30
76
32
43
64
90
67
52
55
91
23
74
54
48
38
56
56
47
30
31
66
82
46
42
51
83
88
63
76
84
33
74
43
48
81
57
37
51
63
60
55
69
47
53
89
61
49
69
75
37
66
74
41
34
74
71
36
35
57
60
65
55
49
61
62
51
43
29
84
42
68
51
53
39
36
31
43
82
91
66
86
54
49
60
66
63
59
66
47
73
47
51
32
65
45
63
77
51
75
33
56
70
42
84
34
59
58
61
76
42
56
31
25
54
57
68
45
84
28
60
87
87
58
41
76
34
79
22
58
36
56
75
74
38
65
30
47
29
56
57
50
40
54
73
41
54
75
37
67
60
47
72
66
84
76
71
76
23
31
65
71
40
76
58
79
44
57
66
50
31
86
62
29
42
56
35
47
21
53
49
45
51
69
58
84
70
49
68
49
68
91
59
36
85
67
40
89
80
30
44
85
69
66
80
64
83
45
29
87
73
42
46
34
48
85
43
44
57
65
70
36
48
87
78
26
74
39
35
42
52
52
37
31
56
43
60
40
42
53
80
52
65
46
79
67
48
64
47
72
38
45
32
44
72
33
64
44
32
30
78
74
76
41
73
33
47
62
56
60
77
32
49
69
87
26
70
56
51
84
50
54
75
45
43
79
42
35
41
48
86
32
64
62
45
23
48
69
62
44
41
39
51
46
73
34
80
45
70
74
65
42
59
79
60
58
34
51
50
83
87
47
56
67
74
68
39
27
51
56
87
67
40
77
75
40
74
63
68
45
88
83
51
70
47
71
75
79
90
78
86
32
73
57
68
35
64
80
20
55
39
89
70
60
46
53
35
47
37
57
91
38
57
54
62
74
52
83
77
34
36
72
54
91
69
42
47
82
31
47
36
44
69
35
70
51
62
75
33
34
45
82
75
25
51
52
85
67
35
69
54
40
43
43
85
32
41
61
46
29
56
66
42
55
87
60
81
74
62
55
39
65
37
64
40
81
47
65
49
50
60
68
29
81
41
74
76
60
45
50
39
58
69
37
62
25
73
50
69
50
73
68
62
53
77
32
55
34
88
47
75
89
33
68
80
38
66
46
48
81
48
67
54
49
77
52
26
78
43
72
48
56
44
62
31
82
76
49
46
34
56
67
68
53
49
49
54
60
57
24
33
87
50
90
76
65
56
33
18
69
21
24
58
35
60
27
80
43
45
47
69
44
39
44
81
46
49
42
63
32
40
65
33
43
58
66
64
76
53
45
65
47
70
66
33
87
35
73
47
20
33
55
58
46
47
30
42
70
31
35
76
50
51
79
53
40
45
35
88
46
55
45
51
47
64
76
35
54
85
27
40
68
81
76
69
81
60
60
38
51
72
86
79
56
80
57
76
48
64
61
59
57
26
64
46
87
71
48
71
42
55
35
84
40
49
47
84
75
40
33
33
37
77
53
76
73
58
39
80
76
45
83
54
41
87
46
50
75
79
56
67
74
77
61
61
44
52
81
38
25
59
55
69
57
31
55
66
51
80
51
60
50
82
56
87
27
90
57
34
53
63
62
69
44
76
21
75
89
57
47
55
75
40
56
69
73
56
37
61
69
60
28
45
60
81
81
58
55
49
65
39
42
60
42
47
65
34
53
44
36
51
56
55
30
76
80
37
54
54
82
79
65
39
48
70
50
44
62
42
51
61
59
38
45
69
85
30
91
40
82
58
42
79
52
88
56
29
52
89
52
46
37
45
28
47
91
65
21
39
83
43
55
83
36
89
46
82
44
34
54
77
88
49
73
48
87
78
61
63
52
60
41
46
58
78
81
30
64
73
56
30
42
40
36
49
61
28
55
70
48
38
81
52
48
38
51
52
38
41
32
54
47
83
78
39
72
39
53
44
37
74
76
47
61
23
67
61
83
36
54
69
34
72
52
48
41
60
42
42
41
39
45
44
43
79
57
44
16
72
48
91
44
72
25
44
87
31
49
41
59
54
71
67
54
52
70
56
53
37
52
60
81
41
69
56
65
72
60
45
80
83
26
32
52
45
41
39
50
67
33
47
32
59
88
48
66
41
41
34
29
31
40
72
91
29
81
62
27
67
56
60
32
50
53
40
72
58
46
34
34
49
77
36
74
68
35
41
49
68
43
51
51
58
33
46
62
49
27
36
46
83
53
61
32
71
58
43
70
46
90
68
46
57
47
60
66
37
46
66
72
40
58
32
69
45
60
50
41
46
75
90
57
35
62
77
89
68
41
59
67
51
33
82
35
52
72
68
74
83
53
74
52
54
63
85
28
68
30
40
36
24
70
30
60
22
43
85
55
37
54
78
77
50
62
30
88
50
51
59
50
49
75
85
67
73
29
44
50
70
84
43
77
68
70
44
63
28
73
43
51
66
30
61
84
70
76
64
51
78
51
59
43
48
43
22
65
29
88
30
24
43
41
81
78
64
42
39
53
79
45
41
74
36
49
46
20
71
52
39
61
43
68
63
30
51
75
51
37
85
34
38
73
87
33
58
45
51
49
84
54
39
76
34
57
86
65
60
66
70
39
37
42
39
59
50
44
63
42
57
42
35
81
51
55
60
59
88
68
59
88
34
77
70
91
39
42
59
81
23
30
67
29
33
40
56
44
34
45
87
82
59
46
53
65
69
46
77
47
38
77
33
54
56
52
80
31
65
48
37
49
30
77
30
47
76
33
62
88
37
46
59
75
81
55
66
83
50
62
48
48
58
73
35
58
46
26
60
62
70
74
36
75
78
83
78
40
70
31
40
40
50
46
43
79
37
48
70
32
55
61
40
43
59
83
58
44
58
42
56
30
35
44
75
46
70
27
51
81
40
69
56
51
73
72
56
50
44
76
38
33
81
16
44
60
41
76
32
47
37
41
45
52
50
41
38
39
82
80
47
35
53
66
59
42
49
72
34
59
54
21
45
57
57
42
76
74
29
45
68
81
79
58
81
56
39
33
49
66
63
31
61
66
43
51
70
43
53
83
63
64
29
81
23
58
49
58
51
36
34
35
34
59
72
62
52
89
47
89
66
42
63
61
87
53
56
75
41
80
47
42
44
63
55
38
85
91
91
46
65
56
66
74
49
58
51
47
53
55
81
84
25
68
51
84
51
75
64
82
78
31
31
78
65
34
67
49
66
45
59
69
46
52
68
48
55
52
56
58
68
76
38
36
35
55
67
40
49
27
46
68
49
67
88
43
68
33
44
89
39
58
30
32
62
37
49
36
87
89
46
80
52
43
52
22
52
77
85
63
40
53
59
34
44
59
61
62
54
50
60
46
32
54
46
48
47
70
59
55
89
63
32
29
32
24
78
91
30
54
91
32
67
51
42
33
71
43
47
50
56
57
43
37
37
80
33
35
78
65
47
22
67
28
75
40
41
44
37
85
90
63
46
30
51
64
67
43
45
37
50
33
52
40
71
87
79
79
38
73
74
81
67
81
27
61
69
77
89
52
57
52
45
88
47
75
49
45
69
49
42
44
81
26
40
63
45
36
59
63
45
60
48
31
77
59
46
70
49
44
84
70
33
69
75
42
44
58
68
68
67
77
65
57
48
44
81
52
49
81
63
52
58
43
51
38
75
64
56
78
91
73
63
58
75
46
81
57
66
89
68
41
59
34
41
46
40
49
51
40
52
91
70
47
36
33
74
47
47
86
39
42
71
30
23
78
79
69
34
28
52
91
72
36
65
50
63
81
85
60
40
71
55
55
40
42
72
44
41
64
26
25
43
74
59
54
76
83
53
37
57
87
39
33
26
56
65
44
44
37
61
71
45
90
68
70
80
41
43
79
49
31
32
58
71
78
39
72
21
50
40
39
61
49
48
52
66
50
53
62
52
65
55
45
57
61
50
38
37
90
36
54
55
46
53
72
38
46
58
91
69
75
45
82
39
53
51
46
91
73
56
28
37
55
62
41
87
41
62
59
51
60
77
48
69
85
60
49
30
40
34
42
28
70
35
88
78
63
59
53
65
53
62
42
35
61
74
33
49
58
85
40
42
39
31
44
46
64
88
59
53
90
30
72
91
33
46
47
56
84
77
70
45
22
29
79
51
40
53
83
52
69
57
56
43
52
74
41
71
31
37
83
61
59
90
89
57
49
71
77
71
24
71
34
31
39
63
43
31
47
34
69
51
49
51
41
36
80
69
66
33
57
72
48
60
91
80
70
33
42
71
36
43
52
54
73
28
47
45
29
57
81
33
79
39
21
75
86
69
33
36
73
61
42
51
60
33
65
57
25
39
46
61
65
39
54
57
25
49
48
67
40
25
68
32
73
27
68
45
30
38
47
49
89
36
40
46
33
85
75
38
32
59
32
76
90
75
64
88
29
57
55
61
85
28
90
64
68
76
31
88
82
46
38
66
87
87
48
73
75
58
29
52
39
51
83
73
66
39
53
58
41
44
52
84
57
74
74
70
75
77
22
33
85
84
81
67
47
68
52
62
45
59
86
26
49
81
29
69
54
46
70
38
70
41
30
82
30
53
44
47
36
50
45
33
91
75
63
67
27
71
47
41
19
51
57
30
67
62
82
53
79
68
67
43
59
45
44
42
50
42
47
79
87
61
49
45
71
90
39
27
70
33
54
85
83
35
54
48
59
54
66
44
32
56
65
61
50
