3000
92
66
40
33
39
91
44
36
71
44
45
67
63
45
72
61
67
55
29
44
63
31
66
48
44
84
61
64
61
88
84
32
50
35
23
50
67
63
65
79
58
53
35
24
72
32
85
61
66
67
73
71
87
35
74
92
37
77
41
34
59
58
40
67
42
69
41
89
45
51
50
75
28
59
90
88
44
43
80
56
46
37
78
48
50
49
50
49
77
80
45
85
30
46
84
78
69
41
45
85
72
52
46
47
27
38
70
66
42
29
34
35
36
46
48
53
79
65
46
65
46
85
75
43
80
76
91
58
31
84
31
33
69
79
29
65
80
39
65
62
71
71
51
50
74
37
44
67
57
41
60
55
55
48
51
50
46
88
57
67
79
62
92
41
42
61
24
92
59
86
56
66
53
59
90
58
65
32
62
57
46
36
70
55
43
38
85
90
37
79
62
43
40
81
80
75
31
22
45
49
60
46
54
48
35
66
47
39
62
60
73
34
33
40
73
80
30
70
46
70
57
83
51
40
27
30
55
74
32
48
40
47
31
49
55
39
68
73
30
67
81
52
35
65
41
55
91
63
46
40
68
89
65
72
60
48
59
38
70
71
74
47
47
64
48
37
57
29
56
76
50
56
85
66
42
48
81
30
25
92
74
28
52
67
70
77
70
46
24
56
53
30
82
41
83
60
41
55
92
61
65
45
43
36
62
51
49
47
37
63
49
76
69
84
92
48
41
51
30
70
45
58
38
61
70
48
87
43
89
46
60
67
38
77
67
64
36
60
49
50
35
41
61
50
40
77
54
88
79
67
62
72
51
57
30
43
79
65
60
66
39
76
64
91
31
83
56
50
29
50
91
32
47
42
29
56
58
39
59
49
85
92
80
22
74
26
35
70
62
35
61
38
39
49
66
76
64
47
92
76
45
65
63
74
63
39
92
58
48
65
72
59
82
62
50
87
40
50
72
47
40
92
82
89
52
30
37
44
45
43
56
53
30
70
51
50
31
46
46
54
43
46
49
62
39
65
39
76
51
62
92
84
65
42
41
46
55
37
45
44
81
21
28
37
30
82
78
41
58
29
45
84
76
37
59
48
65
49
32
79
42
77
73
46
62
39
49
50
34
33
49
54
73
51
59
47
55
52
46
91
34
66
87
44
42
35
71
57
78
37
80
79
76
51
46
28
85
29
53
34
44
60
45
35
48
86
74
37
48
51
40
40
64
59
31
43
66
71
45
35
78
80
86
44
56
92
33
71
28
50
33
72
35
71
43
63
84
51
50
92
43
39
34
65
57
50
17
39
28
41
88
57
86
74
72
24
61
39
38
78
86
32
52
63
30
56
37
48
82
32
42
43
57
54
38
84
67
47
27
75
35
31
80
60
53
60
53
35
54
82
37
29
73
26
53
71
42
36
27
47
48
49
32
64
52
40
81
43
43
44
28
78
68
61
68
55
32
64
87
47
30
78
88
46
31
66
39
69
25
49
59
51
84
49
40
36
61
89
84
73
28
74
45
85
62
66
62
79
68
32
86
34
90
88
72
79
59
22
50
72
68
79
33
38
48
72
34
75
38
53
53
46
80
74
69
56
39
77
81
64
42
49
81
45
63
78
39
40
68
52
80
74
40
46
65
71
90
38
32
64
61
86
85
51
43
52
70
78
83
41
46
37
57
88
32
67
71
65
34
73
74
91
52
71
41
56
67
48
76
60
79
86
50
45
70
42
54
76
31
83
58
33
39
40
67
51
52
70
83
50
53
72
40
32
56
83
84
27
76
56
56
43
45
27
58
32
61
55
72
90
92
90
55
68
61
75
48
68
58
54
56
74
52
22
29
27
47
79
60
79
52
40
40
63
35
43
33
53
58
75
66
67
45
65
63
45
37
37
44
59
35
62
91
34
89
27
70
83
42
39
77
51
82
52
60
36
90
60
61
60
34
59
83
59
51
67
35
52
72
68
40
42
35
81
72
40
48
43
33
59
39
45
41
88
43
69
62
69
54
57
63
55
16
61
65
38
61
62
58
87
48
78
67
33
90
54
48
77
42
33
68
60
22
52
62
41
63
28
50
92
64
47
21
37
48
50
68
74
92
78
47
75
43
44
43
86
39
51
61
55
54
44
40
45
49
66
61
86
42
81
37
71
58
66
52
41
64
46
82
70
34
49
75
92
35
59
77
81
65
60
86
47
27
68
38
75
47
88
87
70
80
46
41
66
37
55
66
67
35
30
50
76
60
40
52
87
52
63
37
28
92
44
78
71
80
33
31
61
73
42
56
53
72
29
44
74
52
62
31
76
25
75
79
60
43
55
36
73
33
35
48
68
42
29
76
82
42
82
48
37
63
27
26
58
45
89
57
59
58
73
48
83
59
60
52
36
45
44
43
69
50
43
24
83
44
47
48
55
58
92
89
36
46
78
56
40
77
41
74
59
70
48
59
69
91
83
91
55
36
49
46
53
65
81
54
54
22
67
67
83
70
65
66
52
78
60
79
67
39
60
40
33
27
32
52
75
55
70
63
38
41
51
87
48
60
63
36
57
87
68
62
49
49
50
50
30
38
30
70
55
29
47
86
61
39
82
77
40
60
55
39
35
92
50
59
45
48
89
49
44
40
87
88
65
28
75
62
58
91
57
92
48
43
42
89
67
57
44
51
48
34
74
37
73
66
87
30
47
92
74
46
86
55
85
68
27
60
47
44
55
87
83
49
65
36
28
29
84
91
36
54
60
37
70
51
29
54
56
80
66
49
64
38
63
36
55
80
73
62
56
27
56
27
30
28
72
76
74
46
60
61
33
75
80
62
34
88
69
48
52
53
47
43
49
46
54
31
92
26
42
87
56
56
35
86
88
69
59
41
79
40
81
44
64
36
66
36
51
92
34
32
48
24
59
60
43
38
86
50
35
53
84
63
62
70
34
54
43
44
39
34
31
32
29
87
34
48
25
60
55
52
44
80
51
35
55
53
62
59
71
55
60
66
78
59
44
69
58
38
37
51
41
46
60
53
68
52
70
37
87
49
86
78
58
49
57
49
58
67
74
65
55
92
37
67
61
68
61
35
57
56
75
36
58
55
75
62
85
37
46
40
53
92
43
51
71
62
51
28
43
79
45
27
60
66
72
43
45
36
67
29
49
40
49
88
35
35
92
37
78
50
31
40
31
65
31
43
59
86
70
59
50
49
32
54
74
92
68
21
61
88
32
68
52
69
47
24
30
64
77
55
60
69
49
47
87
51
66
51
46
32
67
60
68
54
42
44
62
69
73
37
70
50
39
33
53
17
33
28
71
36
74
49
70
47
30
81
76
86
71
89
56
41
47
56
44
51
83
33
32
32
44
71
40
54
40
37
68
88
30
56
36
58
82
59
78
82
82
79
84
40
68
92
57
59
66
43
74
43
43
37
86
43
61
32
44
27
72
36
92
90
29
47
76
61
84
64
46
62
35
57
47
54
66
74
40
56
87
70
68
52
77
92
50
51
69
49
71
37
60
44
48
73
52
80
84
63
69
73
23
46
33
70
48
63
46
70
43
33
59
72
43
68
74
33
81
51
25
70
52
39
40
88
54
69
44
44
26
77
49
89
85
72
76
47
44
53
63
42
54
40
54
71
48
34
81
45
39
73
69
67
32
63
68
57
72
63
38
51
43
71
83
38
43
72
70
76
63
64
33
27
92
39
53
73
64
77
63
56
68
33
61
57
26
84
47
90
61
60
52
39
73
55
37
62
35
33
51
52
25
37
28
83
91
54
91
45
39
65
90
58
44
56
42
65
65
76
66
50
54
45
39
39
69
92
36
59
31
85
52
60
65
35
44
74
48
87
41
78
45
46
73
56
69
87
86
52
78
92
88
81
34
75
43
84
69
57
48
46
66
47
57
62
50
51
40
56
78
86
67
89
53
77
57
44
42
46
61
30
46
74
71
52
39
29
88
52
47
21
50
31
37
36
58
50
73
67
57
78
91
69
39
41
84
57
58
46
41
86
49
65
55
41
44
66
71
58
84
35
70
90
43
45
36
63
57
50
75
57
92
43
48
23
83
41
84
88
46
46
37
71
47
45
79
83
45
42
31
59
73
45
43
61
66
58
41
92
41
64
86
67
31
42
65
32
36
55
50
79
40
55
77
81
82
23
51
62
80
51
87
43
31
79
76
35
33
86
45
69
30
58
70
41
42
30
48
91
69
76
57
48
81
55
53
58
38
64
43
46
50
39
41
45
41
57
36
91
51
36
45
41
88
81
43
70
92
47
47
86
50
55
38
73
50
56
87
47
38
49
58
88
60
44
81
63
55
80
77
86
92
45
63
44
28
32
52
59
71
21
39
55
38
51
44
42
33
25
68
53
43
44
82
29
72
86
42
42
33
27
91
69
32
35
79
66
79
59
90
51
33
44
46
68
82
84
34
44
49
47
16
67
53
79
40
65
68
44
45
51
67
56
46
43
31
54
49
47
65
69
34
62
33
41
80
29
73
62
53
85
81
71
77
77
72
63
56
35
37
71
27
90
60
52
77
42
70
69
33
25
25
85
57
42
89
36
86
63
37
76
57
36
48
79
54
38
78
61
29
47
39
80
49
71
38
45
30
66
78
84
63
66
89
91
60
25
35
77
61
44
64
38
27
69
68
80
39
47
42
51
43
81
73
74
66
75
44
64
59
29
48
73
49
53
37
41
34
53
85
47
45
74
60
49
36
53
34
44
57
81
75
38
37
48
29
49
32
68
34
34
45
51
61
44
67
39
54
89
38
41
42
29
45
59
27
80
41
45
53
43
71
57
52
44
41
49
47
85
32
69
55
69
34
64
50
23
65
70
23
89
74
46
45
64
72
52
62
72
75
42
62
66
32
50
50
92
40
78
89
50
88
42
72
49
53
63
77
50
79
75
55
31
71
37
22
76
32
35
33
86
76
48
38
29
32
50
57
81
49
73
47
72
39
89
60
49
48
54
61
46
42
45
47
66
78
65
60
65
63
90
91
73
58
67
55
46
72
33
42
81
77
33
28
38
61
68
60
74
66
65
57
67
60
70
39
49
78
67
89
67
50
49
38
68
61
62
44
44
54
30
50
47
92
35
50
36
49
38
60
59
71
86
73
35
28
43
51
57
51
47
51
47
44
64
61
68
24
76
72
62
73
52
87
90
37
63
57
39
49
51
32
66
51
46
45
35
48
38
41
23
37
51
60
58
40
49
41
60
73
41
32
56
76
54
49
61
24
92
30
86
68
51
57
90
46
78
82
73
47
73
87
59
51
54
91
68
82
48
51
49
37
31
36
46
81
60
58
54
47
62
66
65
41
34
80
73
44
50
64
77
49
34
49
36
77
77
68
75
52
77
76
33
80
71
48
50
37
35
33
70
71
70
37
33
36
92
54
79
72
22
48
75
80
37
37
83
61
62
59
37
62
88
48
45
73
62
56
25
60
57
44
39
33
81
61
39
35
42
52
38
80
91
39
82
48
43
36
62
41
61
79
83
62
84
61
45
43
47
60
64
42
59
64
63
34
55
90
70
74
49
35
90
46
92
46
66
58
79
44
65
73
37
63
40
75
51
39
90
32
79
89
64
55
38
64
47
78
56
35
31
79
42
29
76
78
74
46
22
41
69
64
82
36
76
61
56
41
81
67
43
86
41
78
24
75
40
52
89
28
54
34
82
85
57
84
74
61
27
37
85
62
45
69
70
66
47
30
50
47
48
91
56
20
58
74
69
91
72
59
44
42
41
81
45
31
33
77
49
49
62
45
37
56
54
42
76
56
54
55
41
30
68
51
42
57
86
68
46
89
25
53
58
31
44
44
43
68
49
48
66
92
45
44
50
60
30
57
40
63
39
76
66
81
46
46
61
61
52
40
65
67
70
38
61
49
56
77
84
54
21
57
53
92
82
54
71
67
38
56
58
57
85
92
42
29
56
43
47
61
54
43
78
28
75
56
84
62
58
60
36
57
36
43
73
57
46
45
57
42
39
39
55
58
22
77
73
41
33
44
43
57
81
55
32
66
62
81
50
36
62
32
63
48
52
27
64
79
62
41
45
91
59
52
52
40
49
31
41
73
67
83
58
48
91
39
35
76
65
55
46
37
66
26
58
71
36
83
38
64
68
41
57
42
53
36
83
37
31
37
64
30
56
47
41
59
75
33
60
45
68
79
40
49
58
41
34
86
42
45
64
56
34
35
64
40
62
63
58
42
20
52
74
30
64
38
89
68
37
62
66
43
30
57
44
39
65
65
89
58
38
56
64
39
60
42
53
44
49
87
89
46
51
37
77
32
62
77
87
88
68
74
28
30
74
26
23
58
59
47
92
67
58
67
38
38
40
66
64
73
60
63
81
62
89
53
60
69
89
92
55
27
31
36
34
47
57
46
46
40
47
43
75
27
52
79
47
44
56
84
51
43
92
81
49
52
46
87
53
43
70
47
80
43
63
80
33
35
52
59
40
41
68
84
48
27
45
64
87
68
73
31
54
40
29
34
50
47
41
54
38
47
43
60
57
51
54
40
37
68
75
29
63
60
46
51
68
59
65
55
82
85
90
18
72
56
65
81
38
53
57
46
58
29
92
73
59
67
49
42
78
32
79
28
44
54
31
41
75
87
79
41
88
53
57
29
59
57
78
65
80
46
54
81
84
34
85
35
31
72
39
91
73
43
31
80
72
89
45
82
80
73
30
75
42
44
39
65
54
40
30
29
33
73
60
58
81
69
60
69
64
53
14
56
63
67
89
76
50
45
53
57
45
54
58
76
59
67
79
66
64
47
41
37
60
89
69
53
73
50
69
38
43
