3000
93
71
89
76
48
46
74
27
63
66
61
36
48
37
37
68
57
34
47
48
29
34
47
78
52
42
77
44
78
69
36
65
23
46
74
64
49
49
61
62
45
84
26
73
78
32
35
52
27
87
54
71
92
92
93
66
64
27
86
52
53
39
60
54
44
56
42
48
91
43
55
86
57
87
56
79
62
57
44
60
91
70
42
42
51
85
71
40
89
55
51
51
54
67
73
56
67
76
72
48
53
37
82
58
45
89
62
57
46
73
38
31
74
50
74
62
92
50
74
68
44
87
85
86
73
55
83
49
50
71
80
89
36
64
42
52
57
73
64
89
36
33
62
48
31
48
79
79
64
35
77
57
34
41
50
55
52
51
33
54
50
28
23
23
45
26
39
54
93
40
44
77
82
38
44
65
49
93
30
38
89
39
42
46
39
59
59
44
64
76
74
78
43
76
57
34
44
78
52
35
40
43
81
76
51
58
58
31
58
80
58
46
51
70
65
40
42
34
46
54
86
52
35
92
45
36
64
54
57
87
69
47
57
88
68
69
48
53
61
34
49
72
80
47
77
25
51
50
66
87
66
43
39
76
28
84
48
57
56
76
34
51
43
90
54
62
20
46
79
31
63
72
58
40
45
37
85
73
48
63
52
46
32
50
62
73
87
73
29
46
85
72
42
41
36
67
47
48
40
25
47
63
47
88
66
59
49
38
42
32
38
55
60
54
82
72
24
44
60
56
78
34
53
35
37
47
86
41
46
63
67
32
87
31
46
62
81
75
38
56
35
42
47
77
48
34
54
50
48
53
41
47
71
54
42
67
27
81
35
65
60
91
31
51
51
58
24
87
38
35
78
52
74
90
29
71
36
84
83
49
39
39
54
43
70
71
54
45
90
39
72
30
56
59
80
32
20
52
32
45
32
82
45
52
60
92
44
63
59
92
68
23
28
80
75
76
70
47
74
69
39
65
57
70
53
61
67
41
66
42
88
43
73
55
35
57
53
43
38
55
55
57
44
45
50
29
46
61
69
51
32
47
88
27
48
46
48
80
64
41
44
57
31
85
59
43
74
82
36
35
76
46
55
92
41
35
77
37
51
85
78
90
22
62
80
41
49
82
35
54
93
30
80
47
41
61
42
85
71
74
37
59
30
30
67
27
83
52
40
43
70
72
69
53
27
92
50
71
29
84
31
62
39
45
79
41
66
91
80
52
42
47
36
73
58
39
57
38
37
27
38
74
76
40
46
61
74
58
88
30
69
69
37
28
69
60
60
66
87
88
48
49
32
51
45
67
59
62
46
39
64
67
48
40
45
58
58
74
84
48
77
46
56
83
56
82
33
51
76
47
66
90
77
49
32
68
46
58
89
41
85
74
42
38
34
85
85
73
40
51
50
74
35
71
91
45
83
45
64
59
80
35
36
55
52
91
57
52
70
72
39
79
60
52
46
46
66
72
57
83
67
31
66
54
51
65
46
84
88
74
41
52
49
51
62
36
87
59
45
44
76
59
32
46
38
31
50
49
81
74
88
69
66
66
40
53
80
83
70
76
45
77
89
46
92
55
66
53
81
52
27
61
66
19
59
53
49
37
34
37
71
76
48
74
80
79
75
62
31
81
81
84
66
39
57
52
82
85
64
78
70
45
32
45
71
69
85
45
56
32
72
39
34
62
33
52
51
66
56
41
52
46
45
93
29
47
89
87
47
86
41
59
50
61
74
77
55
26
51
32
89
57
53
42
31
85
33
71
49
77
56
40
93
92
84
46
59
72
49
70
44
67
32
44
31
72
67
81
82
57
87
37
38
40
57
34
58
36
52
63
67
51
74
42
45
80
70
93
54
32
87
64
18
37
82
80
79
28
51
58
61
68
36
90
80
80
40
34
51
80
34
90
75
50
75
35
63
51
84
60
30
92
29
55
49
48
71
53
65
31
54
50
93
93
41
42
58
49
39
77
63
58
84
79
59
87
55
86
56
68
80
30
77
39
65
78
87
50
60
85
53
48
33
35
34
58
44
65
60
44
61
65
78
24
36
41
42
47
41
58
59
58
43
29
92
84
35
69
54
64
37
91
30
75
39
28
73
49
46
53
47
41
79
70
63
62
86
59
77
31
41
59
70
47
44
67
35
85
73
57
69
57
83
55
47
63
32
47
64
43
52
50
53
63
88
51
58
74
37
58
46
45
90
49
38
90
67
90
36
33
43
66
39
41
92
68
54
42
79
89
54
42
70
67
40
55
45
34
88
28
31
43
44
92
86
42
27
69
47
72
89
53
93
46
93
42
40
26
60
77
38
80
81
39
79
91
46
51
78
61
63
25
64
26
61
77
74
39
46
75
84
50
43
43
44
57
57
82
35
84
31
41
84
43
35
75
92
83
88
72
60
38
45
93
29
35
54
62
58
79
39
65
63
44
85
28
70
64
23
68
57
66
85
43
87
35
45
51
63
80
44
93
40
45
74
44
45
61
56
46
27
56
79
58
77
25
61
82
47
33
41
57
52
58
78
39
41
62
51
82
82
53
63
42
49
65
42
56
47
42
27
52
71
89
57
65
56
36
28
52
66
82
81
29
36
53
42
49
61
54
55
39
55
33
59
41
51
77
55
37
65
44
90
44
49
41
54
46
36
33
24
56
58
47
86
74
35
92
56
50
34
90
68
89
79
74
44
83
72
27
54
71
53
67
69
65
74
71
44
48
65
70
40
56
56
24
52
41
64
45
69
71
58
50
30
85
59
73
73
61
53
63
39
43
43
51
54
91
74
37
70
71
46
45
59
44
43
72
32
75
70
67
69
88
69
47
42
67
55
35
88
72
34
43
67
57
70
59
40
70
54
34
47
82
43
86
66
90
51
54
77
66
46
34
73
37
73
44
49
39
67
67
46
64
74
72
41
50
47
64
87
37
28
90
64
55
41
41
74
53
73
62
86
56
44
39
26
87
61
35
74
73
73
90
34
44
55
58
77
91
83
37
61
83
30
53
42
70
50
50
56
53
31
56
42
71
44
90
65
60
58
31
34
51
37
31
45
56
31
70
37
59
51
46
60
59
58
83
65
44
46
45
87
45
47
45
29
62
90
42
58
66
37
84
63
75
63
35
41
85
65
52
50
62
71
86
46
84
62
63
43
48
70
89
60
46
31
45
73
51
75
62
66
59
66
84
87
46
47
36
77
62
55
45
69
93
83
42
71
84
56
72
84
58
35
35
67
72
27
56
82
28
67
28
40
85
44
65
70
89
33
38
31
41
54
39
46
30
31
56
35
48
45
66
53
29
74
56
48
55
45
52
27
38
80
28
91
81
35
91
39
70
53
43
73
33
53
33
61
37
90
61
71
34
20
46
46
28
35
70
34
38
23
50
65
57
47
88
40
90
72
38
88
90
57
39
66
39
76
43
41
63
29
23
46
65
77
39
43
60
56
72
44
41
23
47
20
62
75
45
90
53
60
56
50
78
56
85
37
45
50
66
78
51
46
86
75
37
82
28
67
60
70
25
59
42
62
91
72
36
54
42
29
89
29
46
32
79
62
34
54
78
92
38
38
91
53
28
60
39
59
48
55
78
39
30
23
91
74
56
64
46
73
64
41
83
57
70
76
48
20
89
52
75
90
46
59
51
64
71
46
31
50
61
69
82
35
46
24
59
70
87
46
71
51
30
58
81
67
36
70
55
80
57
90
71
64
66
66
43
61
55
84
74
38
49
76
44
48
69
67
67
33
43
79
59
91
26
46
80
55
40
63
47
27
65
34
60
51
40
80
40
53
66
58
70
55
50
89
43
32
73
35
39
71
34
71
69
39
34
56
49
65
30
47
67
86
37
57
42
65
89
66
89
45
66
73
29
45
74
39
67
83
79
54
52
86
22
62
44
47
32
83
92
43
63
64
70
87
47
58
83
44
92
76
44
54
62
44
54
83
35
39
68
38
92
27
25
66
42
40
92
47
46
77
50
44
29
49
87
86
88
82
56
53
79
69
58
91
79
46
53
87
82
56
34
29
57
66
61
41
50
27
45
34
78
40
74
62
39
43
48
51
37
36
71
82
59
57
86
89
61
44
47
71
33
78
47
79
84
37
35
41
90
68
64
68
66
38
60
75
89
72
35
37
62
59
86
46
39
57
43
72
65
46
45
65
61
46
44
30
38
58
36
44
46
40
20
68
24
72
73
66
85
93
66
56
87
52
75
42
41
76
56
44
38
45
54
81
52
32
72
41
52
60
56
34
53
48
32
58
45
71
68
65
45
85
45
29
53
46
81
73
57
44
47
62
36
55
43
46
87
51
38
39
43
78
46
62
72
58
44
70
58
85
49
90
43
43
31
38
64
37
50
56
72
38
91
37
27
93
89
53
60
65
18
64
81
87
84
70
73
50
44
58
67
69
63
50
85
38
52
25
66
33
84
43
87
76
72
41
34
29
46
38
27
61
50
69
84
67
62
81
39
44
47
38
74
47
73
47
67
37
39
66
30
54
74
60
44
43
53
61
49
68
92
61
61
51
67
40
61
79
32
67
43
51
45
41
73
40
81
37
48
76
52
40
57
34
46
64
73
54
66
47
67
93
75
74
53
88
56
85
37
60
80
51
47
48
71
43
36
36
51
23
29
62
42
37
76
37
50
25
55
62
40
32
86
30
63
75
54
47
29
65
84
67
58
47
62
42
53
84
78
85
34
47
71
25
66
45
85
29
83
60
66
72
44
63
32
24
34
33
62
40
29
83
45
54
35
55
68
25
72
35
62
60
90
76
81
64
30
67
51
73
48
52
64
70
67
71
71
49
59
75
60
63
90
50
84
92
46
77
67
52
50
39
48
66
78
42
33
44
44
55
33
50
50
89
37
45
76
43
68
86
71
47
47
36
54
80
56
34
93
77
37
19
30
47
40
55
83
53
30
30
69
75
50
34
56
66
71
38
82
88
26
58
49
74
55
90
77
41
55
86
40
42
56
68
32
50
60
92
64
48
49
47
79
27
91
80
85
78
74
64
38
55
78
88
58
56
46
54
49
89
49
70
32
74
63
47
91
92
48
46
69
51
78
92
24
52
80
44
42
57
33
45
71
33
77
67
56
38
93
61
85
36
68
87
47
46
85
41
69
58
66
79
51
51
51
71
35
40
44
58
53
81
60
50
43
54
35
45
51
79
69
90
91
52
35
91
54
54
38
83
38
43
82
47
62
28
81
58
59
93
60
37
93
44
63
58
92
88
77
88
36
58
43
91
44
62
51
48
38
31
24
48
73
67
35
82
45
73
76
41
72
44
69
73
51
78
50
55
49
31
46
50
60
87
63
51
56
50
61
84
51
32
24
50
34
64
54
27
56
40
80
78
53
87
72
56
91
86
33
83
52
70
43
31
47
26
31
32
34
64
45
85
67
35
42
74
93
86
66
66
44
68
40
57
48
87
49
93
93
29
54
35
32
75
86
75
75
57
47
45
54
46
74
86
39
19
43
55
50
79
51
59
70
59
42
54
65
28
86
33
85
92
55
86
51
40
55
60
79
28
46
56
39
32
33
45
36
25
36
53
42
83
80
64
40
52
63
38
79
57
77
83
42
48
33
63
63
54
67
66
79
44
90
68
65
37
79
38
87
73
35
46
53
63
32
62
35
76
48
71
50
41
77
38
41
86
91
36
59
79
87
71
60
18
72
51
85
40
65
40
63
61
44
34
86
50
36
64
61
42
83
43
65
91
79
34
93
28
47
55
42
59
39
51
47
23
55
50
76
60
30
47
80
54
44
46
63
53
39
56
58
71
51
77
64
61
54
45
33
76
80
48
53
45
90
29
83
47
92
30
37
71
54
79
61
47
93
38
25
24
31
56
76
48
42
49
39
23
42
52
49
52
80
85
88
82
51
50
65
40
35
42
49
67
67
75
67
33
71
45
57
73
49
26
76
72
41
50
43
57
39
91
70
49
23
51
46
78
82
80
43
53
68
35
92
81
48
82
84
85
72
67
51
53
84
34
45
76
39
36
54
37
64
73
56
80
77
59
50
82
92
72
47
75
55
62
40
75
40
54
67
40
36
88
70
40
31
41
74
57
41
91
53
50
50
88
28
81
59
48
82
32
44
79
22
18
89
42
73
51
58
52
32
56
70
91
81
54
32
54
37
37
86
50
50
41
58
74
39
44
53
83
59
52
22
43
45
63
61
66
89
89
84
62
44
62
59
36
56
42
89
32
75
67
58
57
15
35
61
46
90
77
57
68
82
74
41
69
86
69
91
83
42
33
73
50
58
41
86
84
48
34
92
69
47
87
32
56
48
60
54
52
30
57
70
60
43
56
58
66
45
44
75
50
61
93
47
38
91
44
75
34
41
46
80
47
38
50
57
39
57
68
37
41
50
24
36
45
64
72
44
55
44
40
75
31
73
51
65
45
28
43
43
55
32
46
50
74
54
63
80
82
49
31
88
57
82
50
74
36
45
35
65
54
55
77
87
36
80
65
57
89
44
84
48
93
51
48
46
36
45
74
93
55
48
42
31
72
30
93
67
59
72
83
64
51
61
74
79
83
36
29
61
41
65
70
81
39
90
60
92
60
62
87
50
57
44
50
83
57
32
55
78
91
49
87
41
46
58
66
70
37
27
57
80
76
35
79
27
67
85
76
42
40
43
29
57
51
32
61
39
50
46
81
39
51
49
55
32
39
71
88
71
78
21
64
83
68
43
86
55
64
45
67
41
44
53
57
31
88
64
73
47
82
36
26
76
53
89
57
75
62
42
35
52
36
70
93
72
79
55
32
57
71
45
46
73
61
70
67
51
90
60
74
46
84
