3000
94
67
38
84
55
57
91
75
84
58
28
45
52
30
49
59
72
23
41
79
71
82
80
54
49
85
26
47
34
77
73
82
41
68
69
56
58
60
51
38
51
41
91
52
76
22
69
42
76
63
50
29
48
41
46
29
48
32
94
61
68
54
38
39
68
56
48
67
58
71
50
56
67
70
57
36
36
34
87
63
87
66
41
47
63
33
54
69
90
42
36
60
80
81
58
53
82
51
78
38
35
58
71
29
59
84
41
61
55
47
79
60
76
31
52
26
72
53
48
53
31
40
83
48
47
37
42
71
66
57
40
44
40
88
27
81
37
56
29
72
85
89
40
75
72
48
43
59
53
68
29
74
51
33
68
72
49
83
36
77
82
77
90
60
58
85
73
46
46
51
70
41
84
70
32
66
68
30
41
73
22
39
50
86
58
93
70
63
23
54
63
60
52
68
86
30
52
79
51
69
43
45
34
79
45
73
44
63
76
40
61
30
91
63
58
48
83
34
57
38
63
28
63
38
68
89
72
85
69
89
44
57
42
42
57
67
77
66
61
47
89
78
56
38
68
19
85
76
33
62
66
47
72
70
91
47
58
53
74
31
44
69
69
51
56
54
60
46
71
78
34
75
48
56
75
68
59
46
76
72
46
51
72
56
42
57
78
57
48
34
51
88
39
48
36
59
34
52
36
52
53
33
93
75
44
74
64
53
83
64
80
41
54
47
49
91
46
49
60
40
45
29
70
86
55
38
82
75
45
94
57
70
53
52
74
42
69
47
49
73
63
45
70
91
53
50
26
60
56
53
55
65
56
44
48
28
44
29
40
76
44
54
62
38
31
28
35
67
47
38
29
81
73
33
81
58
42
45
59
47
27
43
55
47
60
45
45
65
89
48
28
65
73
38
50
78
84
56
67
88
53
36
53
74
51
41
61
65
43
83
54
68
22
90
57
54
32
58
46
71
58
27
33
49
53
55
49
28
40
53
38
37
30
63
43
91
54
78
90
67
89
26
93
57
76
44
78
34
80
58
42
42
48
44
40
53
65
30
44
55
26
50
84
46
62
57
57
40
59
57
35
55
54
46
84
59
37
30
89
39
41
36
31
82
61
51
64
74
33
58
35
48
55
92
47
42
49
32
53
43
73
30
73
77
66
27
75
81
37
93
82
54
76
58
62
26
51
68
94
49
85
62
27
34
87
62
76
34
49
84
59
40
52
68
62
56
73
68
56
78
79
60
46
68
56
48
56
45
79
46
76
72
56
54
36
49
52
49
55
94
79
62
58
52
51
74
52
64
84
53
51
40
29
43
27
92
34
61
87
40
42
39
52
48
36
89
43
38
39
19
79
50
72
78
35
36
47
60
62
91
70
72
73
32
40
79
60
33
83
58
74
47
75
75
74
41
33
48
65
37
90
81
89
50
67
58
80
54
66
91
42
83
48
31
42
62
56
50
72
77
81
55
52
57
58
43
29
50
39
39
71
92
60
60
41
40
44
91
28
56
42
86
80
47
88
46
57
29
43
48
83
66
80
63
78
70
82
46
56
35
33
36
75
53
94
87
33
66
26
74
32
78
76
47
42
41
77
70
56
50
39
40
45
48
64
64
92
56
50
52
69
87
36
58
43
65
46
51
39
85
69
51
69
70
47
84
49
90
41
48
67
67
36
35
67
44
62
80
73
54
40
62
56
46
41
67
38
43
44
89
43
42
50
40
82
60
56
39
56
34
46
56
39
44
79
87
36
91
36
75
55
74
65
74
47
52
48
49
61
42
86
47
39
44
42
61
62
37
54
26
90
80
71
94
29
48
62
81
88
41
33
30
36
64
61
40
44
79
62
62
48
37
73
35
58
78
29
44
59
60
76
53
29
26
48
41
36
49
26
63
65
63
91
60
43
66
80
39
77
57
50
69
30
75
37
86
42
80
50
35
45
62
68
31
52
42
54
86
91
30
47
79
52
50
76
56
74
94
49
87
49
89
42
71
78
36
49
60
34
56
57
36
70
29
50
41
68
41
83
71
44
54
57
62
48
64
48
55
39
60
77
34
43
33
86
32
40
68
36
39
63
41
54
81
59
39
72
41
91
48
68
80
30
67
88
63
42
51
46
32
31
51
62
77
71
55
59
34
57
63
48
90
68
63
74
70
78
72
32
72
41
46
62
35
62
54
53
21
37
26
28
52
47
42
38
40
77
41
59
35
73
62
73
48
70
45
54
34
64
43
39
68
74
47
70
42
53
59
32
44
56
47
71
55
74
45
47
55
48
57
49
65
39
57
41
43
39
69
70
69
92
37
40
25
49
82
57
78
56
34
69
41
37
62
74
65
24
90
42
64
44
44
35
38
69
89
82
70
50
53
85
74
75
31
38
57
32
67
70
69
64
33
62
34
93
80
92
53
47
81
39
28
90
86
43
81
72
33
76
43
41
74
90
47
73
48
44
76
56
55
38
47
74
75
87
69
66
85
53
94
55
44
73
43
65
77
48
33
72
35
28
59
57
59
54
35
52
41
72
42
42
66
80
57
71
84
89
76
67
83
59
63
77
54
70
47
83
54
38
59
39
31
53
38
60
58
49
44
46
56
59
79
49
44
53
41
32
44
92
28
92
67
33
71
73
34
91
38
36
33
29
80
48
43
41
46
55
27
34
72
47
85
58
46
47
23
40
64
57
55
41
73
34
31
44
31
84
76
63
79
37
74
44
52
75
48
77
87
71
40
65
62
59
54
81
32
59
68
36
38
86
44
44
44
70
74
37
82
84
51
45
50
59
34
56
52
58
29
43
94
34
47
94
39
67
61
71
71
56
56
75
43
73
27
37
92
61
24
58
23
80
22
56
40
30
82
84
35
34
51
47
36
55
51
54
91
45
40
61
38
69
71
44
68
38
52
51
54
42
57
48
64
31
86
57
49
77
67
73
50
51
34
59
63
71
92
59
81
63
46
62
41
28
48
27
60
69
78
44
34
35
36
37
55
87
58
67
84
41
91
67
49
34
40
84
90
41
59
62
70
47
35
44
42
57
52
60
93
30
68
55
51
75
59
59
42
76
62
52
33
93
66
43
29
73
82
89
28
80
38
51
74
60
40
86
91
74
92
19
53
45
43
71
72
45
77
70
38
56
36
82
66
36
66
54
63
37
77
76
61
72
25
50
60
29
74
78
49
30
92
41
40
57
42
50
86
73
37
54
67
51
72
73
92
64
47
79
78
65
88
50
72
25
68
36
67
40
80
62
70
49
45
72
70
94
44
32
67
71
80
47
90
91
43
69
84
89
45
92
37
40
28
39
35
27
30
32
23
64
72
36
54
53
61
60
62
50
56
39
76
53
51
93
57
73
84
86
82
35
58
91
41
69
86
45
36
68
51
89
40
71
43
69
48
39
79
75
77
74
29
53
50
56
36
70
43
54
38
69
32
47
58
61
56
41
73
91
45
53
54
86
72
52
91
63
34
70
83
52
65
76
61
61
53
67
48
71
47
66
20
68
72
90
91
42
49
67
40
40
34
83
91
58
84
72
36
80
93
88
42
73
70
70
60
57
88
88
90
65
43
46
72
83
56
57
78
59
40
50
68
54
75
87
43
40
41
39
53
42
84
63
83
36
94
69
59
77
54
50
43
36
33
52
43
86
81
84
51
69
38
42
64
72
69
35
60
51
58
75
56
57
30
58
60
80
82
82
28
58
58
65
61
41
46
33
83
94
21
58
33
69
53
76
42
28
26
50
71
48
55
59
87
85
47
29
28
45
29
76
42
45
38
77
48
49
58
57
41
43
42
65
87
24
39
22
36
65
74
69
63
44
93
44
72
52
34
81
78
47
87
64
91
67
35
39
78
81
68
43
53
93
32
50
49
44
44
54
61
55
69
75
37
94
48
88
47
54
69
60
73
85
54
75
45
53
94
80
57
53
25
53
69
31
72
68
35
66
70
38
30
57
49
44
34
53
66
68
49
47
78
83
81
32
32
40
70
55
48
62
67
42
48
59
48
89
49
43
30
84
86
53
48
91
53
37
25
46
90
39
85
32
87
74
72
66
44
68
76
65
43
44
68
50
52
69
38
93
61
76
64
66
43
66
77
92
39
48
52
64
52
73
72
94
68
47
56
42
36
60
73
25
77
38
94
77
33
26
74
51
50
85
85
37
42
83
82
51
53
74
46
65
83
70
43
41
61
74
22
54
65
30
47
84
57
28
87
44
49
76
25
61
51
86
91
43
59
42
74
41
31
89
72
62
43
55
52
35
33
75
84
25
34
48
30
77
42
82
44
34
69
62
93
77
31
71
69
27
62
37
42
87
33
48
72
27
40
51
43
62
55
84
88
93
75
67
78
39
65
47
52
86
75
40
69
72
56
57
48
70
52
67
54
78
74
48
46
70
41
79
67
49
46
67
64
75
77
39
73
91
86
68
80
33
58
93
68
40
49
70
42
46
51
54
38
77
38
84
87
36
36
32
43
85
51
88
33
79
32
58
52
68
62
50
71
58
61
39
47
25
45
77
46
62
47
45
77
80
51
35
30
31
55
45
71
47
22
87
91
41
35
33
63
78
71
58
59
49
50
56
52
57
75
25
41
73
86
60
48
65
80
76
43
46
58
49
80
74
50
43
78
83
35
51
30
80
42
64
49
38
64
87
46
51
73
49
69
51
43
51
41
49
43
93
85
36
85
33
37
49
66
47
49
68
59
60
46
41
63
37
61
69
42
39
94
45
67
50
39
63
83
50
29
57
64
44
58
48
44
59
91
42
86
72
57
84
52
37
52
41
66
81
39
40
67
84
37
73
25
19
86
43
76
41
44
85
53
38
62
50
38
46
32
80
90
53
78
74
55
48
40
40
73
83
75
50
84
69
40
76
81
69
82
92
49
52
55
33
51
23
50
55
55
44
62
60
44
53
35
40
75
88
69
46
72
31
76
64
41
39
33
66
78
52
72
76
53
26
65
41
41
79
83
41
78
37
51
76
37
56
31
49
65
61
62
74
60
89
44
78
48
77
55
31
51
74
81
86
71
54
64
75
46
91
39
67
91
75
25
57
27
62
80
59
39
54
46
34
65
53
29
31
48
87
62
72
57
64
43
30
45
46
38
59
59
57
89
91
61
27
36
91
57
68
47
27
50
54
27
63
25
66
69
27
50
75
23
72
50
33
64
52
68
39
43
72
38
80
71
73
43
80
69
65
42
90
49
87
51
75
59
58
69
56
66
40
86
63
69
87
60
68
56
74
56
62
25
73
70
45
52
47
64
34
89
89
53
70
59
72
81
68
30
64
47
56
48
27
92
74
87
58
91
27
45
63
47
48
36
85
84
56
20
51
61
21
27
60
36
92
45
45
61
81
28
43
41
32
46
28
56
56
28
41
49
89
53
87
84
51
82
87
84
69
42
50
46
67
31
94
60
79
75
61
26
40
56
44
60
50
78
41
94
76
45
42
52
38
36
62
79
71
44
86
44
44
64
84
70
34
23
54
54
47
43
62
67
50
75
92
54
39
57
48
44
81
58
86
41
65
90
59
93
50
75
37
48
41
72
57
38
82
63
71
84
45
47
37
69
89
36
84
68
59
33
84
72
85
72
50
33
51
39
70
45
29
83
34
41
42
51
44
72
55
66
25
55
69
51
69
83
39
72
40
84
64
51
82
77
68
45
47
66
56
71
66
58
89
41
88
68
44
86
66
52
64
74
91
37
86
67
77
37
52
77
52
69
56
34
63
54
69
41
92
90
42
76
39
38
45
53
87
85
50
59
79
61
37
77
85
63
69
44
65
72
78
47
67
32
91
52
39
39
33
42
66
33
82
67
86
41
42
48
58
47
47
40
52
74
63
58
68
61
35
33
32
58
46
79
75
40
58
46
54
44
21
64
38
82
78
78
46
56
64
54
51
26
87
30
78
45
43
66
88
51
43
49
92
81
61
61
43
93
85
34
61
58
60
86
66
39
60
37
50
72
17
62
72
75
42
92
42
29
53
50
71
71
63
44
38
52
47
52
29
35
57
76
36
77
32
58
56
49
74
40
42
31
55
17
77
54
53
35
53
44
50
72
28
42
44
69
72
52
57
50
54
42
48
85
77
41
72
25
69
90
37
37
43
94
57
79
26
52
37
80
61
62
85
50
38
65
47
81
59
73
84
85
48
50
41
73
39
74
71
67
48
37
19
54
71
38
43
55
74
65
38
75
68
39
41
68
78
33
43
55
55
61
80
45
87
39
37
36
49
62
49
65
87
77
83
65
67
36
86
37
72
31
87
66
24
44
61
46
59
47
79
46
67
44
45
61
64
91
51
82
52
54
40
74
27
82
76
34
33
63
73
75
66
65
47
40
83
46
29
92
33
37
54
26
39
44
23
51
27
54
84
63
42
58
85
42
52
82
58
40
85
47
26
52
47
63
64
65
87
58
89
32
69
54
35
43
26
64
94
45
44
35
72
83
34
57
85
90
83
29
93
70
65
71
40
54
81
60
62
89
25
35
41
63
27
83
70
40
55
70
59
40
85
53
94
36
56
74
66
41
63
47
35
59
82
93
32
87
64
70
55
93
30
37
41
84
49
42
92
51
24
45
61
43
24
41
38
48
35
46
44
44
60
93
42
33
78
53
64
41
66
48
48
63
32
60
80
92
83
50
64
43
61
47
32
40
58
56
37
71
52
55
46
19
69
71
94
94
55
46
41
81
64
70
83
85
78
23
23
73
48
89
42
91
38
56
35
33
83
70
80
57
67
40
74
61
67
79
33
42
39
28
44
48
45
62
63
34
63
43
36
26
86
30
49
28
40
