3000
95
60
79
72
43
94
47
29
63
59
85
53
52
56
52
43
44
71
56
95
61
35
92
43
86
48
66
46
29
46
40
71
56
32
76
72
47
80
60
81
22
44
34
55
76
88
34
54
56
58
66
93
58
53
60
34
45
91
50
56
40
46
91
37
64
46
38
35
92
51
48
77
49
45
72
82
71
65
86
43
65
46
45
30
40
45
54
67
66
47
40
51
49
89
84
39
87
76
78
45
87
40
52
36
70
39
69
48
41
48
60
90
91
85
91
40
50
84
61
71
47
77
45
37
80
60
90
24
54
82
63
29
58
66
66
70
50
41
55
69
70
57
33
92
56
30
68
54
36
34
54
68
74
69
68
53
48
42
68
44
89
34
40
85
73
51
60
83
47
67
37
77
65
42
88
83
79
58
58
52
77
61
31
55
68
45
73
84
73
61
44
34
48
65
43
48
38
37
65
62
53
62
41
47
27
55
82
58
46
77
84
78
76
60
75
66
62
58
61
63
91
92
93
63
61
57
75
46
66
76
62
45
64
62
62
70
86
31
39
83
75
60
38
74
67
81
84
43
67
44
70
46
87
81
52
47
78
43
34
84
37
27
95
33
50
62
84
60
32
29
78
48
52
29
84
79
85
46
83
58
56
94
52
27
45
50
81
31
40
26
29
46
41
88
19
49
63
58
85
58
46
44
80
35
58
46
91
83
65
76
47
84
45
81
44
46
37
67
93
59
45
46
70
46
42
64
41
78
66
67
36
65
44
54
38
77
63
53
47
62
93
85
46
72
48
53
43
74
73
59
27
51
47
76
66
79
24
80
33
44
51
36
79
48
47
63
79
41
44
72
78
46
35
38
52
42
65
79
44
29
79
52
45
56
38
57
41
60
88
27
44
77
63
48
90
41
26
58
58
41
55
42
52
80
87
79
48
29
86
49
35
44
62
61
91
92
78
45
68
49
64
33
76
34
65
35
48
71
47
48
49
23
88
69
70
45
44
74
87
54
30
49
52
57
39
32
52
38
39
49
79
43
52
47
94
40
70
59
43
46
73
31
86
33
58
72
49
65
59
66
54
31
27
82
56
71
58
60
60
43
55
76
35
53
81
49
89
88
67
49
89
95
39
40
68
46
39
91
76
41
67
57
93
74
70
23
77
52
95
27
82
67
70
75
50
34
54
58
71
76
66
58
55
30
31
95
51
40
40
84
65
56
54
47
48
56
55
35
38
65
56
58
76
57
61
72
38
61
37
58
68
46
28
53
52
40
39
75
76
82
67
66
37
72
48
43
24
68
40
86
95
42
59
59
66
37
56
49
19
43
40
63
44
66
54
61
95
62
66
87
60
56
41
48
42
38
87
32
85
56
47
47
89
59
56
54
49
61
50
64
93
81
90
40
87
60
72
44
69
41
39
49
48
35
56
87
84
92
35
32
46
37
78
29
39
91
53
64
58
76
66
75
32
34
88
44
68
66
67
51
28
49
51
43
32
58
40
47
43
41
83
22
44
90
35
79
62
59
71
57
80
71
35
81
65
81
60
94
37
36
39
44
66
48
44
35
86
33
50
85
50
72
89
51
51
31
63
34
52
60
31
61
95
91
46
50
90
77
73
76
83
48
85
50
89
43
70
47
49
41
83
90
78
75
88
44
49
59
74
62
32
80
95
24
41
36
92
87
61
42
69
90
60
59
55
77
27
44
33
31
66
45
63
89
93
81
52
59
66
72
85
50
67
83
36
35
53
85
50
40
71
32
53
47
36
40
44
69
64
83
51
43
67
93
56
34
76
55
89
43
26
39
50
57
33
23
63
94
44
60
41
41
40
32
41
45
55
43
80
88
77
78
82
42
36
84
47
37
76
78
56
48
61
48
44
79
54
59
92
61
50
26
80
74
35
79
76
28
43
31
85
87
62
52
42
26
35
55
24
80
40
47
47
37
46
44
71
68
23
35
51
70
77
85
78
45
23
70
44
27
44
48
94
41
31
43
40
28
78
51
48
55
69
58
85
40
72
71
67
40
33
78
25
93
83
44
59
41
34
57
51
26
37
27
64
59
75
59
42
46
73
61
72
46
32
81
69
32
47
24
90
67
64
32
45
42
41
53
46
44
40
67
82
47
75
70
89
44
87
70
57
73
32
92
42
91
64
58
52
54
47
49
55
91
45
94
29
72
74
67
43
71
95
55
40
38
73
63
81
46
48
48
58
36
91
58
63
27
51
52
53
49
16
90
43
54
35
88
56
44
78
53
48
30
39
31
58
75
31
66
32
52
58
84
68
43
37
51
73
63
33
58
62
29
53
73
39
37
51
82
23
75
46
80
45
75
24
35
42
78
34
43
31
46
69
41
51
39
62
33
55
79
24
39
93
68
70
68
44
69
92
54
52
89
47
89
83
38
76
35
52
54
44
51
88
35
77
92
59
60
42
71
74
77
62
86
60
48
69
84
73
45
29
72
73
39
40
72
63
43
47
74
32
29
51
45
79
69
53
85
87
39
90
80
27
37
91
74
66
78
61
43
47
60
89
76
87
65
54
37
50
44
45
80
49
59
28
34
86
41
39
46
53
86
59
38
28
73
37
40
56
35
58
35
57
74
53
73
60
27
48
46
77
49
94
83
55
83
75
68
45
37
32
86
65
74
77
47
77
67
62
54
71
49
43
53
51
78
93
70
86
82
42
65
82
53
43
48
38
42
60
53
60
90
87
55
49
47
61
43
64
33
71
50
69
35
52
54
58
22
37
31
57
43
59
35
34
52
44
64
89
90
45
71
74
85
51
67
50
78
50
54
63
56
87
19
59
72
69
62
40
57
89
95
44
43
86
61
46
33
40
42
55
56
48
43
94
57
26
72
47
29
84
88
53
44
85
47
68
68
62
65
88
52
62
60
50
67
42
33
82
53
58
75
95
83
29
60
66
62
36
50
26
77
35
49
75
60
69
48
74
54
85
56
91
59
67
53
40
89
47
55
34
66
46
38
39
88
72
48
67
52
41
39
43
62
76
31
50
52
65
50
47
29
59
43
94
44
83
57
24
70
48
46
45
68
72
30
83
64
57
64
70
51
53
69
54
93
61
83
48
32
53
64
63
95
71
78
70
29
44
37
31
39
78
59
52
40
56
67
51
41
25
62
36
89
29
77
60
68
33
54
92
66
64
33
36
80
53
85
72
45
58
88
52
47
48
41
51
69
26
38
38
84
48
57
92
40
41
80
64
61
70
47
51
60
32
72
76
37
24
50
61
45
61
59
51
53
36
54
35
41
34
82
54
64
50
33
61
59
74
43
68
57
23
52
89
31
42
72
50
60
45
83
79
81
61
74
53
31
88
32
51
51
44
47
45
32
32
83
56
88
39
27
35
48
30
63
50
83
32
25
83
39
57
39
47
47
50
93
73
84
47
47
90
94
40
37
33
58
58
45
64
45
88
94
28
38
44
86
59
39
71
49
47
88
35
68
82
86
61
80
66
37
75
40
69
42
78
47
41
32
54
58
70
40
27
39
28
87
76
46
72
65
73
61
49
67
76
62
61
61
38
42
35
59
82
36
77
50
43
29
62
47
52
90
46
58
30
65
35
35
42
41
40
24
40
54
34
54
39
68
19
86
56
48
41
70
52
45
62
58
41
35
50
36
58
51
43
59
84
83
30
93
95
67
73
66
45
65
32
44
54
57
84
48
32
83
51
57
95
38
40
63
95
57
58
68
41
70
35
42
49
59
52
81
28
44
95
50
63
52
37
52
37
88
60
49
88
78
48
51
86
39
25
86
51
42
39
55
64
86
37
81
60
33
66
40
57
39
75
65
91
41
64
59
83
46
64
60
74
69
24
45
38
74
37
42
57
25
47
46
80
59
61
94
47
68
75
49
37
47
24
59
68
53
52
30
36
23
44
24
84
62
57
37
59
73
51
76
46
82
50
73
55
41
56
41
52
65
43
59
28
59
49
70
44
61
48
62
30
88
90
70
43
66
43
56
60
91
66
48
70
43
85
58
60
26
74
60
47
64
38
31
54
79
36
50
85
54
42
85
51
40
67
58
44
77
28
77
63
95
50
46
31
32
86
69
32
68
72
89
62
35
33
74
41
62
65
87
57
56
23
78
48
71
82
67
29
80
84
42
40
90
71
64
41
72
81
67
56
67
55
76
86
61
93
55
40
71
70
57
42
39
85
60
49
42
70
92
70
47
42
89
40
57
33
45
61
38
80
67
70
37
78
93
52
29
84
61
43
88
86
52
52
52
48
39
80
69
62
40
69
63
65
36
94
54
53
31
76
72
57
68
78
80
78
82
50
62
60
65
39
68
73
59
62
85
36
77
30
42
55
59
52
44
61
54
68
47
77
43
64
76
54
40
86
22
56
64
83
94
46
55
71
90
62
52
60
70
40
84
60
74
54
35
59
35
43
50
60
33
36
80
34
50
57
60
71
61
52
72
44
77
39
82
68
67
88
36
61
62
20
72
34
55
85
76
77
40
33
93
49
75
58
53
61
74
54
39
48
68
72
37
78
55
78
46
93
80
31
63
91
39
39
68
50
35
63
32
71
71
49
30
44
43
80
56
52
54
53
70
49
51
58
78
88
34
60
67
75
87
85
71
92
40
57
80
46
91
33
76
72
91
60
48
54
80
85
48
54
48
83
85
38
72
82
84
55
56
61
87
39
64
58
43
72
62
39
41
87
34
95
56
34
40
75
62
37
74
44
54
47
66
44
40
38
56
84
64
83
40
48
53
69
44
46
59
92
39
32
74
36
47
22
33
73
90
40
75
49
44
35
70
58
47
38
57
61
62
46
34
33
58
44
37
78
90
47
48
44
90
30
49
33
44
51
70
35
29
84
67
36
70
35
92
59
44
68
71
74
52
36
62
64
45
95
23
56
42
56
83
65
63
64
41
92
87
38
53
39
42
51
84
88
22
52
88
50
27
77
78
87
70
31
54
52
52
55
75
48
83
37
87
71
40
80
51
42
63
90
56
95
47
47
87
29
31
30
28
86
57
64
74
67
62
68
66
50
40
84
30
42
40
53
76
54
55
33
26
87
46
32
61
48
46
48
52
52
42
78
27
74
67
84
67
90
35
68
49
92
90
78
70
78
73
59
53
38
52
64
33
51
63
52
43
88
91
91
80
42
62
79
52
44
79
73
30
39
32
65
41
51
35
51
54
91
39
21
48
72
93
62
52
90
81
60
83
85
37
45
42
55
54
26
69
82
66
26
43
75
41
37
83
38
81
74
31
65
78
53
74
61
90
78
63
77
41
32
43
68
77
76
79
87
57
36
22
46
40
33
32
30
51
57
75
24
32
53
43
79
40
31
70
45
53
64
54
78
46
68
41
45
83
35
60
74
77
60
54
45
94
71
58
60
66
61
74
26
77
34
42
43
66
42
92
76
65
78
74
50
89
66
54
78
57
40
81
35
84
48
71
65
53
60
32
86
76
58
76
73
52
54
63
65
87
59
44
95
90
85
28
78
67
76
53
75
21
58
66
67
42
46
94
93
68
27
79
71
34
43
23
51
40
49
39
57
87
94
57
70
54
38
41
62
42
44
49
41
81
57
57
77
59
48
74
68
85
68
24
47
38
68
53
72
52
34
47
92
38
54
84
75
32
91
69
44
62
75
81
86
42
71
29
62
52
67
63
90
79
71
46
40
60
79
62
70
56
70
36
55
29
75
46
39
75
79
58
56
25
35
78
82
36
75
48
58
49
89
61
77
48
56
47
56
50
41
53
79
79
54
72
31
20
35
30
43
42
55
71
45
54
60
59
68
56
29
77
46
43
46
48
49
50
78
36
37
79
43
68
67
48
65
73
90
65
65
41
55
56
41
59
42
67
54
23
72
86
80
39
76
71
80
91
49
65
34
91
76
74
75
42
39
48
46
48
73
39
56
59
90
54
79
55
73
75
91
90
95
64
76
48
60
36
30
52
85
72
39
52
78
33
78
76
54
73
28
93
40
50
35
61
48
94
50
44
75
30
68
51
69
61
52
66
75
71
25
95
19
82
59
58
41
81
44
48
58
75
65
89
40
69
41
53
86
49
46
65
41
55
85
73
81
60
79
51
67
34
62
72
64
47
45
35
43
74
30
73
30
67
72
39
82
59
69
54
41
86
47
54
56
54
83
72
50
47
93
33
35
26
45
78
61
73
70
69
68
55
60
91
43
38
67
81
75
24
44
34
74
47
57
82
65
77
31
56
49
47
56
31
71
40
39
61
44
42
85
67
68
31
32
66
87
52
92
65
36
42
71
64
71
39
76
50
46
24
77
63
37
59
68
69
61
69
49
73
29
74
53
89
61
70
50
82
61
63
75
55
82
36
45
65
83
33
38
45
75
46
95
70
91
54
31
37
49
56
35
88
56
60
41
55
90
90
59
52
39
77
37
63
81
63
54
75
56
39
55
73
68
51
46
74
34
89
67
49
84
55
42
42
76
95
83
81
52
40
30
85
54
62
80
36
95
72
63
63
55
90
43
31
37
92
66
63
72
82
61
60
63
31
37
75
78
88
29
69
70
61
91
46
75
80
53
42
58
80
73
57
52
48
36
52
82
59
51
67
48
59
61
64
66
74
89
48
48
89
74
58
51
53
54
84
53
86
46
89
57
54
58
47
73
65
43
36
86
54
52
72
68
71
51
92
80
55
37
46
29
88
69
80
30
66
46
35
90
43
47
60
59
82
48
57
41
27
35
67
55
78
40
83
65
76
39
25
53
72
52
49
46
39
57
24
44
73
41
43
26
34
59
43
35
77
50
28
41
75
54
57
49
71
89
