3000
96
32
71
77
56
93
43
96
52
52
28
45
71
56
91
96
44
48
81
39
82
73
58
24
53
83
68
85
51
35
82
38
51
66
86
78
84
30
92
45
51
24
48
55
28
75
54
27
29
84
86
77
80
33
62
35
80
60
27
44
59
55
60
34
86
73
45
69
44
84
42
43
39
34
48
49
55
84
43
48
43
43
39
75
42
86
42
39
53
93
48
47
64
44
93
43
51
37
87
58
35
78
55
79
79
83
34
77
83
54
40
41
40
39
64
64
55
49
58
94
81
96
36
50
50
67
42
84
18
69
96
58
87
36
47
47
83
45
50
79
48
50
50
53
62
58
60
60
70
47
38
88
57
58
84
92
49
73
32
75
50
46
48
77
52
90
49
56
37
51
40
37
94
30
71
34
46
55
42
50
46
72
51
84
67
42
83
21
59
65
89
56
49
74
67
93
79
53
54
30
78
83
39
82
50
65
63
38
87
27
64
74
36
42
64
50
61
40
30
44
55
91
43
18
66
47
39
46
52
66
69
80
68
61
74
68
57
74
61
69
49
84
86
84
54
91
63
93
55
43
59
86
75
96
74
29
58
49
37
36
72
34
70
51
45
57
40
56
71
40
76
57
75
43
48
53
29
90
41
33
45
44
47
36
40
78
46
68
71
44
93
96
71
77
92
48
43
50
62
52
69
49
68
81
84
56
48
92
43
51
86
91
43
87
71
84
55
64
58
55
87
84
57
84
40
65
32
85
50
84
41
44
96
42
46
40
33
53
73
89
34
53
53
59
60
43
87
33
74
39
79
45
65
95
57
96
24
42
96
58
62
52
73
33
55
91
52
90
90
27
35
32
42
92
73
57
42
44
53
53
79
37
84
45
48
65
85
50
31
37
54
58
47
54
56
42
54
64
62
61
68
51
75
62
43
42
74
29
96
65
34
62
52
59
65
60
61
72
61
73
67
72
89
30
40
46
74
31
82
41
51
62
46
73
58
78
25
84
64
91
60
79
69
38
44
59
45
58
48
35
81
28
54
63
61
89
53
36
84
40
42
54
48
90
68
47
67
83
48
51
41
92
29
82
53
68
57
65
69
33
47
95
82
48
50
68
84
90
82
36
78
42
83
53
26
42
48
24
44
48
56
51
77
40
60
52
46
58
29
39
35
24
27
95
47
41
51
64
40
81
49
83
42
76
57
56
65
68
51
65
18
38
42
64
91
41
77
59
59
44
44
92
60
47
38
34
40
38
64
41
81
47
51
64
81
65
45
48
35
35
69
33
41
60
81
74
49
69
42
36
36
38
62
54
59
53
43
32
46
89
58
50
35
59
20
48
83
66
55
42
73
42
50
69
44
40
57
67
62
36
33
42
31
67
90
53
28
91
73
35
33
93
69
82
38
35
78
37
88
54
60
57
41
61
28
43
72
47
63
52
61
55
64
22
29
47
71
84
36
80
65
48
92
42
66
35
58
94
53
64
42
89
44
45
63
78
90
44
36
26
41
65
92
91
76
49
54
44
67
64
59
33
39
79
74
46
29
57
38
33
68
78
50
93
51
70
68
59
33
39
73
74
43
62
52
63
38
74
44
43
45
61
50
45
24
62
44
39
56
65
69
71
30
31
43
53
38
87
94
65
54
41
47
63
48
67
31
33
39
86
57
65
74
54
61
68
45
56
68
93
55
45
90
51
33
90
58
47
44
40
82
26
39
52
55
59
44
40
38
52
39
79
79
24
57
30
23
73
62
39
45
65
34
31
95
44
34
65
34
44
64
25
39
61
88
70
52
71
75
47
47
32
41
61
68
64
77
68
35
77
39
50
78
53
72
73
37
65
48
86
89
46
47
80
69
72
74
40
82
60
61
66
59
43
44
43
66
86
44
48
42
54
69
57
88
75
22
38
52
49
88
47
49
90
72
58
54
53
51
49
39
71
67
64
50
43
31
62
51
43
92
61
56
72
60
32
86
52
49
94
74
39
52
45
63
83
62
78
77
58
92
43
89
84
53
71
28
57
77
67
43
53
37
38
61
81
60
67
48
54
39
87
45
37
86
42
42
55
55
57
37
38
44
67
41
44
37
52
70
92
47
55
32
24
38
84
43
62
63
58
41
50
84
54
59
53
79
26
96
95
95
63
23
73
44
40
39
47
41
36
90
61
69
49
91
63
71
71
87
95
38
39
38
65
36
40
48
54
61
40
52
22
43
51
45
67
46
57
77
41
24
34
61
36
69
74
23
28
50
67
81
63
73
45
54
66
51
60
52
79
61
63
35
55
46
30
55
74
73
42
55
41
40
62
31
43
74
47
50
35
52
31
68
53
73
86
45
74
52
50
81
48
68
40
36
61
80
43
90
36
77
82
45
57
38
41
58
38
45
61
96
44
41
71
41
94
36
45
58
88
91
95
38
68
44
54
88
80
45
44
64
62
54
47
38
40
32
34
50
24
36
47
70
49
36
64
88
44
44
85
46
38
58
26
46
30
54
62
48
53
39
64
86
63
70
63
48
63
39
39
60
81
60
81
80
89
49
74
48
37
60
68
68
59
67
54
58
39
92
67
42
53
76
94
78
51
67
33
71
44
45
39
86
29
42
54
85
83
72
70
74
46
77
61
44
71
42
61
49
81
48
61
50
48
47
53
82
40
82
57
67
49
73
50
40
45
57
40
55
82
81
67
52
37
65
93
46
86
54
21
33
35
93
73
45
88
41
90
51
71
34
46
34
29
80
38
52
84
50
64
38
31
81
42
59
55
63
54
94
54
50
43
45
53
47
96
48
29
38
93
80
92
83
91
25
91
57
53
70
47
33
96
35
56
68
48
66
49
29
38
85
85
50
57
89
72
36
45
55
39
44
62
35
29
86
75
75
72
82
61
38
90
24
29
45
70
87
46
51
60
74
69
54
52
52
74
70
34
69
67
90
88
36
86
64
42
46
90
38
39
45
57
58
47
78
65
78
94
51
71
37
69
52
52
47
84
60
45
61
41
89
86
41
38
50
84
76
43
95
64
96
59
54
95
28
55
71
44
46
43
42
31
56
43
69
43
49
79
57
59
90
50
44
76
34
48
55
89
88
84
55
82
20
56
92
42
47
80
37
68
59
44
62
81
84
63
31
68
80
44
85
24
41
49
51
36
64
75
50
62
95
71
74
25
94
57
59
55
36
55
95
34
35
34
65
50
37
81
50
80
81
64
90
90
41
71
71
90
84
69
51
75
87
82
91
96
43
56
37
30
76
67
38
45
42
39
56
52
78
41
69
69
33
92
46
54
33
59
50
79
93
72
49
36
83
82
85
90
30
46
93
74
24
91
50
22
66
44
86
25
76
43
57
66
42
94
43
38
53
93
59
29
91
80
85
65
54
85
59
37
61
56
49
51
46
38
87
64
44
68
55
83
43
80
53
79
53
80
83
61
84
41
89
76
43
87
84
32
65
30
65
69
40
57
59
59
72
54
39
30
86
72
88
58
55
80
83
45
38
56
77
35
33
82
38
48
35
32
55
67
58
56
73
40
91
39
18
80
54
65
30
69
75
50
73
69
64
93
66
74
50
49
50
52
62
85
72
54
81
79
53
50
52
87
71
31
49
55
52
45
74
51
36
74
33
89
92
92
50
79
40
80
84
66
60
39
30
53
93
74
32
52
86
47
32
79
80
88
49
78
42
85
58
75
54
44
33
53
34
49
38
53
42
61
58
41
40
92
68
71
89
58
60
45
70
39
94
51
33
39
56
95
39
82
45
44
43
64
48
60
81
71
55
58
90
70
37
64
52
31
40
78
57
33
27
75
28
74
41
45
51
64
63
71
70
44
39
66
73
68
85
69
51
74
69
45
58
90
87
41
75
87
91
31
43
54
62
72
74
82
59
40
55
34
52
79
62
48
53
50
67
24
59
31
28
69
33
84
53
40
45
33
79
80
94
76
69
34
47
40
68
47
66
74
43
37
59
74
46
41
46
69
45
73
40
68
27
34
78
31
59
29
67
65
85
49
92
94
54
38
40
34
24
66
67
70
48
66
73
64
34
64
47
90
84
36
50
56
45
34
39
55
82
35
77
22
41
78
93
56
58
68
64
67
64
54
76
49
83
67
50
48
94
66
79
47
82
39
69
41
92
80
41
45
41
80
80
55
68
50
88
53
79
54
54
74
79
37
68
57
56
63
39
53
85
37
21
80
68
69
82
35
76
54
82
76
50
72
79
77
47
94
45
19
68
50
43
59
81
59
51
76
25
46
47
61
25
34
43
39
57
54
46
36
42
73
31
68
55
62
88
59
66
84
89
96
52
46
47
80
90
81
78
51
65
60
45
48
33
52
73
95
67
31
43
78
36
51
73
68
34
65
53
38
38
50
35
72
77
90
92
84
39
45
50
63
82
61
39
55
49
51
65
45
28
66
67
92
27
31
89
50
68
51
25
56
58
37
36
52
77
44
61
62
96
53
91
67
76
64
43
93
79
88
88
60
28
86
56
60
53
75
81
35
49
70
89
84
42
78
71
72
74
64
58
46
34
41
53
41
53
50
47
37
54
75
33
64
56
68
35
46
80
57
43
46
83
33
73
55
56
54
93
50
86
52
38
50
65
41
74
87
56
76
56
70
67
90
41
78
39
64
31
54
65
53
59
46
51
38
83
62
87
64
35
59
48
90
35
63
38
36
89
35
81
63
39
86
81
53
23
49
75
44
47
58
59
96
43
56
92
55
45
63
76
63
60
46
67
96
61
72
90
56
52
42
73
30
66
39
89
37
54
26
40
43
83
90
82
56
93
46
41
88
79
45
42
64
65
34
29
30
50
63
67
71
58
90
35
44
55
38
64
86
41
42
67
75
37
33
74
37
45
73
55
30
69
77
56
84
68
51
45
35
60
81
73
69
25
46
86
78
71
64
60
95
73
55
71
63
83
30
85
76
58
52
65
44
70
57
43
95
96
67
75
29
48
76
42
36
58
31
46
87
56
51
82
48
80
53
45
41
71
86
85
48
51
35
82
34
60
41
36
90
62
83
50
42
61
55
30
29
77
44
59
90
38
38
93
87
36
75
86
79
66
49
66
61
61
69
37
46
56
59
71
25
82
56
82
60
93
46
58
44
54
23
42
49
55
39
62
22
42
48
48
77
90
83
33
46
41
51
60
78
68
81
53
48
75
29
45
59
47
44
32
36
65
55
31
33
95
47
60
50
48
34
67
69
26
56
89
87
47
46
66
84
43
63
87
83
29
44
39
58
66
62
49
53
55
42
69
47
49
79
23
58
23
64
80
39
72
78
69
67
54
88
31
77
96
71
73
89
51
50
40
57
67
41
69
71
78
50
48
24
73
52
96
49
29
72
45
59
55
79
44
65
80
71
60
44
29
67
84
26
40
56
58
79
35
41
75
45
56
67
87
96
43
49
42
85
82
56
58
66
48
49
54
59
64
41
71
66
79
71
71
55
39
81
31
83
65
37
38
27
96
78
60
67
48
48
82
73
76
41
61
34
44
45
92
70
86
39
76
60
83
43
51
49
54
56
52
67
47
45
91
39
34
51
79
60
44
38
69
45
57
92
35
48
47
68
83
49
69
33
63
88
69
38
49
64
52
36
45
55
49
64
69
50
79
51
44
40
39
52
48
61
72
90
39
61
62
53
89
45
92
34
82
83
62
92
42
41
37
48
78
60
91
24
44
72
49
37
32
50
82
33
42
42
51
65
41
49
73
37
61
80
74
42
44
41
72
34
74
26
71
73
75
43
32
40
64
46
79
73
71
60
57
31
62
75
36
43
77
85
59
59
75
76
95
46
96
56
24
60
21
74
38
39
64
67
24
64
45
42
82
40
56
26
69
71
52
49
34
77
27
45
79
37
40
54
42
69
37
33
41
54
33
42
60
57
83
80
84
24
94
58
94
91
72
60
81
91
87
27
47
89
82
93
54
92
74
53
42
59
58
40
87
45
26
76
58
42
52
68
29
31
31
44
59
49
53
52
51
78
41
39
82
74
34
60
49
21
47
46
84
63
89
62
62
28
60
48
32
48
51
57
37
45
32
54
78
41
33
45
37
45
76
52
50
91
30
43
71
60
41
66
79
32
67
62
90
92
72
42
50
42
47
55
93
57
48
75
21
84
64
77
51
33
88
80
40
54
66
55
32
33
36
48
96
94
66
25
47
46
52
64
54
37
46
70
78
55
73
36
51
50
56
90
59
90
52
61
39
43
32
56
49
32
31
53
29
57
91
48
40
54
38
54
47
46
93
51
58
37
92
64
31
91
78
73
58
67
62
80
96
61
31
55
61
87
50
83
81
29
78
34
88
62
86
62
30
44
67
93
86
51
33
48
73
92
75
53
41
39
48
69
32
47
59
58
50
50
64
84
43
44
51
55
89
71
62
93
49
45
67
68
44
40
36
55
49
40
87
46
56
38
60
51
52
22
53
51
85
70
52
80
43
45
57
45
52
67
51
45
73
49
50
83
56
51
30
52
57
80
33
95
80
53
46
65
76
88
71
32
40
56
67
91
45
66
66
31
47
28
45
54
47
70
41
45
45
26
61
61
91
42
56
31
33
59
34
35
72
57
63
63
49
93
68
96
66
51
62
85
93
87
73
55
90
33
71
39
87
47
48
49
43
45
73
38
48
55
81
44
83
53
87
62
49
38
42
31
61
53
29
96
53
33
51
70
28
76
87
46
38
81
89
40
38
63
48
43
71
49
43
46
41
42
58
44
53
42
64
53
51
84
44
24
86
66
51
78
35
53
88
34
30
49
54
57
86
36
51
74
76
54
57
49
71
81
16
