3000
97
44
52
44
83
53
57
42
72
36
94
96
54
57
31
85
87
62
77
68
52
84
42
96
66
93
60
41
79
72
76
37
65
50
61
76
91
34
50
31
85
44
50
71
35
46
59
58
58
56
61
47
29
34
62
85
57
71
84
77
69
57
59
75
35
40
83
70
47
68
68
62
46
50
81
33
56
36
60
45
76
55
34
94
67
40
38
28
25
28
41
72
97
60
68
53
82
73
37
97
70
89
91
82
70
67
75
76
67
70
31
31
47
32
59
36
68
85
94
93
30
58
64
49
43
69
53
76
64
97
86
64
48
59
62
77
50
40
71
39
63
60
68
43
44
41
43
46
38
52
26
68
73
38
87
78
47
58
79
35
49
78
74
73
53
48
68
90
55
39
33
70
34
76
49
83
35
58
33
51
46
33
91
88
40
68
56
34
42
69
43
90
37
51
39
48
49
50
38
56
43
25
80
40
96
36
41
39
90
66
61
82
78
63
63
71
49
67
60
47
58
46
53
38
35
89
71
93
45
82
93
39
59
37
44
60
66
71
60
36
97
74
93
64
88
81
40
72
50
48
50
69
63
30
58
53
52
47
90
75
56
59
42
68
59
73
55
33
49
63
72
82
47
34
71
48
47
83
45
47
61
59
34
63
73
68
72
86
79
59
54
59
60
78
46
51
78
44
48
54
44
65
52
61
64
90
57
67
45
90
62
32
82
77
76
40
67
90
51
61
27
50
91
42
49
46
58
97
76
80
52
62
74
67
83
41
95
68
36
50
46
93
78
38
86
65
85
67
88
62
35
89
73
56
64
77
53
54
71
92
80
36
88
35
94
56
23
37
53
80
69
97
38
79
48
30
57
81
75
55
74
84
77
58
50
70
49
95
75
38
70
93
69
31
38
80
69
75
45
46
93
54
67
63
93
37
66
20
39
57
62
79
65
63
54
33
47
61
43
59
65
73
76
59
65
75
62
38
79
58
43
75
61
46
61
38
49
37
83
83
97
49
76
42
48
62
71
86
33
40
44
35
53
61
75
27
31
39
66
45
90
85
45
52
80
56
79
74
58
56
43
87
84
60
75
59
69
70
35
50
71
91
43
62
95
45
85
35
70
36
52
65
49
62
35
45
42
65
67
73
45
77
65
70
73
49
41
95
61
48
68
66
60
60
40
69
53
53
77
50
36
56
76
81
31
63
64
44
44
54
42
94
79
65
76
32
48
40
84
77
62
94
63
62
62
50
75
40
56
94
90
67
97
69
46
67
53
47
88
40
51
70
63
49
78
36
74
64
33
29
64
46
34
77
59
62
48
36
91
40
77
89
43
54
33
73
82
55
64
41
69
75
89
60
54
75
41
32
86
43
81
92
77
88
73
71
58
41
47
50
85
68
94
89
67
85
67
32
56
68
48
41
29
76
63
62
67
81
74
86
34
49
34
48
21
52
42
58
77
69
94
73
33
29
44
56
47
54
53
70
25
62
60
52
51
55
60
70
53
40
30
53
52
65
97
34
52
49
83
49
72
62
39
53
30
38
86
73
82
39
67
39
97
38
37
52
73
86
77
39
52
60
66
49
65
87
73
56
54
37
50
48
47
70
49
53
71
92
78
46
89
73
63
33
96
85
56
88
89
93
76
65
50
43
55
37
72
61
40
47
89
87
97
34
36
67
43
32
95
49
47
66
43
90
82
59
70
40
66
45
37
56
52
45
38
31
71
84
80
54
35
80
61
35
60
43
58
59
95
40
94
64
85
58
68
78
80
93
44
82
97
87
47
38
48
61
63
57
37
52
44
70
45
57
32
89
63
63
52
39
78
59
86
42
53
51
65
31
78
97
66
50
75
88
57
69
39
78
87
40
79
50
49
48
51
49
79
31
85
37
57
50
32
35
30
52
78
91
49
83
51
68
85
56
58
81
81
88
56
69
34
82
49
68
59
75
24
56
41
44
60
34
61
43
47
72
63
57
45
94
79
64
68
67
48
42
41
63
80
41
32
40
87
82
59
32
52
63
53
34
85
30
67
65
68
46
35
55
65
30
43
51
42
49
70
44
53
42
60
44
75
33
63
38
45
44
60
81
36
75
47
87
74
53
47
28
69
58
68
43
64
66
36
77
61
90
34
54
96
29
53
27
38
55
47
45
63
51
43
60
92
91
27
65
51
47
72
56
37
40
62
58
73
62
39
55
67
44
66
36
89
51
44
54
58
33
36
93
60
78
76
40
65
76
67
56
78
25
59
34
38
48
77
48
30
64
58
95
68
64
82
43
66
88
44
77
47
47
71
79
90
95
39
72
88
97
23
70
42
45
45
63
35
64
46
45
79
31
96
55
50
89
55
49
71
84
85
41
48
41
30
40
85
97
40
48
54
88
91
97
68
83
39
50
49
42
48
57
76
64
91
46
35
55
51
71
86
42
96
73
40
27
43
64
26
55
36
27
57
27
84
64
33
84
80
24
74
46
89
52
55
67
44
62
96
42
66
58
25
52
54
30
33
50
44
35
35
44
73
54
64
86
38
45
46
45
76
84
90
33
58
67
50
83
46
22
41
65
28
55
85
57
40
42
69
36
87
51
77
25
31
53
76
74
44
40
79
54
76
37
57
66
37
53
49
86
56
90
31
61
84
85
58
35
90
32
58
79
43
70
47
62
61
67
58
29
96
84
43
95
56
58
59
74
68
49
36
65
73
61
44
58
35
66
61
90
53
76
51
41
50
42
52
55
55
40
26
56
74
74
82
47
29
72
64
63
44
54
52
76
63
40
78
60
44
81
63
44
39
59
38
44
68
44
62
70
52
29
41
46
58
68
64
55
95
45
56
35
42
53
44
27
47
61
75
74
34
93
73
63
91
44
94
96
29
60
66
82
58
49
42
73
74
91
47
62
40
32
45
71
60
73
48
97
82
64
79
40
84
27
91
86
91
53
50
80
87
54
91
62
49
58
44
47
64
45
82
65
45
57
56
37
27
70
45
47
68
51
85
87
49
49
38
75
55
28
82
74
83
76
40
49
64
44
35
51
51
60
82
50
91
80
72
56
89
86
26
82
32
60
45
78
71
33
36
77
26
29
80
60
46
74
79
85
72
57
37
55
58
59
36
95
71
64
57
36
63
72
50
44
54
67
51
53
67
31
42
33
71
97
63
75
41
65
93
44
46
60
47
51
53
50
92
90
62
38
74
19
56
68
87
43
52
72
49
28
48
55
91
32
42
46
44
76
37
41
34
39
40
87
78
64
33
97
71
80
96
44
49
74
60
59
33
44
57
61
67
46
68
45
61
47
36
54
60
28
57
32
36
32
61
66
41
85
79
78
73
36
39
81
49
78
48
59
95
84
70
81
86
67
54
96
40
51
66
36
42
36
44
74
73
27
85
65
70
45
39
63
62
50
78
94
60
79
32
96
44
88
43
64
60
35
68
75
72
55
79
29
44
52
90
53
93
91
60
39
35
58
41
78
59
62
63
45
92
38
81
70
47
37
30
75
25
48
35
43
46
74
59
44
45
36
49
93
42
80
62
52
79
95
41
47
46
50
85
81
49
54
50
95
30
61
48
31
54
48
97
86
73
78
72
54
37
57
71
61
39
91
84
59
25
76
73
40
77
45
40
75
89
89
42
74
55
63
60
83
71
45
55
40
42
93
29
96
74
45
44
90
51
59
53
41
45
65
83
80
95
37
66
48
61
97
47
33
44
54
58
70
58
60
65
45
57
92
75
56
73
54
54
47
64
46
72
49
65
69
82
95
48
62
61
55
77
45
72
55
41
58
64
61
79
53
76
33
57
51
47
57
58
67
38
31
89
51
48
38
51
64
47
49
73
40
64
72
54
91
34
58
80
37
36
48
26
57
83
45
50
30
97
83
53
63
78
71
45
42
53
26
60
41
84
84
32
78
92
62
61
47
66
52
94
41
40
28
37
78
38
25
87
92
90
32
91
77
95
69
60
63
39
56
60
72
55
73
54
61
53
66
44
84
45
84
50
23
49
94
32
51
76
92
61
62
79
67
86
68
36
35
58
64
65
47
80
39
89
24
52
81
45
75
59
64
48
53
53
53
39
41
83
67
79
36
36
46
81
91
43
57
41
67
68
38
88
61
81
83
94
38
68
55
58
38
56
77
50
83
66
63
77
71
68
61
87
74
81
63
23
96
71
82
97
64
42
56
55
72
32
63
52
93
54
84
65
56
52
49
68
46
46
66
52
36
62
70
60
81
62
82
82
60
95
85
58
68
41
90
36
60
56
69
62
31
85
81
41
79
53
89
47
46
88
45
65
84
92
57
29
26
96
41
68
92
65
38
52
93
77
64
47
69
65
47
68
52
97
53
43
39
59
50
40
21
57
87
40
48
55
75
49
73
63
43
61
49
68
89
42
52
34
81
80
44
35
37
81
43
35
36
31
78
46
53
50
93
93
88
54
76
47
93
68
76
58
96
81
47
53
42
86
82
66
93
88
49
69
55
52
35
72
80
49
39
29
40
54
66
41
44
39
63
50
38
49
51
73
97
38
34
33
37
74
47
52
33
27
79
45
75
97
54
61
59
43
30
53
60
93
59
70
82
52
31
54
29
45
92
51
57
63
43
42
64
51
36
38
91
49
86
65
48
59
72
68
55
84
49
57
54
51
77
57
32
80
52
40
32
59
59
35
46
51
51
62
45
68
77
78
79
50
46
43
40
37
38
83
75
90
50
93
35
71
76
93
31
96
86
42
48
42
60
65
46
30
67
61
36
42
23
64
32
60
58
69
54
34
50
86
78
29
77
61
47
76
21
66
48
38
54
61
55
44
55
82
33
54
75
76
64
61
42
53
73
51
62
32
95
26
54
37
34
82
75
46
38
58
34
32
40
22
70
92
60
92
62
95
48
72
36
50
51
30
91
35
37
62
70
70
22
71
39
80
44
56
30
37
42
82
70
26
48
88
50
34
56
73
66
73
54
81
46
46
42
67
35
48
70
53
49
38
70
59
65
55
62
46
39
42
88
62
51
59
48
83
70
66
39
50
77
93
77
77
73
58
96
43
97
70
77
74
58
62
50
34
69
60
65
43
57
74
41
73
36
66
33
72
37
48
95
32
32
94
22
50
97
64
51
84
69
95
65
60
87
47
62
78
62
43
83
57
55
58
90
49
81
62
42
44
53
87
60
50
80
69
75
67
58
33
51
57
47
27
68
38
54
93
58
33
64
87
42
47
46
48
42
54
62
52
39
58
35
58
75
81
58
62
78
65
72
54
56
54
33
93
90
61
76
82
92
56
56
61
66
39
96
42
89
57
50
41
51
47
60
46
60
57
63
36
31
69
90
43
48
44
87
67
78
88
90
78
56
75
70
50
52
47
62
72
51
87
49
52
80
82
64
47
50
83
91
40
47
29
74
51
49
51
96
63
50
74
66
33
97
51
39
77
48
44
39
63
36
65
33
69
84
71
87
53
44
63
46
62
93
46
76
57
85
53
29
45
86
47
72
41
97
52
85
37
73
69
79
63
57
67
54
46
86
44
76
62
44
56
59
83
90
75
60
42
87
38
62
59
77
24
41
33
57
88
97
72
72
42
95
82
59
55
53
51
32
40
34
72
49
97
55
56
43
60
55
95
51
40
71
31
39
55
57
57
93
97
56
50
47
51
51
34
64
61
30
52
40
73
49
55
41
39
85
61
72
42
52
52
55
54
42
78
72
31
53
28
71
43
36
57
97
68
41
57
77
45
52
67
55
74
56
58
70
87
34
66
65
37
44
73
65
87
44
50
62
91
44
69
44
55
86
84
36
52
49
48
52
84
66
88
54
96
38
49
79
61
38
64
52
79
53
77
58
89
95
60
47
84
63
96
95
52
32
47
57
34
76
44
48
96
52
70
70
72
83
36
37
33
49
50
54
59
55
91
57
62
60
89
84
26
31
60
54
47
51
53
86
51
74
60
70
61
25
95
48
52
36
57
65
57
43
64
30
58
51
64
63
80
50
51
47
36
48
45
83
55
52
54
49
48
94
76
77
40
80
69
47
85
48
31
49
88
49
42
51
73
57
96
49
84
25
40
79
34
53
82
72
40
43
73
41
45
31
65
49
54
65
51
53
72
46
69
50
57
35
65
72
86
85
94
59
55
91
30
45
35
72
53
54
34
96
39
61
26
50
63
46
27
81
56
37
47
90
33
47
67
56
67
58
52
56
45
38
48
97
47
93
81
25
26
62
45
25
69
72
58
34
59
82
39
79
54
58
39
34
43
73
59
96
77
34
88
64
51
76
44
39
29
46
59
52
50
58
64
55
54
34
61
93
51
38
63
38
66
47
70
51
38
36
50
46
53
86
93
33
57
35
58
30
65
39
39
49
54
60
97
65
95
55
91
66
46
84
51
43
91
45
80
53
40
30
61
45
78
61
68
68
64
51
47
50
45
52
55
85
63
80
89
68
78
65
33
54
35
92
45
85
63
71
30
79
59
35
37
48
51
41
57
85
54
56
64
69
79
43
66
41
66
68
76
64
56
96
72
53
24
92
48
80
40
30
49
45
64
52
39
42
33
75
70
83
49
45
52
68
58
26
81
46
81
32
85
83
61
83
51
52
59
53
97
74
85
31
23
41
44
76
28
78
74
55
80
40
66
74
61
82
29
78
39
46
34
74
74
56
28
86
79
86
54
51
49
35
41
56
77
54
72
54
45
46
53
70
59
41
66
57
38
54
37
48
90
23
81
54
80
61
86
32
73
47
81
66
92
50
71
68
73
75
52
48
64
85
35
40
40
42
88
30
58
29
49
49
39
67
78
54
80
