3000
98
79
50
61
38
36
49
45
75
96
52
54
88
64
66
45
32
97
64
87
32
42
58
25
61
23
66
64
74
60
52
54
43
95
85
86
55
82
56
71
42
63
57
64
39
84
87
32
88
47
53
73
61
77
37
41
82
94
66
46
24
24
67
81
78
73
90
59
67
89
29
56
70
58
52
89
60
67
39
38
69
21
84
48
48
85
74
55
44
70
90
50
45
28
46
80
73
50
71
57
45
91
54
47
68
95
94
51
96
59
50
34
86
73
73
49
87
39
86
55
52
89
46
85
38
51
56
70
55
69
65
37
77
62
80
90
25
80
86
52
48
88
61
42
59
24
68
80
41
72
65
78
54
68
71
93
70
75
55
70
52
88
74
65
62
39
58
77
30
72
38
62
51
55
74
53
66
73
51
53
40
56
42
50
50
42
31
41
62
72
66
90
50
52
50
40
88
59
58
42
81
36
78
46
58
45
90
50
72
50
94
49
93
41
79
73
45
85
56
55
87
40
97
70
36
29
88
76
70
92
26
42
41
47
58
49
83
71
60
82
92
93
90
44
42
41
81
38
78
59
18
51
66
67
41
41
43
43
43
32
47
93
21
39
79
81
43
27
63
50
49
61
38
46
93
57
92
30
97
98
92
61
90
57
97
91
57
38
43
48
34
53
39
91
46
67
47
80
42
56
68
80
58
75
57
41
49
80
68
78
84
81
58
67
47
87
83
61
49
81
58
47
48
55
50
43
96
85
53
73
31
43
63
48
56
32
71
60
32
61
39
34
39
39
47
49
52
53
31
81
56
57
53
33
50
89
74
35
69
88
94
84
33
67
33
60
32
39
45
74
97
24
42
77
49
43
65
82
68
72
64
85
54
56
65
44
43
54
39
54
62
97
46
78
63
40
47
90
53
83
63
49
65
75
42
78
53
61
55
50
44
80
79
66
41
27
68
43
85
71
27
92
56
61
39
57
49
51
90
35
73
96
63
64
54
44
66
94
47
63
45
40
26
76
57
35
67
90
59
84
94
56
46
52
65
34
55
94
94
38
47
59
96
31
53
32
80
81
49
43
39
37
79
64
67
57
78
61
75
32
93
65
96
56
28
37
50
38
85
40
75
57
95
63
34
25
75
40
60
63
40
44
68
55
50
48
79
33
50
73
47
62
56
36
79
60
51
36
49
85
46
82
79
74
64
21
35
36
92
63
93
78
56
62
49
49
64
61
53
51
67
65
62
46
64
47
40
76
80
69
55
41
39
44
54
93
31
35
97
53
30
98
52
32
37
45
62
38
68
77
43
58
48
67
82
28
92
63
54
73
69
70
60
74
73
47
61
82
55
75
78
54
52
48
75
59
35
43
50
96
55
57
58
32
37
43
42
61
77
39
40
29
92
54
50
58
67
66
98
90
70
37
69
86
29
87
75
58
71
89
50
32
86
77
48
36
35
65
80
89
73
88
85
54
50
75
39
36
89
88
59
49
83
51
76
46
70
55
73
84
45
96
89
77
36
63
98
75
70
67
42
37
64
62
64
61
42
44
53
71
45
53
78
46
39
76
55
46
40
64
45
65
33
36
77
76
71
42
41
37
54
26
37
44
56
53
39
60
57
71
63
67
85
90
50
56
67
67
63
77
93
79
30
67
62
73
23
60
49
38
38
68
79
63
91
59
61
58
35
60
49
83
60
33
33
37
51
63
52
35
37
96
44
97
56
90
96
72
62
32
44
94
57
78
74
60
55
63
51
86
66
68
40
40
49
43
67
72
45
68
47
55
76
64
58
57
98
41
39
94
94
43
62
73
55
36
63
86
73
51
55
56
48
34
45
32
95
40
88
38
31
44
56
43
45
62
56
56
71
58
78
59
51
44
27
39
60
93
43
84
38
35
69
46
86
71
96
73
49
58
42
62
71
52
61
53
37
27
74
45
64
57
52
84
45
72
80
78
53
46
56
64
40
42
46
44
63
72
40
59
81
40
51
46
39
66
47
41
41
38
40
29
39
64
53
30
74
55
45
93
50
83
40
46
55
93
57
65
59
63
41
37
78
56
72
48
85
36
69
33
80
73
69
48
31
51
58
39
51
62
82
33
66
66
60
54
69
40
66
71
54
96
79
67
46
59
52
87
39
46
54
77
59
64
48
49
67
56
51
78
90
88
77
60
82
65
67
41
98
45
33
43
93
52
85
48
77
86
63
72
53
44
58
68
96
54
56
63
35
41
44
39
90
59
57
85
67
87
76
76
49
68
65
79
66
67
44
60
63
89
78
38
72
73
70
43
60
48
64
43
66
37
88
31
51
89
98
97
36
52
55
91
31
45
51
85
66
67
56
40
80
30
49
43
53
44
73
94
42
71
69
51
87
70
55
84
27
36
40
86
62
44
62
50
67
63
64
27
82
51
74
28
87
48
68
66
89
55
51
68
75
35
47
51
64
46
67
77
45
64
59
39
39
51
70
35
62
82
36
55
43
35
50
88
49
97
39
36
65
32
82
87
81
31
30
34
42
73
32
73
37
49
77
38
45
92
56
51
43
46
32
57
68
50
27
42
36
89
23
86
59
34
74
92
28
41
87
80
83
59
76
77
43
83
54
46
45
58
75
50
44
57
34
48
33
46
89
60
72
63
80
37
53
76
46
85
47
91
41
39
63
57
50
35
57
58
95
60
85
28
60
35
42
77
78
74
32
76
64
71
48
64
91
53
73
66
48
84
51
57
45
45
37
73
40
30
46
44
49
62
77
80
95
54
57
59
79
60
41
62
90
51
71
44
66
47
53
73
81
64
37
57
76
49
48
59
66
41
47
55
68
67
79
56
65
69
66
64
59
81
39
63
60
92
81
53
59
63
57
49
97
87
75
80
42
70
37
87
42
82
78
92
49
77
80
76
70
93
67
72
78
78
45
47
77
74
84
35
65
63
68
90
63
86
68
53
53
70
47
42
84
76
55
49
69
62
48
57
85
51
77
88
64
96
38
48
92
98
31
67
43
63
88
52
21
93
36
35
77
63
74
65
47
42
60
71
38
37
39
72
56
72
46
60
50
73
83
89
31
37
32
25
32
54
75
52
57
66
65
55
54
62
90
87
76
49
83
73
50
41
58
51
80
71
57
66
58
66
61
68
27
33
48
92
93
49
75
41
53
71
47
46
88
37
49
59
92
73
61
57
48
44
75
69
95
54
45
40
55
54
96
98
49
94
98
31
70
42
42
46
98
42
36
81
35
90
65
49
71
81
59
42
25
51
95
86
42
85
85
65
91
38
91
76
46
87
40
64
45
70
54
41
84
41
57
53
84
79
64
67
86
74
51
64
71
58
74
50
43
71
89
80
58
60
51
77
70
51
75
88
45
34
65
41
45
83
53
32
67
57
64
53
60
62
55
47
30
64
52
66
56
44
74
31
79
59
47
77
85
42
42
93
46
69
63
68
48
50
58
51
69
82
77
94
53
75
91
89
66
61
26
53
74
43
33
35
42
70
31
77
36
64
37
93
32
51
88
97
75
53
64
59
60
63
44
33
53
54
49
53
83
52
41
87
81
47
45
68
67
63
93
31
41
59
92
54
46
67
98
67
85
59
68
70
76
66
55
42
37
38
48
86
64
91
41
64
88
58
39
71
48
57
62
48
53
57
42
74
71
75
52
98
53
39
33
66
49
52
68
92
80
68
62
50
52
41
52
74
74
81
27
28
48
52
49
29
69
57
74
77
58
44
58
59
76
53
53
94
65
78
53
54
86
75
40
29
32
39
58
67
82
76
58
68
98
78
60
38
72
87
27
56
65
67
73
45
95
37
74
92
58
54
54
80
33
66
42
75
73
40
50
39
81
61
69
52
36
58
51
31
58
79
83
31
35
58
41
52
31
89
41
30
45
55
77
72
61
85
98
90
43
41
50
44
36
58
81
43
66
57
80
50
42
62
73
93
86
51
78
50
47
94
84
56
68
63
31
77
51
49
33
70
51
61
45
58
67
53
47
82
45
30
38
41
76
62
73
94
90
74
87
90
82
73
57
49
65
67
56
53
47
65
55
92
51
31
91
97
52
96
64
41
49
75
76
45
80
56
32
28
74
43
61
27
68
53
60
55
89
56
47
95
45
65
47
68
78
83
45
40
69
76
69
34
84
94
62
37
41
97
75
86
74
33
55
41
55
55
82
87
35
79
38
77
76
57
89
33
67
46
38
41
61
94
53
46
51
84
50
60
43
26
59
70
57
66
61
72
28
50
59
57
34
89
91
69
38
60
52
74
38
96
23
61
50
82
77
73
56
54
61
45
70
38
73
76
59
68
58
40
31
42
91
38
47
87
56
75
73
58
26
74
49
89
69
59
49
96
62
44
37
45
70
53
44
64
67
43
79
57
84
56
24
84
45
47
69
38
54
93
98
98
64
58
83
85
57
40
38
56
38
36
45
56
37
53
81
73
71
69
81
67
67
39
35
36
65
81
49
74
70
50
39
64
49
96
35
35
83
53
46
89
93
54
95
73
88
59
88
61
54
97
52
70
42
52
73
31
63
65
65
42
47
58
98
26
48
68
27
40
90
44
60
40
70
51
41
79
79
63
78
40
64
45
73
41
89
81
36
30
50
47
71
36
70
41
48
92
55
40
79
67
40
85
31
61
41
69
63
96
78
57
31
47
69
45
31
60
38
94
31
88
98
64
42
60
38
78
46
54
51
27
67
56
25
87
36
83
26
49
77
37
97
68
59
75
90
49
46
86
39
43
24
66
79
53
86
42
50
43
36
49
57
62
40
87
53
62
38
83
78
36
45
62
96
44
59
71
58
27
94
52
45
93
47
70
85
55
80
84
26
34
89
54
57
78
67
36
82
74
40
40
64
51
40
34
86
79
38
37
62
63
65
62
65
38
40
84
44
95
50
60
63
71
69
43
71
81
69
64
55
60
49
38
63
70
72
53
37
83
63
47
47
68
40
34
48
89
65
59
40
65
39
83
42
36
80
44
67
49
72
40
55
63
30
65
98
42
84
82
56
81
45
85
74
75
44
32
77
46
84
98
56
97
76
25
55
64
43
93
53
57
59
42
88
59
38
63
32
96
52
44
34
76
92
36
85
90
55
47
70
69
52
45
31
82
42
81
53
70
47
30
57
94
24
40
54
57
72
54
42
40
67
54
74
55
74
58
52
75
96
40
50
50
94
54
90
56
61
52
67
49
42
49
91
84
43
83
96
37
63
35
70
42
51
33
62
96
50
47
79
80
48
81
50
71
59
55
73
45
48
90
48
66
58
48
98
96
48
63
62
67
32
87
54
90
33
44
60
88
46
87
75
93
59
75
89
89
70
77
88
50
50
71
66
46
40
71
61
55
64
97
50
30
47
87
87
58
95
46
59
91
35
77
71
88
40
67
64
61
95
36
31
38
75
41
95
65
30
92
40
29
48
42
67
70
65
51
92
53
41
51
92
95
36
79
69
76
83
47
94
66
92
64
38
33
62
53
25
78
40
96
23
93
47
38
83
73
41
43
55
50
77
82
72
53
54
84
93
17
51
84
62
81
32
91
87
66
51
61
63
76
61
51
53
50
19
58
31
50
88
93
41
78
65
55
59
97
68
85
81
84
57
74
50
92
84
70
37
55
72
39
65
75
44
76
57
61
30
36
68
50
88
47
67
32
80
40
56
34
65
31
61
80
57
54
72
51
72
53
69
77
86
73
98
43
61
61
80
45
87
36
96
51
49
80
60
58
86
55
67
37
66
94
36
56
77
43
77
54
77
43
51
88
46
34
77
97
92
49
64
42
26
60
70
29
66
43
38
53
79
44
79
52
45
40
35
61
44
65
91
91
69
47
82
51
66
55
94
60
41
42
34
87
73
83
60
37
32
92
58
49
58
59
68
83
35
47
85
36
42
45
55
84
40
68
47
38
40
59
20
80
75
77
54
36
73
59
87
98
56
82
45
69
34
52
57
52
50
65
49
91
58
53
67
39
74
92
26
81
46
90
46
58
89
80
42
40
89
56
25
53
93
25
80
30
54
79
52
62
58
60
98
35
59
67
91
86
32
96
91
58
27
58
30
56
86
49
62
51
29
83
61
35
88
55
85
89
83
52
36
60
92
49
53
34
87
63
35
60
36
53
85
56
48
55
32
64
54
77
71
55
87
41
39
67
97
45
39
46
31
57
53
56
68
53
98
61
27
74
46
41
89
65
26
41
42
30
26
78
76
35
60
39
43
88
52
65
57
49
48
41
74
45
59
20
70
60
88
87
52
96
60
51
54
57
90
37
69
45
82
75
93
47
54
58
62
55
32
76
67
73
60
72
56
51
72
84
74
66
62
28
75
68
64
45
91
87
74
41
32
39
73
21
47
72
61
44
57
44
30
57
85
82
38
45
78
92
42
64
46
48
51
51
58
57
42
37
45
54
61
40
47
51
86
58
94
67
75
89
35
33
56
58
58
69
34
60
41
76
41
46
73
53
47
45
60
76
59
73
39
42
83
64
52
43
63
80
52
88
52
48
64
68
57
86
58
39
71
90
41
40
52
59
52
64
43
56
53
27
56
53
63
45
67
34
43
86
50
89
88
72
76
61
53
90
85
23
20
81
46
76
65
36
95
88
63
39
83
97
94
80
36
64
41
35
46
45
39
44
86
63
69
82
73
74
49
58
56
81
36
79
40
47
67
51
34
24
60
63
65
44
52
63
79
69
35
43
71
46
70
65
57
45
68
62
45
38
52
75
53
55
96
92
49
53
84
54
75
66
51
72
87
82
80
48
84
34
51
42
35
98
77
41
39
51
45
32
62
54
59
