3000
99
38
79
47
38
38
34
50
49
41
48
72
61
82
32
98
85
91
49
58
30
34
94
52
92
37
43
98
66
26
65
89
68
57
38
58
58
51
48
38
43
60
78
29
32
45
47
37
58
29
56
76
41
65
74
66
42
60
43
62
20
45
59
75
97
94
83
72
32
58
91
42
29
50
50
32
33
91
98
30
68
54
62
95
48
50
76
48
51
61
42
89
27
45
22
36
36
95
60
89
40
44
55
26
77
76
57
96
77
23
54
51
47
99
40
93
67
53
91
58
47
50
57
74
61
33
86
31
83
69
86
47
57
82
85
64
73
53
88
38
62
55
68
74
39
77
51
45
36
74
49
53
42
32
60
55
81
39
79
85
56
65
80
68
39
76
84
62
66
99
86
74
63
34
78
78
56
49
51
50
77
77
51
75
34
31
58
30
35
66
59
48
60
53
46
54
91
48
80
59
60
81
49
88
72
80
72
39
47
39
38
63
94
76
31
53
52
81
75
76
37
43
54
73
47
46
71
69
83
77
66
24
30
55
67
93
75
55
52
65
90
38
65
74
53
52
32
84
56
92
59
79
52
66
57
48
48
74
54
44
76
70
71
79
89
46
73
39
84
66
86
67
48
89
53
46
39
80
58
43
43
85
30
73
35
47
49
88
80
72
74
45
76
96
76
60
39
77
49
52
73
47
64
82
51
40
93
46
33
59
69
72
72
63
95
91
55
90
98
44
37
74
93
69
93
28
98
99
37
66
35
62
93
47
65
82
56
63
96
26
40
65
70
59
44
48
66
52
42
72
81
45
72
57
42
56
96
38
54
53
39
86
64
57
28
83
92
53
38
42
74
41
37
74
37
86
70
51
71
43
30
81
26
83
98
77
80
56
59
43
75
71
57
44
82
34
28
73
67
73
88
57
86
79
40
49
98
64
80
71
51
54
59
57
42
46
86
76
75
63
53
62
58
90
77
50
67
28
95
34
47
76
42
40
88
57
67
54
35
35
69
46
45
64
67
61
68
53
42
92
71
96
58
74
31
71
32
76
71
98
67
61
93
44
67
56
65
42
30
48
66
67
63
52
58
35
44
50
65
67
53
32
67
39
85
51
50
28
50
59
96
43
37
80
37
64
68
65
31
37
83
61
75
93
62
54
82
62
41
45
48
52
50
61
62
54
30
47
67
45
89
36
46
40
30
58
52
59
33
57
41
58
48
70
82
53
67
94
78
28
79
47
46
66
42
40
83
49
54
48
49
33
40
49
36
86
85
77
70
36
47
44
39
78
97
61
69
87
52
91
45
75
98
53
37
73
63
87
40
67
23
74
85
29
72
58
37
57
54
64
97
69
57
20
46
39
99
68
91
92
27
60
98
84
57
44
51
81
50
99
58
90
58
45
90
84
93
39
82
79
88
32
77
65
23
40
60
67
90
44
38
77
59
57
74
77
35
53
25
64
89
60
37
64
80
90
83
36
79
77
50
88
48
30
72
55
38
93
57
37
60
73
83
38
55
46
31
61
57
38
45
92
64
77
98
88
56
70
33
40
49
59
90
93
89
88
80
83
89
36
80
40
49
51
63
74
50
41
53
41
27
80
53
90
57
59
92
87
42
47
59
75
72
98
64
70
45
24
71
37
92
59
96
70
68
62
74
98
68
89
54
60
70
37
39
49
64
48
35
35
70
82
45
36
59
61
45
53
81
79
69
74
71
67
48
69
34
29
82
99
48
60
77
88
57
38
36
92
68
30
40
40
78
44
38
95
91
89
83
70
70
68
72
41
78
61
90
77
57
63
74
99
50
44
83
35
52
57
58
52
23
70
47
57
66
71
43
48
63
67
87
32
27
77
85
35
46
39
91
26
91
84
60
89
66
49
62
62
83
44
85
87
78
43
85
70
53
57
95
89
53
40
40
40
65
45
43
34
59
95
87
60
35
53
58
61
96
84
90
50
74
32
83
19
67
77
66
54
51
54
52
52
77
70
72
71
86
86
80
50
73
60
47
74
69
25
76
40
82
33
65
55
44
47
48
71
37
37
22
65
43
28
36
97
40
72
26
75
66
52
74
91
53
94
78
59
66
71
71
83
40
76
52
48
80
65
45
54
71
61
48
55
45
38
32
69
44
34
32
59
85
74
60
39
59
40
50
79
82
65
63
37
61
55
56
92
88
77
80
76
33
36
65
65
77
46
80
62
91
33
28
34
42
68
57
58
35
49
37
77
96
52
91
61
81
58
70
55
77
31
87
33
86
61
76
90
81
58
90
59
59
58
99
54
92
86
59
50
50
61
41
86
67
61
72
97
67
72
53
87
45
71
55
74
76
55
32
43
42
52
48
67
66
63
92
53
59
52
74
45
71
40
93
59
63
52
62
97
56
50
45
89
25
38
63
96
95
53
37
93
72
87
85
50
66
36
79
55
67
69
55
51
84
29
65
76
96
47
52
71
71
82
86
48
62
84
40
39
78
82
62
69
49
33
43
55
28
49
85
98
60
34
41
63
98
54
99
23
32
48
63
34
61
61
94
42
43
34
38
46
43
37
70
58
44
41
78
47
94
55
52
31
42
60
24
61
42
76
82
72
50
94
40
65
27
69
53
75
58
77
38
45
81
39
45
59
61
47
84
76
33
80
41
32
89
79
39
60
75
53
36
89
63
54
62
47
75
38
47
93
98
89
33
55
92
55
72
46
67
52
63
67
56
70
71
66
40
94
75
35
25
46
48
63
53
45
43
28
49
86
83
34
71
74
69
42
46
31
71
38
82
57
97
57
54
52
46
58
42
83
46
50
50
64
64
57
33
73
42
37
82
32
48
52
62
37
53
62
43
97
58
44
32
31
58
58
44
44
65
89
64
53
46
69
47
59
93
42
31
54
83
94
50
94
51
49
68
56
97
66
62
41
69
49
97
73
71
78
55
65
62
53
43
62
99
63
89
36
94
49
49
66
58
34
79
71
51
65
84
81
53
36
77
45
64
95
99
35
95
22
92
43
83
91
41
78
49
60
68
56
93
47
93
45
44
57
53
47
62
52
71
99
33
71
58
55
43
77
40
97
52
58
62
35
73
39
93
61
86
40
55
31
72
50
95
35
48
61
44
51
69
49
96
85
33
95
81
32
46
58
54
61
49
79
88
64
66
46
34
56
49
44
72
68
45
87
90
67
98
84
42
31
58
55
28
54
44
76
57
48
70
58
70
47
86
84
72
74
35
44
89
67
35
51
73
57
53
41
44
41
75
57
40
90
72
74
35
37
89
92
78
96
69
51
40
84
92
66
64
47
25
63
51
57
73
77
72
54
69
87
48
60
57
91
51
32
74
81
85
93
43
76
85
76
83
95
65
26
53
55
54
91
26
52
87
35
42
52
31
89
98
49
39
53
54
32
83
44
42
38
49
41
42
64
42
86
63
42
34
80
88
60
68
54
62
55
40
69
50
55
55
43
46
81
91
58
79
43
44
30
73
33
53
93
58
60
68
74
60
64
52
48
78
71
92
55
26
71
29
36
70
61
91
90
47
60
90
47
97
79
53
88
74
83
49
88
36
71
58
57
82
66
71
56
50
55
58
78
67
82
62
91
46
65
55
84
39
85
55
82
51
29
87
52
49
72
37
41
45
77
42
37
96
40
67
49
52
85
84
67
73
73
39
30
84
83
89
39
36
73
38
64
46
35
47
61
98
33
59
34
80
65
82
79
32
70
52
93
61
34
95
50
96
43
40
57
53
60
41
76
32
40
45
89
31
29
73
85
46
31
41
61
83
72
62
87
65
49
44
48
35
69
67
40
74
78
30
46
99
33
76
40
55
77
99
52
50
50
39
46
50
88
54
35
40
72
33
75
38
99
79
26
76
56
81
79
57
94
91
29
98
46
30
61
51
86
41
46
80
84
37
65
56
44
61
52
82
29
50
65
73
29
41
90
35
58
86
44
72
86
98
48
61
32
48
99
95
65
59
64
54
36
88
72
43
72
30
74
38
44
66
41
26
45
58
66
60
98
48
73
47
42
45
72
94
75
94
74
61
64
42
44
72
33
65
86
89
46
38
43
97
55
63
52
66
47
45
33
42
28
80
90
79
68
96
33
58
73
34
29
32
42
76
69
88
94
60
53
60
91
96
57
56
63
53
80
35
39
65
47
58
63
77
75
93
94
41
51
52
34
70
50
67
34
80
66
35
45
56
63
65
51
82
40
57
53
73
58
33
49
61
59
79
44
74
45
30
65
35
34
94
85
35
64
62
66
55
53
54
33
46
81
57
48
44
31
65
66
51
36
73
81
64
66
40
64
37
43
53
79
26
57
38
66
53
36
62
96
77
37
70
36
73
96
45
51
49
60
89
57
63
47
27
40
98
40
57
67
40
44
54
50
77
65
62
73
65
39
40
36
74
46
26
79
38
91
31
92
61
51
64
86
91
66
44
56
89
54
26
48
78
46
78
67
80
51
83
67
46
43
73
92
55
70
60
32
66
47
77
89
83
50
67
65
92
77
46
32
35
81
40
48
75
97
52
92
52
94
35
45
56
47
29
91
50
38
69
36
47
57
80
67
89
57
29
48
48
96
43
91
92
63
36
74
67
34
95
39
74
92
64
53
94
90
54
69
47
58
50
85
46
46
70
72
63
51
47
48
63
41
61
34
80
35
46
40
92
85
74
38
51
43
28
78
47
48
62
96
60
92
87
67
41
90
37
41
64
45
34
88
71
46
44
47
89
50
82
78
34
91
24
93
99
72
67
50
52
77
56
92
51
90
29
91
46
52
95
58
71
61
73
91
97
39
58
36
31
73
42
57
38
46
68
61
56
77
53
66
56
67
40
61
38
82
32
63
47
36
35
75
41
90
95
54
60
47
96
67
32
79
28
66
85
85
87
26
73
93
39
84
34
43
72
47
60
87
40
41
80
50
44
45
41
46
76
93
45
75
49
71
90
30
89
95
47
53
44
82
66
89
33
23
49
98
96
70
25
91
55
27
34
33
77
80
79
69
58
61
78
74
44
76
31
61
46
70
58
57
46
91
37
46
61
85
47
69
72
81
57
77
48
89
58
97
72
79
37
66
99
58
86
90
58
83
81
63
62
95
50
38
45
29
49
89
65
60
49
39
67
48
82
49
69
93
85
44
30
41
33
70
41
47
67
46
44
84
43
45
82
54
39
50
83
21
33
72
55
52
34
74
63
97
34
33
44
65
44
64
63
98
73
71
60
66
63
66
30
78
58
29
72
52
36
91
80
74
96
35
65
75
90
37
32
75
73
38
36
35
35
43
81
27
38
57
71
96
93
63
50
66
77
55
69
84
35
53
49
50
33
90
50
94
99
91
53
71
50
69
62
64
93
78
54
34
68
82
88
51
71
48
53
55
79
48
50
89
36
36
74
36
54
84
41
89
77
69
43
99
34
81
57
57
40
26
33
91
54
55
57
85
89
77
50
88
62
48
41
45
52
51
60
30
84
82
70
92
43
79
36
62
74
56
46
93
78
62
58
50
33
34
37
73
26
69
55
70
52
47
58
77
45
74
78
38
89
65
58
64
91
31
55
58
37
35
22
91
68
57
75
76
77
73
72
60
68
33
47
32
32
55
75
78
47
46
48
54
69
37
74
65
85
79
95
51
85
84
49
83
89
44
37
38
87
68
71
62
52
30
66
53
74
41
36
60
92
35
68
46
50
63
60
71
79
86
47
81
44
61
74
79
83
59
84
84
41
86
47
82
49
45
50
49
88
76
64
61
62
79
70
60
47
46
57
39
87
35
63
32
89
79
76
50
38
66
56
42
54
29
81
90
39
88
49
42
50
36
88
63
95
79
82
85
37
83
51
98
47
59
45
46
84
95
85
68
48
89
43
73
43
51
36
28
73
31
52
42
95
48
34
97
35
50
53
49
57
66
42
89
67
68
44
44
44
70
30
43
62
62
82
85
31
52
47
79
68
46
39
29
80
72
66
49
72
92
63
60
26
65
80
65
74
55
52
79
67
88
48
49
87
56
65
60
29
52
61
46
49
52
63
96
85
55
78
38
71
87
31
42
68
49
81
61
48
67
36
98
70
45
67
93
77
76
74
88
96
50
56
61
31
49
38
35
87
46
50
86
38
68
64
84
49
69
57
73
65
85
82
36
74
50
67
74
83
39
41
62
63
77
43
54
47
98
95
26
43
90
40
79
56
34
63
60
40
52
86
62
62
58
39
78
81
71
58
52
49
25
21
88
22
53
96
43
42
52
60
46
79
35
40
53
35
60
33
56
62
31
88
46
69
88
48
67
95
72
34
61
54
64
93
71
43
42
56
67
59
91
65
36
71
69
99
68
53
88
73
65
39
51
63
59
70
97
54
44
45
33
75
33
62
68
54
62
53
80
79
79
44
86
92
94
89
66
40
79
42
94
68
81
54
73
58
94
54
55
66
69
59
77
43
73
63
80
58
43
67
61
61
37
37
80
65
33
52
78
73
34
66
57
47
71
88
26
50
43
64
54
39
58
77
95
63
85
91
51
52
97
51
75
87
96
93
68
70
80
53
51
97
83
55
36
52
90
50
54
70
60
69
81
52
55
49
80
35
70
65
87
61
63
54
33
97
54
43
86
33
27
29
45
74
35
81
76
92
39
81
45
82
99
89
46
35
61
54
85
28
60
36
43
51
53
51
66
53
48
74
42
81
73
41
60
49
54
57
76
89
90
99
70
74
89
50
63
30
97
80
73
92
35
98
65
93
40
31
37
62
72
44
99
47
71
94
77
99
28
79
40
45
46
34
76
57
64
51
59
77
47
36
90
59
45
67
