1.000000
1.500000
1.833333
2.083333
2.283333
2.450000
2.592857
2.717857
2.828968
2.928968
3.019877
3.103211
3.180134
3.251562
3.318229
3.380729
3.439553
3.495108
3.547740
3.597740
3.645359
3.690813
3.734292
3.775958
3.815958
3.854420
3.891457
3.927171
3.961654
3.994987
4.027245
4.058495
4.088798
4.118210
4.146781
4.174559
4.201586
4.227902
4.253543
4.278543
4.302933
4.326743
4.349999
4.372726
4.394948
4.416687
4.437964
4.458797
4.479205
4.499205
4.518813
4.538044
4.556912
4.575430
4.593612
4.611469
4.629013
4.646255
4.663204
4.679870
4.696264
4.712393
4.728266
4.743891
4.759276
4.774427
4.789352
4.804058
4.818551
4.832837
4.846921
4.860810
4.874509
4.888022
4.901356
4.914514
4.927501
4.940321
4.952979
4.965479
4.977825
4.990020
5.002068
5.013973
5.025738
5.037366
5.048860
5.060224
5.071459
5.082571
5.093560
5.104429
5.115182
5.125820
5.136346
5.146763
5.157072
5.167277
5.177378
5.187378
