1.000000
1.501000
2.129000
2.717333
3.311667
3.909333
4.452333
5.114333
5.692333
6.323333
6.880333
7.510000
8.131333
8.677000
9.348667
9.754333
10.620667
11.155333
11.673333
12.358667
12.946000
13.528667
14.139667
14.805333
15.420333
15.950000
16.611000
17.366333
17.815000
18.362333
18.980000
19.563667
20.264000
20.970000
21.695667
21.733000
22.606333
23.147000
23.936333
24.445333
24.974667
25.700333
26.274000
26.876667
27.538667
28.371667
28.844667
29.523000
29.835333
30.314333
31.492000
32.033000
32.180667
32.824667
33.584333
34.496000
35.273667
35.612667
36.274667
36.699333
37.567667
37.822000
38.889000
39.365667
39.940000
40.718667
41.201333
41.876667
42.559667
43.193333
44.010333
44.288000
44.621000
44.917667
46.398000
46.419000
47.016000
47.651333
48.719333
48.792000
49.827000
50.369000
50.733667
51.492333
51.886000
52.196333
53.757333
53.644667
54.068333
55.208667
55.872667
56.381667
57.253667
57.286667
58.005667
58.080667
59.321000
60.174667
60.862667
61.635333
