1.000000
1.499000
1.871000
2.193667
2.422000
2.642000
2.829333
2.943000
3.079667
3.163000
3.278333
3.370333
3.506667
3.578333
3.614667
3.797333
3.802333
3.813000
3.935000
3.962333
4.031333
4.054000
4.150667
4.101000
4.195000
4.244333
4.260333
4.291000
4.370667
4.429333
4.451667
4.480000
4.522667
4.545000
4.640667
4.664333
4.690667
4.696667
4.699667
4.754667
4.764000
4.732667
4.801333
4.827667
4.824000
4.838667
4.957667
4.937000
5.003000
5.016333
4.921667
4.966333
5.072667
5.059000
5.113667
5.044667
5.059333
5.114333
5.130667
5.166333
5.173000
5.202667
5.203000
5.196667
5.236333
5.239667
5.257000
5.302333
5.313667
5.324667
5.314667
5.340000
5.334000
5.468667
5.375667
5.380000
5.438333
5.432667
5.454667
5.442000
5.469000
5.484000
5.548000
5.519667
5.558333
5.616000
5.563667
5.600000
5.680333
5.616000
5.632000
5.635667
5.639333
5.698333
5.660000
5.725667
5.679333
5.662333
5.750000
5.736333
