1.000000
1.491875
2.104125
2.723125
3.317250
3.918500
4.506750
5.099000
5.688875
6.268250
6.860375
7.534750
8.124875
8.700000
9.327250
9.864250
10.524000
11.124000
11.643875
12.301500
13.023250
13.539875
14.165750
14.706125
15.332375
16.100000
16.589750
17.149375
17.863625
18.447500
19.023000
19.599250
20.199125
20.904375
21.487375
22.109000
22.662000
23.360750
23.753000
24.413625
25.197500
25.815750
26.423250
27.085500
27.637875
28.383250
28.702125
29.325875
29.919625
30.546125
31.322500
31.763375
32.185875
32.924375
33.622000
34.272500
34.977250
35.403000
36.086000
36.908000
37.499875
37.938625
38.733375
39.556000
39.898750
40.426125
40.834750
41.552750
42.515750
42.729375
43.470125
44.293875
44.970875
45.284125
46.159000
46.295750
47.237250
47.480375
48.276125
49.025125
49.927000
49.938375
50.996500
51.556750
52.177625
52.606125
53.282875
54.181875
54.422625
54.940125
55.743375
56.237875
57.065375
57.628250
57.909375
58.442500
59.564375
59.992000
60.498375
61.293625
