1.000000
1.511800
2.109800
2.718000
3.298200
3.907000
4.481000
5.084400
5.744400
6.299600
6.932000
7.502000
8.061600
8.711000
9.253800
9.856200
10.530600
11.138200
11.688800
12.289800
12.965600
13.579800
14.275200
14.738400
15.394000
16.112600
16.577000
17.318400
17.832800
18.490000
19.172200
19.526600
20.035200
20.859800
21.368800
22.030600
22.660600
23.388200
23.857400
24.631800
25.040200
25.504600
26.463800
26.837200
27.362000
28.107800
28.916000
29.356200
29.890800
30.534000
31.364000
31.661000
32.331000
33.182400
33.717400
34.296200
34.816200
35.492000
36.217000
36.624200
37.364400
38.019800
38.718000
39.212600
39.621200
40.531000
40.791600
41.898400
42.201400
42.899800
43.593800
43.964400
44.285400
45.356600
45.941800
46.315600
47.278400
47.611600
48.400200
48.584800
49.668400
50.163400
50.861400
51.625800
52.312200
52.777000
53.277200
54.031600
54.569600
55.307400
55.500600
56.811600
56.790600
58.045400
58.153600
59.148600
59.549400
59.738200
60.353000
61.008400
