1.000000
1.488200
1.890200
2.191000
2.436400
2.616400
2.802000
2.960600
3.053000
3.194000
3.282800
3.402200
3.517200
3.613800
3.656000
3.743800
3.765400
3.842400
3.901400
3.996800
3.988400
4.064000
4.101000
4.154400
4.189400
4.224800
4.302600
4.292800
4.369600
4.391200
4.401400
4.498600
4.557400
4.558400
4.573000
4.626000
4.652000
4.674800
4.746200
4.771000
4.760600
4.871400
4.775000
4.858000
4.892200
4.900800
4.904600
4.933200
4.957400
4.972600
4.946200
5.046200
5.019800
5.065800
5.077400
5.138800
5.093600
5.124000
5.143200
5.160800
5.171000
5.197800
5.210600
5.191800
5.289200
5.262400
5.314000
5.282000
5.380600
5.311600
5.344200
5.382600
5.421400
5.409200
5.443400
5.436400
5.411000
5.465600
5.467800
5.493200
5.440800
5.530200
5.500000
5.549800
5.514600
5.534400
5.559000
5.592800
5.581000
5.599400
5.641800
5.600800
5.628200
5.623400
5.712000
5.618800
5.702800
5.731200
5.727200
5.752400
