1.000000
1.508125
1.895875
2.181750
2.414500
2.604625
2.782125
2.947125
3.084250
3.219875
3.312875
3.370000
3.494125
3.591000
3.636375
3.720250
3.774125
3.864875
3.925625
3.980500
3.987875
4.079500
4.115500
4.176000
4.217000
4.244125
4.312250
4.350625
4.364750
4.423875
4.472750
4.494125
4.520000
4.565250
4.559000
4.601250
4.653500
4.672125
4.735375
4.713000
4.759875
4.768625
4.806875
4.815125
4.844375
4.853750
4.913125
4.956125
4.965625
5.007750
4.977125
5.037375
5.069125
5.054125
5.076125
5.076000
5.118500
5.164875
5.160500
5.148375
5.162250
5.198000
5.241125
5.203125
5.263625
5.266250
5.282250
5.351625
5.289250
5.354875
5.367000
5.394125
5.357875
5.431375
5.388250
5.446625
5.429500
5.490500
5.488500
5.496000
5.471750
5.529875
5.524500
5.522375
5.551500
5.538500
5.542625
5.588125
5.578875
5.616250
5.603625
5.690375
5.672000
5.677500
5.661250
5.732500
5.663375
5.742500
5.748875
5.749125
